Rule,Discrimination Score,Pos Robustness,Neg Robustness,Percent Class +,Percent Class -,TP,TN,FP,FN,Actual Yes,Actual No,Predicted Yes,Predicted No,TPR/Sens,TNR/Spec,FPR,Precision,Accuracy,MCR
"G[0,1](Chloride >= 0.000 & HCO3 >= 0.000)
",9999999.000,9999999.000,0.000,1.000,0.000,21,0,0,0,21,0,21,0,1.0,0.0,0.0,1.0,1.0,0.0
"G[0,1](HCO3 < 0.000 -> SepsisLabel = 0.000)
",9999999.000,9999999.000,0.000,1.000,0.000,21,0,0,0,21,0,21,0,1.0,0.0,0.0,1.0,1.0,0.0
"G[1,1]((SBP >= 5.383 -> WBC <= 5.706) | Phosphate <= 4.986)
",2807122845589314.500,4.986,0.000,1.000,0.000,21,0,0,0,21,0,21,0,1.0,0.0,0.0,1.0,1.0,0.0
"G[0,1]((Alkalinephos <= 19.107 & O2Sat >= 58.334) -> EtCO2 <= 96.242)
",9999999.000,9999999.000,0.000,1.000,0.000,21,0,0,0,21,0,21,0,1.0,0.0,0.0,1.0,1.0,0.0
"G[0,0](MAP >= 21.520 -> TroponinI <= 0.951)
",-1.384,-91.113,0.000,1.000,0.000,21,0,0,0,21,0,21,0,1.0,0.0,0.0,1.0,1.0,0.0
"G[0,1](((MAP >= 38.479 | WBC <= 10.610) & Bilirubin_direct >= 0.943) -> Lactate >= 0.567)
",9999999.000,9999999.000,0.000,1.000,0.000,21,0,0,0,21,0,21,0,1.0,0.0,0.0,1.0,1.0,0.0
"G[0,0](AST < 95.991 -> SepsisLabel = 0.000)
",-95.991,-95.991,0.000,1.000,0.000,21,0,0,0,21,0,21,0,1.0,0.0,0.0,1.0,1.0,0.0
"G[1,1](HR >= 45.692 -> SepsisLabel = 0.000)
",0.000,0.000,0.000,1.000,0.000,21,0,0,0,21,0,21,0,1.0,0.0,0.0,1.0,1.0,0.0
"G[0,1](((Hgb >= 1.507 | Resp <= 30.669) | Potassium <= 29.310) | AST >= 20.845)
",9999999.000,9999999.000,0.000,1.000,0.000,21,0,0,0,21,0,21,0,1.0,0.0,0.0,1.0,1.0,0.0
"G[0,0](Magnesium < 2.101 -> SepsisLabel = 0.000)
",-4730379382675614.000,-2.101,0.000,1.000,0.000,21,0,0,0,21,0,21,0,1.0,0.0,0.0,1.0,1.0,0.0
"G[1,1](EtCO2 < 0.000 -> SepsisLabel = 0.000)
",0.000,0.000,0.000,1.000,0.000,21,0,0,0,21,0,21,0,1.0,0.0,0.0,1.0,1.0,0.0
"G[0,0](((Calcium >= 0.202 & pH <= 1.247) & WBC <= 4.969) -> Bilirubin_direct >= 0.029)
",-0.334,-0.138,0.000,1.000,0.000,21,0,0,0,21,0,21,0,1.0,0.0,0.0,1.0,1.0,0.0
"G[0,0](SaO2 <= 62.209 & SepsisLabel = 0.000)
",-0.407,-28.095,0.000,1.000,0.000,21,0,0,0,21,0,21,0,1.0,0.0,0.0,1.0,1.0,0.0
"G[0,0](((pH >= 0.001 -> WBC <= 13.406) | Magnesium >= 1.185) | TroponinI >= 0.122)
",0.186,0.152,0.000,1.000,0.000,21,0,0,0,21,0,21,0,1.0,0.0,0.0,1.0,1.0,0.0
"G[1,1](Chloride >= 0.000 & HCO3 >= 0.000)
",0.000,0.000,0.000,1.000,0.000,21,0,0,0,21,0,21,0,1.0,0.0,0.0,1.0,1.0,0.0
"G[0,0](Bilirubin_direct >= 0.000 -> SepsisLabel = 0.000)
",-0.406,-0.153,0.000,1.000,0.000,21,0,0,0,21,0,21,0,1.0,0.0,0.0,1.0,1.0,0.0
"G[1,1](SepsisLabel >= 0.000 -> SepsisLabel = 0.000)
",0.000,0.000,0.000,1.000,0.000,21,0,0,0,21,0,21,0,1.0,0.0,0.0,1.0,1.0,0.0
"G[1,1]((Calcium >= 0.876 -> Magnesium >= 0.147) | Platelets <= 1.215)
",2736075522882074.500,1.215,0.000,1.000,0.000,21,0,0,0,21,0,21,0,1.0,0.0,0.0,1.0,1.0,0.0
"G[0,1]((Hct <= 37.013 | Magnesium <= 1.657) | BUN >= 0.184)
",9999999.000,9999999.000,0.000,1.000,0.000,21,0,0,0,21,0,21,0,1.0,0.0,0.0,1.0,1.0,0.0
"G[0,0](((Calcium <= 3.436 & WBC >= 1.512) | Creatinine <= 10.761) | Bilirubin_direct <= 7.422)
",6057768906213953.000,10.761,0.000,1.000,0.000,21,0,0,0,21,0,21,0,1.0,0.0,0.0,1.0,1.0,0.0
"G[0,1](((Magnesium <= 0.713 | Platelets <= 145.443) | SepsisLabel <= 204.522) & BUN <= 42.331)
",9999999.000,9999999.000,0.000,1.000,0.000,21,0,0,0,21,0,21,0,1.0,0.0,0.0,1.0,1.0,0.0
"G[0,1]((BUN >= 1.516 & Magnesium <= 0.320) -> HCO3 >= 0.020)
",9999999.000,9999999.000,0.000,1.000,0.000,21,0,0,0,21,0,21,0,1.0,0.0,0.0,1.0,1.0,0.0
"G[0,0]((Calcium >= 0.284 | Glucose <= 159.806) & Bilirubin_direct <= 129.680)
",342.668,129.526,0.000,1.000,0.000,21,0,0,0,21,0,21,0,1.0,0.0,0.0,1.0,1.0,0.0
"G[1,1]((Alkalinephos <= 22.814 -> Bilirubin_total <= 2.724) | HCO3 <= 2.639)
",5943285291933262.000,2.639,0.000,1.000,0.000,21,0,0,0,21,0,21,0,1.0,0.0,0.0,1.0,1.0,0.0
"G[0,1](((MAP >= 38.510 & SBP <= 119.277) & Phosphate <= 152.620) -> MAP >= 72.449)
",9999999.000,9999999.000,0.000,1.000,0.000,21,0,0,0,21,0,21,0,1.0,0.0,0.0,1.0,1.0,0.0
"G[0,0]((Hct >= 1.624 | PTT <= 5.444) -> Calcium <= 12.164)
",-3.494,-11.188,0.000,1.000,0.000,21,0,0,0,21,0,21,0,1.0,0.0,0.0,1.0,1.0,0.0
"G[0,0](((O2Sat >= 28.704 & PTT <= 22.190) -> Resp >= 0.025) -> SepsisLabel <= 37.908)
",-0.537,-21.544,0.000,1.000,0.000,21,0,0,0,21,0,21,0,1.0,0.0,0.0,1.0,1.0,0.0
"G[0,0](((PTT <= 6.951 -> SBP >= 99.802) -> Calcium <= 182.361) & Potassium <= 112.211)
",-9.459,-176.313,0.000,1.000,0.000,21,0,0,0,21,0,21,0,1.0,0.0,0.0,1.0,1.0,0.0
"G[0,1]((FiO2 <= 0.000 | SaO2 <= 64.350) | FiO2 <= 69.329)
",9999999.000,9999999.000,0.000,1.000,0.000,21,0,0,0,21,0,21,0,1.0,0.0,0.0,1.0,1.0,0.0
"G[0,0](((Phosphate <= 0.000 | SBP >= 52.870) | AST <= 121.277) | PTT >= 8.530)
",4267058530065658.500,121.277,0.000,1.000,0.000,21,0,0,0,21,0,21,0,1.0,0.0,0.0,1.0,1.0,0.0
"G[0,1](((HR >= 27.745 | Resp >= 6.257) & Alkalinephos >= 3.597) | WBC <= 33.350)
",9999999.000,9999999.000,0.000,1.000,0.000,21,0,0,0,21,0,21,0,1.0,0.0,0.0,1.0,1.0,0.0
"G[0,1]((SepsisLabel <= 0.000 | Potassium <= 1.010) | SepsisLabel >= 0.482)
",9999999.000,9999999.000,0.000,1.000,0.000,21,0,0,0,21,0,21,0,1.0,0.0,0.0,1.0,1.0,0.0
"G[0,0](Chloride >= 0.000 & HCO3 >= 0.000)
",0.000,0.000,0.000,1.000,0.000,21,0,0,0,21,0,21,0,1.0,0.0,0.0,1.0,1.0,0.0
"G[0,1]((Bilirubin_direct <= 0.000 & MAP <= 99.142) -> Magnesium <= 104.608)
",9999999.000,9999999.000,0.000,1.000,0.000,21,0,0,0,21,0,21,0,1.0,0.0,0.0,1.0,1.0,0.0
"G[1,1]((FiO2 >= 0.000 -> Resp >= 10.330) | Resp <= 21.441)
",3017507286429846.000,21.441,0.000,1.000,0.000,21,0,0,0,21,0,21,0,1.0,0.0,0.0,1.0,1.0,0.0
"G[0,1](BaseExcess <= 0.000 | TroponinI >= 0.037)
",9999999.000,9999999.000,0.000,1.000,0.000,21,0,0,0,21,0,21,0,1.0,0.0,0.0,1.0,1.0,0.0
"G[0,0]((Potassium >= 0.387 & Hgb >= 0.180) | Creatinine <= 13.489)
",7593895704788354.000,13.489,0.000,1.000,0.000,21,0,0,0,21,0,21,0,1.0,0.0,0.0,1.0,1.0,0.0
"G[0,0](((WBC >= 0.401 & Bilirubin_total <= 1.951) & WBC <= 1.623) -> MAP >= 0.081)
",-1.380,-105.062,0.000,1.000,0.000,21,0,0,0,21,0,21,0,1.0,0.0,0.0,1.0,1.0,0.0
"G[0,0](Chloride >= 0.000 & Chloride >= 0.000)
",0.408,1.171,0.000,1.000,0.000,21,0,0,0,21,0,21,0,1.0,0.0,0.0,1.0,1.0,0.0
"G[0,1](Chloride >= 0.000 & HCO3 >= 0.000)
",9999999.000,9999999.000,0.000,1.000,0.000,21,0,0,0,21,0,21,0,1.0,0.0,0.0,1.0,1.0,0.0
"G[0,0](Phosphate >= 0.000 -> AST <= 571.107)
",-5023507318622862.000,-571.107,0.000,1.000,0.000,21,0,0,0,21,0,21,0,1.0,0.0,0.0,1.0,1.0,0.0
"G[1,1](((AST <= 534.393 -> Lactate >= 0.000) & Chloride >= 0.000) & Magnesium >= 0.000)
",-534.393,-534.393,0.000,1.000,0.000,21,0,0,0,21,0,21,0,1.0,0.0,0.0,1.0,1.0,0.0
"G[0,1](Chloride >= 0.000 & HCO3 >= 0.000)
",9999999.000,9999999.000,0.000,1.000,0.000,21,0,0,0,21,0,21,0,1.0,0.0,0.0,1.0,1.0,0.0
"G[0,0](((PTT <= 29.947 & WBC <= 3.005) -> Calcium >= 1.547) -> SaO2 <= 2.406)
",-2709289490614765.500,-2.406,0.000,1.000,0.000,21,0,0,0,21,0,21,0,1.0,0.0,0.0,1.0,1.0,0.0
"G[0,1](((Creatinine >= 0.018 & Lactate >= 0.000) | O2Sat <= 0.000) -> EtCO2 >= 0.000)
",9999999.000,9999999.000,0.000,1.000,0.000,21,0,0,0,21,0,21,0,1.0,0.0,0.0,1.0,1.0,0.0
"G[0,1](((O2Sat >= 33.356 & pH <= 6.931) | HCO3 >= 0.141) -> Bilirubin_total <= 5.722)
",9999999.000,9999999.000,0.000,1.000,0.000,21,0,0,0,21,0,21,0,1.0,0.0,0.0,1.0,1.0,0.0
"G[0,0](HR >= 23.743 | PTT <= 17.535)
",2178425085699043.000,31700.257,0.000,1.000,0.000,21,0,0,0,21,0,21,0,1.0,0.0,0.0,1.0,1.0,0.0
"G[0,1](Bilirubin_total <= 0.585 | DBP >= 33.465)
",9999999.000,9999999.000,0.000,1.000,0.000,20,0,0,1,21,0,20,1,0.9523809523809523,0.0,0.0,1.0,0.9523809523809523,0.04761904761904767
"G[0,0](((Bilirubin_total >= 0.057 & Hct <= 46.374) -> SepsisLabel >= 4.596) | Lactate >= 4.087)
",0.386,17.356,0.000,1.000,0.000,20,0,0,1,21,0,20,1,0.9523809523809523,0.0,0.0,1.0,0.9523809523809523,0.04761904761904767
"G[0,0](((Potassium >= 0.181 -> Resp <= 29.848) -> pH >= 18.111) -> AST <= 27.046)
",-3806446919956434.500,-27.046,0.000,1.000,0.000,20,0,0,1,21,0,20,1,0.9523809523809523,0.0,0.0,1.0,0.9523809523809523,0.04761904761904767
"G[1,1](((PTT <= 40.274 & Resp >= 2.154) | Glucose <= 24.985) | pH >= 17.970)
",3516271089941226.000,24.985,0.000,1.000,0.000,20,0,0,1,21,0,20,1,0.9523809523809523,0.0,0.0,1.0,0.9523809523809523,0.04761904761904767
"G[0,1](((pH <= 1.802 | SaO2 >= 1.236) -> Fibrinogen >= 1.180) -> Magnesium >= 1.258)
",9999999.000,9999999.000,0.000,1.000,0.000,19,0,0,2,21,0,19,2,0.9047619047619048,0.0,0.0,1.0,0.9047619047619048,0.09523809523809523
"G[0,1]((Fibrinogen >= 35.599 | TroponinI >= 0.036) -> BUN >= 0.039)
",9999999.000,9999999.000,0.000,1.000,0.000,19,0,0,2,21,0,19,2,0.9047619047619048,0.0,0.0,1.0,0.9047619047619048,0.09523809523809523
"G[0,0](((O2Sat >= 32.506 | Platelets <= 69.891) -> Bilirubin_total <= 122.581) -> AST <= 122.214)
",-4300037770105003.500,-122.214,0.000,1.000,0.000,19,0,0,2,21,0,19,2,0.9047619047619048,0.0,0.0,1.0,0.9047619047619048,0.09523809523809523
"G[1,1](AST <= 274.356 & Potassium <= 2.258)
",5084091569544971.000,2.258,0.000,1.000,0.000,18,0,0,3,21,0,18,3,0.8571428571428571,0.0,0.0,1.0,0.8571428571428571,0.1428571428571429
"G[1,1](HR <= 91.382 & MAP <= 103.889)
",3215213637962530.500,91.382,0.000,1.000,0.000,18,0,0,3,21,0,18,3,0.8571428571428571,0.0,0.0,1.0,0.8571428571428571,0.1428571428571429
"G[0,1]((Bilirubin_total <= 1.776 | TroponinI >= 0.012) -> PTT <= 0.726)
",9999999.000,9999999.000,0.000,1.000,0.000,18,0,0,3,21,0,18,3,0.8571428571428571,0.0,0.0,1.0,0.8571428571428571,0.1428571428571429
"G[0,0]((Alkalinephos >= 0.684 & PaCO2 <= 12.099) | HR >= 0.305)
",8720142910543933.000,31723.695,0.000,1.000,0.000,17,0,0,4,21,0,17,4,0.8095238095238095,0.0,0.0,1.0,0.8095238095238095,0.19047619047619047
"G[0,0]((Glucose <= 98.029 & pH >= 0.041) | HR >= 0.131)
",2906730197059590.500,31723.869,0.000,1.000,0.000,17,0,0,4,21,0,17,4,0.8095238095238095,0.0,0.0,1.0,0.8095238095238095,0.19047619047619047
"G[0,1](((Hct <= 43.562 | Temp >= 2.824) | FiO2 <= 19.424) -> Platelets <= 34.357)
",9999999.000,9999999.000,0.000,1.000,0.000,16,0,0,5,21,0,16,5,0.7619047619047619,0.0,0.0,1.0,0.7619047619047619,0.23809523809523814
"G[0,1](Glucose <= 23.649 | Potassium <= 2.319)
",9999999.000,9999999.000,0.000,1.000,0.000,16,0,0,5,21,0,16,5,0.7619047619047619,0.0,0.0,1.0,0.7619047619047619,0.23809523809523814
"G[0,0](DBP <= 80.625 & SepsisLabel = 0.000)
",-0.551,-36.762,0.000,1.000,0.000,15,0,0,6,21,0,15,6,0.7142857142857143,0.0,0.0,1.0,0.7142857142857143,0.2857142857142857
"G[0,0](((AST <= 431.283 -> SaO2 <= 3.025) & Calcium <= 43.264) -> DBP >= 1.065)
",-1.017,-53.030,0.000,1.000,0.000,15,0,0,6,21,0,15,6,0.7142857142857143,0.0,0.0,1.0,0.7142857142857143,0.2857142857142857
"G[0,1]((Calcium >= 0.846 -> TroponinI >= 0.042) & Hgb <= 0.674)
",9999999.000,9999999.000,0.000,1.000,0.000,15,0,0,6,21,0,15,6,0.7142857142857143,0.0,0.0,1.0,0.7142857142857143,0.2857142857142857
"G[0,1](((DBP <= 90.816 -> Potassium >= 0.196) -> HCO3 >= 0.465) & BUN <= 4.014)
",9999999.000,9999999.000,0.000,1.000,0.000,14,0,0,7,21,0,14,7,0.6666666666666666,0.0,0.0,1.0,0.6666666666666666,0.33333333333333337
"G[0,1](((Potassium <= 5.033 -> SBP <= 169.746) & Lactate <= 145.162) & Lactate <= 109.092)
",9999999.000,9999999.000,0.000,1.000,0.000,14,0,0,7,21,0,14,7,0.6666666666666666,0.0,0.0,1.0,0.6666666666666666,0.33333333333333337
"G[0,1]((Hgb >= 1.254 | SBP <= 158.722) & O2Sat <= 130.715)
",9999999.000,9999999.000,0.000,1.000,0.000,13,0,0,8,21,0,13,8,0.6190476190476191,0.0,0.0,1.0,0.6190476190476191,0.38095238095238093
"G[0,1](Hct <= 19.708 -> O2Sat >= 21.952)
",9999999.000,9999999.000,0.000,1.000,0.000,13,0,0,8,21,0,13,8,0.6190476190476191,0.0,0.0,1.0,0.6190476190476191,0.38095238095238093
"G[1,1]((Calcium >= 0.161 | MAP >= 44.903) | Fibrinogen >= 2.551)
",-0.161,-0.161,0.000,1.000,0.000,12,0,0,9,21,0,12,9,0.5714285714285714,0.0,0.0,1.0,0.5714285714285714,0.4285714285714286
"G[0,1](((DBP >= 20.027 -> SBP >= 53.074) -> SBP >= 61.468) & FiO2 <= 119.941)
",9999999.000,9999999.000,0.000,1.000,0.000,11,0,0,10,21,0,11,10,0.5238095238095238,0.0,0.0,1.0,0.5238095238095238,0.47619047619047616
"G[1,1](((HCO3 >= 0.000 | Calcium <= 6.033) -> Lactate <= 2.916) & MAP >= 0.033)
",-6793034211867709.000,-6.033,0.000,1.000,0.000,11,0,0,10,21,0,11,10,0.5238095238095238,0.0,0.0,1.0,0.5238095238095238,0.47619047619047616
"G[0,1](Creatinine <= 0.314 -> Resp >= 8.940)
",9999999.000,9999999.000,0.000,1.000,0.000,10,0,0,11,21,0,10,11,0.47619047619047616,0.0,0.0,1.0,0.47619047619047616,0.5238095238095238
"G[0,0]((PTT >= 0.335 & MAP >= 19.839) | DBP <= 70.344)
",1.069,35.755,0.000,1.000,0.000,10,0,0,11,21,0,10,11,0.47619047619047616,0.0,0.0,1.0,0.47619047619047616,0.5238095238095238
"G[0,1](SaO2 <= 5.382 & DBP >= 29.737)
",9999999.000,9999999.000,0.000,1.000,0.000,10,0,0,11,21,0,10,11,0.47619047619047616,0.0,0.0,1.0,0.47619047619047616,0.5238095238095238
"G[0,1](((Temp >= 1.852 -> Alkalinephos <= 14.638) | Creatinine >= 5.338) -> Resp >= 0.472)
",9999999.000,9999999.000,0.000,1.000,0.000,10,0,0,11,21,0,10,11,0.47619047619047616,0.0,0.0,1.0,0.47619047619047616,0.5238095238095238
"G[0,1](O2Sat >= 38.584 & Potassium <= 0.870)
",9999999.000,9999999.000,0.000,1.000,0.000,9,0,0,12,21,0,9,12,0.42857142857142855,0.0,0.0,1.0,0.42857142857142855,0.5714285714285714
"G[0,1](((Calcium >= 0.822 -> O2Sat >= 19.142) & MAP >= 32.814) | Calcium >= 70.387)
",9999999.000,9999999.000,0.000,1.000,0.000,8,0,0,13,21,0,8,13,0.38095238095238093,0.0,0.0,1.0,0.38095238095238093,0.6190476190476191
"G[1,1]((DBP >= 46.074 -> SaO2 >= 1.295) | Lactate >= 1.954)
",1.295,1.295,0.000,1.000,0.000,8,0,0,13,21,0,8,13,0.38095238095238093,0.0,0.0,1.0,0.38095238095238093,0.6190476190476191
"G[0,0](HR >= 21.786 -> AST >= 23.797)
",-8714238213518365.000,-31702.214,0.000,1.000,0.000,6,0,0,15,21,0,6,15,0.2857142857142857,0.0,0.0,1.0,0.2857142857142857,0.7142857142857143
"G[0,0]((Alkalinephos <= 42.609 -> Creatinine <= 0.762) & SBP <= 0.409)
",-11.029,-41.260,0.000,1.000,0.000,6,0,0,15,21,0,6,15,0.2857142857142857,0.0,0.0,1.0,0.2857142857142857,0.7142857142857143
"G[1,1](O2Sat <= 93.509 & TroponinI <= 1.038)
",4673025579027442.000,1.038,0.000,1.000,0.000,6,0,0,15,21,0,6,15,0.2857142857142857,0.0,0.0,1.0,0.2857142857142857,0.7142857142857143
"G[1,1](SaO2 >= 1.440 | Temp >= 1.407)
",-6336161162871295.000,-1.407,0.000,1.000,0.000,4,0,0,17,21,0,4,17,0.19047619047619047,0.0,0.0,1.0,0.19047619047619047,0.8095238095238095
"G[0,1]((Hgb >= 1.188 | MAP <= 90.898) & HR >= 13.357)
",9999999.000,9999999.000,0.000,1.000,0.000,4,0,0,17,21,0,4,17,0.19047619047619047,0.0,0.0,1.0,0.19047619047619047,0.8095238095238095
"G[1,1](((HR >= 47.676 & TroponinI <= 0.338) -> Glucose >= 0.018) & Calcium <= 0.216)
",2575124963875549.000,0.018,0.000,1.000,0.000,4,0,0,17,21,0,4,17,0.19047619047619047,0.0,0.0,1.0,0.19047619047619047,0.8095238095238095
"G[1,1](((Creatinine <= 0.707 | TroponinI <= 0.473) | Hct >= 0.032) & WBC >= 0.020)
",-0.020,-0.020,0.000,1.000,0.000,3,0,0,18,21,0,3,18,0.14285714285714285,0.0,0.0,1.0,0.14285714285714285,0.8571428571428572
"G[1,1](Calcium >= 0.927 & HR >= 16.454)
",-4631423274491438.000,-16.454,0.000,1.000,0.000,3,0,0,18,21,0,3,18,0.14285714285714285,0.0,0.0,1.0,0.14285714285714285,0.8571428571428572
"G[1,1](Platelets <= 120.583 -> WBC >= 0.090)
",-120.583,-120.583,0.000,1.000,0.000,3,0,0,18,21,0,3,18,0.14285714285714285,0.0,0.0,1.0,0.14285714285714285,0.8571428571428572
"G[1,1](BUN >= 0.470 | SaO2 >= 0.709)
",-4231726744924709.500,-0.470,0.000,1.000,0.000,3,0,0,18,21,0,3,18,0.14285714285714285,0.0,0.0,1.0,0.14285714285714285,0.8571428571428572
"G[0,0](((Bilirubin_total >= 0.013 | Fibrinogen <= 297.764) | Phosphate <= 559.048) & Hct >= 8.408)
",-37.025,-8.358,0.000,1.000,0.000,2,0,0,19,21,0,2,19,0.09523809523809523,0.0,0.0,1.0,0.09523809523809523,0.9047619047619048
"G[1,1]((Potassium >= 0.419 & PTT <= 43.863) & PaCO2 <= 62.191)
",-0.419,-0.419,0.000,1.000,0.000,2,0,0,19,21,0,2,19,0.09523809523809523,0.0,0.0,1.0,0.09523809523809523,0.9047619047619048
"G[1,1](Lactate >= 0.000 & Bilirubin_total >= 0.261)
",-0.261,-0.261,0.000,1.000,0.000,2,0,0,19,21,0,2,19,0.09523809523809523,0.0,0.0,1.0,0.09523809523809523,0.9047619047619048
"G[1,1](AST <= 428.114 & Platelets >= 21.467)
",-6042389776829516.000,-21.467,0.000,1.000,0.000,2,0,0,19,21,0,2,19,0.09523809523809523,0.0,0.0,1.0,0.09523809523809523,0.9047619047619048
"G[0,0](Platelets <= 106.925 -> WBC >= 0.681)
",-6.716,-102.172,0.000,1.000,0.000,2,0,0,19,21,0,2,19,0.09523809523809523,0.0,0.0,1.0,0.09523809523809523,0.9047619047619048
"G[0,0](Chloride <= 0.000 -> Bilirubin_total >= 0.250)
",-0.400,-0.564,0.000,1.000,0.000,2,0,0,19,21,0,2,19,0.09523809523809523,0.0,0.0,1.0,0.09523809523809523,0.9047619047619048
"G[1,1](BUN <= 15.231 & Creatinine >= 0.094)
",-6785404360811026.000,-0.094,0.000,1.000,0.000,1,0,0,20,21,0,1,20,0.047619047619047616,0.0,0.0,1.0,0.047619047619047616,0.9523809523809523
"G[0,1](Lactate >= 0.000 & Temp >= 6.835)
",9999999.000,9999999.000,0.000,1.000,0.000,1,0,0,20,21,0,1,20,0.047619047619047616,0.0,0.0,1.0,0.047619047619047616,0.9523809523809523
"G[0,0](BUN <= 14.877 & Creatinine >= 0.009)
",-0.273,-24.210,0.000,1.000,0.000,1,0,0,20,21,0,1,20,0.047619047619047616,0.0,0.0,1.0,0.047619047619047616,0.9523809523809523
"G[0,1]((PTT <= 33.917 -> O2Sat <= 89.258) & SaO2 <= 94.741)
",9999999.000,9999999.000,0.000,1.000,0.000,1,0,0,20,21,0,1,20,0.047619047619047616,0.0,0.0,1.0,0.047619047619047616,0.9523809523809523
"G[0,2](BUN <= 9.660 & Creatinine >= 0.055)
",9999999.000,9999999.000,0.000,1.000,0.000,0,0,0,21,21,0,0,21,0.0,0.0,0.0,0.0,0.0,1.0
"G[0,2](BUN >= 0.599 -> Fibrinogen >= 31.001)
",9999999.000,9999999.000,0.000,1.000,0.000,0,0,17,4,4,17,17,4,0.0,0.0,1.0,0.0,0.0,1.0
"G[0,2](((Potassium <= 4.978 | HCO3 >= 0.000) & Phosphate >= 0.000) -> Lactate >= 0.000)
",9999999.000,9999999.000,0.000,1.000,0.000,0,0,21,0,0,21,21,0,0.0,0.0,1.0,0.0,0.0,1.0
"G[2,2](Fibrinogen >= 10.660 -> BUN <= 9.243)
",-9.243,-9.243,0.000,1.000,0.000,0,0,21,0,0,21,21,0,0.0,0.0,1.0,0.0,0.0,1.0
"G[0,1](((Hgb <= 5.009 | Hct <= 15.319) -> WBC >= 1.436) & Platelets >= 18.789)
",9999999.000,9999999.000,0.000,1.000,0.000,0,0,0,21,21,0,0,21,0.0,0.0,0.0,0.0,0.0,1.0
"G[0,2](((PTT <= 67.049 | EtCO2 <= 0.000) & Bilirubin_direct >= 0.000) | Hct >= 0.000)
",9999999.000,9999999.000,0.000,1.000,0.000,0,0,21,0,0,21,21,0,0.0,0.0,1.0,0.0,0.0,1.0
"G[0,2](PaCO2 <= 4.342 | FiO2 >= 0.000)
",9999999.000,9999999.000,0.000,1.000,0.000,0,0,21,0,0,21,21,0,0.0,0.0,1.0,0.0,0.0,1.0
"G[0,2](((MAP <= 72.701 & DBP <= 60.407) | FiO2 >= 47.832) -> MAP >= 36.544)
",9999999.000,9999999.000,0.000,1.000,0.000,0,0,11,10,10,11,11,10,0.0,0.0,1.0,0.0,0.0,1.0
"G[1,2](Resp <= 35.586 -> BaseExcess <= 0.000)
",9999999.000,9999999.000,0.000,1.000,0.000,0,0,21,0,0,21,21,0,0.0,0.0,1.0,0.0,0.0,1.0
"G[0,2](((Hgb <= 15.645 -> MAP <= 95.492) -> Creatinine >= 32.006) -> Hgb >= 23.398)
",9999999.000,9999999.000,0.000,1.000,0.000,0,0,12,9,9,12,12,9,0.0,0.0,1.0,0.0,0.0,1.0
"G[0,2](Chloride >= 0.000 & HCO3 >= 0.000)
",9999999.000,9999999.000,0.000,1.000,0.000,0,0,21,0,0,21,21,0,0.0,0.0,1.0,0.0,0.0,1.0
"G[0,2](((Lactate >= 0.000 & Magnesium <= 1.494) -> Resp <= 0.619) | Bilirubin_total >= 0.194)
",9999999.000,9999999.000,0.000,1.000,0.000,0,0,4,17,17,4,4,17,0.0,0.0,1.0,0.0,0.0,1.0
"G[0,1](Platelets <= 50.088 -> WBC >= 0.762)
",9999999.000,9999999.000,0.000,1.000,0.000,0,0,0,21,21,0,0,21,0.0,0.0,0.0,0.0,0.0,1.0
"G[1,2](((HCO3 >= 0.000 | EtCO2 >= 0.000) & MAP >= 0.000) | Lactate <= 0.000)
",9999999.000,9999999.000,0.000,1.000,0.000,0,0,21,0,0,21,21,0,0.0,0.0,1.0,0.0,0.0,1.0
"G[0,2](SepsisLabel <= 0.000 | Phosphate >= 0.000)
",9999999.000,9999999.000,0.000,1.000,0.000,0,0,21,0,0,21,21,0,0.0,0.0,1.0,0.0,0.0,1.0
"G[2,2](((Platelets <= 39.697 | SaO2 <= 84.224) & Chloride >= 2.075) -> Bilirubin_total >= 2.209)
",2.075,2.075,0.000,1.000,0.000,0,0,21,0,0,21,21,0,0.0,0.0,1.0,0.0,0.0,1.0
"G[0,2](Chloride >= 0.000 & HCO3 >= 0.000)
",9999999.000,9999999.000,0.000,1.000,0.000,0,0,21,0,0,21,21,0,0.0,0.0,1.0,0.0,0.0,1.0
"G[0,2](((BUN <= 10.081 -> SBP <= 175.837) | HCO3 >= 99.511) -> Platelets <= 116.039)
",9999999.000,9999999.000,0.000,1.000,0.000,0,0,16,5,5,16,16,5,0.0,0.0,1.0,0.0,0.0,1.0
"G[0,2]((BUN <= 3.813 -> PaCO2 <= 4.892) & FiO2 <= 19.698)
",9999999.000,9999999.000,0.000,1.000,0.000,0,0,21,0,0,21,21,0,0.0,0.0,1.0,0.0,0.0,1.0
"G[1,2]((O2Sat <= 92.781 & PaCO2 <= 10.307) & Hgb >= 0.065)
",9999999.000,9999999.000,0.000,1.000,0.000,0,0,0,21,21,0,0,21,0.0,0.0,0.0,0.0,0.0,1.0
"G[1,2](((Temp <= 30.458 & WBC <= 10.012) | WBC >= 0.340) | Glucose >= 1.313)
",9999999.000,9999999.000,0.000,1.000,0.000,0,0,19,2,2,19,19,2,0.0,0.0,1.0,0.0,0.0,1.0
"G[0,2](BUN >= 0.157 | Temp >= 7.501)
",9999999.000,9999999.000,0.000,1.000,0.000,0,0,3,18,18,3,3,18,0.0,0.0,1.0,0.0,0.0,1.0
"G[1,2](((Hgb <= 3.298 | Hct <= 33.239) -> WBC >= 0.897) & Platelets >= 9.173)
",9999999.000,9999999.000,0.000,1.000,0.000,0,0,3,18,18,3,3,18,0.0,0.0,1.0,0.0,0.0,1.0
"G[0,2](Alkalinephos <= 57.552 & SBP >= 60.382)
",9999999.000,9999999.000,0.000,1.000,0.000,0,0,9,12,12,9,9,12,0.0,0.0,1.0,0.0,0.0,1.0
"G[0,2](AST >= 29.266 -> SBP >= 27.876)
",9999999.000,9999999.000,0.000,1.000,0.000,0,0,20,1,1,20,20,1,0.0,0.0,1.0,0.0,0.0,1.0
"G[0,2]((Glucose >= 10.422 | Temp >= 2.015) | SepsisLabel >= 1.016)
",9999999.000,9999999.000,0.000,1.000,0.000,0,0,3,18,18,3,3,18,0.0,0.0,1.0,0.0,0.0,1.0
"G[0,2](Bilirubin_total >= 0.256 & Temp >= 7.273)
",9999999.000,9999999.000,0.000,1.000,0.000,0,0,0,21,21,0,0,21,0.0,0.0,0.0,0.0,0.0,1.0
"G[2,2](Platelets <= 29.982 -> WBC >= 0.906)
",-8439232490523892.000,-29.982,0.000,1.000,0.000,0,0,21,0,0,21,21,0,0.0,0.0,1.0,0.0,0.0,1.0
"G[0,1](((AST <= 461.363 | DBP <= 93.117) | Creatinine <= 68.497) -> Creatinine >= 51.249)
",9999999.000,9999999.000,0.000,1.000,0.000,0,0,0,21,21,0,0,21,0.0,0.0,0.0,0.0,0.0,1.0
"G[0,0](HR >= 12.998 & PaCO2 >= 0.261)
",-4708258430399333.000,-0.261,0.000,1.000,0.000,0,0,0,21,21,0,0,21,0.0,0.0,0.0,0.0,0.0,1.0
"G[1,2]((HR >= 1.836 -> SaO2 >= 1.658) & HR >= 1.258)
",9999999.000,9999999.000,0.000,1.000,0.000,0,0,1,20,20,1,1,20,0.0,0.0,1.0,0.0,0.0,1.0
"G[1,2](((BUN >= 1.566 -> DBP <= 56.866) | PTT <= 84.172) & EtCO2 <= 85.119)
",9999999.000,9999999.000,0.000,1.000,0.000,0,0,21,0,0,21,21,0,0.0,0.0,1.0,0.0,0.0,1.0
"G[2,2](((HCO3 <= 0.000 & Potassium >= 0.341) & Phosphate >= 0.017) & Bilirubin_direct <= 5.003)
",-6140752430728242.000,-0.341,0.000,1.000,0.000,0,0,21,0,0,21,21,0,0.0,0.0,1.0,0.0,0.0,1.0
"G[0,2](((AST >= 30.651 -> Temp >= 1.071) | MAP >= 5.971) | MAP >= 2.828)
",9999999.000,9999999.000,0.000,1.000,0.000,0,0,20,1,1,20,20,1,0.0,0.0,1.0,0.0,0.0,1.0
"G[0,1](((O2Sat >= 9.797 -> SaO2 <= 25.695) & Platelets >= 0.275) | SepsisLabel >= 0.586)
",9999999.000,9999999.000,0.000,1.000,0.000,0,0,0,21,21,0,0,21,0.0,0.0,0.0,0.0,0.0,1.0
"G[2,2](Hct >= 2.833 & PTT >= 2.514)
",-6380185976037714.000,-2.833,0.000,1.000,0.000,0,0,21,0,0,21,21,0,0.0,0.0,1.0,0.0,0.0,1.0
"G[1,2]((Alkalinephos <= 12.966 -> Temp <= 13.047) | Glucose <= 9.555)
",9999999.000,9999999.000,0.000,1.000,0.000,0,0,20,1,1,20,20,1,0.0,0.0,1.0,0.0,0.0,1.0
"G[1,2](((AST >= 5.830 -> Glucose >= 12.215) & Temp <= 89.913) -> HR >= 9.957)
",9999999.000,9999999.000,0.000,1.000,0.000,0,0,17,4,4,17,17,4,0.0,0.0,1.0,0.0,0.0,1.0
"G[1,2]((pH >= 0.013 -> Magnesium <= 0.774) | PTT >= 0.200)
",9999999.000,9999999.000,0.000,1.000,0.000,0,0,21,0,0,21,21,0,0.0,0.0,1.0,0.0,0.0,1.0
"G[2,2]((O2Sat >= 3.112 & SBP >= 79.796) | Lactate <= 112.588)
",7922704069996434.000,112.588,0.000,1.000,0.000,0,0,21,0,0,21,21,0,0.0,0.0,1.0,0.0,0.0,1.0
"G[0,2](((Lactate <= 0.000 & Hct <= 44.470) & Calcium <= 39.058) -> Hct <= 48.412)
",9999999.000,9999999.000,0.000,1.000,0.000,0,0,21,0,0,21,21,0,0.0,0.0,1.0,0.0,0.0,1.0
"G[0,2]((HR <= 71.665 -> Magnesium >= 0.235) -> HR <= 0.448)
",9999999.000,9999999.000,0.000,1.000,0.000,0,0,7,14,14,7,7,14,0.0,0.0,1.0,0.0,0.0,1.0
"G[0,1]((O2Sat >= 44.626 | Temp <= 12.799) -> Bilirubin_direct >= 7.111)
",9999999.000,9999999.000,0.000,1.000,0.000,0,0,0,21,21,0,0,21,0.0,0.0,0.0,0.0,0.0,1.0
"G[0,2](Chloride <= 0.000 & Calcium >= 0.256)
",9999999.000,9999999.000,0.000,1.000,0.000,0,0,0,21,21,0,0,21,0.0,0.0,0.0,0.0,0.0,1.0
"G[0,2](Glucose >= 5.779 & Magnesium >= 0.153)
",9999999.000,9999999.000,0.000,1.000,0.000,0,0,0,21,21,0,0,21,0.0,0.0,0.0,0.0,0.0,1.0
"G[2,2](BUN <= 6.507 & Creatinine >= 0.084)
",-3034103149374770.500,-0.084,0.000,1.000,0.000,0,0,21,0,0,21,21,0,0.0,0.0,1.0,0.0,0.0,1.0
"G[0,2]((HR <= 88.621 -> BaseExcess >= 0.000) & BUN >= 0.000)
",9999999.000,9999999.000,0.000,1.000,0.000,0,0,21,0,0,21,21,0,0.0,0.0,1.0,0.0,0.0,1.0
"G[2,2]((SepsisLabel <= 0.000 | Lactate >= 0.000) -> BaseExcess >= 0.000)
",0.000,0.000,0.000,1.000,0.000,0,0,21,0,0,21,21,0,0.0,0.0,1.0,0.0,0.0,1.0
"G[0,2](((Hgb <= 5.283 | Hct <= 35.244) -> WBC >= 1.487) & Platelets >= 12.905)
",9999999.000,9999999.000,0.000,1.000,0.000,0,0,0,21,21,0,0,21,0.0,0.0,0.0,0.0,0.0,1.0
"G[1,2](Platelets <= 77.650 -> WBC >= 0.160)
",9999999.000,9999999.000,0.000,1.000,0.000,0,0,3,18,18,3,3,18,0.0,0.0,1.0,0.0,0.0,1.0
"G[1,2](Temp >= 9.259 -> MAP >= 32.792)
",9999999.000,9999999.000,0.000,1.000,0.000,0,0,20,1,1,20,20,1,0.0,0.0,1.0,0.0,0.0,1.0
"G[0,2](((Temp <= 34.825 | Hgb >= 1.970) -> Phosphate <= 10.320) | Phosphate >= 0.026)
",9999999.000,9999999.000,0.000,1.000,0.000,0,0,21,0,0,21,21,0,0.0,0.0,1.0,0.0,0.0,1.0
"G[2,2]((Temp >= 7.452 | PTT >= 0.092) | Bilirubin_direct <= 38.340)
",5395826575468770.000,38.340,0.000,1.000,0.000,0,0,21,0,0,21,21,0,0.0,0.0,1.0,0.0,0.0,1.0
"G[0,2](((Hgb <= 17.263 | Calcium >= 0.421) & Calcium >= 0.038) | Fibrinogen <= 1.867)
",9999999.000,9999999.000,0.000,1.000,0.000,0,0,19,2,2,19,19,2,0.0,0.0,1.0,0.0,0.0,1.0
"G[0,2]((Alkalinephos >= 3.680 -> HR <= 57.134) | EtCO2 <= 61.008)
",9999999.000,9999999.000,0.000,1.000,0.000,0,0,21,0,0,21,21,0,0.0,0.0,1.0,0.0,0.0,1.0
"G[0,1](BUN <= 13.064 & Creatinine >= 0.035)
",9999999.000,9999999.000,0.000,1.000,0.000,0,0,0,21,21,0,0,21,0.0,0.0,0.0,0.0,0.0,1.0
"G[0,2]((Phosphate >= 0.000 -> Bilirubin_total <= 2.224) -> BUN <= 2.200)
",9999999.000,9999999.000,0.000,1.000,0.000,0,0,19,2,2,19,19,2,0.0,0.0,1.0,0.0,0.0,1.0
"G[1,2]((PTT <= 26.231 | Phosphate >= 0.000) -> O2Sat >= 0.000)
",9999999.000,9999999.000,0.000,1.000,0.000,0,0,21,0,0,21,21,0,0.0,0.0,1.0,0.0,0.0,1.0
"G[2,2](((Magnesium >= 0.135 | Temp <= 30.955) & Hct <= 23.521) | Platelets >= 6.627)
",23.521,23.521,0.000,1.000,0.000,0,0,21,0,0,21,21,0,0.0,0.0,1.0,0.0,0.0,1.0
"G[2,2](((Hgb <= 12.273 | Hct <= 16.342) -> WBC >= 1.699) & Platelets >= 17.222)
",-4847618330264706.000,-17.222,0.000,1.000,0.000,0,0,21,0,0,21,21,0,0.0,0.0,1.0,0.0,0.0,1.0
"G[0,0]((Hct >= 2.116 & MAP <= 58.046) & Glucose <= 122.306)
",-1.375,-67.151,0.000,1.000,0.000,0,0,0,21,21,0,0,21,0.0,0.0,0.0,0.0,0.0,1.0
"G[0,2]((BUN <= 14.315 -> FiO2 <= 0.000) -> DBP <= 0.000)
",9999999.000,9999999.000,0.000,1.000,0.000,0,0,3,18,18,3,3,18,0.0,0.0,1.0,0.0,0.0,1.0
"G[0,1]((WBC >= 0.748 & Resp <= 34.746) | Bilirubin_direct >= 7.751)
",9999999.000,9999999.000,0.000,1.000,0.000,0,0,0,21,21,0,0,21,0.0,0.0,0.0,0.0,0.0,1.0
"G[0,0]((SaO2 <= 86.001 | MAP <= 107.504) -> TroponinI >= 5.338)
",-9.191,-93.168,0.000,1.000,0.000,0,0,0,21,21,0,0,21,0.0,0.0,0.0,0.0,0.0,1.0
"G[1,2]((Platelets <= 163.334 -> PaCO2 <= 13.657) | HCO3 >= 0.514)
",9999999.000,9999999.000,0.000,1.000,0.000,0,0,21,0,0,21,21,0,0.0,0.0,1.0,0.0,0.0,1.0
"G[1,2](((Lactate >= 0.000 -> Potassium >= 0.393) | Fibrinogen >= 0.346) -> BaseExcess >= 0.001)
",9999999.000,9999999.000,0.000,1.000,0.000,0,0,16,5,5,16,16,5,0.0,0.0,1.0,0.0,0.0,1.0
"G[2,2](Platelets <= 72.192 -> WBC >= 1.036)
",-72.192,-72.192,0.000,1.000,0.000,0,0,21,0,0,21,21,0,0.0,0.0,1.0,0.0,0.0,1.0
"G[0,2](((Hgb <= 17.114 | Hct <= 42.248) -> WBC >= 0.193) & Platelets >= 22.740)
",9999999.000,9999999.000,0.000,1.000,0.000,0,0,0,21,21,0,0,21,0.0,0.0,0.0,0.0,0.0,1.0
"G[0,2](Glucose <= 55.825 & HR <= 59.762)
",9999999.000,9999999.000,0.000,1.000,0.000,0,0,4,17,17,4,4,17,0.0,0.0,1.0,0.0,0.0,1.0
"G[0,2](Hct <= 19.791 & Potassium >= 0.259)
",9999999.000,9999999.000,0.000,1.000,0.000,0,0,0,21,21,0,0,21,0.0,0.0,0.0,0.0,0.0,1.0
"G[0,2](((Phosphate >= 0.000 -> HR >= 29.039) | FiO2 <= 73.270) | Chloride <= 79.724)
",9999999.000,9999999.000,0.000,1.000,0.000,0,0,21,0,0,21,21,0,0.0,0.0,1.0,0.0,0.0,1.0
"G[0,1](((O2Sat <= 94.100 & Potassium <= 1.013) -> FiO2 <= 5.008) & BUN >= 0.255)
",9999999.000,9999999.000,0.000,1.000,0.000,0,0,0,21,21,0,0,21,0.0,0.0,0.0,0.0,0.0,1.0
"G[1,2](((FiO2 >= 0.000 | Hgb >= 1.608) -> Resp >= 1.506) | Resp >= 0.386)
",9999999.000,9999999.000,0.000,1.000,0.000,0,0,14,7,7,14,14,7,0.0,0.0,1.0,0.0,0.0,1.0
"G[0,2](((Creatinine <= 0.805 | PaCO2 >= 0.232) -> Hct <= 21.445) -> Lactate >= 0.152)
",9999999.000,9999999.000,0.000,1.000,0.000,0,0,0,21,21,0,0,21,0.0,0.0,0.0,0.0,0.0,1.0
"G[1,1](Fibrinogen <= 164.726 & pH >= 0.023)
",-6679988046639074.000,-0.023,0.000,1.000,0.000,0,0,0,21,21,0,0,21,0.0,0.0,0.0,0.0,0.0,1.0
"G[0,2](Chloride >= 0.000 & HCO3 >= 0.000)
",9999999.000,9999999.000,0.000,1.000,0.000,0,0,21,0,0,21,21,0,0.0,0.0,1.0,0.0,0.0,1.0
"G[0,0](BUN <= 4.672 & Creatinine >= 0.013)
",-0.276,-25.186,0.000,1.000,0.000,0,0,0,21,21,0,0,21,0.0,0.0,0.0,0.0,0.0,1.0
"G[0,1](((Hgb <= 8.316 | Hct <= 20.924) -> WBC >= 0.785) & Platelets >= 3.676)
",9999999.000,9999999.000,0.000,1.000,0.000,0,0,0,21,21,0,0,21,0.0,0.0,0.0,0.0,0.0,1.0
"G[0,2](Platelets <= 153.682 -> WBC >= 0.514)
",9999999.000,9999999.000,0.000,1.000,0.000,0,0,0,21,21,0,0,21,0.0,0.0,0.0,0.0,0.0,1.0
"G[1,1](((Calcium <= 7.284 & SBP >= 12.259) | Calcium <= 177.629) -> Bilirubin_direct >= 103.225)
",-177.629,-177.629,0.000,1.000,0.000,0,0,0,21,21,0,0,21,0.0,0.0,0.0,0.0,0.0,1.0
"G[0,2]((Lactate >= 0.000 & pH <= 5.220) & BUN >= 0.048)
",9999999.000,9999999.000,0.000,1.000,0.000,0,0,0,21,21,0,0,21,0.0,0.0,0.0,0.0,0.0,1.0
"G[0,2](((EtCO2 >= 0.000 & TroponinI >= 0.013) & Chloride >= 0.039) | pH <= 0.208)
",9999999.000,9999999.000,0.000,1.000,0.000,0,0,20,1,1,20,20,1,0.0,0.0,1.0,0.0,0.0,1.0
"G[0,2](HR <= 94.933 & SepsisLabel >= 0.000)
",9999999.000,9999999.000,0.000,1.000,0.000,0,0,20,1,1,20,20,1,0.0,0.0,1.0,0.0,0.0,1.0
"G[0,2](BUN <= 3.047 & Creatinine >= 0.088)
",9999999.000,9999999.000,0.000,1.000,0.000,0,0,0,21,21,0,0,21,0.0,0.0,0.0,0.0,0.0,1.0
"G[0,2](((Hgb <= 6.470 | Hct <= 46.940) -> WBC >= 0.182) & Platelets >= 10.920)
",9999999.000,9999999.000,0.000,1.000,0.000,0,0,0,21,21,0,0,21,0.0,0.0,0.0,0.0,0.0,1.0
"G[1,2](((EtCO2 >= 0.000 & EtCO2 >= 0.000) | HCO3 >= 0.000) & Hct <= 0.000)
",9999999.000,9999999.000,0.000,1.000,0.000,0,0,18,3,3,18,18,3,0.0,0.0,1.0,0.0,0.0,1.0
"G[0,2](Hct <= 28.255 | SBP >= 14.174)
",9999999.000,9999999.000,0.000,1.000,0.000,0,0,20,1,1,20,20,1,0.0,0.0,1.0,0.0,0.0,1.0
"G[1,2](DBP <= 68.972 & Platelets >= 18.735)
",9999999.000,9999999.000,0.000,1.000,0.000,0,0,0,21,21,0,0,21,0.0,0.0,0.0,0.0,0.0,1.0
"G[0,1](Creatinine >= 0.009 & Magnesium <= 1.208)
",9999999.000,9999999.000,0.000,1.000,0.000,0,0,0,21,21,0,0,21,0.0,0.0,0.0,0.0,0.0,1.0
"G[0,2](((BUN <= 15.735 | PaCO2 <= 21.744) | SBP <= 6.663) & Fibrinogen >= 0.459)
",9999999.000,9999999.000,0.000,1.000,0.000,0,0,0,21,21,0,0,21,0.0,0.0,0.0,0.0,0.0,1.0
"G[1,2]((BUN >= 0.476 & Glucose >= 13.195) | Potassium >= 10.230)
",9999999.000,9999999.000,0.000,1.000,0.000,0,0,3,18,18,3,3,18,0.0,0.0,1.0,0.0,0.0,1.0
"G[0,1]((Creatinine >= 0.036 | Hgb >= 1.778) & Calcium >= 1.043)
",9999999.000,9999999.000,0.000,1.000,0.000,0,0,0,21,21,0,0,21,0.0,0.0,0.0,0.0,0.0,1.0
"G[0,2]((Glucose <= 82.401 & Platelets <= 94.776) & SBP <= 42.688)
",9999999.000,9999999.000,0.000,1.000,0.000,0,0,2,19,19,2,2,19,0.0,0.0,1.0,0.0,0.0,1.0
"G[1,2](Creatinine >= 0.118 & WBC >= 0.179)
",9999999.000,9999999.000,0.000,1.000,0.000,0,0,1,20,20,1,1,20,0.0,0.0,1.0,0.0,0.0,1.0
"G[1,2](BUN >= 0.442 & Creatinine <= 0.599)
",9999999.000,9999999.000,0.000,1.000,0.000,0,0,0,21,21,0,0,21,0.0,0.0,0.0,0.0,0.0,1.0
"G[1,2](Platelets <= 135.554 & WBC <= 4.381)
",9999999.000,9999999.000,0.000,1.000,0.000,0,0,18,3,3,18,18,3,0.0,0.0,1.0,0.0,0.0,1.0
"G[0,2]((Hgb <= 16.611 | Magnesium >= 0.208) -> HCO3 <= 1.659)
",9999999.000,9999999.000,0.000,1.000,0.000,0,0,21,0,0,21,21,0,0.0,0.0,1.0,0.0,0.0,1.0
"G[0,2](Glucose <= 156.919 & WBC <= 3.299)
",9999999.000,9999999.000,0.000,1.000,0.000,0,0,15,6,6,15,15,6,0.0,0.0,1.0,0.0,0.0,1.0
"G[0,2](AST <= 546.350 | TroponinI <= 0.446)
",9999999.000,9999999.000,0.000,1.000,0.000,0,0,20,1,1,20,20,1,0.0,0.0,1.0,0.0,0.0,1.0
"G[2,2](((Glucose <= 22.624 | Magnesium <= 1.137) -> pH >= 0.109) | Potassium >= 0.154)
",-5562352399853934.000,-0.154,0.000,1.000,0.000,0,0,21,0,0,21,21,0,0.0,0.0,1.0,0.0,0.0,1.0
"G[1,2]((Alkalinephos >= 0.131 -> SaO2 >= 0.835) | Hgb >= 1.332)
",9999999.000,9999999.000,0.000,1.000,0.000,0,0,20,1,1,20,20,1,0.0,0.0,1.0,0.0,0.0,1.0
"G[0,1](Platelets <= 198.602 -> Platelets >= 1.390)
",9999999.000,9999999.000,0.000,1.000,0.000,0,0,0,21,21,0,0,21,0.0,0.0,0.0,0.0,0.0,1.0
"G[0,2]((SaO2 >= 0.952 & WBC <= 3.964) & Hct <= 13.450)
",9999999.000,9999999.000,0.000,1.000,0.000,0,0,0,21,21,0,0,21,0.0,0.0,0.0,0.0,0.0,1.0
"G[1,2]((PaCO2 >= 0.248 -> WBC <= 2.127) | AST <= 10.306)
",9999999.000,9999999.000,0.000,1.000,0.000,0,0,20,1,1,20,20,1,0.0,0.0,1.0,0.0,0.0,1.0
"G[1,2](Resp <= 27.077 & SepsisLabel = 0.000)
",9999999.000,9999999.000,0.000,1.000,0.000,0,0,9,12,12,9,9,12,0.0,0.0,1.0,0.0,0.0,1.0
"G[0,1](Creatinine >= 0.073 | SaO2 >= 0.026)
",9999999.000,9999999.000,0.000,1.000,0.000,0,0,0,21,21,0,0,21,0.0,0.0,0.0,0.0,0.0,1.0
"G[0,2](Creatinine >= 0.119 -> PaCO2 <= 7.484)
",9999999.000,9999999.000,0.000,1.000,0.000,0,0,20,1,1,20,20,1,0.0,0.0,1.0,0.0,0.0,1.0
"G[1,2]((Hct <= 35.730 -> PaCO2 >= 0.325) -> DBP <= 12.823)
",9999999.000,9999999.000,0.000,1.000,0.000,0,0,18,3,3,18,18,3,0.0,0.0,1.0,0.0,0.0,1.0
"G[1,2](((Hgb <= 12.506 | SaO2 <= 11.548) | BaseExcess >= 0.103) & Potassium <= 53.140)
",9999999.000,9999999.000,0.000,1.000,0.000,0,0,20,1,1,20,20,1,0.0,0.0,1.0,0.0,0.0,1.0
"G[1,2]((O2Sat <= 90.550 & SBP >= 83.744) -> Hct >= 99.250)
",9999999.000,9999999.000,0.000,1.000,0.000,0,0,21,0,0,21,21,0,0.0,0.0,1.0,0.0,0.0,1.0
"G[0,2](((SaO2 >= 1.374 | TroponinI <= 0.220) | O2Sat >= 0.041) | Alkalinephos <= 0.554)
",9999999.000,9999999.000,0.000,1.000,0.000,0,0,21,0,0,21,21,0,0.0,0.0,1.0,0.0,0.0,1.0
"G[1,1](((Magnesium >= 0.165 | SBP >= 59.149) | SBP <= 141.112) -> BaseExcess >= 94.931)
",-4964929325452955.000,-141.112,0.000,1.000,0.000,0,0,0,21,21,0,0,21,0.0,0.0,0.0,0.0,0.0,1.0
"G[0,2]((PTT >= 3.142 -> SaO2 >= 0.963) | WBC <= 37.773)
",9999999.000,9999999.000,0.000,1.000,0.000,0,0,21,0,0,21,21,0,0.0,0.0,1.0,0.0,0.0,1.0
"G[0,2]((AST <= 103.701 -> Magnesium <= 2.232) & pH <= 2.241)
",9999999.000,9999999.000,0.000,1.000,0.000,0,0,20,1,1,20,20,1,0.0,0.0,1.0,0.0,0.0,1.0
"G[0,2](Alkalinephos >= 2.133 & Calcium >= 0.201)
",9999999.000,9999999.000,0.000,1.000,0.000,0,0,0,21,21,0,0,21,0.0,0.0,0.0,0.0,0.0,1.0
"G[1,2]((Bilirubin_total <= 2.050 | Potassium >= 0.048) -> Platelets >= 0.084)
",9999999.000,9999999.000,0.000,1.000,0.000,0,0,3,18,18,3,3,18,0.0,0.0,1.0,0.0,0.0,1.0
"G[1,2](Potassium <= 4.670 | TroponinI >= 0.026)
",9999999.000,9999999.000,0.000,1.000,0.000,0,0,21,0,0,21,21,0,0.0,0.0,1.0,0.0,0.0,1.0
"G[0,1]((AST >= 21.986 -> WBC <= 15.056) -> WBC >= 0.836)
",9999999.000,9999999.000,0.000,1.000,0.000,0,0,0,21,21,0,0,21,0.0,0.0,0.0,0.0,0.0,1.0
"G[2,2](((Glucose >= 0.668 & TroponinI <= 0.113) | Bilirubin_total >= 0.007) -> PTT >= 0.014)
",8271211374028387.000,0.007,0.000,1.000,0.000,0,0,21,0,0,21,21,0,0.0,0.0,1.0,0.0,0.0,1.0
"G[2,2]((Bilirubin_total >= 0.100 | Glucose <= 130.396) & HCO3 >= 1.507)
",-6788917645168657.000,-1.507,0.000,1.000,0.000,0,0,21,0,0,21,21,0,0.0,0.0,1.0,0.0,0.0,1.0
"G[0,2](AST >= 33.738 | pH >= 0.143)
",9999999.000,9999999.000,0.000,1.000,0.000,0,0,0,21,21,0,0,21,0.0,0.0,0.0,0.0,0.0,1.0
"G[1,2](DBP >= 36.785 | MAP >= 40.447)
",9999999.000,9999999.000,0.000,1.000,0.000,0,0,14,7,7,14,14,7,0.0,0.0,1.0,0.0,0.0,1.0
"G[1,2]((Alkalinephos >= 2.073 | Hct >= 2.118) & O2Sat <= 39.100)
",9999999.000,9999999.000,0.000,1.000,0.000,0,0,0,21,21,0,0,21,0.0,0.0,0.0,0.0,0.0,1.0
"G[1,2](pH <= 5.074 & TroponinI <= 0.082)
",9999999.000,9999999.000,0.000,1.000,0.000,0,0,19,2,2,19,19,2,0.0,0.0,1.0,0.0,0.0,1.0
"G[0,2]((Bilirubin_total <= 3.343 -> SaO2 <= 16.552) & pH <= 75.876)
",9999999.000,9999999.000,0.000,1.000,0.000,0,0,21,0,0,21,21,0,0.0,0.0,1.0,0.0,0.0,1.0
"G[1,2]((Bilirubin_total >= 0.233 -> pH >= 0.021) & Lactate >= 0.067)
",9999999.000,9999999.000,0.000,1.000,0.000,0,0,0,21,21,0,0,21,0.0,0.0,0.0,0.0,0.0,1.0
"G[0,0](((Bilirubin_total <= 1.436 & PaCO2 <= 18.679) | Lactate <= 17.653) -> Fibrinogen >= 0.172)
",-3.030,-15.826,0.000,1.000,0.000,0,0,0,21,21,0,0,21,0.0,0.0,0.0,0.0,0.0,1.0
"G[0,2]((Alkalinephos <= 47.519 & Hgb <= 2.881) -> Platelets >= 0.259)
",9999999.000,9999999.000,0.000,1.000,0.000,0,0,0,21,21,0,0,21,0.0,0.0,0.0,0.0,0.0,1.0
"G[0,2](((Bilirubin_total <= 0.795 -> BUN <= 7.670) & Calcium <= 13.253) & Platelets >= 0.308)
",9999999.000,9999999.000,0.000,1.000,0.000,0,0,0,21,21,0,0,21,0.0,0.0,0.0,0.0,0.0,1.0
"G[1,2](((Bilirubin_total >= 0.198 -> Platelets <= 78.072) -> Hct <= 191.148) & Glucose >= 6.782)
",9999999.000,9999999.000,0.000,1.000,0.000,0,0,3,18,18,3,3,18,0.0,0.0,1.0,0.0,0.0,1.0
"G[0,2](((Fibrinogen <= 356.302 & PaCO2 <= 17.437) & Phosphate <= 7.472) & PTT <= 8.136)
",9999999.000,9999999.000,0.000,1.000,0.000,0,0,18,3,3,18,18,3,0.0,0.0,1.0,0.0,0.0,1.0
"G[2,2]((Fibrinogen >= 6.567 | SaO2 >= 0.225) -> FiO2 >= 0.536)
",0.225,0.225,0.000,1.000,0.000,0,0,21,0,0,21,21,0,0.0,0.0,1.0,0.0,0.0,1.0
"G[0,2](PaCO2 <= 22.814 | TroponinI <= 0.347)
",9999999.000,9999999.000,0.000,1.000,0.000,0,0,20,1,1,20,20,1,0.0,0.0,1.0,0.0,0.0,1.0
"G[1,2](Hgb >= 1.626 -> pH <= 2.900)
",9999999.000,9999999.000,0.000,1.000,0.000,0,0,20,1,1,20,20,1,0.0,0.0,1.0,0.0,0.0,1.0
"G[1,2](HR >= 39.502 -> SBP >= 19.216)
",9999999.000,9999999.000,0.000,1.000,0.000,0,0,18,3,3,18,18,3,0.0,0.0,1.0,0.0,0.0,1.0
"G[0,1](AST > 19.541 & SepsisLabel = 0.000)
",9999999.000,9999999.000,0.000,1.000,0.000,0,0,0,21,21,0,0,21,0.0,0.0,0.0,0.0,0.0,1.0
"G[0,2](((Bilirubin_total >= 0.065 | O2Sat <= 79.704) & TroponinI <= 89.420) -> DBP >= 33.588)
",9999999.000,9999999.000,0.000,1.000,0.000,0,0,13,8,8,13,13,8,0.0,0.0,1.0,0.0,0.0,1.0
"G[2,2](BUN <= 18.744 & Creatinine >= 0.107)
",-7687169837278141.000,-0.107,0.000,1.000,0.000,0,0,21,0,0,21,21,0,0.0,0.0,1.0,0.0,0.0,1.0
"G[1,2](((Alkalinephos <= 30.565 & HR <= 85.016) | O2Sat <= 79.068) -> EtCO2 <= 68.026)
",9999999.000,9999999.000,0.000,1.000,0.000,0,0,21,0,0,21,21,0,0.0,0.0,1.0,0.0,0.0,1.0
"G[0,2](((MAP >= 52.645 & SaO2 >= 2.001) | Hct >= 1.048) & MAP <= 82.553)
",9999999.000,9999999.000,0.000,1.000,0.000,0,0,0,21,21,0,0,21,0.0,0.0,0.0,0.0,0.0,1.0
"G[2,2](((Hgb <= 10.690 | Hct <= 33.161) -> WBC >= 1.478) & Platelets >= 20.627)
",-33.161,-33.161,0.000,1.000,0.000,0,0,21,0,0,21,21,0,0.0,0.0,1.0,0.0,0.0,1.0
"G[1,2](Platelets <= 41.154 -> WBC >= 1.666)
",9999999.000,9999999.000,0.000,1.000,0.000,0,0,3,18,18,3,3,18,0.0,0.0,1.0,0.0,0.0,1.0
"G[0,2](Hgb >= 1.429 -> O2Sat >= 15.132)
",9999999.000,9999999.000,0.000,1.000,0.000,0,0,21,0,0,21,21,0,0.0,0.0,1.0,0.0,0.0,1.0
"G[0,0](((O2Sat <= 95.076 -> WBC <= 4.442) & AST >= 0.722) | FiO2 >= 1.392)
",-6268010271673022.000,-1.392,0.000,1.000,0.000,0,0,0,21,21,0,0,21,0.0,0.0,0.0,0.0,0.0,1.0
"G[1,2](Chloride >= 0.000 & HCO3 >= 0.000)
",9999999.000,9999999.000,0.000,1.000,0.000,0,0,21,0,0,21,21,0,0.0,0.0,1.0,0.0,0.0,1.0
"G[1,1](((MAP <= 107.572 -> Temp <= 15.634) & Creatinine >= 7.541) & Hgb <= 10.463)
",-107.572,-107.572,0.000,1.000,0.000,0,0,0,21,21,0,0,21,0.0,0.0,0.0,0.0,0.0,1.0
"G[0,2](Bilirubin_total >= 0.130 & HR >= 30.631)
",9999999.000,9999999.000,0.000,1.000,0.000,0,0,0,21,21,0,0,21,0.0,0.0,0.0,0.0,0.0,1.0
"G[1,2](((Platelets >= 21.571 -> SaO2 >= 0.935) | HR >= 0.333) -> pH >= 2.181)
",9999999.000,9999999.000,0.000,1.000,0.000,0,0,1,20,20,1,1,20,0.0,0.0,1.0,0.0,0.0,1.0
"G[0,2]((SaO2 >= 0.854 | SBP <= 129.157) | Calcium >= 98.820)
",9999999.000,9999999.000,0.000,1.000,0.000,0,0,5,16,16,5,5,16,0.0,0.0,1.0,0.0,0.0,1.0
"G[2,2](((PaCO2 >= 0.302 & SBP <= 117.014) -> Fibrinogen >= 23.750) | MAP >= 25.265)
",0.302,0.302,0.000,1.000,0.000,0,0,21,0,0,21,21,0,0.0,0.0,1.0,0.0,0.0,1.0
"G[2,2](BUN <= 4.860 & Creatinine >= 0.082)
",-2939754397692861.500,-0.082,0.000,1.000,0.000,0,0,21,0,0,21,21,0,0.0,0.0,1.0,0.0,0.0,1.0
"G[0,2](AST >= 1.397 -> O2Sat <= 84.360)
",9999999.000,9999999.000,0.000,1.000,0.000,0,0,17,4,4,17,17,4,0.0,0.0,1.0,0.0,0.0,1.0
"G[1,2](Fibrinogen <= 453.118 | O2Sat <= 89.237)
",9999999.000,9999999.000,0.000,1.000,0.000,0,0,18,3,3,18,18,3,0.0,0.0,1.0,0.0,0.0,1.0
"G[1,2]((Magnesium <= 0.271 -> Temp >= 0.545) | Alkalinephos >= 4.050)
",9999999.000,9999999.000,0.000,1.000,0.000,0,0,5,16,16,5,5,16,0.0,0.0,1.0,0.0,0.0,1.0
"G[0,1](((Hgb <= 13.649 | Hct <= 25.187) -> WBC >= 1.759) & Platelets >= 18.774)
",9999999.000,9999999.000,0.000,1.000,0.000,0,0,0,21,21,0,0,21,0.0,0.0,0.0,0.0,0.0,1.0
"G[0,2](((Resp <= 33.548 -> SBP <= 127.581) & Temp <= 127.457) & pH >= 64.392)
",9999999.000,9999999.000,0.000,1.000,0.000,0,0,0,21,21,0,0,21,0.0,0.0,0.0,0.0,0.0,1.0
"G[2,2](DBP >= 9.358 | Hct <= 6.082)
",6848009733770892.000,6.082,0.000,1.000,0.000,0,0,21,0,0,21,21,0,0.0,0.0,1.0,0.0,0.0,1.0
"G[0,2](Chloride >= 0.000 & HCO3 >= 0.000)
",9999999.000,9999999.000,0.000,1.000,0.000,0,0,21,0,0,21,21,0,0.0,0.0,1.0,0.0,0.0,1.0
"G[2,2](Fibrinogen >= 9.602 -> Magnesium >= 0.113)
",0.113,0.113,0.000,1.000,0.000,0,0,21,0,0,21,21,0,0.0,0.0,1.0,0.0,0.0,1.0
"G[0,2](DBP <= 89.892 & PTT >= 3.803)
",9999999.000,9999999.000,0.000,1.000,0.000,0,0,0,21,21,0,0,21,0.0,0.0,0.0,0.0,0.0,1.0
"G[0,2](((HR <= 79.824 | Platelets <= 98.515) & Calcium <= 152.754) -> O2Sat <= 194.223)
",9999999.000,9999999.000,0.000,1.000,0.000,0,0,21,0,0,21,21,0,0.0,0.0,1.0,0.0,0.0,1.0
"G[0,2](DBP <= 60.618 | Temp >= 8.373)
",9999999.000,9999999.000,0.000,1.000,0.000,0,0,8,13,13,8,8,13,0.0,0.0,1.0,0.0,0.0,1.0
"G[0,2]((AST >= 27.253 | PTT <= 20.206) | PTT <= 10.610)
",9999999.000,9999999.000,0.000,1.000,0.000,0,0,19,2,2,19,19,2,0.0,0.0,1.0,0.0,0.0,1.0
"G[0,2](Resp >= 10.229 & Temp <= 25.685)
",9999999.000,9999999.000,0.000,1.000,0.000,0,0,4,17,17,4,4,17,0.0,0.0,1.0,0.0,0.0,1.0
"G[1,2](Bilirubin_total <= 1.278 & PTT >= 2.631)
",9999999.000,9999999.000,0.000,1.000,0.000,0,0,2,19,19,2,2,19,0.0,0.0,1.0,0.0,0.0,1.0
"G[0,2](((HR >= 53.595 | Temp >= 7.042) -> HCO3 <= 16.467) | AST <= 17.595)
",9999999.000,9999999.000,0.000,1.000,0.000,0,0,21,0,0,21,21,0,0.0,0.0,1.0,0.0,0.0,1.0
"G[1,2](Fibrinogen >= 11.833 -> SepsisLabel = 0.000)
",9999999.000,9999999.000,0.000,1.000,0.000,0,0,21,0,0,21,21,0,0.0,0.0,1.0,0.0,0.0,1.0
"G[0,2](Resp <= 24.100 -> SepsisLabel = 0.000)
",9999999.000,9999999.000,0.000,1.000,0.000,0,0,21,0,0,21,21,0,0.0,0.0,1.0,0.0,0.0,1.0
"G[0,2](((BUN <= 17.395 & Fibrinogen <= 41.964) & AST <= 431.657) -> EtCO2 >= 30.694)
",9999999.000,9999999.000,0.000,1.000,0.000,0,0,0,21,21,0,0,21,0.0,0.0,0.0,0.0,0.0,1.0
"G[2,2](PTT > 2.417 & SepsisLabel = 0.000)
",-5442414817466060.000,-2.417,0.000,1.000,0.000,0,0,21,0,0,21,21,0,0.0,0.0,1.0,0.0,0.0,1.0
"G[0,2](Platelets <= 71.636 -> WBC >= 1.066)
",9999999.000,9999999.000,0.000,1.000,0.000,0,0,0,21,21,0,0,21,0.0,0.0,0.0,0.0,0.0,1.0
"G[2,2](Bilirubin_direct >= 0.000 -> SepsisLabel = 0.000)
",0.000,0.000,0.000,1.000,0.000,0,0,21,0,0,21,21,0,0.0,0.0,1.0,0.0,0.0,1.0
"G[1,1](BUN <= 7.727 & Creatinine >= 0.041)
",-5899214350256779.000,-0.041,0.000,1.000,0.000,0,0,0,21,21,0,0,21,0.0,0.0,0.0,0.0,0.0,1.0
"G[0,1](Glucose >= 1.595 & Resp <= 24.413)
",9999999.000,9999999.000,0.000,1.000,0.000,0,0,0,21,21,0,0,21,0.0,0.0,0.0,0.0,0.0,1.0
"G[1,2](((Hgb <= 8.643 | Hct <= 29.345) -> WBC >= 0.409) & Platelets >= 4.312)
",9999999.000,9999999.000,0.000,1.000,0.000,0,0,3,18,18,3,3,18,0.0,0.0,1.0,0.0,0.0,1.0
"G[1,2](((Hct <= 29.791 & MAP >= 20.548) -> SBP <= 91.513) | Glucose <= 112.937)
",9999999.000,9999999.000,0.000,1.000,0.000,0,0,20,1,1,20,20,1,0.0,0.0,1.0,0.0,0.0,1.0
"G[2,2](TroponinI >= 0.037 | WBC <= 12.262)
",6903151904323717.000,12.262,0.000,1.000,0.000,0,0,21,0,0,21,21,0,0.0,0.0,1.0,0.0,0.0,1.0
"G[0,2]((HR >= 23.095 | Magnesium <= 1.188) & DBP >= 0.059)
",9999999.000,9999999.000,0.000,1.000,0.000,0,0,11,10,10,11,11,10,0.0,0.0,1.0,0.0,0.0,1.0
"G[0,1]((Calcium >= 0.454 | PTT >= 0.414) & PaCO2 <= 23.951)
",9999999.000,9999999.000,0.000,1.000,0.000,0,0,0,21,21,0,0,21,0.0,0.0,0.0,0.0,0.0,1.0
"G[0,1](Platelets <= 48.148 -> WBC >= 0.025)
",9999999.000,9999999.000,0.000,1.000,0.000,0,0,0,21,21,0,0,21,0.0,0.0,0.0,0.0,0.0,1.0
"G[2,2](((Platelets <= 203.591 | Resp <= 24.394) -> SBP >= 19.932) | Magnesium >= 6.056)
",-6.056,-6.056,0.000,1.000,0.000,0,0,21,0,0,21,21,0,0.0,0.0,1.0,0.0,0.0,1.0
