Rule,Discrimination Score,Pos Robustness,Neg Robustness,Percent Class +,Percent Class -,TP,TN,FP,FN,Actual Yes,Actual No,Predicted Yes,Predicted No,TPR/Sens,TNR/Spec,FPR,Precision,Accuracy,MCR
"F[0,1]((Calcium <= 2.930 | Temp >= 36.625) & Bilirubin_total >= 37.089)
",-9999999.000,-9999999.000,0.000,0.000,1.000,22,0,0,0,22,0,22,0,1.0,0,0,1.0,1.0,0.0
"F[1,1]((HCO3 >= 0.060 & Hct >= 0.215) & MAP <= 5.089)
",-3873289390168050.000,-0.215,0.000,0.000,1.000,22,0,0,0,22,0,22,0,1.0,0,0,1.0,1.0,0.0
"F[0,1](((DBP >= 62.366 | WBC >= 0.584) -> Resp <= 4.679) & DBP <= 1.914)
",-9999999.000,-9999999.000,0.000,0.000,1.000,22,0,0,0,22,0,22,0,1.0,0,0,1.0,1.0,0.0
"F[0,0]((PaCO2 <= 28.808 & pH >= 0.285) & pH <= 5.011)
",-0.103,-0.031,0.000,0.000,1.000,22,0,0,0,22,0,22,0,1.0,0,0,1.0,1.0,0.0
"F[0,1]((Calcium <= 4.351 & Potassium <= 1.677) & Magnesium >= 0.019)
",-9999999.000,-9999999.000,0.000,0.000,1.000,22,0,0,0,22,0,22,0,1.0,0,0,1.0,1.0,0.0
"F[0,0](Fibrinogen >= 11.577 & Lactate >= 0.363)
",-3258719980604498.000,-11.577,0.000,0.000,1.000,22,0,0,0,22,0,22,0,1.0,0,0,1.0,1.0,0.0
"F[0,0]((SaO2 >= 0.962 -> Temp >= 36.831) & SaO2 >= 36.671)
",-22.240,-59.214,0.000,0.000,1.000,22,0,0,0,22,0,22,0,1.0,0,0,1.0,1.0,0.0
"F[0,0]((Alkalinephos >= 0.592 -> Temp >= 36.653) -> BUN >= 36.782)
",2588299733730754.000,36.782,0.000,0.000,1.000,22,0,0,0,22,0,22,0,1.0,0,0,1.0,1.0,0.0
"F[0,0]((Calcium <= 2.944 & Potassium <= 1.099) & Magnesium >= 0.094)
",0.513,0.285,0.000,0.000,1.000,22,0,0,0,22,0,22,0,1.0,0,0,1.0,1.0,0.0
"F[1,1](((FiO2 >= 0.083 -> Temp <= 37.294) -> Hgb <= 37.284) -> Hgb >= 36.737)
",2585161509558979.000,36.737,0.000,0.000,1.000,22,0,0,0,22,0,22,0,1.0,0,0,1.0,1.0,0.0
"F[0,1](((Chloride <= 108.357 & HR >= 70.151) & SaO2 >= 74.466) & DBP >= 65.052)
",-9999999.000,-9999999.000,0.000,0.000,1.000,22,0,0,0,22,0,22,0,1.0,0,0,1.0,1.0,0.0
"F[0,0]((Creatinine <= 1.313 & Resp <= 24.553) & Phosphate >= 9.236)
",-2.045,-65.001,0.000,0.000,1.000,22,0,0,0,22,0,22,0,1.0,0,0,1.0,1.0,0.0
"F[0,0](((BUN <= 15.202 -> DBP >= 58.243) -> Fibrinogen >= 55.855) & AST >= 51.912)
",-3.495,-48.861,0.000,0.000,1.000,22,0,0,0,22,0,22,0,1.0,0,0,1.0,1.0,0.0
"F[0,1]((Calcium <= 5.023 & Potassium <= 1.268) & Magnesium >= 0.171)
",-9999999.000,-9999999.000,0.000,0.000,1.000,22,0,0,0,22,0,22,0,1.0,0,0,1.0,1.0,0.0
"F[0,0](((BaseExcess <= -0.153 & PTT <= 35.728) -> PaCO2 <= 11.825) & Bilirubin_total >= 1.444)
",-2.572,-9.139,0.000,0.000,1.000,22,0,0,0,22,0,22,0,1.0,0,0,1.0,1.0,0.0
"F[0,0](((AST <= 8.784 & BaseExcess >= -5.576) -> DBP >= -3.607) -> Resp <= -0.159)
",5.602,66.864,0.000,0.000,1.000,22,0,0,0,22,0,22,0,1.0,0,0,1.0,1.0,0.0
"F[0,0](((Lactate >= 0.496 | Potassium <= 1.895) | Temp >= 1.063) -> O2Sat <= 4.096)
",-4.878,-115.473,0.000,0.000,1.000,22,0,0,0,22,0,22,0,1.0,0,0,1.0,1.0,0.0
"F[1,1]((Calcium <= 1.449 & FiO2 >= 0.087) & DBP <= 0.160)
",-6295417775865441.000,-0.087,0.000,0.000,1.000,22,0,0,0,22,0,22,0,1.0,0,0,1.0,1.0,0.0
"((PTT >= 1.519) U[1,1] (WBC >= 0.799))
",-3596887831122834.000,-0.799,0.000,0.000,1.000,22,0,0,0,22,0,22,0,1.0,0,0,1.0,1.0,0.0
"F[1,1]((Calcium <= 4.803 & Potassium <= 4.631) & Magnesium >= 0.042)
",-2995885209015266.000,-0.042,0.000,0.000,1.000,22,0,0,0,22,0,22,0,1.0,0,0,1.0,1.0,0.0
"((Alkalinephos >= 0.484) U[1,2] (SepsisLabel = 0.000))
",-9999999.000,-9999999.000,0.000,0.000,1.000,22,0,0,0,22,0,22,0,1.0,0,0,1.0,1.0,0.0
"F[1,1]((MAP >= 75.430 | SBP <= 147.665) & pH >= 132.544)
",-132.544,-132.544,0.000,0.000,1.000,22,0,0,0,22,0,22,0,1.0,0,0,1.0,1.0,0.0
"((Bilirubin_total > 0.021) U[1,1] (SepsisLabel = 0.000))
",0.000,0.000,0.000,0.000,1.000,22,0,0,0,22,0,22,0,1.0,0,0,1.0,1.0,0.0
"F[0,0]((Calcium <= 6.792 & Potassium <= 2.147) & Magnesium >= 0.016)
",0.657,0.603,0.000,0.000,1.000,22,0,0,0,22,0,22,0,1.0,0,0,1.0,1.0,0.0
"F[1,1](((BUN >= 1.343 -> pH >= 0.586) & HR >= 0.517) & AST >= 0.395)
",-4657223173672724.000,-0.517,0.000,0.000,1.000,22,0,0,0,22,0,22,0,1.0,0,0,1.0,1.0,0.0
"F[0,0](Chloride >= 14.764 & FiO2 <= 0.276)
",-18.865,-14.546,0.000,0.000,1.000,22,0,0,0,22,0,22,0,1.0,0,0,1.0,1.0,0.0
"F[1,1]((Calcium <= 1.523 & Potassium <= 4.220) & Magnesium >= 0.115)
",-4128863104593009.500,-0.115,0.000,0.000,1.000,22,0,0,0,22,0,22,0,1.0,0,0,1.0,1.0,0.0
"((Creatinine >= 0.021) U[1,1] (SBP >= 88.179))
",-6128689432115233.000,-0.021,0.000,0.000,1.000,21,0,0,1,22,0,21,1,0.9545454545454546,0,0,1.0,0.9545454545454546,0.045454545454545414
"((BUN >= 1.128) U[1,1] (SepsisLabel = 0.000))
",0.000,0.000,0.000,0.000,1.000,21,0,0,1,22,0,21,1,0.9545454545454546,0,0,1.0,0.9545454545454546,0.045454545454545414
"((Phosphate >= 0.012) U[1,2] (SepsisLabel = 0.000))
",-9999999.000,-9999999.000,0.000,0.000,1.000,21,0,0,1,22,0,21,1,0.9545454545454546,0,0,1.0,0.9545454545454546,0.045454545454545414
"F[1,1](((Potassium <= 1.922 | PTT <= 43.977) -> Resp <= 3.764) & PTT >= 0.405)
",-6189158480401711.000,-43.977,0.000,0.000,1.000,21,0,0,1,22,0,21,1,0.9545454545454546,0,0,1.0,0.9545454545454546,0.045454545454545414
"F[0,1]((pH <= 2.683 -> Resp <= 25.966) -> SBP <= 22.732)
",-9999999.000,-9999999.000,0.000,0.000,1.000,21,0,0,1,22,0,21,1,0.9545454545454546,0,0,1.0,0.9545454545454546,0.045454545454545414
"F[0,0]((Bilirubin_total >= 0.029 -> Lactate <= 6.275) & BUN >= 0.374)
",-1.523,-3.748,0.000,0.000,1.000,21,0,0,1,22,0,21,1,0.9545454545454546,0,0,1.0,0.9545454545454546,0.045454545454545414
"((BUN >= 1.584) U[0,0] (Phosphate >= 0.233))
",-4205870032934609.500,-0.233,0.000,0.000,1.000,21,0,0,1,22,0,21,1,0.9545454545454546,0,0,1.0,0.9545454545454546,0.045454545454545414
"((AST >= 0.619) U[0,0] (Magnesium >= 0.051))
",0.255,5.060,0.000,0.000,1.000,21,0,0,1,22,0,21,1,0.9545454545454546,0,0,1.0,0.9545454545454546,0.045454545454545414
"F[0,1](AST >= 0.707 & Hgb >= 0.724)
",-9999999.000,-9999999.000,0.000,0.000,1.000,21,0,0,1,22,0,21,1,0.9545454545454546,0,0,1.0,0.9545454545454546,0.045454545454545414
"((Alkalinephos >= 0.590) U[1,2] (MAP >= 65.503))
",-9999999.000,-9999999.000,0.000,0.000,1.000,21,0,0,1,22,0,21,1,0.9545454545454546,0,0,1.0,0.9545454545454546,0.045454545454545414
"F[0,0](AST <= 34.262 -> Creatinine >= 0.019)
",-1.653,-58.377,0.000,0.000,1.000,21,0,0,1,22,0,21,1,0.9545454545454546,0,0,1.0,0.9545454545454546,0.045454545454545414
"F[0,1]((Platelets >= 6.951 -> Resp <= 26.818) -> AST >= 15.682)
",-9999999.000,-9999999.000,0.000,0.000,1.000,21,0,0,1,22,0,21,1,0.9545454545454546,0,0,1.0,0.9545454545454546,0.045454545454545414
"((Creatinine >= 0.092) U[1,1] (HCO3 <= 14.065))
",3958950433007342.500,14.065,0.000,0.000,1.000,21,0,0,1,22,0,21,1,0.9545454545454546,0,0,1.0,0.9545454545454546,0.045454545454545414
"F[1,1]((DBP <= 82.385 -> Resp <= 25.355) -> AST >= 15.370)
",15.370,15.370,0.000,0.000,1.000,20,0,0,2,22,0,20,2,0.9090909090909091,0,0,1.0,0.9090909090909091,0.09090909090909094
"((Platelets > 1.141) U[1,1] (SepsisLabel = 0.000))
",0.000,0.000,0.000,0.000,1.000,20,0,0,2,22,0,20,2,0.9090909090909091,0,0,1.0,0.9090909090909091,0.09090909090909094
"F[0,1](((HCO3 <= 2.978 & Temp <= 37.540) -> HR <= 37.461) | SepsisLabel >= 36.633)
",-9999999.000,-9999999.000,0.000,0.000,1.000,20,0,0,2,22,0,20,2,0.9090909090909091,0,0,1.0,0.9090909090909091,0.09090909090909094
"((HCO3 >= 0.346) U[0,0] (WBC >= 0.590))
",-7.035,-0.358,0.000,0.000,1.000,20,0,0,2,22,0,20,2,0.9090909090909091,0,0,1.0,0.9090909090909091,0.09090909090909094
"F[0,0](FiO2 <= 0.878 & WBC >= 0.742)
",-0.444,-1.459,0.000,0.000,1.000,20,0,0,2,22,0,20,2,0.9090909090909091,0,0,1.0,0.9090909090909091,0.09090909090909094
"F[0,1]((MAP >= 77.173 -> WBC <= 5.746) & Hct >= 0.810)
",-9999999.000,-9999999.000,0.000,0.000,1.000,19,0,0,3,22,0,19,3,0.8636363636363636,0,0,1.0,0.8636363636363636,0.13636363636363635
"F[0,1]((Bilirubin_total <= 1.143 | EtCO2 >= 14.262) -> BUN >= 16.215)
",-9999999.000,-9999999.000,0.000,0.000,1.000,19,0,0,3,22,0,19,3,0.8636363636363636,0,0,1.0,0.8636363636363636,0.13636363636363635
"F[1,1](Fibrinogen >= 6.872 | Platelets >= 4.729)
",-5323891792724980.000,-4.729,0.000,0.000,1.000,19,0,0,3,22,0,19,3,0.8636363636363636,0,0,1.0,0.8636363636363636,0.13636363636363635
"F[1,1]((DBP >= 51.039 & HCO3 <= 12.808) & Creatinine >= 0.248)
",-7183054504416383.000,-51.039,0.000,0.000,1.000,19,0,0,3,22,0,19,3,0.8636363636363636,0,0,1.0,0.8636363636363636,0.13636363636363635
"((PTT >= 1.488) U[1,2] (SBP <= 172.141))
",-9999999.000,-9999999.000,0.000,0.000,1.000,19,0,0,3,22,0,19,3,0.8636363636363636,0,0,1.0,0.8636363636363636,0.13636363636363635
"F[1,1]((BaseExcess >= -8.660 | FiO2 <= 0.728) -> Chloride >= 0.059)
",-8.660,-8.660,0.000,0.000,1.000,19,0,0,3,22,0,19,3,0.8636363636363636,0,0,1.0,0.8636363636363636,0.13636363636363635
"((Bilirubin_total >= 0.030) U[1,2] (Phosphate <= 1.267))
",-9999999.000,-9999999.000,0.000,0.000,1.000,19,0,0,3,22,0,19,3,0.8636363636363636,0,0,1.0,0.8636363636363636,0.13636363636363635
"F[0,1](((DBP <= 68.657 -> FiO2 <= 0.496) | BaseExcess <= 0.576) -> EtCO2 <= 0.238)
",-9999999.000,-9999999.000,0.000,0.000,1.000,19,0,0,3,22,0,19,3,0.8636363636363636,0,0,1.0,0.8636363636363636,0.13636363636363635
"F[1,1](((EtCO2 <= 45.675 & FiO2 >= 0.001) & Calcium >= 0.067) | pH >= 0.047)
",-0.047,-0.047,0.000,0.000,1.000,19,0,0,3,22,0,19,3,0.8636363636363636,0,0,1.0,0.8636363636363636,0.13636363636363635
"F[0,1]((BaseExcess <= -0.188 & HCO3 >= 0.295) | Creatinine >= 0.281)
",-9999999.000,-9999999.000,0.000,0.000,1.000,18,0,0,4,22,0,18,4,0.8181818181818182,0,0,1.0,0.8181818181818182,0.18181818181818177
"F[0,0]((FiO2 <= 0.638 & PaCO2 >= 4.538) & Hct <= 51.025)
",-0.917,-3.447,0.000,0.000,1.000,18,0,0,4,22,0,18,4,0.8181818181818182,0,0,1.0,0.8181818181818182,0.18181818181818177
"F[0,1](Magnesium >= 0.119 & Phosphate >= 0.062)
",-9999999.000,-9999999.000,0.000,0.000,1.000,18,0,0,4,22,0,18,4,0.8181818181818182,0,0,1.0,0.8181818181818182,0.18181818181818177
"((Hgb <= 4.612) U[0,1] (Magnesium >= 0.076))
",-9999999.000,-9999999.000,0.000,0.000,1.000,18,0,0,4,22,0,18,4,0.8181818181818182,0,0,1.0,0.8181818181818182,0.18181818181818177
"((Chloride >= 15.942) U[1,2] (PTT <= 23.699))
",-9999999.000,-9999999.000,0.000,0.000,1.000,18,0,0,4,22,0,18,4,0.8181818181818182,0,0,1.0,0.8181818181818182,0.18181818181818177
"F[0,1](AST >= 0.425 | WBC >= 0.110)
",-9999999.000,-9999999.000,0.000,0.000,1.000,17,0,0,5,22,0,17,5,0.7727272727272727,0,0,1.0,0.7727272727272727,0.2272727272727273
"((Bilirubin_total >= 0.026) U[0,1] (Platelets >= 4.687))
",-9999999.000,-9999999.000,0.000,0.000,1.000,17,0,0,5,22,0,17,5,0.7727272727272727,0,0,1.0,0.7727272727272727,0.2272727272727273
"((Bilirubin_total >= 0.008) U[0,1] (Hgb >= 0.508))
",-9999999.000,-9999999.000,0.000,0.000,1.000,17,0,0,5,22,0,17,5,0.7727272727272727,0,0,1.0,0.7727272727272727,0.2272727272727273
"F[0,0](PaCO2 <= 38.721 -> WBC >= 0.184)
",-10.141,-36.035,0.000,0.000,1.000,17,0,0,5,22,0,17,5,0.7727272727272727,0,0,1.0,0.7727272727272727,0.2272727272727273
"F[1,1](((BaseExcess >= -2.098 & Phosphate <= 2.593) | Temp >= 0.033) & FiO2 >= 0.224)
",-8080178035953121.000,-0.224,0.000,0.000,1.000,17,0,0,5,22,0,17,5,0.7727272727272727,0,0,1.0,0.7727272727272727,0.2272727272727273
"((BaseExcess <= -0.007) U[0,1] (Hgb >= 0.174))
",-9999999.000,-9999999.000,0.000,0.000,1.000,17,0,0,5,22,0,17,5,0.7727272727272727,0,0,1.0,0.7727272727272727,0.2272727272727273
"F[0,1](Hct <= 18.321 -> PTT >= 0.861)
",-9999999.000,-9999999.000,0.000,0.000,1.000,17,0,0,5,22,0,17,5,0.7727272727272727,0,0,1.0,0.7727272727272727,0.2272727272727273
"F[0,1]((Creatinine <= 0.563 | Hgb >= 0.933) -> Hgb >= 1.074)
",-9999999.000,-9999999.000,0.000,0.000,1.000,17,0,0,5,22,0,17,5,0.7727272727272727,0,0,1.0,0.7727272727272727,0.2272727272727273
"F[1,1](((Chloride >= 14.228 | WBC >= 0.436) | DBP <= 6.649) & Resp >= 0.615)
",-2770127055147266.000,-0.615,0.000,0.000,1.000,16,0,0,6,22,0,16,6,0.7272727272727273,0,0,1.0,0.7272727272727273,0.2727272727272727
"((Resp <= 22.835) U[1,2] (SBP >= 87.811))
",-9999999.000,-9999999.000,0.000,0.000,1.000,16,0,0,6,22,0,16,6,0.7272727272727273,0,0,1.0,0.7272727272727273,0.2727272727272727
"((FiO2 <= 0.651) U[0,1] (Resp <= 22.291))
",-9999999.000,-9999999.000,0.000,0.000,1.000,15,0,0,7,22,0,15,7,0.6818181818181818,0,0,1.0,0.6818181818181818,0.31818181818181823
"F[0,1](Bilirubin_total <= 1.274 -> pH >= 0.010)
",-9999999.000,-9999999.000,0.000,0.000,1.000,14,0,0,8,22,0,14,8,0.6363636363636364,0,0,1.0,0.6363636363636364,0.36363636363636365
"F[0,1](((PaCO2 >= 2.890 & SBP <= 169.747) -> EtCO2 >= 111.459) -> BaseExcess >= 102.836)
",-9999999.000,-9999999.000,0.000,0.000,1.000,14,0,0,8,22,0,14,8,0.6363636363636364,0,0,1.0,0.6363636363636364,0.36363636363636365
"((MAP >= 83.878) U[1,2] (SaO2 <= 75.058))
",-9999999.000,-9999999.000,0.000,0.000,1.000,13,0,0,9,22,0,13,9,0.5909090909090909,0,0,1.0,0.5909090909090909,0.40909090909090906
"F[0,1]((Calcium >= 0.118 -> HCO3 >= 0.094) -> Bilirubin_total >= 0.118)
",-9999999.000,-9999999.000,0.000,0.000,1.000,13,0,0,9,22,0,13,9,0.5909090909090909,0,0,1.0,0.5909090909090909,0.40909090909090906
"F[1,1]((Glucose >= 52.668 & HCO3 <= 13.820) -> Glucose <= 3.857)
",-3.857,-3.857,0.000,0.000,1.000,12,0,0,10,22,0,12,10,0.5454545454545454,0,0,1.0,0.5454545454545454,0.4545454545454546
"((MAP >= 84.016) U[1,2] (SBP <= 165.705))
",-9999999.000,-9999999.000,0.000,0.000,1.000,11,0,0,11,22,0,11,11,0.5,0,0,1.0,0.5,0.5
"F[1,1](BaseExcess >= -0.784 -> Glucose >= 40.116)
",-7062616264964977.000,-0.784,0.000,0.000,1.000,10,0,0,12,22,0,10,12,0.45454545454545453,0,0,1.0,0.45454545454545453,0.5454545454545454
"F[1,1](Alkalinephos <= 15.613 -> Glucose >= 47.210)
",-15.613,-15.613,0.000,0.000,1.000,10,0,0,12,22,0,10,12,0.45454545454545453,0,0,1.0,0.45454545454545453,0.5454545454545454
"((HCO3 <= 0.454) U[0,1] (O2Sat <= 95.617))
",-9999999.000,-9999999.000,0.000,0.000,1.000,10,0,0,12,22,0,10,12,0.45454545454545453,0,0,1.0,0.45454545454545453,0.5454545454545454
"F[0,0]((Lactate >= 0.496 -> MAP <= 113.364) -> Glucose >= 73.855)
",1.431,48.601,0.000,0.000,1.000,8,0,0,14,22,0,8,14,0.36363636363636365,0,0,1.0,0.36363636363636365,0.6363636363636364
"((HR > 76.515) U[1,2] (SepsisLabel = 0.000))
",-9999999.000,-9999999.000,0.000,0.000,1.000,8,0,0,14,22,0,8,14,0.36363636363636365,0,0,1.0,0.36363636363636365,0.6363636363636364
"F[0,0](((Calcium < 1.742 & Potassium < 2.532) & Magnesium < 0.252) & Phosphate < 3.177)
",-0.392,-0.983,0.000,0.000,1.000,5,0,0,17,22,0,5,17,0.22727272727272727,0,0,1.0,0.22727272727272727,0.7727272727272727
"F[0,0](((Calcium < 4.474 & Potassium < 2.405) & Magnesium < 0.618) & Phosphate < 3.629)
",-0.246,-0.617,0.000,0.000,1.000,5,0,0,17,22,0,5,17,0.22727272727272727,0,0,1.0,0.22727272727272727,0.7727272727272727
"F[1,1](FiO2 < 0.475 & SepsisLabel = 0.000)
",0.000,0.000,0.000,0.000,1.000,4,0,0,18,22,0,4,18,0.18181818181818182,0,0,1.0,0.18181818181818182,0.8181818181818181
"F[0,1]((Creatinine >= 0.072 | DBP <= 68.331) -> Glucose <= 74.122)
",-9999999.000,-9999999.000,0.000,0.000,1.000,4,0,0,18,22,0,4,18,0.18181818181818182,0,0,1.0,0.18181818181818182,0.8181818181818181
"F[0,0](AST >= 0.875 | Chloride <= 84.770)
",35.826,84.933,0.000,0.000,1.000,4,0,0,18,22,0,4,18,0.18181818181818182,0,0,1.0,0.18181818181818182,0.8181818181818181
"F[0,1](((EtCO2 <= 36.753 & Temp >= 36.513) & HR >= 36.686) | Fibrinogen >= 36.661)
",-9999999.000,-9999999.000,0.000,0.000,1.000,4,0,0,18,22,0,4,18,0.18181818181818182,0,0,1.0,0.18181818181818182,0.8181818181818181
"F[1,1](((Calcium < 5.998 & Potassium < 4.232) & Magnesium < 1.503) & Phosphate < 1.279)
",5757958165826335.000,1.279,0.000,0.000,1.000,4,0,0,18,22,0,4,18,0.18181818181818182,0,0,1.0,0.18181818181818182,0.8181818181818181
"((O2Sat <= 98.150) U[1,1] (Phosphate <= 2.680))
",98.150,98.150,0.000,0.000,1.000,4,0,0,18,22,0,4,18,0.18181818181818182,0,0,1.0,0.18181818181818182,0.8181818181818181
"F[1,1](PaCO2 <= 33.143 | EtCO2 <= 34.192)
",4812050979499121.000,34.192,0.000,0.000,1.000,3,0,0,19,22,0,3,19,0.13636363636363635,0,0,1.0,0.13636363636363635,0.8636363636363636
"F[1,1]((Phosphate >= 0.067 & Magnesium > 0.056) -> Calcium < 5.494)
",-6185170560308559.000,-5.494,0.000,0.000,1.000,3,0,0,19,22,0,3,19,0.13636363636363635,0,0,1.0,0.13636363636363635,0.8636363636363636
"F[1,1](Chloride <= 18.693 | Hct >= 1.607)
",5261583060980708.000,18.693,0.000,0.000,1.000,3,0,0,19,22,0,3,19,0.13636363636363635,0,0,1.0,0.13636363636363635,0.8636363636363636
"((Bilirubin_total <= 1.243) U[0,0] (SBP >= 110.026))
",-0.057,-0.114,0.000,0.000,1.000,3,0,0,19,22,0,3,19,0.13636363636363635,0,0,1.0,0.13636363636363635,0.8636363636363636
"F[1,1]((Phosphate >= 0.113 & Magnesium > 0.066) -> Calcium < 7.422)
",-2785425754857092.000,-7.422,0.000,0.000,1.000,3,0,0,19,22,0,3,19,0.13636363636363635,0,0,1.0,0.13636363636363635,0.8636363636363636
"F[1,1]((Phosphate >= 0.216 & Magnesium > 0.109) -> Calcium < 1.320)
",-5946781627154916.000,-1.320,0.000,0.000,1.000,3,0,0,19,22,0,3,19,0.13636363636363635,0,0,1.0,0.13636363636363635,0.8636363636363636
"F[1,1]((Phosphate >= 0.054 & Magnesium > 0.096) -> Calcium < 5.853)
",-6590353089424292.000,-5.853,0.000,0.000,1.000,3,0,0,19,22,0,3,19,0.13636363636363635,0,0,1.0,0.13636363636363635,0.8636363636363636
"F[1,1](Hgb <= 2.430 | Hct <= 18.821)
",2648784661758162.000,18.821,0.000,0.000,1.000,3,0,0,19,22,0,3,19,0.13636363636363635,0,0,1.0,0.13636363636363635,0.8636363636363636
"((MAP >= 83.257) U[0,0] (Platelets <= 34.404))
",3.755,55.720,0.000,0.000,1.000,2,0,0,20,22,0,2,20,0.09090909090909091,0,0,1.0,0.09090909090909091,0.9090909090909091
"((HCO3 <= 17.398) U[0,0] (Platelets <= 17.449))
",8.899,17.887,0.000,0.000,1.000,2,0,0,20,22,0,2,20,0.09090909090909091,0,0,1.0,0.09090909090909091,0.9090909090909091
"F[1,1](((Bilirubin_total <= 0.438 | FiO2 >= 0.033) | PTT <= 0.433) -> WBC <= 0.618)
",-0.618,-0.618,0.000,0.000,1.000,2,0,0,20,22,0,2,20,0.09090909090909091,0,0,1.0,0.09090909090909091,0.9090909090909091
"F[0,0](Hgb <= 8.368 | Hct <= 13.105)
",13.105,13.105,0.000,0.000,1.000,2,0,0,20,22,0,2,20,0.09090909090909091,0,0,1.0,0.09090909090909091,0.9090909090909091
"((Magnesium >= 0.001) U[0,1] (Temp <= 37.599))
",-9999999.000,-9999999.000,0.000,0.000,1.000,1,0,0,21,22,0,1,21,0.045454545454545456,0,0,1.0,0.045454545454545456,0.9545454545454546
"((FiO2 >= 0.002) U[0,0] (Magnesium <= 1.730))
",0.576,1.985,0.000,0.000,1.000,1,0,0,21,22,0,1,21,0.045454545454545456,0,0,1.0,0.045454545454545456,0.9545454545454546
"((Phosphate >= 0.228) U[1,2] (PTT >= 0.801))
",-9999999.000,-9999999.000,0.000,0.000,1.000,1,0,0,21,22,0,1,21,0.045454545454545456,0,0,1.0,0.045454545454545456,0.9545454545454546
"F[0,1](((Calcium >= 0.502 & MAP >= 73.583) & Lactate <= 96.989) -> Hct >= 72.521)
",-9999999.000,-9999999.000,0.000,0.000,1.000,1,0,0,21,22,0,1,21,0.045454545454545456,0,0,1.0,0.045454545454545456,0.9545454545454546
"F[0,0](Alkalinephos <= 11.005 & BaseExcess >= -8.230)
",11.160,10.626,0.000,0.000,1.000,1,0,0,21,22,0,1,21,0.045454545454545456,0,0,1.0,0.045454545454545456,0.9545454545454546
"((Chloride <= 103.287) U[1,2] (Magnesium >= 0.019))
",-9999999.000,-9999999.000,0.000,0.000,1.000,1,0,0,21,22,0,1,21,0.045454545454545456,0,0,1.0,0.045454545454545456,0.9545454545454546
"F[0,1](((Fibrinogen <= 294.877 & Hct <= 18.631) | HR <= 7.833) & BUN <= 27.385)
",-9999999.000,-9999999.000,0.000,0.000,1.000,1,0,0,21,22,0,1,21,0.045454545454545456,0,0,1.0,0.045454545454545456,0.9545454545454546
"F[0,0](Calcium <= 2.655 | PTT <= 4.302)
",12.324,4.227,0.000,0.000,1.000,1,0,0,21,22,0,1,21,0.045454545454545456,0,0,1.0,0.045454545454545456,0.9545454545454546
"F[1,1]((PaCO2 >= 7.514 | Potassium >= 0.188) | EtCO2 >= 0.103)
",-7390535930092831.000,-0.103,0.000,0.000,1.000,1,0,0,21,22,0,1,21,0.045454545454545456,0,0,1.0,0.045454545454545456,0.9545454545454546
"((Resp <= 25.994) U[0,0] (WBC <= 6.602))
",7433595287175391.000,6.602,0.000,0.000,1.000,1,0,0,21,22,0,1,21,0.045454545454545456,0,0,1.0,0.045454545454545456,0.9545454545454546
"((MAP <= 108.370) U[0,1] (Temp >= 36.558))
",-9999999.000,-9999999.000,0.000,0.000,1.000,1,0,0,21,22,0,1,21,0.045454545454545456,0,0,1.0,0.045454545454545456,0.9545454545454546
"F[0,1](BaseExcess >= -1.434 -> Potassium <= 1.492)
",-9999999.000,-9999999.000,0.000,0.000,1.000,1,0,0,21,22,0,1,21,0.045454545454545456,0,0,1.0,0.045454545454545456,0.9545454545454546
"F[0,1](Hgb <= 3.943 | Hct <= 4.894)
",-9999999.000,-9999999.000,0.000,0.000,1.000,1,0,0,21,22,0,1,21,0.045454545454545456,0,0,1.0,0.045454545454545456,0.9545454545454546
"F[0,1]((Hct <= 5.303 & Phosphate <= 2.415) & Hct <= 2.662)
",-9999999.000,-9999999.000,0.000,0.000,1.000,1,0,0,21,22,0,1,21,0.045454545454545456,0,0,1.0,0.045454545454545456,0.9545454545454546
"((MAP >= 66.655) U[1,2] (SBP <= 145.777))
",-9999999.000,-9999999.000,0.000,0.000,1.000,1,0,0,21,22,0,1,21,0.045454545454545456,0,0,1.0,0.045454545454545456,0.9545454545454546
"((Lactate < 6.910) U[1,2] (SepsisLabel = 0.000))
",-9999999.000,-9999999.000,0.000,0.000,1.000,1,0,0,21,22,0,1,21,0.045454545454545456,0,0,1.0,0.045454545454545456,0.9545454545454546
"((MAP >= 72.061) U[1,2] (SBP <= 145.917))
",-9999999.000,-9999999.000,0.000,0.000,1.000,1,0,0,21,22,0,1,21,0.045454545454545456,0,0,1.0,0.045454545454545456,0.9545454545454546
"F[0,0]((Phosphate >= 0.140 & Magnesium > 0.015) -> Calcium < 5.109)
",-5751666400101140.000,-5.109,0.000,0.000,1.000,1,0,0,21,22,0,1,21,0.045454545454545456,0,0,1.0,0.045454545454545456,0.9545454545454546
"F[0,1](Hgb <= 7.588 | Hct <= 12.500)
",-9999999.000,-9999999.000,0.000,0.000,1.000,1,0,0,21,22,0,1,21,0.045454545454545456,0,0,1.0,0.045454545454545456,0.9545454545454546
"F[0,0](((Fibrinogen >= 1.412 & Magnesium <= 0.433) | EtCO2 >= 0.130) -> Magnesium <= 1.540)
",-3.039,-19.976,0.000,0.000,1.000,1,0,0,21,22,0,1,21,0.045454545454545456,0,0,1.0,0.045454545454545456,0.9545454545454546
"F[0,1](Hgb <= 3.053 | Hct <= 20.118)
",-9999999.000,-9999999.000,0.000,0.000,1.000,1,0,0,21,22,0,1,21,0.045454545454545456,0,0,1.0,0.045454545454545456,0.9545454545454546
"((BaseExcess > -6.093) U[1,1] (SepsisLabel = 0.000))
",6.093,6.093,0.000,0.000,1.000,1,0,0,21,22,0,1,21,0.045454545454545456,0,0,1.0,0.045454545454545456,0.9545454545454546
"F[0,1](Hgb <= 1.388 | Hct <= 12.518)
",-9999999.000,-9999999.000,0.000,0.000,1.000,1,0,0,21,22,0,1,21,0.045454545454545456,0,0,1.0,0.045454545454545456,0.9545454545454546
"F[1,2](((Calcium >= 0.443 -> Hgb >= 0.852) | Temp >= 0.172) | Potassium <= 2.496)
",-9999999.000,-9999999.000,0.000,0.000,1.000,0,0,0,22,22,0,0,22,0.0,0,0,0.0,0.0,1.0
"((MAP >= 85.229) U[0,2] (SBP <= 143.478))
",-9999999.000,-9999999.000,0.000,0.000,1.000,0,0,0,22,22,0,0,22,0.0,0,0,0.0,0.0,1.0
"F[0,2](((Calcium < 7.824 & Potassium < 3.165) & Magnesium < 1.672) & Phosphate < 1.962)
",-9999999.000,-9999999.000,0.000,0.000,1.000,0,0,0,22,22,0,0,22,0.0,0,0,0.0,0.0,1.0
"F[2,2]((Phosphate >= 0.222 & Magnesium > 0.108) -> Calcium < 3.124)
",-3.124,-3.124,0.000,0.000,1.000,0,0,0,22,22,0,0,22,0.0,0,0,0.0,0.0,1.0
"((MAP <= 89.089) U[0,1] (Resp <= 25.037))
",-9999999.000,-9999999.000,0.000,0.000,1.000,0,0,0,22,22,0,0,22,0.0,0,0,0.0,0.0,1.0
"F[1,2](((Hgb <= 2.832 -> SBP >= 96.901) -> SaO2 >= 88.090) -> Hgb <= 155.072)
",-9999999.000,-9999999.000,0.000,0.000,1.000,0,0,0,22,22,0,0,22,0.0,0,0,0.0,0.0,1.0
"F[0,2]((Phosphate >= 0.190 & Magnesium > 0.167) -> Calcium < 3.069)
",-9999999.000,-9999999.000,0.000,0.000,1.000,0,0,0,22,22,0,0,22,0.0,0,0,0.0,0.0,1.0
"F[0,2](EtCO2 <= 37.119 & Potassium >= 0.276)
",-9999999.000,-9999999.000,0.000,0.000,1.000,0,0,0,22,22,0,0,22,0.0,0,0,0.0,0.0,1.0
"((PaCO2 >= 1.532) U[0,2] (PTT >= 0.660))
",-9999999.000,-9999999.000,0.000,0.000,1.000,0,0,0,22,22,0,0,22,0.0,0,0,0.0,0.0,1.0
"((PaCO2 >= 0.110) U[0,2] (Resp <= 26.108))
",-9999999.000,-9999999.000,0.000,0.000,1.000,0,0,0,22,22,0,0,22,0.0,0,0,0.0,0.0,1.0
"F[0,1]((Hct <= 16.482 -> Resp >= 9.102) | TroponinI <= 25.320)
",-9999999.000,-9999999.000,0.000,0.000,1.000,0,0,0,22,22,0,0,22,0.0,0,0,0.0,0.0,1.0
"F[0,2]((Calcium <= 8.414 & Potassium <= 2.645) & Magnesium >= 0.126)
",-9999999.000,-9999999.000,0.000,0.000,1.000,0,0,0,22,22,0,0,22,0.0,0,0,0.0,0.0,1.0
"((MAP >= 79.958) U[0,2] (SBP <= 183.708))
",-9999999.000,-9999999.000,0.000,0.000,1.000,0,0,0,22,22,0,0,22,0.0,0,0,0.0,0.0,1.0
"F[1,2](((FiO2 >= 0.061 & Hgb >= 0.973) -> Hgb <= 2.299) | PTT <= 3.324)
",-9999999.000,-9999999.000,0.000,0.000,1.000,0,0,0,22,22,0,0,22,0.0,0,0,0.0,0.0,1.0
"F[0,2](Magnesium <= 2.109 & SBP >= 111.986)
",-9999999.000,-9999999.000,0.000,0.000,1.000,0,0,0,22,22,0,0,22,0.0,0,0,0.0,0.0,1.0
"((HR <= 86.146) U[0,2] (PTT <= 8.408))
",-9999999.000,-9999999.000,0.000,0.000,1.000,0,0,0,22,22,0,0,22,0.0,0,0,0.0,0.0,1.0
"F[1,1](((Phosphate >= 0.074 | SBP >= 129.019) -> DBP <= 152.922) | Creatinine <= 153.687)
",153.687,153.687,0.000,0.000,1.000,0,0,0,22,22,0,0,22,0.0,0,0,0.0,0.0,1.0
"F[1,2](DBP >= 51.714 | Magnesium <= 1.414)
",-9999999.000,-9999999.000,0.000,0.000,1.000,0,0,0,22,22,0,0,22,0.0,0,0,0.0,0.0,1.0
"((DBP <= 66.578) U[2,2] (Phosphate <= 0.400))
",4685025389004348.000,66.578,0.000,0.000,1.000,0,0,0,22,22,0,0,22,0.0,0,0,0.0,0.0,1.0
"((MAP >= 77.202) U[0,1] (SBP <= 163.881))
",-9999999.000,-9999999.000,0.000,0.000,1.000,0,0,0,22,22,0,0,22,0.0,0,0,0.0,0.0,1.0
"F[1,2](AST <= 38.426 -> FiO2 <= 0.314)
",-9999999.000,-9999999.000,0.000,0.000,1.000,0,0,0,22,22,0,0,22,0.0,0,0,0.0,0.0,1.0
"F[1,2]((Alkalinephos <= 10.187 -> FiO2 >= 0.028) & PTT <= 0.935)
",-9999999.000,-9999999.000,0.000,0.000,1.000,0,0,0,22,22,0,0,22,0.0,0,0,0.0,0.0,1.0
"F[2,2](((Calcium < 8.223 & Potassium < 4.279) & Magnesium < 0.807) & Phosphate < 3.235)
",7272651613059359.000,0.807,0.000,0.000,1.000,0,0,0,22,22,0,0,22,0.0,0,0,0.0,0.0,1.0
"F[1,2]((Hct >= 1.964 | O2Sat >= 92.556) -> WBC >= 90.146)
",-9999999.000,-9999999.000,0.000,0.000,1.000,0,0,0,22,22,0,0,22,0.0,0,0,0.0,0.0,1.0
"F[0,2](Hgb <= 6.970 | Hct <= 11.350)
",-9999999.000,-9999999.000,0.000,0.000,1.000,0,0,0,22,22,0,0,22,0.0,0,0,0.0,0.0,1.0
"F[1,2]((HR >= 79.373 & Phosphate >= 0.072) | Creatinine <= 3.652)
",-9999999.000,-9999999.000,0.000,0.000,1.000,0,0,0,22,22,0,0,22,0.0,0,0,0.0,0.0,1.0
"((DBP >= 58.691) U[0,1] (Fibrinogen <= 226.480))
",-9999999.000,-9999999.000,0.000,0.000,1.000,0,0,0,22,22,0,0,22,0.0,0,0,0.0,0.0,1.0
"F[0,1](((BUN >= 1.390 | Lactate >= 0.500) & Chloride >= 0.465) | Alkalinephos <= 8.921)
",-9999999.000,-9999999.000,0.000,0.000,1.000,0,0,0,22,22,0,0,22,0.0,0,0,0.0,0.0,1.0
"F[1,2](((pH <= 6.191 | SBP >= 111.950) -> Potassium >= 138.366) & Creatinine >= 127.655)
",-9999999.000,-9999999.000,0.000,0.000,1.000,0,0,0,22,22,0,0,22,0.0,0,0,0.0,0.0,1.0
"F[2,2]((Magnesium >= 0.181 | PaCO2 <= 38.761) & Fibrinogen <= 50.760)
",5455180294473313.000,38.761,0.000,0.000,1.000,0,0,0,22,22,0,0,22,0.0,0,0,0.0,0.0,1.0
"F[1,2](Magnesium >= 0.106 -> SepsisLabel = 0.000)
",-9999999.000,-9999999.000,0.000,0.000,1.000,0,0,0,22,22,0,0,22,0.0,0,0,0.0,0.0,1.0
"F[0,1](((pH >= 0.365 -> Phosphate <= 2.959) & PTT <= 0.985) | EtCO2 >= 0.011)
",-9999999.000,-9999999.000,0.000,0.000,1.000,0,0,0,22,22,0,0,22,0.0,0,0,0.0,0.0,1.0
"((HR < 82.109) U[0,2] (SepsisLabel = 0.000))
",-9999999.000,-9999999.000,0.000,0.000,1.000,0,0,0,22,22,0,0,22,0.0,0,0,0.0,0.0,1.0
"F[0,2]((Fibrinogen >= 14.981 & FiO2 <= 0.915) & Alkalinephos <= 0.437)
",-9999999.000,-9999999.000,0.000,0.000,1.000,0,0,0,22,22,0,0,22,0.0,0,0,0.0,0.0,1.0
"F[0,2]((Hgb >= 1.033 | Temp <= 37.174) -> Magnesium <= 37.593)
",-9999999.000,-9999999.000,0.000,0.000,1.000,0,0,0,22,22,0,0,22,0.0,0,0,0.0,0.0,1.0
"((BaseExcess >= -7.442) U[0,1] (SepsisLabel = 0.000))
",-9999999.000,-9999999.000,0.000,0.000,1.000,0,0,0,22,22,0,0,22,0.0,0,0,0.0,0.0,1.0
"F[2,2]((Glucose <= 95.135 & Platelets <= 10.631) | EtCO2 <= 41.268)
",5807978209297151.000,41.268,0.000,0.000,1.000,0,0,0,22,22,0,0,22,0.0,0,0,0.0,0.0,1.0
"F[1,2](PaCO2 < 23.717 & SepsisLabel = 0.000)
",-9999999.000,-9999999.000,0.000,0.000,1.000,0,0,0,22,22,0,0,22,0.0,0,0,0.0,0.0,1.0
"((EtCO2 <= 38.205) U[0,1] (SepsisLabel = 0.000))
",-9999999.000,-9999999.000,0.000,0.000,1.000,0,0,0,22,22,0,0,22,0.0,0,0,0.0,0.0,1.0
"F[0,2](BUN <= 9.636 -> Chloride >= 4.472)
",-9999999.000,-9999999.000,0.000,0.000,1.000,0,0,0,22,22,0,0,22,0.0,0,0,0.0,0.0,1.0
"F[1,2](Bilirubin_direct <= 0.000 -> SepsisLabel = 0.000)
",-9999999.000,-9999999.000,0.000,0.000,1.000,0,0,0,22,22,0,0,22,0.0,0,0,0.0,0.0,1.0
"F[0,2](((Chloride >= 11.486 -> Phosphate <= 1.269) -> SepsisLabel >= 0.187) | DBP >= 0.005)
",-9999999.000,-9999999.000,0.000,0.000,1.000,0,0,0,22,22,0,0,22,0.0,0,0,0.0,0.0,1.0
"((O2Sat >= 93.963) U[0,1] (SepsisLabel = 0.000))
",-9999999.000,-9999999.000,0.000,0.000,1.000,0,0,0,22,22,0,0,22,0.0,0,0,0.0,0.0,1.0
"F[1,2]((Potassium <= 4.027 | Resp <= 21.883) | pH >= 13.529)
",-9999999.000,-9999999.000,0.000,0.000,1.000,0,0,0,22,22,0,0,22,0.0,0,0,0.0,0.0,1.0
"F[1,2](((Glucose >= 60.257 & PTT >= 0.582) & Platelets <= 10.313) -> BaseExcess <= 22.388)
",-9999999.000,-9999999.000,0.000,0.000,1.000,0,0,0,22,22,0,0,22,0.0,0,0,0.0,0.0,1.0
"((Hct >= 2.963) U[0,2] (SepsisLabel = 0.000))
",-9999999.000,-9999999.000,0.000,0.000,1.000,0,0,0,22,22,0,0,22,0.0,0,0,0.0,0.0,1.0
"F[0,2](((Lactate <= 6.149 -> Platelets >= 1.061) | SaO2 >= 1.008) -> Phosphate >= 7.078)
",-9999999.000,-9999999.000,0.000,0.000,1.000,0,0,0,22,22,0,0,22,0.0,0,0,0.0,0.0,1.0
"F[1,1](((AST >= 0.298 | Glucose <= 201.602) -> MAP <= 120.594) | Hct <= 173.884)
",6118016467238817.000,173.884,0.000,0.000,1.000,0,0,0,22,22,0,0,22,0.0,0,0,0.0,0.0,1.0
"((Hct <= 14.490) U[2,2] (SepsisLabel = 0.000))
",8157234687907395.000,14.490,0.000,0.000,1.000,0,0,0,22,22,0,0,22,0.0,0,0,0.0,0.0,1.0
"F[0,2](EtCO2 < 38.040 -> SepsisLabel = 0.000)
",-9999999.000,-9999999.000,0.000,0.000,1.000,0,0,0,22,22,0,0,22,0.0,0,0,0.0,0.0,1.0
"F[2,2](Platelets >= 4.941 -> SepsisLabel = 0.000)
",0.000,0.000,0.000,0.000,1.000,0,0,0,22,22,0,0,22,0.0,0,0,0.0,0.0,1.0
"F[0,2](((Chloride >= 1.899 & SBP <= 172.926) | Hct >= 127.982) -> PaCO2 >= 88.847)
",-9999999.000,-9999999.000,0.000,0.000,1.000,0,0,0,22,22,0,0,22,0.0,0,0,0.0,0.0,1.0
"((FiO2 >= 0.114) U[0,2] (O2Sat <= 97.571))
",-9999999.000,-9999999.000,0.000,0.000,1.000,0,0,0,22,22,0,0,22,0.0,0,0,0.0,0.0,1.0
"F[0,2](Bilirubin_direct > 0.000 & SepsisLabel = 0.000)
",-9999999.000,-9999999.000,0.000,0.000,1.000,0,0,0,22,22,0,0,22,0.0,0,0,0.0,0.0,1.0
"F[0,1]((Chloride <= 51.017 | Resp >= 2.013) | Phosphate <= 25.101)
",-9999999.000,-9999999.000,0.000,0.000,1.000,0,0,0,22,22,0,0,22,0.0,0,0,0.0,0.0,1.0
"F[0,2](((Bilirubin_total <= 1.247 | PaCO2 <= 49.745) & HR >= 1.200) & pH >= 4.120)
",-9999999.000,-9999999.000,0.000,0.000,1.000,0,0,0,22,22,0,0,22,0.0,0,0,0.0,0.0,1.0
"F[0,2]((Hct <= 13.747 & SBP >= 125.458) | Platelets <= 168.243)
",-9999999.000,-9999999.000,0.000,0.000,1.000,0,0,0,22,22,0,0,22,0.0,0,0,0.0,0.0,1.0
"F[0,2](((O2Sat <= 98.040 -> pH <= 4.096) | EtCO2 >= 1.015) -> TroponinI >= 0.771)
",-9999999.000,-9999999.000,0.000,0.000,1.000,0,0,0,22,22,0,0,22,0.0,0,0,0.0,0.0,1.0
"F[0,1]((Alkalinephos >= 0.229 -> PaCO2 <= 14.222) & Chloride <= 42.346)
",-9999999.000,-9999999.000,0.000,0.000,1.000,0,0,0,22,22,0,0,22,0.0,0,0,0.0,0.0,1.0
"F[0,2]((EtCO2 >= 20.318 & Glucose >= 21.319) | Glucose <= 155.644)
",-9999999.000,-9999999.000,0.000,0.000,1.000,0,0,0,22,22,0,0,22,0.0,0,0,0.0,0.0,1.0
"((MAP >= 80.935) U[0,1] (SBP <= 166.848))
",-9999999.000,-9999999.000,0.000,0.000,1.000,0,0,0,22,22,0,0,22,0.0,0,0,0.0,0.0,1.0
"F[1,1](((HCO3 <= 12.144 -> PTT >= 0.409) & Potassium >= 0.533) | PTT <= 7.862)
",4426179890713275.000,7.862,0.000,0.000,1.000,0,0,0,22,22,0,0,22,0.0,0,0,0.0,0.0,1.0
"F[0,2]((Calcium <= 1.866 & Potassium <= 1.572) & Magnesium >= 0.094)
",-9999999.000,-9999999.000,0.000,0.000,1.000,0,0,0,22,22,0,0,22,0.0,0,0,0.0,0.0,1.0
"((Hct <= 24.678) U[2,2] (PaCO2 <= 26.271))
",26.271,26.271,0.000,0.000,1.000,0,0,0,22,22,0,0,22,0.0,0,0,0.0,0.0,1.0
"((Potassium <= 3.372) U[2,2] (SBP <= 172.191))
",3029212789971906.000,172.191,0.000,0.000,1.000,0,0,0,22,22,0,0,22,0.0,0,0,0.0,0.0,1.0
"F[1,2](Hgb <= 2.995 | Hct <= 19.611)
",-9999999.000,-9999999.000,0.000,0.000,1.000,0,0,0,22,22,0,0,22,0.0,0,0,0.0,0.0,1.0
"F[1,2](AST <= 48.295 | SaO2 >= 0.154)
",-9999999.000,-9999999.000,0.000,0.000,1.000,0,0,0,22,22,0,0,22,0.0,0,0,0.0,0.0,1.0
"F[2,2](Bilirubin_total <= 0.668 | HCO3 <= 5.137)
",2891972376356990.000,5.137,0.000,0.000,1.000,0,0,0,22,22,0,0,22,0.0,0,0,0.0,0.0,1.0
"((MAP >= 80.006) U[0,2] (SBP <= 146.726))
",-9999999.000,-9999999.000,0.000,0.000,1.000,0,0,0,22,22,0,0,22,0.0,0,0,0.0,0.0,1.0
"F[0,2]((Alkalinephos >= 0.615 & HCO3 >= 0.190) | TroponinI >= 0.014)
",-9999999.000,-9999999.000,0.000,0.000,1.000,0,0,0,22,22,0,0,22,0.0,0,0,0.0,0.0,1.0
"F[0,2]((O2Sat >= 89.184 & Platelets <= 48.477) | Phosphate <= 19.373)
",-9999999.000,-9999999.000,0.000,0.000,1.000,0,0,0,22,22,0,0,22,0.0,0,0,0.0,0.0,1.0
"F[0,1]((Phosphate >= 0.157 & Magnesium > 0.026) -> Calcium < 6.675)
",-9999999.000,-9999999.000,0.000,0.000,1.000,0,0,0,22,22,0,0,22,0.0,0,0,0.0,0.0,1.0
"F[1,2](((EtCO2 >= 17.754 & Resp >= 5.696) & SepsisLabel <= 25.164) & SaO2 <= 25.983)
",-9999999.000,-9999999.000,0.000,0.000,1.000,0,0,0,22,22,0,0,22,0.0,0,0,0.0,0.0,1.0
"F[1,2](((Calcium <= 6.820 | SaO2 >= 1.444) & Lactate >= 0.093) | Bilirubin_direct >= 2.039)
",-9999999.000,-9999999.000,0.000,0.000,1.000,0,0,0,22,22,0,0,22,0.0,0,0,0.0,0.0,1.0
"F[0,2](((Calcium < 3.186 & Potassium < 4.927) & Magnesium < 0.835) & Phosphate < 3.597)
",-9999999.000,-9999999.000,0.000,0.000,1.000,0,0,0,22,22,0,0,22,0.0,0,0,0.0,0.0,1.0
"F[0,2]((EtCO2 <= 33.933 | PaCO2 <= 17.931) | BaseExcess >= 0.017)
",-9999999.000,-9999999.000,0.000,0.000,1.000,0,0,0,22,22,0,0,22,0.0,0,0,0.0,0.0,1.0
"F[0,2](Hgb <= 7.723 | Hct <= 14.959)
",-9999999.000,-9999999.000,0.000,0.000,1.000,0,0,0,22,22,0,0,22,0.0,0,0,0.0,0.0,1.0
"F[0,0](((BaseExcess >= -8.018 & HR <= 87.811) | FiO2 <= 83.293) | TroponinI <= 88.309)
",88.309,88.309,0.000,0.000,1.000,0,0,0,22,22,0,0,22,0.0,0,0,0.0,0.0,1.0
"((MAP >= 78.219) U[0,2] (SBP <= 179.567))
",-9999999.000,-9999999.000,0.000,0.000,1.000,0,0,0,22,22,0,0,22,0.0,0,0,0.0,0.0,1.0
"F[1,2](((AST <= 41.228 -> MAP >= 72.992) -> FiO2 >= 72.872) | Lactate <= 91.224)
",-9999999.000,-9999999.000,0.000,0.000,1.000,0,0,0,22,22,0,0,22,0.0,0,0,0.0,0.0,1.0
"F[0,2](((Calcium < 5.242 & Potassium < 4.464) & Magnesium < 2.271) & Phosphate < 0.850)
",-9999999.000,-9999999.000,0.000,0.000,1.000,0,0,0,22,22,0,0,22,0.0,0,0,0.0,0.0,1.0
"F[0,1](((AST >= 0.812 -> DBP >= 64.804) | Glucose >= 61.324) | O2Sat >= 63.293)
",-9999999.000,-9999999.000,0.000,0.000,1.000,0,0,0,22,22,0,0,22,0.0,0,0,0.0,0.0,1.0
"((MAP >= 71.084) U[2,2] (SBP <= 170.146))
",2993240598105778.000,170.146,0.000,0.000,1.000,0,0,0,22,22,0,0,22,0.0,0,0,0.0,0.0,1.0
"F[1,2]((Phosphate >= 0.189 & Magnesium > 0.123) -> Calcium < 6.453)
",-9999999.000,-9999999.000,0.000,0.000,1.000,0,0,0,22,22,0,0,22,0.0,0,0,0.0,0.0,1.0
"((Hgb >= 0.860) U[0,2] (pH <= 7.014))
",-9999999.000,-9999999.000,0.000,0.000,1.000,0,0,0,22,22,0,0,22,0.0,0,0,0.0,0.0,1.0
"F[2,2](((Calcium < 7.033 & Potassium < 2.366) & Magnesium < 0.381) & Phosphate < 2.469)
",6856882185271567.000,0.381,0.000,0.000,1.000,0,0,0,22,22,0,0,22,0.0,0,0,0.0,0.0,1.0
"F[0,1](((Resp <= 26.376 & WBC <= 4.397) & Resp >= 0.835) -> AST <= 4.185)
",-9999999.000,-9999999.000,0.000,0.000,1.000,0,0,0,22,22,0,0,22,0.0,0,0,0.0,0.0,1.0
"F[2,2](((Calcium <= 3.672 | Lactate <= 3.583) | Bilirubin_direct >= 0.032) -> FiO2 >= 0.285)
",-8268691357577002.000,-3.672,0.000,0.000,1.000,0,0,0,22,22,0,0,22,0.0,0,0,0.0,0.0,1.0
"F[1,1](FiO2 <= 0.668 | Hct >= 2.853)
",6015929915374145.000,0.668,0.000,0.000,1.000,0,0,0,22,22,0,0,22,0.0,0,0,0.0,0.0,1.0
"F[0,2]((DBP <= 67.772 & O2Sat >= 95.355) -> Hct <= 99.772)
",-9999999.000,-9999999.000,0.000,0.000,1.000,0,0,0,22,22,0,0,22,0.0,0,0,0.0,0.0,1.0
"F[1,2](((Fibrinogen >= 10.571 & HCO3 >= 0.004) | Creatinine <= 6.534) -> Bilirubin_direct >= 0.132)
",-9999999.000,-9999999.000,0.000,0.000,1.000,0,0,0,22,22,0,0,22,0.0,0,0,0.0,0.0,1.0
"F[1,2]((Fibrinogen >= 10.136 & MAP >= 80.133) & Potassium >= 76.981)
",-9999999.000,-9999999.000,0.000,0.000,1.000,0,0,0,22,22,0,0,22,0.0,0,0,0.0,0.0,1.0
"F[0,1]((Creatinine <= 0.285 | MAP >= 78.092) -> Phosphate <= 112.983)
",-9999999.000,-9999999.000,0.000,0.000,1.000,0,0,0,22,22,0,0,22,0.0,0,0,0.0,0.0,1.0
"F[2,2](Platelets <= 94.177 & SBP <= 159.576)
",6627136029520257.000,94.177,0.000,0.000,1.000,0,0,0,22,22,0,0,22,0.0,0,0,0.0,0.0,1.0
"F[1,1](((EtCO2 <= 42.386 -> Hct >= 1.436) -> Alkalinephos >= 2.402) | SepsisLabel <= 26.144)
",7359000038779533.000,26.144,0.000,0.000,1.000,0,0,0,22,22,0,0,22,0.0,0,0,0.0,0.0,1.0
"F[1,1]((Magnesium >= 0.010 | Resp >= 10.148) | Bilirubin_total <= 23.766)
",6689621448947425.000,23.766,0.000,0.000,1.000,0,0,0,22,22,0,0,22,0.0,0,0,0.0,0.0,1.0
"F[0,1]((HR >= 61.146 & Lactate >= 0.274) | Temp >= 0.285)
",-9999999.000,-9999999.000,0.000,0.000,1.000,0,0,0,22,22,0,0,22,0.0,0,0,0.0,0.0,1.0
"F[1,2](((MAP >= 67.966 & Phosphate >= 0.206) | O2Sat >= 0.119) -> BUN >= 0.144)
",-9999999.000,-9999999.000,0.000,0.000,1.000,0,0,0,22,22,0,0,22,0.0,0,0,0.0,0.0,1.0
"F[1,2]((Glucose <= 94.644 & SBP >= 84.879) | EtCO2 >= 105.178)
",-9999999.000,-9999999.000,0.000,0.000,1.000,0,0,0,22,22,0,0,22,0.0,0,0,0.0,0.0,1.0
"F[0,2]((Magnesium >= 0.155 & MAP >= 77.708) & Fibrinogen >= 71.378)
",-9999999.000,-9999999.000,0.000,0.000,1.000,0,0,0,22,22,0,0,22,0.0,0,0,0.0,0.0,1.0
"F[0,2](((Calcium < 7.771 & Potassium < 3.889) & Magnesium < 0.419) & Phosphate < 1.458)
",-9999999.000,-9999999.000,0.000,0.000,1.000,0,0,0,22,22,0,0,22,0.0,0,0,0.0,0.0,1.0
"F[0,2]((Phosphate >= 0.015 & Magnesium > 0.042) -> Calcium < 3.280)
",-9999999.000,-9999999.000,0.000,0.000,1.000,0,0,0,22,22,0,0,22,0.0,0,0,0.0,0.0,1.0
"F[0,1]((SaO2 >= 0.104 -> WBC <= 5.138) & Magnesium <= 7.201)
",-9999999.000,-9999999.000,0.000,0.000,1.000,0,0,0,22,22,0,0,22,0.0,0,0,0.0,0.0,1.0
"F[1,1]((Alkalinephos >= 0.421 -> Lactate >= 0.195) -> HR >= 0.112)
",-0.195,-0.195,0.000,0.000,1.000,0,0,0,22,22,0,0,22,0.0,0,0,0.0,0.0,1.0
"F[1,2](((Calcium < 8.362 & Potassium < 4.426) & Magnesium < 1.018) & Phosphate < 1.512)
",-9999999.000,-9999999.000,0.000,0.000,1.000,0,0,0,22,22,0,0,22,0.0,0,0,0.0,0.0,1.0
"F[2,2](AST <= 8.873 & Lactate >= 0.297)
",-2675319134868894.000,-0.297,0.000,0.000,1.000,0,0,0,22,22,0,0,22,0.0,0,0,0.0,0.0,1.0
"F[0,1](((AST <= 28.808 | HR <= 86.478) & BUN <= 89.096) | Creatinine <= 83.909)
",-9999999.000,-9999999.000,0.000,0.000,1.000,0,0,0,22,22,0,0,22,0.0,0,0,0.0,0.0,1.0
"F[2,2]((Alkalinephos <= 11.211 | HR <= 84.378) | pH >= 75.496)
",84.378,84.378,0.000,0.000,1.000,0,0,0,22,22,0,0,22,0.0,0,0,0.0,0.0,1.0
"F[2,2](Creatinine <= 0.573 | SaO2 >= 1.604)
",5164695090616721.000,0.573,0.000,0.000,1.000,0,0,0,22,22,0,0,22,0.0,0,0,0.0,0.0,1.0
"F[0,2]((BaseExcess <= -0.201 | Creatinine <= 0.500) | DBP <= 0.779)
",-9999999.000,-9999999.000,0.000,0.000,1.000,0,0,0,22,22,0,0,22,0.0,0,0,0.0,0.0,1.0
"F[0,2]((Calcium <= 6.159 & Potassium <= 2.622) & Magnesium >= 0.046)
",-9999999.000,-9999999.000,0.000,0.000,1.000,0,0,0,22,22,0,0,22,0.0,0,0,0.0,0.0,1.0
"F[0,0]((Magnesium <= 0.425 -> SaO2 <= 4.670) | Calcium <= 82.395)
",82.395,82.395,0.000,0.000,1.000,0,0,0,22,22,0,0,22,0.0,0,0,0.0,0.0,1.0
"F[2,2](((BUN <= 17.475 -> SaO2 >= 1.472) -> Alkalinephos >= 0.487) & PaCO2 >= 0.528)
",-2379471935749130.500,-0.528,0.000,0.000,1.000,0,0,0,22,22,0,0,22,0.0,0,0,0.0,0.0,1.0
"F[2,2](((BaseExcess >= -8.374 -> BUN <= 2.634) & O2Sat >= 1.012) -> O2Sat <= 22.155)
",-22.155,-22.155,0.000,0.000,1.000,0,0,0,22,22,0,0,22,0.0,0,0,0.0,0.0,1.0
"((BUN >= 1.350) U[2,2] (HCO3 <= 6.647))
",3741885359078030.000,6.647,0.000,0.000,1.000,0,0,0,22,22,0,0,22,0.0,0,0,0.0,0.0,1.0
"((Phosphate <= 3.054) U[0,2] (SaO2 <= 76.273))
",-9999999.000,-9999999.000,0.000,0.000,1.000,0,0,0,22,22,0,0,22,0.0,0,0,0.0,0.0,1.0
"F[1,2](Hgb <= 6.242 | Hct <= 27.153)
",-9999999.000,-9999999.000,0.000,0.000,1.000,0,0,0,22,22,0,0,22,0.0,0,0,0.0,0.0,1.0
"F[1,2]((HCO3 <= 8.261 | Phosphate <= 2.619) -> Calcium <= 3.324)
",-9999999.000,-9999999.000,0.000,0.000,1.000,0,0,0,22,22,0,0,22,0.0,0,0,0.0,0.0,1.0
"F[0,1](((Creatinine <= 0.380 & PaCO2 <= 26.888) -> Alkalinephos >= 0.515) | FiO2 <= 32.823)
",-9999999.000,-9999999.000,0.000,0.000,1.000,0,0,0,22,22,0,0,22,0.0,0,0,0.0,0.0,1.0
"((Temp >= 36.982) U[0,0] (SepsisLabel = 0.000))
",22.183,59.063,0.000,0.000,1.000,0,0,0,22,22,0,0,22,0.0,0,0,0.0,0.0,1.0
"F[0,2](((AST <= 29.251 -> EtCO2 <= 39.763) | Bilirubin_direct >= 25.255) | Bilirubin_total <= 40.195)
",-9999999.000,-9999999.000,0.000,0.000,1.000,0,0,0,22,22,0,0,22,0.0,0,0,0.0,0.0,1.0
"F[2,2](Platelets >= 2.423 & WBC >= 0.093)
",-2727525093398282.000,-2.423,0.000,0.000,1.000,0,0,0,22,22,0,0,22,0.0,0,0,0.0,0.0,1.0
"F[0,2](((Magnesium <= 0.298 -> WBC <= 4.650) & PaCO2 <= 5.202) -> Glucose <= 3.420)
",-9999999.000,-9999999.000,0.000,0.000,1.000,0,0,0,22,22,0,0,22,0.0,0,0,0.0,0.0,1.0
"F[0,1](((DBP >= 61.985 -> MAP >= 85.089) -> Calcium >= 77.634) -> Calcium <= 88.334)
",-9999999.000,-9999999.000,0.000,0.000,1.000,0,0,0,22,22,0,0,22,0.0,0,0,0.0,0.0,1.0
"F[0,2](((Alkalinephos >= 0.069 | Phosphate <= 1.559) & Phosphate <= 1.286) & FiO2 <= 2.860)
",-9999999.000,-9999999.000,0.000,0.000,1.000,0,0,0,22,22,0,0,22,0.0,0,0,0.0,0.0,1.0
"F[0,1](AST >= 0.418 -> Hct <= 23.120)
",-9999999.000,-9999999.000,0.000,0.000,1.000,0,0,0,22,22,0,0,22,0.0,0,0,0.0,0.0,1.0
"F[1,2](((DBP <= 94.201 | Glucose >= 51.171) | Glucose >= 41.802) | Resp <= 176.658)
",-9999999.000,-9999999.000,0.000,0.000,1.000,0,0,0,22,22,0,0,22,0.0,0,0,0.0,0.0,1.0
"F[0,2](((Hct <= 3.309 & Platelets >= 9.132) | Alkalinephos >= 1.374) | BaseExcess >= 1.896)
",-9999999.000,-9999999.000,0.000,0.000,1.000,0,0,0,22,22,0,0,22,0.0,0,0,0.0,0.0,1.0
"F[0,2](((Alkalinephos >= 0.071 | Hgb <= 4.398) | HR >= 0.236) & Temp <= 1.780)
",-9999999.000,-9999999.000,0.000,0.000,1.000,0,0,0,22,22,0,0,22,0.0,0,0,0.0,0.0,1.0
"F[2,2]((Hct >= 1.952 -> WBC >= 0.728) & HCO3 >= 0.411)
",-7405695364435181.000,-0.411,0.000,0.000,1.000,0,0,0,22,22,0,0,22,0.0,0,0,0.0,0.0,1.0
"F[0,2]((Creatinine >= 0.112 -> Phosphate >= 0.103) -> Temp >= 0.099)
",-9999999.000,-9999999.000,0.000,0.000,1.000,0,0,0,22,22,0,0,22,0.0,0,0,0.0,0.0,1.0
"F[1,2](((DBP <= 66.388 & EtCO2 <= 43.059) | Lactate >= 23.393) & Glucose >= 21.143)
",-9999999.000,-9999999.000,0.000,0.000,1.000,0,0,0,22,22,0,0,22,0.0,0,0,0.0,0.0,1.0
"F[2,2](BaseExcess <= -0.087 | Chloride >= 12.033)
",-3151156487528738.000,-0.087,0.000,0.000,1.000,0,0,0,22,22,0,0,22,0.0,0,0,0.0,0.0,1.0
"F[0,2](((Bilirubin_total <= 0.139 -> BUN <= 1.821) | Chloride <= 5.862) | FiO2 >= 0.398)
",-9999999.000,-9999999.000,0.000,0.000,1.000,0,0,0,22,22,0,0,22,0.0,0,0,0.0,0.0,1.0
"F[1,2](((AST <= 45.642 -> BUN >= 0.510) & Alkalinephos <= 7.493) | PaCO2 >= 0.757)
",-9999999.000,-9999999.000,0.000,0.000,1.000,0,0,0,22,22,0,0,22,0.0,0,0,0.0,0.0,1.0
"F[1,2](((Calcium >= 0.593 | Magnesium <= 0.969) | Hct <= 0.412) -> Platelets <= 2.389)
",-9999999.000,-9999999.000,0.000,0.000,1.000,0,0,0,22,22,0,0,22,0.0,0,0,0.0,0.0,1.0
"F[1,2]((Alkalinephos <= 14.094 -> Creatinine <= 0.869) -> HR <= 0.593)
",-9999999.000,-9999999.000,0.000,0.000,1.000,0,0,0,22,22,0,0,22,0.0,0,0,0.0,0.0,1.0
"F[1,1]((Alkalinephos <= 3.417 & Platelets <= 66.753) | Creatinine <= 41.706)
",5869646245405839.000,41.706,0.000,0.000,1.000,0,0,0,22,22,0,0,22,0.0,0,0,0.0,0.0,1.0
"F[0,2]((PaCO2 >= 6.533 & SaO2 >= 1.589) -> BUN >= 2.088)
",-9999999.000,-9999999.000,0.000,0.000,1.000,0,0,0,22,22,0,0,22,0.0,0,0,0.0,0.0,1.0
"((BaseExcess <= -0.112) U[2,2] (PaCO2 >= 3.560))
",-4019540993262874.000,-0.112,0.000,0.000,1.000,0,0,0,22,22,0,0,22,0.0,0,0,0.0,0.0,1.0
"F[1,1](((BUN <= 18.598 | Creatinine >= 0.102) | Alkalinephos <= 0.691) | Glucose >= 0.096)
",5234794026469279.000,18.598,0.000,0.000,1.000,0,0,0,22,22,0,0,22,0.0,0,0,0.0,0.0,1.0
"F[0,1]((Resp <= 24.489 -> Temp <= 37.139) | pH <= 37.257)
",-9999999.000,-9999999.000,0.000,0.000,1.000,0,0,0,22,22,0,0,22,0.0,0,0,0.0,0.0,1.0
"F[0,0]((HCO3 >= 0.266 & pH <= 7.039) | Potassium <= 6.012)
",6.012,6.012,0.000,0.000,1.000,0,0,0,22,22,0,0,22,0.0,0,0,0.0,0.0,1.0
"F[1,2](Alkalinephos >= 0.567 & AST <= 43.754)
",-9999999.000,-9999999.000,0.000,0.000,1.000,0,0,0,22,22,0,0,22,0.0,0,0,0.0,0.0,1.0
"F[1,2](AST <= 24.479 -> Temp >= 36.551)
",-9999999.000,-9999999.000,0.000,0.000,1.000,0,0,0,22,22,0,0,22,0.0,0,0,0.0,0.0,1.0
"F[1,2](Resp >= 15.337 & SepsisLabel = 0.000)
",-9999999.000,-9999999.000,0.000,0.000,1.000,0,0,0,22,22,0,0,22,0.0,0,0,0.0,0.0,1.0
"((Calcium > 0.242) U[0,1] (SepsisLabel = 0.000))
",-9999999.000,-9999999.000,0.000,0.000,1.000,0,0,0,22,22,0,0,22,0.0,0,0,0.0,0.0,1.0
"F[1,2](((BaseExcess <= -0.093 | Temp >= 36.945) | EtCO2 <= 37.484) & Bilirubin_direct <= 37.179)
",-9999999.000,-9999999.000,0.000,0.000,1.000,0,0,0,22,22,0,0,22,0.0,0,0,0.0,0.0,1.0
"F[0,2]((HR <= 84.067 & O2Sat >= 91.266) | Fibrinogen <= 96.662)
",-9999999.000,-9999999.000,0.000,0.000,1.000,0,0,0,22,22,0,0,22,0.0,0,0,0.0,0.0,1.0
"F[2,2](((PTT >= 0.751 | Temp <= 37.493) -> Fibrinogen <= 37.212) & Creatinine <= 37.364)
",-2638357450461614.000,-37.493,0.000,0.000,1.000,0,0,0,22,22,0,0,22,0.0,0,0,0.0,0.0,1.0
"F[0,1](((BUN >= 0.726 | WBC <= 7.140) | Fibrinogen >= 0.580) & Creatinine <= 8.275)
",-9999999.000,-9999999.000,0.000,0.000,1.000,0,0,0,22,22,0,0,22,0.0,0,0,0.0,0.0,1.0
"((Fibrinogen <= 289.368) U[2,2] (Potassium >= 0.038))
",5090617581371660.000,289.368,0.000,0.000,1.000,0,0,0,22,22,0,0,22,0.0,0,0,0.0,0.0,1.0
"F[0,1]((Chloride >= 3.714 -> Lactate >= 0.513) | Potassium >= 0.149)
",-9999999.000,-9999999.000,0.000,0.000,1.000,0,0,0,22,22,0,0,22,0.0,0,0,0.0,0.0,1.0
"F[0,2](((Calcium <= 6.869 & Fibrinogen >= 11.252) | pH >= 5.711) | PaCO2 >= 4.960)
",-9999999.000,-9999999.000,0.000,0.000,1.000,0,0,0,22,22,0,0,22,0.0,0,0,0.0,0.0,1.0
"F[0,1](((BUN >= 0.780 | Hgb <= 7.746) & EtCO2 <= 4.799) -> Potassium <= 4.640)
",-9999999.000,-9999999.000,0.000,0.000,1.000,0,0,0,22,22,0,0,22,0.0,0,0,0.0,0.0,1.0
"F[1,2](Hgb <= 2.186 -> Phosphate <= 2.329)
",-9999999.000,-9999999.000,0.000,0.000,1.000,0,0,0,22,22,0,0,22,0.0,0,0,0.0,0.0,1.0
"F[0,1]((FiO2 <= 0.140 -> Lactate >= 0.318) -> Lactate >= 0.188)
",-9999999.000,-9999999.000,0.000,0.000,1.000,0,0,0,22,22,0,0,22,0.0,0,0,0.0,0.0,1.0
"F[0,1]((Lactate <= 7.137 | PaCO2 >= 2.688) & BaseExcess <= 17.210)
",-9999999.000,-9999999.000,0.000,0.000,1.000,0,0,0,22,22,0,0,22,0.0,0,0,0.0,0.0,1.0
"((Fibrinogen >= 17.708) U[2,2] (PTT >= 0.828))
",-0.828,-0.828,0.000,0.000,1.000,0,0,0,22,22,0,0,22,0.0,0,0,0.0,0.0,1.0
"F[0,0](((Creatinine >= 0.005 | Hct >= 2.632) -> O2Sat <= 17.829) | SepsisLabel <= 25.212)
",7096542396483439.000,25.212,0.000,0.000,1.000,0,0,0,22,22,0,0,22,0.0,0,0,0.0,0.0,1.0
"F[0,2](((Calcium >= 0.691 & Potassium <= 4.752) | Bilirubin_total <= 3.215) & O2Sat <= 2.216)
",-9999999.000,-9999999.000,0.000,0.000,1.000,0,0,0,22,22,0,0,22,0.0,0,0,0.0,0.0,1.0
"F[1,2](((Fibrinogen >= 12.570 | Phosphate >= 0.157) -> Phosphate <= 3.219) -> DBP <= 2.426)
",-9999999.000,-9999999.000,0.000,0.000,1.000,0,0,0,22,22,0,0,22,0.0,0,0,0.0,0.0,1.0
"F[0,2](((O2Sat <= 98.370 -> Temp >= 36.919) -> BaseExcess >= 36.835) & PTT >= 36.924)
",-9999999.000,-9999999.000,0.000,0.000,1.000,0,0,0,22,22,0,0,22,0.0,0,0,0.0,0.0,1.0
"F[1,1](((Calcium >= 0.951 & Hct <= 8.952) | SepsisLabel <= 17.812) -> DBP >= 0.330)
",-2506819195776437.500,-17.812,0.000,0.000,1.000,0,0,0,22,22,0,0,22,0.0,0,0,0.0,0.0,1.0
"F[0,2](HCO3 >= 0.197 & Lactate <= 8.864)
",-9999999.000,-9999999.000,0.000,0.000,1.000,0,0,0,22,22,0,0,22,0.0,0,0,0.0,0.0,1.0
"F[0,0](((Creatinine <= 0.629 & Fibrinogen <= 128.846) | HR >= 15.837) | SaO2 >= 0.192)
",2946522863769969.500,32158.163,0.000,0.000,1.000,0,0,0,22,22,0,0,22,0.0,0,0,0.0,0.0,1.0
"F[0,1]((FiO2 <= 0.324 | pH <= 6.160) -> Fibrinogen <= 5.282)
",-9999999.000,-9999999.000,0.000,0.000,1.000,0,0,0,22,22,0,0,22,0.0,0,0,0.0,0.0,1.0
"F[1,2]((Alkalinephos >= 0.419 | Magnesium <= 0.813) -> Glucose >= 0.069)
",-9999999.000,-9999999.000,0.000,0.000,1.000,0,0,0,22,22,0,0,22,0.0,0,0,0.0,0.0,1.0
"((Alkalinephos >= 0.199) U[0,2] (WBC >= 0.250))
",-9999999.000,-9999999.000,0.000,0.000,1.000,0,0,0,22,22,0,0,22,0.0,0,0,0.0,0.0,1.0
"((Bilirubin_total <= 0.342) U[2,2] (PTT <= 45.979))
",6471018424704060.000,45.979,0.000,0.000,1.000,0,0,0,22,22,0,0,22,0.0,0,0,0.0,0.0,1.0
"F[0,1](((Magnesium >= 0.137 | Potassium <= 2.321) & Creatinine <= 4.150) | HCO3 <= 2.534)
",-9999999.000,-9999999.000,0.000,0.000,1.000,0,0,0,22,22,0,0,22,0.0,0,0,0.0,0.0,1.0
"((FiO2 >= 0.096) U[1,2] (SaO2 >= 2.189))
",-9999999.000,-9999999.000,0.000,0.000,1.000,0,0,0,22,22,0,0,22,0.0,0,0,0.0,0.0,1.0
"((Magnesium <= 0.447) U[0,1] (Platelets <= 88.425))
",-9999999.000,-9999999.000,0.000,0.000,1.000,0,0,0,22,22,0,0,22,0.0,0,0,0.0,0.0,1.0
"((FiO2 >= 0.027) U[0,2] (HCO3 <= 13.960))
",-9999999.000,-9999999.000,0.000,0.000,1.000,0,0,0,22,22,0,0,22,0.0,0,0,0.0,0.0,1.0
"F[0,1](((Hgb <= 7.630 | Platelets >= 7.341) -> AST >= 4.695) -> Resp <= 18.011)
",-9999999.000,-9999999.000,0.000,0.000,1.000,0,0,0,22,22,0,0,22,0.0,0,0,0.0,0.0,1.0
"F[1,2]((BUN >= 1.265 | Potassium <= 4.323) | Bilirubin_total >= 0.862)
",-9999999.000,-9999999.000,0.000,0.000,1.000,0,0,0,22,22,0,0,22,0.0,0,0,0.0,0.0,1.0
"((EtCO2 >= 2.422) U[1,2] (HCO3 >= 0.192))
",-9999999.000,-9999999.000,0.000,0.000,1.000,0,0,0,22,22,0,0,22,0.0,0,0,0.0,0.0,1.0
"F[2,2](BUN <= 22.764 & Platelets <= 49.822)
",6407597184541620.000,22.764,0.000,0.000,1.000,0,0,0,22,22,0,0,22,0.0,0,0,0.0,0.0,1.0
"F[0,0]((Hct >= 2.170 & Potassium >= 0.114) -> Alkalinephos <= 4.132)
",-4652110311650545.000,-4.132,0.000,0.000,1.000,0,0,0,22,22,0,0,22,0.0,0,0,0.0,0.0,1.0
"F[1,2](((Platelets >= 5.412 -> PTT <= 16.120) & Bilirubin_direct <= 18.878) & Phosphate >= 1.851)
",-9999999.000,-9999999.000,0.000,0.000,1.000,0,0,0,22,22,0,0,22,0.0,0,0,0.0,0.0,1.0
"((Bilirubin_total >= 0.028) U[0,2] (Fibrinogen <= 161.833))
",-9999999.000,-9999999.000,0.000,0.000,1.000,0,0,0,22,22,0,0,22,0.0,0,0,0.0,0.0,1.0
"F[1,2](((Bilirubin_total >= 0.001 & Calcium >= 0.419) & SepsisLabel >= 0.613) | PTT <= 8.194)
",-9999999.000,-9999999.000,0.000,0.000,1.000,0,0,0,22,22,0,0,22,0.0,0,0,0.0,0.0,1.0
"F[2,2](((Calcium <= 4.106 & Glucose <= 140.460) & Platelets >= 14.577) | SepsisLabel <= 100.472)
",100.472,100.472,0.000,0.000,1.000,0,0,0,22,22,0,0,22,0.0,0,0,0.0,0.0,1.0
"F[0,2](SaO2 >= 1.556 & SBP <= 144.534)
",-9999999.000,-9999999.000,0.000,0.000,1.000,0,0,0,22,22,0,0,22,0.0,0,0,0.0,0.0,1.0
"F[1,1](((BaseExcess <= -0.059 & SBP >= 124.571) -> HCO3 <= 173.330) & EtCO2 <= 164.793)
",-3049261485174426.000,-173.330,0.000,0.000,1.000,0,0,0,22,22,0,0,22,0.0,0,0,0.0,0.0,1.0
"F[2,2]((Magnesium <= 1.833 & O2Sat >= 93.773) | O2Sat >= 95.346)
",-6598667847483788.000,-93.773,0.000,0.000,1.000,0,0,0,22,22,0,0,22,0.0,0,0,0.0,0.0,1.0
"F[1,2]((DBP <= 67.970 -> Hct <= 7.490) | pH <= 6.415)
",-9999999.000,-9999999.000,0.000,0.000,1.000,0,0,0,22,22,0,0,22,0.0,0,0,0.0,0.0,1.0
"F[1,2](((Fibrinogen >= 11.659 -> O2Sat <= 98.798) & Platelets <= 98.650) | SaO2 <= 99.415)
",-9999999.000,-9999999.000,0.000,0.000,1.000,0,0,0,22,22,0,0,22,0.0,0,0,0.0,0.0,1.0
"F[1,2](((O2Sat >= 94.308 | PTT <= 25.537) & MAP <= 26.574) | pH <= 22.945)
",-9999999.000,-9999999.000,0.000,0.000,1.000,0,0,0,22,22,0,0,22,0.0,0,0,0.0,0.0,1.0
"((Hgb < 1.652) U[0,1] (SepsisLabel = 0.000))
",-9999999.000,-9999999.000,0.000,0.000,1.000,0,0,0,22,22,0,0,22,0.0,0,0,0.0,0.0,1.0
"F[1,2](MAP >= 68.246 -> O2Sat <= 98.987)
",-9999999.000,-9999999.000,0.000,0.000,1.000,0,0,0,22,22,0,0,22,0.0,0,0,0.0,0.0,1.0
"F[1,2](((HR >= 66.775 -> pH >= 0.399) -> pH <= 4.025) -> PTT <= 7.246)
",-9999999.000,-9999999.000,0.000,0.000,1.000,0,0,0,22,22,0,0,22,0.0,0,0,0.0,0.0,1.0
"F[0,0](((Calcium <= 3.904 -> HR >= 77.824) | Glucose >= 74.471) -> WBC <= 82.948)
",-2918461622144570.000,-82.948,0.000,0.000,1.000,0,0,0,22,22,0,0,22,0.0,0,0,0.0,0.0,1.0
"F[0,1](DBP <= 80.166 | HR >= 80.981)
",-9999999.000,-9999999.000,0.000,0.000,1.000,0,0,0,22,22,0,0,22,0.0,0,0,0.0,0.0,1.0
"F[2,2]((HR >= 65.998 -> WBC >= 0.135) & Phosphate >= 0.474)
",-8545557200404353.000,-0.474,0.000,0.000,1.000,0,0,0,22,22,0,0,22,0.0,0,0,0.0,0.0,1.0
"F[1,2]((Fibrinogen <= 60.600 | Temp <= 37.177) | SaO2 <= 37.466)
",-9999999.000,-9999999.000,0.000,0.000,1.000,0,0,0,22,22,0,0,22,0.0,0,0,0.0,0.0,1.0
"((AST <= 40.056) U[1,2] (O2Sat <= 96.747))
",-9999999.000,-9999999.000,0.000,0.000,1.000,0,0,0,22,22,0,0,22,0.0,0,0,0.0,0.0,1.0
"F[0,1](Alkalinephos <= 0.949 | O2Sat >= 91.604)
",-9999999.000,-9999999.000,0.000,0.000,1.000,0,0,0,22,22,0,0,22,0.0,0,0,0.0,0.0,1.0
"F[0,2]((Calcium >= 0.345 & O2Sat >= 91.968) & PTT >= 89.277)
",-9999999.000,-9999999.000,0.000,0.000,1.000,0,0,0,22,22,0,0,22,0.0,0,0,0.0,0.0,1.0
"F[2,2](((pH >= 0.136 | WBC <= 5.999) & Resp <= 2.206) -> Fibrinogen <= 2.834)
",-6382361512798655.000,-2.834,0.000,0.000,1.000,0,0,0,22,22,0,0,22,0.0,0,0,0.0,0.0,1.0
"((Glucose >= 13.768) U[2,2] (HR <= 81.839))
",81.839,81.839,0.000,0.000,1.000,0,0,0,22,22,0,0,22,0.0,0,0,0.0,0.0,1.0
"F[1,2](((PaCO2 <= 33.911 | Platelets >= 7.143) | Magnesium <= 94.783) -> O2Sat >= 2.190)
",-9999999.000,-9999999.000,0.000,0.000,1.000,0,0,0,22,22,0,0,22,0.0,0,0,0.0,0.0,1.0
"F[0,2]((Hgb >= 1.098 & HR >= 71.446) | Lactate >= 76.409)
",-9999999.000,-9999999.000,0.000,0.000,1.000,0,0,0,22,22,0,0,22,0.0,0,0,0.0,0.0,1.0
"F[0,2](FiO2 >= 0.122 -> SepsisLabel = 0.000)
",-9999999.000,-9999999.000,0.000,0.000,1.000,0,0,0,22,22,0,0,22,0.0,0,0,0.0,0.0,1.0
"F[0,0](((Creatinine >= 0.106 -> FiO2 <= 0.301) | FiO2 <= 0.505) & DBP >= 0.123)
",-0.079,-0.286,0.000,0.000,1.000,0,0,0,22,22,0,0,22,0.0,0,0,0.0,0.0,1.0
"((Glucose > 22.439) U[0,1] (SepsisLabel = 0.000))
",-9999999.000,-9999999.000,0.000,0.000,1.000,0,0,0,22,22,0,0,22,0.0,0,0,0.0,0.0,1.0
"F[1,2]((Calcium >= 0.005 & EtCO2 >= 18.145) | WBC >= 15.196)
",-9999999.000,-9999999.000,0.000,0.000,1.000,0,0,0,22,22,0,0,22,0.0,0,0,0.0,0.0,1.0
"F[1,1](((Bilirubin_total >= 0.001 & Resp >= 1.790) | BUN <= 23.792) & Hgb <= 22.479)
",3163677248811914.000,22.479,0.000,0.000,1.000,0,0,0,22,22,0,0,22,0.0,0,0,0.0,0.0,1.0
"F[1,2]((BUN <= 7.351 & FiO2 >= 0.060) | Phosphate >= 0.002)
",-9999999.000,-9999999.000,0.000,0.000,1.000,0,0,0,22,22,0,0,22,0.0,0,0,0.0,0.0,1.0
"F[0,1](EtCO2 >= 0.279 -> WBC <= 6.713)
",-9999999.000,-9999999.000,0.000,0.000,1.000,0,0,0,22,22,0,0,22,0.0,0,0,0.0,0.0,1.0
"F[1,2](FiO2 > 0.011 -> SepsisLabel = 0.000)
",-9999999.000,-9999999.000,0.000,0.000,1.000,0,0,0,22,22,0,0,22,0.0,0,0,0.0,0.0,1.0
"F[1,1]((Glucose >= 62.673 & WBC >= 0.316) -> BaseExcess <= 7.922)
",-2973072212655846.500,-7.922,0.000,0.000,1.000,0,0,0,22,22,0,0,22,0.0,0,0,0.0,0.0,1.0
"F[1,2]((EtCO2 <= 36.045 | Platelets >= 0.770) | PTT >= 3.834)
",-9999999.000,-9999999.000,0.000,0.000,1.000,0,0,0,22,22,0,0,22,0.0,0,0,0.0,0.0,1.0
"F[2,2](((Creatinine >= 0.039 & O2Sat >= 94.397) -> Platelets >= 89.623) | Magnesium >= 93.127)
",6306665340887663.000,89.623,0.000,0.000,1.000,0,0,0,22,22,0,0,22,0.0,0,0,0.0,0.0,1.0
"F[0,1](((EtCO2 <= 36.041 | MAP >= 78.758) & WBC >= 73.755) -> SaO2 >= 70.532)
",-9999999.000,-9999999.000,0.000,0.000,1.000,0,0,0,22,22,0,0,22,0.0,0,0,0.0,0.0,1.0
"F[1,2](Fibrinogen >= 11.874 & Glucose >= 17.484)
",-9999999.000,-9999999.000,0.000,0.000,1.000,0,0,0,22,22,0,0,22,0.0,0,0,0.0,0.0,1.0
"((HR > 74.558) U[0,0] (SepsisLabel = 0.000))
",8823427301639263.000,32099.442,0.000,0.000,1.000,0,0,0,22,22,0,0,22,0.0,0,0,0.0,0.0,1.0
"F[2,2](((DBP <= 83.276 & Lactate >= 0.199) -> Magnesium >= 0.208) & SaO2 <= 3.541)
",3585442042476786.000,0.199,0.000,0.000,1.000,0,0,0,22,22,0,0,22,0.0,0,0,0.0,0.0,1.0
"F[2,2](((Chloride >= 15.504 | Glucose <= 144.669) & PTT <= 181.992) & WBC >= 74.136)
",-2608433706123146.000,-74.136,0.000,0.000,1.000,0,0,0,22,22,0,0,22,0.0,0,0,0.0,0.0,1.0
"F[0,0]((EtCO2 <= 43.656 & HR <= 83.253) -> PTT <= 85.340)
",-45.304,-84.931,0.000,0.000,1.000,0,0,0,22,22,0,0,22,0.0,0,0,0.0,0.0,1.0
"F[0,1]((FiO2 <= 0.175 -> SBP <= 158.442) -> Temp <= 164.683)
",-9999999.000,-9999999.000,0.000,0.000,1.000,0,0,0,22,22,0,0,22,0.0,0,0,0.0,0.0,1.0
"F[0,2]((Calcium <= 4.264 & Potassium <= 2.483) & Magnesium >= 0.010)
",-9999999.000,-9999999.000,0.000,0.000,1.000,0,0,0,22,22,0,0,22,0.0,0,0,0.0,0.0,1.0
"F[0,2]((FiO2 <= 0.749 | Glucose >= 75.196) | PaCO2 >= 31.214)
",-9999999.000,-9999999.000,0.000,0.000,1.000,0,0,0,22,22,0,0,22,0.0,0,0,0.0,0.0,1.0
"((Platelets <= 68.537) U[0,0] (SepsisLabel = 0.000))
",4822841710249039.000,68.537,0.000,0.000,1.000,0,0,0,22,22,0,0,22,0.0,0,0,0.0,0.0,1.0
"F[1,2](((HCO3 >= 0.046 | Potassium >= 0.428) -> Glucose >= 0.225) & WBC <= 4.863)
",-9999999.000,-9999999.000,0.000,0.000,1.000,0,0,0,22,22,0,0,22,0.0,0,0,0.0,0.0,1.0
"F[0,1](((AST >= 1.042 | Potassium >= 0.911) & BaseExcess <= 3.451) -> WBC <= 1.383)
",-9999999.000,-9999999.000,0.000,0.000,1.000,0,0,0,22,22,0,0,22,0.0,0,0,0.0,0.0,1.0
"((Alkalinephos <= 25.895) U[0,2] (Potassium <= 1.929))
",-9999999.000,-9999999.000,0.000,0.000,1.000,0,0,0,22,22,0,0,22,0.0,0,0,0.0,0.0,1.0
"F[0,0](((BaseExcess >= -8.553 -> O2Sat >= 92.367) -> Glucose >= 91.586) | Hgb <= 98.722)
",21.325,97.722,0.000,0.000,1.000,0,0,0,22,22,0,0,22,0.0,0,0,0.0,0.0,1.0
"F[0,2](BUN <= 11.159 -> SepsisLabel = 0.000)
",-9999999.000,-9999999.000,0.000,0.000,1.000,0,0,0,22,22,0,0,22,0.0,0,0,0.0,0.0,1.0
"F[1,2](((BaseExcess <= -0.153 -> MAP <= 98.171) -> Chloride >= 78.025) & Hct <= 114.073)
",-9999999.000,-9999999.000,0.000,0.000,1.000,0,0,0,22,22,0,0,22,0.0,0,0,0.0,0.0,1.0
"((Magnesium < 2.319) U[1,2] (SepsisLabel = 0.000))
",-9999999.000,-9999999.000,0.000,0.000,1.000,0,0,0,22,22,0,0,22,0.0,0,0,0.0,0.0,1.0
"F[0,1](((Creatinine >= 0.036 -> Glucose <= 144.492) & Potassium <= 92.748) | Hct <= 78.517)
",-9999999.000,-9999999.000,0.000,0.000,1.000,0,0,0,22,22,0,0,22,0.0,0,0,0.0,0.0,1.0
"F[0,0](((Lactate <= 1.818 | Resp <= 23.407) | BaseExcess <= 21.911) -> Hgb <= 24.885)
",-39.956,-24.750,0.000,0.000,1.000,0,0,0,22,22,0,0,22,0.0,0,0,0.0,0.0,1.0
"F[2,2](Lactate >= 0.339 | SBP <= 176.250)
",6201242068060548.000,176.250,0.000,0.000,1.000,0,0,0,22,22,0,0,22,0.0,0,0,0.0,0.0,1.0
"F[1,2]((Glucose >= 15.941 | Magnesium >= 0.035) -> Bilirubin_total >= 0.054)
",-9999999.000,-9999999.000,0.000,0.000,1.000,0,0,0,22,22,0,0,22,0.0,0,0,0.0,0.0,1.0
"F[1,2](((Glucose <= 147.794 | Lactate <= 8.562) -> Hgb >= 0.256) | Hgb >= 0.163)
",-9999999.000,-9999999.000,0.000,0.000,1.000,0,0,0,22,22,0,0,22,0.0,0,0,0.0,0.0,1.0
"((Phosphate <= 0.473) U[2,2] (SepsisLabel = 0.000))
",4259655532116654.500,0.473,0.000,0.000,1.000,0,0,0,22,22,0,0,22,0.0,0,0,0.0,0.0,1.0
"F[0,1](MAP > 82.079 -> SepsisLabel = 0.000)
",-9999999.000,-9999999.000,0.000,0.000,1.000,0,0,0,22,22,0,0,22,0.0,0,0,0.0,0.0,1.0
"F[0,1](Magnesium >= 0.145 -> SepsisLabel = 0.000)
",-9999999.000,-9999999.000,0.000,0.000,1.000,0,0,0,22,22,0,0,22,0.0,0,0,0.0,0.0,1.0
"F[0,2]((PaCO2 >= 7.326 -> Temp <= 37.298) -> SaO2 <= 37.451)
",-9999999.000,-9999999.000,0.000,0.000,1.000,0,0,0,22,22,0,0,22,0.0,0,0,0.0,0.0,1.0
"F[0,2]((BaseExcess >= -9.029 | Resp >= 6.482) -> Glucose <= 26.458)
",-9999999.000,-9999999.000,0.000,0.000,1.000,0,0,0,22,22,0,0,22,0.0,0,0,0.0,0.0,1.0
"F[1,2]((Hct <= 3.397 | Lactate <= 8.731) -> BaseExcess <= 3.579)
",-9999999.000,-9999999.000,0.000,0.000,1.000,0,0,0,22,22,0,0,22,0.0,0,0,0.0,0.0,1.0
"F[0,2](((Chloride >= 15.224 | Temp >= 36.685) | Magnesium <= 37.265) | Bilirubin_direct >= 36.799)
",-9999999.000,-9999999.000,0.000,0.000,1.000,0,0,0,22,22,0,0,22,0.0,0,0,0.0,0.0,1.0
"F[0,1](((Hct <= 14.966 | MAP <= 100.765) & Potassium >= 76.428) -> DBP <= 89.419)
",-9999999.000,-9999999.000,0.000,0.000,1.000,0,0,0,22,22,0,0,22,0.0,0,0,0.0,0.0,1.0
"F[2,2]((HR >= 77.130 -> Potassium <= 3.030) | HR <= 4.275)
",4813257705722700.000,4.275,0.000,0.000,1.000,0,0,0,22,22,0,0,22,0.0,0,0,0.0,0.0,1.0
"F[0,2](((Lactate >= 0.515 | O2Sat <= 98.185) | Potassium >= 89.803) -> Bilirubin_total >= 94.862)
",-9999999.000,-9999999.000,0.000,0.000,1.000,0,0,0,22,22,0,0,22,0.0,0,0,0.0,0.0,1.0
