Rule,Discrimination Score,Pos Robustness,Neg Robustness,Percent Class +,Percent Class -,TP,TN,FP,FN,Actual Yes,Actual No,Predicted Yes,Predicted No,TPR/Sens,TNR/Spec,FPR,Precision,Accuracy,MCR
"G[0,0](Chloride >= 0.000 & HCO3 >= 0.000)
",0.000,0.000,0.000,1.000,0.000,28,0,0,0,28,0,28,0,1.0,0.0,0.0,1.0,1.018181818181818,-0.018181818181818077
"G[0,0](HCO3 <= 0.000 -> SepsisLabel = 0.000)
",0.000,0.000,0.000,1.000,0.000,28,0,0,0,28,0,28,0,1.0,0.0,0.0,1.0,1.018181818181818,-0.018181818181818077
"G[0,0]((BUN <= 23.637 | Phosphate >= 0.125) | DBP >= 0.039)
",4.872,101.782,0.000,1.000,0.000,28,0,0,0,28,0,28,0,1.0,0.0,0.0,1.0,1.018181818181818,-0.018181818181818077
"G[0,0]((Bilirubin_total >= 0.004 -> Platelets <= 133.875) | DBP <= 75.545)
",-1.043,-25.399,0.000,1.000,0.000,28,0,0,0,28,0,28,0,1.0,0.0,0.0,1.0,1.018181818181818,-0.018181818181818077
"G[0,0]((Hgb <= 7.663 -> Resp <= 22.248) | Resp >= 12.696)
",3.513,62.934,0.000,1.000,0.000,28,0,0,0,28,0,28,0,1.0,0.0,0.0,1.0,1.018181818181818,-0.018181818181818077
"G[0,0]((Magnesium <= 1.597 | BaseExcess <= 0.000) -> SepsisLabel >= 0.000)
",-0.230,-10.872,0.000,1.000,0.000,28,0,0,0,28,0,28,0,1.0,0.0,0.0,1.0,1.018181818181818,-0.018181818181818077
"G[0,0](((Magnesium >= 0.028 & Resp <= 22.070) -> Creatinine <= 14.911) -> SaO2 <= 24.409)
",-3435322742125830.000,-24.409,0.000,1.000,0.000,28,0,0,0,28,0,28,0,1.0,0.0,0.0,1.0,1.018181818181818,-0.018181818181818077
"G[0,0]((Calcium <= 2.215 | Magnesium >= 0.040) | Hgb <= 0.915)
",5.005,2.131,0.000,1.000,0.000,28,0,0,0,28,0,28,0,1.0,0.0,0.0,1.0,1.018181818181818,-0.018181818181818077
"G[0,0](((Fibrinogen <= 0.000 | Hct >= 0.841) | Platelets <= 24.331) | Hct >= 1.177)
",24.331,24.331,0.000,1.000,0.000,28,0,0,0,28,0,28,0,1.0,0.0,0.0,1.0,1.018181818181818,-0.018181818181818077
"G[0,0](((Fibrinogen <= 0.000 & Lactate >= 0.000) & Bilirubin_direct >= 0.000) -> Resp >= 0.000)
",-4.222,-75.630,0.000,1.000,0.000,28,0,0,0,28,0,28,0,1.0,0.0,0.0,1.0,1.018181818181818,-0.018181818181818077
"G[0,0]((Alkalinephos >= 0.823 -> DBP <= 92.415) & FiO2 <= 98.168)
",-0.295,-5.573,0.000,1.000,0.000,28,0,0,0,28,0,28,0,1.0,0.0,0.0,1.0,1.018181818181818,-0.018181818181818077
"G[0,0](HCO3 >= 0.000 & SepsisLabel >= 0.000)
",0.000,0.000,0.000,1.000,0.000,28,0,0,0,28,0,28,0,1.0,0.0,0.0,1.0,1.018181818181818,-0.018181818181818077
"G[1,1](((MAP <= 136.199 | O2Sat <= 96.963) | Calcium <= 96.754) | SBP >= 40.795)
",4792081135696081.000,136.199,0.000,1.000,0.000,27,0,1,0,27,1,28,0,1.0,0.0,1.0,0.9642857142857143,0.9818181818181818,0.018181818181818188
"G[1,1]((Glucose <= 82.452 & pH <= 0.000) | pH >= 0.000)
",0.000,0.000,0.000,1.000,0.000,27,0,1,0,27,1,28,0,1.0,0.0,1.0,0.9642857142857143,0.9818181818181818,0.018181818181818188
"G[0,1](TroponinI < 0.000 -> SepsisLabel = 0.000)
",9999999.000,9999999.000,0.000,1.000,0.000,27,0,1,0,27,1,28,0,1.0,0.0,1.0,0.9642857142857143,0.9818181818181818,0.018181818181818188
"G[0,1](Fibrinogen <= 0.000 & SepsisLabel = 0.000)
",9999999.000,9999999.000,0.000,1.000,0.000,27,0,1,0,27,1,28,0,1.0,0.0,1.0,0.9642857142857143,0.9818181818181818,0.018181818181818188
"G[0,1](((Calcium >= 0.478 & TroponinI <= 0.000) -> Potassium <= 0.000) | O2Sat >= 0.000)
",9999999.000,9999999.000,0.000,1.000,0.000,27,0,1,0,27,1,28,0,1.0,0.0,1.0,0.9642857142857143,0.9818181818181818,0.018181818181818188
"G[1,1](Chloride >= 0.000 & HCO3 >= 0.000)
",0.000,0.000,0.000,1.000,0.000,27,0,1,0,27,1,28,0,1.0,0.0,1.0,0.9642857142857143,0.9818181818181818,0.018181818181818188
"G[0,1]((PTT <= 0.000 & FiO2 >= 0.000) & Lactate >= 0.000)
",9999999.000,9999999.000,0.000,1.000,0.000,27,0,1,0,27,1,28,0,1.0,0.0,1.0,0.9642857142857143,0.9818181818181818,0.018181818181818188
"G[1,1](((DBP <= 86.806 & WBC >= 0.073) -> Hct <= 8.000) | Alkalinephos >= 0.067)
",-0.067,-0.067,0.000,1.000,0.000,27,0,1,0,27,1,28,0,1.0,0.0,1.0,0.9642857142857143,0.9818181818181818,0.018181818181818188
"G[1,1](((SBP >= 61.808 & Lactate <= 0.000) | Phosphate >= 0.000) -> FiO2 >= 0.000)
",0.000,0.000,0.000,1.000,0.000,27,0,1,0,27,1,28,0,1.0,0.0,1.0,0.9642857142857143,0.9818181818181818,0.018181818181818188
"G[1,1](Chloride > 0.000 -> SepsisLabel = 0.000)
",0.000,0.000,0.000,1.000,0.000,27,0,1,0,27,1,28,0,1.0,0.0,1.0,0.9642857142857143,0.9818181818181818,0.018181818181818188
"G[0,1](SepsisLabel <= 0.000 -> SepsisLabel = 0.000)
",9999999.000,9999999.000,0.000,1.000,0.000,27,0,1,0,27,1,28,0,1.0,0.0,1.0,0.9642857142857143,0.9818181818181818,0.018181818181818188
"G[0,1]((TroponinI <= 0.000 | Resp <= 15.999) | FiO2 <= 22.365)
",9999999.000,9999999.000,0.000,1.000,0.000,27,0,1,0,27,1,28,0,1.0,0.0,1.0,0.9642857142857143,0.9818181818181818,0.018181818181818188
"G[1,1](BaseExcess >= 0.000 -> SepsisLabel = 0.000)
",0.000,0.000,0.000,1.000,0.000,27,0,1,0,27,1,28,0,1.0,0.0,1.0,0.9642857142857143,0.9818181818181818,0.018181818181818188
"G[0,1]((Calcium <= 2.240 | Platelets <= 105.197) | Hgb >= 4.036)
",9999999.000,9999999.000,0.000,1.000,0.000,27,0,1,0,27,1,28,0,1.0,0.0,1.0,0.9642857142857143,0.9818181818181818,0.018181818181818188
"G[0,1](PaCO2 > 0.000 -> SepsisLabel = 0.000)
",9999999.000,9999999.000,0.000,1.000,0.000,27,0,1,0,27,1,28,0,1.0,0.0,1.0,0.9642857142857143,0.9818181818181818,0.018181818181818188
"G[1,1](pH >= 0.000 & BaseExcess <= 0.000)
",0.000,0.000,0.000,1.000,0.000,27,0,1,0,27,1,28,0,1.0,0.0,1.0,0.9642857142857143,0.9818181818181818,0.018181818181818188
"G[0,1]((Calcium >= 0.053 & Potassium <= 1.684) -> MAP <= 2.319)
",9999999.000,9999999.000,0.000,1.000,0.000,27,0,1,0,27,1,28,0,1.0,0.0,1.0,0.9642857142857143,0.9818181818181818,0.018181818181818188
"G[0,1](((SaO2 >= 0.000 & Potassium >= 0.124) -> Creatinine <= 1.193) | Creatinine <= 2.642)
",9999999.000,9999999.000,0.000,1.000,0.000,27,0,1,0,27,1,28,0,1.0,0.0,1.0,0.9642857142857143,0.9818181818181818,0.018181818181818188
"G[1,1](Hct <= 32.255 -> Magnesium <= 1.025)
",-32.255,-32.255,0.000,1.000,0.000,27,0,1,0,27,1,28,0,1.0,0.0,1.0,0.9642857142857143,0.9818181818181818,0.018181818181818188
"G[1,1]((HR <= 99.335 & MAP <= 105.685) -> SBP >= 5.812)
",-6990106610176651.000,-99.335,0.000,1.000,0.000,27,0,1,0,27,1,28,0,1.0,0.0,1.0,0.9642857142857143,0.9818181818181818,0.018181818181818188
"G[1,1]((pH <= 0.000 & Temp >= 1.702) -> SBP >= 0.682)
",0.682,0.682,0.000,1.000,0.000,27,0,1,0,27,1,28,0,1.0,0.0,1.0,0.9642857142857143,0.9818181818181818,0.018181818181818188
"G[0,1](Chloride >= 0.000 & HCO3 >= 0.000)
",9999999.000,9999999.000,0.000,1.000,0.000,27,0,1,0,27,1,28,0,1.0,0.0,1.0,0.9642857142857143,0.9818181818181818,0.018181818181818188
"G[0,1]((Hct <= 16.949 -> Resp >= 0.169) -> O2Sat >= 8.562)
",9999999.000,9999999.000,0.000,1.000,0.000,27,0,1,0,27,1,28,0,1.0,0.0,1.0,0.9642857142857143,0.9818181818181818,0.018181818181818188
"G[0,1]((Calcium <= 3.698 -> pH >= 0.000) | Hgb >= 0.000)
",9999999.000,9999999.000,0.000,1.000,0.000,27,0,1,0,27,1,28,0,1.0,0.0,1.0,0.9642857142857143,0.9818181818181818,0.018181818181818188
"G[0,1]((PaCO2 <= 0.000 & SepsisLabel >= 0.000) | Bilirubin_direct <= 0.000)
",9999999.000,9999999.000,0.000,1.000,0.000,27,0,1,0,27,1,28,0,1.0,0.0,1.0,0.9642857142857143,0.9818181818181818,0.018181818181818188
"G[0,1]((EtCO2 <= 36.543 & Potassium <= 4.347) | FiO2 <= 2.210)
",9999999.000,9999999.000,0.000,1.000,0.000,27,0,1,0,27,1,28,0,1.0,0.0,1.0,0.9642857142857143,0.9818181818181818,0.018181818181818188
"G[0,1]((Chloride >= 0.000 & BUN <= 10.609) | HCO3 <= 24.935)
",9999999.000,9999999.000,0.000,1.000,0.000,27,0,1,0,27,1,28,0,1.0,0.0,1.0,0.9642857142857143,0.9818181818181818,0.018181818181818188
"G[0,1](Potassium <= 2.890 -> FiO2 >= 0.000)
",9999999.000,9999999.000,0.000,1.000,0.000,27,0,1,0,27,1,28,0,1.0,0.0,1.0,0.9642857142857143,0.9818181818181818,0.018181818181818188
"G[1,1]((EtCO2 <= 33.368 & Resp >= 0.623) | Chloride <= 19.801)
",19.801,19.801,0.000,1.000,0.000,27,0,1,0,27,1,28,0,1.0,0.0,1.0,0.9642857142857143,0.9818181818181818,0.018181818181818188
"G[1,1]((Alkalinephos >= 0.258 | EtCO2 <= 37.539) -> Potassium <= 17.907)
",-5283193452526604.000,-37.539,0.000,1.000,0.000,27,0,1,0,27,1,28,0,1.0,0.0,1.0,0.9642857142857143,0.9818181818181818,0.018181818181818188
"G[1,1](((Platelets >= 2.240 | HCO3 <= 0.000) | AST >= 0.000) | Hct <= 0.000)
",0.000,0.000,0.000,1.000,0.000,27,0,1,0,27,1,28,0,1.0,0.0,1.0,0.9642857142857143,0.9818181818181818,0.018181818181818188
"G[0,1](Chloride >= 0.000 & HCO3 >= 0.000)
",9999999.000,9999999.000,0.000,1.000,0.000,27,0,1,0,27,1,28,0,1.0,0.0,1.0,0.9642857142857143,0.9818181818181818,0.018181818181818188
"G[0,1]((PTT <= 0.000 | Alkalinephos >= 0.772) | SBP >= 0.471)
",9999999.000,9999999.000,0.000,1.000,0.000,27,0,1,0,27,1,28,0,1.0,0.0,1.0,0.9642857142857143,0.9818181818181818,0.018181818181818188
"G[0,1](((BaseExcess >= 0.000 -> FiO2 >= 0.000) | Phosphate <= 0.000) -> Chloride <= 0.000)
",9999999.000,9999999.000,0.000,1.000,0.000,27,0,1,0,27,1,28,0,1.0,0.0,1.0,0.9642857142857143,0.9818181818181818,0.018181818181818188
"G[0,0]((Calcium >= 0.489 -> DBP <= 78.713) & Chloride <= 92.256)
",-0.275,-4.860,0.000,1.000,0.000,27,0,0,1,28,0,27,1,0.9642857142857143,0.0,0.0,1.0,0.9818181818181818,0.018181818181818188
"G[1,1]((Magnesium >= 0.064 | Calcium >= 0.391) | pH <= 5.949)
",5.949,5.949,0.000,1.000,0.000,27,0,1,0,27,1,28,0,1.0,0.0,1.0,0.9642857142857143,0.9818181818181818,0.018181818181818188
"G[0,1](((SBP <= 183.748 | Phosphate >= 0.085) & TroponinI >= 0.063) -> Hgb >= 0.143)
",9999999.000,9999999.000,0.000,1.000,0.000,27,0,1,0,27,1,28,0,1.0,0.0,1.0,0.9642857142857143,0.9818181818181818,0.018181818181818188
"G[1,1](((Magnesium <= 1.713 | Calcium >= 0.454) | pH >= 0.021) | Resp <= 1.107)
",7714745364672936.000,1.713,0.000,1.000,0.000,27,0,1,0,27,1,28,0,1.0,0.0,1.0,0.9642857142857143,0.9818181818181818,0.018181818181818188
"G[1,1]((WBC <= 3.471 | DBP >= 19.759) -> EtCO2 <= 87.456)
",-87.456,-87.456,0.000,1.000,0.000,27,0,1,0,27,1,28,0,1.0,0.0,1.0,0.9642857142857143,0.9818181818181818,0.018181818181818188
"G[0,1]((Alkalinephos >= 0.743 & Magnesium >= 0.008) -> HCO3 <= 1.558)
",9999999.000,9999999.000,0.000,1.000,0.000,27,0,1,0,27,1,28,0,1.0,0.0,1.0,0.9642857142857143,0.9818181818181818,0.018181818181818188
"G[0,1](((Bilirubin_direct >= 0.000 & SepsisLabel <= 0.000) -> pH >= 0.000) & PaCO2 >= 0.000)
",9999999.000,9999999.000,0.000,1.000,0.000,27,0,1,0,27,1,28,0,1.0,0.0,1.0,0.9642857142857143,0.9818181818181818,0.018181818181818188
"G[0,1]((BUN <= 29.617 -> Creatinine >= 0.049) -> SBP >= 0.039)
",9999999.000,9999999.000,0.000,1.000,0.000,27,0,1,0,27,1,28,0,1.0,0.0,1.0,0.9642857142857143,0.9818181818181818,0.018181818181818188
"G[0,1]((BUN <= 15.968 -> Lactate <= 0.000) | BaseExcess <= 0.000)
",9999999.000,9999999.000,0.000,1.000,0.000,27,0,1,0,27,1,28,0,1.0,0.0,1.0,0.9642857142857143,0.9818181818181818,0.018181818181818188
"G[0,1]((Phosphate <= 0.243 | AST >= 0.164) | FiO2 >= 0.209)
",9999999.000,9999999.000,0.000,1.000,0.000,26,0,1,1,27,1,27,1,0.9629629629629629,0.0,1.0,0.9629629629629629,0.9454545454545454,0.054545454545454564
"G[0,1]((DBP >= 44.661 -> SBP >= 99.690) & Glucose <= 160.231)
",9999999.000,9999999.000,0.000,1.000,0.000,26,0,1,1,27,1,27,1,0.9629629629629629,0.0,1.0,0.9629629629629629,0.9454545454545454,0.054545454545454564
"G[0,0]((Chloride >= 0.000 & Phosphate <= 1.385) & pH <= 3.275)
",-0.196,-0.026,0.000,1.000,0.000,26,0,0,2,28,0,26,2,0.9285714285714286,0.0,0.0,1.0,0.9454545454545454,0.054545454545454564
"G[0,1](Creatinine >= 0.030 -> Temp <= 32.473)
",9999999.000,9999999.000,0.000,1.000,0.000,26,0,1,1,27,1,27,1,0.9629629629629629,0.0,1.0,0.9629629629629629,0.9454545454545454,0.054545454545454564
"G[0,0]((Hgb <= 1.857 -> Temp >= 3.075) -> FiO2 >= 0.907)
",8171402171168584.000,0.907,0.000,1.000,0.000,26,0,0,2,28,0,26,2,0.9285714285714286,0.0,0.0,1.0,0.9454545454545454,0.054545454545454564
"G[0,0]((Creatinine >= 0.081 & HR >= 25.677) -> Lactate >= 17.605)
",-0.585,-29.931,0.000,1.000,0.000,26,0,0,2,28,0,26,2,0.9285714285714286,0.0,0.0,1.0,0.9454545454545454,0.054545454545454564
"G[0,1](Fibrinogen <= 0.000 & Bilirubin_total <= 0.325)
",9999999.000,9999999.000,0.000,1.000,0.000,26,0,1,1,27,1,27,1,0.9629629629629629,0.0,1.0,0.9629629629629629,0.9454545454545454,0.054545454545454564
"G[0,0](HR >= 48.052 & Lactate <= 0.000)
",-0.588,-34.556,0.000,1.000,0.000,26,0,0,2,28,0,26,2,0.9285714285714286,0.0,0.0,1.0,0.9454545454545454,0.054545454545454564
"G[0,1](((Creatinine >= 0.031 -> Phosphate <= 1.278) -> WBC <= 3.762) -> O2Sat >= 0.012)
",9999999.000,9999999.000,0.000,1.000,0.000,25,0,1,2,27,1,26,2,0.9259259259259259,0.0,1.0,0.9615384615384616,0.9090909090909091,0.09090909090909094
"G[0,1]((BUN >= 1.100 & O2Sat >= 25.958) -> O2Sat <= 96.976)
",9999999.000,9999999.000,0.000,1.000,0.000,25,0,1,2,27,1,26,2,0.9259259259259259,0.0,1.0,0.9615384615384616,0.9090909090909091,0.09090909090909094
"G[0,1](((AST <= 28.259 & DBP >= 71.411) -> Creatinine >= 10.592) -> SBP >= 69.704)
",9999999.000,9999999.000,0.000,1.000,0.000,25,0,1,2,27,1,26,2,0.9259259259259259,0.0,1.0,0.9615384615384616,0.9090909090909091,0.09090909090909094
"G[0,1](((Hct >= 1.236 | O2Sat >= 33.103) & Potassium <= 93.869) | pH >= 55.630)
",9999999.000,9999999.000,0.000,1.000,0.000,25,0,1,2,27,1,26,2,0.9259259259259259,0.0,1.0,0.9615384615384616,0.9090909090909091,0.09090909090909094
"G[0,1](((DBP >= 60.203 & Hgb >= 0.396) & SBP <= 6.791) | WBC <= 9.529)
",9999999.000,9999999.000,0.000,1.000,0.000,25,0,1,2,27,1,26,2,0.9259259259259259,0.0,1.0,0.9615384615384616,0.9090909090909091,0.09090909090909094
"G[0,1](SBP <= 149.510 -> Potassium <= 1.629)
",9999999.000,9999999.000,0.000,1.000,0.000,25,0,1,2,27,1,26,2,0.9259259259259259,0.0,1.0,0.9615384615384616,0.9090909090909091,0.09090909090909094
"G[0,1](((Magnesium >= 0.010 -> Potassium >= 0.174) -> pH <= 1.763) & WBC <= 3.500)
",9999999.000,9999999.000,0.000,1.000,0.000,25,0,1,2,27,1,26,2,0.9259259259259259,0.0,1.0,0.9615384615384616,0.9090909090909091,0.09090909090909094
"G[0,0]((Creatinine <= 0.301 & WBC <= 14.007) & MAP >= 0.372)
",2.172,0.276,0.000,1.000,0.000,24,0,0,4,28,0,24,4,0.8571428571428571,0.0,0.0,1.0,0.8727272727272727,0.12727272727272732
"G[0,1]((PTT <= 0.000 & BaseExcess <= 0.000) -> Calcium <= 0.000)
",9999999.000,9999999.000,0.000,1.000,0.000,24,0,1,3,27,1,25,3,0.8888888888888888,0.0,1.0,0.96,0.8727272727272727,0.12727272727272732
"G[0,1]((Platelets <= 99.001 | Calcium <= 1.379) & Calcium <= 4.087)
",9999999.000,9999999.000,0.000,1.000,0.000,24,0,1,3,27,1,25,3,0.8888888888888888,0.0,1.0,0.96,0.8727272727272727,0.12727272727272732
"G[0,1]((Calcium <= 7.735 & Platelets <= 191.547) | Lactate >= 7.158)
",9999999.000,9999999.000,0.000,1.000,0.000,24,0,1,3,27,1,25,3,0.8888888888888888,0.0,1.0,0.96,0.8727272727272727,0.12727272727272732
"G[0,0](((Glucose <= 93.715 & SBP <= 164.855) & EtCO2 <= 178.540) | SBP <= 167.933)
",10.597,159.870,0.000,1.000,0.000,23,0,0,5,28,0,23,5,0.8214285714285714,0.0,0.0,1.0,0.8363636363636363,0.1636363636363637
"G[0,1](EtCO2 >= 5.579 -> WBC >= 0.380)
",9999999.000,9999999.000,0.000,1.000,0.000,17,0,1,10,27,1,18,10,0.6296296296296297,0.0,1.0,0.9444444444444444,0.6181818181818182,0.38181818181818183
"G[0,1](AST <= 14.437 & MAP <= 109.183)
",9999999.000,9999999.000,0.000,1.000,0.000,15,0,0,13,28,0,15,13,0.5357142857142857,0.0,0.0,1.0,0.5454545454545454,0.4545454545454546
"G[0,1](Potassium >= 0.188 | Temp <= 25.099)
",9999999.000,9999999.000,0.000,1.000,0.000,15,0,1,12,27,1,16,12,0.5555555555555556,0.0,1.0,0.9375,0.5454545454545454,0.4545454545454546
"G[0,0](DBP <= 85.222 -> EtCO2 >= 2.283)
",-1.036,-14.662,0.000,1.000,0.000,13,0,0,15,28,0,13,15,0.4642857142857143,0.0,0.0,1.0,0.4727272727272727,0.5272727272727273
"G[1,1](((WBC >= 0.094 -> Temp >= 3.940) & EtCO2 >= 1.166) & MAP >= 4.149)
",-4671312573745020.000,-4.149,0.000,1.000,0.000,9,0,1,18,27,1,10,18,0.3333333333333333,0.0,1.0,0.9,0.32727272727272727,0.6727272727272727
"G[0,1](((Phosphate <= 2.576 | Potassium <= 4.751) & PaCO2 <= 1.810) -> EtCO2 >= 0.142)
",9999999.000,9999999.000,0.000,1.000,0.000,8,0,0,20,28,0,8,20,0.2857142857142857,0.0,0.0,1.0,0.2909090909090909,0.7090909090909091
"G[0,1](EtCO2 >= 6.610 & O2Sat <= 99.069)
",9999999.000,9999999.000,0.000,1.000,0.000,8,0,0,20,28,0,8,20,0.2857142857142857,0.0,0.0,1.0,0.2909090909090909,0.7090909090909091
"G[0,0]((Calcium >= 0.199 -> Alkalinephos >= 0.838) -> HR <= 52.202)
",0.176,1.764,0.000,1.000,0.000,3,0,0,25,28,0,3,25,0.10714285714285714,0.0,0.0,1.0,0.10909090909090909,0.8909090909090909
"G[0,0](((Hgb <= 9.667 | Hct <= 26.644) -> WBC >= 0.195) & Platelets >= 4.692)
",-26.644,-26.644,0.000,1.000,0.000,2,0,0,26,28,0,2,26,0.07142857142857142,0.0,0.0,1.0,0.07272727272727272,0.9272727272727272
"G[0,0](Platelets <= 92.971 -> WBC >= 0.503)
",-6542277205834844.000,-92.971,0.000,1.000,0.000,2,0,0,26,28,0,2,26,0.07142857142857142,0.0,0.0,1.0,0.07272727272727272,0.9272727272727272
"G[0,0]((Hct <= 40.326 -> Fibrinogen <= 0.000) -> DBP <= 0.000)
",5.099,38.833,0.000,1.000,0.000,2,0,0,26,28,0,2,26,0.07142857142857142,0.0,0.0,1.0,0.07272727272727272,0.9272727272727272
"G[0,0](Platelets <= 36.682 -> WBC >= 0.219)
",-36.682,-36.682,0.000,1.000,0.000,2,0,0,26,28,0,2,26,0.07142857142857142,0.0,0.0,1.0,0.07272727272727272,0.9272727272727272
"G[0,0](Platelets <= 195.921 -> WBC >= 0.400)
",-3446676329062682.000,-195.921,0.000,1.000,0.000,2,0,0,26,28,0,2,26,0.07142857142857142,0.0,0.0,1.0,0.07272727272727272,0.9272727272727272
"G[0,0](Platelets <= 213.487 -> WBC >= 0.295)
",-7511400521724043.000,-213.487,0.000,1.000,0.000,2,0,0,26,28,0,2,26,0.07142857142857142,0.0,0.0,1.0,0.07272727272727272,0.9272727272727272
"G[0,0](((BUN >= 1.644 & Magnesium >= 0.067) & Potassium <= 0.307) | Hct >= 0.021)
",-0.021,-0.021,0.000,1.000,0.000,2,0,0,26,28,0,2,26,0.07142857142857142,0.0,0.0,1.0,0.07272727272727272,0.9272727272727272
"G[0,0]((Chloride >= 0.000 | WBC >= 0.008) & Platelets >= 0.126)
",-0.126,-0.126,0.000,1.000,0.000,2,0,0,26,28,0,2,26,0.07142857142857142,0.0,0.0,1.0,0.07272727272727272,0.9272727272727272
"G[0,0](Platelets <= 183.994 -> WBC >= 0.121)
",-183.994,-183.994,0.000,1.000,0.000,2,0,0,26,28,0,2,26,0.07142857142857142,0.0,0.0,1.0,0.07272727272727272,0.9272727272727272
"G[1,1]((MAP >= 58.935 -> Potassium <= 4.248) -> BaseExcess >= 0.196)
",7055439693513239.000,0.196,0.000,1.000,0.000,1,0,1,26,27,1,2,26,0.037037037037037035,0.0,1.0,0.5,0.03636363636363636,0.9636363636363636
"G[0,0]((Alkalinephos >= 0.622 & SBP >= 114.103) & SepsisLabel <= 147.054)
",-7.029,-106.040,0.000,1.000,0.000,1,0,0,27,28,0,1,27,0.03571428571428571,0.0,0.0,1.0,0.03636363636363636,0.9636363636363636
"G[0,2](((DBP >= 63.882 -> BaseExcess >= 0.000) & Potassium >= 0.000) -> AST >= 0.000)
",9999999.000,9999999.000,0.000,1.000,0.000,0,0,28,0,0,28,28,0,0.0,0.0,1.0,0.0,0.0,1.0
"G[0,2]((TroponinI <= 0.000 -> HR >= 36.748) | SBP <= 86.493)
",9999999.000,9999999.000,0.000,1.000,0.000,0,0,28,0,0,28,28,0,0.0,0.0,1.0,0.0,0.0,1.0
"G[1,2]((Potassium <= 0.577 -> BaseExcess >= 0.000) | Hgb >= 0.000)
",9999999.000,9999999.000,0.000,1.000,0.000,0,0,28,0,0,28,28,0,0.0,0.0,1.0,0.0,0.0,1.0
"G[2,2](BUN >= 1.037 | MAP <= 134.002)
",134.002,134.002,0.000,1.000,0.000,0,0,28,0,0,28,28,0,0.0,0.0,1.0,0.0,0.0,1.0
"G[2,2]((PTT >= 0.000 -> HCO3 <= 0.000) & PTT <= 0.000)
",0.000,0.000,0.000,1.000,0.000,0,0,28,0,0,28,28,0,0.0,0.0,1.0,0.0,0.0,1.0
"G[0,2]((FiO2 <= 0.000 | AST >= 0.461) -> TroponinI >= 0.155)
",9999999.000,9999999.000,0.000,1.000,0.000,0,0,0,28,28,0,0,28,0.0,0.0,0.0,0.0,0.0,1.0
"G[2,2]((BaseExcess <= 0.000 | FiO2 <= 0.000) & Fibrinogen >= 0.000)
",0.000,0.000,0.000,1.000,0.000,0,0,28,0,0,28,28,0,0.0,0.0,1.0,0.0,0.0,1.0
"G[0,2](((Hgb >= 0.044 | Bilirubin_total <= 0.108) & SBP >= 0.003) | Glucose <= 0.341)
",9999999.000,9999999.000,0.000,1.000,0.000,0,0,28,0,0,28,28,0,0.0,0.0,1.0,0.0,0.0,1.0
"G[1,2]((Bilirubin_direct >= 0.000 -> Resp >= 4.031) | HR >= 5.132)
",9999999.000,9999999.000,0.000,1.000,0.000,0,0,28,0,0,28,28,0,0.0,0.0,1.0,0.0,0.0,1.0
"G[0,1](Fibrinogen >= 0.000 -> WBC >= 0.319)
",9999999.000,9999999.000,0.000,1.000,0.000,0,0,0,28,28,0,0,28,0.0,0.0,0.0,0.0,0.0,1.0
"G[2,2]((BUN <= 25.229 | Chloride <= 0.000) | Resp <= 0.000)
",7101383591116540.000,25.229,0.000,1.000,0.000,0,0,28,0,0,28,28,0,0.0,0.0,1.0,0.0,0.0,1.0
"G[2,2]((SepsisLabel <= 0.000 | PTT <= 0.000) & PaCO2 >= 0.000)
",0.000,0.000,0.000,1.000,0.000,0,0,28,0,0,28,28,0,0.0,0.0,1.0,0.0,0.0,1.0
"G[0,1]((EtCO2 <= 37.513 | Phosphate <= 3.470) & Hgb >= 0.076)
",9999999.000,9999999.000,0.000,1.000,0.000,0,0,0,28,28,0,0,28,0.0,0.0,0.0,0.0,0.0,1.0
"G[0,2](Hgb >= 0.347 | Potassium <= 0.411)
",9999999.000,9999999.000,0.000,1.000,0.000,0,0,27,1,1,27,27,1,0.0,0.0,1.0,0.0,0.0,1.0
"G[0,1](((MAP <= 133.022 -> AST <= 17.549) & AST >= 0.401) | Potassium >= 0.557)
",9999999.000,9999999.000,0.000,1.000,0.000,0,0,0,28,28,0,0,28,0.0,0.0,0.0,0.0,0.0,1.0
"G[0,1](FiO2 <= 0.000 -> Glucose >= 21.274)
",9999999.000,9999999.000,0.000,1.000,0.000,0,0,0,28,28,0,0,28,0.0,0.0,0.0,0.0,0.0,1.0
"G[0,2](((SBP >= 108.487 & Creatinine >= 0.030) & HR <= 1.456) | SaO2 <= 0.165)
",9999999.000,9999999.000,0.000,1.000,0.000,0,0,28,0,0,28,28,0,0.0,0.0,1.0,0.0,0.0,1.0
"G[0,2](PTT >= 0.000 | Creatinine >= 0.078)
",9999999.000,9999999.000,0.000,1.000,0.000,0,0,28,0,0,28,28,0,0.0,0.0,1.0,0.0,0.0,1.0
"G[0,2](BaseExcess >= 0.000 | SaO2 <= 0.000)
",9999999.000,9999999.000,0.000,1.000,0.000,0,0,28,0,0,28,28,0,0.0,0.0,1.0,0.0,0.0,1.0
"G[0,2]((Chloride >= 0.000 & Creatinine >= 0.066) -> Alkalinephos <= 0.968)
",9999999.000,9999999.000,0.000,1.000,0.000,0,0,27,1,1,27,27,1,0.0,0.0,1.0,0.0,0.0,1.0
"G[0,2](((Lactate <= 0.000 | SBP <= 142.508) & BUN >= 121.484) & DBP >= 63.125)
",9999999.000,9999999.000,0.000,1.000,0.000,0,0,0,28,28,0,0,28,0.0,0.0,0.0,0.0,0.0,1.0
"G[2,2]((PTT >= 0.000 -> PaCO2 <= 0.000) & MAP >= 0.000)
",0.000,0.000,0.000,1.000,0.000,0,0,28,0,0,28,28,0,0.0,0.0,1.0,0.0,0.0,1.0
"G[1,2](((HR >= 79.625 & PTT >= 0.000) & TroponinI <= 0.000) & Calcium >= 0.000)
",9999999.000,9999999.000,0.000,1.000,0.000,0,0,18,10,10,18,18,10,0.0,0.0,1.0,0.0,0.0,1.0
"G[0,2](((PTT >= 0.000 -> Glucose >= 29.001) | Fibrinogen <= 126.817) | Temp >= 2.294)
",9999999.000,9999999.000,0.000,1.000,0.000,0,0,28,0,0,28,28,0,0.0,0.0,1.0,0.0,0.0,1.0
"G[0,2]((AST <= 3.421 & DBP >= 54.428) | Resp >= 41.648)
",9999999.000,9999999.000,0.000,1.000,0.000,0,0,25,3,3,25,25,3,0.0,0.0,1.0,0.0,0.0,1.0
"G[2,2](((O2Sat <= 98.278 -> PTT <= 0.000) -> Fibrinogen >= 0.000) & MAP <= 0.000)
",0.000,0.000,0.000,1.000,0.000,0,0,28,0,0,28,28,0,0.0,0.0,1.0,0.0,0.0,1.0
"G[1,2](Resp >= 5.109 & Alkalinephos >= 0.654)
",9999999.000,9999999.000,0.000,1.000,0.000,0,0,1,27,27,1,1,27,0.0,0.0,1.0,0.0,0.0,1.0
"G[1,2](DBP <= 78.486 & SepsisLabel >= 0.000)
",9999999.000,9999999.000,0.000,1.000,0.000,0,0,15,13,13,15,15,13,0.0,0.0,1.0,0.0,0.0,1.0
"G[2,2]((pH >= 0.000 -> FiO2 <= 0.000) | SepsisLabel <= 0.000)
",0.000,0.000,0.000,1.000,0.000,0,0,28,0,0,28,28,0,0.0,0.0,1.0,0.0,0.0,1.0
"G[1,2]((Phosphate >= 0.035 | PaCO2 >= 0.000) | TroponinI <= 0.000)
",9999999.000,9999999.000,0.000,1.000,0.000,0,0,28,0,0,28,28,0,0.0,0.0,1.0,0.0,0.0,1.0
"G[0,1](((pH >= 0.000 & SBP <= 167.877) | Hct >= 92.118) & FiO2 >= 36.065)
",9999999.000,9999999.000,0.000,1.000,0.000,0,0,0,28,28,0,0,28,0.0,0.0,0.0,0.0,0.0,1.0
"G[0,1](((TroponinI <= 0.000 & HR >= 47.525) | Chloride <= 93.506) -> O2Sat <= 94.677)
",9999999.000,9999999.000,0.000,1.000,0.000,0,0,0,28,28,0,0,28,0.0,0.0,0.0,0.0,0.0,1.0
"G[1,2](Alkalinephos >= 0.847 -> HCO3 <= 0.000)
",9999999.000,9999999.000,0.000,1.000,0.000,0,0,28,0,0,28,28,0,0.0,0.0,1.0,0.0,0.0,1.0
"G[1,2](((Temp <= 17.773 & Bilirubin_total <= 0.161) | Hgb >= 0.002) & TroponinI <= 0.329)
",9999999.000,9999999.000,0.000,1.000,0.000,0,0,15,13,13,15,15,13,0.0,0.0,1.0,0.0,0.0,1.0
"G[1,2]((SaO2 <= 0.000 -> PaCO2 <= 0.000) -> HCO3 >= 0.000)
",9999999.000,9999999.000,0.000,1.000,0.000,0,0,28,0,0,28,28,0,0.0,0.0,1.0,0.0,0.0,1.0
"G[2,2]((Platelets <= 20.619 | PaCO2 <= 0.000) & WBC >= 0.000)
",0.000,0.000,0.000,1.000,0.000,0,0,28,0,0,28,28,0,0.0,0.0,1.0,0.0,0.0,1.0
"G[0,2](((Bilirubin_total >= 0.004 | Phosphate <= 0.717) & Bilirubin_total >= 0.072) | SepsisLabel <= 0.698)
",9999999.000,9999999.000,0.000,1.000,0.000,0,0,28,0,0,28,28,0,0.0,0.0,1.0,0.0,0.0,1.0
"G[2,2](O2Sat <= 94.940 & Temp >= 4.367)
",-4.367,-4.367,0.000,1.000,0.000,0,0,28,0,0,28,28,0,0.0,0.0,1.0,0.0,0.0,1.0
"G[1,2](((PTT >= 0.000 & Hgb >= 0.303) & Platelets >= 0.277) & Lactate <= 1.320)
",9999999.000,9999999.000,0.000,1.000,0.000,0,0,1,27,27,1,1,27,0.0,0.0,1.0,0.0,0.0,1.0
"G[2,2](((Bilirubin_direct <= 0.000 & SaO2 <= 0.000) -> Platelets <= 0.000) -> AST >= 0.000)
",0.000,0.000,0.000,1.000,0.000,0,0,28,0,0,28,28,0,0.0,0.0,1.0,0.0,0.0,1.0
"G[0,0]((BaseExcess >= 0.000 -> HR <= 109.865) & PaCO2 >= 78.725)
",-78.725,-78.725,0.000,1.000,0.000,0,0,0,28,28,0,0,28,0.0,0.0,0.0,0.0,0.0,1.0
"G[1,2]((O2Sat <= 95.039 & WBC <= 8.077) -> Bilirubin_total <= 14.336)
",9999999.000,9999999.000,0.000,1.000,0.000,0,0,28,0,0,28,28,0,0.0,0.0,1.0,0.0,0.0,1.0
"G[1,2]((Temp >= 5.196 -> Bilirubin_total >= 0.005) | Lactate >= 0.004)
",9999999.000,9999999.000,0.000,1.000,0.000,0,0,15,13,13,15,15,13,0.0,0.0,1.0,0.0,0.0,1.0
"G[0,1](((MAP <= 110.614 -> AST <= 3.320) -> Hgb >= 0.329) & Calcium >= 0.072)
",9999999.000,9999999.000,0.000,1.000,0.000,0,0,0,28,28,0,0,28,0.0,0.0,0.0,0.0,0.0,1.0
"G[0,2](((BUN >= 1.215 -> Fibrinogen >= 0.000) & Bilirubin_total >= 0.000) | TroponinI >= 0.000)
",9999999.000,9999999.000,0.000,1.000,0.000,0,0,28,0,0,28,28,0,0.0,0.0,1.0,0.0,0.0,1.0
"G[0,2]((AST >= 0.580 -> BaseExcess <= 0.000) & Hct <= 0.000)
",9999999.000,9999999.000,0.000,1.000,0.000,0,0,26,2,2,26,26,2,0.0,0.0,1.0,0.0,0.0,1.0
"G[1,2]((Creatinine >= 0.017 | PaCO2 >= 0.000) | AST >= 0.000)
",9999999.000,9999999.000,0.000,1.000,0.000,0,0,28,0,0,28,28,0,0.0,0.0,1.0,0.0,0.0,1.0
"G[1,2](((DBP <= 92.857 | Temp <= 18.146) & Fibrinogen >= 6.484) -> FiO2 >= 1.590)
",9999999.000,9999999.000,0.000,1.000,0.000,0,0,28,0,0,28,28,0,0.0,0.0,1.0,0.0,0.0,1.0
"G[1,2](((Chloride >= 0.000 -> O2Sat >= 30.645) | Bilirubin_direct <= 94.721) | Lactate >= 51.414)
",9999999.000,9999999.000,0.000,1.000,0.000,0,0,28,0,0,28,28,0,0.0,0.0,1.0,0.0,0.0,1.0
"G[0,2]((Magnesium >= 0.016 & Bilirubin_direct <= 0.000) -> Temp <= 0.000)
",9999999.000,9999999.000,0.000,1.000,0.000,0,0,28,0,0,28,28,0,0.0,0.0,1.0,0.0,0.0,1.0
"G[0,2](Phosphate >= 0.021 | MAP <= 113.334)
",9999999.000,9999999.000,0.000,1.000,0.000,0,0,18,10,10,18,18,10,0.0,0.0,1.0,0.0,0.0,1.0
"G[1,2]((DBP >= 62.408 | TroponinI >= 0.000) -> SaO2 <= 0.000)
",9999999.000,9999999.000,0.000,1.000,0.000,0,0,28,0,0,28,28,0,0.0,0.0,1.0,0.0,0.0,1.0
"G[2,2](((AST <= 18.654 -> Hgb <= 3.130) -> EtCO2 <= 2.351) -> Temp <= 4.999)
",-5627842850458431.000,-4.999,0.000,1.000,0.000,0,0,28,0,0,28,28,0,0.0,0.0,1.0,0.0,0.0,1.0
"G[1,2](((HR <= 104.020 | Chloride <= 0.000) | Phosphate >= 0.000) -> Platelets <= 0.000)
",9999999.000,9999999.000,0.000,1.000,0.000,0,0,28,0,0,28,28,0,0.0,0.0,1.0,0.0,0.0,1.0
"G[2,2](Chloride <= 0.000 & Magnesium <= 1.732)
",0.000,0.000,0.000,1.000,0.000,0,0,28,0,0,28,28,0,0.0,0.0,1.0,0.0,0.0,1.0
"G[0,2](((PaCO2 <= 0.000 | pH >= 0.000) | TroponinI >= 0.000) -> Chloride >= 0.000)
",9999999.000,9999999.000,0.000,1.000,0.000,0,0,28,0,0,28,28,0,0.0,0.0,1.0,0.0,0.0,1.0
"G[1,2]((DBP >= 73.060 | Glucose <= 140.206) -> Phosphate <= 89.627)
",9999999.000,9999999.000,0.000,1.000,0.000,0,0,28,0,0,28,28,0,0.0,0.0,1.0,0.0,0.0,1.0
"G[1,2](((Potassium >= 0.132 -> Hgb <= 9.629) & Resp >= 0.268) -> EtCO2 <= 12.988)
",9999999.000,9999999.000,0.000,1.000,0.000,0,0,19,9,9,19,19,9,0.0,0.0,1.0,0.0,0.0,1.0
"G[0,2]((SepsisLabel >= 0.000 | HCO3 >= 0.000) | HR >= 0.000)
",9999999.000,9999999.000,0.000,1.000,0.000,0,0,28,0,0,28,28,0,0.0,0.0,1.0,0.0,0.0,1.0
"G[1,2](((Temp <= 30.872 | PaCO2 >= 0.000) & O2Sat <= 0.000) & BUN <= 0.000)
",9999999.000,9999999.000,0.000,1.000,0.000,0,0,1,27,27,1,1,27,0.0,0.0,1.0,0.0,0.0,1.0
"G[0,2](O2Sat >= 40.515 -> Calcium <= 6.647)
",9999999.000,9999999.000,0.000,1.000,0.000,0,0,25,3,3,25,25,3,0.0,0.0,1.0,0.0,0.0,1.0
"G[0,2]((HCO3 >= 0.000 & Phosphate >= 0.066) | BaseExcess <= 1.396)
",9999999.000,9999999.000,0.000,1.000,0.000,0,0,28,0,0,28,28,0,0.0,0.0,1.0,0.0,0.0,1.0
"G[0,1]((PaCO2 >= 0.000 & Creatinine >= 0.078) | O2Sat <= 0.638)
",9999999.000,9999999.000,0.000,1.000,0.000,0,0,0,28,28,0,0,28,0.0,0.0,0.0,0.0,0.0,1.0
"G[0,2](Hgb >= 0.057 -> Magnesium >= 0.031)
",9999999.000,9999999.000,0.000,1.000,0.000,0,0,28,0,0,28,28,0,0.0,0.0,1.0,0.0,0.0,1.0
"G[1,2](((Glucose >= 16.035 -> AST <= 15.827) & BUN >= 0.545) & HR <= 22.908)
",9999999.000,9999999.000,0.000,1.000,0.000,0,0,1,27,27,1,1,27,0.0,0.0,1.0,0.0,0.0,1.0
"G[1,2]((Fibrinogen >= 0.000 -> HCO3 >= 0.000) -> DBP >= 0.000)
",9999999.000,9999999.000,0.000,1.000,0.000,0,0,28,0,0,28,28,0,0.0,0.0,1.0,0.0,0.0,1.0
"G[0,2](Chloride >= 0.000 & HCO3 >= 0.000)
",9999999.000,9999999.000,0.000,1.000,0.000,0,0,28,0,0,28,28,0,0.0,0.0,1.0,0.0,0.0,1.0
"G[0,2](((EtCO2 <= 20.522 | Platelets >= 8.556) -> DBP <= 75.161) | Bilirubin_direct <= 118.594)
",9999999.000,9999999.000,0.000,1.000,0.000,0,0,28,0,0,28,28,0,0.0,0.0,1.0,0.0,0.0,1.0
"G[1,1](BUN <= 31.057 & Creatinine >= 0.021)
",-5997215267398271.000,-0.021,0.000,1.000,0.000,0,0,1,27,27,1,1,27,0.0,0.0,1.0,0.0,0.0,1.0
"G[1,2](((Hgb <= 11.696 | Hct <= 34.999) -> WBC >= 0.301) & Platelets >= 2.428)
",9999999.000,9999999.000,0.000,1.000,0.000,0,0,1,27,27,1,1,27,0.0,0.0,1.0,0.0,0.0,1.0
"G[0,1](BUN <= 4.724 & Creatinine >= 0.043)
",9999999.000,9999999.000,0.000,1.000,0.000,0,0,0,28,28,0,0,28,0.0,0.0,0.0,0.0,0.0,1.0
"G[2,2](Potassium > 0.242 & SepsisLabel = 0.000)
",-8720446243138329.000,-0.242,0.000,1.000,0.000,0,0,28,0,0,28,28,0,0.0,0.0,1.0,0.0,0.0,1.0
"G[0,2](Platelets > 3.557 -> SepsisLabel = 0.000)
",9999999.000,9999999.000,0.000,1.000,0.000,0,0,28,0,0,28,28,0,0.0,0.0,1.0,0.0,0.0,1.0
"G[1,2](SepsisLabel > 0.000 -> SepsisLabel = 0.000)
",9999999.000,9999999.000,0.000,1.000,0.000,0,0,28,0,0,28,28,0,0.0,0.0,1.0,0.0,0.0,1.0
"G[2,2](BUN <= 19.427 & SepsisLabel = 0.000)
",0.000,0.000,0.000,1.000,0.000,0,0,28,0,0,28,28,0,0.0,0.0,1.0,0.0,0.0,1.0
"G[1,2](HCO3 <= 0.000 -> SepsisLabel = 0.000)
",9999999.000,9999999.000,0.000,1.000,0.000,0,0,28,0,0,28,28,0,0.0,0.0,1.0,0.0,0.0,1.0
"G[1,2](EtCO2 >= 8.129 & SepsisLabel = 0.000)
",9999999.000,9999999.000,0.000,1.000,0.000,0,0,10,18,18,10,10,18,0.0,0.0,1.0,0.0,0.0,1.0
"G[0,2](DBP >= 31.062 -> SepsisLabel = 0.000)
",9999999.000,9999999.000,0.000,1.000,0.000,0,0,28,0,0,28,28,0,0.0,0.0,1.0,0.0,0.0,1.0
"G[0,2](AST < 23.121 -> SepsisLabel = 0.000)
",9999999.000,9999999.000,0.000,1.000,0.000,0,0,28,0,0,28,28,0,0.0,0.0,1.0,0.0,0.0,1.0
"G[0,2](AST >= 0.633 & SepsisLabel = 0.000)
",9999999.000,9999999.000,0.000,1.000,0.000,0,0,0,28,28,0,0,28,0.0,0.0,0.0,0.0,0.0,1.0
"G[1,2](((Platelets >= 6.240 | Platelets <= 10.850) & Chloride >= 0.161) -> PTT >= 3.958)
",9999999.000,9999999.000,0.000,1.000,0.000,0,0,28,0,0,28,28,0,0.0,0.0,1.0,0.0,0.0,1.0
"G[1,1](((Hct <= 13.463 -> Hgb >= 0.349) & EtCO2 <= 2.992) | Phosphate >= 0.233)
",-4200115449122212.500,-0.233,0.000,1.000,0.000,0,0,1,27,27,1,1,27,0.0,0.0,1.0,0.0,0.0,1.0
"G[1,2]((Phosphate <= 3.262 | WBC <= 6.193) | Fibrinogen <= 1.572)
",9999999.000,9999999.000,0.000,1.000,0.000,0,0,28,0,0,28,28,0,0.0,0.0,1.0,0.0,0.0,1.0
"G[0,2]((Platelets <= 109.821 & WBC <= 14.877) | PTT <= 10.060)
",9999999.000,9999999.000,0.000,1.000,0.000,0,0,28,0,0,28,28,0,0.0,0.0,1.0,0.0,0.0,1.0
"G[1,2](((BUN >= 0.883 -> Potassium >= 0.100) & SaO2 <= 0.639) | Calcium <= 4.955)
",9999999.000,9999999.000,0.000,1.000,0.000,0,0,28,0,0,28,28,0,0.0,0.0,1.0,0.0,0.0,1.0
"G[0,0](((Phosphate >= 0.129 & Platelets <= 90.269) & Bilirubin_direct >= 4.223) & EtCO2 <= 225.833)
",-13.523,-4.163,0.000,1.000,0.000,0,0,0,28,28,0,0,28,0.0,0.0,0.0,0.0,0.0,1.0
"G[1,1]((Hgb <= 11.465 -> Phosphate <= 3.911) -> AST >= 0.132)
",4763818479167775.000,0.132,0.000,1.000,0.000,0,0,1,27,27,1,1,27,0.0,0.0,1.0,0.0,0.0,1.0
"G[1,2](((Calcium <= 1.214 | Creatinine >= 0.036) & Resp >= 0.004) & Creatinine <= 0.419)
",9999999.000,9999999.000,0.000,1.000,0.000,0,0,27,1,1,27,27,1,0.0,0.0,1.0,0.0,0.0,1.0
"G[1,2]((DBP <= 95.944 -> MAP <= 126.440) -> Platelets >= 30.669)
",9999999.000,9999999.000,0.000,1.000,0.000,0,0,2,26,26,2,2,26,0.0,0.0,1.0,0.0,0.0,1.0
"G[1,2](((DBP <= 90.064 | O2Sat <= 94.932) & Temp >= 90.256) -> Bilirubin_total >= 76.600)
",9999999.000,9999999.000,0.000,1.000,0.000,0,0,28,0,0,28,28,0,0.0,0.0,1.0,0.0,0.0,1.0
"G[0,2](Potassium <= 0.926 | WBC >= 0.079)
",9999999.000,9999999.000,0.000,1.000,0.000,0,0,27,1,1,27,27,1,0.0,0.0,1.0,0.0,0.0,1.0
"G[0,1](((BUN >= 1.640 | Platelets >= 4.368) & DBP >= 1.899) & FiO2 <= 162.818)
",9999999.000,9999999.000,0.000,1.000,0.000,0,0,0,28,28,0,0,28,0.0,0.0,0.0,0.0,0.0,1.0
"G[0,2](Platelets <= 214.797 -> WBC >= 0.407)
",9999999.000,9999999.000,0.000,1.000,0.000,0,0,0,28,28,0,0,28,0.0,0.0,0.0,0.0,0.0,1.0
"G[1,2](((Hgb <= 0.793 | Hct <= 9.143) -> WBC >= 0.320) & Platelets >= 1.466)
",9999999.000,9999999.000,0.000,1.000,0.000,0,0,1,27,27,1,1,27,0.0,0.0,1.0,0.0,0.0,1.0
"G[0,2]((SBP >= 38.470 & Lactate >= 0.000) | EtCO2 >= 0.000)
",9999999.000,9999999.000,0.000,1.000,0.000,0,0,28,0,0,28,28,0,0.0,0.0,1.0,0.0,0.0,1.0
"G[0,1](Platelets <= 102.772 -> WBC >= 0.440)
",9999999.000,9999999.000,0.000,1.000,0.000,0,0,0,28,28,0,0,28,0.0,0.0,0.0,0.0,0.0,1.0
"G[0,2](((Hgb <= 6.910 | Hct <= 12.493) -> WBC >= 0.010) & Platelets >= 9.022)
",9999999.000,9999999.000,0.000,1.000,0.000,0,0,0,28,28,0,0,28,0.0,0.0,0.0,0.0,0.0,1.0
"G[0,1](BUN <= 15.607 & Creatinine >= 0.005)
",9999999.000,9999999.000,0.000,1.000,0.000,0,0,0,28,28,0,0,28,0.0,0.0,0.0,0.0,0.0,1.0
"G[0,2](Chloride >= 0.000 & HCO3 >= 0.000)
",9999999.000,9999999.000,0.000,1.000,0.000,0,0,28,0,0,28,28,0,0.0,0.0,1.0,0.0,0.0,1.0
"G[1,2](((Hgb <= 8.550 | Hct <= 7.776) -> WBC >= 0.360) & Platelets >= 2.926)
",9999999.000,9999999.000,0.000,1.000,0.000,0,0,1,27,27,1,1,27,0.0,0.0,1.0,0.0,0.0,1.0
"G[1,1](BUN <= 30.937 & Creatinine >= 0.009)
",-0.009,-0.009,0.000,1.000,0.000,0,0,1,27,27,1,1,27,0.0,0.0,1.0,0.0,0.0,1.0
"G[2,2](Chloride >= 0.000 & HCO3 >= 0.000)
",0.000,0.000,0.000,1.000,0.000,0,0,28,0,0,28,28,0,0.0,0.0,1.0,0.0,0.0,1.0
"G[0,1](Platelets <= 180.025 -> WBC >= 0.271)
",9999999.000,9999999.000,0.000,1.000,0.000,0,0,0,28,28,0,0,28,0.0,0.0,0.0,0.0,0.0,1.0
"G[0,2](((Hgb <= 8.942 | Hct <= 23.122) -> WBC >= 0.105) & Platelets >= 3.375)
",9999999.000,9999999.000,0.000,1.000,0.000,0,0,0,28,28,0,0,28,0.0,0.0,0.0,0.0,0.0,1.0
"G[0,0](BUN <= 14.592 & Creatinine >= 0.001)
",-0.196,-0.756,0.000,1.000,0.000,0,0,0,28,28,0,0,28,0.0,0.0,0.0,0.0,0.0,1.0
"G[2,2](Platelets <= 231.090 -> WBC >= 0.262)
",-8130771197500482.000,-231.090,0.000,1.000,0.000,0,0,28,0,0,28,28,0,0.0,0.0,1.0,0.0,0.0,1.0
"G[0,2](((Hgb <= 8.925 | Hct <= 35.013) -> WBC >= 0.284) & Platelets >= 2.087)
",9999999.000,9999999.000,0.000,1.000,0.000,0,0,0,28,28,0,0,28,0.0,0.0,0.0,0.0,0.0,1.0
"G[1,2](BUN <= 12.319 & Creatinine >= 0.062)
",9999999.000,9999999.000,0.000,1.000,0.000,0,0,1,27,27,1,1,27,0.0,0.0,1.0,0.0,0.0,1.0
"G[0,2](((Hgb <= 3.819 | Hct <= 35.069) -> WBC >= 0.446) & Platelets >= 4.691)
",9999999.000,9999999.000,0.000,1.000,0.000,0,0,0,28,28,0,0,28,0.0,0.0,0.0,0.0,0.0,1.0
"G[0,0](BUN <= 3.110 & Creatinine >= 0.036)
",-0.202,-1.216,0.000,1.000,0.000,0,0,0,28,28,0,0,28,0.0,0.0,0.0,0.0,0.0,1.0
"G[0,2](Chloride >= 0.000 & HCO3 >= 0.000)
",9999999.000,9999999.000,0.000,1.000,0.000,0,0,28,0,0,28,28,0,0.0,0.0,1.0,0.0,0.0,1.0
"G[0,1](((Hgb <= 2.026 | Hct <= 25.614) -> WBC >= 0.120) & Platelets >= 4.252)
",9999999.000,9999999.000,0.000,1.000,0.000,0,0,0,28,28,0,0,28,0.0,0.0,0.0,0.0,0.0,1.0
"G[1,1](BUN <= 24.794 & Creatinine >= 0.038)
",-5507211129521825.000,-0.038,0.000,1.000,0.000,0,0,1,27,27,1,1,27,0.0,0.0,1.0,0.0,0.0,1.0
"G[0,2](Chloride >= 0.000 & HCO3 >= 0.000)
",9999999.000,9999999.000,0.000,1.000,0.000,0,0,28,0,0,28,28,0,0.0,0.0,1.0,0.0,0.0,1.0
"G[0,2](Platelets <= 119.540 -> WBC >= 0.281)
",9999999.000,9999999.000,0.000,1.000,0.000,0,0,0,28,28,0,0,28,0.0,0.0,0.0,0.0,0.0,1.0
"G[0,1](BUN <= 16.418 & Creatinine >= 0.016)
",9999999.000,9999999.000,0.000,1.000,0.000,0,0,0,28,28,0,0,28,0.0,0.0,0.0,0.0,0.0,1.0
"G[2,2](Chloride >= 0.000 & HCO3 >= 0.000)
",0.000,0.000,0.000,1.000,0.000,0,0,28,0,0,28,28,0,0.0,0.0,1.0,0.0,0.0,1.0
"G[0,2](((Hgb <= 0.990 | Hct <= 4.873) -> WBC >= 0.355) & Platelets >= 6.005)
",9999999.000,9999999.000,0.000,1.000,0.000,0,0,0,28,28,0,0,28,0.0,0.0,0.0,0.0,0.0,1.0
"G[1,2](BUN <= 34.333 & Creatinine >= 0.009)
",9999999.000,9999999.000,0.000,1.000,0.000,0,0,1,27,27,1,1,27,0.0,0.0,1.0,0.0,0.0,1.0
"G[1,2]((Creatinine <= 0.326 | Hct >= 0.369) & Lactate <= 31.575)
",9999999.000,9999999.000,0.000,1.000,0.000,0,0,27,1,1,27,27,1,0.0,0.0,1.0,0.0,0.0,1.0
"G[0,1](((Creatinine >= 0.064 -> Magnesium >= 0.008) | Bilirubin_direct >= 0.048) & FiO2 >= 0.023)
",9999999.000,9999999.000,0.000,1.000,0.000,0,0,0,28,28,0,0,28,0.0,0.0,0.0,0.0,0.0,1.0
"G[0,1](((Bilirubin_total >= 0.004 | Phosphate >= 0.058) | Magnesium <= 3.097) & SBP <= 3.245)
",9999999.000,9999999.000,0.000,1.000,0.000,0,0,0,28,28,0,0,28,0.0,0.0,0.0,0.0,0.0,1.0
"G[2,2]((HR >= 17.503 | SBP >= 79.464) | SaO2 >= 120.264)
",-17.503,-17.503,0.000,1.000,0.000,0,0,28,0,0,28,28,0,0.0,0.0,1.0,0.0,0.0,1.0
"G[0,2]((Hgb <= 4.878 -> HR <= 86.411) | Bilirubin_direct >= 16.137)
",9999999.000,9999999.000,0.000,1.000,0.000,0,0,14,14,14,14,14,14,0.0,0.0,1.0,0.0,0.0,1.0
"G[0,2](Alkalinephos >= 0.333 -> Temp >= 2.596)
",9999999.000,9999999.000,0.000,1.000,0.000,0,0,27,1,1,27,27,1,0.0,0.0,1.0,0.0,0.0,1.0
"G[1,1](((BUN >= 1.701 & Temp <= 19.457) | Potassium >= 7.521) & Potassium <= 21.388)
",-3829575380911738.000,-1.701,0.000,1.000,0.000,0,0,1,27,27,1,1,27,0.0,0.0,1.0,0.0,0.0,1.0
"G[1,1]((AST >= 0.363 & MAP <= 134.773) & Lactate <= 102.025)
",-0.363,-0.363,0.000,1.000,0.000,0,0,1,27,27,1,1,27,0.0,0.0,1.0,0.0,0.0,1.0
"G[1,2]((Calcium <= 1.970 -> Temp >= 5.837) | Potassium <= 22.725)
",9999999.000,9999999.000,0.000,1.000,0.000,0,0,28,0,0,28,28,0,0.0,0.0,1.0,0.0,0.0,1.0
"G[1,2]((Creatinine >= 0.026 -> SBP >= 129.777) & Temp >= 111.114)
",9999999.000,9999999.000,0.000,1.000,0.000,0,0,1,27,27,1,1,27,0.0,0.0,1.0,0.0,0.0,1.0
"G[2,2](DBP >= 36.806 & Magnesium >= 0.023)
",-36.806,-36.806,0.000,1.000,0.000,0,0,28,0,0,28,28,0,0.0,0.0,1.0,0.0,0.0,1.0
"G[1,2]((DBP <= 92.074 & Hct <= 11.299) & Bilirubin_direct <= 30.334)
",9999999.000,9999999.000,0.000,1.000,0.000,0,0,25,3,3,25,25,3,0.0,0.0,1.0,0.0,0.0,1.0
"G[0,2](((Potassium <= 1.194 | SBP >= 4.638) & PTT >= 90.695) -> BUN <= 180.784)
",9999999.000,9999999.000,0.000,1.000,0.000,0,0,28,0,0,28,28,0,0.0,0.0,1.0,0.0,0.0,1.0
"G[1,2]((DBP <= 91.784 & Phosphate >= 0.054) | Hct >= 0.133)
",9999999.000,9999999.000,0.000,1.000,0.000,0,0,1,27,27,1,1,27,0.0,0.0,1.0,0.0,0.0,1.0
"G[0,2](((Hgb >= 0.178 & SBP <= 187.264) & SaO2 <= 146.316) & HR >= 68.502)
",9999999.000,9999999.000,0.000,1.000,0.000,0,0,0,28,28,0,0,28,0.0,0.0,0.0,0.0,0.0,1.0
"G[0,2](((Magnesium >= 0.003 & SBP <= 168.675) & Magnesium >= 23.458) | HR >= 102.706)
",9999999.000,9999999.000,0.000,1.000,0.000,0,0,0,28,28,0,0,28,0.0,0.0,0.0,0.0,0.0,1.0
"G[0,2]((Alkalinephos <= 34.624 & O2Sat <= 96.420) -> Chloride <= 93.763)
",9999999.000,9999999.000,0.000,1.000,0.000,0,0,28,0,0,28,28,0,0.0,0.0,1.0,0.0,0.0,1.0
"G[0,2](((Creatinine >= 0.033 | Resp >= 6.922) | HR <= 16.220) & BaseExcess <= 24.368)
",9999999.000,9999999.000,0.000,1.000,0.000,0,0,28,0,0,28,28,0,0.0,0.0,1.0,0.0,0.0,1.0
"G[0,2]((Calcium >= 0.209 -> HR <= 107.805) -> PaCO2 >= 28.388)
",9999999.000,9999999.000,0.000,1.000,0.000,0,0,0,28,28,0,0,28,0.0,0.0,0.0,0.0,0.0,1.0
"G[1,1]((O2Sat >= 65.004 | Platelets >= 7.532) & Chloride >= 5.621)
",-8479920010577831.000,-7.532,0.000,1.000,0.000,0,0,1,27,27,1,1,27,0.0,0.0,1.0,0.0,0.0,1.0
"G[1,2](Phosphate <= 3.688 | Resp >= 0.919)
",9999999.000,9999999.000,0.000,1.000,0.000,0,0,28,0,0,28,28,0,0.0,0.0,1.0,0.0,0.0,1.0
"G[1,2](((HR <= 84.574 & Potassium >= 0.178) & SBP >= 0.023) & Magnesium <= 2.607)
",9999999.000,9999999.000,0.000,1.000,0.000,0,0,2,26,26,2,2,26,0.0,0.0,1.0,0.0,0.0,1.0
"G[1,2]((Resp <= 19.849 & WBC >= 0.074) | Lactate >= 0.428)
",9999999.000,9999999.000,0.000,1.000,0.000,0,0,1,27,27,1,1,27,0.0,0.0,1.0,0.0,0.0,1.0
"G[0,2]((Creatinine <= 1.495 & MAP >= 8.530) | Bilirubin_direct <= 101.804)
",9999999.000,9999999.000,0.000,1.000,0.000,0,0,28,0,0,28,28,0,0.0,0.0,1.0,0.0,0.0,1.0
"G[1,2](((Bilirubin_total >= 0.007 & DBP <= 90.616) & FiO2 >= 30.983) & SepsisLabel >= 30.462)
",9999999.000,9999999.000,0.000,1.000,0.000,0,0,1,27,27,1,1,27,0.0,0.0,1.0,0.0,0.0,1.0
"G[0,2](((AST <= 10.473 | DBP <= 86.719) | Lactate <= 73.905) | PaCO2 >= 40.147)
",9999999.000,9999999.000,0.000,1.000,0.000,0,0,28,0,0,28,28,0,0.0,0.0,1.0,0.0,0.0,1.0
"G[0,2](((SaO2 >= 0.000 | HR <= 103.470) | Phosphate >= 59.695) & pH >= 0.521)
",9999999.000,9999999.000,0.000,1.000,0.000,0,0,0,28,28,0,0,28,0.0,0.0,0.0,0.0,0.0,1.0
"G[1,2]((EtCO2 >= 6.589 | Magnesium >= 0.042) & HCO3 >= 0.006)
",9999999.000,9999999.000,0.000,1.000,0.000,0,0,1,27,27,1,1,27,0.0,0.0,1.0,0.0,0.0,1.0
"G[0,2](EtCO2 >= 4.714 & Hct >= 0.566)
",9999999.000,9999999.000,0.000,1.000,0.000,0,0,0,28,28,0,0,28,0.0,0.0,0.0,0.0,0.0,1.0
"G[0,1]((AST >= 0.286 -> Resp >= 6.606) & Phosphate >= 5.919)
",9999999.000,9999999.000,0.000,1.000,0.000,0,0,0,28,28,0,0,28,0.0,0.0,0.0,0.0,0.0,1.0
"G[0,2](AST >= 0.243 -> Calcium <= 8.685)
",9999999.000,9999999.000,0.000,1.000,0.000,0,0,27,1,1,27,27,1,0.0,0.0,1.0,0.0,0.0,1.0
"G[0,2]((Alkalinephos >= 0.054 & WBC <= 7.137) | Potassium >= 0.107)
",9999999.000,9999999.000,0.000,1.000,0.000,0,0,0,28,28,0,0,28,0.0,0.0,0.0,0.0,0.0,1.0
"G[1,2](((Bilirubin_total >= 0.006 -> Platelets <= 186.150) & Fibrinogen <= 106.820) -> O2Sat >= 6.673)
",9999999.000,9999999.000,0.000,1.000,0.000,0,0,28,0,0,28,28,0,0.0,0.0,1.0,0.0,0.0,1.0
"G[1,2]((Bilirubin_total >= 0.002 -> Hct <= 26.198) & DBP >= 0.413)
",9999999.000,9999999.000,0.000,1.000,0.000,0,0,28,0,0,28,28,0,0.0,0.0,1.0,0.0,0.0,1.0
"G[0,2]((Bilirubin_total >= 0.002 & Magnesium >= 0.040) -> EtCO2 <= 1.416)
",9999999.000,9999999.000,0.000,1.000,0.000,0,0,27,1,1,27,27,1,0.0,0.0,1.0,0.0,0.0,1.0
"G[1,2]((Alkalinephos >= 0.628 -> Hgb >= 0.341) -> O2Sat <= 2.159)
",9999999.000,9999999.000,0.000,1.000,0.000,0,0,1,27,27,1,1,27,0.0,0.0,1.0,0.0,0.0,1.0
"G[1,2]((AST >= 0.551 & Hgb >= 0.370) & Creatinine <= 10.058)
",9999999.000,9999999.000,0.000,1.000,0.000,0,0,1,27,27,1,1,27,0.0,0.0,1.0,0.0,0.0,1.0
"G[0,0](Alkalinephos >= 0.255 & Creatinine <= 0.591)
",-1.401,-0.224,0.000,1.000,0.000,0,0,0,28,28,0,0,28,0.0,0.0,0.0,0.0,0.0,1.0
"G[0,2]((AST <= 18.175 & Creatinine <= 1.631) -> Creatinine <= 0.181)
",9999999.000,9999999.000,0.000,1.000,0.000,0,0,27,1,1,27,27,1,0.0,0.0,1.0,0.0,0.0,1.0
"G[2,2](Alkalinephos >= 0.002 & BUN <= 20.789)
",-0.002,-0.002,0.000,1.000,0.000,0,0,28,0,0,28,28,0,0.0,0.0,1.0,0.0,0.0,1.0
"G[1,1]((Bilirubin_total <= 0.098 | Calcium >= 0.348) -> MAP <= 9.173)
",-5163896680474140.000,-9.173,0.000,1.000,0.000,0,0,1,27,27,1,1,27,0.0,0.0,1.0,0.0,0.0,1.0
"G[1,2](Glucose >= 30.168 & Platelets <= 204.657)
",9999999.000,9999999.000,0.000,1.000,0.000,0,0,9,19,19,9,9,19,0.0,0.0,1.0,0.0,0.0,1.0
"G[1,2](((Bilirubin_total >= 0.001 -> Resp >= 3.024) | SepsisLabel >= 10.206) -> Potassium <= 24.498)
",9999999.000,9999999.000,0.000,1.000,0.000,0,0,28,0,0,28,28,0,0.0,0.0,1.0,0.0,0.0,1.0
"G[0,2](Glucose <= 36.036 & Hgb >= 0.164)
",9999999.000,9999999.000,0.000,1.000,0.000,0,0,0,28,28,0,0,28,0.0,0.0,0.0,0.0,0.0,1.0
"G[1,2](AST >= 0.087 & Glucose <= 40.560)
",9999999.000,9999999.000,0.000,1.000,0.000,0,0,1,27,27,1,1,27,0.0,0.0,1.0,0.0,0.0,1.0
"G[0,2]((Alkalinephos <= 36.473 -> EtCO2 <= 19.150) | SBP <= 29.472)
",9999999.000,9999999.000,0.000,1.000,0.000,0,0,18,10,10,18,18,10,0.0,0.0,1.0,0.0,0.0,1.0
"G[0,2](EtCO2 <= 37.161 -> SBP >= 9.950)
",9999999.000,9999999.000,0.000,1.000,0.000,0,0,26,2,2,26,26,2,0.0,0.0,1.0,0.0,0.0,1.0
"G[2,2](((BUN <= 33.865 | EtCO2 <= 19.746) -> PaCO2 <= 13.157) & BUN <= 38.689)
",-33.865,-33.865,0.000,1.000,0.000,0,0,28,0,0,28,28,0,0.0,0.0,1.0,0.0,0.0,1.0
"G[1,2](SBP <= 173.485 -> Temp >= 5.193)
",9999999.000,9999999.000,0.000,1.000,0.000,0,0,15,13,13,15,15,13,0.0,0.0,1.0,0.0,0.0,1.0
"G[2,2]((HR <= 84.148 & Temp >= 4.449) -> Alkalinephos <= 11.708)
",-11.708,-11.708,0.000,1.000,0.000,0,0,28,0,0,28,28,0,0.0,0.0,1.0,0.0,0.0,1.0
"G[0,0](Platelets >= 7.048 & Temp >= 2.238)
",-7.048,-7.048,0.000,1.000,0.000,0,0,0,28,28,0,0,28,0.0,0.0,0.0,0.0,0.0,1.0
"G[0,2](((Phosphate >= 0.007 | Temp >= 2.943) -> Potassium >= 1.859) & Chloride <= 10.243)
",9999999.000,9999999.000,0.000,1.000,0.000,0,0,16,12,12,16,16,12,0.0,0.0,1.0,0.0,0.0,1.0
"G[1,2](((O2Sat >= 19.961 & Temp >= 5.193) -> HCO3 >= 5.997) & DBP >= 7.843)
",9999999.000,9999999.000,0.000,1.000,0.000,0,0,15,13,13,15,15,13,0.0,0.0,1.0,0.0,0.0,1.0
"G[1,2](((Alkalinephos <= 4.076 -> Bilirubin_direct <= 0.000) & Platelets >= 0.000) | SBP <= 0.000)
",9999999.000,9999999.000,0.000,1.000,0.000,0,0,28,0,0,28,28,0,0.0,0.0,1.0,0.0,0.0,1.0
