Rule,Discrimination Score,Pos Robustness,Neg Robustness,Percent Class +,Percent Class -,TP,TN,FP,FN,Actual Yes,Actual No,Predicted Yes,Predicted No,TPR/Sens,TNR/Spec,FPR,Precision,Accuracy,MCR,Class
"G[0,0](((AST <= 6.153 & Platelets <= 150.382) -> Temp <= 45.914) | Potassium <= 101.211)
",115.984,101.005,0.000,1.000,0.000,20,0,0,0,20,0,20,0,1.0,0.0,0.0,1.0,1.0256410256410255,-0.02564102564102555,1
"G[0,0]((PTT <= 0.000 -> Glucose >= 2.678) | TroponinI <= 55.463)
",620.721,55.442,0.000,1.000,0.000,20,0,0,0,20,0,20,0,1.0,0.0,0.0,1.0,1.0256410256410255,-0.02564102564102555,1
"F[0,0](((Hgb >= 0.290 -> BUN <= 13.128) & EtCO2 >= 0.400) | Lactate >= 0.226)
",0.225,4.774,0.000,0.000,1.000,20,0,0,0,20,0,20,0,1.0,0.0,0.0,1.0,1.0256410256410255,-0.02564102564102555,-1
"F[0,0]((Alkalinephos <= 72.602 | Creatinine >= 0.033) -> SepsisLabel >= 0.027)
",-3.342,-80.905,0.000,0.000,1.000,20,0,0,0,20,0,20,0,1.0,0.0,0.0,1.0,1.0256410256410255,-0.02564102564102555,-1
"G[0,0](TroponinI >= 0.000 & SepsisLabel = 0.000)
",-0.343,-15.947,0.000,1.000,0.000,20,0,0,0,20,0,20,0,1.0,0.0,0.0,1.0,1.0256410256410255,-0.02564102564102555,1
"F[0,0](((MAP >= 74.053 | WBC <= 7.875) & Fibrinogen >= 0.401) & Alkalinephos <= 1.180)
",-0.365,-0.866,0.000,0.000,1.000,20,0,0,0,20,0,20,0,1.0,0.0,0.0,1.0,1.0256410256410255,-0.02564102564102555,-1
"G[0,0]((BUN >= 0.453 -> Phosphate >= 0.196) | HR <= 1.249)
",-0.154,-0.369,0.000,1.000,0.000,20,0,0,0,20,0,20,0,1.0,0.0,0.0,1.0,1.0256410256410255,-0.02564102564102555,1
"F[0,0](Hct >= 1.073 & HR <= 100.910)
",-4627032127207510.000,-33666.090,0.000,0.000,1.000,20,0,0,0,20,0,20,0,1.0,0.0,0.0,1.0,1.0256410256410255,-0.02564102564102555,-1
"G[0,0]((AST <= 1.365 | Temp >= 2.095) | Calcium >= 5.875)
",59.594,94.747,0.000,1.000,0.000,20,0,0,0,20,0,20,0,1.0,0.0,0.0,1.0,1.0256410256410255,-0.02564102564102555,1
"G[0,0]((EtCO2 <= 0.000 -> Potassium >= 0.163) | Lactate <= 0.647)
",0.425,0.416,0.000,1.000,0.000,20,0,0,0,20,0,20,0,1.0,0.0,0.0,1.0,1.0256410256410255,-0.02564102564102555,1
"G[0,0]((Temp >= 1.992 & WBC <= 5.606) -> DBP >= 0.438)
",-5.692,-92.247,0.000,1.000,0.000,20,0,0,0,20,0,20,0,1.0,0.0,0.0,1.0,1.0256410256410255,-0.02564102564102555,1
"G[0,0]((Calcium >= 0.001 -> DBP >= 25.707) & Fibrinogen <= 115.956)
",-4.094,-67.909,0.000,1.000,0.000,20,0,0,0,20,0,20,0,1.0,0.0,0.0,1.0,1.0256410256410255,-0.02564102564102555,1
"G[0,0](HR > 12.026 -> SepsisLabel = 0.000)
",-4639248259579894.000,-33754.974,0.000,1.000,0.000,20,0,0,0,20,0,20,0,1.0,0.0,0.0,1.0,1.0256410256410255,-0.02564102564102555,1
"G[0,0]((WBC <= 5.654 & Calcium >= 0.093) -> Phosphate >= 0.046)
",-0.200,-0.254,0.000,1.000,0.000,20,0,0,0,20,0,20,0,1.0,0.0,0.0,1.0,1.0256410256410255,-0.02564102564102555,1
"G[0,1](EtCO2 >= 0.000 | SepsisLabel >= 0.000)
",9999999.000,9999999.000,0.000,1.000,0.000,19,0,1,0,19,1,20,0,1.0,0.0,1.0,0.95,0.9743589743589743,0.02564102564102566,1
"G[1,1](Calcium >= 0.072 | Hgb <= 9.620)
",5415621787267196.000,9.620,0.000,1.000,0.000,19,0,1,0,19,1,20,0,1.0,0.0,1.0,0.95,0.9743589743589743,0.02564102564102566,1
"F[0,1](((BUN >= 0.418 | SBP <= 144.619) & Phosphate >= 69.866) & Hct >= 4.682)
",-9999999.000,-9999999.000,0.000,0.000,1.000,19,0,0,1,20,0,19,1,0.95,0.0,0.0,1.0,0.9743589743589743,0.02564102564102566,-1
"G[0,0](((Hct <= 25.707 -> Magnesium <= 0.664) | HCO3 >= 0.008) & MAP >= 0.077)
",-9001288061441891.000,-0.008,0.000,1.000,0.000,19,0,0,1,20,0,19,1,0.95,0.0,0.0,1.0,0.9743589743589743,0.02564102564102566,1
"F[1,1]((Creatinine <= 0.712 -> MAP <= 87.036) & Creatinine >= 27.733)
",-87.036,-87.036,0.000,0.000,1.000,19,0,0,1,20,0,19,1,0.95,0.0,0.0,1.0,0.9743589743589743,0.02564102564102566,-1
"F[0,1]((Calcium <= 2.573 & Potassium <= 1.431) & Magnesium >= 0.048)
",-9999999.000,-9999999.000,0.000,0.000,1.000,19,0,0,1,20,0,19,1,0.95,0.0,0.0,1.0,0.9743589743589743,0.02564102564102566,-1
"F[1,1](((Temp <= 9.291 | Glucose <= 76.309) & Magnesium >= 4.387) & Hct <= 44.531)
",-4939346189170134.000,-4.387,0.000,0.000,1.000,19,0,0,1,20,0,19,1,0.95,0.0,0.0,1.0,0.9743589743589743,0.02564102564102566,-1
"F[0,1]((Calcium <= 2.008 & Potassium <= 3.205) & Magnesium >= 0.007)
",-9999999.000,-9999999.000,0.000,0.000,1.000,19,0,0,1,20,0,19,1,0.95,0.0,0.0,1.0,0.9743589743589743,0.02564102564102566,-1
"G[0,1]((MAP <= 117.862 -> SBP <= 146.532) -> FiO2 <= 130.302)
",9999999.000,9999999.000,0.000,1.000,0.000,19,0,1,0,19,1,20,0,1.0,0.0,1.0,0.95,0.9743589743589743,0.02564102564102566,1
"F[0,1](((Platelets >= 8.179 & O2Sat <= 97.005) & Creatinine >= 63.875) & Hct >= 49.897)
",-9999999.000,-9999999.000,0.000,0.000,1.000,19,0,0,1,20,0,19,1,0.95,0.0,0.0,1.0,0.9743589743589743,0.02564102564102566,-1
"F[0,0](BUN >= 0.522 & SepsisLabel >= 0.000)
",0.023,0.057,0.000,0.000,1.000,19,0,0,1,20,0,19,1,0.95,0.0,0.0,1.0,0.9743589743589743,0.02564102564102566,-1
"F[1,1]((Hct >= 1.792 & Temp <= 29.405) | Lactate >= 5.348)
",-8070944586750508.000,-1.792,0.000,0.000,1.000,19,0,0,1,20,0,19,1,0.95,0.0,0.0,1.0,0.9743589743589743,0.02564102564102566,-1
"F[0,1]((Calcium >= 0.015 -> BUN >= 0.492) & Bilirubin_direct >= 0.360)
",-9999999.000,-9999999.000,0.000,0.000,1.000,19,0,0,1,20,0,19,1,0.95,0.0,0.0,1.0,0.9743589743589743,0.02564102564102566,-1
"G[1,1](((Hct <= 13.690 -> EtCO2 >= 0.000) & Chloride >= 0.000) | HCO3 >= 0.000)
",0.000,0.000,0.000,1.000,0.000,19,0,1,0,19,1,20,0,1.0,0.0,1.0,0.95,0.9743589743589743,0.02564102564102566,1
"F[1,1]((Calcium <= 8.312 & Potassium <= 1.747) & Magnesium >= 0.089)
",-0.089,-0.089,0.000,0.000,1.000,19,0,0,1,20,0,19,1,0.95,0.0,0.0,1.0,0.9743589743589743,0.02564102564102566,-1
"F[0,0](((Potassium >= 0.167 & AST <= 5.483) & Magnesium >= 0.059) | AST >= 0.187)
",-6.675,-0.162,0.000,0.000,1.000,19,0,0,1,20,0,19,1,0.95,0.0,0.0,1.0,0.9743589743589743,0.02564102564102566,-1
"F[0,1](((Hct <= 19.166 | MAP <= 113.102) | TroponinI <= 100.150) -> Chloride >= 71.748)
",-9999999.000,-9999999.000,0.000,0.000,1.000,19,0,0,1,20,0,19,1,0.95,0.0,0.0,1.0,0.9743589743589743,0.02564102564102566,-1
"F[1,1](((Potassium <= 0.238 | SBP >= 18.519) | pH <= 130.896) -> Lactate >= 104.262)
",-4605476143783573.000,-130.896,0.000,0.000,1.000,19,0,0,1,20,0,19,1,0.95,0.0,0.0,1.0,0.9743589743589743,0.02564102564102566,-1
"F[0,1]((Bilirubin_total <= 0.254 | HR >= 19.866) & Hct >= 49.887)
",-9999999.000,-9999999.000,0.000,0.000,1.000,19,0,0,1,20,0,19,1,0.95,0.0,0.0,1.0,0.9743589743589743,0.02564102564102566,-1
"G[0,1](Calcium >= 0.164 -> Creatinine >= 0.026)
",9999999.000,9999999.000,0.000,1.000,0.000,19,0,1,0,19,1,20,0,1.0,0.0,1.0,0.95,0.9743589743589743,0.02564102564102566,1
"F[0,1](AST >= 0.028 & WBC <= 0.899)
",-9999999.000,-9999999.000,0.000,0.000,1.000,19,0,0,1,20,0,19,1,0.95,0.0,0.0,1.0,0.9743589743589743,0.02564102564102566,-1
"F[0,1]((Phosphate >= 0.177 & AST <= 1.065) & BUN <= 6.780)
",-9999999.000,-9999999.000,0.000,0.000,1.000,19,0,0,1,20,0,19,1,0.95,0.0,0.0,1.0,0.9743589743589743,0.02564102564102566,-1
"F[0,0](((TroponinI <= 0.000 & Hgb >= 0.696) & Potassium >= 0.011) & Chloride <= 3.018)
",-0.826,-0.917,0.000,0.000,1.000,19,0,0,1,20,0,19,1,0.95,0.0,0.0,1.0,0.9743589743589743,0.02564102564102566,-1
"F[1,1](((SepsisLabel <= 0.000 -> BUN >= 0.641) & DBP <= 11.447) & Platelets >= 0.324)
",-0.324,-0.324,0.000,0.000,1.000,19,0,0,1,20,0,19,1,0.95,0.0,0.0,1.0,0.9743589743589743,0.02564102564102566,-1
"G[0,1](Chloride > 0.000 -> SepsisLabel = 0.000)
",9999999.000,9999999.000,0.000,1.000,0.000,19,0,1,0,19,1,20,0,1.0,0.0,1.0,0.95,0.9743589743589743,0.02564102564102566,1
"F[1,1]((Calcium <= 1.671 & Potassium <= 4.526) & Magnesium >= 0.094)
",-0.094,-0.094,0.000,0.000,1.000,19,0,0,1,20,0,19,1,0.95,0.0,0.0,1.0,0.9743589743589743,0.02564102564102566,-1
"G[1,1]((PTT >= 0.000 -> Alkalinephos <= 67.556) | Potassium <= 77.207)
",77.207,77.207,0.000,1.000,0.000,19,0,1,0,19,1,20,0,1.0,0.0,1.0,0.95,0.9743589743589743,0.02564102564102566,1
"G[0,1]((BUN <= 8.258 | Glucose <= 15.751) | MAP >= 2.120)
",9999999.000,9999999.000,0.000,1.000,0.000,19,0,1,0,19,1,20,0,1.0,0.0,1.0,0.95,0.9743589743589743,0.02564102564102566,1
"G[0,1](((Chloride <= 0.000 | HR >= 81.056) | PTT <= 98.404) | PTT <= 110.747)
",9999999.000,9999999.000,0.000,1.000,0.000,19,0,1,0,19,1,20,0,1.0,0.0,1.0,0.95,0.9743589743589743,0.02564102564102566,1
"G[0,1](((Phosphate >= 0.033 -> Bilirubin_total >= 0.000) -> Calcium <= 0.021) -> Alkalinephos <= 0.076)
",9999999.000,9999999.000,0.000,1.000,0.000,19,0,1,0,19,1,20,0,1.0,0.0,1.0,0.95,0.9743589743589743,0.02564102564102566,1
"G[1,1]((Bilirubin_total >= 0.000 -> MAP >= 47.722) | Calcium <= 106.543)
",106.543,106.543,0.000,1.000,0.000,19,0,1,0,19,1,20,0,1.0,0.0,1.0,0.95,0.9743589743589743,0.02564102564102566,1
"G[1,1](((Platelets >= 8.365 | pH >= 0.000) -> SepsisLabel <= 0.000) & FiO2 >= 0.000)
",0.000,0.000,0.000,1.000,0.000,19,0,1,0,19,1,20,0,1.0,0.0,1.0,0.95,0.9743589743589743,0.02564102564102566,1
"G[1,1](((Platelets <= 171.017 | SBP <= 141.331) -> PTT <= 141.094) & Temp <= 161.794)
",-171.017,-171.017,0.000,1.000,0.000,19,0,1,0,19,1,20,0,1.0,0.0,1.0,0.95,0.9743589743589743,0.02564102564102566,1
"G[0,1](Bilirubin_total >= 0.001 -> SepsisLabel <= 0.000)
",9999999.000,9999999.000,0.000,1.000,0.000,19,0,1,0,19,1,20,0,1.0,0.0,1.0,0.95,0.9743589743589743,0.02564102564102566,1
"G[0,1](WBC <= 3.995 | MAP <= 100.395)
",9999999.000,9999999.000,0.000,1.000,0.000,19,0,1,0,19,1,20,0,1.0,0.0,1.0,0.95,0.9743589743589743,0.02564102564102566,1
"G[0,1]((BaseExcess >= 0.000 & TroponinI >= 0.000) -> EtCO2 >= 0.000)
",9999999.000,9999999.000,0.000,1.000,0.000,19,0,1,0,19,1,20,0,1.0,0.0,1.0,0.95,0.9743589743589743,0.02564102564102566,1
"G[1,1](Hgb <= 7.484 | O2Sat <= 98.193)
",6909730907415620.000,98.193,0.000,1.000,0.000,19,0,1,0,19,1,20,0,1.0,0.0,1.0,0.95,0.9743589743589743,0.02564102564102566,1
"G[0,1](((Hgb >= 0.428 -> Resp <= 18.428) | Calcium >= 3.730) | MAP >= 1.235)
",9999999.000,9999999.000,0.000,1.000,0.000,19,0,1,0,19,1,20,0,1.0,0.0,1.0,0.95,0.9743589743589743,0.02564102564102566,1
"G[0,1](Chloride >= 0.000 & HCO3 >= 0.000)
",9999999.000,9999999.000,0.000,1.000,0.000,19,0,1,0,19,1,20,0,1.0,0.0,1.0,0.95,0.9743589743589743,0.02564102564102566,1
"G[1,1]((Glucose <= 30.549 -> Temp >= 1.695) | FiO2 <= 28.554)
",8037193091851939.000,28.554,0.000,1.000,0.000,19,0,1,0,19,1,20,0,1.0,0.0,1.0,0.95,0.9743589743589743,0.02564102564102566,1
"G[0,0](Bilirubin_total >= 0.008 | Platelets <= 31.488)
",8863142012467715.000,31.488,0.000,1.000,0.000,19,0,0,1,20,0,19,1,0.95,0.0,0.0,1.0,0.9743589743589743,0.02564102564102566,1
"G[0,0]((Glucose <= 41.412 & Hct >= 2.841) | Glucose <= 25.186)
",7089250766104146.000,25.186,0.000,1.000,0.000,19,0,0,1,20,0,19,1,0.95,0.0,0.0,1.0,0.9743589743589743,0.02564102564102566,1
"G[1,1]((Hgb >= 0.209 | SBP >= 124.658) -> SepsisLabel <= 142.329)
",-5007745286531802.000,-142.329,0.000,1.000,0.000,19,0,1,0,19,1,20,0,1.0,0.0,1.0,0.95,0.9743589743589743,0.02564102564102566,1
"G[1,1](((Platelets >= 7.616 & Potassium <= 2.006) & Calcium <= 0.522) -> MAP >= 0.163)
",0.163,0.163,0.000,1.000,0.000,19,0,1,0,19,1,20,0,1.0,0.0,1.0,0.95,0.9743589743589743,0.02564102564102566,1
"G[0,1](PTT >= 0.000 -> SepsisLabel = 0.000)
",9999999.000,9999999.000,0.000,1.000,0.000,19,0,1,0,19,1,20,0,1.0,0.0,1.0,0.95,0.9743589743589743,0.02564102564102566,1
"G[1,1](EtCO2 >= 0.000 & SepsisLabel = 0.000)
",0.000,0.000,0.000,1.000,0.000,19,0,1,0,19,1,20,0,1.0,0.0,1.0,0.95,0.9743589743589743,0.02564102564102566,1
"G[1,1]((Chloride <= 0.000 | Lactate <= 0.000) -> Fibrinogen <= 0.000)
",0.000,0.000,0.000,1.000,0.000,19,0,1,0,19,1,20,0,1.0,0.0,1.0,0.95,0.9743589743589743,0.02564102564102566,1
"G[1,1](FiO2 <= 0.000 & SepsisLabel = 0.000)
",0.000,0.000,0.000,1.000,0.000,19,0,1,0,19,1,20,0,1.0,0.0,1.0,0.95,0.9743589743589743,0.02564102564102566,1
"G[1,1](((PTT <= 0.000 & Bilirubin_direct <= 0.000) & HR >= 0.000) & HCO3 >= 0.000)
",0.000,0.000,0.000,1.000,0.000,19,0,1,0,19,1,20,0,1.0,0.0,1.0,0.95,0.9743589743589743,0.02564102564102566,1
"G[0,0](Bilirubin_total <= 0.253 & Creatinine <= 0.782)
",-0.009,-0.010,0.000,1.000,0.000,19,0,0,1,20,0,19,1,0.95,0.0,0.0,1.0,0.9743589743589743,0.02564102564102566,1
"F[1,1](((AST <= 2.590 & SBP <= 161.000) -> HCO3 >= 90.169) & PTT <= 166.379)
",-5831326246220853.000,-2.590,0.000,0.000,1.000,18,0,0,2,20,0,18,2,0.9,0.0,0.0,1.0,0.9230769230769231,0.07692307692307687,-1
"G[1,1](Hgb >= 0.962 -> Platelets <= 62.992)
",-8865371435510346.000,-62.992,0.000,1.000,0.000,18,0,1,1,19,1,19,1,0.9473684210526315,0.0,1.0,0.9473684210526315,0.9230769230769231,0.07692307692307687,1
"F[1,1](SepsisLabel >= 0.000 -> Creatinine >= 0.051)
",0.000,0.000,0.000,0.000,1.000,18,0,0,2,20,0,18,2,0.9,0.0,0.0,1.0,0.9230769230769231,0.07692307692307687,-1
"F[1,1](((Bilirubin_direct <= 0.000 | BaseExcess <= 0.000) & MAP <= 0.000) & Hgb <= 0.000)
",0.000,0.000,0.000,0.000,1.000,18,0,0,2,20,0,18,2,0.9,0.0,0.0,1.0,0.9230769230769231,0.07692307692307687,-1
"((PTT <= 0.000) U[0,0] (WBC >= 0.461))
",-0.343,-0.048,0.000,0.000,1.000,18,0,0,2,20,0,18,2,0.9,0.0,0.0,1.0,0.9230769230769231,0.07692307692307687,-1
"((SaO2 <= 0.000) U[0,1] (Bilirubin_total >= 0.006))
",-9999999.000,-9999999.000,0.000,0.000,1.000,18,0,0,2,20,0,18,2,0.9,0.0,0.0,1.0,0.9230769230769231,0.07692307692307687,-1
"((BaseExcess <= 0.000) U[1,1] (Glucose >= 0.191))
",0.000,0.000,0.000,0.000,1.000,18,0,0,2,20,0,18,2,0.9,0.0,0.0,1.0,0.9230769230769231,0.07692307692307687,-1
"G[1,1](((BUN <= 3.774 | HCO3 >= 0.000) -> HCO3 >= 0.000) -> Phosphate <= 0.000)
",0.000,0.000,0.000,1.000,0.000,18,0,1,1,19,1,19,1,0.9473684210526315,0.0,1.0,0.9473684210526315,0.9230769230769231,0.07692307692307687,1
"G[1,1](((pH >= 0.000 & BaseExcess <= 0.000) -> Platelets <= 0.000) | Phosphate <= 0.000)
",0.000,0.000,0.000,1.000,0.000,18,0,1,1,19,1,19,1,0.9473684210526315,0.0,1.0,0.9473684210526315,0.9230769230769231,0.07692307692307687,1
"G[1,1](((Creatinine <= 1.157 & BUN <= 9.608) -> MAP <= 3.811) -> BUN >= 0.443)
",7983616284565711.000,0.443,0.000,1.000,0.000,18,0,1,1,19,1,19,1,0.9473684210526315,0.0,1.0,0.9473684210526315,0.9230769230769231,0.07692307692307687,1
"G[0,0](DBP >= 57.663 & Lactate >= 0.000)
",0.236,1.755,0.000,1.000,0.000,18,0,0,2,20,0,18,2,0.9,0.0,0.0,1.0,0.9230769230769231,0.07692307692307687,1
"G[1,1](((Potassium >= 0.220 -> Fibrinogen >= 0.000) -> TroponinI <= 0.000) & BUN <= 0.000)
",0.000,0.000,0.000,1.000,0.000,18,0,1,1,19,1,19,1,0.9473684210526315,0.0,1.0,0.9473684210526315,0.9230769230769231,0.07692307692307687,1
"F[1,1](((Magnesium <= 1.037 | WBC <= 3.711) -> Hct >= 0.124) & Creatinine <= 2.219)
",-8357083927383213.000,-3.711,0.000,0.000,1.000,18,0,0,2,20,0,18,2,0.9,0.0,0.0,1.0,0.9230769230769231,0.07692307692307687,-1
"F[0,1](BUN <= 9.742 & Hgb >= 0.187)
",-9999999.000,-9999999.000,0.000,0.000,1.000,18,0,0,2,20,0,18,2,0.9,0.0,0.0,1.0,0.9230769230769231,0.07692307692307687,-1
"F[0,1](((DBP >= 12.944 -> Phosphate <= 2.762) | SepsisLabel >= 0.149) & Hgb >= 0.109)
",-9999999.000,-9999999.000,0.000,0.000,1.000,18,0,0,2,20,0,18,2,0.9,0.0,0.0,1.0,0.9230769230769231,0.07692307692307687,-1
"((Phosphate >= 0.059) U[1,1] (SepsisLabel = 0.000))
",0.000,0.000,0.000,0.000,1.000,18,0,0,2,20,0,18,2,0.9,0.0,0.0,1.0,0.9230769230769231,0.07692307692307687,-1
"G[0,1](Potassium <= 0.439 | Creatinine <= 0.278)
",9999999.000,9999999.000,0.000,1.000,0.000,17,0,1,2,19,1,18,2,0.8947368421052632,0.0,1.0,0.9444444444444444,0.8717948717948718,0.1282051282051282,1
"F[0,1](((Glucose >= 2.377 | O2Sat >= 3.340) & Glucose >= 77.434) | PaCO2 >= 66.016)
",-9999999.000,-9999999.000,0.000,0.000,1.000,17,0,0,3,20,0,17,3,0.85,0.0,0.0,1.0,0.8717948717948718,0.1282051282051282,-1
"((Bilirubin_total >= 0.005) U[1,2] (Glucose <= 18.602))
",-9999999.000,-9999999.000,0.000,0.000,1.000,17,0,0,3,20,0,17,3,0.85,0.0,0.0,1.0,0.8717948717948718,0.1282051282051282,-1
"F[0,1](Magnesium >= 0.004 & DBP >= 24.756)
",-9999999.000,-9999999.000,0.000,0.000,1.000,17,0,0,3,20,0,17,3,0.85,0.0,0.0,1.0,0.8717948717948718,0.1282051282051282,-1
"F[0,1](((WBC <= 5.644 -> Glucose <= 55.155) | Resp >= 0.550) -> BUN >= 3.914)
",-9999999.000,-9999999.000,0.000,0.000,1.000,17,0,0,3,20,0,17,3,0.85,0.0,0.0,1.0,0.8717948717948718,0.1282051282051282,-1
"F[0,1](((Hgb <= 4.048 & Lactate >= 0.000) & Chloride >= 0.000) & DBP <= 0.000)
",-9999999.000,-9999999.000,0.000,0.000,1.000,17,0,0,3,20,0,17,3,0.85,0.0,0.0,1.0,0.8717948717948718,0.1282051282051282,-1
"((Platelets >= 5.125) U[1,1] (WBC <= 2.235))
",2.235,2.235,0.000,0.000,1.000,17,0,0,3,20,0,17,3,0.85,0.0,0.0,1.0,0.8717948717948718,0.1282051282051282,-1
"G[0,1](Calcium >= 0.236 -> Potassium <= 1.433)
",9999999.000,9999999.000,0.000,1.000,0.000,17,0,1,2,19,1,18,2,0.8947368421052632,0.0,1.0,0.9444444444444444,0.8717948717948718,0.1282051282051282,1
"G[0,1]((Potassium >= 0.115 & Glucose >= 2.341) -> FiO2 >= 0.007)
",9999999.000,9999999.000,0.000,1.000,0.000,17,0,1,2,19,1,18,2,0.8947368421052632,0.0,1.0,0.9444444444444444,0.8717948717948718,0.1282051282051282,1
"G[0,1](HR >= 62.812 | Magnesium >= 0.098)
",9999999.000,9999999.000,0.000,1.000,0.000,17,0,1,2,19,1,18,2,0.8947368421052632,0.0,1.0,0.9444444444444444,0.8717948717948718,0.1282051282051282,1
"G[0,1](Bilirubin_total <= 0.128 -> Resp <= 21.010)
",9999999.000,9999999.000,0.000,1.000,0.000,17,0,1,2,19,1,18,2,0.8947368421052632,0.0,1.0,0.9444444444444444,0.8717948717948718,0.1282051282051282,1
"G[0,1](BUN <= 2.715 -> O2Sat >= 80.703)
",9999999.000,9999999.000,0.000,1.000,0.000,17,0,1,2,19,1,18,2,0.8947368421052632,0.0,1.0,0.9444444444444444,0.8717948717948718,0.1282051282051282,1
"G[1,1](Alkalinephos <= 25.789 -> Temp <= 20.774)
",-25.789,-25.789,0.000,1.000,0.000,17,0,1,2,19,1,18,2,0.8947368421052632,0.0,1.0,0.9444444444444444,0.8717948717948718,0.1282051282051282,1
"G[0,1]((Creatinine >= 0.009 | AST <= 6.140) -> MAP >= 0.110)
",9999999.000,9999999.000,0.000,1.000,0.000,17,0,1,2,19,1,18,2,0.8947368421052632,0.0,1.0,0.9444444444444444,0.8717948717948718,0.1282051282051282,1
"G[0,1](Phosphate <= 1.029 -> SBP <= 159.793)
",9999999.000,9999999.000,0.000,1.000,0.000,16,0,1,3,19,1,17,3,0.8421052631578947,0.0,1.0,0.9411764705882353,0.8205128205128205,0.17948717948717952,1
"F[0,1]((AST >= 0.188 & Hgb >= 0.144) | Hct >= 0.957)
",-9999999.000,-9999999.000,0.000,0.000,1.000,16,0,0,4,20,0,16,4,0.8,0.0,0.0,1.0,0.8205128205128205,0.17948717948717952,-1
"((Creatinine >= 0.033) U[0,1] (Hct >= 0.906))
",-9999999.000,-9999999.000,0.000,0.000,1.000,16,0,0,4,20,0,16,4,0.8,0.0,0.0,1.0,0.8205128205128205,0.17948717948717952,-1
"F[0,1]((EtCO2 <= 0.000 -> Hct <= 39.662) -> PaCO2 >= 1.295)
",-9999999.000,-9999999.000,0.000,0.000,1.000,16,0,0,4,20,0,16,4,0.8,0.0,0.0,1.0,0.8205128205128205,0.17948717948717952,-1
"G[0,0](((Bilirubin_total <= 0.056 -> Temp <= 24.834) -> HR <= 32.345) -> SBP <= 13.050)
",-1.978,-10.735,0.000,1.000,0.000,16,0,0,4,20,0,16,4,0.8,0.0,0.0,1.0,0.8205128205128205,0.17948717948717952,1
"F[0,1]((HR >= 38.260 & O2Sat <= 94.797) & MAP <= 98.693)
",-9999999.000,-9999999.000,0.000,0.000,1.000,15,0,0,5,20,0,15,5,0.75,0.0,0.0,1.0,0.7692307692307693,0.23076923076923073,-1
"F[0,0](((Bilirubin_direct <= 0.000 & Temp >= 4.219) | HCO3 >= 5.476) & Potassium <= 24.255)
",-0.236,-0.058,0.000,0.000,1.000,15,0,0,5,20,0,15,5,0.75,0.0,0.0,1.0,0.7692307692307693,0.23076923076923073,-1
"G[0,1](SBP <= 149.905 | WBC >= 0.649)
",9999999.000,9999999.000,0.000,1.000,0.000,15,0,1,4,19,1,16,4,0.7894736842105263,0.0,1.0,0.9375,0.7692307692307693,0.23076923076923073,1
"G[0,1](Magnesium <= 1.861 -> Temp <= 28.009)
",9999999.000,9999999.000,0.000,1.000,0.000,15,0,0,5,20,0,15,5,0.75,0.0,0.0,1.0,0.7692307692307693,0.23076923076923073,1
"F[1,1]((Resp <= 18.267 & Platelets <= 114.783) -> Glucose >= 4.958)
",-5141782233032441.000,-18.267,0.000,0.000,1.000,14,0,0,6,20,0,14,6,0.7,0.0,0.0,1.0,0.717948717948718,0.28205128205128205,-1
"F[0,1](((DBP >= 68.771 -> Hgb >= 0.148) | Bilirubin_direct <= 10.277) -> Resp <= 10.463)
",-9999999.000,-9999999.000,0.000,0.000,1.000,13,0,0,7,20,0,13,7,0.65,0.0,0.0,1.0,0.6666666666666666,0.33333333333333337,-1
"((Alkalinephos <= 69.237) U[0,1] (HR <= 98.352))
",-9999999.000,-9999999.000,0.000,0.000,1.000,13,0,0,7,20,0,13,7,0.65,0.0,0.0,1.0,0.6666666666666666,0.33333333333333337,-1
"((Hgb >= 0.204) U[0,1] (Temp >= 3.193))
",-9999999.000,-9999999.000,0.000,0.000,1.000,13,0,0,7,20,0,13,7,0.65,0.0,0.0,1.0,0.6666666666666666,0.33333333333333337,-1
"G[1,1]((Calcium <= 0.838 & MAP <= 89.605) -> SepsisLabel >= 14.796)
",-0.838,-0.838,0.000,1.000,0.000,11,0,1,8,19,1,12,8,0.5789473684210527,0.0,1.0,0.9166666666666666,0.5641025641025641,0.4358974358974359,1
"G[1,1]((DBP >= 54.595 & HR <= 106.955) & Alkalinephos <= 99.477)
",-7683590187472719.000,-54.595,0.000,1.000,0.000,11,0,1,8,19,1,12,8,0.5789473684210527,0.0,1.0,0.9166666666666666,0.5641025641025641,0.4358974358974359,1
"F[0,1](MAP <= 88.445 & O2Sat <= 97.976)
",-9999999.000,-9999999.000,0.000,0.000,1.000,10,0,0,10,20,0,10,10,0.5,0.0,0.0,1.0,0.5128205128205128,0.4871794871794872,-1
"((Glucose >= 4.705) U[0,1] (DBP <= 77.018))
",-9999999.000,-9999999.000,0.000,0.000,1.000,7,0,0,13,20,0,7,13,0.35,0.0,0.0,1.0,0.358974358974359,0.641025641025641,-1
"G[0,1]((O2Sat <= 97.192 & Platelets <= 112.146) & Resp >= 4.337)
",9999999.000,9999999.000,0.000,1.000,0.000,7,0,1,12,19,1,8,12,0.3684210526315789,0.0,1.0,0.875,0.358974358974359,0.641025641025641,1
"F[0,1](((AST <= 7.117 & MAP <= 88.018) -> AST >= 86.699) & Lactate <= 121.040)
",-9999999.000,-9999999.000,0.000,0.000,1.000,6,0,0,14,20,0,6,14,0.3,0.0,0.0,1.0,0.3076923076923077,0.6923076923076923,-1
"F[0,1](((Resp >= 13.668 -> O2Sat <= 96.154) -> BaseExcess >= 1.947) -> pH >= 24.150)
",-9999999.000,-9999999.000,0.000,0.000,1.000,5,0,0,15,20,0,5,15,0.25,0.0,0.0,1.0,0.2564102564102564,0.7435897435897436,-1
"((MAP >= 40.085) U[0,1] (SBP <= 137.376))
",-9999999.000,-9999999.000,0.000,0.000,1.000,4,0,0,16,20,0,4,16,0.2,0.0,0.0,1.0,0.20512820512820512,0.7948717948717949,-1
"G[1,1](Resp >= 4.995 -> WBC >= 0.201)
",0.201,0.201,0.000,1.000,0.000,4,0,1,15,19,1,5,15,0.21052631578947367,0.0,1.0,0.8,0.20512820512820512,0.7948717948717949,1
"G[0,1]((O2Sat >= 50.241 -> HR <= 99.540) | Lactate >= 44.058)
",9999999.000,9999999.000,0.000,1.000,0.000,4,0,1,15,19,1,5,15,0.21052631578947367,0.0,1.0,0.8,0.20512820512820512,0.7948717948717949,1
"((Resp < 19.730) U[1,2] (SepsisLabel = 0.000))
",-9999999.000,-9999999.000,0.000,0.000,1.000,4,0,0,16,20,0,4,16,0.2,0.0,0.0,1.0,0.20512820512820512,0.7948717948717949,-1
"G[1,1](((SBP <= 132.555 | MAP <= 104.038) -> SepsisLabel >= 21.683) | PTT >= 71.075)
",-71.075,-71.075,0.000,1.000,0.000,3,0,1,16,19,1,4,16,0.15789473684210525,0.0,1.0,0.75,0.15384615384615385,0.8461538461538461,1
"((MAP <= 123.655) U[0,0] (Resp >= 0.614))
",4.336,80.175,0.000,0.000,1.000,3,0,0,17,20,0,3,17,0.15,0.0,0.0,1.0,0.15384615384615385,0.8461538461538461,-1
"((MAP >= 24.094) U[0,0] (SBP <= 146.562))
",10.478,140.747,0.000,0.000,1.000,3,0,0,17,20,0,3,17,0.15,0.0,0.0,1.0,0.15384615384615385,0.8461538461538461,-1
"((MAP >= 31.344) U[1,1] (SBP <= 151.163))
",151.163,151.163,0.000,0.000,1.000,3,0,0,17,20,0,3,17,0.15,0.0,0.0,1.0,0.15384615384615385,0.8461538461538461,-1
"G[0,0](((Phosphate <= 1.674 -> TroponinI <= 0.000) & AST >= 0.000) -> Resp <= 0.000)
",4.243,1.586,0.000,1.000,0.000,3,0,0,17,20,0,3,17,0.15,0.0,0.0,1.0,0.15384615384615385,0.8461538461538461,1
"((MAP >= 81.900) U[0,0] (SBP <= 149.260))
",10.679,143.444,0.000,0.000,1.000,3,0,0,17,20,0,3,17,0.15,0.0,0.0,1.0,0.15384615384615385,0.8461538461538461,-1
"F[0,0](Hgb <= 8.264 | Hct <= 41.019)
",5772849348557771.000,41.019,0.000,0.000,1.000,2,0,0,18,20,0,2,18,0.1,0.0,0.0,1.0,0.10256410256410256,0.8974358974358975,-1
"((PTT >= 0.000) U[1,1] (Temp <= 26.629))
",26.629,26.629,0.000,0.000,1.000,2,0,0,18,20,0,2,18,0.1,0.0,0.0,1.0,0.10256410256410256,0.8974358974358975,-1
"F[0,1](DBP <= 85.030 & SepsisLabel = 0.000)
",-9999999.000,-9999999.000,0.000,0.000,1.000,2,0,0,18,20,0,2,18,0.1,0.0,0.0,1.0,0.10256410256410256,0.8974358974358975,-1
"((MAP >= 46.966) U[1,1] (SBP <= 156.636))
",156.636,156.636,0.000,0.000,1.000,2,0,0,18,20,0,2,18,0.1,0.0,0.0,1.0,0.10256410256410256,0.8974358974358975,-1
"G[0,0](((Hgb <= 4.589 | Hct <= 35.119) -> WBC >= 0.273) & Platelets >= 6.051)
",-35.119,-35.119,0.000,1.000,0.000,2,0,0,18,20,0,2,18,0.1,0.0,0.0,1.0,0.10256410256410256,0.8974358974358975,1
"G[0,0](Platelets > 0.754 & SepsisLabel = 0.000)
",-0.359,-16.622,0.000,1.000,0.000,2,0,0,18,20,0,2,18,0.1,0.0,0.0,1.0,0.10256410256410256,0.8974358974358975,1
"G[1,1]((DBP <= 107.560 & Creatinine <= 0.684) -> Bilirubin_direct >= 0.013)
",-0.684,-0.684,0.000,1.000,0.000,2,0,1,17,19,1,3,17,0.10526315789473684,0.0,1.0,0.6666666666666666,0.10256410256410256,0.8974358974358975,1
"F[1,1](Magnesium <= 1.489 -> SBP >= 75.879)
",-6705906702228124.000,-1.489,0.000,0.000,1.000,1,0,0,19,20,0,1,19,0.05,0.0,0.0,1.0,0.05128205128205128,0.9487179487179487,-1
"((Bilirubin_direct >= 0.000) U[1,1] (Creatinine <= 1.124))
",1.124,1.124,0.000,0.000,1.000,1,0,0,19,20,0,1,19,0.05,0.0,0.0,1.0,0.05128205128205128,0.9487179487179487,-1
"((Glucose <= 92.180) U[1,1] (TroponinI <= 0.000))
",92.180,92.180,0.000,0.000,1.000,1,0,0,19,20,0,1,19,0.05,0.0,0.0,1.0,0.05128205128205128,0.9487179487179487,-1
"((MAP >= 25.449) U[1,2] (SBP <= 140.578))
",-9999999.000,-9999999.000,0.000,0.000,1.000,1,0,0,19,20,0,1,19,0.05,0.0,0.0,1.0,0.05128205128205128,0.9487179487179487,-1
"((DBP >= 4.656) U[1,2] (FiO2 <= 0.000))
",-9999999.000,-9999999.000,0.000,0.000,1.000,1,0,0,19,20,0,1,19,0.05,0.0,0.0,1.0,0.05128205128205128,0.9487179487179487,-1
"((BUN >= 0.335) U[1,2] (WBC >= 0.281))
",-9999999.000,-9999999.000,0.000,0.000,1.000,1,0,0,19,20,0,1,19,0.05,0.0,0.0,1.0,0.05128205128205128,0.9487179487179487,-1
"F[0,0](((Calcium < 0.633 & Potassium < 1.840) & Magnesium < 0.374) & Phosphate < 2.335)
",-0.215,-3.981,0.000,0.000,1.000,1,0,0,19,20,0,1,19,0.05,0.0,0.0,1.0,0.05128205128205128,0.9487179487179487,-1
"F[1,1](((Bilirubin_total <= 0.198 -> AST >= 0.181) | Platelets >= 0.209) -> Calcium <= 2.782)
",-2.782,-2.782,0.000,0.000,1.000,1,0,0,19,20,0,1,19,0.05,0.0,0.0,1.0,0.05128205128205128,0.9487179487179487,-1
"F[1,1]((Phosphate >= 0.020 & Magnesium > 0.037) -> Calcium < 6.563)
",-7389305310153347.000,-6.563,0.000,0.000,1.000,1,0,0,19,20,0,1,19,0.05,0.0,0.0,1.0,0.05128205128205128,0.9487179487179487,-1
"F[1,1](((HCO3 >= 0.000 | Lactate <= 0.000) -> HCO3 >= 0.000) -> Phosphate <= 0.000)
",0.000,0.000,0.000,0.000,1.000,1,0,0,19,20,0,1,19,0.05,0.0,0.0,1.0,0.05128205128205128,0.9487179487179487,-1
"F[0,0]((BUN <= 4.000 | Potassium >= 0.050) -> SBP >= 0.104)
",-0.768,-9.168,0.000,0.000,1.000,1,0,0,19,20,0,1,19,0.05,0.0,0.0,1.0,0.05128205128205128,0.9487179487179487,-1
"F[1,1](Hgb <= 9.783 | Hct <= 39.395)
",39.395,39.395,0.000,0.000,1.000,1,0,0,19,20,0,1,19,0.05,0.0,0.0,1.0,0.05128205128205128,0.9487179487179487,-1
"((Calcium <= 1.728) U[0,0] (SBP >= 26.310))
",0.971,3.117,0.000,0.000,1.000,1,0,0,19,20,0,1,19,0.05,0.0,0.0,1.0,0.05128205128205128,0.9487179487179487,-1
"F[1,1](Hgb <= 3.202 | Hct <= 15.931)
",8968598307337612.000,15.931,0.000,0.000,1.000,1,0,0,19,20,0,1,19,0.05,0.0,0.0,1.0,0.05128205128205128,0.9487179487179487,-1
"F[1,1]((Phosphate >= 0.068 & Magnesium > 0.094) -> Calcium < 8.145)
",-8.145,-8.145,0.000,0.000,1.000,1,0,0,19,20,0,1,19,0.05,0.0,0.0,1.0,0.05128205128205128,0.9487179487179487,-1
"((Calcium <= 7.196) U[1,2] (SepsisLabel = 0.000))
",-9999999.000,-9999999.000,0.000,0.000,1.000,1,0,0,19,20,0,1,19,0.05,0.0,0.0,1.0,0.05128205128205128,0.9487179487179487,-1
"F[1,1]((O2Sat <= 93.107 -> Temp <= 15.045) & HR >= 1.964)
",-6551819425827660.000,-93.107,0.000,0.000,1.000,1,0,0,19,20,0,1,19,0.05,0.0,0.0,1.0,0.05128205128205128,0.9487179487179487,-1
"F[1,1]((TroponinI >= 0.000 -> Temp >= 2.086) -> Calcium >= 5.890)
",0.000,0.000,0.000,0.000,1.000,1,0,0,19,20,0,1,19,0.05,0.0,0.0,1.0,0.05128205128205128,0.9487179487179487,-1
"F[1,1]((Phosphate >= 0.166 & Magnesium > 0.021) -> Calcium < 0.449)
",-8095003529396628.000,-0.449,0.000,0.000,1.000,1,0,0,19,20,0,1,19,0.05,0.0,0.0,1.0,0.05128205128205128,0.9487179487179487,-1
"((HR >= 48.107) U[1,2] (Potassium <= 2.399))
",-9999999.000,-9999999.000,0.000,0.000,1.000,1,0,0,19,20,0,1,19,0.05,0.0,0.0,1.0,0.05128205128205128,0.9487179487179487,-1
"((MAP >= 51.737) U[1,2] (SBP <= 147.266))
",-9999999.000,-9999999.000,0.000,0.000,1.000,1,0,0,19,20,0,1,19,0.05,0.0,0.0,1.0,0.05128205128205128,0.9487179487179487,-1
"F[0,0](((Hgb >= 0.127 & MAP >= 77.015) | Lactate <= 87.753) -> MAP >= 54.633)
",-13.481,-89.251,0.000,0.000,1.000,1,0,0,19,20,0,1,19,0.05,0.0,0.0,1.0,0.05128205128205128,0.9487179487179487,-1
"((AST >= 0.103) U[1,2] (Glucose >= 1.894))
",-9999999.000,-9999999.000,0.000,0.000,1.000,1,0,0,19,20,0,1,19,0.05,0.0,0.0,1.0,0.05128205128205128,0.9487179487179487,-1
"F[1,1](Hgb <= 8.017 | Hct <= 7.913)
",8.017,8.017,0.000,0.000,1.000,1,0,0,19,20,0,1,19,0.05,0.0,0.0,1.0,0.05128205128205128,0.9487179487179487,-1
"G[1,1](Calcium > 0.361 & SepsisLabel = 0.000)
",-0.361,-0.361,0.000,1.000,0.000,1,0,1,18,19,1,2,18,0.05263157894736842,0.0,1.0,0.5,0.05128205128205128,0.9487179487179487,1
"G[1,1](((Hgb <= 13.240 | Hct <= 4.476) -> WBC >= 0.513) & Platelets >= 7.788)
",-7453666962110963.000,-13.240,0.000,1.000,0.000,1,0,1,18,19,1,2,18,0.05263157894736842,0.0,1.0,0.5,0.05128205128205128,0.9487179487179487,1
"G[0,0](BUN <= 13.974 & Creatinine >= 0.022)
",-6480418219288686.000,-0.022,0.000,1.000,0.000,1,0,0,19,20,0,1,19,0.05,0.0,0.0,1.0,0.05128205128205128,0.9487179487179487,1
"G[1,1](((Fibrinogen >= 0.000 & TroponinI <= 0.000) | Lactate >= 0.000) -> DBP <= 0.000)
",0.000,0.000,0.000,1.000,0.000,1,0,1,18,19,1,2,18,0.05263157894736842,0.0,1.0,0.5,0.05128205128205128,0.9487179487179487,1
"G[0,0](Glucose >= 3.406 & O2Sat >= 82.494)
",-3.406,-3.406,0.000,1.000,0.000,1,0,0,19,20,0,1,19,0.05,0.0,0.0,1.0,0.05128205128205128,0.9487179487179487,1
"G[1,1](Creatinine >= 0.015 | Potassium >= 0.172)
",-8624792472308204.000,-0.015,0.000,1.000,0.000,1,0,1,18,19,1,2,18,0.05263157894736842,0.0,1.0,0.5,0.05128205128205128,0.9487179487179487,1
"G[0,0](((Calcium >= 0.302 & Resp >= 0.622) & Calcium <= 17.025) | BUN >= 9.092)
",-0.376,-0.186,0.000,1.000,0.000,1,0,0,19,20,0,1,19,0.05,0.0,0.0,1.0,0.05128205128205128,0.9487179487179487,1
"G[1,1](BUN > 0.105 & SepsisLabel = 0.000)
",-7594431369222228.000,-0.105,0.000,1.000,0.000,1,0,1,18,19,1,2,18,0.05263157894736842,0.0,1.0,0.5,0.05128205128205128,0.9487179487179487,1
"F[1,2](((Platelets >= 6.838 & Platelets <= 77.775) & HCO3 <= 141.961) & SepsisLabel <= 151.314)
",-9999999.000,-9999999.000,0.000,0.000,1.000,0,0,0,20,20,0,0,20,0.0,0.0,0.0,0.0,0.0,1.0,-1
"F[0,1](Glucose >= 2.695 -> Potassium >= 0.206)
",-9999999.000,-9999999.000,0.000,0.000,1.000,0,0,0,20,20,0,0,20,0.0,0.0,0.0,0.0,0.0,1.0,-1
"F[0,2](Bilirubin_total > 0.007 & SepsisLabel = 0.000)
",-9999999.000,-9999999.000,0.000,0.000,1.000,0,0,0,20,20,0,0,20,0.0,0.0,0.0,0.0,0.0,1.0,-1
"((Alkalinephos <= 21.619) U[2,2] (AST >= 0.206))
",21.619,21.619,0.000,0.000,1.000,0,0,0,20,20,0,0,20,0.0,0.0,0.0,0.0,0.0,1.0,-1
"((Hct < 22.162) U[2,2] (SepsisLabel = 0.000))
",22.162,22.162,0.000,0.000,1.000,0,0,0,20,20,0,0,20,0.0,0.0,0.0,0.0,0.0,1.0,-1
"F[0,2](((Alkalinephos <= 41.178 | Bilirubin_total <= 0.099) & Creatinine <= 0.075) | SaO2 <= 0.352)
",-9999999.000,-9999999.000,0.000,0.000,1.000,0,0,0,20,20,0,0,20,0.0,0.0,0.0,0.0,0.0,1.0,-1
"((WBC < 6.187) U[0,0] (SepsisLabel = 0.000))
",6.187,6.187,0.000,0.000,1.000,0,0,0,20,20,0,0,20,0.0,0.0,0.0,0.0,0.0,1.0,-1
"F[2,2](HCO3 >= 0.000 -> SepsisLabel = 0.000)
",0.000,0.000,0.000,0.000,1.000,0,0,0,20,20,0,0,20,0.0,0.0,0.0,0.0,0.0,1.0,-1
"F[2,2]((Platelets >= 8.550 -> EtCO2 >= 0.000) & Temp <= 0.000)
",0.000,0.000,0.000,0.000,1.000,0,0,0,20,20,0,0,20,0.0,0.0,0.0,0.0,0.0,1.0,-1
"F[0,2](Glucose >= 0.191 -> SBP <= 153.485)
",-9999999.000,-9999999.000,0.000,0.000,1.000,0,0,0,20,20,0,0,20,0.0,0.0,0.0,0.0,0.0,1.0,-1
"((Fibrinogen >= 0.000) U[0,1] (Bilirubin_direct <= 0.000))
",-9999999.000,-9999999.000,0.000,0.000,1.000,0,0,0,20,20,0,0,20,0.0,0.0,0.0,0.0,0.0,1.0,-1
"F[0,0](((Hct >= 0.664 | Glucose >= 3.956) & PaCO2 >= 0.584) | AST <= 82.410)
",5799066288560788.000,82.410,0.000,0.000,1.000,0,0,0,20,20,0,0,20,0.0,0.0,0.0,0.0,0.0,1.0,-1
"((PaCO2 <= 0.000) U[1,2] (SaO2 <= 0.000))
",-9999999.000,-9999999.000,0.000,0.000,1.000,0,0,0,20,20,0,0,20,0.0,0.0,0.0,0.0,0.0,1.0,-1
"F[0,2](((O2Sat <= 93.319 | WBC <= 2.432) & Creatinine >= 0.634) | BUN >= 0.519)
",-9999999.000,-9999999.000,0.000,0.000,1.000,0,0,0,20,20,0,0,20,0.0,0.0,0.0,0.0,0.0,1.0,-1
"F[1,2](DBP >= 8.064 & SepsisLabel = 0.000)
",-9999999.000,-9999999.000,0.000,0.000,1.000,0,0,0,20,20,0,0,20,0.0,0.0,0.0,0.0,0.0,1.0,-1
"((Calcium >= 0.200) U[0,2] (SepsisLabel >= 0.000))
",-9999999.000,-9999999.000,0.000,0.000,1.000,0,0,0,20,20,0,0,20,0.0,0.0,0.0,0.0,0.0,1.0,-1
"((TroponinI >= 0.000) U[0,2] (EtCO2 >= 0.000))
",-9999999.000,-9999999.000,0.000,0.000,1.000,0,0,0,20,20,0,0,20,0.0,0.0,0.0,0.0,0.0,1.0,-1
"F[2,2](Alkalinephos <= 33.067 | Bilirubin_total <= 0.304)
",33.067,33.067,0.000,0.000,1.000,0,0,0,20,20,0,0,20,0.0,0.0,0.0,0.0,0.0,1.0,-1
"F[0,2]((Temp >= 3.417 | EtCO2 <= 0.000) & DBP <= 0.000)
",-9999999.000,-9999999.000,0.000,0.000,1.000,0,0,0,20,20,0,0,20,0.0,0.0,0.0,0.0,0.0,1.0,-1
"F[2,2](((PaCO2 >= 0.000 -> HR >= 43.503) -> SepsisLabel >= 54.152) -> Temp <= 100.298)
",-7057835346697651.000,-100.298,0.000,0.000,1.000,0,0,0,20,20,0,0,20,0.0,0.0,0.0,0.0,0.0,1.0,-1
"F[0,2](((EtCO2 >= 0.000 -> EtCO2 >= 0.000) | Calcium >= 0.000) -> Chloride >= 0.000)
",-9999999.000,-9999999.000,0.000,0.000,1.000,0,0,0,20,20,0,0,20,0.0,0.0,0.0,0.0,0.0,1.0,-1
"((Hct < 27.275) U[0,0] (SepsisLabel = 0.000))
",27.275,27.275,0.000,0.000,1.000,0,0,0,20,20,0,0,20,0.0,0.0,0.0,0.0,0.0,1.0,-1
"G[0,0](BUN <= 9.047 & Creatinine >= 0.026)
",-0.297,-0.128,0.000,1.000,0.000,0,0,0,20,20,0,0,20,0.0,0.0,0.0,0.0,0.0,1.0,1
"((EtCO2 <= 0.000) U[1,2] (SepsisLabel = 0.000))
",-9999999.000,-9999999.000,0.000,0.000,1.000,0,0,0,20,20,0,0,20,0.0,0.0,0.0,0.0,0.0,1.0,-1
"F[0,2](Temp > 4.550 & SepsisLabel = 0.000)
",-9999999.000,-9999999.000,0.000,0.000,1.000,0,0,0,20,20,0,0,20,0.0,0.0,0.0,0.0,0.0,1.0,-1
"((Creatinine >= 0.009) U[2,2] (Magnesium >= 0.037))
",-5296269891933701.000,-0.009,0.000,0.000,1.000,0,0,0,20,20,0,0,20,0.0,0.0,0.0,0.0,0.0,1.0,-1
"F[2,2]((BUN <= 1.437 -> Magnesium >= 0.022) | BUN <= 1.679)
",7560110519373869.000,1.679,0.000,0.000,1.000,0,0,0,20,20,0,0,20,0.0,0.0,0.0,0.0,0.0,1.0,-1
"F[1,2](Glucose <= 90.272 & Magnesium <= 0.938)
",-9999999.000,-9999999.000,0.000,0.000,1.000,0,0,0,20,20,0,0,20,0.0,0.0,0.0,0.0,0.0,1.0,-1
"((Creatinine <= 0.129) U[0,1] (Phosphate <= 2.048))
",-9999999.000,-9999999.000,0.000,0.000,1.000,0,0,0,20,20,0,0,20,0.0,0.0,0.0,0.0,0.0,1.0,-1
"F[0,2](((Hct >= 1.617 & Platelets <= 19.499) -> SBP >= 5.633) -> Lactate <= 107.743)
",-9999999.000,-9999999.000,0.000,0.000,1.000,0,0,0,20,20,0,0,20,0.0,0.0,0.0,0.0,0.0,1.0,-1
"F[0,2]((Glucose >= 4.202 | Potassium >= 0.228) | WBC <= 3.078)
",-9999999.000,-9999999.000,0.000,0.000,1.000,0,0,0,20,20,0,0,20,0.0,0.0,0.0,0.0,0.0,1.0,-1
"F[2,2](Creatinine >= 0.008 | Glucose <= 8.967)
",8.967,8.967,0.000,0.000,1.000,0,0,0,20,20,0,0,20,0.0,0.0,0.0,0.0,0.0,1.0,-1
"F[2,2](((Glucose <= 5.749 | Phosphate >= 0.162) & FiO2 >= 0.091) -> BaseExcess >= 0.061)
",8772070509979742.000,0.061,0.000,0.000,1.000,0,0,0,20,20,0,0,20,0.0,0.0,0.0,0.0,0.0,1.0,-1
"F[0,2]((BUN <= 3.644 | Calcium >= 0.179) -> Platelets >= 0.234)
",-9999999.000,-9999999.000,0.000,0.000,1.000,0,0,0,20,20,0,0,20,0.0,0.0,0.0,0.0,0.0,1.0,-1
"((BUN <= 3.683) U[2,2] (Glucose <= 92.628))
",92.628,92.628,0.000,0.000,1.000,0,0,0,20,20,0,0,20,0.0,0.0,0.0,0.0,0.0,1.0,-1
"F[0,1]((Magnesium >= 0.002 -> Potassium >= 0.198) & SepsisLabel <= 0.290)
",-9999999.000,-9999999.000,0.000,0.000,1.000,0,0,0,20,20,0,0,20,0.0,0.0,0.0,0.0,0.0,1.0,-1
"F[1,2](((DBP <= 96.942 | MAP >= 9.537) | Glucose <= 122.806) -> DBP >= 2.557)
",-9999999.000,-9999999.000,0.000,0.000,1.000,0,0,0,20,20,0,0,20,0.0,0.0,0.0,0.0,0.0,1.0,-1
"F[1,2]((O2Sat >= 3.752 & SBP >= 12.725) & Phosphate >= 87.232)
",-9999999.000,-9999999.000,0.000,0.000,1.000,0,0,0,20,20,0,0,20,0.0,0.0,0.0,0.0,0.0,1.0,-1
"((Phosphate <= 2.252) U[0,1] (WBC <= 4.067))
",-9999999.000,-9999999.000,0.000,0.000,1.000,0,0,0,20,20,0,0,20,0.0,0.0,0.0,0.0,0.0,1.0,-1
"F[0,1](((Calcium >= 0.103 -> WBC >= 0.513) | pH >= 0.417) | Bilirubin_direct <= 5.867)
",-9999999.000,-9999999.000,0.000,0.000,1.000,0,0,0,20,20,0,0,20,0.0,0.0,0.0,0.0,0.0,1.0,-1
"F[1,1](Glucose <= 68.643 | WBC >= 0.259)
",4830354472706922.000,68.643,0.000,0.000,1.000,0,0,0,20,20,0,0,20,0.0,0.0,0.0,0.0,0.0,1.0,-1
"F[2,2]((Hct >= 2.900 -> WBC <= 9.776) & Resp >= 0.265)
",-9.776,-9.776,0.000,0.000,1.000,0,0,0,20,20,0,0,20,0.0,0.0,0.0,0.0,0.0,1.0,-1
"F[1,1]((Magnesium >= 0.014 -> Phosphate >= 0.129) -> Alkalinephos <= 3.867)
",-3.867,-3.867,0.000,0.000,1.000,0,0,0,20,20,0,0,20,0.0,0.0,0.0,0.0,0.0,1.0,-1
"F[1,1](((Hct <= 43.642 | Hgb >= 0.782) | Bilirubin_total <= 1.905) | PaCO2 >= 1.022)
",6141998106177982.000,43.642,0.000,0.000,1.000,0,0,0,20,20,0,0,20,0.0,0.0,0.0,0.0,0.0,1.0,-1
"F[1,2](Calcium <= 6.710 & Glucose >= 3.754)
",-9999999.000,-9999999.000,0.000,0.000,1.000,0,0,0,20,20,0,0,20,0.0,0.0,0.0,0.0,0.0,1.0,-1
"((DBP < 101.393) U[0,0] (SepsisLabel = 0.000))
",1.195,12.605,0.000,0.000,1.000,0,0,0,20,20,0,0,20,0.0,0.0,0.0,0.0,0.0,1.0,-1
"((BaseExcess < 0.000) U[0,0] (SepsisLabel = 0.000))
",0.000,0.000,0.000,0.000,1.000,0,0,0,20,20,0,0,20,0.0,0.0,0.0,0.0,0.0,1.0,-1
"((Calcium < 4.578) U[0,0] (SepsisLabel = 0.000))
",0.011,0.210,0.000,0.000,1.000,0,0,0,20,20,0,0,20,0.0,0.0,0.0,0.0,0.0,1.0,-1
"((Platelets < 112.681) U[0,2] (SepsisLabel = 0.000))
",-9999999.000,-9999999.000,0.000,0.000,1.000,0,0,0,20,20,0,0,20,0.0,0.0,0.0,0.0,0.0,1.0,-1
"F[2,2](PTT >= 0.000 & SepsisLabel = 0.000)
",0.000,0.000,0.000,0.000,1.000,0,0,0,20,20,0,0,20,0.0,0.0,0.0,0.0,0.0,1.0,-1
"F[0,2](Hct <= 36.680 -> SepsisLabel = 0.000)
",-9999999.000,-9999999.000,0.000,0.000,1.000,0,0,0,20,20,0,0,20,0.0,0.0,0.0,0.0,0.0,1.0,-1
"F[2,2](Platelets <= 65.159 -> SepsisLabel = 0.000)
",-65.159,-65.159,0.000,0.000,1.000,0,0,0,20,20,0,0,20,0.0,0.0,0.0,0.0,0.0,1.0,-1
"F[1,2](BaseExcess >= 0.000 & SepsisLabel = 0.000)
",-9999999.000,-9999999.000,0.000,0.000,1.000,0,0,0,20,20,0,0,20,0.0,0.0,0.0,0.0,0.0,1.0,-1
"F[2,2]((pH >= 0.000 | DBP <= 95.698) & Bilirubin_total <= 79.621)
",5602815563763509.000,79.621,0.000,0.000,1.000,0,0,0,20,20,0,0,20,0.0,0.0,0.0,0.0,0.0,1.0,-1
"F[1,1](FiO2 <= 0.000 | HCO3 >= 0.000)
",0.000,0.000,0.000,0.000,1.000,0,0,0,20,20,0,0,20,0.0,0.0,0.0,0.0,0.0,1.0,-1
"((Calcium >= 0.201) U[0,1] (SaO2 <= 0.000))
",-9999999.000,-9999999.000,0.000,0.000,1.000,0,0,0,20,20,0,0,20,0.0,0.0,0.0,0.0,0.0,1.0,-1
"F[1,2](Hgb <= 6.708 & WBC <= 2.539)
",-9999999.000,-9999999.000,0.000,0.000,1.000,0,0,0,20,20,0,0,20,0.0,0.0,0.0,0.0,0.0,1.0,-1
"F[1,2](((Resp <= 19.900 -> Phosphate >= 0.087) | O2Sat <= 3.724) | Calcium >= 0.133)
",-9999999.000,-9999999.000,0.000,0.000,1.000,0,0,0,20,20,0,0,20,0.0,0.0,0.0,0.0,0.0,1.0,-1
"F[1,1]((Calcium >= 0.078 -> Alkalinephos <= 28.303) & SepsisLabel <= 20.410)
",-28.303,-28.303,0.000,0.000,1.000,0,0,0,20,20,0,0,20,0.0,0.0,0.0,0.0,0.0,1.0,-1
"F[0,1]((Glucose <= 45.096 | Hgb >= 0.481) -> Bilirubin_total <= 10.649)
",-9999999.000,-9999999.000,0.000,0.000,1.000,0,0,0,20,20,0,0,20,0.0,0.0,0.0,0.0,0.0,1.0,-1
"F[1,2]((Phosphate <= 2.275 | SBP >= 63.226) | Bilirubin_total >= 75.349)
",-9999999.000,-9999999.000,0.000,0.000,1.000,0,0,0,20,20,0,0,20,0.0,0.0,0.0,0.0,0.0,1.0,-1
"F[0,1]((HR >= 69.400 & Calcium <= 1.896) -> Creatinine <= 3.595)
",-9999999.000,-9999999.000,0.000,0.000,1.000,0,0,0,20,20,0,0,20,0.0,0.0,0.0,0.0,0.0,1.0,-1
"F[0,1](((MAP >= 59.484 | TroponinI <= 0.000) | Phosphate >= 0.000) -> FiO2 <= 0.000)
",-9999999.000,-9999999.000,0.000,0.000,1.000,0,0,0,20,20,0,0,20,0.0,0.0,0.0,0.0,0.0,1.0,-1
"F[0,2](((PaCO2 <= 0.000 -> Potassium >= 0.132) -> MAP >= 0.109) -> O2Sat <= 2.041)
",-9999999.000,-9999999.000,0.000,0.000,1.000,0,0,0,20,20,0,0,20,0.0,0.0,0.0,0.0,0.0,1.0,-1
"F[0,2](((PaCO2 >= 0.000 | MAP <= 94.265) -> Chloride <= 124.051) -> Alkalinephos <= 90.523)
",-9999999.000,-9999999.000,0.000,0.000,1.000,0,0,0,20,20,0,0,20,0.0,0.0,0.0,0.0,0.0,1.0,-1
"F[0,1]((Potassium >= 0.203 & Glucose >= 2.957) -> Chloride <= 6.845)
",-9999999.000,-9999999.000,0.000,0.000,1.000,0,0,0,20,20,0,0,20,0.0,0.0,0.0,0.0,0.0,1.0,-1
"F[2,2](Potassium >= 0.161 -> HR <= 103.684)
",-103.684,-103.684,0.000,0.000,1.000,0,0,0,20,20,0,0,20,0.0,0.0,0.0,0.0,0.0,1.0,-1
"((PaCO2 <= 0.000) U[0,2] (WBC >= 0.558))
",-9999999.000,-9999999.000,0.000,0.000,1.000,0,0,0,20,20,0,0,20,0.0,0.0,0.0,0.0,0.0,1.0,-1
"F[0,2](Hgb <= 5.151 | Magnesium <= 0.506)
",-9999999.000,-9999999.000,0.000,0.000,1.000,0,0,0,20,20,0,0,20,0.0,0.0,0.0,0.0,0.0,1.0,-1
"F[1,2]((Bilirubin_total >= 0.005 & PaCO2 >= 0.000) | SaO2 <= 0.000)
",-9999999.000,-9999999.000,0.000,0.000,1.000,0,0,0,20,20,0,0,20,0.0,0.0,0.0,0.0,0.0,1.0,-1
"F[2,2]((Lactate <= 0.000 | Magnesium >= 0.060) -> SepsisLabel <= 1.788)
",-1.788,-1.788,0.000,0.000,1.000,0,0,0,20,20,0,0,20,0.0,0.0,0.0,0.0,0.0,1.0,-1
"F[2,2](AST >= 0.105 & HCO3 >= 0.000)
",-7581866806034703.000,-0.105,0.000,0.000,1.000,0,0,0,20,20,0,0,20,0.0,0.0,0.0,0.0,0.0,1.0,-1
"F[0,2]((AST >= 0.149 -> pH >= 0.000) & Magnesium >= 0.000)
",-9999999.000,-9999999.000,0.000,0.000,1.000,0,0,0,20,20,0,0,20,0.0,0.0,0.0,0.0,0.0,1.0,-1
"F[1,2]((DBP <= 101.764 & Bilirubin_direct >= 0.000) | Bilirubin_direct <= 0.000)
",-9999999.000,-9999999.000,0.000,0.000,1.000,0,0,0,20,20,0,0,20,0.0,0.0,0.0,0.0,0.0,1.0,-1
"F[0,1]((AST <= 5.743 | Glucose >= 2.983) | Hgb >= 3.826)
",-9999999.000,-9999999.000,0.000,0.000,1.000,0,0,0,20,20,0,0,20,0.0,0.0,0.0,0.0,0.0,1.0,-1
"F[2,2](Lactate <= 0.000 | SepsisLabel >= 0.000)
",0.000,0.000,0.000,0.000,1.000,0,0,0,20,20,0,0,20,0.0,0.0,0.0,0.0,0.0,1.0,-1
"F[0,2](((SaO2 >= 0.000 -> Fibrinogen >= 0.000) | AST <= 0.000) & TroponinI >= 0.000)
",-9999999.000,-9999999.000,0.000,0.000,1.000,0,0,0,20,20,0,0,20,0.0,0.0,0.0,0.0,0.0,1.0,-1
"F[1,1]((SepsisLabel <= 0.000 -> Fibrinogen <= 0.000) -> Chloride <= 0.000)
",0.000,0.000,0.000,0.000,1.000,0,0,0,20,20,0,0,20,0.0,0.0,0.0,0.0,0.0,1.0,-1
"((DBP <= 100.969) U[0,1] (BaseExcess <= 0.000))
",-9999999.000,-9999999.000,0.000,0.000,1.000,0,0,0,20,20,0,0,20,0.0,0.0,0.0,0.0,0.0,1.0,-1
"F[2,2](((PTT <= 0.000 & Bilirubin_total <= 0.028) | FiO2 >= 0.006) & EtCO2 >= 0.010)
",-0.010,-0.010,0.000,0.000,1.000,0,0,0,20,20,0,0,20,0.0,0.0,0.0,0.0,0.0,1.0,-1
"F[0,1]((Hgb <= 6.575 & PaCO2 >= 0.000) & Hgb >= 0.000)
",-9999999.000,-9999999.000,0.000,0.000,1.000,0,0,0,20,20,0,0,20,0.0,0.0,0.0,0.0,0.0,1.0,-1
"F[1,1](((WBC <= 7.285 | Bilirubin_direct <= 0.000) & TroponinI <= 0.000) | SaO2 <= 0.000)
",0.000,0.000,0.000,0.000,1.000,0,0,0,20,20,0,0,20,0.0,0.0,0.0,0.0,0.0,1.0,-1
"F[0,1](((Lactate >= 0.000 -> Magnesium >= 0.058) & Hct <= 0.782) -> O2Sat <= 0.640)
",-9999999.000,-9999999.000,0.000,0.000,1.000,0,0,0,20,20,0,0,20,0.0,0.0,0.0,0.0,0.0,1.0,-1
"F[1,1]((Bilirubin_total >= 0.007 & Hgb >= 0.104) -> Potassium <= 10.567)
",-10.567,-10.567,0.000,0.000,1.000,0,0,0,20,20,0,0,20,0.0,0.0,0.0,0.0,0.0,1.0,-1
"F[2,2](Temp <= 19.700 -> Lactate <= 0.000)
",-5544993414850702.000,-19.700,0.000,0.000,1.000,0,0,0,20,20,0,0,20,0.0,0.0,0.0,0.0,0.0,1.0,-1
"((Hct >= 0.976) U[0,1] (Hgb <= 8.198))
",-9999999.000,-9999999.000,0.000,0.000,1.000,0,0,0,20,20,0,0,20,0.0,0.0,0.0,0.0,0.0,1.0,-1
"((SaO2 <= 0.000) U[1,2] (Bilirubin_direct <= 0.000))
",-9999999.000,-9999999.000,0.000,0.000,1.000,0,0,0,20,20,0,0,20,0.0,0.0,0.0,0.0,0.0,1.0,-1
"((Hgb >= 0.379) U[0,2] (Glucose <= 42.439))
",-9999999.000,-9999999.000,0.000,0.000,1.000,0,0,0,20,20,0,0,20,0.0,0.0,0.0,0.0,0.0,1.0,-1
"F[2,2]((Chloride <= 0.000 | Lactate >= 0.000) | Hgb >= 0.000)
",0.000,0.000,0.000,0.000,1.000,0,0,0,20,20,0,0,20,0.0,0.0,0.0,0.0,0.0,1.0,-1
"F[2,2](((Chloride >= 0.000 & MAP >= 78.174) -> BUN >= 53.118) -> HCO3 >= 12.614)
",-53.118,-53.118,0.000,0.000,1.000,0,0,0,20,20,0,0,20,0.0,0.0,0.0,0.0,0.0,1.0,-1
"F[0,2](((Potassium <= 2.030 & SepsisLabel <= 0.000) & PTT <= 0.000) | Chloride >= 0.000)
",-9999999.000,-9999999.000,0.000,0.000,1.000,0,0,0,20,20,0,0,20,0.0,0.0,0.0,0.0,0.0,1.0,-1
"F[2,2](Creatinine <= 0.708 -> FiO2 <= 0.000)
",-6380774978873540.000,-0.708,0.000,0.000,1.000,0,0,0,20,20,0,0,20,0.0,0.0,0.0,0.0,0.0,1.0,-1
"F[0,2](((Platelets <= 112.691 -> FiO2 >= 0.000) & BaseExcess >= 0.000) | SBP >= 0.000)
",-9999999.000,-9999999.000,0.000,0.000,1.000,0,0,0,20,20,0,0,20,0.0,0.0,0.0,0.0,0.0,1.0,-1
"F[2,2]((Hgb <= 10.373 -> Calcium >= 0.400) & SaO2 >= 0.191)
",-5839539072814021.000,-10.373,0.000,0.000,1.000,0,0,0,20,20,0,0,20,0.0,0.0,0.0,0.0,0.0,1.0,-1
"F[1,2](AST >= 0.111 | Calcium <= 4.791)
",-9999999.000,-9999999.000,0.000,0.000,1.000,0,0,0,20,20,0,0,20,0.0,0.0,0.0,0.0,0.0,1.0,-1
"F[0,2](((WBC <= 8.394 | Temp <= 12.251) | Bilirubin_direct >= 4.081) & BaseExcess <= 30.560)
",-9999999.000,-9999999.000,0.000,0.000,1.000,0,0,0,20,20,0,0,20,0.0,0.0,0.0,0.0,0.0,1.0,-1
"F[0,2](((HR >= 9.239 | Creatinine <= 0.766) -> Creatinine <= 0.639) | O2Sat <= 0.993)
",-9999999.000,-9999999.000,0.000,0.000,1.000,0,0,0,20,20,0,0,20,0.0,0.0,0.0,0.0,0.0,1.0,-1
"F[1,2](FiO2 >= 0.000 -> TroponinI <= 0.000)
",-9999999.000,-9999999.000,0.000,0.000,1.000,0,0,0,20,20,0,0,20,0.0,0.0,0.0,0.0,0.0,1.0,-1
"F[0,2]((WBC >= 0.480 | Calcium <= 3.270) -> SBP <= 7.135)
",-9999999.000,-9999999.000,0.000,0.000,1.000,0,0,0,20,20,0,0,20,0.0,0.0,0.0,0.0,0.0,1.0,-1
"F[0,2](((O2Sat <= 91.483 -> HR <= 100.288) -> Alkalinephos >= 90.030) -> O2Sat <= 106.957)
",-9999999.000,-9999999.000,0.000,0.000,1.000,0,0,0,20,20,0,0,20,0.0,0.0,0.0,0.0,0.0,1.0,-1
"F[0,2](((Glucose >= 0.741 & O2Sat >= 18.423) & Potassium <= 96.638) | HCO3 >= 76.519)
",-9999999.000,-9999999.000,0.000,0.000,1.000,0,0,0,20,20,0,0,20,0.0,0.0,0.0,0.0,0.0,1.0,-1
"F[0,2]((Lactate >= 0.000 & Temp <= 31.725) & DBP >= 5.899)
",-9999999.000,-9999999.000,0.000,0.000,1.000,0,0,0,20,20,0,0,20,0.0,0.0,0.0,0.0,0.0,1.0,-1
"F[0,0](((EtCO2 >= 0.000 | SepsisLabel <= 0.000) | HCO3 >= 0.000) | Platelets <= 0.000)
",3.655,17.026,0.000,0.000,1.000,0,0,0,20,20,0,0,20,0.0,0.0,0.0,0.0,0.0,1.0,-1
"F[0,0](((Phosphate <= 3.182 -> WBC <= 6.343) | AST >= 0.582) | Lactate <= 8.289)
",3.949,7.822,0.000,0.000,1.000,0,0,0,20,20,0,0,20,0.0,0.0,0.0,0.0,0.0,1.0,-1
"F[1,2]((Chloride >= 0.000 | Platelets <= 62.038) -> Phosphate <= 85.593)
",-9999999.000,-9999999.000,0.000,0.000,1.000,0,0,0,20,20,0,0,20,0.0,0.0,0.0,0.0,0.0,1.0,-1
"F[0,2](Glucose >= 1.896 & SepsisLabel <= 0.000)
",-9999999.000,-9999999.000,0.000,0.000,1.000,0,0,0,20,20,0,0,20,0.0,0.0,0.0,0.0,0.0,1.0,-1
"F[1,2]((SaO2 >= 0.000 | Calcium >= 0.196) -> EtCO2 >= 0.226)
",-9999999.000,-9999999.000,0.000,0.000,1.000,0,0,0,20,20,0,0,20,0.0,0.0,0.0,0.0,0.0,1.0,-1
"F[0,1]((Bilirubin_direct <= 0.000 | Resp >= 14.153) | Chloride <= 16.038)
",-9999999.000,-9999999.000,0.000,0.000,1.000,0,0,0,20,20,0,0,20,0.0,0.0,0.0,0.0,0.0,1.0,-1
"F[0,0](((EtCO2 >= 0.000 | BaseExcess <= 0.000) | Chloride <= 0.000) -> SaO2 <= 0.000)
",-3.655,-17.026,0.000,0.000,1.000,0,0,0,20,20,0,0,20,0.0,0.0,0.0,0.0,0.0,1.0,-1
"F[0,1](((Alkalinephos >= 1.742 -> DBP >= 29.232) -> pH >= 37.054) | O2Sat >= 29.048)
",-9999999.000,-9999999.000,0.000,0.000,1.000,0,0,0,20,20,0,0,20,0.0,0.0,0.0,0.0,0.0,1.0,-1
"F[1,2]((Glucose <= 77.546 & Calcium >= 0.106) -> FiO2 <= 6.030)
",-9999999.000,-9999999.000,0.000,0.000,1.000,0,0,0,20,20,0,0,20,0.0,0.0,0.0,0.0,0.0,1.0,-1
"F[1,2](Platelets <= 71.499 -> Alkalinephos <= 28.258)
",-9999999.000,-9999999.000,0.000,0.000,1.000,0,0,0,20,20,0,0,20,0.0,0.0,0.0,0.0,0.0,1.0,-1
"F[1,1]((BaseExcess >= 0.000 & Lactate <= 0.000) | SepsisLabel >= 0.000)
",0.000,0.000,0.000,0.000,1.000,0,0,0,20,20,0,0,20,0.0,0.0,0.0,0.0,0.0,1.0,-1
"F[1,1](O2Sat < 92.280 -> SepsisLabel = 0.000)
",-92.280,-92.280,0.000,0.000,1.000,0,0,0,20,20,0,0,20,0.0,0.0,0.0,0.0,0.0,1.0,-1
"F[2,2]((BUN >= 0.352 -> Platelets >= 2.429) & PTT >= 5.659)
",-5.659,-5.659,0.000,0.000,1.000,0,0,0,20,20,0,0,20,0.0,0.0,0.0,0.0,0.0,1.0,-1
"F[1,1](((Hgb <= 4.380 -> Platelets >= 6.447) -> MAP >= 7.399) & SepsisLabel <= 126.670)
",4.380,4.380,0.000,0.000,1.000,0,0,0,20,20,0,0,20,0.0,0.0,0.0,0.0,0.0,1.0,-1
"F[0,0](Hct >= 2.924 | Potassium <= 2.291)
",2.395,2.086,0.000,0.000,1.000,0,0,0,20,20,0,0,20,0.0,0.0,0.0,0.0,0.0,1.0,-1
"F[0,2](AST <= 8.280 -> Potassium >= 0.001)
",-9999999.000,-9999999.000,0.000,0.000,1.000,0,0,0,20,20,0,0,20,0.0,0.0,0.0,0.0,0.0,1.0,-1
"F[0,0]((Bilirubin_total >= 0.005 & Potassium >= 0.222) -> HCO3 <= 1.886)
",-4.948,-1.980,0.000,0.000,1.000,0,0,0,20,20,0,0,20,0.0,0.0,0.0,0.0,0.0,1.0,-1
"F[0,2](((DBP <= 86.684 | HR <= 106.965) | AST <= 102.702) | Chloride <= 98.022)
",-9999999.000,-9999999.000,0.000,0.000,1.000,0,0,0,20,20,0,0,20,0.0,0.0,0.0,0.0,0.0,1.0,-1
"F[2,2](Alkalinephos >= 1.591 & Glucose >= 1.355)
",-7163975700060251.000,-1.591,0.000,0.000,1.000,0,0,0,20,20,0,0,20,0.0,0.0,0.0,0.0,0.0,1.0,-1
"F[0,1](AST <= 9.115 | Calcium <= 7.396)
",-9999999.000,-9999999.000,0.000,0.000,1.000,0,0,0,20,20,0,0,20,0.0,0.0,0.0,0.0,0.0,1.0,-1
"F[0,1](Bilirubin_total <= 0.391 & Phosphate <= 3.093)
",-9999999.000,-9999999.000,0.000,0.000,1.000,0,0,0,20,20,0,0,20,0.0,0.0,0.0,0.0,0.0,1.0,-1
"F[0,2](((Platelets >= 9.155 & Resp <= 16.841) -> MAP >= 3.832) | Calcium >= 6.747)
",-9999999.000,-9999999.000,0.000,0.000,1.000,0,0,0,20,20,0,0,20,0.0,0.0,0.0,0.0,0.0,1.0,-1
"F[2,2]((Magnesium >= 0.056 -> Platelets <= 30.041) | BaseExcess <= 115.806)
",8149097540602772.000,115.806,0.000,0.000,1.000,0,0,0,20,20,0,0,20,0.0,0.0,0.0,0.0,0.0,1.0,-1
"F[0,2]((Resp >= 4.977 & WBC >= 0.507) | O2Sat >= 0.253)
",-9999999.000,-9999999.000,0.000,0.000,1.000,0,0,0,20,20,0,0,20,0.0,0.0,0.0,0.0,0.0,1.0,-1
"F[0,0]((Glucose >= 2.507 -> Resp <= 17.553) -> Alkalinephos <= 21.744)
",-7.879,-21.113,0.000,0.000,1.000,0,0,0,20,20,0,0,20,0.0,0.0,0.0,0.0,0.0,1.0,-1
"F[2,2](((AST <= 10.118 & HR >= 40.223) -> Phosphate <= 111.910) -> Lactate >= 57.406)
",8079186624095677.000,57.406,0.000,0.000,1.000,0,0,0,20,20,0,0,20,0.0,0.0,0.0,0.0,0.0,1.0,-1
"F[1,2]((Calcium <= 8.341 & Potassium <= 4.889) & Magnesium >= 0.045)
",-9999999.000,-9999999.000,0.000,0.000,1.000,0,0,0,20,20,0,0,20,0.0,0.0,0.0,0.0,0.0,1.0,-1
"F[1,1](HR <= 100.427 | Phosphate <= 2.641)
",100.427,100.427,0.000,0.000,1.000,0,0,0,20,20,0,0,20,0.0,0.0,0.0,0.0,0.0,1.0,-1
"F[1,2](((MAP <= 101.787 & Potassium <= 4.280) -> Bilirubin_direct >= 0.218) & BaseExcess <= 3.001)
",-9999999.000,-9999999.000,0.000,0.000,1.000,0,0,0,20,20,0,0,20,0.0,0.0,0.0,0.0,0.0,1.0,-1
"((Glucose >= 1.210) U[0,1] (MAP >= 6.836))
",-9999999.000,-9999999.000,0.000,0.000,1.000,0,0,0,20,20,0,0,20,0.0,0.0,0.0,0.0,0.0,1.0,-1
"F[1,1](((DBP <= 109.755 -> Magnesium >= 0.014) | Magnesium <= 0.510) | Bilirubin_direct <= 1.171)
",1.171,1.171,0.000,0.000,1.000,0,0,0,20,20,0,0,20,0.0,0.0,0.0,0.0,0.0,1.0,-1
"F[2,2](BUN <= 4.835 -> MAP <= 94.143)
",-6624737206538404.000,-94.143,0.000,0.000,1.000,0,0,0,20,20,0,0,20,0.0,0.0,0.0,0.0,0.0,1.0,-1
"F[0,2](((Bilirubin_total <= 0.026 & SBP <= 131.953) -> BaseExcess <= 131.359) & HCO3 >= 109.295)
",-9999999.000,-9999999.000,0.000,0.000,1.000,0,0,0,20,20,0,0,20,0.0,0.0,0.0,0.0,0.0,1.0,-1
"F[2,2]((Creatinine >= 0.035 | DBP >= 52.102) & PTT <= 96.374)
",-0.035,-0.035,0.000,0.000,1.000,0,0,0,20,20,0,0,20,0.0,0.0,0.0,0.0,0.0,1.0,-1
"((DBP <= 79.588) U[1,2] (Hct >= 3.227))
",-9999999.000,-9999999.000,0.000,0.000,1.000,0,0,0,20,20,0,0,20,0.0,0.0,0.0,0.0,0.0,1.0,-1
"F[0,2](EtCO2 >= 0.000 & HR >= 30.464)
",-9999999.000,-9999999.000,0.000,0.000,1.000,0,0,0,20,20,0,0,20,0.0,0.0,0.0,0.0,0.0,1.0,-1
"F[1,2]((Bilirubin_direct >= 0.000 & MAP <= 111.000) | Fibrinogen >= 62.544)
",-9999999.000,-9999999.000,0.000,0.000,1.000,0,0,0,20,20,0,0,20,0.0,0.0,0.0,0.0,0.0,1.0,-1
"F[0,0](HCO3 <= 0.000 -> SaO2 <= 0.000)
",0.000,0.000,0.000,0.000,1.000,0,0,0,20,20,0,0,20,0.0,0.0,0.0,0.0,0.0,1.0,-1
"F[0,2](Resp <= 21.968 | BUN >= 0.312)
",-9999999.000,-9999999.000,0.000,0.000,1.000,0,0,0,20,20,0,0,20,0.0,0.0,0.0,0.0,0.0,1.0,-1
"F[0,1](((HCO3 <= 0.000 & Temp >= 5.460) & WBC <= 8.460) | HCO3 <= 10.501)
",-9999999.000,-9999999.000,0.000,0.000,1.000,0,0,0,20,20,0,0,20,0.0,0.0,0.0,0.0,0.0,1.0,-1
"F[0,0]((WBC >= 0.365 -> TroponinI >= 0.000) -> BaseExcess >= 0.000)
",0.000,0.000,0.000,0.000,1.000,0,0,0,20,20,0,0,20,0.0,0.0,0.0,0.0,0.0,1.0,-1
"F[1,2](((DBP >= 17.060 & WBC >= 0.133) & Platelets <= 9.687) & pH <= 1.991)
",-9999999.000,-9999999.000,0.000,0.000,1.000,0,0,0,20,20,0,0,20,0.0,0.0,0.0,0.0,0.0,1.0,-1
"F[0,0](((DBP >= 48.216 | O2Sat <= 91.607) | HR <= 92.352) | Resp <= 93.074)
",3.290,46.488,0.000,0.000,1.000,0,0,0,20,20,0,0,20,0.0,0.0,0.0,0.0,0.0,1.0,-1
"F[1,2](((Calcium >= 0.363 | Hct <= 30.028) -> SBP >= 3.169) -> Calcium >= 1.812)
",-9999999.000,-9999999.000,0.000,0.000,1.000,0,0,0,20,20,0,0,20,0.0,0.0,0.0,0.0,0.0,1.0,-1
"((Bilirubin_total > 0.008) U[0,1] (SepsisLabel = 0.000))
",-9999999.000,-9999999.000,0.000,0.000,1.000,0,0,0,20,20,0,0,20,0.0,0.0,0.0,0.0,0.0,1.0,-1
"F[2,2](((Hct >= 0.647 & Phosphate >= 0.011) -> pH >= 0.034) & EtCO2 <= 0.293)
",4965463544123814.000,0.034,0.000,0.000,1.000,0,0,0,20,20,0,0,20,0.0,0.0,0.0,0.0,0.0,1.0,-1
"F[1,2]((AST >= 0.034 -> BUN <= 11.241) | SepsisLabel <= 3.027)
",-9999999.000,-9999999.000,0.000,0.000,1.000,0,0,0,20,20,0,0,20,0.0,0.0,0.0,0.0,0.0,1.0,-1
"F[1,2]((Bilirubin_total <= 0.032 & BUN <= 12.504) -> MAP >= 0.361)
",-9999999.000,-9999999.000,0.000,0.000,1.000,0,0,0,20,20,0,0,20,0.0,0.0,0.0,0.0,0.0,1.0,-1
"F[0,2]((Alkalinephos <= 51.602 -> Hgb >= 0.356) | Phosphate <= 1.484)
",-9999999.000,-9999999.000,0.000,0.000,1.000,0,0,0,20,20,0,0,20,0.0,0.0,0.0,0.0,0.0,1.0,-1
"F[1,2](Bilirubin_total <= 0.200 | Hgb <= 10.323)
",-9999999.000,-9999999.000,0.000,0.000,1.000,0,0,0,20,20,0,0,20,0.0,0.0,0.0,0.0,0.0,1.0,-1
"F[1,2](AST <= 1.054 & Hct >= 1.588)
",-9999999.000,-9999999.000,0.000,0.000,1.000,0,0,0,20,20,0,0,20,0.0,0.0,0.0,0.0,0.0,1.0,-1
"((Alkalinephos >= 1.499) U[2,2] (Hct <= 14.299))
",8049641224324226.000,14.299,0.000,0.000,1.000,0,0,0,20,20,0,0,20,0.0,0.0,0.0,0.0,0.0,1.0,-1
"F[0,2](((Alkalinephos <= 51.225 | WBC >= 0.509) -> Bilirubin_total >= 0.419) | HCO3 >= 0.362)
",-9999999.000,-9999999.000,0.000,0.000,1.000,0,0,0,20,20,0,0,20,0.0,0.0,0.0,0.0,0.0,1.0,-1
"F[1,2]((Alkalinephos <= 17.963 & BUN >= 0.039) & Phosphate >= 0.202)
",-9999999.000,-9999999.000,0.000,0.000,1.000,0,0,0,20,20,0,0,20,0.0,0.0,0.0,0.0,0.0,1.0,-1
"F[1,1]((Bilirubin_total >= 0.009 | WBC >= 0.288) | Calcium <= 1.440)
",6483633138888418.000,1.440,0.000,0.000,1.000,0,0,0,20,20,0,0,20,0.0,0.0,0.0,0.0,0.0,1.0,-1
"F[0,2](Alkalinephos <= 6.635 | Platelets >= 10.809)
",-9999999.000,-9999999.000,0.000,0.000,1.000,0,0,0,20,20,0,0,20,0.0,0.0,0.0,0.0,0.0,1.0,-1
"F[0,1](((Resp >= 10.381 -> SBP >= 105.357) -> Chloride >= 84.057) | Resp <= 146.665)
",-9999999.000,-9999999.000,0.000,0.000,1.000,0,0,0,20,20,0,0,20,0.0,0.0,0.0,0.0,0.0,1.0,-1
"((Phosphate <= 3.143) U[0,2] (Temp <= 13.551))
",-9999999.000,-9999999.000,0.000,0.000,1.000,0,0,0,20,20,0,0,20,0.0,0.0,0.0,0.0,0.0,1.0,-1
"F[1,2]((Calcium <= 2.364 -> Temp <= 31.923) -> Alkalinephos >= 0.908)
",-9999999.000,-9999999.000,0.000,0.000,1.000,0,0,0,20,20,0,0,20,0.0,0.0,0.0,0.0,0.0,1.0,-1
"F[2,2](((BUN <= 13.567 | Temp <= 22.847) & Glucose <= 22.814) | PaCO2 <= 19.823)
",6421484652030862.000,22.814,0.000,0.000,1.000,0,0,0,20,20,0,0,20,0.0,0.0,0.0,0.0,0.0,1.0,-1
"F[1,1]((DBP >= 23.572 -> Resp <= 18.639) -> Phosphate <= 21.622)
",-21.622,-21.622,0.000,0.000,1.000,0,0,0,20,20,0,0,20,0.0,0.0,0.0,0.0,0.0,1.0,-1
"F[0,0]((Hct >= 2.700 & Resp >= 13.943) -> MAP >= 8.736)
",-9.424,-123.448,0.000,0.000,1.000,0,0,0,20,20,0,0,20,0.0,0.0,0.0,0.0,0.0,1.0,-1
"F[2,2]((AST >= 0.124 | WBC <= 1.709) -> Hct >= 0.410)
",-7698868916884002.000,-1.709,0.000,0.000,1.000,0,0,0,20,20,0,0,20,0.0,0.0,0.0,0.0,0.0,1.0,-1
"F[0,1](((AST >= 0.163 & Creatinine >= 0.020) | Magnesium <= 0.435) | Chloride <= 0.876)
",-9999999.000,-9999999.000,0.000,0.000,1.000,0,0,0,20,20,0,0,20,0.0,0.0,0.0,0.0,0.0,1.0,-1
"F[0,2]((Bilirubin_total <= 0.360 -> Magnesium <= 0.601) | SBP >= 7.683326390771627e-05)
",-9999999.000,-9999999.000,0.000,0.000,1.000,0,0,0,20,20,0,0,20,0.0,0.0,0.0,0.0,0.0,1.0,-1
"F[0,2](AST <= 5.297 | Magnesium <= 1.768)
",-9999999.000,-9999999.000,0.000,0.000,1.000,0,0,0,20,20,0,0,20,0.0,0.0,0.0,0.0,0.0,1.0,-1
"F[1,2](Calcium >= 0.008 | Platelets >= 10.834)
",-9999999.000,-9999999.000,0.000,0.000,1.000,0,0,0,20,20,0,0,20,0.0,0.0,0.0,0.0,0.0,1.0,-1
"F[1,1](HR >= 21.016 -> MAP >= 3.977)
",3.977,3.977,0.000,0.000,1.000,0,0,0,20,20,0,0,20,0.0,0.0,0.0,0.0,0.0,1.0,-1
"F[0,1](((Hgb <= 12.510 & Phosphate >= 0.160) | TroponinI >= 0.165) -> Glucose >= 0.015)
",-9999999.000,-9999999.000,0.000,0.000,1.000,0,0,0,20,20,0,0,20,0.0,0.0,0.0,0.0,0.0,1.0,-1
"F[0,2](Hgb <= 8.514 & Magnesium >= 0.045)
",-9999999.000,-9999999.000,0.000,0.000,1.000,0,0,0,20,20,0,0,20,0.0,0.0,0.0,0.0,0.0,1.0,-1
"F[0,1](((Glucose <= 55.727 | Hgb <= 3.912) | Alkalinephos <= 5.450) | Platelets >= 0.417)
",-9999999.000,-9999999.000,0.000,0.000,1.000,0,0,0,20,20,0,0,20,0.0,0.0,0.0,0.0,0.0,1.0,-1
"F[1,1](((BUN <= 13.382 & Hgb <= 11.235) & Glucose >= 0.594) -> Temp >= 0.963)
",5345860090291851.000,0.594,0.000,0.000,1.000,0,0,0,20,20,0,0,20,0.0,0.0,0.0,0.0,0.0,1.0,-1
"F[2,2](((Hgb <= 9.691 -> Potassium >= 0.049) -> PaCO2 >= 0.147) & Hct <= 0.559)
",0.147,0.147,0.000,0.000,1.000,0,0,0,20,20,0,0,20,0.0,0.0,0.0,0.0,0.0,1.0,-1
"F[0,2](Alkalinephos <= 41.993 | SBP >= 100.260)
",-9999999.000,-9999999.000,0.000,0.000,1.000,0,0,0,20,20,0,0,20,0.0,0.0,0.0,0.0,0.0,1.0,-1
"((Bilirubin_total <= 0.017) U[0,2] (MAP <= 122.530))
",-9999999.000,-9999999.000,0.000,0.000,1.000,0,0,0,20,20,0,0,20,0.0,0.0,0.0,0.0,0.0,1.0,-1
"F[0,2]((Alkalinephos <= 12.855 | MAP <= 97.201) -> Phosphate <= 110.314)
",-9999999.000,-9999999.000,0.000,0.000,1.000,0,0,0,20,20,0,0,20,0.0,0.0,0.0,0.0,0.0,1.0,-1
"F[1,2](Phosphate >= 0.060 -> Resp <= 15.478)
",-9999999.000,-9999999.000,0.000,0.000,1.000,0,0,0,20,20,0,0,20,0.0,0.0,0.0,0.0,0.0,1.0,-1
"F[0,1](MAP >= 31.253 -> SepsisLabel = 0.000)
",-9999999.000,-9999999.000,0.000,0.000,1.000,0,0,0,20,20,0,0,20,0.0,0.0,0.0,0.0,0.0,1.0,-1
"F[1,2](HCO3 >= 0.000 -> SepsisLabel = 0.000)
",-9999999.000,-9999999.000,0.000,0.000,1.000,0,0,0,20,20,0,0,20,0.0,0.0,0.0,0.0,0.0,1.0,-1
"((PTT >= 0.000) U[0,2] (SepsisLabel = 0.000))
",-9999999.000,-9999999.000,0.000,0.000,1.000,0,0,0,20,20,0,0,20,0.0,0.0,0.0,0.0,0.0,1.0,-1
"F[0,2](Magnesium < 0.980 -> SepsisLabel = 0.000)
",-9999999.000,-9999999.000,0.000,0.000,1.000,0,0,0,20,20,0,0,20,0.0,0.0,0.0,0.0,0.0,1.0,-1
"((O2Sat > 75.634) U[0,2] (SepsisLabel = 0.000))
",-9999999.000,-9999999.000,0.000,0.000,1.000,0,0,0,20,20,0,0,20,0.0,0.0,0.0,0.0,0.0,1.0,-1
"F[1,2](Glucose <= 27.501 & SepsisLabel = 0.000)
",-9999999.000,-9999999.000,0.000,0.000,1.000,0,0,0,20,20,0,0,20,0.0,0.0,0.0,0.0,0.0,1.0,-1
"F[0,1](WBC < 6.066 & SepsisLabel = 0.000)
",-9999999.000,-9999999.000,0.000,0.000,1.000,0,0,0,20,20,0,0,20,0.0,0.0,0.0,0.0,0.0,1.0,-1
"F[0,1]((Phosphate >= 0.115 & Magnesium > 0.046) -> Calcium < 5.322)
",-9999999.000,-9999999.000,0.000,0.000,1.000,0,0,0,20,20,0,0,20,0.0,0.0,0.0,0.0,0.0,1.0,-1
"F[1,2]((Calcium <= 4.471 & Potassium <= 2.068) & Magnesium >= 0.096)
",-9999999.000,-9999999.000,0.000,0.000,1.000,0,0,0,20,20,0,0,20,0.0,0.0,0.0,0.0,0.0,1.0,-1
"F[0,1](Hgb <= 2.003 | Hct <= 7.121)
",-9999999.000,-9999999.000,0.000,0.000,1.000,0,0,0,20,20,0,0,20,0.0,0.0,0.0,0.0,0.0,1.0,-1
"F[1,2](((Calcium < 1.748 & Potassium < 2.616) & Magnesium < 0.572) & Phosphate < 0.809)
",-9999999.000,-9999999.000,0.000,0.000,1.000,0,0,0,20,20,0,0,20,0.0,0.0,0.0,0.0,0.0,1.0,-1
"F[1,2]((Calcium <= 6.016 & Potassium <= 2.359) & Magnesium >= 0.053)
",-9999999.000,-9999999.000,0.000,0.000,1.000,0,0,0,20,20,0,0,20,0.0,0.0,0.0,0.0,0.0,1.0,-1
"F[1,2](((Calcium < 0.837 & Potassium < 3.983) & Magnesium < 0.952) & Phosphate < 1.905)
",-9999999.000,-9999999.000,0.000,0.000,1.000,0,0,0,20,20,0,0,20,0.0,0.0,0.0,0.0,0.0,1.0,-1
"F[1,2]((Calcium <= 7.647 & Potassium <= 1.639) & Magnesium >= 0.053)
",-9999999.000,-9999999.000,0.000,0.000,1.000,0,0,0,20,20,0,0,20,0.0,0.0,0.0,0.0,0.0,1.0,-1
"F[0,2](((Calcium < 6.580 & Potassium < 3.317) & Magnesium < 0.659) & Phosphate < 1.325)
",-9999999.000,-9999999.000,0.000,0.000,1.000,0,0,0,20,20,0,0,20,0.0,0.0,0.0,0.0,0.0,1.0,-1
"F[0,2]((Phosphate >= 0.073 & Magnesium > 0.056) -> Calcium < 5.832)
",-9999999.000,-9999999.000,0.000,0.000,1.000,0,0,0,20,20,0,0,20,0.0,0.0,0.0,0.0,0.0,1.0,-1
"((MAP >= 77.558) U[0,2] (SBP <= 151.492))
",-9999999.000,-9999999.000,0.000,0.000,1.000,0,0,0,20,20,0,0,20,0.0,0.0,0.0,0.0,0.0,1.0,-1
"F[1,2](((Calcium < 2.871 & Potassium < 0.762) & Magnesium < 1.273) & Phosphate < 1.249)
",-9999999.000,-9999999.000,0.000,0.000,1.000,0,0,0,20,20,0,0,20,0.0,0.0,0.0,0.0,0.0,1.0,-1
"F[0,1]((Phosphate >= 0.007 & Magnesium > 0.002) -> Calcium < 4.031)
",-9999999.000,-9999999.000,0.000,0.000,1.000,0,0,0,20,20,0,0,20,0.0,0.0,0.0,0.0,0.0,1.0,-1
"((MAP >= 60.791) U[0,2] (SBP <= 140.464))
",-9999999.000,-9999999.000,0.000,0.000,1.000,0,0,0,20,20,0,0,20,0.0,0.0,0.0,0.0,0.0,1.0,-1
"F[1,2]((Calcium <= 1.806 & Potassium <= 3.374) & Magnesium >= 0.096)
",-9999999.000,-9999999.000,0.000,0.000,1.000,0,0,0,20,20,0,0,20,0.0,0.0,0.0,0.0,0.0,1.0,-1
"F[0,2](((Calcium < 7.484 & Potassium < 1.205) & Magnesium < 1.932) & Phosphate < 2.032)
",-9999999.000,-9999999.000,0.000,0.000,1.000,0,0,0,20,20,0,0,20,0.0,0.0,0.0,0.0,0.0,1.0,-1
"F[0,2]((Phosphate >= 0.179 & Magnesium > 0.083) -> Calcium < 4.722)
",-9999999.000,-9999999.000,0.000,0.000,1.000,0,0,0,20,20,0,0,20,0.0,0.0,0.0,0.0,0.0,1.0,-1
"F[0,2](Hgb <= 11.416 | Hct <= 4.963)
",-9999999.000,-9999999.000,0.000,0.000,1.000,0,0,0,20,20,0,0,20,0.0,0.0,0.0,0.0,0.0,1.0,-1
"F[0,2]((Calcium <= 3.152 & Potassium <= 2.826) & Magnesium >= 0.066)
",-9999999.000,-9999999.000,0.000,0.000,1.000,0,0,0,20,20,0,0,20,0.0,0.0,0.0,0.0,0.0,1.0,-1
"F[0,1](((Calcium < 3.117 & Potassium < 3.919) & Magnesium < 1.906) & Phosphate < 1.443)
",-9999999.000,-9999999.000,0.000,0.000,1.000,0,0,0,20,20,0,0,20,0.0,0.0,0.0,0.0,0.0,1.0,-1
"F[0,2]((Phosphate >= 0.193 & Magnesium > 0.024) -> Calcium < 5.914)
",-9999999.000,-9999999.000,0.000,0.000,1.000,0,0,0,20,20,0,0,20,0.0,0.0,0.0,0.0,0.0,1.0,-1
"((FiO2 >= 0.000) U[0,2] (SepsisLabel = 0.000))
",-9999999.000,-9999999.000,0.000,0.000,1.000,0,0,0,20,20,0,0,20,0.0,0.0,0.0,0.0,0.0,1.0,-1
"((MAP >= 8.077) U[0,2] (SBP <= 136.498))
",-9999999.000,-9999999.000,0.000,0.000,1.000,0,0,0,20,20,0,0,20,0.0,0.0,0.0,0.0,0.0,1.0,-1
"F[2,2](Hgb <= 8.279 | Hct <= 37.153)
",5228838572621845.000,37.153,0.000,0.000,1.000,0,0,0,20,20,0,0,20,0.0,0.0,0.0,0.0,0.0,1.0,-1
"((AST >= 0.219) U[2,2] (DBP >= 24.233))
",-7875520736050100.000,-0.219,0.000,0.000,1.000,0,0,0,20,20,0,0,20,0.0,0.0,0.0,0.0,0.0,1.0,-1
"((Magnesium <= 0.673) U[2,2] (Resp <= 19.649))
",5530745801707163.000,19.649,0.000,0.000,1.000,0,0,0,20,20,0,0,20,0.0,0.0,0.0,0.0,0.0,1.0,-1
"((Creatinine <= 0.752) U[0,1] (Resp >= 4.026))
",-9999999.000,-9999999.000,0.000,0.000,1.000,0,0,0,20,20,0,0,20,0.0,0.0,0.0,0.0,0.0,1.0,-1
"F[1,2](((Alkalinephos <= 68.286 & Resp >= 0.848) | HCO3 >= 10.135) & Phosphate <= 17.083)
",-9999999.000,-9999999.000,0.000,0.000,1.000,0,0,0,20,20,0,0,20,0.0,0.0,0.0,0.0,0.0,1.0,-1
"F[0,1](((Hct <= 17.866 & O2Sat >= 22.237) -> Platelets >= 19.905) -> Hgb <= 96.459)
",-9999999.000,-9999999.000,0.000,0.000,1.000,0,0,0,20,20,0,0,20,0.0,0.0,0.0,0.0,0.0,1.0,-1
"F[0,1](((O2Sat >= 68.804 -> Platelets <= 141.871) | Hgb >= 7.785) & DBP >= 5.477)
",-9999999.000,-9999999.000,0.000,0.000,1.000,0,0,0,20,20,0,0,20,0.0,0.0,0.0,0.0,0.0,1.0,-1
"F[1,2](SBP <= 144.172 & Temp <= 16.774)
",-9999999.000,-9999999.000,0.000,0.000,1.000,0,0,0,20,20,0,0,20,0.0,0.0,0.0,0.0,0.0,1.0,-1
"F[0,1](((O2Sat >= 14.383 & Phosphate >= 0.000) | AST >= 0.114) & Platelets <= 2.060)
",-9999999.000,-9999999.000,0.000,0.000,1.000,0,0,0,20,20,0,0,20,0.0,0.0,0.0,0.0,0.0,1.0,-1
"F[2,2](((Magnesium <= 1.348 | O2Sat >= 86.776) | TroponinI >= 44.392) -> Temp <= 95.961)
",-6752684462667052.000,-95.961,0.000,0.000,1.000,0,0,0,20,20,0,0,20,0.0,0.0,0.0,0.0,0.0,1.0,-1
"((Creatinine <= 0.076) U[1,2] (O2Sat <= 95.334))
",-9999999.000,-9999999.000,0.000,0.000,1.000,0,0,0,20,20,0,0,20,0.0,0.0,0.0,0.0,0.0,1.0,-1
"((Alkalinephos >= 2.015) U[0,2] (O2Sat >= 35.012))
",-9999999.000,-9999999.000,0.000,0.000,1.000,0,0,0,20,20,0,0,20,0.0,0.0,0.0,0.0,0.0,1.0,-1
"F[0,1](((AST >= 0.113 -> O2Sat <= 96.384) -> Creatinine <= 91.478) -> WBC <= 99.899)
",-9999999.000,-9999999.000,0.000,0.000,1.000,0,0,0,20,20,0,0,20,0.0,0.0,0.0,0.0,0.0,1.0,-1
"F[0,1]((Bilirubin_total >= 0.008 & O2Sat <= 99.294) -> Magnesium >= 69.792)
",-9999999.000,-9999999.000,0.000,0.000,1.000,0,0,0,20,20,0,0,20,0.0,0.0,0.0,0.0,0.0,1.0,-1
"F[2,2]((Hgb <= 7.447 & HR <= 101.415) -> MAP >= 57.832)
",-8384998149656893.000,-7.447,0.000,0.000,1.000,0,0,0,20,20,0,0,20,0.0,0.0,0.0,0.0,0.0,1.0,-1
"F[0,1](((Calcium < 4.085 & Potassium < 3.942) & Magnesium < 1.031) & Phosphate < 2.338)
",-9999999.000,-9999999.000,0.000,0.000,1.000,0,0,0,20,20,0,0,20,0.0,0.0,0.0,0.0,0.0,1.0,-1
"F[0,1](((HR <= 108.108 & Platelets >= 3.559) & SBP <= 56.009) -> MAP >= 1.152)
",-9999999.000,-9999999.000,0.000,0.000,1.000,0,0,0,20,20,0,0,20,0.0,0.0,0.0,0.0,0.0,1.0,-1
"F[2,2]((DBP >= 28.598 -> Temp >= 0.287) & FiO2 >= 0.018)
",-5200558028234485.000,-0.018,0.000,0.000,1.000,0,0,0,20,20,0,0,20,0.0,0.0,0.0,0.0,0.0,1.0,-1
"F[0,1](Potassium <= 3.502 -> Resp >= 10.561)
",-9999999.000,-9999999.000,0.000,0.000,1.000,0,0,0,20,20,0,0,20,0.0,0.0,0.0,0.0,0.0,1.0,-1
"F[0,2](((FiO2 >= 0.000 | pH >= 0.000) | Temp >= 0.000) | MAP >= 0.000)
",-9999999.000,-9999999.000,0.000,0.000,1.000,0,0,0,20,20,0,0,20,0.0,0.0,0.0,0.0,0.0,1.0,-1
"F[0,2]((Creatinine >= 0.036 | Platelets >= 1.280) -> O2Sat >= 6.022)
",-9999999.000,-9999999.000,0.000,0.000,1.000,0,0,0,20,20,0,0,20,0.0,0.0,0.0,0.0,0.0,1.0,-1
"F[1,2]((Potassium >= 0.155 -> WBC <= 6.668) & PaCO2 >= 0.410)
",-9999999.000,-9999999.000,0.000,0.000,1.000,0,0,0,20,20,0,0,20,0.0,0.0,0.0,0.0,0.0,1.0,-1
"F[2,2](((Calcium < 8.520 & Potassium < 2.227) & Magnesium < 1.275) & Phosphate < 1.137)
",5122210690367163.000,1.137,0.000,0.000,1.000,0,0,0,20,20,0,0,20,0.0,0.0,0.0,0.0,0.0,1.0,-1
"F[2,2]((Phosphate >= 0.018 & Magnesium > 0.051) -> Calcium < 4.775)
",-5376686569779890.000,-4.775,0.000,0.000,1.000,0,0,0,20,20,0,0,20,0.0,0.0,0.0,0.0,0.0,1.0,-1
"F[1,2](Hgb <= 7.360 | Hct <= 18.101)
",-9999999.000,-9999999.000,0.000,0.000,1.000,0,0,0,20,20,0,0,20,0.0,0.0,0.0,0.0,0.0,1.0,-1
"F[1,2](((Calcium < 4.580 & Potassium < 1.251) & Magnesium < 0.635) & Phosphate < 3.652)
",-9999999.000,-9999999.000,0.000,0.000,1.000,0,0,0,20,20,0,0,20,0.0,0.0,0.0,0.0,0.0,1.0,-1
"F[0,1]((Phosphate >= 0.148 & Magnesium > 0.100) -> Calcium < 3.973)
",-9999999.000,-9999999.000,0.000,0.000,1.000,0,0,0,20,20,0,0,20,0.0,0.0,0.0,0.0,0.0,1.0,-1
"F[1,2](Hgb <= 1.691 | Hct <= 25.325)
",-9999999.000,-9999999.000,0.000,0.000,1.000,0,0,0,20,20,0,0,20,0.0,0.0,0.0,0.0,0.0,1.0,-1
"((Potassium >= 0.059) U[0,0] (FiO2 <= 0.000))
",0.236,0.202,0.000,0.000,1.000,0,0,0,20,20,0,0,20,0.0,0.0,0.0,0.0,0.0,1.0,-1
"F[0,2]((PTT >= 0.000 & AST >= 0.030) & SepsisLabel <= 3.797)
",-9999999.000,-9999999.000,0.000,0.000,1.000,0,0,0,20,20,0,0,20,0.0,0.0,0.0,0.0,0.0,1.0,-1
"F[0,1](Creatinine >= 0.037 -> Resp >= 4.146)
",-9999999.000,-9999999.000,0.000,0.000,1.000,0,0,0,20,20,0,0,20,0.0,0.0,0.0,0.0,0.0,1.0,-1
"G[1,2](((HR >= 14.265 -> Resp <= 16.267) | SepsisLabel <= 20.238) -> HCO3 <= 18.039)
",9999999.000,9999999.000,0.000,1.000,0.000,0,0,20,0,0,20,20,0,0.0,0.0,1.0,0.0,0.0,1.0,1
"G[0,2]((Bilirubin_total <= 0.012 & DBP >= 50.935) -> TroponinI <= 97.368)
",9999999.000,9999999.000,0.000,1.000,0.000,0,0,20,0,0,20,20,0,0.0,0.0,1.0,0.0,0.0,1.0,1
"G[0,1](((O2Sat >= 55.045 | Resp <= 18.801) -> Lactate <= 15.698) -> Alkalinephos >= 5.473)
",9999999.000,9999999.000,0.000,1.000,0.000,0,0,0,20,20,0,0,20,0.0,0.0,0.0,0.0,0.0,1.0,1
"G[1,2]((Platelets >= 0.077 | Temp >= 2.581) & O2Sat >= 1.899)
",9999999.000,9999999.000,0.000,1.000,0.000,0,0,3,17,17,3,3,17,0.0,0.0,1.0,0.0,0.0,1.0,1
"G[0,2](Alkalinephos <= 2.935 -> Magnesium >= 0.021)
",9999999.000,9999999.000,0.000,1.000,0.000,0,0,0,20,20,0,0,20,0.0,0.0,0.0,0.0,0.0,1.0,1
"G[0,2](Alkalinephos >= 2.012 -> Phosphate <= 0.546)
",9999999.000,9999999.000,0.000,1.000,0.000,0,0,19,1,1,19,19,1,0.0,0.0,1.0,0.0,0.0,1.0,1
"G[0,2](((AST >= 0.209 & Phosphate <= 0.611) & PaCO2 <= 3.269) | Alkalinephos >= 0.100)
",9999999.000,9999999.000,0.000,1.000,0.000,0,0,0,20,20,0,0,20,0.0,0.0,0.0,0.0,0.0,1.0,1
"G[0,2](Bilirubin_total <= 0.125 | Calcium <= 6.542)
",9999999.000,9999999.000,0.000,1.000,0.000,0,0,19,1,1,19,19,1,0.0,0.0,1.0,0.0,0.0,1.0,1
"G[1,2]((Alkalinephos >= 1.700 & Calcium >= 0.227) -> Alkalinephos <= 2.586)
",9999999.000,9999999.000,0.000,1.000,0.000,0,0,20,0,0,20,20,0,0.0,0.0,1.0,0.0,0.0,1.0,1
"G[0,1](((BUN >= 0.382 -> Hct >= 1.500) & Chloride >= 0.895) & Bilirubin_total >= 2.366)
",9999999.000,9999999.000,0.000,1.000,0.000,0,0,0,20,20,0,0,20,0.0,0.0,0.0,0.0,0.0,1.0,1
"G[2,2](Creatinine >= 0.035 | Hgb <= 13.369)
",7526101483085265.000,13.369,0.000,1.000,0.000,0,0,20,0,0,20,20,0,0.0,0.0,1.0,0.0,0.0,1.0,1
"G[0,2](((Glucose <= 90.313 -> Platelets >= 10.497) & Lactate <= 16.521) | EtCO2 <= 143.381)
",9999999.000,9999999.000,0.000,1.000,0.000,0,0,20,0,0,20,20,0,0.0,0.0,1.0,0.0,0.0,1.0,1
"G[0,2](Phosphate <= 2.179 & Platelets >= 2.679)
",9999999.000,9999999.000,0.000,1.000,0.000,0,0,0,20,20,0,0,20,0.0,0.0,0.0,0.0,0.0,1.0,1
"G[0,2](((DBP <= 121.089 | SBP >= 104.189) -> Hgb <= 163.349) & pH >= 12.917)
",9999999.000,9999999.000,0.000,1.000,0.000,0,0,0,20,20,0,0,20,0.0,0.0,0.0,0.0,0.0,1.0,1
"G[1,2]((Potassium <= 1.437 | Temp >= 2.176) | Phosphate <= 15.787)
",9999999.000,9999999.000,0.000,1.000,0.000,0,0,20,0,0,20,20,0,0.0,0.0,1.0,0.0,0.0,1.0,1
"G[1,2](HR >= 12.140 & WBC <= 8.810)
",9999999.000,9999999.000,0.000,1.000,0.000,0,0,18,2,2,18,18,2,0.0,0.0,1.0,0.0,0.0,1.0,1
"G[0,2](Creatinine >= 0.016 | SBP >= 41.821)
",9999999.000,9999999.000,0.000,1.000,0.000,0,0,18,2,2,18,18,2,0.0,0.0,1.0,0.0,0.0,1.0,1
"G[0,2]((WBC >= 0.103 | Resp <= 16.224) -> HR <= 21.901)
",9999999.000,9999999.000,0.000,1.000,0.000,0,0,10,10,10,10,10,10,0.0,0.0,1.0,0.0,0.0,1.0,1
"G[0,2](Platelets >= 11.602 | BaseExcess <= 0.000)
",9999999.000,9999999.000,0.000,1.000,0.000,0,0,20,0,0,20,20,0,0.0,0.0,1.0,0.0,0.0,1.0,1
"G[2,2](PaCO2 <= 0.000 & PaCO2 <= 0.000)
",0.000,0.000,0.000,1.000,0.000,0,0,20,0,0,20,20,0,0.0,0.0,1.0,0.0,0.0,1.0,1
"G[1,2](Potassium >= 0.118 | SepsisLabel <= 0.000)
",9999999.000,9999999.000,0.000,1.000,0.000,0,0,20,0,0,20,20,0,0.0,0.0,1.0,0.0,0.0,1.0,1
"G[0,2](Hgb <= 10.447 -> Platelets <= 77.557)
",9999999.000,9999999.000,0.000,1.000,0.000,0,0,20,0,0,20,20,0,0.0,0.0,1.0,0.0,0.0,1.0,1
"G[1,2](((HCO3 <= 0.000 -> O2Sat <= 96.315) | Lactate >= 2.554) & Potassium <= 99.423)
",9999999.000,9999999.000,0.000,1.000,0.000,0,0,8,12,12,8,8,12,0.0,0.0,1.0,0.0,0.0,1.0,1
"G[0,1]((AST >= 0.168 & Resp >= 0.621) | DBP <= 19.615)
",9999999.000,9999999.000,0.000,1.000,0.000,0,0,0,20,20,0,0,20,0.0,0.0,0.0,0.0,0.0,1.0,1
"G[1,2](((Temp >= 3.744 | Hgb >= 0.999) | SaO2 <= 8.228) & Hct >= 0.057)
",9999999.000,9999999.000,0.000,1.000,0.000,0,0,2,18,18,2,2,18,0.0,0.0,1.0,0.0,0.0,1.0,1
"G[0,1](((Fibrinogen <= 0.000 & Platelets <= 143.688) & Temp <= 58.008) -> Glucose >= 4.326)
",9999999.000,9999999.000,0.000,1.000,0.000,0,0,0,20,20,0,0,20,0.0,0.0,0.0,0.0,0.0,1.0,1
"G[0,2](DBP <= 122.065 & Platelets >= 6.821)
",9999999.000,9999999.000,0.000,1.000,0.000,0,0,0,20,20,0,0,20,0.0,0.0,0.0,0.0,0.0,1.0,1
"G[1,2](Creatinine <= 0.538 | Temp >= 6.358)
",9999999.000,9999999.000,0.000,1.000,0.000,0,0,20,0,0,20,20,0,0.0,0.0,1.0,0.0,0.0,1.0,1
"G[2,2](((Resp <= 17.525 & Temp >= 5.397) & SaO2 >= 0.747) | Magnesium <= 33.258)
",33.258,33.258,0.000,1.000,0.000,0,0,20,0,0,20,20,0,0.0,0.0,1.0,0.0,0.0,1.0,1
"G[0,2]((Creatinine >= 0.027 | SBP <= 146.532) | PTT <= 164.660)
",9999999.000,9999999.000,0.000,1.000,0.000,0,0,20,0,0,20,20,0,0.0,0.0,1.0,0.0,0.0,1.0,1
"G[0,2]((Hgb >= 0.422 & WBC <= 9.952) -> Calcium >= 0.234)
",9999999.000,9999999.000,0.000,1.000,0.000,0,0,19,1,1,19,19,1,0.0,0.0,1.0,0.0,0.0,1.0,1
"G[1,2]((EtCO2 >= 0.000 & Creatinine <= 1.202) & Lactate <= 0.493)
",9999999.000,9999999.000,0.000,1.000,0.000,0,0,19,1,1,19,19,1,0.0,0.0,1.0,0.0,0.0,1.0,1
"G[0,1]((Bilirubin_total >= 0.006 -> SBP >= 88.386) -> HCO3 >= 101.328)
",9999999.000,9999999.000,0.000,1.000,0.000,0,0,0,20,20,0,0,20,0.0,0.0,0.0,0.0,0.0,1.0,1
"G[1,2](((Temp >= 4.540 | EtCO2 >= 0.000) & Magnesium >= 0.000) -> Creatinine >= 0.000)
",9999999.000,9999999.000,0.000,1.000,0.000,0,0,20,0,0,20,20,0,0.0,0.0,1.0,0.0,0.0,1.0,1
"G[2,2]((PTT <= 0.000 & HCO3 <= 0.000) -> Glucose <= 0.000)
",0.000,0.000,0.000,1.000,0.000,0,0,20,0,0,20,20,0,0.0,0.0,1.0,0.0,0.0,1.0,1
"G[0,2](((Glucose <= 23.077 -> Calcium <= 2.444) & PTT >= 0.261) -> BaseExcess >= 0.249)
",9999999.000,9999999.000,0.000,1.000,0.000,0,0,20,0,0,20,20,0,0.0,0.0,1.0,0.0,0.0,1.0,1
"G[0,1]((BUN >= 0.096 -> MAP <= 120.613) & Hgb >= 75.898)
",9999999.000,9999999.000,0.000,1.000,0.000,0,0,0,20,20,0,0,20,0.0,0.0,0.0,0.0,0.0,1.0,1
"G[0,2](((EtCO2 >= 0.000 & BaseExcess >= 0.000) & BaseExcess <= 0.000) | Bilirubin_direct >= 0.000)
",9999999.000,9999999.000,0.000,1.000,0.000,0,0,20,0,0,20,20,0,0.0,0.0,1.0,0.0,0.0,1.0,1
"G[2,2]((Potassium >= 0.145 -> Glucose >= 4.471) | Creatinine >= 3.621)
",5213196385168985.000,0.145,0.000,1.000,0.000,0,0,20,0,0,20,20,0,0.0,0.0,1.0,0.0,0.0,1.0,1
"G[1,2](((SepsisLabel >= 0.000 -> Temp >= 1.529) & Temp >= 1.311) & Lactate <= 29.916)
",9999999.000,9999999.000,0.000,1.000,0.000,0,0,3,17,17,3,3,17,0.0,0.0,1.0,0.0,0.0,1.0,1
"G[1,2]((Hct >= 3.298 -> pH >= 0.000) -> BaseExcess <= 0.000)
",9999999.000,9999999.000,0.000,1.000,0.000,0,0,20,0,0,20,20,0,0.0,0.0,1.0,0.0,0.0,1.0,1
"G[0,2](((TroponinI >= 0.000 -> Magnesium >= 0.059) | Bilirubin_total <= 1.315) & PaCO2 >= 0.024)
",9999999.000,9999999.000,0.000,1.000,0.000,0,0,0,20,20,0,0,20,0.0,0.0,0.0,0.0,0.0,1.0,1
"G[0,2](((FiO2 >= 0.000 | Platelets >= 3.850) -> HCO3 >= 5.690) & HR >= 3.825)
",9999999.000,9999999.000,0.000,1.000,0.000,0,0,0,20,20,0,0,20,0.0,0.0,0.0,0.0,0.0,1.0,1
"G[1,2](Chloride >= 0.000 & HCO3 >= 0.000)
",9999999.000,9999999.000,0.000,1.000,0.000,0,0,20,0,0,20,20,0,0.0,0.0,1.0,0.0,0.0,1.0,1
"G[2,2](((BUN <= 5.363 | Resp >= 7.552) & pH >= 2.185) & Phosphate >= 14.460)
",-8140522266112163.000,-14.460,0.000,1.000,0.000,0,0,20,0,0,20,20,0,0.0,0.0,1.0,0.0,0.0,1.0,1
"G[1,1]((BaseExcess >= 0.000 & Alkalinephos <= 15.289) & PTT >= 1.540)
",-1.540,-1.540,0.000,1.000,0.000,0,0,1,19,19,1,1,19,0.0,0.0,1.0,0.0,0.0,1.0,1
"G[1,2](Alkalinephos > 1.976 & SepsisLabel = 0.000)
",9999999.000,9999999.000,0.000,1.000,0.000,0,0,1,19,19,1,1,19,0.0,0.0,1.0,0.0,0.0,1.0,1
"G[0,2](Chloride >= 0.000 & HCO3 >= 0.000)
",9999999.000,9999999.000,0.000,1.000,0.000,0,0,20,0,0,20,20,0,0.0,0.0,1.0,0.0,0.0,1.0,1
"G[1,2](Platelets <= 154.768 -> WBC >= 0.206)
",9999999.000,9999999.000,0.000,1.000,0.000,0,0,2,18,18,2,2,18,0.0,0.0,1.0,0.0,0.0,1.0,1
"G[0,2](((Hgb <= 2.234 | Hct <= 29.844) -> WBC >= 0.484) & Platelets >= 9.224)
",9999999.000,9999999.000,0.000,1.000,0.000,0,0,0,20,20,0,0,20,0.0,0.0,0.0,0.0,0.0,1.0,1
"G[2,2](((Bilirubin_total <= 0.036 | O2Sat >= 0.839) & HCO3 >= 74.422) -> Bilirubin_direct <= 92.653)
",-6519840847432318.000,-92.653,0.000,1.000,0.000,0,0,20,0,0,20,20,0,0.0,0.0,1.0,0.0,0.0,1.0,1
"G[0,2]((Alkalinephos <= 42.681 -> DBP <= 115.524) | SaO2 >= 39.766)
",9999999.000,9999999.000,0.000,1.000,0.000,0,0,18,2,2,18,18,2,0.0,0.0,1.0,0.0,0.0,1.0,1
"G[0,2](HR <= 107.637 & Temp <= 16.738)
",9999999.000,9999999.000,0.000,1.000,0.000,0,0,7,13,13,7,7,13,0.0,0.0,1.0,0.0,0.0,1.0,1
"G[1,2](((Calcium <= 3.290 | O2Sat <= 99.713) | Alkalinephos <= 96.823) -> Temp >= 23.638)
",9999999.000,9999999.000,0.000,1.000,0.000,0,0,3,17,17,3,3,17,0.0,0.0,1.0,0.0,0.0,1.0,1
"G[0,2](((O2Sat <= 91.828 & Potassium >= 0.029) | Glucose <= 2.549) & Bilirubin_direct <= 2.535)
",9999999.000,9999999.000,0.000,1.000,0.000,0,0,18,2,2,18,18,2,0.0,0.0,1.0,0.0,0.0,1.0,1
"G[0,1](((O2Sat >= 82.349 -> WBC >= 0.675) | Calcium <= 2.668) & Creatinine >= 0.071)
",9999999.000,9999999.000,0.000,1.000,0.000,0,0,0,20,20,0,0,20,0.0,0.0,0.0,0.0,0.0,1.0,1
"G[2,2](((AST >= 0.177 | Resp <= 22.150) | AST <= 20.963) | DBP <= 21.266)
",22.150,22.150,0.000,1.000,0.000,0,0,20,0,0,20,20,0,0.0,0.0,1.0,0.0,0.0,1.0,1
"G[1,2](((MAP <= 125.947 & Temp >= 0.262) -> Hgb >= 0.335) & AST <= 7.529)
",9999999.000,9999999.000,0.000,1.000,0.000,0,0,19,1,1,19,19,1,0.0,0.0,1.0,0.0,0.0,1.0,1
"G[1,2](((BUN <= 4.861 | DBP <= 118.438) -> Lactate >= 37.950) | TroponinI <= 91.420)
",9999999.000,9999999.000,0.000,1.000,0.000,0,0,20,0,0,20,20,0,0.0,0.0,1.0,0.0,0.0,1.0,1
"G[0,2](((Magnesium >= 0.054 -> MAP >= 21.510) | Magnesium >= 48.210) | Resp <= 121.804)
",9999999.000,9999999.000,0.000,1.000,0.000,0,0,20,0,0,20,20,0,0.0,0.0,1.0,0.0,0.0,1.0,1
"G[0,2](Calcium >= 0.114 -> Phosphate <= 1.399)
",9999999.000,9999999.000,0.000,1.000,0.000,0,0,18,2,2,18,18,2,0.0,0.0,1.0,0.0,0.0,1.0,1
"G[0,2](((Hgb <= 11.101 | Hct <= 27.760) -> WBC >= 0.107) & Platelets >= 10.042)
",9999999.000,9999999.000,0.000,1.000,0.000,0,0,0,20,20,0,0,20,0.0,0.0,0.0,0.0,0.0,1.0,1
"G[0,1](Platelets <= 99.236 -> WBC >= 0.310)
",9999999.000,9999999.000,0.000,1.000,0.000,0,0,0,20,20,0,0,20,0.0,0.0,0.0,0.0,0.0,1.0,1
"G[2,2](Chloride >= 0.000 & HCO3 >= 0.000)
",0.000,0.000,0.000,1.000,0.000,0,0,20,0,0,20,20,0,0.0,0.0,1.0,0.0,0.0,1.0,1
"G[0,1](BUN <= 13.963 & Creatinine >= 0.025)
",9999999.000,9999999.000,0.000,1.000,0.000,0,0,0,20,20,0,0,20,0.0,0.0,0.0,0.0,0.0,1.0,1
"G[0,1](((Hgb <= 7.803 | Hct <= 16.051) -> WBC >= 0.138) & Platelets >= 10.992)
",9999999.000,9999999.000,0.000,1.000,0.000,0,0,0,20,20,0,0,20,0.0,0.0,0.0,0.0,0.0,1.0,1
"G[1,2](Chloride >= 0.000 & HCO3 >= 0.000)
",9999999.000,9999999.000,0.000,1.000,0.000,0,0,20,0,0,20,20,0,0.0,0.0,1.0,0.0,0.0,1.0,1
"G[0,1]((HR >= 1.148 | SBP >= 43.107) -> Calcium >= 105.978)
",9999999.000,9999999.000,0.000,1.000,0.000,0,0,0,20,20,0,0,20,0.0,0.0,0.0,0.0,0.0,1.0,1
"G[2,2](Platelets <= 115.342 -> WBC >= 0.562)
",-8116468627952916.000,-115.342,0.000,1.000,0.000,0,0,20,0,0,20,20,0,0.0,0.0,1.0,0.0,0.0,1.0,1
"G[0,1](BUN <= 3.613 & Creatinine >= 0.033)
",9999999.000,9999999.000,0.000,1.000,0.000,0,0,0,20,20,0,0,20,0.0,0.0,0.0,0.0,0.0,1.0,1
"G[1,2](Hgb <= 7.446 -> WBC >= 0.162)
",9999999.000,9999999.000,0.000,1.000,0.000,0,0,2,18,18,2,2,18,0.0,0.0,1.0,0.0,0.0,1.0,1
"G[2,2](Calcium >= 0.008 -> Magnesium >= 0.070)
",0.008,0.008,0.000,1.000,0.000,0,0,20,0,0,20,20,0,0.0,0.0,1.0,0.0,0.0,1.0,1
"G[1,2](((BUN <= 8.464 & Creatinine >= 0.004) -> WBC >= 0.005) -> O2Sat >= 0.016)
",9999999.000,9999999.000,0.000,1.000,0.000,0,0,19,1,1,19,19,1,0.0,0.0,1.0,0.0,0.0,1.0,1
"G[0,2](Hct >= 0.213 -> SepsisLabel = 0.000)
",9999999.000,9999999.000,0.000,1.000,0.000,0,0,20,0,0,20,20,0,0.0,0.0,1.0,0.0,0.0,1.0,1
"G[0,0](((MAP >= 9.188 | Phosphate <= 1.995) -> WBC >= 0.123) & HCO3 >= 0.147)
",-9.390,-122.997,0.000,1.000,0.000,0,0,0,20,20,0,0,20,0.0,0.0,0.0,0.0,0.0,1.0,1
"G[0,1](Temp >= 1.508 & SepsisLabel = 0.000)
",9999999.000,9999999.000,0.000,1.000,0.000,0,0,1,19,19,1,1,19,0.0,0.0,1.0,0.0,0.0,1.0,1
"G[0,1](Bilirubin_direct < 0.000 & SepsisLabel = 0.000)
",9999999.000,9999999.000,0.000,1.000,0.000,0,0,0,20,20,0,0,20,0.0,0.0,0.0,0.0,0.0,1.0,1
"G[0,2](Lactate >= 0.000 -> SepsisLabel = 0.000)
",9999999.000,9999999.000,0.000,1.000,0.000,0,0,20,0,0,20,20,0,0.0,0.0,1.0,0.0,0.0,1.0,1
"G[1,2](Potassium >= 0.190 & SepsisLabel = 0.000)
",9999999.000,9999999.000,0.000,1.000,0.000,0,0,2,18,18,2,2,18,0.0,0.0,1.0,0.0,0.0,1.0,1
"G[0,2](PaCO2 >= 0.000 & SepsisLabel = 0.000)
",9999999.000,9999999.000,0.000,1.000,0.000,0,0,20,0,0,20,20,0,0.0,0.0,1.0,0.0,0.0,1.0,1
"G[0,1](((Hgb <= 10.463 | Hct <= 8.477) -> WBC >= 0.001) & Platelets >= 2.649)
",9999999.000,9999999.000,0.000,1.000,0.000,0,0,0,20,20,0,0,20,0.0,0.0,0.0,0.0,0.0,1.0,1
"G[1,2](EtCO2 > 0.000 & SepsisLabel = 0.000)
",9999999.000,9999999.000,0.000,1.000,0.000,0,0,1,19,19,1,1,19,0.0,0.0,1.0,0.0,0.0,1.0,1
"G[0,2](Glucose >= 2.595 -> SepsisLabel = 0.000)
",9999999.000,9999999.000,0.000,1.000,0.000,0,0,20,0,0,20,20,0,0.0,0.0,1.0,0.0,0.0,1.0,1
"G[2,2](WBC >= 0.421 & SepsisLabel = 0.000)
",-7589997817394595.000,-0.421,0.000,1.000,0.000,0,0,20,0,0,20,20,0,0.0,0.0,1.0,0.0,0.0,1.0,1
"G[0,1](BUN <= 9.979 & Creatinine >= 0.015)
",9999999.000,9999999.000,0.000,1.000,0.000,0,0,0,20,20,0,0,20,0.0,0.0,0.0,0.0,0.0,1.0,1
"G[0,2](((Hgb <= 12.359 | Hct <= 25.080) -> WBC >= 0.448) & Platelets >= 7.175)
",9999999.000,9999999.000,0.000,1.000,0.000,0,0,0,20,20,0,0,20,0.0,0.0,0.0,0.0,0.0,1.0,1
"G[0,1](Platelets <= 27.400 -> WBC >= 0.314)
",9999999.000,9999999.000,0.000,1.000,0.000,0,0,0,20,20,0,0,20,0.0,0.0,0.0,0.0,0.0,1.0,1
"G[0,2](BUN <= 11.765 & Creatinine >= 0.008)
",9999999.000,9999999.000,0.000,1.000,0.000,0,0,0,20,20,0,0,20,0.0,0.0,0.0,0.0,0.0,1.0,1
"G[1,2](Chloride >= 0.000 & HCO3 >= 0.000)
",9999999.000,9999999.000,0.000,1.000,0.000,0,0,20,0,0,20,20,0,0.0,0.0,1.0,0.0,0.0,1.0,1
"G[0,2](Platelets <= 82.498 -> WBC >= 0.234)
",9999999.000,9999999.000,0.000,1.000,0.000,0,0,0,20,20,0,0,20,0.0,0.0,0.0,0.0,0.0,1.0,1
"G[1,2](((Hgb <= 3.060 | Hct <= 18.020) -> WBC >= 0.114) & Platelets >= 0.314)
",9999999.000,9999999.000,0.000,1.000,0.000,0,0,2,18,18,2,2,18,0.0,0.0,1.0,0.0,0.0,1.0,1
"G[0,1](Platelets <= 28.824 -> WBC >= 0.132)
",9999999.000,9999999.000,0.000,1.000,0.000,0,0,0,20,20,0,0,20,0.0,0.0,0.0,0.0,0.0,1.0,1
"G[1,2](((DBP <= 113.638 -> Glucose <= 85.859) | Platelets <= 76.246) | PTT <= 93.888)
",9999999.000,9999999.000,0.000,1.000,0.000,0,0,20,0,0,20,20,0,0.0,0.0,1.0,0.0,0.0,1.0,1
"G[1,2]((BUN >= 0.631 | HR <= 108.415) | BaseExcess <= 109.900)
",9999999.000,9999999.000,0.000,1.000,0.000,0,0,20,0,0,20,20,0,0.0,0.0,1.0,0.0,0.0,1.0,1
"G[0,2]((Hct <= 11.425 -> SBP <= 164.387) -> Potassium >= 45.132)
",9999999.000,9999999.000,0.000,1.000,0.000,0,0,0,20,20,0,0,20,0.0,0.0,0.0,0.0,0.0,1.0,1
"G[1,2](Creatinine <= 1.081 | HR >= 26.736)
",9999999.000,9999999.000,0.000,1.000,0.000,0,0,20,0,0,20,20,0,0.0,0.0,1.0,0.0,0.0,1.0,1
"G[1,2](((Calcium >= 0.229 -> HR <= 103.692) & FiO2 >= 61.319) & SBP >= 64.142)
",9999999.000,9999999.000,0.000,1.000,0.000,0,0,1,19,19,1,1,19,0.0,0.0,1.0,0.0,0.0,1.0,1
"G[0,2](Glucose >= 1.562 -> HR >= 82.420)
",9999999.000,9999999.000,0.000,1.000,0.000,0,0,20,0,0,20,20,0,0.0,0.0,1.0,0.0,0.0,1.0,1
"G[2,2]((DBP >= 59.592 & Potassium <= 2.197) -> Bilirubin_total <= 4.999)
",-5628628373612331.000,-4.999,0.000,1.000,0.000,0,0,20,0,0,20,20,0,0.0,0.0,1.0,0.0,0.0,1.0,1
"G[1,2](MAP >= 14.715 | Platelets >= 4.676)
",9999999.000,9999999.000,0.000,1.000,0.000,0,0,19,1,1,19,19,1,0.0,0.0,1.0,0.0,0.0,1.0,1
"G[1,2](((Potassium <= 3.392 -> Chloride >= 0.000) | SaO2 >= 0.000) -> pH >= 0.000)
",9999999.000,9999999.000,0.000,1.000,0.000,0,0,20,0,0,20,20,0,0.0,0.0,1.0,0.0,0.0,1.0,1
"G[0,2](((Creatinine >= 0.042 | WBC <= 6.570) -> Potassium >= 0.255) & SaO2 <= 3.076)
",9999999.000,9999999.000,0.000,1.000,0.000,0,0,0,20,20,0,0,20,0.0,0.0,0.0,0.0,0.0,1.0,1
"G[2,2](Phosphate >= 0.149 | Potassium <= 4.147)
",4668652043523398.000,4.147,0.000,1.000,0.000,0,0,20,0,0,20,20,0,0.0,0.0,1.0,0.0,0.0,1.0,1
"G[0,2](BUN <= 3.334 & Creatinine >= 0.005)
",9999999.000,9999999.000,0.000,1.000,0.000,0,0,0,20,20,0,0,20,0.0,0.0,0.0,0.0,0.0,1.0,1
"G[1,2](((Hgb <= 3.682 | Hct <= 42.341) -> WBC >= 0.461) & Platelets >= 3.108)
",9999999.000,9999999.000,0.000,1.000,0.000,0,0,2,18,18,2,2,18,0.0,0.0,1.0,0.0,0.0,1.0,1
"G[0,2](Platelets <= 106.957 -> WBC >= 0.483)
",9999999.000,9999999.000,0.000,1.000,0.000,0,0,0,20,20,0,0,20,0.0,0.0,0.0,0.0,0.0,1.0,1
"G[0,2](Chloride >= 0.000 & HCO3 >= 0.000)
",9999999.000,9999999.000,0.000,1.000,0.000,0,0,20,0,0,20,20,0,0.0,0.0,1.0,0.0,0.0,1.0,1
"G[0,2](BUN <= 11.234 & Creatinine >= 0.005)
",9999999.000,9999999.000,0.000,1.000,0.000,0,0,0,20,20,0,0,20,0.0,0.0,0.0,0.0,0.0,1.0,1
"G[0,2](Platelets <= 76.209 -> WBC >= 0.470)
",9999999.000,9999999.000,0.000,1.000,0.000,0,0,0,20,20,0,0,20,0.0,0.0,0.0,0.0,0.0,1.0,1
"G[2,2](Chloride >= 0.000 & HCO3 >= 0.000)
",0.000,0.000,0.000,1.000,0.000,0,0,20,0,0,20,20,0,0.0,0.0,1.0,0.0,0.0,1.0,1
"G[1,2](((Hgb <= 8.455 | Hct <= 39.866) -> WBC >= 0.436) & Platelets >= 9.326)
",9999999.000,9999999.000,0.000,1.000,0.000,0,0,2,18,18,2,2,18,0.0,0.0,1.0,0.0,0.0,1.0,1
"G[2,2](Platelets <= 34.250 -> WBC >= 0.116)
",-4820230572592074.000,-34.250,0.000,1.000,0.000,0,0,20,0,0,20,20,0,0.0,0.0,1.0,0.0,0.0,1.0,1
"G[0,2](BUN <= 9.810 & Creatinine >= 0.039)
",9999999.000,9999999.000,0.000,1.000,0.000,0,0,0,20,20,0,0,20,0.0,0.0,0.0,0.0,0.0,1.0,1
"G[1,2](Chloride >= 0.000 & HCO3 >= 0.000)
",9999999.000,9999999.000,0.000,1.000,0.000,0,0,20,0,0,20,20,0,0.0,0.0,1.0,0.0,0.0,1.0,1
"G[0,1](Platelets <= 27.968 -> WBC >= 0.513)
",9999999.000,9999999.000,0.000,1.000,0.000,0,0,0,20,20,0,0,20,0.0,0.0,0.0,0.0,0.0,1.0,1
"G[1,2](BUN <= 3.071 & Creatinine >= 0.033)
",9999999.000,9999999.000,0.000,1.000,0.000,0,0,1,19,19,1,1,19,0.0,0.0,1.0,0.0,0.0,1.0,1
"G[2,2](((Hct >= 0.886 -> SBP <= 165.373) | Calcium <= 136.573) -> HR >= 46.030)
",-4805236634450169.000,-136.573,0.000,1.000,0.000,0,0,20,0,0,20,20,0,0.0,0.0,1.0,0.0,0.0,1.0,1
"G[0,2]((BUN >= 0.403 | Phosphate <= 0.760) | Hgb >= 0.091)
",9999999.000,9999999.000,0.000,1.000,0.000,0,0,20,0,0,20,20,0,0.0,0.0,1.0,0.0,0.0,1.0,1
"F[0,1](DBP >= 4.643 & BaseExcess <= 0.000)
",-9999999.000,-9999999.000,0.000,0.000,1.000,0,0,0,20,20,0,0,20,0.0,0.0,0.0,0.0,0.0,1.0,-1
"F[0,1](((Platelets >= 6.829 | pH <= 0.000) | Resp >= 0.000) & SaO2 <= 0.000)
",-9999999.000,-9999999.000,0.000,0.000,1.000,0,0,0,20,20,0,0,20,0.0,0.0,0.0,0.0,0.0,1.0,-1
"F[1,1](SaO2 <= 0.000 -> SepsisLabel >= 0.000)
",0.000,0.000,0.000,0.000,1.000,0,0,0,20,20,0,0,20,0.0,0.0,0.0,0.0,0.0,1.0,-1
"F[0,1]((PTT <= 0.000 | TroponinI >= 0.000) -> HCO3 >= 0.000)
",-9999999.000,-9999999.000,0.000,0.000,1.000,0,0,0,20,20,0,0,20,0.0,0.0,0.0,0.0,0.0,1.0,-1
"((Fibrinogen <= 0.000) U[0,1] (DBP <= 110.744))
",-9999999.000,-9999999.000,0.000,0.000,1.000,0,0,0,20,20,0,0,20,0.0,0.0,0.0,0.0,0.0,1.0,-1
"((DBP >= 9.890) U[0,1] (Creatinine <= 0.851))
",-9999999.000,-9999999.000,0.000,0.000,1.000,0,0,0,20,20,0,0,20,0.0,0.0,0.0,0.0,0.0,1.0,-1
"F[0,2](((Hgb >= 0.109 -> SepsisLabel >= 0.000) | SBP <= 0.000) | PTT <= 0.000)
",-9999999.000,-9999999.000,0.000,0.000,1.000,0,0,0,20,20,0,0,20,0.0,0.0,0.0,0.0,0.0,1.0,-1
"F[0,2]((Bilirubin_total <= 0.152 & Chloride <= 0.000) -> Potassium >= 0.000)
",-9999999.000,-9999999.000,0.000,0.000,1.000,0,0,0,20,20,0,0,20,0.0,0.0,0.0,0.0,0.0,1.0,-1
"F[1,2](((Alkalinephos <= 46.710 & MAP >= 46.179) & Chloride <= 106.020) & DBP >= 25.228)
",-9999999.000,-9999999.000,0.000,0.000,1.000,0,0,0,20,20,0,0,20,0.0,0.0,0.0,0.0,0.0,1.0,-1
"F[0,1]((Potassium <= 4.911 & Platelets <= 168.521) | FiO2 <= 32.226)
",-9999999.000,-9999999.000,0.000,0.000,1.000,0,0,0,20,20,0,0,20,0.0,0.0,0.0,0.0,0.0,1.0,-1
"F[1,2]((TroponinI <= 0.000 -> BUN <= 13.904) & BUN >= 0.508)
",-9999999.000,-9999999.000,0.000,0.000,1.000,0,0,0,20,20,0,0,20,0.0,0.0,0.0,0.0,0.0,1.0,-1
"F[0,1](Bilirubin_direct <= 0.000 | Phosphate <= 3.787)
",-9999999.000,-9999999.000,0.000,0.000,1.000,0,0,0,20,20,0,0,20,0.0,0.0,0.0,0.0,0.0,1.0,-1
"F[1,2](Resp <= 19.403 -> Magnesium >= 0.027)
",-9999999.000,-9999999.000,0.000,0.000,1.000,0,0,0,20,20,0,0,20,0.0,0.0,0.0,0.0,0.0,1.0,-1
"F[0,1](((HCO3 <= 0.000 & Fibrinogen <= 0.000) | Phosphate <= 0.000) | Potassium <= 0.000)
",-9999999.000,-9999999.000,0.000,0.000,1.000,0,0,0,20,20,0,0,20,0.0,0.0,0.0,0.0,0.0,1.0,-1
"F[2,2]((Creatinine <= 0.575 & EtCO2 >= 0.000) | Lactate >= 0.000)
",0.000,0.000,0.000,0.000,1.000,0,0,0,20,20,0,0,20,0.0,0.0,0.0,0.0,0.0,1.0,-1
"F[0,1](((HCO3 >= 0.000 | MAP <= 111.202) -> Hgb <= 90.336) & Temp <= 92.994)
",-9999999.000,-9999999.000,0.000,0.000,1.000,0,0,0,20,20,0,0,20,0.0,0.0,0.0,0.0,0.0,1.0,-1
"((SepsisLabel <= 0.000) U[0,1] (PaCO2 >= 0.000))
",-9999999.000,-9999999.000,0.000,0.000,1.000,0,0,0,20,20,0,0,20,0.0,0.0,0.0,0.0,0.0,1.0,-1
"F[0,1](((PTT <= 0.000 | Lactate <= 0.000) & Creatinine >= 0.000) | TroponinI >= 0.000)
",-9999999.000,-9999999.000,0.000,0.000,1.000,0,0,0,20,20,0,0,20,0.0,0.0,0.0,0.0,0.0,1.0,-1
"F[1,2]((Lactate >= 0.000 & Bilirubin_direct <= 0.000) | HCO3 <= 0.000)
",-9999999.000,-9999999.000,0.000,0.000,1.000,0,0,0,20,20,0,0,20,0.0,0.0,0.0,0.0,0.0,1.0,-1
"F[0,1]((Hct >= 3.109 | SBP >= 9.753) & PTT <= 151.731)
",-9999999.000,-9999999.000,0.000,0.000,1.000,0,0,0,20,20,0,0,20,0.0,0.0,0.0,0.0,0.0,1.0,-1
"((BUN >= 0.528) U[0,0] (TroponinI <= 0.000))
",0.236,0.551,0.000,0.000,1.000,0,0,0,20,20,0,0,20,0.0,0.0,0.0,0.0,0.0,1.0,-1
"F[0,2]((Calcium >= 0.299 & Phosphate >= 0.008) -> HCO3 <= 2.429)
",-9999999.000,-9999999.000,0.000,0.000,1.000,0,0,0,20,20,0,0,20,0.0,0.0,0.0,0.0,0.0,1.0,-1
"((Magnesium <= 1.859) U[0,1] (MAP >= 20.220))
",-9999999.000,-9999999.000,0.000,0.000,1.000,0,0,0,20,20,0,0,20,0.0,0.0,0.0,0.0,0.0,1.0,-1
"F[0,2](((Platelets >= 9.807 | TroponinI >= 0.000) | PaCO2 <= 0.000) -> Chloride <= 0.000)
",-9999999.000,-9999999.000,0.000,0.000,1.000,0,0,0,20,20,0,0,20,0.0,0.0,0.0,0.0,0.0,1.0,-1
"F[2,2](((SBP >= 45.189 | WBC >= 0.425) & FiO2 <= 2.814) | Lactate >= 0.237)
",-8540456280470301.000,-0.237,0.000,0.000,1.000,0,0,0,20,20,0,0,20,0.0,0.0,0.0,0.0,0.0,1.0,-1
"F[2,2](BUN >= 0.360 & HCO3 <= 0.000)
",-0.360,-0.360,0.000,0.000,1.000,0,0,0,20,20,0,0,20,0.0,0.0,0.0,0.0,0.0,1.0,-1
"((HCO3 <= 0.000) U[1,2] (EtCO2 >= 0.000))
",-9999999.000,-9999999.000,0.000,0.000,1.000,0,0,0,20,20,0,0,20,0.0,0.0,0.0,0.0,0.0,1.0,-1
"F[1,2](((Resp >= 5.383 | Chloride <= 0.000) -> MAP <= 0.000) | Lactate >= 0.000)
",-9999999.000,-9999999.000,0.000,0.000,1.000,0,0,0,20,20,0,0,20,0.0,0.0,0.0,0.0,0.0,1.0,-1
"F[1,2](Alkalinephos <= 24.834 | Chloride <= 0.000)
",-9999999.000,-9999999.000,0.000,0.000,1.000,0,0,0,20,20,0,0,20,0.0,0.0,0.0,0.0,0.0,1.0,-1
"F[0,1](SBP <= 164.992 -> Bilirubin_direct >= 0.000)
",-9999999.000,-9999999.000,0.000,0.000,1.000,0,0,0,20,20,0,0,20,0.0,0.0,0.0,0.0,0.0,1.0,-1
"G[2,2](((DBP >= 20.540 & Hct <= 28.184) | Chloride <= 27.945) | WBC <= 42.978)
",42.978,42.978,0.000,1.000,0.000,0,0,20,0,0,20,20,0,0.0,0.0,1.0,0.0,0.0,1.0,1
"F[2,2]((SaO2 <= 0.000 | SepsisLabel <= 0.000) | Hgb <= 0.000)
",0.000,0.000,0.000,0.000,1.000,0,0,0,20,20,0,0,20,0.0,0.0,0.0,0.0,0.0,1.0,-1
"((FiO2 >= 0.000) U[1,2] (Alkalinephos <= 39.145))
",-9999999.000,-9999999.000,0.000,0.000,1.000,0,0,0,20,20,0,0,20,0.0,0.0,0.0,0.0,0.0,1.0,-1
"F[0,1]((BUN <= 8.725 & MAP <= 119.344) | Glucose >= 54.666)
",-9999999.000,-9999999.000,0.000,0.000,1.000,0,0,0,20,20,0,0,20,0.0,0.0,0.0,0.0,0.0,1.0,-1
"G[1,2](Chloride >= 0.000 & HCO3 >= 0.000)
",9999999.000,9999999.000,0.000,1.000,0.000,0,0,20,0,0,20,20,0,0.0,0.0,1.0,0.0,0.0,1.0,1
"F[0,1](((SepsisLabel <= 0.000 & BaseExcess <= 0.000) -> BaseExcess <= 0.000) -> Creatinine >= 0.000)
",-9999999.000,-9999999.000,0.000,0.000,1.000,0,0,0,20,20,0,0,20,0.0,0.0,0.0,0.0,0.0,1.0,-1
"F[2,2](((SepsisLabel >= 0.000 & EtCO2 <= 0.000) -> PTT <= 0.000) | PTT >= 0.000)
",0.000,0.000,0.000,0.000,1.000,0,0,0,20,20,0,0,20,0.0,0.0,0.0,0.0,0.0,1.0,-1
"F[0,2](PaCO2 <= 0.000 -> Hgb >= 1.106)
",-9999999.000,-9999999.000,0.000,0.000,1.000,0,0,0,20,20,0,0,20,0.0,0.0,0.0,0.0,0.0,1.0,-1
"F[0,1](Phosphate <= 0.355 | Calcium <= 6.603)
",-9999999.000,-9999999.000,0.000,0.000,1.000,0,0,0,20,20,0,0,20,0.0,0.0,0.0,0.0,0.0,1.0,-1
"F[0,2]((Glucose >= 0.335 | HR >= 87.970) & HR >= 66.810)
",-9999999.000,-9999999.000,0.000,0.000,1.000,0,0,0,20,20,0,0,20,0.0,0.0,0.0,0.0,0.0,1.0,-1
"F[0,0](O2Sat <= 97.633 | Fibrinogen >= 0.000)
",0.430,1.233,0.000,0.000,1.000,0,0,0,20,20,0,0,20,0.0,0.0,0.0,0.0,0.0,1.0,-1
"F[0,1]((AST <= 2.596 -> FiO2 <= 0.000) & FiO2 <= 0.000)
",-9999999.000,-9999999.000,0.000,0.000,1.000,0,0,0,20,20,0,0,20,0.0,0.0,0.0,0.0,0.0,1.0,-1
"F[0,2](((MAP <= 108.737 & Creatinine >= 0.059) & Fibrinogen <= 0.870) & Alkalinephos >= 0.037)
",-9999999.000,-9999999.000,0.000,0.000,1.000,0,0,0,20,20,0,0,20,0.0,0.0,0.0,0.0,0.0,1.0,-1
"F[2,2](((MAP <= 98.462 & Platelets <= 52.870) & Bilirubin_total >= 10.655) | TroponinI <= 73.861)
",5197530426421669.000,73.861,0.000,0.000,1.000,0,0,0,20,20,0,0,20,0.0,0.0,0.0,0.0,0.0,1.0,-1
"F[1,2]((PaCO2 >= 0.000 | HCO3 <= 0.000) -> Calcium <= 0.000)
",-9999999.000,-9999999.000,0.000,0.000,1.000,0,0,0,20,20,0,0,20,0.0,0.0,0.0,0.0,0.0,1.0,-1
"F[1,2]((PaCO2 >= 0.000 -> Creatinine <= 0.362) -> DBP <= 1.003)
",-9999999.000,-9999999.000,0.000,0.000,1.000,0,0,0,20,20,0,0,20,0.0,0.0,0.0,0.0,0.0,1.0,-1
"((Potassium <= 3.443) U[0,2] (Chloride >= 0.000))
",-9999999.000,-9999999.000,0.000,0.000,1.000,0,0,0,20,20,0,0,20,0.0,0.0,0.0,0.0,0.0,1.0,-1
"F[0,1](Hgb >= 0.989 -> O2Sat <= 94.454)
",-9999999.000,-9999999.000,0.000,0.000,1.000,0,0,0,20,20,0,0,20,0.0,0.0,0.0,0.0,0.0,1.0,-1
"((BaseExcess <= 0.000) U[1,2] (Hct >= 1.812))
",-9999999.000,-9999999.000,0.000,0.000,1.000,0,0,0,20,20,0,0,20,0.0,0.0,0.0,0.0,0.0,1.0,-1
"F[0,1]((Creatinine <= 0.628 -> Phosphate <= 0.702) | Bilirubin_total >= 0.196)
",-9999999.000,-9999999.000,0.000,0.000,1.000,0,0,0,20,20,0,0,20,0.0,0.0,0.0,0.0,0.0,1.0,-1
"F[0,2]((BaseExcess >= 0.000 | WBC <= 1.042) -> Platelets >= 0.213)
",-9999999.000,-9999999.000,0.000,0.000,1.000,0,0,0,20,20,0,0,20,0.0,0.0,0.0,0.0,0.0,1.0,-1
"((Fibrinogen <= 0.000) U[0,1] (FiO2 <= 0.000))
",-9999999.000,-9999999.000,0.000,0.000,1.000,0,0,0,20,20,0,0,20,0.0,0.0,0.0,0.0,0.0,1.0,-1
"F[1,2]((WBC >= 0.171 & BaseExcess <= 0.000) -> Creatinine >= 0.000)
",-9999999.000,-9999999.000,0.000,0.000,1.000,0,0,0,20,20,0,0,20,0.0,0.0,0.0,0.0,0.0,1.0,-1
"F[0,2](((PTT <= 0.000 & MAP <= 90.660) & AST <= 122.157) -> Glucose >= 13.821)
",-9999999.000,-9999999.000,0.000,0.000,1.000,0,0,0,20,20,0,0,20,0.0,0.0,0.0,0.0,0.0,1.0,-1
"F[2,2](((HR <= 111.912 -> SBP >= 0.342) -> Phosphate <= 164.776) & Resp >= 82.889)
",-5797524598953579.000,-164.776,0.000,0.000,1.000,0,0,0,20,20,0,0,20,0.0,0.0,0.0,0.0,0.0,1.0,-1
"F[0,2](BUN >= 0.115 & AST >= 0.222)
",-9999999.000,-9999999.000,0.000,0.000,1.000,0,0,0,20,20,0,0,20,0.0,0.0,0.0,0.0,0.0,1.0,-1
"F[2,2](((HCO3 <= 0.000 & WBC <= 6.887) -> Hct >= 0.117) -> Calcium <= 2.733)
",-6154154050194366.000,-2.733,0.000,0.000,1.000,0,0,0,20,20,0,0,20,0.0,0.0,0.0,0.0,0.0,1.0,-1
"F[1,2](((Bilirubin_total <= 0.145 & HCO3 >= 0.000) | BaseExcess >= 0.000) -> Bilirubin_direct >= 0.000)
",-9999999.000,-9999999.000,0.000,0.000,1.000,0,0,0,20,20,0,0,20,0.0,0.0,0.0,0.0,0.0,1.0,-1
"F[0,2](((Bilirubin_total >= 0.002 | Phosphate >= 0.022) | O2Sat <= 0.595) -> HCO3 <= 3.155)
",-9999999.000,-9999999.000,0.000,0.000,1.000,0,0,0,20,20,0,0,20,0.0,0.0,0.0,0.0,0.0,1.0,-1
"F[0,1](Phosphate >= 0.141 | SepsisLabel >= 0.000)
",-9999999.000,-9999999.000,0.000,0.000,1.000,0,0,0,20,20,0,0,20,0.0,0.0,0.0,0.0,0.0,1.0,-1
"((Magnesium <= 0.256) U[0,1] (Magnesium <= 0.495))
",-9999999.000,-9999999.000,0.000,0.000,1.000,0,0,0,20,20,0,0,20,0.0,0.0,0.0,0.0,0.0,1.0,-1
"G[0,1](Creatinine >= 0.042 & AST >= 0.061)
",9999999.000,9999999.000,0.000,1.000,0.000,0,0,0,20,20,0,0,20,0.0,0.0,0.0,0.0,0.0,1.0,1
"G[1,2](((Bilirubin_total >= 0.009 & Glucose >= 4.683) & PaCO2 <= 72.389) | EtCO2 >= 1.057)
",9999999.000,9999999.000,0.000,1.000,0.000,0,0,1,19,19,1,1,19,0.0,0.0,1.0,0.0,0.0,1.0,1
"G[0,2](((Hct <= 36.306 -> Temp >= 4.280) | Fibrinogen <= 15.087) | Lactate <= 28.658)
",9999999.000,9999999.000,0.000,1.000,0.000,0,0,20,0,0,20,20,0,0.0,0.0,1.0,0.0,0.0,1.0,1
"G[0,0]((Bilirubin_total >= 0.006 | O2Sat >= 60.764) & FiO2 >= 48.209)
",-6784867923554818.000,-48.209,0.000,1.000,0.000,0,0,0,20,20,0,0,20,0.0,0.0,0.0,0.0,0.0,1.0,1
"G[1,2](((Temp >= 0.745 -> Alkalinephos <= 47.199) & Magnesium <= 69.242) & AST <= 28.187)
",9999999.000,9999999.000,0.000,1.000,0.000,0,0,20,0,0,20,20,0,0.0,0.0,1.0,0.0,0.0,1.0,1
"G[2,2](((Lactate >= 0.000 & Bilirubin_direct >= 0.000) & FiO2 >= 0.000) & WBC >= 0.000)
",0.000,0.000,0.000,1.000,0.000,0,0,20,0,0,20,20,0,0.0,0.0,1.0,0.0,0.0,1.0,1
"G[0,2]((pH <= 0.000 & Calcium >= 0.092) | Potassium >= 0.354)
",9999999.000,9999999.000,0.000,1.000,0.000,0,0,0,20,20,0,0,20,0.0,0.0,0.0,0.0,0.0,1.0,1
"G[2,2]((SaO2 >= 0.000 -> TroponinI >= 0.000) -> Bilirubin_total <= 0.000)
",0.000,0.000,0.000,1.000,0.000,0,0,20,0,0,20,20,0,0.0,0.0,1.0,0.0,0.0,1.0,1
"G[2,2]((EtCO2 >= 0.000 -> Bilirubin_total <= 0.064) & Lactate <= 0.240)
",-0.064,-0.064,0.000,1.000,0.000,0,0,20,0,0,20,20,0,0.0,0.0,1.0,0.0,0.0,1.0,1
"G[1,2]((AST >= 0.025 | Phosphate >= 0.086) | Temp <= 3.754)
",9999999.000,9999999.000,0.000,1.000,0.000,0,0,19,1,1,19,19,1,0.0,0.0,1.0,0.0,0.0,1.0,1
"G[2,2](((EtCO2 >= 0.000 & Platelets >= 9.010) -> MAP <= 15.667) -> WBC <= 58.840)
",-58.840,-58.840,0.000,1.000,0.000,0,0,20,0,0,20,20,0,0.0,0.0,1.0,0.0,0.0,1.0,1
"G[0,2]((pH <= 0.000 -> Magnesium <= 0.712) & Alkalinephos >= 0.067)
",9999999.000,9999999.000,0.000,1.000,0.000,0,0,0,20,20,0,0,20,0.0,0.0,0.0,0.0,0.0,1.0,1
"G[1,2]((Fibrinogen <= 0.000 & SBP >= 49.634) | BUN <= 152.747)
",9999999.000,9999999.000,0.000,1.000,0.000,0,0,20,0,0,20,20,0,0.0,0.0,1.0,0.0,0.0,1.0,1
"G[2,2]((Temp >= 2.037 | AST <= 2.947) -> Resp >= 0.202)
",-6635550820013564.000,-2.947,0.000,1.000,0.000,0,0,20,0,0,20,20,0,0.0,0.0,1.0,0.0,0.0,1.0,1
"F[0,1](Hgb <= 10.453 | Hct <= 24.888)
",-9999999.000,-9999999.000,0.000,0.000,1.000,0,0,0,20,20,0,0,20,0.0,0.0,0.0,0.0,0.0,1.0,-1
"G[0,2](Temp >= 1.068 -> DBP >= 31.748)
",9999999.000,9999999.000,0.000,1.000,0.000,0,0,20,0,0,20,20,0,0.0,0.0,1.0,0.0,0.0,1.0,1
"G[0,2](((Temp >= 3.165 | BaseExcess >= 0.000) -> DBP >= 0.000) -> Calcium >= 0.000)
",9999999.000,9999999.000,0.000,1.000,0.000,0,0,20,0,0,20,20,0,0.0,0.0,1.0,0.0,0.0,1.0,1
"G[0,2](BUN >= 0.065 & SBP <= 166.200)
",9999999.000,9999999.000,0.000,1.000,0.000,0,0,0,20,20,0,0,20,0.0,0.0,0.0,0.0,0.0,1.0,1
"G[1,2](((Creatinine <= 0.213 -> HR >= 6.094) & Hgb >= 14.691) & Bilirubin_total <= 105.747)
",9999999.000,9999999.000,0.000,1.000,0.000,0,0,2,18,18,2,2,18,0.0,0.0,1.0,0.0,0.0,1.0,1
"G[1,2]((Chloride <= 0.000 & Temp <= 25.288) -> Calcium <= 21.717)
",9999999.000,9999999.000,0.000,1.000,0.000,0,0,20,0,0,20,20,0,0.0,0.0,1.0,0.0,0.0,1.0,1
"G[2,2](Alkalinephos >= 0.171 -> Creatinine >= 0.049)
",0.049,0.049,0.000,1.000,0.000,0,0,20,0,0,20,20,0,0.0,0.0,1.0,0.0,0.0,1.0,1
"G[0,2](TroponinI <= 0.000 | PaCO2 >= 0.000)
",9999999.000,9999999.000,0.000,1.000,0.000,0,0,20,0,0,20,20,0,0.0,0.0,1.0,0.0,0.0,1.0,1
"G[2,2](((SepsisLabel >= 0.000 & FiO2 >= 0.000) & Bilirubin_direct <= 0.000) | HCO3 >= 0.000)
",0.000,0.000,0.000,1.000,0.000,0,0,20,0,0,20,20,0,0.0,0.0,1.0,0.0,0.0,1.0,1
"G[1,2]((Bilirubin_direct <= 0.000 & Bilirubin_direct >= 0.000) & HCO3 <= 0.000)
",9999999.000,9999999.000,0.000,1.000,0.000,0,0,20,0,0,20,20,0,0.0,0.0,1.0,0.0,0.0,1.0,1
"G[0,2]((Potassium <= 2.269 | BUN >= 0.439) -> Platelets >= 0.362)
",9999999.000,9999999.000,0.000,1.000,0.000,0,0,0,20,20,0,0,20,0.0,0.0,0.0,0.0,0.0,1.0,1
"G[0,2](((Fibrinogen <= 0.000 -> BaseExcess >= 0.000) & BUN <= 0.000) | Potassium >= 0.000)
",9999999.000,9999999.000,0.000,1.000,0.000,0,0,20,0,0,20,20,0,0.0,0.0,1.0,0.0,0.0,1.0,1
"G[0,2]((Alkalinephos >= 0.469 & SepsisLabel <= 0.000) & Creatinine <= 0.000)
",9999999.000,9999999.000,0.000,1.000,0.000,0,0,0,20,20,0,0,20,0.0,0.0,0.0,0.0,0.0,1.0,1
"G[0,2]((PaCO2 <= 0.000 & Magnesium >= 0.086) | MAP <= 0.364)
",9999999.000,9999999.000,0.000,1.000,0.000,0,0,0,20,20,0,0,20,0.0,0.0,0.0,0.0,0.0,1.0,1
"G[2,2](((Temp <= 7.739 -> AST >= 0.225) | Glucose >= 0.062) & Hgb >= 0.106)
",-0.106,-0.106,0.000,1.000,0.000,0,0,20,0,0,20,20,0,0.0,0.0,1.0,0.0,0.0,1.0,1
"G[0,2](Bilirubin_direct <= 0.000 & EtCO2 >= 0.000)
",9999999.000,9999999.000,0.000,1.000,0.000,0,0,20,0,0,20,20,0,0.0,0.0,1.0,0.0,0.0,1.0,1
"G[1,2](((WBC >= 0.571 -> Hgb >= 0.671) | EtCO2 <= 4.560) & Platelets <= 8.472)
",9999999.000,9999999.000,0.000,1.000,0.000,0,0,19,1,1,19,19,1,0.0,0.0,1.0,0.0,0.0,1.0,1
"G[2,2]((Alkalinephos <= 3.007 -> SaO2 <= 0.000) | DBP >= 0.000)
",0.000,0.000,0.000,1.000,0.000,0,0,20,0,0,20,20,0,0.0,0.0,1.0,0.0,0.0,1.0,1
"G[0,1]((Alkalinephos <= 54.451 & pH >= 0.000) -> O2Sat <= 0.000)
",9999999.000,9999999.000,0.000,1.000,0.000,0,0,0,20,20,0,0,20,0.0,0.0,0.0,0.0,0.0,1.0,1
"G[1,2](Hct <= 8.023 -> Potassium >= 0.002)
",9999999.000,9999999.000,0.000,1.000,0.000,0,0,2,18,18,2,2,18,0.0,0.0,1.0,0.0,0.0,1.0,1
"G[1,2](PTT >= 0.000 -> BaseExcess >= 0.000)
",9999999.000,9999999.000,0.000,1.000,0.000,0,0,20,0,0,20,20,0,0.0,0.0,1.0,0.0,0.0,1.0,1
"G[1,2](EtCO2 >= 0.000 -> Chloride >= 0.000)
",9999999.000,9999999.000,0.000,1.000,0.000,0,0,20,0,0,20,20,0,0.0,0.0,1.0,0.0,0.0,1.0,1
"G[0,2](((SepsisLabel <= 0.000 & BaseExcess <= 0.000) & EtCO2 <= 0.000) -> SBP >= 0.000)
",9999999.000,9999999.000,0.000,1.000,0.000,0,0,20,0,0,20,20,0,0.0,0.0,1.0,0.0,0.0,1.0,1
"G[1,2](BaseExcess <= 0.000 -> Phosphate >= 0.073)
",9999999.000,9999999.000,0.000,1.000,0.000,0,0,2,18,18,2,2,18,0.0,0.0,1.0,0.0,0.0,1.0,1
"G[1,2](((Glucose >= 3.272 | SBP <= 128.959) -> FiO2 >= 122.356) | SaO2 >= 96.690)
",9999999.000,9999999.000,0.000,1.000,0.000,0,0,11,9,9,11,11,9,0.0,0.0,1.0,0.0,0.0,1.0,1
"G[1,2](Hgb >= 0.827 -> Fibrinogen <= 0.000)
",9999999.000,9999999.000,0.000,1.000,0.000,0,0,20,0,0,20,20,0,0.0,0.0,1.0,0.0,0.0,1.0,1
"G[1,2](((HR >= 73.243 & Chloride >= 0.000) | Lactate >= 0.000) & WBC >= 0.000)
",9999999.000,9999999.000,0.000,1.000,0.000,0,0,20,0,0,20,20,0,0.0,0.0,1.0,0.0,0.0,1.0,1
"G[0,2](((BUN >= 0.245 & Hct <= 37.924) | Resp >= 0.223) | Calcium <= 34.137)
",9999999.000,9999999.000,0.000,1.000,0.000,0,0,20,0,0,20,20,0,0.0,0.0,1.0,0.0,0.0,1.0,1
"G[0,2]((Platelets <= 44.946 & Fibrinogen >= 0.000) | Lactate >= 0.000)
",9999999.000,9999999.000,0.000,1.000,0.000,0,0,20,0,0,20,20,0,0.0,0.0,1.0,0.0,0.0,1.0,1
"G[2,2](((PaCO2 >= 0.000 | EtCO2 <= 0.000) & PTT <= 0.000) -> SepsisLabel >= 0.000)
",0.000,0.000,0.000,1.000,0.000,0,0,20,0,0,20,20,0,0.0,0.0,1.0,0.0,0.0,1.0,1
"G[0,1]((O2Sat <= 99.685 -> DBP <= 102.945) -> Hgb >= 36.951)
",9999999.000,9999999.000,0.000,1.000,0.000,0,0,0,20,20,0,0,20,0.0,0.0,0.0,0.0,0.0,1.0,1
"G[0,2](((DBP <= 101.693 | Potassium >= 0.141) & Bilirubin_total <= 0.506) | AST <= 4.162)
",9999999.000,9999999.000,0.000,1.000,0.000,0,0,20,0,0,20,20,0,0.0,0.0,1.0,0.0,0.0,1.0,1
"G[0,2](PTT <= 0.000 & HR >= 44.837)
",9999999.000,9999999.000,0.000,1.000,0.000,0,0,18,2,2,18,18,2,0.0,0.0,1.0,0.0,0.0,1.0,1
"G[0,2]((Temp >= 2.565 & Creatinine <= 0.922) | Calcium >= 0.014)
",9999999.000,9999999.000,0.000,1.000,0.000,0,0,1,19,19,1,1,19,0.0,0.0,1.0,0.0,0.0,1.0,1
"G[0,2](((SepsisLabel >= 0.000 & Platelets <= 127.115) -> Chloride >= 3.809) & BUN >= 10.149)
",9999999.000,9999999.000,0.000,1.000,0.000,0,0,0,20,20,0,0,20,0.0,0.0,0.0,0.0,0.0,1.0,1
"G[1,2](((Creatinine >= 0.010 -> Lactate <= 0.000) & BUN >= 0.000) -> SBP >= 0.000)
",9999999.000,9999999.000,0.000,1.000,0.000,0,0,20,0,0,20,20,0,0.0,0.0,1.0,0.0,0.0,1.0,1
"G[1,2](((PTT >= 0.000 | PaCO2 >= 0.000) | FiO2 <= 0.000) | SBP <= 0.000)
",9999999.000,9999999.000,0.000,1.000,0.000,0,0,20,0,0,20,20,0,0.0,0.0,1.0,0.0,0.0,1.0,1
"G[0,2]((PaCO2 >= 0.000 & BUN >= 0.658) & TroponinI <= 4.187)
",9999999.000,9999999.000,0.000,1.000,0.000,0,0,0,20,20,0,0,20,0.0,0.0,0.0,0.0,0.0,1.0,1
"G[1,2](Calcium <= 2.338 -> WBC >= 0.614)
",9999999.000,9999999.000,0.000,1.000,0.000,0,0,2,18,18,2,2,18,0.0,0.0,1.0,0.0,0.0,1.0,1
"G[0,1](((BaseExcess >= 0.000 | Creatinine >= 0.031) -> Resp >= 0.005) & MAP <= 0.508)
",9999999.000,9999999.000,0.000,1.000,0.000,0,0,0,20,20,0,0,20,0.0,0.0,0.0,0.0,0.0,1.0,1
"G[1,2](((AST >= 0.154 | HR <= 99.696) | O2Sat <= 102.196) & Alkalinephos <= 105.604)
",9999999.000,9999999.000,0.000,1.000,0.000,0,0,20,0,0,20,20,0,0.0,0.0,1.0,0.0,0.0,1.0,1
"G[1,2](((Fibrinogen <= 0.000 & Calcium >= 0.283) -> Resp <= 2.715) & Potassium >= 0.270)
",9999999.000,9999999.000,0.000,1.000,0.000,0,0,1,19,19,1,1,19,0.0,0.0,1.0,0.0,0.0,1.0,1
"F[0,2](Bilirubin_total >= 0.008 -> SepsisLabel <= 0.000)
",-9999999.000,-9999999.000,0.000,0.000,1.000,0,0,0,20,20,0,0,20,0.0,0.0,0.0,0.0,0.0,1.0,-1
