Rule,Discrimination Score,Pos Robustness,Neg Robustness,Percent Class +,Percent Class -,TP,TN,FP,FN,Actual Yes,Actual No,Predicted Yes,Predicted No,TPR/Sens,TNR/Spec,FPR,Precision,Accuracy,MCR
"F[0,0](pH > 0.000 & SepsisLabel = 0.000)
",0.000,0.000,0.000,0.000,1.000,10,0,0,0,10,0,10,0,1.0,0,0,1.0,1.0526315789473684,-0.05263157894736836
"F[0,1](((WBC >= 0.000 | Resp >= 9.520) | AST >= 1.234) & Hgb >= 5.035)
",-9999999.000,-9999999.000,0.000,0.000,1.000,9,0,0,1,10,0,9,1,0.9,0,0,1.0,0.9473684210526315,0.052631578947368474
"F[0,0]((Alkalinephos >= 0.000 -> Resp <= 21.173) -> Bilirubin_total >= 3.256)
",0.354,0.362,0.000,0.000,1.000,9,0,0,1,10,0,9,1,0.9,0,0,1.0,0.9473684210526315,0.052631578947368474
"((WBC > 0.000) U[1,2] (SepsisLabel = 0.000))
",-9999999.000,-9999999.000,0.000,0.000,1.000,9,0,0,1,10,0,9,1,0.9,0,0,1.0,0.9473684210526315,0.052631578947368474
"((pH > 0.000) U[1,2] (SepsisLabel = 0.000))
",-9999999.000,-9999999.000,0.000,0.000,1.000,9,0,0,1,10,0,9,1,0.9,0,0,1.0,0.9473684210526315,0.052631578947368474
"F[0,1](BUN < 0.000 & SepsisLabel = 0.000)
",-9999999.000,-9999999.000,0.000,0.000,1.000,9,0,0,1,10,0,9,1,0.9,0,0,1.0,0.9473684210526315,0.052631578947368474
"F[0,1](((Calcium < 0.000 & Potassium < 0.000) & Magnesium < 0.000) & Phosphate < 0.000)
",-9999999.000,-9999999.000,0.000,0.000,1.000,9,0,0,1,10,0,9,1,0.9,0,0,1.0,0.9473684210526315,0.052631578947368474
"F[1,1](((Calcium < 0.000 & Potassium < 0.000) & Magnesium < 0.000) & Phosphate < 0.000)
",0.000,0.000,0.000,0.000,1.000,9,0,0,1,10,0,9,1,0.9,0,0,1.0,0.9473684210526315,0.052631578947368474
"F[1,1]((SaO2 <= 0.000 | BaseExcess >= 0.000) & MAP <= 0.000)
",0.000,0.000,0.000,0.000,1.000,8,0,0,2,10,0,8,2,0.8,0,0,1.0,0.8421052631578947,0.1578947368421053
"((HR <= 87.876) U[1,1] (Temp >= 25.972))
",87.876,87.876,0.000,0.000,1.000,8,0,0,2,10,0,8,2,0.8,0,0,1.0,0.8421052631578947,0.1578947368421053
"((O2Sat < 94.746) U[1,2] (SepsisLabel = 0.000))
",-9999999.000,-9999999.000,0.000,0.000,1.000,8,0,0,2,10,0,8,2,0.8,0,0,1.0,0.8421052631578947,0.1578947368421053
"F[0,1](((Bilirubin_total <= 0.000 | EtCO2 >= 0.000) | SaO2 <= 0.000) & SBP <= 0.000)
",-9999999.000,-9999999.000,0.000,0.000,1.000,7,0,0,3,10,0,7,3,0.7,0,0,1.0,0.7368421052631579,0.26315789473684215
"F[0,0](HCO3 <= 0.000 & Temp <= 31.607)
",-2.828,-60.683,0.000,0.000,1.000,7,0,0,3,10,0,7,3,0.7,0,0,1.0,0.7368421052631579,0.26315789473684215
"F[0,1]((Resp <= 18.058 -> HR >= 18.198) -> SaO2 >= 60.918)
",-9999999.000,-9999999.000,0.000,0.000,1.000,7,0,0,3,10,0,7,3,0.7,0,0,1.0,0.7368421052631579,0.26315789473684215
"F[0,0]((Bilirubin_direct >= 0.000 & MAP <= 87.717) -> WBC >= 49.863)
",1.637,25.316,0.000,0.000,1.000,7,0,0,3,10,0,7,3,0.7,0,0,1.0,0.7368421052631579,0.26315789473684215
"F[0,0]((Potassium >= 0.000 -> Bilirubin_direct >= 0.000) -> Resp <= 0.000)
",0.000,0.000,0.000,0.000,1.000,7,0,0,3,10,0,7,3,0.7,0,0,1.0,0.7368421052631579,0.26315789473684215
"F[0,1]((SBP >= 30.176 & MAP >= 60.298) -> SBP <= 83.748)
",-9999999.000,-9999999.000,0.000,0.000,1.000,7,0,0,3,10,0,7,3,0.7,0,0,1.0,0.7368421052631579,0.26315789473684215
"F[0,1](((Alkalinephos <= 0.000 | HR >= 76.759) & EtCO2 <= 83.442) & HR <= 87.584)
",-9999999.000,-9999999.000,0.000,0.000,1.000,6,0,0,4,10,0,6,4,0.6,0,0,1.0,0.631578947368421,0.368421052631579
"F[1,1]((SBP <= 109.443 | DBP <= 59.560) | Hgb >= 8.619)
",109.443,109.443,0.000,0.000,1.000,6,0,0,4,10,0,6,4,0.6,0,0,1.0,0.631578947368421,0.368421052631579
"((WBC >= 0.000) U[0,1] (Temp <= 35.494))
",-9999999.000,-9999999.000,0.000,0.000,1.000,6,0,0,4,10,0,6,4,0.6,0,0,1.0,0.631578947368421,0.368421052631579
"F[0,1](Temp <= 35.802 | O2Sat <= 96.207)
",-9999999.000,-9999999.000,0.000,0.000,1.000,6,0,0,4,10,0,6,4,0.6,0,0,1.0,0.631578947368421,0.368421052631579
"F[0,1](DBP <= 70.430 -> Temp <= 34.775)
",-9999999.000,-9999999.000,0.000,0.000,1.000,4,0,0,6,10,0,4,6,0.4,0,0,1.0,0.42105263157894735,0.5789473684210527
"F[1,1](MAP <= 101.192 -> Temp <= 36.942)
",-101.192,-101.192,0.000,0.000,1.000,4,0,0,6,10,0,4,6,0.4,0,0,1.0,0.42105263157894735,0.5789473684210527
"((MAP >= 46.013) U[0,1] (SBP <= 103.054))
",-9999999.000,-9999999.000,0.000,0.000,1.000,4,0,0,6,10,0,4,6,0.4,0,0,1.0,0.42105263157894735,0.5789473684210527
"F[0,1](((Glucose <= 0.000 -> Resp >= 2.988) & SBP >= 2.917) -> O2Sat <= 14.838)
",-9999999.000,-9999999.000,0.000,0.000,1.000,4,0,0,6,10,0,4,6,0.4,0,0,1.0,0.42105263157894735,0.5789473684210527
"((MAP <= 82.441) U[1,2] (SBP <= 141.229))
",-9999999.000,-9999999.000,0.000,0.000,1.000,3,0,0,7,10,0,3,7,0.3,0,0,1.0,0.3157894736842105,0.6842105263157895
"((MAP >= 49.281) U[0,0] (SBP <= 122.850))
",7.598,91.980,0.000,0.000,1.000,3,0,0,7,10,0,3,7,0.3,0,0,1.0,0.3157894736842105,0.6842105263157895
"F[0,1](HR <= 82.298 | Resp <= 12.892)
",-9999999.000,-9999999.000,0.000,0.000,1.000,2,0,0,8,10,0,2,8,0.2,0,0,1.0,0.21052631578947367,0.7894736842105263
"((MAP >= 25.521) U[0,1] (SBP <= 116.676))
",-9999999.000,-9999999.000,0.000,0.000,1.000,1,0,0,9,10,0,1,9,0.1,0,0,1.0,0.10526315789473684,0.8947368421052632
"F[1,1]((Phosphate >= 0.000 | HR >= 41.852) -> HR >= 70.300)
",0.000,0.000,0.000,0.000,1.000,1,0,0,9,10,0,1,9,0.1,0,0,1.0,0.10526315789473684,0.8947368421052632
"F[1,1](DBP <= 66.676 -> HR >= 16.691)
",-66.676,-66.676,0.000,0.000,1.000,1,0,0,9,10,0,1,9,0.1,0,0,1.0,0.10526315789473684,0.8947368421052632
"((DBP >= 27.083) U[1,2] (SBP <= 149.783))
",-9999999.000,-9999999.000,0.000,0.000,1.000,1,0,0,9,10,0,1,9,0.1,0,0,1.0,0.10526315789473684,0.8947368421052632
"((SaO2 <= 0.000) U[0,0] (Resp <= 18.993))
",0.354,2.110,0.000,0.000,1.000,1,0,0,9,10,0,1,9,0.1,0,0,1.0,0.10526315789473684,0.8947368421052632
"((PTT <= 0.000) U[1,1] (SBP >= 85.011))
",0.000,0.000,0.000,0.000,1.000,1,0,0,9,10,0,1,9,0.1,0,0,1.0,0.10526315789473684,0.8947368421052632
"((PTT >= 0.000) U[1,1] (SBP <= 130.893))
",130.893,130.893,0.000,0.000,1.000,1,0,0,9,10,0,1,9,0.1,0,0,1.0,0.10526315789473684,0.8947368421052632
"((MAP >= 19.554) U[1,2] (SBP <= 148.375))
",-9999999.000,-9999999.000,0.000,0.000,1.000,1,0,0,9,10,0,1,9,0.1,0,0,1.0,0.10526315789473684,0.8947368421052632
"F[0,1]((HCO3 <= 0.000 & O2Sat <= 97.831) | Hct <= 99.857)
",-9999999.000,-9999999.000,0.000,0.000,1.000,0,0,0,10,10,0,0,10,0.0,0,0,0.0,0.0,1.0
"F[1,1](EtCO2 <= 0.000 & Phosphate >= 0.000)
",0.000,0.000,0.000,0.000,1.000,0,0,0,10,10,0,0,10,0.0,0,0,0.0,0.0,1.0
"F[2,2](((Chloride >= 0.000 -> EtCO2 >= 0.000) -> Potassium >= 0.000) & Hgb <= 0.000)
",0.000,0.000,0.000,0.000,1.000,0,0,0,10,10,0,0,10,0.0,0,0,0.0,0.0,1.0
"F[0,2](((EtCO2 <= 0.000 & Lactate >= 0.000) & HCO3 >= 0.000) | DBP >= 0.000)
",-9999999.000,-9999999.000,0.000,0.000,1.000,0,0,0,10,10,0,0,10,0.0,0,0,0.0,0.0,1.0
"F[0,1](Alkalinephos <= 0.000 | PaCO2 <= 0.000)
",-9999999.000,-9999999.000,0.000,0.000,1.000,0,0,0,10,10,0,0,10,0.0,0,0,0.0,0.0,1.0
"F[0,2](((BUN >= 0.000 | PaCO2 <= 0.000) | SaO2 <= 0.000) & Chloride <= 0.000)
",-9999999.000,-9999999.000,0.000,0.000,1.000,0,0,0,10,10,0,0,10,0.0,0,0,0.0,0.0,1.0
"F[0,2](((Creatinine <= 0.000 | SepsisLabel <= 0.000) & Magnesium <= 0.000) | MAP >= 0.000)
",-9999999.000,-9999999.000,0.000,0.000,1.000,0,0,0,10,10,0,0,10,0.0,0,0,0.0,0.0,1.0
"F[1,1](((SBP <= 137.449 | Lactate >= 0.000) -> Glucose >= 0.000) & HR >= 0.000)
",-137.449,-137.449,0.000,0.000,1.000,0,0,0,10,10,0,0,10,0.0,0,0,0.0,0.0,1.0
"F[1,1](PaCO2 >= 0.000 & Alkalinephos <= 0.000)
",0.000,0.000,0.000,0.000,1.000,0,0,0,10,10,0,0,10,0.0,0,0,0.0,0.0,1.0
"F[0,1]((SBP <= 139.013 | Bilirubin_direct <= 0.000) | Potassium <= 0.000)
",-9999999.000,-9999999.000,0.000,0.000,1.000,0,0,0,10,10,0,0,10,0.0,0,0,0.0,0.0,1.0
"F[0,0]((DBP >= 11.357 & Calcium >= 0.000) -> Phosphate <= 0.000)
",0.000,0.000,0.000,0.000,1.000,0,0,0,10,10,0,0,10,0.0,0,0,0.0,0.0,1.0
"((BaseExcess <= 0.000) U[1,2] (PTT <= 0.000))
",-9999999.000,-9999999.000,0.000,0.000,1.000,0,0,0,10,10,0,0,10,0.0,0,0,0.0,0.0,1.0
"F[1,2]((Fibrinogen >= 0.000 & FiO2 >= 0.000) -> DBP >= 0.000)
",-9999999.000,-9999999.000,0.000,0.000,1.000,0,0,0,10,10,0,0,10,0.0,0,0,0.0,0.0,1.0
"((pH >= 0.000) U[0,0] (pH <= 0.000))
",0.000,0.000,0.000,0.000,1.000,0,0,0,10,10,0,0,10,0.0,0,0,0.0,0.0,1.0
"F[0,2](Lactate >= 0.000 -> FiO2 <= 0.000)
",-9999999.000,-9999999.000,0.000,0.000,1.000,0,0,0,10,10,0,0,10,0.0,0,0,0.0,0.0,1.0
"((DBP >= 16.652) U[0,2] (Temp <= 34.373))
",-9999999.000,-9999999.000,0.000,0.000,1.000,0,0,0,10,10,0,0,10,0.0,0,0,0.0,0.0,1.0
"F[1,2]((Platelets >= 0.000 -> SaO2 >= 0.000) | AST <= 0.000)
",-9999999.000,-9999999.000,0.000,0.000,1.000,0,0,0,10,10,0,0,10,0.0,0,0,0.0,0.0,1.0
"F[0,2](HR >= 47.477 & Bilirubin_total >= 0.000)
",-9999999.000,-9999999.000,0.000,0.000,1.000,0,0,0,10,10,0,0,10,0.0,0,0,0.0,0.0,1.0
"F[2,2]((SaO2 >= 0.000 -> SaO2 >= 0.000) | Platelets >= 0.000)
",0.000,0.000,0.000,0.000,1.000,0,0,0,10,10,0,0,10,0.0,0,0,0.0,0.0,1.0
"F[0,2](((TroponinI <= 0.000 | SepsisLabel <= 0.000) | PTT >= 0.000) & SepsisLabel <= 0.000)
",-9999999.000,-9999999.000,0.000,0.000,1.000,0,0,0,10,10,0,0,10,0.0,0,0,0.0,0.0,1.0
"F[1,2]((Hgb >= 0.000 & HR >= 1.394) | Temp >= 75.073)
",-9999999.000,-9999999.000,0.000,0.000,1.000,0,0,0,10,10,0,0,10,0.0,0,0,0.0,0.0,1.0
"F[1,2](Lactate >= 0.000 & EtCO2 <= 0.000)
",-9999999.000,-9999999.000,0.000,0.000,1.000,0,0,0,10,10,0,0,10,0.0,0,0,0.0,0.0,1.0
"F[1,2](Calcium >= 0.000 -> DBP >= 16.494)
",-9999999.000,-9999999.000,0.000,0.000,1.000,0,0,0,10,10,0,0,10,0.0,0,0,0.0,0.0,1.0
"F[2,2](((Resp <= 16.779 -> AST <= 0.000) & Alkalinephos >= 0.000) | FiO2 <= 0.000)
",0.000,0.000,0.000,0.000,1.000,0,0,0,10,10,0,0,10,0.0,0,0,0.0,0.0,1.0
"F[0,1]((pH <= 0.000 | Potassium <= 0.000) -> Hct <= 0.000)
",-9999999.000,-9999999.000,0.000,0.000,1.000,0,0,0,10,10,0,0,10,0.0,0,0,0.0,0.0,1.0
"F[0,2](((Resp >= 6.369 | Temp >= 4.551) | HCO3 <= 29.565) | DBP <= 29.277)
",-9999999.000,-9999999.000,0.000,0.000,1.000,0,0,0,10,10,0,0,10,0.0,0,0,0.0,0.0,1.0
"F[0,2](((HR <= 82.645 -> Creatinine >= 0.000) | Platelets >= 0.000) | HR >= 0.000)
",-9999999.000,-9999999.000,0.000,0.000,1.000,0,0,0,10,10,0,0,10,0.0,0,0,0.0,0.0,1.0
"F[0,1](Alkalinephos >= 0.000 | EtCO2 >= 0.000)
",-9999999.000,-9999999.000,0.000,0.000,1.000,0,0,0,10,10,0,0,10,0.0,0,0,0.0,0.0,1.0
"F[0,2]((Temp >= 14.938 -> HCO3 >= 0.000) | Platelets <= 0.000)
",-9999999.000,-9999999.000,0.000,0.000,1.000,0,0,0,10,10,0,0,10,0.0,0,0,0.0,0.0,1.0
"((Glucose <= 0.000) U[1,1] (HCO3 >= 0.000))
",0.000,0.000,0.000,0.000,1.000,0,0,0,10,10,0,0,10,0.0,0,0,0.0,0.0,1.0
"F[1,1](((AST >= 0.000 & TroponinI >= 0.000) & AST >= 0.000) -> PTT <= 0.000)
",0.000,0.000,0.000,0.000,1.000,0,0,0,10,10,0,0,10,0.0,0,0,0.0,0.0,1.0
"F[0,2](((Resp <= 13.360 | AST <= 0.000) & PTT <= 0.000) | O2Sat <= 0.000)
",-9999999.000,-9999999.000,0.000,0.000,1.000,0,0,0,10,10,0,0,10,0.0,0,0,0.0,0.0,1.0
"F[1,2](((PTT <= 0.000 -> Bilirubin_direct <= 0.000) & Magnesium <= 0.000) & SBP <= 0.000)
",-9999999.000,-9999999.000,0.000,0.000,1.000,0,0,0,10,10,0,0,10,0.0,0,0,0.0,0.0,1.0
"F[1,2](((Hgb >= 0.000 -> DBP >= 47.776) | SBP >= 55.536) & WBC <= 69.206)
",-9999999.000,-9999999.000,0.000,0.000,1.000,0,0,0,10,10,0,0,10,0.0,0,0,0.0,0.0,1.0
"F[1,1](Chloride >= 0.000 -> Magnesium >= 0.000)
",0.000,0.000,0.000,0.000,1.000,0,0,0,10,10,0,0,10,0.0,0,0,0.0,0.0,1.0
"F[1,1](Bilirubin_direct >= 0.000 & Phosphate >= 0.000)
",0.000,0.000,0.000,0.000,1.000,0,0,0,10,10,0,0,10,0.0,0,0,0.0,0.0,1.0
"F[0,2](WBC <= 0.000 | SepsisLabel >= 0.000)
",-9999999.000,-9999999.000,0.000,0.000,1.000,0,0,0,10,10,0,0,10,0.0,0,0,0.0,0.0,1.0
"F[2,2]((Hgb >= 0.000 & Creatinine >= 0.000) & O2Sat >= 0.000)
",0.000,0.000,0.000,0.000,1.000,0,0,0,10,10,0,0,10,0.0,0,0,0.0,0.0,1.0
"F[0,2](((Bilirubin_direct >= 0.000 | HR >= 43.763) -> HCO3 <= 86.414) -> BaseExcess <= 88.767)
",-9999999.000,-9999999.000,0.000,0.000,1.000,0,0,0,10,10,0,0,10,0.0,0,0,0.0,0.0,1.0
"F[1,1]((WBC >= 0.000 | Magnesium <= 0.000) | Chloride >= 0.000)
",0.000,0.000,0.000,0.000,1.000,0,0,0,10,10,0,0,10,0.0,0,0,0.0,0.0,1.0
"((Hct >= 0.000) U[0,1] (O2Sat >= 32.801))
",-9999999.000,-9999999.000,0.000,0.000,1.000,0,0,0,10,10,0,0,10,0.0,0,0,0.0,0.0,1.0
"F[0,2]((Glucose >= 0.000 & FiO2 <= 0.000) -> Chloride >= 0.000)
",-9999999.000,-9999999.000,0.000,0.000,1.000,0,0,0,10,10,0,0,10,0.0,0,0,0.0,0.0,1.0
"F[0,1]((Bilirubin_total <= 0.000 | Lactate >= 0.000) | SaO2 <= 0.000)
",-9999999.000,-9999999.000,0.000,0.000,1.000,0,0,0,10,10,0,0,10,0.0,0,0,0.0,0.0,1.0
"F[0,1](FiO2 >= 0.000 -> Potassium <= 0.000)
",-9999999.000,-9999999.000,0.000,0.000,1.000,0,0,0,10,10,0,0,10,0.0,0,0,0.0,0.0,1.0
"F[1,2]((Hgb <= 0.000 & PTT <= 0.000) & Phosphate >= 0.000)
",-9999999.000,-9999999.000,0.000,0.000,1.000,0,0,0,10,10,0,0,10,0.0,0,0,0.0,0.0,1.0
"F[2,2](HR <= 82.401 & HCO3 <= 0.000)
",0.000,0.000,0.000,0.000,1.000,0,0,0,10,10,0,0,10,0.0,0,0,0.0,0.0,1.0
"((Bilirubin_total >= 0.000) U[1,2] (Alkalinephos >= 0.000))
",-9999999.000,-9999999.000,0.000,0.000,1.000,0,0,0,10,10,0,0,10,0.0,0,0,0.0,0.0,1.0
"F[0,1](FiO2 <= 0.000 & Chloride >= 0.000)
",-9999999.000,-9999999.000,0.000,0.000,1.000,0,0,0,10,10,0,0,10,0.0,0,0,0.0,0.0,1.0
"F[1,2](Hgb <= 0.000 | Potassium <= 0.000)
",-9999999.000,-9999999.000,0.000,0.000,1.000,0,0,0,10,10,0,0,10,0.0,0,0,0.0,0.0,1.0
"((Bilirubin_total <= 0.000) U[0,0] (AST <= 0.000))
",0.000,0.000,0.000,0.000,1.000,0,0,0,10,10,0,0,10,0.0,0,0,0.0,0.0,1.0
"F[2,2]((Alkalinephos <= 0.000 -> SaO2 <= 0.000) -> Potassium >= 0.000)
",0.000,0.000,0.000,0.000,1.000,0,0,0,10,10,0,0,10,0.0,0,0,0.0,0.0,1.0
"F[1,2](((Fibrinogen <= 0.000 -> Calcium >= 0.000) -> EtCO2 >= 0.000) & BaseExcess >= 0.000)
",-9999999.000,-9999999.000,0.000,0.000,1.000,0,0,0,10,10,0,0,10,0.0,0,0,0.0,0.0,1.0
"F[0,0](Bilirubin_direct >= 0.000 -> SepsisLabel >= 0.000)
",0.000,0.000,0.000,0.000,1.000,0,0,0,10,10,0,0,10,0.0,0,0,0.0,0.0,1.0
"F[0,2](((Resp >= 9.348 & Potassium >= 0.000) | O2Sat <= 0.000) & Hct <= 0.000)
",-9999999.000,-9999999.000,0.000,0.000,1.000,0,0,0,10,10,0,0,10,0.0,0,0,0.0,0.0,1.0
"((Fibrinogen <= 0.000) U[1,2] (BUN >= 0.000))
",-9999999.000,-9999999.000,0.000,0.000,1.000,0,0,0,10,10,0,0,10,0.0,0,0,0.0,0.0,1.0
"F[0,1](PaCO2 >= 0.000 & Platelets <= 0.000)
",-9999999.000,-9999999.000,0.000,0.000,1.000,0,0,0,10,10,0,0,10,0.0,0,0,0.0,0.0,1.0
"((Bilirubin_total >= 0.000) U[0,2] (HCO3 >= 0.000))
",-9999999.000,-9999999.000,0.000,0.000,1.000,0,0,0,10,10,0,0,10,0.0,0,0,0.0,0.0,1.0
"((MAP >= 33.017) U[1,2] (SBP <= 110.077))
",-9999999.000,-9999999.000,0.000,0.000,1.000,0,0,0,10,10,0,0,10,0.0,0,0,0.0,0.0,1.0
"F[1,2]((HCO3 <= 0.000 -> Temp <= 31.847) | MAP <= 31.918)
",-9999999.000,-9999999.000,0.000,0.000,1.000,0,0,0,10,10,0,0,10,0.0,0,0,0.0,0.0,1.0
"F[0,1]((Creatinine >= 0.000 & SaO2 >= 0.000) -> Hgb >= 0.000)
",-9999999.000,-9999999.000,0.000,0.000,1.000,0,0,0,10,10,0,0,10,0.0,0,0,0.0,0.0,1.0
"F[2,2](((pH <= 0.000 -> DBP <= 59.640) -> Resp >= 2.202) | WBC <= 62.808)
",62.808,62.808,0.000,0.000,1.000,0,0,0,10,10,0,0,10,0.0,0,0,0.0,0.0,1.0
"((Chloride >= 0.000) U[2,2] (Temp <= 35.547))
",35.547,35.547,0.000,0.000,1.000,0,0,0,10,10,0,0,10,0.0,0,0,0.0,0.0,1.0
"F[2,2](((Temp <= 31.817 & Hgb <= 0.000) | Potassium >= 0.000) & Platelets >= 0.000)
",0.000,0.000,0.000,0.000,1.000,0,0,0,10,10,0,0,10,0.0,0,0,0.0,0.0,1.0
"F[0,0](SaO2 <= 0.000 | HR >= 15.717)
",33771.283,33771.283,0.000,0.000,1.000,0,0,0,10,10,0,0,10,0.0,0,0,0.0,0.0,1.0
"F[0,1](Phosphate >= 0.000 -> DBP <= 81.206)
",-9999999.000,-9999999.000,0.000,0.000,1.000,0,0,0,10,10,0,0,10,0.0,0,0,0.0,0.0,1.0
"F[1,2](((PaCO2 >= 0.000 & HR >= 39.556) | Alkalinephos >= 68.310) & Phosphate >= 65.334)
",-9999999.000,-9999999.000,0.000,0.000,1.000,0,0,0,10,10,0,0,10,0.0,0,0,0.0,0.0,1.0
"F[0,2](AST >= 0.000 -> Temp >= 19.213)
",-9999999.000,-9999999.000,0.000,0.000,1.000,0,0,0,10,10,0,0,10,0.0,0,0,0.0,0.0,1.0
"((Lactate >= 0.000) U[0,1] (MAP >= 58.328))
",-9999999.000,-9999999.000,0.000,0.000,1.000,0,0,0,10,10,0,0,10,0.0,0,0,0.0,0.0,1.0
"((Fibrinogen <= 0.000) U[2,2] (Lactate <= 0.000))
",0.000,0.000,0.000,0.000,1.000,0,0,0,10,10,0,0,10,0.0,0,0,0.0,0.0,1.0
"F[0,2](((Potassium <= 0.000 | Alkalinephos >= 0.000) & WBC <= 0.000) -> Platelets <= 0.000)
",-9999999.000,-9999999.000,0.000,0.000,1.000,0,0,0,10,10,0,0,10,0.0,0,0,0.0,0.0,1.0
"F[1,2]((Hgb >= 0.000 | PaCO2 <= 0.000) & Phosphate <= 0.000)
",-9999999.000,-9999999.000,0.000,0.000,1.000,0,0,0,10,10,0,0,10,0.0,0,0,0.0,0.0,1.0
"F[0,2]((MAP <= 88.794 | Creatinine <= 0.000) -> SBP <= 0.000)
",-9999999.000,-9999999.000,0.000,0.000,1.000,0,0,0,10,10,0,0,10,0.0,0,0,0.0,0.0,1.0
"F[0,1](DBP >= 38.062 & MAP >= 20.021)
",-9999999.000,-9999999.000,0.000,0.000,1.000,0,0,0,10,10,0,0,10,0.0,0,0,0.0,0.0,1.0
"F[0,0](((Fibrinogen >= 0.000 | Potassium >= 0.000) | HCO3 >= 0.000) & HCO3 >= 0.000)
",0.000,0.000,0.000,0.000,1.000,0,0,0,10,10,0,0,10,0.0,0,0,0.0,0.0,1.0
"F[0,1]((Bilirubin_total <= 0.000 & WBC >= 0.000) & Glucose <= 0.000)
",-9999999.000,-9999999.000,0.000,0.000,1.000,0,0,0,10,10,0,0,10,0.0,0,0,0.0,0.0,1.0
"F[0,2]((Resp <= 15.362 -> DBP <= 80.349) | Chloride >= 44.313)
",-9999999.000,-9999999.000,0.000,0.000,1.000,0,0,0,10,10,0,0,10,0.0,0,0,0.0,0.0,1.0
"F[0,1](((HCO3 >= 0.000 -> pH >= 0.000) | Phosphate >= 0.000) & Creatinine <= 0.000)
",-9999999.000,-9999999.000,0.000,0.000,1.000,0,0,0,10,10,0,0,10,0.0,0,0,0.0,0.0,1.0
"F[0,1](((TroponinI <= 0.000 -> EtCO2 >= 0.000) | BUN <= 0.000) & Glucose >= 0.000)
",-9999999.000,-9999999.000,0.000,0.000,1.000,0,0,0,10,10,0,0,10,0.0,0,0,0.0,0.0,1.0
"F[0,2](((HCO3 <= 0.000 -> PTT >= 0.000) & Temp <= 0.000) | Creatinine <= 0.000)
",-9999999.000,-9999999.000,0.000,0.000,1.000,0,0,0,10,10,0,0,10,0.0,0,0,0.0,0.0,1.0
"F[0,2](((Calcium <= 0.000 -> Fibrinogen >= 0.000) | MAP >= 0.000) | WBC <= 0.000)
",-9999999.000,-9999999.000,0.000,0.000,1.000,0,0,0,10,10,0,0,10,0.0,0,0,0.0,0.0,1.0
"F[1,2]((Hct <= 0.000 | AST <= 0.000) | Phosphate <= 0.000)
",-9999999.000,-9999999.000,0.000,0.000,1.000,0,0,0,10,10,0,0,10,0.0,0,0,0.0,0.0,1.0
"F[0,2](((Bilirubin_total >= 0.000 & Fibrinogen <= 0.000) & HR <= 0.000) & Bilirubin_direct <= 0.000)
",-9999999.000,-9999999.000,0.000,0.000,1.000,0,0,0,10,10,0,0,10,0.0,0,0,0.0,0.0,1.0
"F[0,2](Temp >= 9.036 | Platelets <= 0.000)
",-9999999.000,-9999999.000,0.000,0.000,1.000,0,0,0,10,10,0,0,10,0.0,0,0,0.0,0.0,1.0
"F[0,1](((Resp <= 10.668 & Chloride >= 0.000) | Glucose >= 0.000) | DBP >= 0.000)
",-9999999.000,-9999999.000,0.000,0.000,1.000,0,0,0,10,10,0,0,10,0.0,0,0,0.0,0.0,1.0
"F[0,0](((MAP >= 54.566 & SepsisLabel <= 0.000) -> HR >= 0.000) | SepsisLabel <= 0.000)
",0.000,0.000,0.000,0.000,1.000,0,0,0,10,10,0,0,10,0.0,0,0,0.0,0.0,1.0
"F[2,2]((PTT >= 0.000 & Calcium >= 0.000) & BUN >= 0.000)
",0.000,0.000,0.000,0.000,1.000,0,0,0,10,10,0,0,10,0.0,0,0,0.0,0.0,1.0
"F[1,1](Hct <= 0.000 -> BaseExcess >= 0.000)
",0.000,0.000,0.000,0.000,1.000,0,0,0,10,10,0,0,10,0.0,0,0,0.0,0.0,1.0
"F[0,2](((Magnesium >= 0.000 & SepsisLabel <= 0.000) & Calcium >= 0.000) & SBP >= 0.000)
",-9999999.000,-9999999.000,0.000,0.000,1.000,0,0,0,10,10,0,0,10,0.0,0,0,0.0,0.0,1.0
"F[0,2](((Lactate <= 0.000 & Hgb >= 0.000) -> Creatinine >= 0.000) | TroponinI >= 0.000)
",-9999999.000,-9999999.000,0.000,0.000,1.000,0,0,0,10,10,0,0,10,0.0,0,0,0.0,0.0,1.0
"F[0,1]((WBC >= 0.000 -> Bilirubin_direct <= 0.000) | DBP >= 0.000)
",-9999999.000,-9999999.000,0.000,0.000,1.000,0,0,0,10,10,0,0,10,0.0,0,0,0.0,0.0,1.0
"F[1,1](BUN >= 0.000 & EtCO2 <= 0.000)
",0.000,0.000,0.000,0.000,1.000,0,0,0,10,10,0,0,10,0.0,0,0,0.0,0.0,1.0
"F[0,0]((DBP <= 78.829 | Bilirubin_total <= 0.000) | SepsisLabel <= 0.000)
",0.444,10.832,0.000,0.000,1.000,0,0,0,10,10,0,0,10,0.0,0,0,0.0,0.0,1.0
"((Resp >= 0.400) U[2,2] (Bilirubin_total >= 0.000))
",0.000,0.000,0.000,0.000,1.000,0,0,0,10,10,0,0,10,0.0,0,0,0.0,0.0,1.0
"F[0,2]((Hct <= 0.000 & Fibrinogen >= 0.000) & Platelets <= 0.000)
",-9999999.000,-9999999.000,0.000,0.000,1.000,0,0,0,10,10,0,0,10,0.0,0,0,0.0,0.0,1.0
"((TroponinI >= 0.000) U[0,0] (HCO3 <= 0.000))
",0.000,0.000,0.000,0.000,1.000,0,0,0,10,10,0,0,10,0.0,0,0,0.0,0.0,1.0
"F[0,1](((EtCO2 <= 0.000 | PaCO2 <= 0.000) | O2Sat >= 0.000) & pH >= 0.000)
",-9999999.000,-9999999.000,0.000,0.000,1.000,0,0,0,10,10,0,0,10,0.0,0,0,0.0,0.0,1.0
"F[2,2](((Temp >= 3.051 | BaseExcess >= 0.000) & FiO2 >= 0.000) -> HCO3 >= 0.000)
",0.000,0.000,0.000,0.000,1.000,0,0,0,10,10,0,0,10,0.0,0,0,0.0,0.0,1.0
"F[1,2]((EtCO2 >= 0.000 & BaseExcess <= 0.000) | SaO2 >= 0.000)
",-9999999.000,-9999999.000,0.000,0.000,1.000,0,0,0,10,10,0,0,10,0.0,0,0,0.0,0.0,1.0
"F[2,2](((WBC >= 0.000 -> pH <= 0.000) -> FiO2 <= 0.000) & Platelets <= 0.000)
",0.000,0.000,0.000,0.000,1.000,0,0,0,10,10,0,0,10,0.0,0,0,0.0,0.0,1.0
"((EtCO2 <= 0.000) U[0,0] (EtCO2 >= 0.000))
",1.236,9.778,0.000,0.000,1.000,0,0,0,10,10,0,0,10,0.0,0,0,0.0,0.0,1.0
"F[1,1](((EtCO2 <= 0.000 & AST <= 0.000) -> SepsisLabel >= 0.000) & HR >= 0.000)
",0.000,0.000,0.000,0.000,1.000,0,0,0,10,10,0,0,10,0.0,0,0,0.0,0.0,1.0
"F[1,2](((PTT <= 0.000 -> Bilirubin_direct >= 0.000) & FiO2 <= 0.000) | WBC >= 0.000)
",-9999999.000,-9999999.000,0.000,0.000,1.000,0,0,0,10,10,0,0,10,0.0,0,0,0.0,0.0,1.0
"F[2,2](((Calcium <= 0.000 -> Platelets <= 0.000) | SBP >= 0.000) -> Alkalinephos >= 0.000)
",0.000,0.000,0.000,0.000,1.000,0,0,0,10,10,0,0,10,0.0,0,0,0.0,0.0,1.0
"F[0,2](((AST <= 0.000 | Hct >= 0.000) -> pH <= 0.000) -> BUN >= 0.000)
",-9999999.000,-9999999.000,0.000,0.000,1.000,0,0,0,10,10,0,0,10,0.0,0,0,0.0,0.0,1.0
"F[1,2](Temp <= 33.288 & Phosphate <= 0.000)
",-9999999.000,-9999999.000,0.000,0.000,1.000,0,0,0,10,10,0,0,10,0.0,0,0,0.0,0.0,1.0
"F[0,1]((Hgb <= 0.000 & Fibrinogen >= 0.000) & Creatinine <= 0.000)
",-9999999.000,-9999999.000,0.000,0.000,1.000,0,0,0,10,10,0,0,10,0.0,0,0,0.0,0.0,1.0
"F[0,0](Phosphate <= 0.000 & BaseExcess <= 0.000)
",0.000,0.000,0.000,0.000,1.000,0,0,0,10,10,0,0,10,0.0,0,0,0.0,0.0,1.0
"F[0,2]((Chloride >= 0.000 & Creatinine <= 0.000) | SaO2 >= 0.000)
",-9999999.000,-9999999.000,0.000,0.000,1.000,0,0,0,10,10,0,0,10,0.0,0,0,0.0,0.0,1.0
"F[0,1](((O2Sat <= 94.909 | SaO2 <= 0.000) & PaCO2 <= 0.000) | BaseExcess >= 0.000)
",-9999999.000,-9999999.000,0.000,0.000,1.000,0,0,0,10,10,0,0,10,0.0,0,0,0.0,0.0,1.0
"F[1,2]((HR >= 62.876 & WBC <= 0.000) -> HR <= 0.000)
",-9999999.000,-9999999.000,0.000,0.000,1.000,0,0,0,10,10,0,0,10,0.0,0,0,0.0,0.0,1.0
"((DBP <= 63.732) U[0,0] (Hgb >= 0.000))
",0.354,7.081,0.000,0.000,1.000,0,0,0,10,10,0,0,10,0.0,0,0,0.0,0.0,1.0
"((HCO3 >= 0.000) U[1,2] (Platelets <= 0.000))
",-9999999.000,-9999999.000,0.000,0.000,1.000,0,0,0,10,10,0,0,10,0.0,0,0,0.0,0.0,1.0
"F[1,1]((Potassium <= 0.000 | Platelets >= 0.000) | SaO2 <= 0.000)
",0.000,0.000,0.000,0.000,1.000,0,0,0,10,10,0,0,10,0.0,0,0,0.0,0.0,1.0
"F[0,1](((Glucose <= 0.000 | SBP >= 6.253) | Platelets >= 15.469) | TroponinI <= 138.037)
",-9999999.000,-9999999.000,0.000,0.000,1.000,0,0,0,10,10,0,0,10,0.0,0,0,0.0,0.0,1.0
"F[0,2](((Glucose >= 0.000 -> PTT <= 0.000) -> Magnesium >= 0.000) & BUN <= 0.000)
",-9999999.000,-9999999.000,0.000,0.000,1.000,0,0,0,10,10,0,0,10,0.0,0,0,0.0,0.0,1.0
"F[0,2]((Glucose <= 0.000 | AST <= 0.000) -> Hct <= 0.000)
",-9999999.000,-9999999.000,0.000,0.000,1.000,0,0,0,10,10,0,0,10,0.0,0,0,0.0,0.0,1.0
"F[0,1]((BUN <= 0.000 & MAP >= 4.659) | O2Sat <= 105.961)
",-9999999.000,-9999999.000,0.000,0.000,1.000,0,0,0,10,10,0,0,10,0.0,0,0,0.0,0.0,1.0
"F[1,1](((Calcium <= 0.000 & Glucose <= 0.000) & EtCO2 <= 0.000) | SaO2 <= 0.000)
",0.000,0.000,0.000,0.000,1.000,0,0,0,10,10,0,0,10,0.0,0,0,0.0,0.0,1.0
"((Phosphate <= 0.000) U[0,1] (Potassium >= 0.000))
",-9999999.000,-9999999.000,0.000,0.000,1.000,0,0,0,10,10,0,0,10,0.0,0,0,0.0,0.0,1.0
"F[2,2](O2Sat <= 99.428 | Fibrinogen >= 0.000)
",99.428,99.428,0.000,0.000,1.000,0,0,0,10,10,0,0,10,0.0,0,0,0.0,0.0,1.0
"F[0,2](Alkalinephos <= 0.000 & Temp >= 11.238)
",-9999999.000,-9999999.000,0.000,0.000,1.000,0,0,0,10,10,0,0,10,0.0,0,0,0.0,0.0,1.0
"F[0,1]((Bilirubin_total <= 0.000 & BUN <= 0.000) | HR >= 0.000)
",-9999999.000,-9999999.000,0.000,0.000,1.000,0,0,0,10,10,0,0,10,0.0,0,0,0.0,0.0,1.0
"F[0,0](((Glucose >= 0.000 | BUN <= 0.000) & Magnesium <= 0.000) | SBP <= 0.000)
",0.000,0.000,0.000,0.000,1.000,0,0,0,10,10,0,0,10,0.0,0,0,0.0,0.0,1.0
"F[0,2](((HR <= 86.653 | Bilirubin_total >= 0.000) & Platelets <= 0.000) | HCO3 <= 0.000)
",-9999999.000,-9999999.000,0.000,0.000,1.000,0,0,0,10,10,0,0,10,0.0,0,0,0.0,0.0,1.0
"F[0,2](((BaseExcess <= 0.000 & Creatinine >= 0.000) | Platelets >= 0.000) & PaCO2 >= 0.000)
",-9999999.000,-9999999.000,0.000,0.000,1.000,0,0,0,10,10,0,0,10,0.0,0,0,0.0,0.0,1.0
"F[1,2]((O2Sat <= 95.350 & Phosphate >= 0.000) | Bilirubin_total <= 0.000)
",-9999999.000,-9999999.000,0.000,0.000,1.000,0,0,0,10,10,0,0,10,0.0,0,0,0.0,0.0,1.0
"F[0,2](((DBP >= 16.208 | pH <= 0.000) -> TroponinI <= 0.000) & Phosphate >= 0.000)
",-9999999.000,-9999999.000,0.000,0.000,1.000,0,0,0,10,10,0,0,10,0.0,0,0,0.0,0.0,1.0
"((Creatinine >= 0.000) U[0,0] (Lactate <= 0.000))
",0.000,0.000,0.000,0.000,1.000,0,0,0,10,10,0,0,10,0.0,0,0,0.0,0.0,1.0
"F[1,2](((TroponinI >= 0.000 & Fibrinogen >= 0.000) & O2Sat >= 0.000) | DBP >= 0.000)
",-9999999.000,-9999999.000,0.000,0.000,1.000,0,0,0,10,10,0,0,10,0.0,0,0,0.0,0.0,1.0
"((Hct <= 0.000) U[2,2] (Alkalinephos >= 0.000))
",0.000,0.000,0.000,0.000,1.000,0,0,0,10,10,0,0,10,0.0,0,0,0.0,0.0,1.0
"F[0,0](AST >= 0.000 & WBC >= 0.000)
",0.000,0.000,0.000,0.000,1.000,0,0,0,10,10,0,0,10,0.0,0,0,0.0,0.0,1.0
"F[0,2](((Temp <= 35.244 | Bilirubin_total <= 0.000) | Lactate <= 0.000) | O2Sat >= 0.000)
",-9999999.000,-9999999.000,0.000,0.000,1.000,0,0,0,10,10,0,0,10,0.0,0,0,0.0,0.0,1.0
"F[1,2]((PTT <= 0.000 | Phosphate >= 0.000) | PTT <= 0.000)
",-9999999.000,-9999999.000,0.000,0.000,1.000,0,0,0,10,10,0,0,10,0.0,0,0,0.0,0.0,1.0
"F[1,2](((SaO2 >= 0.000 -> Resp <= 20.898) -> PaCO2 <= 18.857) | Resp >= 4.048)
",-9999999.000,-9999999.000,0.000,0.000,1.000,0,0,0,10,10,0,0,10,0.0,0,0,0.0,0.0,1.0
"F[0,2](((Fibrinogen <= 0.000 | Temp >= 19.019) -> EtCO2 <= 30.697) | Lactate <= 32.440)
",-9999999.000,-9999999.000,0.000,0.000,1.000,0,0,0,10,10,0,0,10,0.0,0,0,0.0,0.0,1.0
"F[0,2](((BUN >= 0.000 | PaCO2 <= 0.000) & O2Sat >= 0.000) | Hgb >= 0.000)
",-9999999.000,-9999999.000,0.000,0.000,1.000,0,0,0,10,10,0,0,10,0.0,0,0,0.0,0.0,1.0
"F[0,1](Potassium <= 0.000 | Bilirubin_direct >= 0.000)
",-9999999.000,-9999999.000,0.000,0.000,1.000,0,0,0,10,10,0,0,10,0.0,0,0,0.0,0.0,1.0
"F[0,2]((Hgb >= 0.000 & Phosphate >= 0.000) & Creatinine >= 0.000)
",-9999999.000,-9999999.000,0.000,0.000,1.000,0,0,0,10,10,0,0,10,0.0,0,0,0.0,0.0,1.0
"((Magnesium <= 0.000) U[1,2] (Bilirubin_total >= 0.000))
",-9999999.000,-9999999.000,0.000,0.000,1.000,0,0,0,10,10,0,0,10,0.0,0,0,0.0,0.0,1.0
"F[1,2]((BUN >= 0.000 -> Glucose >= 0.000) & Glucose >= 0.000)
",-9999999.000,-9999999.000,0.000,0.000,1.000,0,0,0,10,10,0,0,10,0.0,0,0,0.0,0.0,1.0
"F[0,1](SaO2 >= 0.000 | Magnesium >= 0.000)
",-9999999.000,-9999999.000,0.000,0.000,1.000,0,0,0,10,10,0,0,10,0.0,0,0,0.0,0.0,1.0
"F[0,2](BaseExcess <= 0.000 | Bilirubin_direct >= 0.000)
",-9999999.000,-9999999.000,0.000,0.000,1.000,0,0,0,10,10,0,0,10,0.0,0,0,0.0,0.0,1.0
"F[1,2](((Potassium >= 0.000 & Hgb <= 0.000) | DBP <= 0.000) & Chloride >= 0.000)
",-9999999.000,-9999999.000,0.000,0.000,1.000,0,0,0,10,10,0,0,10,0.0,0,0,0.0,0.0,1.0
"F[1,2]((HR >= 78.108 & Magnesium <= 0.000) | Glucose >= 0.000)
",-9999999.000,-9999999.000,0.000,0.000,1.000,0,0,0,10,10,0,0,10,0.0,0,0,0.0,0.0,1.0
"F[1,2](Creatinine >= 0.000 & Bilirubin_total >= 0.000)
",-9999999.000,-9999999.000,0.000,0.000,1.000,0,0,0,10,10,0,0,10,0.0,0,0,0.0,0.0,1.0
"F[2,2](((DBP >= 14.802 | Potassium >= 0.000) -> PTT >= 0.000) -> Potassium >= 0.000)
",0.000,0.000,0.000,0.000,1.000,0,0,0,10,10,0,0,10,0.0,0,0,0.0,0.0,1.0
"F[0,2]((Temp >= 22.574 -> Bilirubin_direct >= 0.000) & SaO2 >= 0.000)
",-9999999.000,-9999999.000,0.000,0.000,1.000,0,0,0,10,10,0,0,10,0.0,0,0,0.0,0.0,1.0
"F[0,1](((pH >= 0.000 -> O2Sat <= 99.103) -> AST <= 95.285) -> MAP <= 97.012)
",-9999999.000,-9999999.000,0.000,0.000,1.000,0,0,0,10,10,0,0,10,0.0,0,0,0.0,0.0,1.0
"F[1,2]((PaCO2 >= 0.000 & TroponinI >= 0.000) -> EtCO2 >= 0.000)
",-9999999.000,-9999999.000,0.000,0.000,1.000,0,0,0,10,10,0,0,10,0.0,0,0,0.0,0.0,1.0
"F[0,1]((SaO2 >= 0.000 -> PTT >= 0.000) -> Hgb >= 0.000)
",-9999999.000,-9999999.000,0.000,0.000,1.000,0,0,0,10,10,0,0,10,0.0,0,0,0.0,0.0,1.0
"((PTT <= 0.000) U[1,1] (Lactate <= 0.000))
",0.000,0.000,0.000,0.000,1.000,0,0,0,10,10,0,0,10,0.0,0,0,0.0,0.0,1.0
"F[0,2](((PTT >= 0.000 | MAP <= 104.267) -> Temp <= 96.320) | Hgb <= 74.535)
",-9999999.000,-9999999.000,0.000,0.000,1.000,0,0,0,10,10,0,0,10,0.0,0,0,0.0,0.0,1.0
"((Calcium >= 0.000) U[1,1] (PTT >= 0.000))
",0.000,0.000,0.000,0.000,1.000,0,0,0,10,10,0,0,10,0.0,0,0,0.0,0.0,1.0
"F[0,1](((Hgb <= 0.000 | SepsisLabel <= 0.000) -> HR >= 0.000) -> Bilirubin_total >= 0.000)
",-9999999.000,-9999999.000,0.000,0.000,1.000,0,0,0,10,10,0,0,10,0.0,0,0,0.0,0.0,1.0
"F[1,2]((Resp <= 10.286 & AST >= 0.000) & SaO2 <= 0.000)
",-9999999.000,-9999999.000,0.000,0.000,1.000,0,0,0,10,10,0,0,10,0.0,0,0,0.0,0.0,1.0
"((SepsisLabel <= 0.000) U[2,2] (Magnesium >= 0.000))
",0.000,0.000,0.000,0.000,1.000,0,0,0,10,10,0,0,10,0.0,0,0,0.0,0.0,1.0
"F[1,1](((Bilirubin_total >= 0.000 -> DBP <= 76.892) | pH >= 32.617) -> Hgb <= 78.577)
",-78.577,-78.577,0.000,0.000,1.000,0,0,0,10,10,0,0,10,0.0,0,0,0.0,0.0,1.0
"F[0,1](Hgb <= 0.000 | Hct <= 0.000)
",-9999999.000,-9999999.000,0.000,0.000,1.000,0,0,0,10,10,0,0,10,0.0,0,0,0.0,0.0,1.0
"F[0,1]((Magnesium >= 0.000 | SepsisLabel >= 0.000) & Lactate >= 0.000)
",-9999999.000,-9999999.000,0.000,0.000,1.000,0,0,0,10,10,0,0,10,0.0,0,0,0.0,0.0,1.0
"F[0,2](PTT >= 0.000 -> SepsisLabel = 0.000)
",-9999999.000,-9999999.000,0.000,0.000,1.000,0,0,0,10,10,0,0,10,0.0,0,0,0.0,0.0,1.0
"F[1,2](Phosphate < 0.000 -> SepsisLabel = 0.000)
",-9999999.000,-9999999.000,0.000,0.000,1.000,0,0,0,10,10,0,0,10,0.0,0,0,0.0,0.0,1.0
"((Magnesium > 0.000) U[0,0] (SepsisLabel = 0.000))
",0.000,0.000,0.000,0.000,1.000,0,0,0,10,10,0,0,10,0.0,0,0,0.0,0.0,1.0
"((O2Sat <= 99.826) U[0,2] (SepsisLabel = 0.000))
",-9999999.000,-9999999.000,0.000,0.000,1.000,0,0,0,10,10,0,0,10,0.0,0,0,0.0,0.0,1.0
"((Hgb > 0.000) U[0,2] (SepsisLabel = 0.000))
",-9999999.000,-9999999.000,0.000,0.000,1.000,0,0,0,10,10,0,0,10,0.0,0,0,0.0,0.0,1.0
"((Potassium > 0.000) U[0,1] (SepsisLabel = 0.000))
",-9999999.000,-9999999.000,0.000,0.000,1.000,0,0,0,10,10,0,0,10,0.0,0,0,0.0,0.0,1.0
"((Magnesium >= 0.000) U[0,2] (SepsisLabel = 0.000))
",-9999999.000,-9999999.000,0.000,0.000,1.000,0,0,0,10,10,0,0,10,0.0,0,0,0.0,0.0,1.0
"F[0,0](Bilirubin_total >= 0.000 -> SepsisLabel = 0.000)
",0.000,0.000,0.000,0.000,1.000,0,0,0,10,10,0,0,10,0.0,0,0,0.0,0.0,1.0
"((PTT <= 0.000) U[2,2] (SepsisLabel = 0.000))
",0.000,0.000,0.000,0.000,1.000,0,0,0,10,10,0,0,10,0.0,0,0,0.0,0.0,1.0
"((HCO3 < 0.000) U[0,2] (SepsisLabel = 0.000))
",-9999999.000,-9999999.000,0.000,0.000,1.000,0,0,0,10,10,0,0,10,0.0,0,0,0.0,0.0,1.0
"F[1,2]((HR >= 58.361 -> SaO2 <= 0.000) -> Creatinine <= 0.000)
",-9999999.000,-9999999.000,0.000,0.000,1.000,0,0,0,10,10,0,0,10,0.0,0,0,0.0,0.0,1.0
"((SepsisLabel > 0.000) U[0,2] (SepsisLabel = 0.000))
",-9999999.000,-9999999.000,0.000,0.000,1.000,0,0,0,10,10,0,0,10,0.0,0,0,0.0,0.0,1.0
"F[0,2](pH < 0.000 & SepsisLabel = 0.000)
",-9999999.000,-9999999.000,0.000,0.000,1.000,0,0,0,10,10,0,0,10,0.0,0,0,0.0,0.0,1.0
"F[0,0](Potassium < 0.000 -> SepsisLabel = 0.000)
",0.000,0.000,0.000,0.000,1.000,0,0,0,10,10,0,0,10,0.0,0,0,0.0,0.0,1.0
"((EtCO2 <= 0.000) U[2,2] (SepsisLabel = 0.000))
",0.000,0.000,0.000,0.000,1.000,0,0,0,10,10,0,0,10,0.0,0,0,0.0,0.0,1.0
"F[1,1](EtCO2 <= 0.000 -> SepsisLabel = 0.000)
",0.000,0.000,0.000,0.000,1.000,0,0,0,10,10,0,0,10,0.0,0,0,0.0,0.0,1.0
"F[0,2](O2Sat <= 96.340 & SepsisLabel = 0.000)
",-9999999.000,-9999999.000,0.000,0.000,1.000,0,0,0,10,10,0,0,10,0.0,0,0,0.0,0.0,1.0
"((BUN > 0.000) U[2,2] (SepsisLabel = 0.000))
",0.000,0.000,0.000,0.000,1.000,0,0,0,10,10,0,0,10,0.0,0,0,0.0,0.0,1.0
"((Alkalinephos <= 0.000) U[0,2] (SepsisLabel = 0.000))
",-9999999.000,-9999999.000,0.000,0.000,1.000,0,0,0,10,10,0,0,10,0.0,0,0,0.0,0.0,1.0
"F[0,2](AST > 0.000 & SepsisLabel = 0.000)
",-9999999.000,-9999999.000,0.000,0.000,1.000,0,0,0,10,10,0,0,10,0.0,0,0,0.0,0.0,1.0
"((Platelets >= 0.000) U[0,1] (SepsisLabel = 0.000))
",-9999999.000,-9999999.000,0.000,0.000,1.000,0,0,0,10,10,0,0,10,0.0,0,0,0.0,0.0,1.0
"F[0,2](Fibrinogen > 0.000 -> SepsisLabel = 0.000)
",-9999999.000,-9999999.000,0.000,0.000,1.000,0,0,0,10,10,0,0,10,0.0,0,0,0.0,0.0,1.0
"((Alkalinephos > 0.000) U[0,2] (SepsisLabel = 0.000))
",-9999999.000,-9999999.000,0.000,0.000,1.000,0,0,0,10,10,0,0,10,0.0,0,0,0.0,0.0,1.0
"F[0,1]((PaCO2 <= 0.000 | SepsisLabel <= 0.000) | Magnesium >= 0.000)
",-9999999.000,-9999999.000,0.000,0.000,1.000,0,0,0,10,10,0,0,10,0.0,0,0,0.0,0.0,1.0
"F[1,2]((Chloride >= 0.000 -> Hct >= 0.000) -> BaseExcess <= 0.000)
",-9999999.000,-9999999.000,0.000,0.000,1.000,0,0,0,10,10,0,0,10,0.0,0,0,0.0,0.0,1.0
"F[2,2](HR >= 36.983 | Phosphate >= 0.000)
",0.000,0.000,0.000,0.000,1.000,0,0,0,10,10,0,0,10,0.0,0,0,0.0,0.0,1.0
"F[1,2](SaO2 >= 0.000 -> PTT <= 0.000)
",-9999999.000,-9999999.000,0.000,0.000,1.000,0,0,0,10,10,0,0,10,0.0,0,0,0.0,0.0,1.0
"F[2,2](pH <= 0.000 | BUN <= 0.000)
",0.000,0.000,0.000,0.000,1.000,0,0,0,10,10,0,0,10,0.0,0,0,0.0,0.0,1.0
"F[0,0](Lactate <= 0.000 -> pH >= 0.000)
",0.000,0.000,0.000,0.000,1.000,0,0,0,10,10,0,0,10,0.0,0,0,0.0,0.0,1.0
"F[1,2](((DBP >= 29.697 & Resp >= 1.428) & WBC <= 16.120) -> Alkalinephos >= 3.169)
",-9999999.000,-9999999.000,0.000,0.000,1.000,0,0,0,10,10,0,0,10,0.0,0,0,0.0,0.0,1.0
"F[1,1](((Resp >= 7.533 | SBP >= 99.830) | FiO2 >= 18.876) | Magnesium <= 136.452)
",136.452,136.452,0.000,0.000,1.000,0,0,0,10,10,0,0,10,0.0,0,0,0.0,0.0,1.0
"F[1,2](((O2Sat <= 96.837 -> Temp <= 30.710) -> WBC <= 32.667) -> Magnesium >= 6.070)
",-9999999.000,-9999999.000,0.000,0.000,1.000,0,0,0,10,10,0,0,10,0.0,0,0,0.0,0.0,1.0
"((DBP >= 36.734) U[0,2] (O2Sat <= 97.511))
",-9999999.000,-9999999.000,0.000,0.000,1.000,0,0,0,10,10,0,0,10,0.0,0,0,0.0,0.0,1.0
"F[1,2]((MAP >= 21.335 -> O2Sat <= 97.108) | Magnesium >= 90.067)
",-9999999.000,-9999999.000,0.000,0.000,1.000,0,0,0,10,10,0,0,10,0.0,0,0,0.0,0.0,1.0
"F[1,2]((O2Sat <= 97.207 & SBP >= 5.039) | Alkalinephos <= 107.172)
",-9999999.000,-9999999.000,0.000,0.000,1.000,0,0,0,10,10,0,0,10,0.0,0,0,0.0,0.0,1.0
"F[0,2](HR >= 25.633 & O2Sat >= 51.083)
",-9999999.000,-9999999.000,0.000,0.000,1.000,0,0,0,10,10,0,0,10,0.0,0,0,0.0,0.0,1.0
"F[0,1](O2Sat < 96.273 -> SepsisLabel = 0.000)
",-9999999.000,-9999999.000,0.000,0.000,1.000,0,0,0,10,10,0,0,10,0.0,0,0,0.0,0.0,1.0
"((Bilirubin_total >= 0.000) U[0,2] (SepsisLabel = 0.000))
",-9999999.000,-9999999.000,0.000,0.000,1.000,0,0,0,10,10,0,0,10,0.0,0,0,0.0,0.0,1.0
"F[0,2](DBP < 83.483 & SepsisLabel = 0.000)
",-9999999.000,-9999999.000,0.000,0.000,1.000,0,0,0,10,10,0,0,10,0.0,0,0,0.0,0.0,1.0
"((Bilirubin_direct >= 0.000) U[0,2] (SepsisLabel = 0.000))
",-9999999.000,-9999999.000,0.000,0.000,1.000,0,0,0,10,10,0,0,10,0.0,0,0,0.0,0.0,1.0
"((MAP >= 35.397) U[0,2] (SBP <= 146.381))
",-9999999.000,-9999999.000,0.000,0.000,1.000,0,0,0,10,10,0,0,10,0.0,0,0,0.0,0.0,1.0
"F[0,1]((Phosphate >= 0.000 & Magnesium > 0.000) -> Calcium < 0.000)
",-9999999.000,-9999999.000,0.000,0.000,1.000,0,0,0,10,10,0,0,10,0.0,0,0,0.0,0.0,1.0
"F[0,2]((Calcium <= 0.000 & Potassium <= 0.000) & Magnesium >= 0.000)
",-9999999.000,-9999999.000,0.000,0.000,1.000,0,0,0,10,10,0,0,10,0.0,0,0,0.0,0.0,1.0
"F[2,2](((Calcium < 0.000 & Potassium < 0.000) & Magnesium < 0.000) & Phosphate < 0.000)
",0.000,0.000,0.000,0.000,1.000,0,0,0,10,10,0,0,10,0.0,0,0,0.0,0.0,1.0
"F[1,2](Hgb <= 0.000 | Hct <= 0.000)
",-9999999.000,-9999999.000,0.000,0.000,1.000,0,0,0,10,10,0,0,10,0.0,0,0,0.0,0.0,1.0
"((MAP >= 0.498) U[0,2] (SBP <= 116.384))
",-9999999.000,-9999999.000,0.000,0.000,1.000,0,0,0,10,10,0,0,10,0.0,0,0,0.0,0.0,1.0
"F[0,0]((Phosphate >= 0.000 & Magnesium > 0.000) -> Calcium < 0.000)
",0.000,0.000,0.000,0.000,1.000,0,0,0,10,10,0,0,10,0.0,0,0,0.0,0.0,1.0
"F[2,2](((Calcium < 0.000 & Potassium < 0.000) & Magnesium < 0.000) & Phosphate < 0.000)
",0.000,0.000,0.000,0.000,1.000,0,0,0,10,10,0,0,10,0.0,0,0,0.0,0.0,1.0
"F[0,1]((Calcium <= 0.000 & Potassium <= 0.000) & Magnesium >= 0.000)
",-9999999.000,-9999999.000,0.000,0.000,1.000,0,0,0,10,10,0,0,10,0.0,0,0,0.0,0.0,1.0
"F[0,1](Hgb <= 0.000 | Hct <= 0.000)
",-9999999.000,-9999999.000,0.000,0.000,1.000,0,0,0,10,10,0,0,10,0.0,0,0,0.0,0.0,1.0
"F[0,1]((Phosphate >= 0.000 & Magnesium > 0.000) -> Calcium < 0.000)
",-9999999.000,-9999999.000,0.000,0.000,1.000,0,0,0,10,10,0,0,10,0.0,0,0,0.0,0.0,1.0
"F[1,2](((Calcium < 0.000 & Potassium < 0.000) & Magnesium < 0.000) & Phosphate < 0.000)
",-9999999.000,-9999999.000,0.000,0.000,1.000,0,0,0,10,10,0,0,10,0.0,0,0,0.0,0.0,1.0
"F[0,1]((Calcium <= 0.000 & Potassium <= 0.000) & Magnesium >= 0.000)
",-9999999.000,-9999999.000,0.000,0.000,1.000,0,0,0,10,10,0,0,10,0.0,0,0,0.0,0.0,1.0
"F[0,2](Hgb <= 0.000 | Hct <= 0.000)
",-9999999.000,-9999999.000,0.000,0.000,1.000,0,0,0,10,10,0,0,10,0.0,0,0,0.0,0.0,1.0
"((MAP >= 55.476) U[2,2] (SBP <= 143.733))
",143.733,143.733,0.000,0.000,1.000,0,0,0,10,10,0,0,10,0.0,0,0,0.0,0.0,1.0
"F[1,2]((Phosphate >= 0.000 & Magnesium > 0.000) -> Calcium < 0.000)
",-9999999.000,-9999999.000,0.000,0.000,1.000,0,0,0,10,10,0,0,10,0.0,0,0,0.0,0.0,1.0
"F[0,2](((Calcium < 0.000 & Potassium < 0.000) & Magnesium < 0.000) & Phosphate < 0.000)
",-9999999.000,-9999999.000,0.000,0.000,1.000,0,0,0,10,10,0,0,10,0.0,0,0,0.0,0.0,1.0
"F[0,1]((Calcium <= 0.000 & Potassium <= 0.000) & Magnesium >= 0.000)
",-9999999.000,-9999999.000,0.000,0.000,1.000,0,0,0,10,10,0,0,10,0.0,0,0,0.0,0.0,1.0
"F[0,1](Hgb <= 0.000 | Hct <= 0.000)
",-9999999.000,-9999999.000,0.000,0.000,1.000,0,0,0,10,10,0,0,10,0.0,0,0,0.0,0.0,1.0
"F[2,2]((Phosphate >= 0.000 & Magnesium > 0.000) -> Calcium < 0.000)
",0.000,0.000,0.000,0.000,1.000,0,0,0,10,10,0,0,10,0.0,0,0,0.0,0.0,1.0
"F[1,2](((Calcium < 0.000 & Potassium < 0.000) & Magnesium < 0.000) & Phosphate < 0.000)
",-9999999.000,-9999999.000,0.000,0.000,1.000,0,0,0,10,10,0,0,10,0.0,0,0,0.0,0.0,1.0
"F[1,2]((Calcium <= 0.000 & Potassium <= 0.000) & Magnesium >= 0.000)
",-9999999.000,-9999999.000,0.000,0.000,1.000,0,0,0,10,10,0,0,10,0.0,0,0,0.0,0.0,1.0
"F[1,2]((Phosphate >= 0.000 & Magnesium > 0.000) -> Calcium < 0.000)
",-9999999.000,-9999999.000,0.000,0.000,1.000,0,0,0,10,10,0,0,10,0.0,0,0,0.0,0.0,1.0
"F[0,2](Hgb <= 0.000 | Hct <= 0.000)
",-9999999.000,-9999999.000,0.000,0.000,1.000,0,0,0,10,10,0,0,10,0.0,0,0,0.0,0.0,1.0
"F[0,2](Hgb <= 0.000 | Hct <= 0.000)
",-9999999.000,-9999999.000,0.000,0.000,1.000,0,0,0,10,10,0,0,10,0.0,0,0,0.0,0.0,1.0
"((MAP >= 58.290) U[0,1] (SBP <= 144.396))
",-9999999.000,-9999999.000,0.000,0.000,1.000,0,0,0,10,10,0,0,10,0.0,0,0,0.0,0.0,1.0
"F[1,2]((Phosphate >= 0.000 & Magnesium > 0.000) -> Calcium < 0.000)
",-9999999.000,-9999999.000,0.000,0.000,1.000,0,0,0,10,10,0,0,10,0.0,0,0,0.0,0.0,1.0
"F[0,2](((Calcium < 0.000 & Potassium < 0.000) & Magnesium < 0.000) & Phosphate < 0.000)
",-9999999.000,-9999999.000,0.000,0.000,1.000,0,0,0,10,10,0,0,10,0.0,0,0,0.0,0.0,1.0
"F[1,1]((Calcium <= 0.000 & Potassium <= 0.000) & Magnesium >= 0.000)
",0.000,0.000,0.000,0.000,1.000,0,0,0,10,10,0,0,10,0.0,0,0,0.0,0.0,1.0
"F[0,2](Hgb <= 0.000 | Hct <= 0.000)
",-9999999.000,-9999999.000,0.000,0.000,1.000,0,0,0,10,10,0,0,10,0.0,0,0,0.0,0.0,1.0
"((MAP >= 17.251) U[0,2] (SBP <= 116.258))
",-9999999.000,-9999999.000,0.000,0.000,1.000,0,0,0,10,10,0,0,10,0.0,0,0,0.0,0.0,1.0
"F[0,1]((Phosphate >= 0.000 & Magnesium > 0.000) -> Calcium < 0.000)
",-9999999.000,-9999999.000,0.000,0.000,1.000,0,0,0,10,10,0,0,10,0.0,0,0,0.0,0.0,1.0
"F[1,2](((Calcium < 0.000 & Potassium < 0.000) & Magnesium < 0.000) & Phosphate < 0.000)
",-9999999.000,-9999999.000,0.000,0.000,1.000,0,0,0,10,10,0,0,10,0.0,0,0,0.0,0.0,1.0
"F[0,0]((Calcium <= 0.000 & Potassium <= 0.000) & Magnesium >= 0.000)
",0.000,0.000,0.000,0.000,1.000,0,0,0,10,10,0,0,10,0.0,0,0,0.0,0.0,1.0
"F[0,1](Hgb <= 0.000 | Hct <= 0.000)
",-9999999.000,-9999999.000,0.000,0.000,1.000,0,0,0,10,10,0,0,10,0.0,0,0,0.0,0.0,1.0
"((MAP >= 6.463) U[2,2] (SBP <= 109.400))
",109.400,109.400,0.000,0.000,1.000,0,0,0,10,10,0,0,10,0.0,0,0,0.0,0.0,1.0
"F[0,0]((Phosphate >= 0.000 & Magnesium > 0.000) -> Calcium < 0.000)
",0.000,0.000,0.000,0.000,1.000,0,0,0,10,10,0,0,10,0.0,0,0,0.0,0.0,1.0
"F[1,1]((Calcium <= 0.000 & Potassium <= 0.000) & Magnesium >= 0.000)
",0.000,0.000,0.000,0.000,1.000,0,0,0,10,10,0,0,10,0.0,0,0,0.0,0.0,1.0
"F[1,1](Hgb <= 0.000 | Hct <= 0.000)
",0.000,0.000,0.000,0.000,1.000,0,0,0,10,10,0,0,10,0.0,0,0,0.0,0.0,1.0
"F[0,2]((Phosphate >= 0.000 & Magnesium > 0.000) -> Calcium < 0.000)
",-9999999.000,-9999999.000,0.000,0.000,1.000,0,0,0,10,10,0,0,10,0.0,0,0,0.0,0.0,1.0
"F[0,2](((Calcium < 0.000 & Potassium < 0.000) & Magnesium < 0.000) & Phosphate < 0.000)
",-9999999.000,-9999999.000,0.000,0.000,1.000,0,0,0,10,10,0,0,10,0.0,0,0,0.0,0.0,1.0
"F[0,1]((Calcium <= 0.000 & Potassium <= 0.000) & Magnesium >= 0.000)
",-9999999.000,-9999999.000,0.000,0.000,1.000,0,0,0,10,10,0,0,10,0.0,0,0,0.0,0.0,1.0
"F[2,2](((SepsisLabel >= 0.000 -> HCO3 <= 0.000) & MAP >= 0.000) & SaO2 >= 0.000)
",0.000,0.000,0.000,0.000,1.000,0,0,0,10,10,0,0,10,0.0,0,0,0.0,0.0,1.0
"F[1,1]((BaseExcess <= 0.000 -> TroponinI <= 0.000) -> HR >= 0.000)
",0.000,0.000,0.000,0.000,1.000,0,0,0,10,10,0,0,10,0.0,0,0,0.0,0.0,1.0
"F[0,1](PTT >= 0.000 & WBC <= 0.000)
",-9999999.000,-9999999.000,0.000,0.000,1.000,0,0,0,10,10,0,0,10,0.0,0,0,0.0,0.0,1.0
"F[0,1]((Lactate <= 0.000 | Bilirubin_direct >= 0.000) & Temp >= 0.000)
",-9999999.000,-9999999.000,0.000,0.000,1.000,0,0,0,10,10,0,0,10,0.0,0,0,0.0,0.0,1.0
"((Platelets >= 0.000) U[2,2] (Magnesium >= 0.000))
",0.000,0.000,0.000,0.000,1.000,0,0,0,10,10,0,0,10,0.0,0,0,0.0,0.0,1.0
"((Chloride <= 0.000) U[0,2] (Alkalinephos >= 0.000))
",-9999999.000,-9999999.000,0.000,0.000,1.000,0,0,0,10,10,0,0,10,0.0,0,0,0.0,0.0,1.0
"F[0,2]((Alkalinephos >= 0.000 -> HR >= 53.757) -> TroponinI <= 80.721)
",-9999999.000,-9999999.000,0.000,0.000,1.000,0,0,0,10,10,0,0,10,0.0,0,0,0.0,0.0,1.0
"F[0,1](((PaCO2 >= 0.000 | EtCO2 >= 0.000) | Magnesium >= 0.000) | BUN <= 0.000)
",-9999999.000,-9999999.000,0.000,0.000,1.000,0,0,0,10,10,0,0,10,0.0,0,0,0.0,0.0,1.0
"F[0,2](((Fibrinogen <= 0.000 & PTT <= 0.000) | Temp >= 0.000) -> HR <= 0.000)
",-9999999.000,-9999999.000,0.000,0.000,1.000,0,0,0,10,10,0,0,10,0.0,0,0,0.0,0.0,1.0
"F[0,1](((Bilirubin_direct <= 0.000 | AST >= 0.000) -> Temp <= 0.000) -> Bilirubin_direct <= 0.000)
",-9999999.000,-9999999.000,0.000,0.000,1.000,0,0,0,10,10,0,0,10,0.0,0,0,0.0,0.0,1.0
"F[1,1](((Bilirubin_direct >= 0.000 -> Fibrinogen >= 0.000) & Magnesium >= 0.000) | Chloride <= 0.000)
",0.000,0.000,0.000,0.000,1.000,0,0,0,10,10,0,0,10,0.0,0,0,0.0,0.0,1.0
"F[1,1]((AST >= 0.000 -> BaseExcess >= 0.000) -> TroponinI >= 0.000)
",0.000,0.000,0.000,0.000,1.000,0,0,0,10,10,0,0,10,0.0,0,0,0.0,0.0,1.0
"F[2,2](Resp <= 16.019 & Fibrinogen >= 0.000)
",0.000,0.000,0.000,0.000,1.000,0,0,0,10,10,0,0,10,0.0,0,0,0.0,0.0,1.0
"((Potassium <= 0.000) U[0,2] (Bilirubin_total >= 0.000))
",-9999999.000,-9999999.000,0.000,0.000,1.000,0,0,0,10,10,0,0,10,0.0,0,0,0.0,0.0,1.0
"((PaCO2 >= 0.000) U[2,2] (WBC <= 0.000))
",0.000,0.000,0.000,0.000,1.000,0,0,0,10,10,0,0,10,0.0,0,0,0.0,0.0,1.0
"((DBP >= 54.526) U[0,2] (BUN <= 0.000))
",-9999999.000,-9999999.000,0.000,0.000,1.000,0,0,0,10,10,0,0,10,0.0,0,0,0.0,0.0,1.0
"F[0,1](MAP <= 82.087 | O2Sat >= 15.702)
",-9999999.000,-9999999.000,0.000,0.000,1.000,0,0,0,10,10,0,0,10,0.0,0,0,0.0,0.0,1.0
"F[0,2]((Lactate >= 0.000 | BaseExcess <= 0.000) -> pH >= 0.000)
",-9999999.000,-9999999.000,0.000,0.000,1.000,0,0,0,10,10,0,0,10,0.0,0,0,0.0,0.0,1.0
"((Platelets >= 0.000) U[1,2] (Creatinine <= 0.000))
",-9999999.000,-9999999.000,0.000,0.000,1.000,0,0,0,10,10,0,0,10,0.0,0,0,0.0,0.0,1.0
"F[2,2](Creatinine >= 0.000 -> Alkalinephos >= 0.000)
",0.000,0.000,0.000,0.000,1.000,0,0,0,10,10,0,0,10,0.0,0,0,0.0,0.0,1.0
"F[0,1]((Platelets <= 0.000 -> Bilirubin_direct >= 0.000) & PTT >= 0.000)
",-9999999.000,-9999999.000,0.000,0.000,1.000,0,0,0,10,10,0,0,10,0.0,0,0,0.0,0.0,1.0
"F[0,2](Resp <= 18.774 & HCO3 <= 0.000)
",-9999999.000,-9999999.000,0.000,0.000,1.000,0,0,0,10,10,0,0,10,0.0,0,0,0.0,0.0,1.0
"F[2,2](((PaCO2 >= 0.000 -> Alkalinephos <= 0.000) | pH <= 0.000) | Potassium >= 0.000)
",0.000,0.000,0.000,0.000,1.000,0,0,0,10,10,0,0,10,0.0,0,0,0.0,0.0,1.0
"F[0,1](Hgb >= 0.000 & Hgb >= 0.000)
",-9999999.000,-9999999.000,0.000,0.000,1.000,0,0,0,10,10,0,0,10,0.0,0,0,0.0,0.0,1.0
"F[0,0](((Creatinine <= 0.000 -> EtCO2 >= 0.000) -> Hct <= 0.000) | HCO3 <= 0.000)
",0.000,0.000,0.000,0.000,1.000,0,0,0,10,10,0,0,10,0.0,0,0,0.0,0.0,1.0
"F[0,2]((Fibrinogen <= 0.000 & Alkalinephos >= 0.000) & AST >= 0.000)
",-9999999.000,-9999999.000,0.000,0.000,1.000,0,0,0,10,10,0,0,10,0.0,0,0,0.0,0.0,1.0
"F[1,2](((Hct <= 0.000 -> DBP <= 81.939) | BaseExcess >= 28.371) | PTT >= 58.127)
",-9999999.000,-9999999.000,0.000,0.000,1.000,0,0,0,10,10,0,0,10,0.0,0,0,0.0,0.0,1.0
"((SBP <= 110.697) U[0,2] (Potassium >= 0.000))
",-9999999.000,-9999999.000,0.000,0.000,1.000,0,0,0,10,10,0,0,10,0.0,0,0,0.0,0.0,1.0
"F[0,1]((PaCO2 <= 0.000 | Alkalinephos >= 0.000) -> HR >= 0.000)
",-9999999.000,-9999999.000,0.000,0.000,1.000,0,0,0,10,10,0,0,10,0.0,0,0,0.0,0.0,1.0
"F[0,1](BaseExcess <= 0.000 & MAP <= 97.619)
",-9999999.000,-9999999.000,0.000,0.000,1.000,0,0,0,10,10,0,0,10,0.0,0,0,0.0,0.0,1.0
"((BaseExcess >= 0.000) U[0,1] (pH <= 0.000))
",-9999999.000,-9999999.000,0.000,0.000,1.000,0,0,0,10,10,0,0,10,0.0,0,0,0.0,0.0,1.0
"((SaO2 >= 0.000) U[2,2] (Bilirubin_total <= 0.000))
",0.000,0.000,0.000,0.000,1.000,0,0,0,10,10,0,0,10,0.0,0,0,0.0,0.0,1.0
"F[2,2]((Calcium >= 0.000 & WBC <= 0.000) | DBP >= 0.000)
",0.000,0.000,0.000,0.000,1.000,0,0,0,10,10,0,0,10,0.0,0,0,0.0,0.0,1.0
"F[2,2](Creatinine <= 0.000 -> Glucose <= 0.000)
",0.000,0.000,0.000,0.000,1.000,0,0,0,10,10,0,0,10,0.0,0,0,0.0,0.0,1.0
"F[0,2]((Calcium <= 0.000 & Potassium <= 0.000) & Magnesium >= 0.000)
",-9999999.000,-9999999.000,0.000,0.000,1.000,0,0,0,10,10,0,0,10,0.0,0,0,0.0,0.0,1.0
"F[1,2](Chloride >= 0.000 | pH <= 0.000)
",-9999999.000,-9999999.000,0.000,0.000,1.000,0,0,0,10,10,0,0,10,0.0,0,0,0.0,0.0,1.0
"F[1,2]((Creatinine >= 0.000 & SBP <= 121.908) & MAP <= 136.329)
",-9999999.000,-9999999.000,0.000,0.000,1.000,0,0,0,10,10,0,0,10,0.0,0,0,0.0,0.0,1.0
"F[1,2]((Phosphate <= 0.000 | Chloride >= 0.000) | AST <= 0.000)
",-9999999.000,-9999999.000,0.000,0.000,1.000,0,0,0,10,10,0,0,10,0.0,0,0,0.0,0.0,1.0
"((BUN <= 0.000) U[1,2] (AST >= 0.000))
",-9999999.000,-9999999.000,0.000,0.000,1.000,0,0,0,10,10,0,0,10,0.0,0,0,0.0,0.0,1.0
"F[0,2](Platelets >= 0.000 & BaseExcess >= 0.000)
",-9999999.000,-9999999.000,0.000,0.000,1.000,0,0,0,10,10,0,0,10,0.0,0,0,0.0,0.0,1.0
"F[0,1](((Bilirubin_total <= 0.000 & Bilirubin_direct <= 0.000) -> SaO2 <= 0.000) | SaO2 >= 0.000)
",-9999999.000,-9999999.000,0.000,0.000,1.000,0,0,0,10,10,0,0,10,0.0,0,0,0.0,0.0,1.0
"F[0,1](((O2Sat >= 50.999 & PTT <= 0.000) | Lactate >= 0.000) | Glucose >= 0.000)
",-9999999.000,-9999999.000,0.000,0.000,1.000,0,0,0,10,10,0,0,10,0.0,0,0,0.0,0.0,1.0
"((HCO3 >= 0.000) U[2,2] (O2Sat <= 97.076))
",97.076,97.076,0.000,0.000,1.000,0,0,0,10,10,0,0,10,0.0,0,0,0.0,0.0,1.0
"F[0,1](Bilirubin_total <= 0.000 -> Fibrinogen >= 0.000)
",-9999999.000,-9999999.000,0.000,0.000,1.000,0,0,0,10,10,0,0,10,0.0,0,0,0.0,0.0,1.0
"F[0,1]((SaO2 >= 0.000 & pH >= 0.000) -> PaCO2 >= 0.000)
",-9999999.000,-9999999.000,0.000,0.000,1.000,0,0,0,10,10,0,0,10,0.0,0,0,0.0,0.0,1.0
"F[0,2]((Creatinine >= 0.000 & TroponinI <= 0.000) -> Magnesium <= 0.000)
",-9999999.000,-9999999.000,0.000,0.000,1.000,0,0,0,10,10,0,0,10,0.0,0,0,0.0,0.0,1.0
"F[1,2]((Potassium >= 0.000 -> HR >= 57.376) & Magnesium <= 82.023)
",-9999999.000,-9999999.000,0.000,0.000,1.000,0,0,0,10,10,0,0,10,0.0,0,0,0.0,0.0,1.0
"F[0,1]((SBP >= 18.373 & PaCO2 >= 0.000) | Alkalinephos <= 0.000)
",-9999999.000,-9999999.000,0.000,0.000,1.000,0,0,0,10,10,0,0,10,0.0,0,0,0.0,0.0,1.0
"((EtCO2 >= 0.000) U[1,1] (Glucose >= 0.000))
",0.000,0.000,0.000,0.000,1.000,0,0,0,10,10,0,0,10,0.0,0,0,0.0,0.0,1.0
"((Lactate >= 0.000) U[1,1] (WBC >= 0.000))
",0.000,0.000,0.000,0.000,1.000,0,0,0,10,10,0,0,10,0.0,0,0,0.0,0.0,1.0
"((TroponinI <= 0.000) U[0,2] (BUN >= 0.000))
",-9999999.000,-9999999.000,0.000,0.000,1.000,0,0,0,10,10,0,0,10,0.0,0,0,0.0,0.0,1.0
"((Temp <= 33.512) U[2,2] (Bilirubin_total >= 0.000))
",33.512,33.512,0.000,0.000,1.000,0,0,0,10,10,0,0,10,0.0,0,0,0.0,0.0,1.0
"((MAP <= 78.242) U[2,2] (HR >= 29.828))
",78.242,78.242,0.000,0.000,1.000,0,0,0,10,10,0,0,10,0.0,0,0,0.0,0.0,1.0
"F[2,2]((Lactate <= 0.000 & Chloride <= 0.000) & O2Sat >= 0.000)
",0.000,0.000,0.000,0.000,1.000,0,0,0,10,10,0,0,10,0.0,0,0,0.0,0.0,1.0
"F[1,1](((O2Sat >= 85.596 | SepsisLabel >= 0.000) -> HR >= 0.000) & PaCO2 >= 0.000)
",0.000,0.000,0.000,0.000,1.000,0,0,0,10,10,0,0,10,0.0,0,0,0.0,0.0,1.0
"F[0,2]((Temp >= 18.587 -> pH <= 0.000) & PTT <= 0.000)
",-9999999.000,-9999999.000,0.000,0.000,1.000,0,0,0,10,10,0,0,10,0.0,0,0,0.0,0.0,1.0
"F[2,2](((Alkalinephos >= 0.000 | Temp >= 16.826) -> DBP <= 33.318) -> Magnesium >= 4.567)
",4.567,4.567,0.000,0.000,1.000,0,0,0,10,10,0,0,10,0.0,0,0,0.0,0.0,1.0
"F[2,2](((Phosphate <= 0.000 & Hgb >= 0.000) & SaO2 <= 0.000) -> BUN <= 0.000)
",0.000,0.000,0.000,0.000,1.000,0,0,0,10,10,0,0,10,0.0,0,0,0.0,0.0,1.0
"((EtCO2 >= 0.000) U[0,2] (Platelets <= 0.000))
",-9999999.000,-9999999.000,0.000,0.000,1.000,0,0,0,10,10,0,0,10,0.0,0,0,0.0,0.0,1.0
"((EtCO2 >= 0.000) U[0,2] (PaCO2 <= 0.000))
",-9999999.000,-9999999.000,0.000,0.000,1.000,0,0,0,10,10,0,0,10,0.0,0,0,0.0,0.0,1.0
"F[1,2](((Creatinine <= 0.000 & Platelets >= 0.000) -> Bilirubin_total <= 0.000) & Platelets <= 0.000)
",-9999999.000,-9999999.000,0.000,0.000,1.000,0,0,0,10,10,0,0,10,0.0,0,0,0.0,0.0,1.0
"F[1,2](Bilirubin_total >= 0.000 -> SBP <= 126.905)
",-9999999.000,-9999999.000,0.000,0.000,1.000,0,0,0,10,10,0,0,10,0.0,0,0,0.0,0.0,1.0
"F[0,1](((TroponinI <= 0.000 -> WBC >= 0.000) | Calcium <= 0.000) | HR >= 0.000)
",-9999999.000,-9999999.000,0.000,0.000,1.000,0,0,0,10,10,0,0,10,0.0,0,0,0.0,0.0,1.0
"F[1,2](((AST >= 0.000 -> FiO2 >= 0.000) -> Chloride >= 0.000) -> O2Sat >= 0.000)
",-9999999.000,-9999999.000,0.000,0.000,1.000,0,0,0,10,10,0,0,10,0.0,0,0,0.0,0.0,1.0
"F[2,2](((Platelets <= 0.000 & Glucose <= 0.000) -> Fibrinogen <= 0.000) & Potassium >= 0.000)
",0.000,0.000,0.000,0.000,1.000,0,0,0,10,10,0,0,10,0.0,0,0,0.0,0.0,1.0
"F[0,2](((Bilirubin_total <= 0.000 -> Glucose >= 0.000) & Resp <= 0.000) -> Bilirubin_direct >= 0.000)
",-9999999.000,-9999999.000,0.000,0.000,1.000,0,0,0,10,10,0,0,10,0.0,0,0,0.0,0.0,1.0
"((Fibrinogen >= 0.000) U[1,1] (EtCO2 >= 0.000))
",0.000,0.000,0.000,0.000,1.000,0,0,0,10,10,0,0,10,0.0,0,0,0.0,0.0,1.0
"F[1,2]((SepsisLabel <= 0.000 -> DBP <= 74.599) -> Magnesium <= 74.994)
",-9999999.000,-9999999.000,0.000,0.000,1.000,0,0,0,10,10,0,0,10,0.0,0,0,0.0,0.0,1.0
"F[0,1]((HCO3 >= 0.000 -> SaO2 <= 0.000) & Bilirubin_total >= 0.000)
",-9999999.000,-9999999.000,0.000,0.000,1.000,0,0,0,10,10,0,0,10,0.0,0,0,0.0,0.0,1.0
"F[0,1]((MAP <= 78.978 | FiO2 <= 0.000) | Hct >= 0.000)
",-9999999.000,-9999999.000,0.000,0.000,1.000,0,0,0,10,10,0,0,10,0.0,0,0,0.0,0.0,1.0
"F[0,2]((Platelets <= 0.000 & Potassium <= 0.000) & HR >= 0.000)
",-9999999.000,-9999999.000,0.000,0.000,1.000,0,0,0,10,10,0,0,10,0.0,0,0,0.0,0.0,1.0
"F[1,2](((PTT <= 0.000 | SepsisLabel >= 0.000) & SepsisLabel >= 0.000) -> Temp <= 0.000)
",-9999999.000,-9999999.000,0.000,0.000,1.000,0,0,0,10,10,0,0,10,0.0,0,0,0.0,0.0,1.0
"F[1,2](Resp >= 4.140 & Lactate >= 0.000)
",-9999999.000,-9999999.000,0.000,0.000,1.000,0,0,0,10,10,0,0,10,0.0,0,0,0.0,0.0,1.0
"F[0,0](((Temp >= 19.191 -> Potassium <= 0.000) & Fibrinogen >= 0.000) | WBC <= 0.000)
",0.000,0.000,0.000,0.000,1.000,0,0,0,10,10,0,0,10,0.0,0,0,0.0,0.0,1.0
"F[0,2](((Resp <= 14.658 & Hgb >= 0.000) -> Resp >= 0.000) | Magnesium <= 0.000)
",-9999999.000,-9999999.000,0.000,0.000,1.000,0,0,0,10,10,0,0,10,0.0,0,0,0.0,0.0,1.0
"((Bilirubin_direct <= 0.000) U[2,2] (WBC >= 0.000))
",0.000,0.000,0.000,0.000,1.000,0,0,0,10,10,0,0,10,0.0,0,0,0.0,0.0,1.0
"((Hct <= 0.000) U[1,2] (WBC <= 0.000))
",-9999999.000,-9999999.000,0.000,0.000,1.000,0,0,0,10,10,0,0,10,0.0,0,0,0.0,0.0,1.0
"F[2,2](((EtCO2 <= 0.000 | Temp <= 31.947) | AST <= 37.078) -> Phosphate <= 36.708)
",-37.078,-37.078,0.000,0.000,1.000,0,0,0,10,10,0,0,10,0.0,0,0,0.0,0.0,1.0
"F[0,0](((TroponinI >= 0.000 | Temp >= 17.681) & Fibrinogen <= 34.841) & FiO2 <= 34.300)
",2.828,30.489,0.000,0.000,1.000,0,0,0,10,10,0,0,10,0.0,0,0,0.0,0.0,1.0
"F[0,1](((Alkalinephos >= 0.000 & Lactate <= 0.000) -> Bilirubin_direct >= 0.000) -> TroponinI <= 0.000)
",-9999999.000,-9999999.000,0.000,0.000,1.000,0,0,0,10,10,0,0,10,0.0,0,0,0.0,0.0,1.0
"((SaO2 >= 0.000) U[0,2] (HR <= 86.424))
",-9999999.000,-9999999.000,0.000,0.000,1.000,0,0,0,10,10,0,0,10,0.0,0,0,0.0,0.0,1.0
"F[1,2]((Phosphate <= 0.000 -> MAP >= 3.318) | SaO2 <= 96.504)
",-9999999.000,-9999999.000,0.000,0.000,1.000,0,0,0,10,10,0,0,10,0.0,0,0,0.0,0.0,1.0
"F[0,2]((AST >= 0.000 & Temp >= 25.266) | Fibrinogen <= 36.982)
",-9999999.000,-9999999.000,0.000,0.000,1.000,0,0,0,10,10,0,0,10,0.0,0,0,0.0,0.0,1.0
"F[2,2](BaseExcess <= 0.000 -> BUN >= 0.000)
",0.000,0.000,0.000,0.000,1.000,0,0,0,10,10,0,0,10,0.0,0,0,0.0,0.0,1.0
"F[2,2]((SepsisLabel >= 0.000 -> PaCO2 <= 0.000) -> Platelets >= 0.000)
",0.000,0.000,0.000,0.000,1.000,0,0,0,10,10,0,0,10,0.0,0,0,0.0,0.0,1.0
"((Platelets <= 0.000) U[0,2] (pH <= 0.000))
",-9999999.000,-9999999.000,0.000,0.000,1.000,0,0,0,10,10,0,0,10,0.0,0,0,0.0,0.0,1.0
