Rule,Discrimination Score,Pos Robustness,Neg Robustness,Percent Class +,Percent Class -,TP,TN,FP,FN,Actual Yes,Actual No,Predicted Yes,Predicted No,TPR/Sens,TNR/Spec,FPR,Precision,Accuracy,MCR,Class
"G[0,0](Alkalinephos >= 0.980 -> Bilirubin_total >= 0.032)
",-0.325,-0.751,0.000,1.000,0.000,19,0,0,0,19,0,19,0,1.0,0.0,0.0,1.0,1.027027027027027,-0.027027027027026973,1
"G[0,0](Fibrinogen >= 0.000 | O2Sat <= 98.573)
",1.575,17.589,0.000,1.000,0.000,19,0,0,0,19,0,19,0,1.0,0.0,0.0,1.0,1.027027027027027,-0.027027027027026973,1
"F[0,0]((Hct <= 4.760 -> WBC >= 0.038) & Potassium >= 0.062)
",-4.760,-4.760,0.000,0.000,1.000,19,0,0,0,19,0,19,0,1.0,0.0,0.0,1.0,1.027027027027027,-0.027027027027026973,-1
"F[0,0](((pH >= 0.000 & Hct >= 1.041) & Magnesium >= 0.119) & pH <= 30.033)
",-4686795299431365.000,-1.041,0.000,0.000,1.000,19,0,0,0,19,0,19,0,1.0,0.0,0.0,1.0,1.027027027027027,-0.027027027027026973,-1
"F[0,0](PaCO2 < 0.000 & SepsisLabel = 0.000)
",-0.243,-8.222,0.000,0.000,1.000,19,0,0,0,19,0,19,0,1.0,0.0,0.0,1.0,1.027027027027027,-0.027027027027026973,-1
"G[0,0](PaCO2 <= 0.000 & BaseExcess <= 0.000)
",0.000,0.000,0.000,1.000,0.000,19,0,0,0,19,0,19,0,1.0,0.0,0.0,1.0,1.027027027027027,-0.027027027027026973,1
"F[0,0](((MAP <= 106.776 | Temp <= 11.981) -> Fibrinogen >= 5.443) & Calcium <= 28.717)
",-0.050,-0.971,0.000,0.000,1.000,19,0,0,0,19,0,19,0,1.0,0.0,0.0,1.0,1.027027027027027,-0.027027027027026973,-1
"G[0,0](((O2Sat >= 13.212 & SepsisLabel >= 0.000) -> HR >= 0.000) & BaseExcess >= 0.000)
",-33856.000,-33856.000,0.000,1.000,0.000,19,0,0,0,19,0,19,0,1.0,0.0,0.0,1.0,1.027027027027027,-0.027027027027026973,1
"G[0,0](((MAP >= 70.664 -> PTT >= 0.000) | SBP >= 0.000) | MAP <= 0.000)
",0.354,4.067,0.000,1.000,0.000,19,0,0,0,19,0,19,0,1.0,0.0,0.0,1.0,1.027027027027027,-0.027027027027026973,1
"G[0,0](((Alkalinephos >= 1.649 -> Phosphate <= 0.394) & Bilirubin_direct <= 4.550) | Bilirubin_total >= 0.141)
",0.232,0.270,0.000,1.000,0.000,19,0,0,0,19,0,19,0,1.0,0.0,0.0,1.0,1.027027027027027,-0.027027027027026973,1
"G[0,0]((BUN >= 0.024 -> O2Sat <= 92.049) | Hct <= 93.277)
",93.277,93.277,0.000,1.000,0.000,19,0,0,0,19,0,19,0,1.0,0.0,0.0,1.0,1.027027027027027,-0.027027027027026973,1
"G[0,0](Bilirubin_direct >= 0.000 & SepsisLabel = 0.000)
",-0.243,-8.222,0.000,1.000,0.000,19,0,0,0,19,0,19,0,1.0,0.0,0.0,1.0,1.027027027027027,-0.027027027027026973,1
"G[0,0](Potassium >= 0.020 | Bilirubin_direct <= 0.000)
",0.242,0.292,0.000,1.000,0.000,19,0,0,0,19,0,19,0,1.0,0.0,0.0,1.0,1.027027027027027,-0.027027027027026973,1
"F[0,0](((Calcium < 8.474 & Potassium < 0.868) & Magnesium < 0.000) & Phosphate < 3.509)
",-0.338,-8.058,0.000,0.000,1.000,19,0,0,0,19,0,19,0,1.0,0.0,0.0,1.0,1.027027027027027,-0.027027027027026973,-1
"G[0,0]((WBC >= 0.036 | BUN <= 6.640) | Fibrinogen <= 8.698)
",14.362,8.553,0.000,1.000,0.000,19,0,0,0,19,0,19,0,1.0,0.0,0.0,1.0,1.027027027027027,-0.027027027027026973,1
"G[0,0]((Lactate >= 0.000 | Lactate >= 0.000) & BUN >= 0.000)
",0.354,3.889,0.000,1.000,0.000,19,0,0,0,19,0,19,0,1.0,0.0,0.0,1.0,1.027027027027027,-0.027027027027026973,1
"G[0,0](Chloride >= 0.000 & HCO3 >= 0.000)
",0.000,0.000,0.000,1.000,0.000,19,0,0,0,19,0,19,0,1.0,0.0,0.0,1.0,1.027027027027027,-0.027027027027026973,1
"G[0,0]((Alkalinephos <= 39.852 & Magnesium <= 0.000) -> WBC >= 0.000)
",0.000,0.000,0.000,1.000,0.000,19,0,0,0,19,0,19,0,1.0,0.0,0.0,1.0,1.027027027027027,-0.027027027027026973,1
"G[0,0](Hgb <= 3.829 -> Platelets <= 16.820)
",-16.820,-16.820,0.000,1.000,0.000,19,0,0,0,19,0,19,0,1.0,0.0,0.0,1.0,1.027027027027027,-0.027027027027026973,1
"G[0,0](Bilirubin_total >= 0.032 -> Calcium >= 0.267)
",-0.340,-8.942,0.000,1.000,0.000,19,0,0,0,19,0,19,0,1.0,0.0,0.0,1.0,1.027027027027027,-0.027027027027026973,1
"G[0,0](PTT <= 0.000 | FiO2 <= 0.000)
",0.000,0.000,0.000,1.000,0.000,19,0,0,0,19,0,19,0,1.0,0.0,0.0,1.0,1.027027027027027,-0.027027027027026973,1
"G[0,0](((Creatinine >= 0.028 | Platelets <= 126.768) & DBP >= 0.482) -> Hgb <= 69.883)
",-12.578,-103.629,0.000,1.000,0.000,19,0,0,0,19,0,19,0,1.0,0.0,0.0,1.0,1.027027027027027,-0.027027027027026973,1
"G[0,0]((O2Sat >= 13.327 -> Fibrinogen >= 0.000) -> Alkalinephos >= 0.000)
",-0.342,-0.889,0.000,1.000,0.000,19,0,0,0,19,0,19,0,1.0,0.0,0.0,1.0,1.027027027027027,-0.027027027027026973,1
"G[0,0](((Calcium <= 1.166 & Resp >= 7.665) | Phosphate >= 12.203) -> Hct <= 21.875)
",-21.875,-21.875,0.000,1.000,0.000,19,0,0,0,19,0,19,0,1.0,0.0,0.0,1.0,1.027027027027027,-0.027027027027026973,1
"G[0,0]((O2Sat <= 92.506 -> HCO3 <= 0.000) | Temp <= 0.000)
",-1.316,-12.616,0.000,1.000,0.000,19,0,0,0,19,0,19,0,1.0,0.0,0.0,1.0,1.027027027027027,-0.027027027027026973,1
"G[0,0]((Hct >= 0.445 & Hgb <= 8.159) | MAP >= 0.225)
",12.332,138.913,0.000,1.000,0.000,18,0,0,1,19,0,18,1,0.9473684210526315,0.0,0.0,1.0,0.972972972972973,0.027027027027026973,1
"G[0,1](((TroponinI <= 0.000 | SepsisLabel >= 0.000) -> MAP <= 0.000) -> BaseExcess <= 0.000)
",9999999.000,9999999.000,0.000,1.000,0.000,18,0,1,0,18,1,19,0,1.0,0.0,1.0,0.9473684210526315,0.972972972972973,0.027027027027026973,1
"G[1,1](Magnesium >= 0.000 & BaseExcess >= 0.000)
",0.000,0.000,0.000,1.000,0.000,18,0,1,0,18,1,19,0,1.0,0.0,1.0,0.9473684210526315,0.972972972972973,0.027027027027026973,1
"((Magnesium > 0.000) U[1,1] (SepsisLabel = 0.000))
",0.000,0.000,0.000,0.000,1.000,18,0,0,1,19,0,18,1,0.9473684210526315,0.0,0.0,1.0,0.972972972972973,0.027027027027026973,-1
"G[1,1](((WBC <= 1.868 -> Platelets <= 111.376) | SaO2 <= 109.278) | Creatinine >= 0.987)
",109.278,109.278,0.000,1.000,0.000,18,0,1,0,18,1,19,0,1.0,0.0,1.0,0.9473684210526315,0.972972972972973,0.027027027027026973,1
"G[0,1]((AST >= 0.156 & PaCO2 >= 0.000) -> FiO2 >= 0.000)
",9999999.000,9999999.000,0.000,1.000,0.000,18,0,1,0,18,1,19,0,1.0,0.0,1.0,0.9473684210526315,0.972972972972973,0.027027027027026973,1
"G[1,1](Chloride >= 0.000 & HCO3 >= 0.000)
",0.000,0.000,0.000,1.000,0.000,18,0,1,0,18,1,19,0,1.0,0.0,1.0,0.9473684210526315,0.972972972972973,0.027027027027026973,1
"G[0,1](((EtCO2 >= 0.000 | Fibrinogen <= 0.000) -> Creatinine <= 0.000) -> Phosphate >= 0.000)
",9999999.000,9999999.000,0.000,1.000,0.000,18,0,1,0,18,1,19,0,1.0,0.0,1.0,0.9473684210526315,0.972972972972973,0.027027027027026973,1
"F[0,0]((Hct <= 4.504 & Calcium >= 0.336) & MAP >= 0.473)
",0.133,0.202,0.000,0.000,1.000,18,0,0,1,19,0,18,1,0.9473684210526315,0.0,0.0,1.0,0.972972972972973,0.027027027027026973,-1
"G[0,1]((PTT >= 0.000 | Fibrinogen <= 0.000) & Chloride <= 0.000)
",9999999.000,9999999.000,0.000,1.000,0.000,18,0,1,0,18,1,19,0,1.0,0.0,1.0,0.9473684210526315,0.972972972972973,0.027027027027026973,1
"F[0,1]((BUN >= 0.295 | Glucose <= 88.245) & Bilirubin_total >= 2.675)
",-9999999.000,-9999999.000,0.000,0.000,1.000,18,0,0,1,19,0,18,1,0.9473684210526315,0.0,0.0,1.0,0.972972972972973,0.027027027027026973,-1
"F[0,1](BUN >= 0.142 & Creatinine <= 0.587)
",-9999999.000,-9999999.000,0.000,0.000,1.000,18,0,0,1,19,0,18,1,0.9473684210526315,0.0,0.0,1.0,0.972972972972973,0.027027027027026973,-1
"G[0,1](Chloride >= 0.000 & HCO3 >= 0.000)
",9999999.000,9999999.000,0.000,1.000,0.000,18,0,1,0,18,1,19,0,1.0,0.0,1.0,0.9473684210526315,0.972972972972973,0.027027027027026973,1
"F[1,1](Glucose >= 2.320 & Potassium <= 1.334)
",-5225257668977572.000,-2.320,0.000,0.000,1.000,18,0,0,1,19,0,18,1,0.9473684210526315,0.0,0.0,1.0,0.972972972972973,0.027027027027026973,-1
"F[1,1](((Bilirubin_total >= 0.043 | Calcium >= 0.484) & Hgb <= 6.419) & MAP <= 5.968)
",-0.043,-0.043,0.000,0.000,1.000,18,0,0,1,19,0,18,1,0.9473684210526315,0.0,0.0,1.0,0.972972972972973,0.027027027027026973,-1
"F[1,1](((DBP >= 71.203 -> Temp <= 28.441) -> SBP <= 9.360) & Creatinine >= 4.091)
",-9.360,-9.360,0.000,0.000,1.000,18,0,0,1,19,0,18,1,0.9473684210526315,0.0,0.0,1.0,0.972972972972973,0.027027027027026973,-1
"F[1,1](((BaseExcess >= 0.000 | DBP >= 15.507) | Alkalinephos >= 35.135) -> WBC >= 2.706)
",0.000,0.000,0.000,0.000,1.000,18,0,0,1,19,0,18,1,0.9473684210526315,0.0,0.0,1.0,0.972972972972973,0.027027027027026973,-1
"F[1,1]((DBP <= 90.392 & MAP <= 111.057) & EtCO2 >= 20.134)
",-20.134,-20.134,0.000,0.000,1.000,18,0,0,1,19,0,18,1,0.9473684210526315,0.0,0.0,1.0,0.972972972972973,0.027027027027026973,-1
"F[1,1](((Temp >= 0.454 & HR <= 85.386) -> Creatinine <= 86.784) -> HCO3 >= 1.000)
",1.000,1.000,0.000,0.000,1.000,18,0,0,1,19,0,18,1,0.9473684210526315,0.0,0.0,1.0,0.972972972972973,0.027027027027026973,-1
"((Alkalinephos >= 3.804) U[1,2] (Chloride >= 0.000))
",-9999999.000,-9999999.000,0.000,0.000,1.000,18,0,0,1,19,0,18,1,0.9473684210526315,0.0,0.0,1.0,0.972972972972973,0.027027027027026973,-1
"((Alkalinephos >= 3.126) U[1,2] (pH >= 0.000))
",-9999999.000,-9999999.000,0.000,0.000,1.000,18,0,0,1,19,0,18,1,0.9473684210526315,0.0,0.0,1.0,0.972972972972973,0.027027027027026973,-1
"F[0,1](((EtCO2 >= 0.000 & AST >= 0.769) & PTT >= 0.641) & Bilirubin_total >= 0.633)
",-9999999.000,-9999999.000,0.000,0.000,1.000,18,0,0,1,19,0,18,1,0.9473684210526315,0.0,0.0,1.0,0.972972972972973,0.027027027027026973,-1
"((Hgb >= 0.127) U[1,2] (SepsisLabel = 0.000))
",-9999999.000,-9999999.000,0.000,0.000,1.000,18,0,0,1,19,0,18,1,0.9473684210526315,0.0,0.0,1.0,0.972972972972973,0.027027027027026973,-1
"F[0,1](((pH >= 0.000 -> AST >= 0.483) | AST <= 25.516) & TroponinI >= 1.390)
",-9999999.000,-9999999.000,0.000,0.000,1.000,18,0,0,1,19,0,18,1,0.9473684210526315,0.0,0.0,1.0,0.972972972972973,0.027027027027026973,-1
"F[0,1](((Calcium < 7.290 & Potassium < 3.338) & Magnesium < 0.000) & Phosphate < 0.682)
",-9999999.000,-9999999.000,0.000,0.000,1.000,18,0,0,1,19,0,18,1,0.9473684210526315,0.0,0.0,1.0,0.972972972972973,0.027027027027026973,-1
"((Temp >= 0.284) U[1,2] (EtCO2 <= 0.000))
",-9999999.000,-9999999.000,0.000,0.000,1.000,18,0,0,1,19,0,18,1,0.9473684210526315,0.0,0.0,1.0,0.972972972972973,0.027027027027026973,-1
"G[0,1](((Platelets >= 0.705 | Calcium <= 4.340) | Bilirubin_direct <= 6.230) & Lactate <= 6.912)
",9999999.000,9999999.000,0.000,1.000,0.000,18,0,1,0,18,1,19,0,1.0,0.0,1.0,0.9473684210526315,0.972972972972973,0.027027027027026973,1
"G[0,1]((O2Sat >= 34.456 -> Resp <= 19.094) -> Hgb <= 29.810)
",9999999.000,9999999.000,0.000,1.000,0.000,18,0,1,0,18,1,19,0,1.0,0.0,1.0,0.9473684210526315,0.972972972972973,0.027027027027026973,1
"G[1,1](((Creatinine >= 0.008 -> Hct <= 39.502) | Fibrinogen >= 0.097) | BUN >= 0.204)
",-0.097,-0.097,0.000,1.000,0.000,18,0,1,0,18,1,19,0,1.0,0.0,1.0,0.9473684210526315,0.972972972972973,0.027027027027026973,1
"G[0,1](Chloride >= 0.000 & HCO3 >= 0.000)
",9999999.000,9999999.000,0.000,1.000,0.000,18,0,1,0,18,1,19,0,1.0,0.0,1.0,0.9473684210526315,0.972972972972973,0.027027027027026973,1
"G[1,1]((Alkalinephos >= 2.828 & HR <= 98.683) -> HR <= 98.294)
",-6916852218573708.000,-98.294,0.000,1.000,0.000,18,0,1,0,18,1,19,0,1.0,0.0,1.0,0.9473684210526315,0.972972972972973,0.027027027027026973,1
"G[0,0](AST <= 27.824 -> O2Sat >= 55.657)
",-4.670,-31.693,0.000,1.000,0.000,18,0,0,1,19,0,18,1,0.9473684210526315,0.0,0.0,1.0,0.972972972972973,0.027027027027026973,1
"G[0,1](((Calcium <= 0.835 | O2Sat >= 33.933) & Chloride >= 88.611) -> Glucose <= 94.689)
",9999999.000,9999999.000,0.000,1.000,0.000,18,0,1,0,18,1,19,0,1.0,0.0,1.0,0.9473684210526315,0.972972972972973,0.027027027027026973,1
"G[0,1](((AST >= 0.092 & Phosphate <= 1.524) | PaCO2 <= 3.022) | Creatinine <= 2.273)
",9999999.000,9999999.000,0.000,1.000,0.000,18,0,1,0,18,1,19,0,1.0,0.0,1.0,0.9473684210526315,0.972972972972973,0.027027027027026973,1
"G[0,1]((Creatinine >= 0.001 -> Phosphate <= 5.164) & PTT <= 3.466)
",9999999.000,9999999.000,0.000,1.000,0.000,18,0,0,1,19,0,18,1,0.9473684210526315,0.0,0.0,1.0,0.972972972972973,0.027027027027026973,1
"G[0,1]((AST <= 20.311 | SBP >= 89.209) & EtCO2 <= 134.402)
",9999999.000,9999999.000,0.000,1.000,0.000,18,0,1,0,18,1,19,0,1.0,0.0,1.0,0.9473684210526315,0.972972972972973,0.027027027027026973,1
"G[0,0](Glucose <= 29.190 | WBC >= 0.043)
",29.190,29.190,0.000,1.000,0.000,18,0,0,1,19,0,18,1,0.9473684210526315,0.0,0.0,1.0,0.972972972972973,0.027027027027026973,1
"G[0,1](((Glucose <= 69.808 & Hgb >= 0.228) -> HR <= 12.247) | SepsisLabel >= 0.208)
",9999999.000,9999999.000,0.000,1.000,0.000,18,0,1,0,18,1,19,0,1.0,0.0,1.0,0.9473684210526315,0.972972972972973,0.027027027027026973,1
"G[0,1]((SaO2 >= 0.000 | Temp >= 6.346) & HCO3 <= 24.655)
",9999999.000,9999999.000,0.000,1.000,0.000,18,0,1,0,18,1,19,0,1.0,0.0,1.0,0.9473684210526315,0.972972972972973,0.027027027027026973,1
"G[1,1](((Hgb <= 13.328 -> PTT <= 0.000) -> Fibrinogen <= 0.000) | Hct <= 0.000)
",0.000,0.000,0.000,1.000,0.000,18,0,1,0,18,1,19,0,1.0,0.0,1.0,0.9473684210526315,0.972972972972973,0.027027027027026973,1
"G[0,1](Bilirubin_total < 0.586 -> SepsisLabel = 0.000)
",9999999.000,9999999.000,0.000,1.000,0.000,18,0,1,0,18,1,19,0,1.0,0.0,1.0,0.9473684210526315,0.972972972972973,0.027027027027026973,1
"G[1,1]((Lactate >= 0.000 | SBP >= 83.115) | Creatinine >= 110.267)
",0.000,0.000,0.000,1.000,0.000,18,0,1,0,18,1,19,0,1.0,0.0,1.0,0.9473684210526315,0.972972972972973,0.027027027027026973,1
"G[1,1]((AST >= 1.134 -> Creatinine >= 0.024) | Hct <= 0.278)
",4999695828180217.000,0.278,0.000,1.000,0.000,18,0,1,0,18,1,19,0,1.0,0.0,1.0,0.9473684210526315,0.972972972972973,0.027027027027026973,1
"G[0,1](((Creatinine <= 0.250 -> Potassium >= 0.030) -> TroponinI <= 2.208) | O2Sat >= 0.008)
",9999999.000,9999999.000,0.000,1.000,0.000,18,0,1,0,18,1,19,0,1.0,0.0,1.0,0.9473684210526315,0.972972972972973,0.027027027027026973,1
"G[0,1]((PTT >= 0.000 | PaCO2 >= 0.000) | Potassium >= 0.000)
",9999999.000,9999999.000,0.000,1.000,0.000,18,0,1,0,18,1,19,0,1.0,0.0,1.0,0.9473684210526315,0.972972972972973,0.027027027027026973,1
"G[1,1]((DBP <= 98.644 & SBP <= 147.540) | BaseExcess <= 161.520)
",5682963316619589.000,161.520,0.000,1.000,0.000,18,0,1,0,18,1,19,0,1.0,0.0,1.0,0.9473684210526315,0.972972972972973,0.027027027027026973,1
"G[1,1](Lactate >= 0.000 & TroponinI <= 0.000)
",0.000,0.000,0.000,1.000,0.000,18,0,1,0,18,1,19,0,1.0,0.0,1.0,0.9473684210526315,0.972972972972973,0.027027027027026973,1
"G[1,1](((BaseExcess <= 0.000 | AST <= 26.455) & BaseExcess <= 34.868) | Hct <= 28.240)
",28.240,28.240,0.000,1.000,0.000,18,0,1,0,18,1,19,0,1.0,0.0,1.0,0.9473684210526315,0.972972972972973,0.027027027027026973,1
"G[1,1](PaCO2 > 0.000 -> SepsisLabel = 0.000)
",0.000,0.000,0.000,1.000,0.000,18,0,1,0,18,1,19,0,1.0,0.0,1.0,0.9473684210526315,0.972972972972973,0.027027027027026973,1
"G[0,1](((Temp <= 24.281 & Bilirubin_total >= 0.018) -> Potassium <= 0.128) | SBP >= 0.037)
",9999999.000,9999999.000,0.000,1.000,0.000,18,0,1,0,18,1,19,0,1.0,0.0,1.0,0.9473684210526315,0.972972972972973,0.027027027027026973,1
"G[0,1](((EtCO2 <= 0.000 & FiO2 <= 0.000) & AST >= 0.000) & WBC >= 0.000)
",9999999.000,9999999.000,0.000,1.000,0.000,18,0,1,0,18,1,19,0,1.0,0.0,1.0,0.9473684210526315,0.972972972972973,0.027027027027026973,1
"G[1,1](Magnesium >= 0.000 & SepsisLabel = 0.000)
",0.000,0.000,0.000,1.000,0.000,18,0,1,0,18,1,19,0,1.0,0.0,1.0,0.9473684210526315,0.972972972972973,0.027027027027026973,1
"G[0,1](((BaseExcess >= 0.000 | Magnesium <= 0.000) -> MAP >= 0.000) | pH >= 0.000)
",9999999.000,9999999.000,0.000,1.000,0.000,18,0,1,0,18,1,19,0,1.0,0.0,1.0,0.9473684210526315,0.972972972972973,0.027027027027026973,1
"G[1,1](((Potassium >= 0.118 | FiO2 >= 0.000) & Fibrinogen >= 0.000) & PTT >= 0.000)
",0.000,0.000,0.000,1.000,0.000,18,0,1,0,18,1,19,0,1.0,0.0,1.0,0.9473684210526315,0.972972972972973,0.027027027027026973,1
"G[0,1](((Lactate >= 0.000 -> HCO3 <= 0.000) & BUN >= 0.000) & Chloride >= 0.000)
",9999999.000,9999999.000,0.000,1.000,0.000,18,0,1,0,18,1,19,0,1.0,0.0,1.0,0.9473684210526315,0.972972972972973,0.027027027027026973,1
"G[1,1](Chloride >= 0.000 & HCO3 >= 0.000)
",0.000,0.000,0.000,1.000,0.000,18,0,1,0,18,1,19,0,1.0,0.0,1.0,0.9473684210526315,0.972972972972973,0.027027027027026973,1
"G[0,1](((Glucose <= 103.792 & Bilirubin_direct <= 0.000) -> WBC <= 0.000) | Bilirubin_direct <= 0.000)
",9999999.000,9999999.000,0.000,1.000,0.000,18,0,1,0,18,1,19,0,1.0,0.0,1.0,0.9473684210526315,0.972972972972973,0.027027027027026973,1
"G[1,1](Bilirubin_direct >= 0.000 | Hct <= 33.003)
",33.003,33.003,0.000,1.000,0.000,18,0,1,0,18,1,19,0,1.0,0.0,1.0,0.9473684210526315,0.972972972972973,0.027027027027026973,1
"G[1,1](Chloride >= 0.000 & HCO3 >= 0.000)
",0.000,0.000,0.000,1.000,0.000,18,0,1,0,18,1,19,0,1.0,0.0,1.0,0.9473684210526315,0.972972972972973,0.027027027027026973,1
"G[0,1](((WBC >= 0.046 & Magnesium <= 0.000) | Hgb <= 0.000) | SBP <= 0.000)
",9999999.000,9999999.000,0.000,1.000,0.000,18,0,1,0,18,1,19,0,1.0,0.0,1.0,0.9473684210526315,0.972972972972973,0.027027027027026973,1
"G[1,1](Hct >= 0.405 | Phosphate <= 2.572)
",5790912281904773.000,2.572,0.000,1.000,0.000,18,0,1,0,18,1,19,0,1.0,0.0,1.0,0.9473684210526315,0.972972972972973,0.027027027027026973,1
"F[1,1](((Glucose >= 2.953 & Hct >= 0.806) & HCO3 <= 3.813) & WBC <= 14.744)
",-6649219130497060.000,-2.953,0.000,0.000,1.000,17,0,0,2,19,0,17,2,0.8947368421052632,0.0,0.0,1.0,0.918918918918919,0.08108108108108103,-1
"F[0,1](((WBC >= 0.029 & Lactate >= 0.000) & DBP >= 0.000) & HR >= 0.000)
",-9999999.000,-9999999.000,0.000,0.000,1.000,17,0,0,2,19,0,17,2,0.8947368421052632,0.0,0.0,1.0,0.918918918918919,0.08108108108108103,-1
"F[0,1](((O2Sat >= 13.903 & MAP >= 22.323) -> Alkalinephos <= 110.769) & SBP <= 107.545)
",-9999999.000,-9999999.000,0.000,0.000,1.000,17,0,0,2,19,0,17,2,0.8947368421052632,0.0,0.0,1.0,0.918918918918919,0.08108108108108103,-1
"F[0,0](((HR >= 14.314 & Glucose <= 104.184) -> HCO3 >= 5.085) | Hct >= 2.581)
",-2.581,-2.581,0.000,0.000,1.000,17,0,0,2,19,0,17,2,0.8947368421052632,0.0,0.0,1.0,0.918918918918919,0.08108108108108103,-1
"((Magnesium <= 0.000) U[0,1] (Calcium >= 0.046))
",-9999999.000,-9999999.000,0.000,0.000,1.000,17,0,0,2,19,0,17,2,0.8947368421052632,0.0,0.0,1.0,0.918918918918919,0.08108108108108103,-1
"((HCO3 <= 0.000) U[0,1] (Glucose >= 2.886))
",-9999999.000,-9999999.000,0.000,0.000,1.000,17,0,0,2,19,0,17,2,0.8947368421052632,0.0,0.0,1.0,0.918918918918919,0.08108108108108103,-1
"F[0,0]((BUN <= 7.730 & O2Sat >= 40.145) -> Alkalinephos >= 68.723)
",-0.349,-3.841,0.000,0.000,1.000,17,0,0,2,19,0,17,2,0.8947368421052632,0.0,0.0,1.0,0.918918918918919,0.08108108108108103,-1
"F[0,1](((Glucose <= 80.535 | Creatinine >= 0.030) -> FiO2 >= 0.010) | MAP <= 0.126)
",-9999999.000,-9999999.000,0.000,0.000,1.000,17,0,0,2,19,0,17,2,0.8947368421052632,0.0,0.0,1.0,0.918918918918919,0.08108108108108103,-1
"F[0,1]((Alkalinephos >= 1.953 -> Hct <= 5.028) -> TroponinI >= 0.449)
",-9999999.000,-9999999.000,0.000,0.000,1.000,17,0,0,2,19,0,17,2,0.8947368421052632,0.0,0.0,1.0,0.918918918918919,0.08108108108108103,-1
"((Alkalinephos <= 32.103) U[0,1] (WBC >= 0.058))
",-9999999.000,-9999999.000,0.000,0.000,1.000,17,0,0,2,19,0,17,2,0.8947368421052632,0.0,0.0,1.0,0.918918918918919,0.08108108108108103,-1
"((Calcium <= 3.338) U[0,1] (Glucose >= 3.669))
",-9999999.000,-9999999.000,0.000,0.000,1.000,17,0,0,2,19,0,17,2,0.8947368421052632,0.0,0.0,1.0,0.918918918918919,0.08108108108108103,-1
"F[0,1]((Chloride >= 0.000 & Alkalinephos >= 4.146) | SaO2 >= 2.274)
",-9999999.000,-9999999.000,0.000,0.000,1.000,17,0,0,2,19,0,17,2,0.8947368421052632,0.0,0.0,1.0,0.918918918918919,0.08108108108108103,-1
"F[0,1](Alkalinephos >= 1.503 & Glucose <= 113.687)
",-9999999.000,-9999999.000,0.000,0.000,1.000,17,0,0,2,19,0,17,2,0.8947368421052632,0.0,0.0,1.0,0.918918918918919,0.08108108108108103,-1
"F[0,1](BUN >= 0.282 | Potassium >= 0.171)
",-9999999.000,-9999999.000,0.000,0.000,1.000,17,0,0,2,19,0,17,2,0.8947368421052632,0.0,0.0,1.0,0.918918918918919,0.08108108108108103,-1
"G[0,1](((Temp <= 12.018 | Calcium <= 3.362) -> Hct <= 3.786) | SaO2 >= 0.443)
",9999999.000,9999999.000,0.000,1.000,0.000,17,0,1,1,18,1,18,1,0.9444444444444444,0.0,1.0,0.9444444444444444,0.918918918918919,0.08108108108108103,1
"F[1,1](Hct > 0.410 & SepsisLabel = 0.000)
",-0.410,-0.410,0.000,0.000,1.000,17,0,0,2,19,0,17,2,0.8947368421052632,0.0,0.0,1.0,0.918918918918919,0.08108108108108103,-1
"G[0,1](((Creatinine >= 0.011 -> Temp >= 3.845) | TroponinI >= 0.666) & Hgb <= 18.294)
",9999999.000,9999999.000,0.000,1.000,0.000,17,0,0,2,19,0,17,2,0.8947368421052632,0.0,0.0,1.0,0.918918918918919,0.08108108108108103,1
"G[0,1]((HR <= 82.714 & Fibrinogen <= 0.000) | Creatinine <= 0.000)
",9999999.000,9999999.000,0.000,1.000,0.000,17,0,1,1,18,1,18,1,0.9444444444444444,0.0,1.0,0.9444444444444444,0.918918918918919,0.08108108108108103,1
"G[0,1](Phosphate <= 3.462 & WBC <= 2.386)
",9999999.000,9999999.000,0.000,1.000,0.000,17,0,0,2,19,0,17,2,0.8947368421052632,0.0,0.0,1.0,0.918918918918919,0.08108108108108103,1
"G[0,1](((PaCO2 >= 0.000 | Resp <= 26.812) -> O2Sat >= 2.993) | SBP >= 17.114)
",9999999.000,9999999.000,0.000,1.000,0.000,17,0,1,1,18,1,18,1,0.9444444444444444,0.0,1.0,0.9444444444444444,0.918918918918919,0.08108108108108103,1
"G[1,1](((Magnesium <= 0.000 -> TroponinI >= 0.000) | Resp <= 0.000) -> Hgb <= 0.000)
",0.000,0.000,0.000,1.000,0.000,17,0,1,1,18,1,18,1,0.9444444444444444,0.0,1.0,0.9444444444444444,0.918918918918919,0.08108108108108103,1
"G[0,1]((Resp <= 29.021 -> Hgb <= 6.476) & pH <= 7.566)
",9999999.000,9999999.000,0.000,1.000,0.000,17,0,1,1,18,1,18,1,0.9444444444444444,0.0,1.0,0.9444444444444444,0.918918918918919,0.08108108108108103,1
"G[1,1]((BUN <= 5.829 & DBP >= 51.211) | Hct >= 17.741)
",-4993762972385909.000,-17.741,0.000,1.000,0.000,17,0,1,1,18,1,18,1,0.9444444444444444,0.0,1.0,0.9444444444444444,0.918918918918919,0.08108108108108103,1
"G[0,1]((Calcium >= 0.103 | Platelets >= 2.790) -> SaO2 >= 1.045)
",9999999.000,9999999.000,0.000,1.000,0.000,17,0,0,2,19,0,17,2,0.8947368421052632,0.0,0.0,1.0,0.918918918918919,0.08108108108108103,1
"G[0,1]((Hgb >= 0.024 & WBC >= 0.067) -> Bilirubin_direct >= 0.001)
",9999999.000,9999999.000,0.000,1.000,0.000,17,0,1,1,18,1,18,1,0.9444444444444444,0.0,1.0,0.9444444444444444,0.918918918918919,0.08108108108108103,1
"G[0,1]((AST >= 0.699 & DBP <= 87.587) | O2Sat >= 33.220)
",9999999.000,9999999.000,0.000,1.000,0.000,16,0,1,2,18,1,17,2,0.8888888888888888,0.0,1.0,0.9411764705882353,0.8648648648648649,0.1351351351351351,1
"G[0,0](Alkalinephos <= 49.341 & MAP <= 111.550)
",-2.449,-27.589,0.000,1.000,0.000,16,0,0,3,19,0,16,3,0.8421052631578947,0.0,0.0,1.0,0.8648648648648649,0.1351351351351351,1
"G[0,1](((Resp <= 29.772 -> Bilirubin_total >= 0.048) & Magnesium <= 0.825) -> BaseExcess >= 0.040)
",9999999.000,9999999.000,0.000,1.000,0.000,16,0,0,3,19,0,16,3,0.8421052631578947,0.0,0.0,1.0,0.8648648648648649,0.1351351351351351,1
"F[0,1](((Chloride >= 0.000 | PTT >= 0.000) & Calcium <= 0.000) -> SBP <= 0.000)
",-9999999.000,-9999999.000,0.000,0.000,1.000,16,0,0,3,19,0,16,3,0.8421052631578947,0.0,0.0,1.0,0.8648648648648649,0.1351351351351351,-1
"F[1,1](((Bilirubin_total >= 0.017 & WBC >= 0.043) | DBP >= 0.061) & Resp <= 1.602)
",-0.043,-0.043,0.000,0.000,1.000,16,0,0,3,19,0,16,3,0.8421052631578947,0.0,0.0,1.0,0.8648648648648649,0.1351351351351351,-1
"F[0,1]((O2Sat <= 98.535 -> SBP <= 149.986) -> SepsisLabel >= 96.012)
",-9999999.000,-9999999.000,0.000,0.000,1.000,16,0,0,3,19,0,16,3,0.8421052631578947,0.0,0.0,1.0,0.8648648648648649,0.1351351351351351,-1
"G[0,0](Alkalinephos <= 30.332 & Resp <= 24.532)
",-9.387,-62.190,0.000,1.000,0.000,15,0,0,4,19,0,15,4,0.7894736842105263,0.0,0.0,1.0,0.8108108108108109,0.18918918918918914,1
"F[1,1](((HR <= 82.596 -> Chloride >= 0.000) | EtCO2 >= 0.000) -> Resp <= 0.000)
",0.000,0.000,0.000,0.000,1.000,15,0,0,4,19,0,15,4,0.7894736842105263,0.0,0.0,1.0,0.8108108108108109,0.18918918918918914,-1
"G[1,1]((SBP <= 137.921 & PTT >= 0.000) -> Temp <= 0.000)
",0.000,0.000,0.000,1.000,0.000,15,0,1,3,18,1,16,3,0.8333333333333334,0.0,1.0,0.9375,0.8108108108108109,0.18918918918918914,1
"G[1,1](HR >= 12.130 & Resp >= 8.696)
",-6828511610322156.000,-12.130,0.000,1.000,0.000,15,0,1,3,18,1,16,3,0.8333333333333334,0.0,1.0,0.9375,0.8108108108108109,0.18918918918918914,1
"G[0,1](pH <= 0.000 & Resp >= 9.142)
",9999999.000,9999999.000,0.000,1.000,0.000,14,0,1,4,18,1,15,4,0.7777777777777778,0.0,1.0,0.9333333333333333,0.7567567567567568,0.2432432432432432,1
"((Alkalinephos <= 32.340) U[1,1] (DBP <= 83.063))
",83.063,83.063,0.000,0.000,1.000,12,0,0,7,19,0,12,7,0.631578947368421,0.0,0.0,1.0,0.6486486486486487,0.3513513513513513,-1
"((SepsisLabel >= 0.000) U[0,1] (Temp >= 1.088))
",-9999999.000,-9999999.000,0.000,0.000,1.000,11,0,0,8,19,0,11,8,0.5789473684210527,0.0,0.0,1.0,0.5945945945945946,0.4054054054054054,-1
"F[0,1](AST <= 13.446 & Temp >= 1.184)
",-9999999.000,-9999999.000,0.000,0.000,1.000,11,0,0,8,19,0,11,8,0.5789473684210527,0.0,0.0,1.0,0.5945945945945946,0.4054054054054054,-1
"G[1,1](((HR <= 80.394 & Chloride >= 0.000) | DBP <= 0.000) -> DBP <= 0.000)
",0.000,0.000,0.000,1.000,0.000,11,0,1,7,18,1,12,7,0.6111111111111112,0.0,1.0,0.9166666666666666,0.5945945945945946,0.4054054054054054,1
"G[0,0]((Potassium >= 0.012 | Resp <= 20.629) -> Glucose >= 18.016)
",-0.233,-0.282,0.000,1.000,0.000,11,0,0,8,19,0,11,8,0.5789473684210527,0.0,0.0,1.0,0.5945945945945946,0.4054054054054054,1
"G[1,1](Glucose <= 96.567 -> Temp <= 23.841)
",-96.567,-96.567,0.000,1.000,0.000,11,0,1,7,18,1,12,7,0.6111111111111112,0.0,1.0,0.9166666666666666,0.5945945945945946,0.4054054054054054,1
"F[0,1]((HR <= 79.556 & FiO2 >= 0.000) & Chloride >= 0.000)
",-9999999.000,-9999999.000,0.000,0.000,1.000,9,0,0,10,19,0,9,10,0.47368421052631576,0.0,0.0,1.0,0.4864864864864865,0.5135135135135135,-1
"G[1,1]((TroponinI <= 0.000 -> O2Sat <= 96.623) | Magnesium >= 38.620)
",-5435319529207124.000,-38.620,0.000,1.000,0.000,8,0,1,10,18,1,9,10,0.4444444444444444,0.0,1.0,0.8888888888888888,0.43243243243243246,0.5675675675675675,1
"F[1,1]((Lactate <= 0.000 & SepsisLabel >= 0.000) & Temp <= 0.000)
",0.000,0.000,0.000,0.000,1.000,7,0,0,12,19,0,7,12,0.3684210526315789,0.0,0.0,1.0,0.3783783783783784,0.6216216216216216,-1
"G[0,1](Bilirubin_direct <= 0.000 & SBP <= 139.452)
",9999999.000,9999999.000,0.000,1.000,0.000,7,0,0,12,19,0,7,12,0.3684210526315789,0.0,0.0,1.0,0.3783783783783784,0.6216216216216216,1
"((HR < 89.153) U[1,1] (SepsisLabel = 0.000))
",6273587913556636.000,89.153,0.000,0.000,1.000,4,0,0,15,19,0,4,15,0.21052631578947367,0.0,0.0,1.0,0.21621621621621623,0.7837837837837838,-1
"G[1,1]((Hct <= 11.756 & HR <= 93.796) -> FiO2 >= 33.015)
",-6618081284279308.000,-11.756,0.000,1.000,0.000,4,0,1,14,18,1,5,14,0.2222222222222222,0.0,1.0,0.8,0.21621621621621623,0.7837837837837838,1
"F[0,0](HR <= 98.160 | Hgb >= 0.069)
",0.235,2.131,0.000,0.000,1.000,3,0,0,16,19,0,3,16,0.15789473684210525,0.0,0.0,1.0,0.16216216216216217,0.8378378378378378,-1
"G[0,1](DBP <= 82.466 & Resp >= 5.965)
",9999999.000,9999999.000,0.000,1.000,0.000,2,0,0,17,19,0,2,17,0.10526315789473684,0.0,0.0,1.0,0.10810810810810811,0.8918918918918919,1
"F[1,1](Hgb <= 10.028 | Hct <= 4.735)
",5645136158119371.000,10.028,0.000,0.000,1.000,1,0,0,18,19,0,1,18,0.05263157894736842,0.0,0.0,1.0,0.05405405405405406,0.9459459459459459,-1
"F[1,1](DBP <= 100.604 | Potassium >= 0.164)
",100.604,100.604,0.000,0.000,1.000,1,0,0,18,19,0,1,18,0.05263157894736842,0.0,0.0,1.0,0.05405405405405406,0.9459459459459459,-1
"F[1,1](Hgb <= 10.206 | Hct <= 15.402)
",8670479367446414.000,15.402,0.000,0.000,1.000,1,0,0,18,19,0,1,18,0.05263157894736842,0.0,0.0,1.0,0.05405405405405406,0.9459459459459459,-1
"F[1,1]((SaO2 >= 0.000 -> TroponinI >= 0.000) -> WBC <= 0.000)
",0.000,0.000,0.000,0.000,1.000,1,0,0,18,19,0,1,18,0.05263157894736842,0.0,0.0,1.0,0.05405405405405406,0.9459459459459459,-1
"F[1,1](((SBP >= 116.798 | SepsisLabel >= 0.000) -> Bilirubin_direct <= 0.000) -> Platelets <= 0.000)
",0.000,0.000,0.000,0.000,1.000,1,0,0,18,19,0,1,18,0.05263157894736842,0.0,0.0,1.0,0.05405405405405406,0.9459459459459459,-1
"((MAP >= 30.162) U[1,1] (SBP <= 161.323))
",5676064766014293.000,161.323,0.000,0.000,1.000,1,0,0,18,19,0,1,18,0.05263157894736842,0.0,0.0,1.0,0.05405405405405406,0.9459459459459459,-1
"F[1,1]((Calcium <= 8.601 | Hct <= 26.592) | DBP <= 33.134)
",33.134,33.134,0.000,0.000,1.000,1,0,0,18,19,0,1,18,0.05263157894736842,0.0,0.0,1.0,0.05405405405405406,0.9459459459459459,-1
"((HR <= 103.498) U[1,2] (PTT >= 0.000))
",-9999999.000,-9999999.000,0.000,0.000,1.000,1,0,0,18,19,0,1,18,0.05263157894736842,0.0,0.0,1.0,0.05405405405405406,0.9459459459459459,-1
"((Creatinine <= 0.717) U[0,1] (Resp >= 8.557))
",-9999999.000,-9999999.000,0.000,0.000,1.000,1,0,0,18,19,0,1,18,0.05263157894736842,0.0,0.0,1.0,0.05405405405405406,0.9459459459459459,-1
"((MAP >= 61.584) U[1,2] (SBP <= 152.025))
",-9999999.000,-9999999.000,0.000,0.000,1.000,1,0,0,18,19,0,1,18,0.05263157894736842,0.0,0.0,1.0,0.05405405405405406,0.9459459459459459,-1
"((DBP >= 10.095) U[1,2] (Hgb <= 10.252))
",-9999999.000,-9999999.000,0.000,0.000,1.000,1,0,0,18,19,0,1,18,0.05263157894736842,0.0,0.0,1.0,0.05405405405405406,0.9459459459459459,-1
"F[1,1]((HR <= 88.423 | Temp >= 3.605) & MAP >= 0.302)
",-5439925276875243.000,-0.302,0.000,0.000,1.000,1,0,0,18,19,0,1,18,0.05263157894736842,0.0,0.0,1.0,0.05405405405405406,0.9459459459459459,-1
"((MAP >= 53.326) U[0,0] (SBP <= 147.726))
",12.489,143.659,0.000,0.000,1.000,1,0,0,18,19,0,1,18,0.05263157894736842,0.0,0.0,1.0,0.05405405405405406,0.9459459459459459,-1
"F[1,1](Hgb <= 7.615 | Hct <= 18.993)
",18.993,18.993,0.000,0.000,1.000,1,0,0,18,19,0,1,18,0.05263157894736842,0.0,0.0,1.0,0.05405405405405406,0.9459459459459459,-1
"F[0,0]((Calcium <= 1.144 & Potassium <= 1.079) & Magnesium >= 0.000)
",-0.341,-8.873,0.000,0.000,1.000,1,0,0,18,19,0,1,18,0.05263157894736842,0.0,0.0,1.0,0.05405405405405406,0.9459459459459459,-1
"((EtCO2 >= 0.000) U[1,1] (Bilirubin_total <= 0.413))
",7432291698328699.000,0.413,0.000,0.000,1.000,1,0,0,18,19,0,1,18,0.05263157894736842,0.0,0.0,1.0,0.05405405405405406,0.9459459459459459,-1
"F[0,0]((Calcium <= 8.937 & Potassium <= 0.277) & Magnesium >= 0.000)
",-0.338,-8.007,0.000,0.000,1.000,1,0,0,18,19,0,1,18,0.05263157894736842,0.0,0.0,1.0,0.05405405405405406,0.9459459459459459,-1
"F[0,0](((Calcium <= 1.155 & Creatinine <= 0.453) -> Chloride <= 0.363) & BUN <= 0.694)
",-0.396,-4.215,0.000,0.000,1.000,1,0,0,18,19,0,1,18,0.05263157894736842,0.0,0.0,1.0,0.05405405405405406,0.9459459459459459,-1
"F[1,1]((Hct <= 31.324 & Temp <= 22.446) -> O2Sat >= 4.930)
",-6318060527342388.000,-22.446,0.000,0.000,1.000,1,0,0,18,19,0,1,18,0.05263157894736842,0.0,0.0,1.0,0.05405405405405406,0.9459459459459459,-1
"G[0,0]((AST >= 0.979 & Platelets <= 141.224) & AST <= 102.721)
",-0.979,-0.979,0.000,1.000,0.000,1,0,0,18,19,0,1,18,0.05263157894736842,0.0,0.0,1.0,0.05405405405405406,0.9459459459459459,1
"G[1,1](BUN <= 9.574 & Creatinine >= 0.041)
",-5889441194360636.000,-0.041,0.000,1.000,0.000,1,0,1,17,18,1,2,17,0.05555555555555555,0.0,1.0,0.5,0.05405405405405406,0.9459459459459459,1
"G[0,0](((Calcium >= 0.127 & Temp >= 6.594) | HR >= 4.770) & Phosphate >= 1.142)
",-1.142,-1.142,0.000,1.000,0.000,1,0,0,18,19,0,1,18,0.05263157894736842,0.0,0.0,1.0,0.05405405405405406,0.9459459459459459,1
"G[1,1](BUN <= 6.005 & Creatinine >= 0.024)
",-0.024,-0.024,0.000,1.000,0.000,1,0,1,17,18,1,2,17,0.05555555555555555,0.0,1.0,0.5,0.05405405405405406,0.9459459459459459,1
"G[1,1](BUN <= 7.159 & Creatinine >= 0.026)
",-0.026,-0.026,0.000,1.000,0.000,1,0,1,17,18,1,2,17,0.05555555555555555,0.0,1.0,0.5,0.05405405405405406,0.9459459459459459,1
"G[0,0](BUN >= 0.053 & SaO2 >= 0.000)
",-2.828,-0.047,0.000,1.000,0.000,1,0,0,18,19,0,1,18,0.05263157894736842,0.0,0.0,1.0,0.05405405405405406,0.9459459459459459,1
"G[0,0](FiO2 >= 0.000 & BUN >= 0.319)
",-2.828,-0.284,0.000,1.000,0.000,1,0,0,18,19,0,1,18,0.05263157894736842,0.0,0.0,1.0,0.05405405405405406,0.9459459459459459,1
"G[1,1]((Glucose >= 3.475 -> SBP <= 134.934) -> Hct >= 123.374)
",4340829800894665.000,123.374,0.000,1.000,0.000,1,0,1,17,18,1,2,17,0.05555555555555555,0.0,1.0,0.5,0.05405405405405406,0.9459459459459459,1
"G[0,0]((Phosphate <= 2.141 | SBP <= 136.150) -> PTT >= 28.204)
",-11.483,-132.083,0.000,1.000,0.000,1,0,0,18,19,0,1,18,0.05263157894736842,0.0,0.0,1.0,0.05405405405405406,0.9459459459459459,1
"G[0,0](((O2Sat <= 97.497 & Potassium >= 0.193) & PTT <= 0.784) & AST >= 0.149)
",-0.477,-1.494,0.000,1.000,0.000,1,0,0,18,19,0,1,18,0.05263157894736842,0.0,0.0,1.0,0.05405405405405406,0.9459459459459459,1
"G[1,1](((Hgb <= 8.742 | Hct <= 29.241) -> WBC >= 0.017) & Platelets >= 2.843)
",-29.241,-29.241,0.000,1.000,0.000,1,0,1,17,18,1,2,17,0.05555555555555555,0.0,1.0,0.5,0.05405405405405406,0.9459459459459459,1
"G[1,1](((Hgb <= 3.753 | Hct <= 32.730) -> WBC >= 0.029) & Platelets >= 3.288)
",-4606323943942934.000,-32.730,0.000,1.000,0.000,1,0,1,17,18,1,2,17,0.05555555555555555,0.0,1.0,0.5,0.05405405405405406,0.9459459459459459,1
"G[1,1]((Bilirubin_total <= 0.800 -> Glucose <= 58.470) & BUN >= 4.257)
",-8228944051504756.000,-58.470,0.000,1.000,0.000,1,0,1,17,18,1,2,17,0.05555555555555555,0.0,1.0,0.5,0.05405405405405406,0.9459459459459459,1
"G[1,1](((Hgb <= 4.782 | Hct <= 32.236) -> WBC >= 0.054) & Platelets >= 1.799)
",-32.236,-32.236,0.000,1.000,0.000,1,0,1,17,18,1,2,17,0.05555555555555555,0.0,1.0,0.5,0.05405405405405406,0.9459459459459459,1
"G[1,1]((BUN >= 0.167 & Hct >= 0.442) & BUN >= 0.471)
",-8483018477366645.000,-0.471,0.000,1.000,0.000,1,0,1,17,18,1,2,17,0.05555555555555555,0.0,1.0,0.5,0.05405405405405406,0.9459459459459459,1
"G[0,0](((WBC <= 1.460 | Creatinine >= 0.028) & Chloride >= 0.009) | AST >= 0.029)
",0.333,0.154,0.000,1.000,0.000,1,0,0,18,19,0,1,18,0.05263157894736842,0.0,0.0,1.0,0.05405405405405406,0.9459459459459459,1
"F[2,2]((Alkalinephos <= 18.252 | BaseExcess >= 0.000) -> Resp <= 0.000)
",-18.252,-18.252,0.000,0.000,1.000,0,0,0,19,19,0,0,19,0.0,0.0,0.0,0.0,0.0,1.0,-1
"F[1,1]((TroponinI <= 0.000 | BaseExcess <= 0.000) & Phosphate <= 0.000)
",0.000,0.000,0.000,0.000,1.000,0,0,0,19,19,0,0,19,0.0,0.0,0.0,0.0,0.0,1.0,-1
"F[0,1](Hgb <= 7.544 | Hct <= 16.125)
",-9999999.000,-9999999.000,0.000,0.000,1.000,0,0,0,19,19,0,0,19,0.0,0.0,0.0,0.0,0.0,1.0,-1
"((PaCO2 >= 0.000) U[0,2] (TroponinI <= 0.000))
",-9999999.000,-9999999.000,0.000,0.000,1.000,0,0,0,19,19,0,0,19,0.0,0.0,0.0,0.0,0.0,1.0,-1
"F[0,1](Alkalinephos <= 90.910 & Potassium <= 3.663)
",-9999999.000,-9999999.000,0.000,0.000,1.000,0,0,0,19,19,0,0,19,0.0,0.0,0.0,0.0,0.0,1.0,-1
"((TroponinI >= 0.000) U[1,1] (SepsisLabel = 0.000))
",0.000,0.000,0.000,0.000,1.000,0,0,0,19,19,0,0,19,0.0,0.0,0.0,0.0,0.0,1.0,-1
"((Platelets <= 65.952) U[0,2] (SepsisLabel = 0.000))
",-9999999.000,-9999999.000,0.000,0.000,1.000,0,0,0,19,19,0,0,19,0.0,0.0,0.0,0.0,0.0,1.0,-1
"G[1,2](((Hgb <= 5.992 | Hct <= 7.474) -> WBC >= 0.043) & Platelets >= 2.013)
",9999999.000,9999999.000,0.000,1.000,0.000,0,0,2,17,17,2,2,17,0.0,0.0,1.0,0.0,0.0,1.0,1
"F[0,0](Platelets < 52.173 -> SepsisLabel = 0.000)
",-52.173,-52.173,0.000,0.000,1.000,0,0,0,19,19,0,0,19,0.0,0.0,0.0,0.0,0.0,1.0,-1
"((Calcium >= 0.228) U[0,1] (pH <= 0.000))
",-9999999.000,-9999999.000,0.000,0.000,1.000,0,0,0,19,19,0,0,19,0.0,0.0,0.0,0.0,0.0,1.0,-1
"F[1,2](((TroponinI >= 0.000 & Alkalinephos >= 1.821) -> Fibrinogen <= 34.902) | Calcium <= 18.639)
",-9999999.000,-9999999.000,0.000,0.000,1.000,0,0,0,19,19,0,0,19,0.0,0.0,0.0,0.0,0.0,1.0,-1
"((AST <= 12.572) U[1,2] (HCO3 >= 0.000))
",-9999999.000,-9999999.000,0.000,0.000,1.000,0,0,0,19,19,0,0,19,0.0,0.0,0.0,0.0,0.0,1.0,-1
"F[0,2]((EtCO2 <= 0.000 -> Magnesium >= 0.000) | SaO2 >= 0.000)
",-9999999.000,-9999999.000,0.000,0.000,1.000,0,0,0,19,19,0,0,19,0.0,0.0,0.0,0.0,0.0,1.0,-1
"F[1,2](((Resp >= 4.909 -> Platelets <= 33.874) -> HCO3 <= 16.906) & Calcium <= 79.289)
",-9999999.000,-9999999.000,0.000,0.000,1.000,0,0,0,19,19,0,0,19,0.0,0.0,0.0,0.0,0.0,1.0,-1
"((MAP > 97.439) U[0,0] (SepsisLabel = 0.000))
",3.702,41.700,0.000,0.000,1.000,0,0,0,19,19,0,0,19,0.0,0.0,0.0,0.0,0.0,1.0,-1
"((MAP < 113.126) U[2,2] (SepsisLabel = 0.000))
",7960569467235908.000,113.126,0.000,0.000,1.000,0,0,0,19,19,0,0,19,0.0,0.0,0.0,0.0,0.0,1.0,-1
"F[0,2](Hct >= 0.088 & SepsisLabel = 0.000)
",-9999999.000,-9999999.000,0.000,0.000,1.000,0,0,0,19,19,0,0,19,0.0,0.0,0.0,0.0,0.0,1.0,-1
"((PTT >= 0.000) U[0,2] (SepsisLabel = 0.000))
",-9999999.000,-9999999.000,0.000,0.000,1.000,0,0,0,19,19,0,0,19,0.0,0.0,0.0,0.0,0.0,1.0,-1
"((pH <= 0.000) U[1,2] (SepsisLabel = 0.000))
",-9999999.000,-9999999.000,0.000,0.000,1.000,0,0,0,19,19,0,0,19,0.0,0.0,0.0,0.0,0.0,1.0,-1
"F[0,2](((Platelets <= 134.220 -> Platelets <= 50.626) | Bilirubin_total <= 143.025) -> Chloride <= 81.448)
",-9999999.000,-9999999.000,0.000,0.000,1.000,0,0,0,19,19,0,0,19,0.0,0.0,0.0,0.0,0.0,1.0,-1
"F[0,2]((AST >= 1.352 & Potassium >= 0.017) | Hgb >= 0.140)
",-9999999.000,-9999999.000,0.000,0.000,1.000,0,0,0,19,19,0,0,19,0.0,0.0,0.0,0.0,0.0,1.0,-1
"((Magnesium > 0.000) U[0,0] (SepsisLabel = 0.000))
",0.000,0.000,0.000,0.000,1.000,0,0,0,19,19,0,0,19,0.0,0.0,0.0,0.0,0.0,1.0,-1
"F[0,1]((Platelets <= 142.060 -> WBC <= 2.441) & Lactate <= 0.774)
",-9999999.000,-9999999.000,0.000,0.000,1.000,0,0,0,19,19,0,0,19,0.0,0.0,0.0,0.0,0.0,1.0,-1
"F[2,2]((Bilirubin_total >= 0.039 -> Creatinine <= 0.464) & HR >= 0.008)
",-0.464,-0.464,0.000,0.000,1.000,0,0,0,19,19,0,0,19,0.0,0.0,0.0,0.0,0.0,1.0,-1
"F[0,1](((Alkalinephos <= 77.731 & BUN <= 8.458) & Phosphate >= 0.350) -> Alkalinephos <= 4.931)
",-9999999.000,-9999999.000,0.000,0.000,1.000,0,0,0,19,19,0,0,19,0.0,0.0,0.0,0.0,0.0,1.0,-1
"F[0,2](Calcium <= 1.115 -> Potassium >= 0.115)
",-9999999.000,-9999999.000,0.000,0.000,1.000,0,0,0,19,19,0,0,19,0.0,0.0,0.0,0.0,0.0,1.0,-1
"F[1,2](((AST <= 25.268 | Calcium >= 0.244) | Lactate <= 4.800) -> Bilirubin_total >= 0.482)
",-9999999.000,-9999999.000,0.000,0.000,1.000,0,0,0,19,19,0,0,19,0.0,0.0,0.0,0.0,0.0,1.0,-1
"F[0,2](((Calcium <= 6.499 & Glucose <= 93.395) | Bilirubin_total >= 4.924) & BUN >= 1.595)
",-9999999.000,-9999999.000,0.000,0.000,1.000,0,0,0,19,19,0,0,19,0.0,0.0,0.0,0.0,0.0,1.0,-1
"F[2,2]((AST <= 27.856 & Glucose >= 0.255) | Lactate <= 44.906)
",44.906,44.906,0.000,0.000,1.000,0,0,0,19,19,0,0,19,0.0,0.0,0.0,0.0,0.0,1.0,-1
"F[1,2](((BUN >= 0.355 -> Calcium <= 3.801) & Bilirubin_total <= 5.776) | Alkalinephos >= 0.211)
",-9999999.000,-9999999.000,0.000,0.000,1.000,0,0,0,19,19,0,0,19,0.0,0.0,0.0,0.0,0.0,1.0,-1
"F[1,2]((Hct <= 1.481 | Platelets >= 0.010) & Magnesium >= 2.575)
",-9999999.000,-9999999.000,0.000,0.000,1.000,0,0,0,19,19,0,0,19,0.0,0.0,0.0,0.0,0.0,1.0,-1
"F[0,0](Bilirubin_direct >= 0.000 -> SepsisLabel = 0.000)
",-0.354,-0.085,0.000,0.000,1.000,0,0,0,19,19,0,0,19,0.0,0.0,0.0,0.0,0.0,1.0,-1
"((Chloride >= 0.000) U[2,2] (SepsisLabel = 0.000))
",0.000,0.000,0.000,0.000,1.000,0,0,0,19,19,0,0,19,0.0,0.0,0.0,0.0,0.0,1.0,-1
"((Chloride >= 0.000) U[2,2] (SepsisLabel = 0.000))
",0.000,0.000,0.000,0.000,1.000,0,0,0,19,19,0,0,19,0.0,0.0,0.0,0.0,0.0,1.0,-1
"F[1,2](Creatinine <= 0.548 -> SepsisLabel = 0.000)
",-9999999.000,-9999999.000,0.000,0.000,1.000,0,0,0,19,19,0,0,19,0.0,0.0,0.0,0.0,0.0,1.0,-1
"F[0,1](Bilirubin_total <= 0.821 -> SepsisLabel = 0.000)
",-9999999.000,-9999999.000,0.000,0.000,1.000,0,0,0,19,19,0,0,19,0.0,0.0,0.0,0.0,0.0,1.0,-1
"F[0,0](Creatinine > 0.027 -> SepsisLabel = 0.000)
",0.243,0.001,0.000,0.000,1.000,0,0,0,19,19,0,0,19,0.0,0.0,0.0,0.0,0.0,1.0,-1
"((Bilirubin_total > 0.016) U[0,1] (SepsisLabel = 0.000))
",-9999999.000,-9999999.000,0.000,0.000,1.000,0,0,0,19,19,0,0,19,0.0,0.0,0.0,0.0,0.0,1.0,-1
"((TroponinI < 0.000) U[0,1] (SepsisLabel = 0.000))
",-9999999.000,-9999999.000,0.000,0.000,1.000,0,0,0,19,19,0,0,19,0.0,0.0,0.0,0.0,0.0,1.0,-1
"F[0,1](Magnesium >= 0.000 & SepsisLabel = 0.000)
",-9999999.000,-9999999.000,0.000,0.000,1.000,0,0,0,19,19,0,0,19,0.0,0.0,0.0,0.0,0.0,1.0,-1
"F[0,2](SaO2 <= 0.000 -> SepsisLabel = 0.000)
",-9999999.000,-9999999.000,0.000,0.000,1.000,0,0,0,19,19,0,0,19,0.0,0.0,0.0,0.0,0.0,1.0,-1
"F[0,2](AST < 10.639 & SepsisLabel = 0.000)
",-9999999.000,-9999999.000,0.000,0.000,1.000,0,0,0,19,19,0,0,19,0.0,0.0,0.0,0.0,0.0,1.0,-1
"F[2,2](Bilirubin_total < 0.083 -> SepsisLabel = 0.000)
",-0.083,-0.083,0.000,0.000,1.000,0,0,0,19,19,0,0,19,0.0,0.0,0.0,0.0,0.0,1.0,-1
"F[1,1](EtCO2 <= 0.000 -> SepsisLabel = 0.000)
",0.000,0.000,0.000,0.000,1.000,0,0,0,19,19,0,0,19,0.0,0.0,0.0,0.0,0.0,1.0,-1
"((FiO2 < 0.000) U[0,1] (SepsisLabel = 0.000))
",-9999999.000,-9999999.000,0.000,0.000,1.000,0,0,0,19,19,0,0,19,0.0,0.0,0.0,0.0,0.0,1.0,-1
"F[0,2](Lactate <= 0.000 & Potassium >= 0.069)
",-9999999.000,-9999999.000,0.000,0.000,1.000,0,0,0,19,19,0,0,19,0.0,0.0,0.0,0.0,0.0,1.0,-1
"F[1,2]((SBP <= 148.038 | Resp >= 7.893) | Platelets >= 0.218)
",-9999999.000,-9999999.000,0.000,0.000,1.000,0,0,0,19,19,0,0,19,0.0,0.0,0.0,0.0,0.0,1.0,-1
"F[0,1](((Alkalinephos <= 30.095 | WBC <= 1.797) & AST <= 1.612) -> Fibrinogen <= 1.211)
",-9999999.000,-9999999.000,0.000,0.000,1.000,0,0,0,19,19,0,0,19,0.0,0.0,0.0,0.0,0.0,1.0,-1
"F[0,1](((Phosphate <= 2.229 | FiO2 <= 0.000) | PaCO2 <= 0.000) & MAP >= 0.000)
",-9999999.000,-9999999.000,0.000,0.000,1.000,0,0,0,19,19,0,0,19,0.0,0.0,0.0,0.0,0.0,1.0,-1
"F[1,2](((AST <= 16.273 & SBP <= 154.561) | Lactate >= 32.076) | SBP <= 137.744)
",-9999999.000,-9999999.000,0.000,0.000,1.000,0,0,0,19,19,0,0,19,0.0,0.0,0.0,0.0,0.0,1.0,-1
"F[0,1](((MAP >= 1.462 | Fibrinogen <= 0.000) & PaCO2 >= 0.000) | Potassium >= 0.000)
",-9999999.000,-9999999.000,0.000,0.000,1.000,0,0,0,19,19,0,0,19,0.0,0.0,0.0,0.0,0.0,1.0,-1
"F[0,2](((Bilirubin_total <= 0.179 | Fibrinogen <= 0.000) -> Fibrinogen <= 0.000) | Platelets >= 0.000)
",-9999999.000,-9999999.000,0.000,0.000,1.000,0,0,0,19,19,0,0,19,0.0,0.0,0.0,0.0,0.0,1.0,-1
"F[0,1]((Hct >= 0.035 | Lactate >= 0.000) -> Magnesium >= 0.000)
",-9999999.000,-9999999.000,0.000,0.000,1.000,0,0,0,19,19,0,0,19,0.0,0.0,0.0,0.0,0.0,1.0,-1
"((PaCO2 >= 0.000) U[1,2] (Potassium <= 1.315))
",-9999999.000,-9999999.000,0.000,0.000,1.000,0,0,0,19,19,0,0,19,0.0,0.0,0.0,0.0,0.0,1.0,-1
"F[0,1]((PTT <= 0.000 & PaCO2 <= 0.000) & WBC <= 0.000)
",-9999999.000,-9999999.000,0.000,0.000,1.000,0,0,0,19,19,0,0,19,0.0,0.0,0.0,0.0,0.0,1.0,-1
"F[0,2](MAP >= 95.862 -> FiO2 <= 0.000)
",-9999999.000,-9999999.000,0.000,0.000,1.000,0,0,0,19,19,0,0,19,0.0,0.0,0.0,0.0,0.0,1.0,-1
"F[0,2]((Chloride >= 0.000 -> AST >= 0.309) | SBP <= 23.368)
",-9999999.000,-9999999.000,0.000,0.000,1.000,0,0,0,19,19,0,0,19,0.0,0.0,0.0,0.0,0.0,1.0,-1
"F[0,1](((Phosphate >= 0.029 & Chloride <= 0.000) -> Alkalinephos <= 0.000) | HCO3 <= 0.000)
",-9999999.000,-9999999.000,0.000,0.000,1.000,0,0,0,19,19,0,0,19,0.0,0.0,0.0,0.0,0.0,1.0,-1
"F[0,2](Platelets >= 0.117 | Bilirubin_direct <= 0.000)
",-9999999.000,-9999999.000,0.000,0.000,1.000,0,0,0,19,19,0,0,19,0.0,0.0,0.0,0.0,0.0,1.0,-1
"F[0,2](((SaO2 >= 0.000 | EtCO2 >= 0.000) -> Creatinine >= 0.000) -> Chloride <= 0.000)
",-9999999.000,-9999999.000,0.000,0.000,1.000,0,0,0,19,19,0,0,19,0.0,0.0,0.0,0.0,0.0,1.0,-1
"F[2,2](((HCO3 <= 0.000 | PaCO2 >= 0.000) | Temp >= 0.000) & SBP >= 0.000)
",0.000,0.000,0.000,0.000,1.000,0,0,0,19,19,0,0,19,0.0,0.0,0.0,0.0,0.0,1.0,-1
"F[0,2](((EtCO2 >= 0.000 -> SepsisLabel >= 0.000) & SepsisLabel <= 0.000) & Magnesium <= 0.000)
",-9999999.000,-9999999.000,0.000,0.000,1.000,0,0,0,19,19,0,0,19,0.0,0.0,0.0,0.0,0.0,1.0,-1
"F[1,2](((Bilirubin_total <= 0.669 -> Creatinine <= 0.116) -> Lactate >= 0.004) | SBP >= 0.007)
",-9999999.000,-9999999.000,0.000,0.000,1.000,0,0,0,19,19,0,0,19,0.0,0.0,0.0,0.0,0.0,1.0,-1
"F[1,1]((Phosphate <= 3.474 -> PaCO2 >= 0.000) & HCO3 <= 0.000)
",-7821805509005164.000,-3.474,0.000,0.000,1.000,0,0,0,19,19,0,0,19,0.0,0.0,0.0,0.0,0.0,1.0,-1
"F[2,2]((HR <= 79.742 | Bilirubin_direct >= 0.000) -> TroponinI <= 0.000)
",-79.742,-79.742,0.000,0.000,1.000,0,0,0,19,19,0,0,19,0.0,0.0,0.0,0.0,0.0,1.0,-1
"((Potassium <= 1.594) U[2,2] (MAP <= 122.032))
",8587238202402212.000,122.032,0.000,0.000,1.000,0,0,0,19,19,0,0,19,0.0,0.0,0.0,0.0,0.0,1.0,-1
"F[0,2]((Potassium <= 2.249 & HR >= 68.916) -> Temp >= 30.444)
",-9999999.000,-9999999.000,0.000,0.000,1.000,0,0,0,19,19,0,0,19,0.0,0.0,0.0,0.0,0.0,1.0,-1
"((Phosphate <= 5.140) U[1,2] (SepsisLabel >= 0.000))
",-9999999.000,-9999999.000,0.000,0.000,1.000,0,0,0,19,19,0,0,19,0.0,0.0,0.0,0.0,0.0,1.0,-1
"F[0,2](((Hct >= 0.983 & Glucose <= 7.470) -> Phosphate >= 0.556) & SepsisLabel >= 0.662)
",-9999999.000,-9999999.000,0.000,0.000,1.000,0,0,0,19,19,0,0,19,0.0,0.0,0.0,0.0,0.0,1.0,-1
"F[0,1](((PaCO2 >= 0.000 & Bilirubin_direct >= 0.000) | Bilirubin_direct <= 0.000) -> Phosphate >= 0.000)
",-9999999.000,-9999999.000,0.000,0.000,1.000,0,0,0,19,19,0,0,19,0.0,0.0,0.0,0.0,0.0,1.0,-1
"F[2,2]((Glucose <= 84.949 | pH <= 0.000) | Phosphate >= 0.000)
",84.949,84.949,0.000,0.000,1.000,0,0,0,19,19,0,0,19,0.0,0.0,0.0,0.0,0.0,1.0,-1
"F[0,1](Glucose >= 3.595 | Magnesium >= 0.000)
",-9999999.000,-9999999.000,0.000,0.000,1.000,0,0,0,19,19,0,0,19,0.0,0.0,0.0,0.0,0.0,1.0,-1
"F[0,1](Bilirubin_total >= 0.029 -> DBP <= 92.842)
",-9999999.000,-9999999.000,0.000,0.000,1.000,0,0,0,19,19,0,0,19,0.0,0.0,0.0,0.0,0.0,1.0,-1
"F[0,1](((O2Sat >= 17.647 -> BaseExcess >= 0.000) -> Chloride <= 0.000) -> WBC <= 0.000)
",-9999999.000,-9999999.000,0.000,0.000,1.000,0,0,0,19,19,0,0,19,0.0,0.0,0.0,0.0,0.0,1.0,-1
"F[1,2]((BUN >= 0.263 | SepsisLabel <= 0.000) -> BaseExcess >= 0.000)
",-9999999.000,-9999999.000,0.000,0.000,1.000,0,0,0,19,19,0,0,19,0.0,0.0,0.0,0.0,0.0,1.0,-1
"F[1,2](Potassium <= 2.443 & PTT >= 0.000)
",-9999999.000,-9999999.000,0.000,0.000,1.000,0,0,0,19,19,0,0,19,0.0,0.0,0.0,0.0,0.0,1.0,-1
"F[0,1]((Phosphate <= 3.196 -> Fibrinogen <= 0.000) | Potassium >= 0.000)
",-9999999.000,-9999999.000,0.000,0.000,1.000,0,0,0,19,19,0,0,19,0.0,0.0,0.0,0.0,0.0,1.0,-1
"((Hgb <= 12.498) U[1,2] (Glucose >= 3.778))
",-9999999.000,-9999999.000,0.000,0.000,1.000,0,0,0,19,19,0,0,19,0.0,0.0,0.0,0.0,0.0,1.0,-1
"F[0,0]((AST >= 1.205 & AST <= 3.734) -> WBC <= 2.088)
",-4702293458747382.000,-2.088,0.000,0.000,1.000,0,0,0,19,19,0,0,19,0.0,0.0,0.0,0.0,0.0,1.0,-1
"F[1,2](((Calcium <= 2.485 -> SepsisLabel <= 0.000) -> O2Sat >= 0.000) & Creatinine >= 0.000)
",-9999999.000,-9999999.000,0.000,0.000,1.000,0,0,0,19,19,0,0,19,0.0,0.0,0.0,0.0,0.0,1.0,-1
"F[1,2]((MAP >= 15.863 | Lactate <= 0.000) & Phosphate <= 0.000)
",-9999999.000,-9999999.000,0.000,0.000,1.000,0,0,0,19,19,0,0,19,0.0,0.0,0.0,0.0,0.0,1.0,-1
"F[0,1](((SaO2 <= 0.000 | Chloride <= 0.000) | Resp <= 0.000) | BaseExcess >= 0.000)
",-9999999.000,-9999999.000,0.000,0.000,1.000,0,0,0,19,19,0,0,19,0.0,0.0,0.0,0.0,0.0,1.0,-1
"F[0,2](EtCO2 <= 0.000 & Calcium >= 0.252)
",-9999999.000,-9999999.000,0.000,0.000,1.000,0,0,0,19,19,0,0,19,0.0,0.0,0.0,0.0,0.0,1.0,-1
"F[0,2](((AST >= 0.170 & Magnesium <= 0.000) & Calcium >= 0.000) -> Lactate <= 0.000)
",-9999999.000,-9999999.000,0.000,0.000,1.000,0,0,0,19,19,0,0,19,0.0,0.0,0.0,0.0,0.0,1.0,-1
"F[1,2]((Lactate >= 0.000 | TroponinI >= 0.000) & TroponinI <= 0.000)
",-9999999.000,-9999999.000,0.000,0.000,1.000,0,0,0,19,19,0,0,19,0.0,0.0,0.0,0.0,0.0,1.0,-1
"((TroponinI >= 0.000) U[0,1] (SBP >= 35.232))
",-9999999.000,-9999999.000,0.000,0.000,1.000,0,0,0,19,19,0,0,19,0.0,0.0,0.0,0.0,0.0,1.0,-1
"F[2,2]((Creatinine >= 0.015 & Bilirubin_direct >= 0.000) | AST <= 0.000)
",0.000,0.000,0.000,0.000,1.000,0,0,0,19,19,0,0,19,0.0,0.0,0.0,0.0,0.0,1.0,-1
"F[2,2](BaseExcess >= 0.000 -> PTT >= 0.000)
",0.000,0.000,0.000,0.000,1.000,0,0,0,19,19,0,0,19,0.0,0.0,0.0,0.0,0.0,1.0,-1
"((Bilirubin_direct >= 0.000) U[2,2] (BUN >= 0.055))
",0.000,0.000,0.000,0.000,1.000,0,0,0,19,19,0,0,19,0.0,0.0,0.0,0.0,0.0,1.0,-1
"((HCO3 >= 0.000) U[1,2] (Magnesium >= 0.000))
",-9999999.000,-9999999.000,0.000,0.000,1.000,0,0,0,19,19,0,0,19,0.0,0.0,0.0,0.0,0.0,1.0,-1
"F[1,1]((Glucose <= 62.488 | FiO2 <= 0.000) | EtCO2 >= 0.000)
",8794417021917298.000,62.488,0.000,0.000,1.000,0,0,0,19,19,0,0,19,0.0,0.0,0.0,0.0,0.0,1.0,-1
"F[0,1]((Chloride >= 0.000 -> MAP <= 106.200) -> Alkalinephos <= 110.319)
",-9999999.000,-9999999.000,0.000,0.000,1.000,0,0,0,19,19,0,0,19,0.0,0.0,0.0,0.0,0.0,1.0,-1
"F[1,2]((MAP >= 74.743 -> Platelets >= 0.370) | Potassium >= 0.529)
",-9999999.000,-9999999.000,0.000,0.000,1.000,0,0,0,19,19,0,0,19,0.0,0.0,0.0,0.0,0.0,1.0,-1
"F[1,1]((Alkalinephos >= 2.750 | EtCO2 <= 0.000) & Glucose >= 0.000)
",0.000,0.000,0.000,0.000,1.000,0,0,0,19,19,0,0,19,0.0,0.0,0.0,0.0,0.0,1.0,-1
"((AST >= 0.678) U[0,1] (Calcium <= 2.293))
",-9999999.000,-9999999.000,0.000,0.000,1.000,0,0,0,19,19,0,0,19,0.0,0.0,0.0,0.0,0.0,1.0,-1
"F[0,1](((Lactate >= 0.000 -> MAP <= 117.900) -> HR >= 1.567) -> SepsisLabel <= 114.566)
",-9999999.000,-9999999.000,0.000,0.000,1.000,0,0,0,19,19,0,0,19,0.0,0.0,0.0,0.0,0.0,1.0,-1
"F[0,2]((HCO3 >= 0.000 -> HR >= 52.473) | Hgb >= 45.907)
",-9999999.000,-9999999.000,0.000,0.000,1.000,0,0,0,19,19,0,0,19,0.0,0.0,0.0,0.0,0.0,1.0,-1
"F[0,1](((SepsisLabel >= 0.000 -> EtCO2 <= 0.000) & Calcium <= 0.000) & SaO2 >= 0.000)
",-9999999.000,-9999999.000,0.000,0.000,1.000,0,0,0,19,19,0,0,19,0.0,0.0,0.0,0.0,0.0,1.0,-1
"F[0,1](((SaO2 <= 0.000 | MAP <= 103.115) | SBP <= 100.719) | EtCO2 <= 103.740)
",-9999999.000,-9999999.000,0.000,0.000,1.000,0,0,0,19,19,0,0,19,0.0,0.0,0.0,0.0,0.0,1.0,-1
"F[0,2]((Platelets >= 0.941 -> SBP >= 67.499) & WBC <= 164.352)
",-9999999.000,-9999999.000,0.000,0.000,1.000,0,0,0,19,19,0,0,19,0.0,0.0,0.0,0.0,0.0,1.0,-1
"F[0,2]((DBP >= 30.674 & Magnesium <= 0.000) -> Hct >= 0.000)
",-9999999.000,-9999999.000,0.000,0.000,1.000,0,0,0,19,19,0,0,19,0.0,0.0,0.0,0.0,0.0,1.0,-1
"((Bilirubin_direct >= 0.000) U[0,2] (WBC <= 1.072))
",-9999999.000,-9999999.000,0.000,0.000,1.000,0,0,0,19,19,0,0,19,0.0,0.0,0.0,0.0,0.0,1.0,-1
"F[0,1](SaO2 <= 0.000 -> Alkalinephos <= 92.814)
",-9999999.000,-9999999.000,0.000,0.000,1.000,0,0,0,19,19,0,0,19,0.0,0.0,0.0,0.0,0.0,1.0,-1
"F[1,2]((Phosphate <= 4.464 | FiO2 >= 0.000) & Bilirubin_total <= 0.000)
",-9999999.000,-9999999.000,0.000,0.000,1.000,0,0,0,19,19,0,0,19,0.0,0.0,0.0,0.0,0.0,1.0,-1
"F[0,1](((pH <= 0.000 | SepsisLabel >= 0.000) -> Hgb >= 0.000) & Hct >= 0.000)
",-9999999.000,-9999999.000,0.000,0.000,1.000,0,0,0,19,19,0,0,19,0.0,0.0,0.0,0.0,0.0,1.0,-1
"F[2,2](((WBC >= 0.012 | TroponinI >= 0.000) | HCO3 >= 0.000) | Bilirubin_total >= 0.000)
",0.000,0.000,0.000,0.000,1.000,0,0,0,19,19,0,0,19,0.0,0.0,0.0,0.0,0.0,1.0,-1
"((TroponinI <= 0.000) U[1,1] (Lactate <= 0.000))
",0.000,0.000,0.000,0.000,1.000,0,0,0,19,19,0,0,19,0.0,0.0,0.0,0.0,0.0,1.0,-1
"((Creatinine < 0.423) U[0,1] (SepsisLabel = 0.000))
",-9999999.000,-9999999.000,0.000,0.000,1.000,0,0,0,19,19,0,0,19,0.0,0.0,0.0,0.0,0.0,1.0,-1
"((Bilirubin_direct < 0.000) U[0,1] (SepsisLabel = 0.000))
",-9999999.000,-9999999.000,0.000,0.000,1.000,0,0,0,19,19,0,0,19,0.0,0.0,0.0,0.0,0.0,1.0,-1
"F[0,0](Calcium <= 8.287 -> SepsisLabel <= 0.000)
",-0.326,-4.493,0.000,0.000,1.000,0,0,0,19,19,0,0,19,0.0,0.0,0.0,0.0,0.0,1.0,-1
"F[1,2](Temp >= 2.664 -> Fibrinogen >= 0.000)
",-9999999.000,-9999999.000,0.000,0.000,1.000,0,0,0,19,19,0,0,19,0.0,0.0,0.0,0.0,0.0,1.0,-1
"F[0,2](((AST >= 0.194 & WBC <= 2.300) & pH >= 0.021) -> Glucose <= 1.760)
",-9999999.000,-9999999.000,0.000,0.000,1.000,0,0,0,19,19,0,0,19,0.0,0.0,0.0,0.0,0.0,1.0,-1
"F[0,1]((Potassium <= 2.301 | WBC <= 2.157) | Hct >= 0.008)
",-9999999.000,-9999999.000,0.000,0.000,1.000,0,0,0,19,19,0,0,19,0.0,0.0,0.0,0.0,0.0,1.0,-1
"F[0,2](((DBP >= 35.131 & SBP >= 42.266) & DBP <= 161.982) | Calcium >= 50.965)
",-9999999.000,-9999999.000,0.000,0.000,1.000,0,0,0,19,19,0,0,19,0.0,0.0,0.0,0.0,0.0,1.0,-1
"F[0,1](((Calcium <= 1.861 | WBC <= 1.537) & HR >= 0.018) -> BUN <= 2.175)
",-9999999.000,-9999999.000,0.000,0.000,1.000,0,0,0,19,19,0,0,19,0.0,0.0,0.0,0.0,0.0,1.0,-1
"((Calcium >= 0.021) U[0,2] (Hgb >= 0.066))
",-9999999.000,-9999999.000,0.000,0.000,1.000,0,0,0,19,19,0,0,19,0.0,0.0,0.0,0.0,0.0,1.0,-1
"((Hct <= 18.273) U[1,2] (Potassium >= 0.134))
",-9999999.000,-9999999.000,0.000,0.000,1.000,0,0,0,19,19,0,0,19,0.0,0.0,0.0,0.0,0.0,1.0,-1
"F[2,2]((Hct <= 27.692 -> Resp >= 2.628) | EtCO2 <= 20.338)
",20.338,20.338,0.000,0.000,1.000,0,0,0,19,19,0,0,19,0.0,0.0,0.0,0.0,0.0,1.0,-1
"F[0,2](Platelets <= 102.117 & Resp <= 23.419)
",-9999999.000,-9999999.000,0.000,0.000,1.000,0,0,0,19,19,0,0,19,0.0,0.0,0.0,0.0,0.0,1.0,-1
"F[0,2](Resp <= 20.521 | WBC <= 2.053)
",-9999999.000,-9999999.000,0.000,0.000,1.000,0,0,0,19,19,0,0,19,0.0,0.0,0.0,0.0,0.0,1.0,-1
"((Glucose >= 4.741) U[0,2] (BUN <= 2.064))
",-9999999.000,-9999999.000,0.000,0.000,1.000,0,0,0,19,19,0,0,19,0.0,0.0,0.0,0.0,0.0,1.0,-1
"F[2,2]((Calcium <= 2.890 & Potassium <= 0.487) & Magnesium >= 0.000)
",0.000,0.000,0.000,0.000,1.000,0,0,0,19,19,0,0,19,0.0,0.0,0.0,0.0,0.0,1.0,-1
"F[0,2](Glucose >= 2.883 & SBP >= 71.426)
",-9999999.000,-9999999.000,0.000,0.000,1.000,0,0,0,19,19,0,0,19,0.0,0.0,0.0,0.0,0.0,1.0,-1
"F[0,2](((EtCO2 <= 0.000 & Hct >= 0.607) | WBC >= 0.516) & Potassium <= 26.050)
",-9999999.000,-9999999.000,0.000,0.000,1.000,0,0,0,19,19,0,0,19,0.0,0.0,0.0,0.0,0.0,1.0,-1
"F[0,2]((Temp <= 35.865 & Resp <= 27.088) & DBP >= 8.950)
",-9999999.000,-9999999.000,0.000,0.000,1.000,0,0,0,19,19,0,0,19,0.0,0.0,0.0,0.0,0.0,1.0,-1
"((Temp > 5.840) U[0,2] (SepsisLabel = 0.000))
",-9999999.000,-9999999.000,0.000,0.000,1.000,0,0,0,19,19,0,0,19,0.0,0.0,0.0,0.0,0.0,1.0,-1
"F[1,1](Lactate <= 0.000 -> BaseExcess >= 0.000)
",0.000,0.000,0.000,0.000,1.000,0,0,0,19,19,0,0,19,0.0,0.0,0.0,0.0,0.0,1.0,-1
"F[0,1](((MAP <= 123.991 -> Phosphate >= 0.128) & HCO3 >= 0.016) -> WBC <= 4.381)
",-9999999.000,-9999999.000,0.000,0.000,1.000,0,0,0,19,19,0,0,19,0.0,0.0,0.0,0.0,0.0,1.0,-1
"F[0,1]((DBP <= 86.569 & Potassium >= 0.173) -> Lactate >= 0.053)
",-9999999.000,-9999999.000,0.000,0.000,1.000,0,0,0,19,19,0,0,19,0.0,0.0,0.0,0.0,0.0,1.0,-1
"((Creatinine <= 0.354) U[0,1] (SBP <= 150.254))
",-9999999.000,-9999999.000,0.000,0.000,1.000,0,0,0,19,19,0,0,19,0.0,0.0,0.0,0.0,0.0,1.0,-1
"F[0,2](((O2Sat >= 37.529 | EtCO2 >= 0.000) & TroponinI <= 0.000) -> Hgb <= 0.000)
",-9999999.000,-9999999.000,0.000,0.000,1.000,0,0,0,19,19,0,0,19,0.0,0.0,0.0,0.0,0.0,1.0,-1
"F[0,2]((Bilirubin_total <= 0.312 & MAP >= 39.176) & Creatinine <= 122.015)
",-9999999.000,-9999999.000,0.000,0.000,1.000,0,0,0,19,19,0,0,19,0.0,0.0,0.0,0.0,0.0,1.0,-1
"((Temp <= 21.506) U[1,1] (TroponinI <= 0.000))
",21.506,21.506,0.000,0.000,1.000,0,0,0,19,19,0,0,19,0.0,0.0,0.0,0.0,0.0,1.0,-1
"F[0,1]((MAP >= 63.680 | FiO2 <= 0.000) | WBC >= 0.000)
",-9999999.000,-9999999.000,0.000,0.000,1.000,0,0,0,19,19,0,0,19,0.0,0.0,0.0,0.0,0.0,1.0,-1
"F[0,2](((Resp <= 21.045 | EtCO2 <= 0.000) | PaCO2 <= 0.000) -> SepsisLabel <= 0.000)
",-9999999.000,-9999999.000,0.000,0.000,1.000,0,0,0,19,19,0,0,19,0.0,0.0,0.0,0.0,0.0,1.0,-1
"F[0,2](((BaseExcess <= 0.000 & Phosphate >= 0.008) & Resp <= 2.879) | Lactate >= 0.060)
",-9999999.000,-9999999.000,0.000,0.000,1.000,0,0,0,19,19,0,0,19,0.0,0.0,0.0,0.0,0.0,1.0,-1
"F[1,2](((Temp >= 4.557 & Phosphate >= 0.115) & Potassium >= 0.024) | Platelets >= 0.028)
",-9999999.000,-9999999.000,0.000,0.000,1.000,0,0,0,19,19,0,0,19,0.0,0.0,0.0,0.0,0.0,1.0,-1
"F[1,2](((O2Sat >= 22.514 | WBC >= 0.059) & WBC >= 0.005) & AST <= 1.121)
",-9999999.000,-9999999.000,0.000,0.000,1.000,0,0,0,19,19,0,0,19,0.0,0.0,0.0,0.0,0.0,1.0,-1
"((Hct <= 3.257) U[1,2] (O2Sat <= 92.112))
",-9999999.000,-9999999.000,0.000,0.000,1.000,0,0,0,19,19,0,0,19,0.0,0.0,0.0,0.0,0.0,1.0,-1
"F[0,1](((AST >= 0.155 -> Hgb <= 11.680) -> Calcium >= 0.233) | Potassium <= 8.016)
",-9999999.000,-9999999.000,0.000,0.000,1.000,0,0,0,19,19,0,0,19,0.0,0.0,0.0,0.0,0.0,1.0,-1
"F[2,2]((Phosphate <= 4.789 | Potassium <= 3.578) -> Glucose >= 0.041)
",-5392099341553820.000,-4.789,0.000,0.000,1.000,0,0,0,19,19,0,0,19,0.0,0.0,0.0,0.0,0.0,1.0,-1
"F[1,2](Bilirubin_total >= 0.045 & Hgb >= 0.343)
",-9999999.000,-9999999.000,0.000,0.000,1.000,0,0,0,19,19,0,0,19,0.0,0.0,0.0,0.0,0.0,1.0,-1
"F[1,2](BUN <= 1.184 | Hgb <= 13.423)
",-9999999.000,-9999999.000,0.000,0.000,1.000,0,0,0,19,19,0,0,19,0.0,0.0,0.0,0.0,0.0,1.0,-1
"F[0,2]((MAP >= 58.393 -> Platelets >= 3.262) & O2Sat <= 141.677)
",-9999999.000,-9999999.000,0.000,0.000,1.000,0,0,0,19,19,0,0,19,0.0,0.0,0.0,0.0,0.0,1.0,-1
"F[0,2](SBP >= 21.488 -> Temp <= 18.583)
",-9999999.000,-9999999.000,0.000,0.000,1.000,0,0,0,19,19,0,0,19,0.0,0.0,0.0,0.0,0.0,1.0,-1
"F[1,2](((DBP <= 90.812 & Hct >= 0.541) -> Lactate <= 15.848) & Chloride >= 0.499)
",-9999999.000,-9999999.000,0.000,0.000,1.000,0,0,0,19,19,0,0,19,0.0,0.0,0.0,0.0,0.0,1.0,-1
"F[0,1](DBP <= 83.308 -> WBC <= 1.744)
",-9999999.000,-9999999.000,0.000,0.000,1.000,0,0,0,19,19,0,0,19,0.0,0.0,0.0,0.0,0.0,1.0,-1
"F[0,1](Calcium <= 4.642 | MAP <= 106.642)
",-9999999.000,-9999999.000,0.000,0.000,1.000,0,0,0,19,19,0,0,19,0.0,0.0,0.0,0.0,0.0,1.0,-1
"F[0,1](((O2Sat <= 94.331 -> Temp <= 19.293) | Calcium <= 13.843) | PaCO2 <= 32.101)
",-9999999.000,-9999999.000,0.000,0.000,1.000,0,0,0,19,19,0,0,19,0.0,0.0,0.0,0.0,0.0,1.0,-1
"F[1,2](((Creatinine <= 0.639 & SBP >= 61.731) & BUN >= 54.908) | Temp >= 96.154)
",-9999999.000,-9999999.000,0.000,0.000,1.000,0,0,0,19,19,0,0,19,0.0,0.0,0.0,0.0,0.0,1.0,-1
"F[0,0](MAP <= 104.508 | Resp >= 13.916)
",10.989,72.806,0.000,0.000,1.000,0,0,0,19,19,0,0,19,0.0,0.0,0.0,0.0,0.0,1.0,-1
"F[0,2](Creatinine <= 0.180 | DBP >= 67.756)
",-9999999.000,-9999999.000,0.000,0.000,1.000,0,0,0,19,19,0,0,19,0.0,0.0,0.0,0.0,0.0,1.0,-1
"((Glucose <= 7.235) U[0,1] (MAP >= 21.094))
",-9999999.000,-9999999.000,0.000,0.000,1.000,0,0,0,19,19,0,0,19,0.0,0.0,0.0,0.0,0.0,1.0,-1
"F[0,2](((Calcium <= 1.191 | SBP <= 153.730) -> PaCO2 <= 159.684) | WBC <= 148.952)
",-9999999.000,-9999999.000,0.000,0.000,1.000,0,0,0,19,19,0,0,19,0.0,0.0,0.0,0.0,0.0,1.0,-1
"((Calcium <= 8.010) U[0,2] (DBP >= 7.231))
",-9999999.000,-9999999.000,0.000,0.000,1.000,0,0,0,19,19,0,0,19,0.0,0.0,0.0,0.0,0.0,1.0,-1
"F[1,2]((Hct >= 0.793 | SBP <= 147.873) & Fibrinogen >= 56.351)
",-9999999.000,-9999999.000,0.000,0.000,1.000,0,0,0,19,19,0,0,19,0.0,0.0,0.0,0.0,0.0,1.0,-1
"F[0,2](((SBP >= 19.368 & WBC <= 0.208) -> Phosphate <= 1.704) & SaO2 <= 0.671)
",-9999999.000,-9999999.000,0.000,0.000,1.000,0,0,0,19,19,0,0,19,0.0,0.0,0.0,0.0,0.0,1.0,-1
"F[0,1](((DBP >= 58.676 & Glucose <= 69.166) & BaseExcess <= 16.107) -> Bilirubin_total <= 57.491)
",-9999999.000,-9999999.000,0.000,0.000,1.000,0,0,0,19,19,0,0,19,0.0,0.0,0.0,0.0,0.0,1.0,-1
"F[0,1](Alkalinephos <= 80.359 & SBP >= 61.974)
",-9999999.000,-9999999.000,0.000,0.000,1.000,0,0,0,19,19,0,0,19,0.0,0.0,0.0,0.0,0.0,1.0,-1
"F[2,2](((BUN >= 0.371 | Temp <= 15.780) -> BaseExcess <= 34.846) & BaseExcess <= 20.979)
",-34.846,-34.846,0.000,0.000,1.000,0,0,0,19,19,0,0,19,0.0,0.0,0.0,0.0,0.0,1.0,-1
"F[0,1](BUN <= 8.497 & MAP >= 45.266)
",-9999999.000,-9999999.000,0.000,0.000,1.000,0,0,0,19,19,0,0,19,0.0,0.0,0.0,0.0,0.0,1.0,-1
"F[0,0]((Alkalinephos >= 2.103 & Hgb >= 0.298) | Hgb <= 8.313)
",7.976,8.067,0.000,0.000,1.000,0,0,0,19,19,0,0,19,0.0,0.0,0.0,0.0,0.0,1.0,-1
"F[0,2]((HR <= 87.185 & SBP >= 96.143) & Bilirubin_total >= 16.706)
",-9999999.000,-9999999.000,0.000,0.000,1.000,0,0,0,19,19,0,0,19,0.0,0.0,0.0,0.0,0.0,1.0,-1
"F[0,1](DBP >= 46.850 & O2Sat >= 87.638)
",-9999999.000,-9999999.000,0.000,0.000,1.000,0,0,0,19,19,0,0,19,0.0,0.0,0.0,0.0,0.0,1.0,-1
"F[2,2](Alkalinephos >= 1.373 | Phosphate >= 0.117)
",-8416084436704990.000,-0.117,0.000,0.000,1.000,0,0,0,19,19,0,0,19,0.0,0.0,0.0,0.0,0.0,1.0,-1
"((BUN <= 2.609) U[1,2] (Phosphate <= 1.862))
",-9999999.000,-9999999.000,0.000,0.000,1.000,0,0,0,19,19,0,0,19,0.0,0.0,0.0,0.0,0.0,1.0,-1
"F[1,2](((DBP <= 93.467 -> HR <= 82.297) | Potassium <= 83.074) & FiO2 >= 1.888)
",-9999999.000,-9999999.000,0.000,0.000,1.000,0,0,0,19,19,0,0,19,0.0,0.0,0.0,0.0,0.0,1.0,-1
"F[1,2](((Glucose >= 0.228 & Phosphate <= 0.144) & Glucose <= 4.858) & FiO2 >= 0.105)
",-9999999.000,-9999999.000,0.000,0.000,1.000,0,0,0,19,19,0,0,19,0.0,0.0,0.0,0.0,0.0,1.0,-1
"F[2,2]((Creatinine <= 0.079 -> Hgb <= 10.744) & HCO3 >= 0.165)
",-6048072030129500.000,-10.744,0.000,0.000,1.000,0,0,0,19,19,0,0,19,0.0,0.0,0.0,0.0,0.0,1.0,-1
"((Creatinine <= 0.513) U[0,1] (Hct <= 3.638))
",-9999999.000,-9999999.000,0.000,0.000,1.000,0,0,0,19,19,0,0,19,0.0,0.0,0.0,0.0,0.0,1.0,-1
"((DBP <= 89.066) U[0,1] (Phosphate <= 4.734))
",-9999999.000,-9999999.000,0.000,0.000,1.000,0,0,0,19,19,0,0,19,0.0,0.0,0.0,0.0,0.0,1.0,-1
"F[1,2](((Creatinine >= 0.012 | Resp >= 6.364) & pH <= 23.376) -> Creatinine >= 9.298)
",-9999999.000,-9999999.000,0.000,0.000,1.000,0,0,0,19,19,0,0,19,0.0,0.0,0.0,0.0,0.0,1.0,-1
"F[0,1](((Bilirubin_total >= 0.050 | Resp <= 26.194) | Calcium <= 28.425) -> TroponinI <= 22.868)
",-9999999.000,-9999999.000,0.000,0.000,1.000,0,0,0,19,19,0,0,19,0.0,0.0,0.0,0.0,0.0,1.0,-1
"F[0,2](((Calcium < 6.506 & Potassium < 2.427) & Magnesium < 0.000) & Phosphate < 1.654)
",-9999999.000,-9999999.000,0.000,0.000,1.000,0,0,0,19,19,0,0,19,0.0,0.0,0.0,0.0,0.0,1.0,-1
"((MAP >= 63.030) U[0,2] (SBP <= 134.507))
",-9999999.000,-9999999.000,0.000,0.000,1.000,0,0,0,19,19,0,0,19,0.0,0.0,0.0,0.0,0.0,1.0,-1
"F[0,1]((Calcium <= 4.900 & Potassium <= 1.468) & Magnesium >= 0.000)
",-9999999.000,-9999999.000,0.000,0.000,1.000,0,0,0,19,19,0,0,19,0.0,0.0,0.0,0.0,0.0,1.0,-1
"F[1,2](((Calcium < 7.134 & Potassium < 1.476) & Magnesium < 0.000) & Phosphate < 0.371)
",-9999999.000,-9999999.000,0.000,0.000,1.000,0,0,0,19,19,0,0,19,0.0,0.0,0.0,0.0,0.0,1.0,-1
"F[1,2](((Calcium < 5.556 & Potassium < 0.640) & Magnesium < 0.000) & Phosphate < 2.040)
",-9999999.000,-9999999.000,0.000,0.000,1.000,0,0,0,19,19,0,0,19,0.0,0.0,0.0,0.0,0.0,1.0,-1
"F[1,1]((Phosphate >= 0.066 & Magnesium > 0.000) -> Calcium < 0.498)
",-0.498,-0.498,0.000,0.000,1.000,0,0,0,19,19,0,0,19,0.0,0.0,0.0,0.0,0.0,1.0,-1
"F[2,2](((Calcium < 4.337 & Potassium < 1.912) & Magnesium < 0.000) & Phosphate < 4.616)
",0.000,0.000,0.000,0.000,1.000,0,0,0,19,19,0,0,19,0.0,0.0,0.0,0.0,0.0,1.0,-1
"F[0,1]((Phosphate >= 0.047 & Magnesium > 0.000) -> Calcium < 1.027)
",-9999999.000,-9999999.000,0.000,0.000,1.000,0,0,0,19,19,0,0,19,0.0,0.0,0.0,0.0,0.0,1.0,-1
"F[0,0]((Phosphate >= 0.128 & Magnesium > 0.000) -> Calcium < 3.875)
",-2.727,-3.430,0.000,0.000,1.000,0,0,0,19,19,0,0,19,0.0,0.0,0.0,0.0,0.0,1.0,-1
"((MAP >= 47.895) U[0,2] (SBP <= 157.189))
",-9999999.000,-9999999.000,0.000,0.000,1.000,0,0,0,19,19,0,0,19,0.0,0.0,0.0,0.0,0.0,1.0,-1
"F[1,2](Hgb <= 9.506 | Hct <= 17.499)
",-9999999.000,-9999999.000,0.000,0.000,1.000,0,0,0,19,19,0,0,19,0.0,0.0,0.0,0.0,0.0,1.0,-1
"F[0,0]((Phosphate >= 0.028 & Magnesium > 0.000) -> Calcium < 1.750)
",-2.779,-1.552,0.000,0.000,1.000,0,0,0,19,19,0,0,19,0.0,0.0,0.0,0.0,0.0,1.0,-1
"((MAP >= 9.677) U[1,2] (SBP <= 140.683))
",-9999999.000,-9999999.000,0.000,0.000,1.000,0,0,0,19,19,0,0,19,0.0,0.0,0.0,0.0,0.0,1.0,-1
"F[1,2](Hgb <= 9.479 | Hct <= 14.519)
",-9999999.000,-9999999.000,0.000,0.000,1.000,0,0,0,19,19,0,0,19,0.0,0.0,0.0,0.0,0.0,1.0,-1
"F[0,2]((Calcium <= 5.514 & Potassium <= 3.349) & Magnesium >= 0.000)
",-9999999.000,-9999999.000,0.000,0.000,1.000,0,0,0,19,19,0,0,19,0.0,0.0,0.0,0.0,0.0,1.0,-1
"F[2,2]((Calcium <= 6.390 & Potassium <= 2.851) & Magnesium >= 0.000)
",0.000,0.000,0.000,0.000,1.000,0,0,0,19,19,0,0,19,0.0,0.0,0.0,0.0,0.0,1.0,-1
"F[2,2](((Calcium < 6.367 & Potassium < 0.346) & Magnesium < 0.000) & Phosphate < 1.760)
",0.000,0.000,0.000,0.000,1.000,0,0,0,19,19,0,0,19,0.0,0.0,0.0,0.0,0.0,1.0,-1
"F[0,1](Hgb <= 0.792 | Hct <= 21.094)
",-9999999.000,-9999999.000,0.000,0.000,1.000,0,0,0,19,19,0,0,19,0.0,0.0,0.0,0.0,0.0,1.0,-1
"F[0,1]((Calcium <= 6.104 & Potassium <= 0.295) & Magnesium >= 0.000)
",-9999999.000,-9999999.000,0.000,0.000,1.000,0,0,0,19,19,0,0,19,0.0,0.0,0.0,0.0,0.0,1.0,-1
"F[1,2](((Calcium < 6.828 & Potassium < 2.766) & Magnesium < 0.000) & Phosphate < 3.149)
",-9999999.000,-9999999.000,0.000,0.000,1.000,0,0,0,19,19,0,0,19,0.0,0.0,0.0,0.0,0.0,1.0,-1
"F[2,2]((Phosphate >= 0.116 & Magnesium > 0.000) -> Calcium < 2.308)
",-5198018130222471.000,-2.308,0.000,0.000,1.000,0,0,0,19,19,0,0,19,0.0,0.0,0.0,0.0,0.0,1.0,-1
"F[0,1](Hgb <= 2.225 | Hct <= 20.347)
",-9999999.000,-9999999.000,0.000,0.000,1.000,0,0,0,19,19,0,0,19,0.0,0.0,0.0,0.0,0.0,1.0,-1
"F[0,2]((Calcium <= 1.387 & Potassium <= 1.931) & Magnesium >= 0.000)
",-9999999.000,-9999999.000,0.000,0.000,1.000,0,0,0,19,19,0,0,19,0.0,0.0,0.0,0.0,0.0,1.0,-1
"F[1,2](((Calcium < 8.163 & Potassium < 2.318) & Magnesium < 0.000) & Phosphate < 3.261)
",-9999999.000,-9999999.000,0.000,0.000,1.000,0,0,0,19,19,0,0,19,0.0,0.0,0.0,0.0,0.0,1.0,-1
"F[0,1]((Phosphate >= 0.049 & Magnesium > 0.000) -> Calcium < 3.997)
",-9999999.000,-9999999.000,0.000,0.000,1.000,0,0,0,19,19,0,0,19,0.0,0.0,0.0,0.0,0.0,1.0,-1
"((MAP >= 45.226) U[0,1] (SBP <= 160.155))
",-9999999.000,-9999999.000,0.000,0.000,1.000,0,0,0,19,19,0,0,19,0.0,0.0,0.0,0.0,0.0,1.0,-1
"F[0,2](Magnesium < 0.000 -> SepsisLabel = 0.000)
",-9999999.000,-9999999.000,0.000,0.000,1.000,0,0,0,19,19,0,0,19,0.0,0.0,0.0,0.0,0.0,1.0,-1
"F[0,1](Creatinine >= 0.033 -> SepsisLabel = 0.000)
",-9999999.000,-9999999.000,0.000,0.000,1.000,0,0,0,19,19,0,0,19,0.0,0.0,0.0,0.0,0.0,1.0,-1
"F[0,2]((Phosphate >= 0.019 & Magnesium > 0.000) -> Calcium < 2.945)
",-9999999.000,-9999999.000,0.000,0.000,1.000,0,0,0,19,19,0,0,19,0.0,0.0,0.0,0.0,0.0,1.0,-1
"((MAP >= 97.810) U[0,2] (SBP <= 163.593))
",-9999999.000,-9999999.000,0.000,0.000,1.000,0,0,0,19,19,0,0,19,0.0,0.0,0.0,0.0,0.0,1.0,-1
"F[0,2]((Glucose <= 76.797 & Resp <= 22.120) & O2Sat >= 5.984)
",-9999999.000,-9999999.000,0.000,0.000,1.000,0,0,0,19,19,0,0,19,0.0,0.0,0.0,0.0,0.0,1.0,-1
"F[1,1]((Phosphate >= 0.060 & Magnesium > 0.000) -> Calcium < 8.655)
",-8.655,-8.655,0.000,0.000,1.000,0,0,0,19,19,0,0,19,0.0,0.0,0.0,0.0,0.0,1.0,-1
"F[1,2]((Phosphate <= 1.453 & Temp <= 25.802) -> AST <= 12.022)
",-9999999.000,-9999999.000,0.000,0.000,1.000,0,0,0,19,19,0,0,19,0.0,0.0,0.0,0.0,0.0,1.0,-1
"((Temp >= 5.775) U[0,2] (WBC <= 0.446))
",-9999999.000,-9999999.000,0.000,0.000,1.000,0,0,0,19,19,0,0,19,0.0,0.0,0.0,0.0,0.0,1.0,-1
"F[2,2](((Hgb >= 0.297 | Temp <= 12.444) | EtCO2 <= 23.651) & HR >= 3.165)
",-3.165,-3.165,0.000,0.000,1.000,0,0,0,19,19,0,0,19,0.0,0.0,0.0,0.0,0.0,1.0,-1
"F[1,2](HR >= 23.735 & Platelets >= 2.814)
",-9999999.000,-9999999.000,0.000,0.000,1.000,0,0,0,19,19,0,0,19,0.0,0.0,0.0,0.0,0.0,1.0,-1
"F[0,2](((Hgb >= 0.202 | HR <= 95.837) -> HCO3 <= 79.314) & Alkalinephos >= 29.713)
",-9999999.000,-9999999.000,0.000,0.000,1.000,0,0,0,19,19,0,0,19,0.0,0.0,0.0,0.0,0.0,1.0,-1
"F[2,2](((HR >= 54.753 -> WBC <= 2.089) & HR >= 0.067) | TroponinI <= 1.070)
",4820612002006375.000,1.070,0.000,0.000,1.000,0,0,0,19,19,0,0,19,0.0,0.0,0.0,0.0,0.0,1.0,-1
"F[0,2](Alkalinephos <= 36.384 | O2Sat <= 92.809)
",-9999999.000,-9999999.000,0.000,0.000,1.000,0,0,0,19,19,0,0,19,0.0,0.0,0.0,0.0,0.0,1.0,-1
"F[0,2]((Glucose <= 16.754 & O2Sat >= 11.154) -> SaO2 >= 2.350)
",-9999999.000,-9999999.000,0.000,0.000,1.000,0,0,0,19,19,0,0,19,0.0,0.0,0.0,0.0,0.0,1.0,-1
"F[1,2](((Bilirubin_total >= 0.020 -> O2Sat <= 97.156) | HCO3 <= 98.663) -> SepsisLabel >= 32.982)
",-9999999.000,-9999999.000,0.000,0.000,1.000,0,0,0,19,19,0,0,19,0.0,0.0,0.0,0.0,0.0,1.0,-1
"F[0,1](AST <= 9.536 | HR >= 49.181)
",-9999999.000,-9999999.000,0.000,0.000,1.000,0,0,0,19,19,0,0,19,0.0,0.0,0.0,0.0,0.0,1.0,-1
"F[1,2](Glucose <= 35.621 | HR >= 33.413)
",-9999999.000,-9999999.000,0.000,0.000,1.000,0,0,0,19,19,0,0,19,0.0,0.0,0.0,0.0,0.0,1.0,-1
"F[0,2](((Phosphate <= 0.782 & Resp <= 25.260) & SBP <= 19.698) -> DBP <= 24.538)
",-9999999.000,-9999999.000,0.000,0.000,1.000,0,0,0,19,19,0,0,19,0.0,0.0,0.0,0.0,0.0,1.0,-1
"F[0,1](((BUN <= 4.778 & HR <= 99.699) | Chloride <= 101.546) | Bilirubin_direct >= 77.104)
",-9999999.000,-9999999.000,0.000,0.000,1.000,0,0,0,19,19,0,0,19,0.0,0.0,0.0,0.0,0.0,1.0,-1
"F[1,2](Hgb >= 0.148 & Phosphate <= 2.883)
",-9999999.000,-9999999.000,0.000,0.000,1.000,0,0,0,19,19,0,0,19,0.0,0.0,0.0,0.0,0.0,1.0,-1
"F[1,1]((MAP >= 90.182 & SBP >= 17.587) | pH <= 146.422)
",146.422,146.422,0.000,0.000,1.000,0,0,0,19,19,0,0,19,0.0,0.0,0.0,0.0,0.0,1.0,-1
"F[2,2](((Lactate <= 0.000 | Lactate <= 0.000) | Hct <= 0.000) -> pH <= 0.000)
",0.000,0.000,0.000,0.000,1.000,0,0,0,19,19,0,0,19,0.0,0.0,0.0,0.0,0.0,1.0,-1
"F[0,2]((Alkalinephos >= 0.812 | Creatinine >= 0.025) | DBP >= 0.018)
",-9999999.000,-9999999.000,0.000,0.000,1.000,0,0,0,19,19,0,0,19,0.0,0.0,0.0,0.0,0.0,1.0,-1
"((AST <= 14.062) U[2,2] (BUN >= 0.123))
",14.062,14.062,0.000,0.000,1.000,0,0,0,19,19,0,0,19,0.0,0.0,0.0,0.0,0.0,1.0,-1
"((MAP >= 44.467) U[0,2] (SBP <= 158.388))
",-9999999.000,-9999999.000,0.000,0.000,1.000,0,0,0,19,19,0,0,19,0.0,0.0,0.0,0.0,0.0,1.0,-1
"F[0,0](Hgb <= 12.757 | Hct <= 26.591)
",26.591,26.591,0.000,0.000,1.000,0,0,0,19,19,0,0,19,0.0,0.0,0.0,0.0,0.0,1.0,-1
"F[0,2]((Calcium <= 9.226 & Potassium <= 2.946) & Magnesium >= 0.000)
",-9999999.000,-9999999.000,0.000,0.000,1.000,0,0,0,19,19,0,0,19,0.0,0.0,0.0,0.0,0.0,1.0,-1
"F[2,2](((Calcium < 2.914 & Potassium < 1.505) & Magnesium < 0.000) & Phosphate < 1.067)
",0.000,0.000,0.000,0.000,1.000,0,0,0,19,19,0,0,19,0.0,0.0,0.0,0.0,0.0,1.0,-1
"F[1,1]((Phosphate >= 0.136 & Magnesium > 0.000) -> Calcium < 3.544)
",-3.544,-3.544,0.000,0.000,1.000,0,0,0,19,19,0,0,19,0.0,0.0,0.0,0.0,0.0,1.0,-1
"((MAP >= 84.032) U[0,1] (SBP <= 162.556))
",-9999999.000,-9999999.000,0.000,0.000,1.000,0,0,0,19,19,0,0,19,0.0,0.0,0.0,0.0,0.0,1.0,-1
"F[0,2](Hgb <= 1.797 | Hct <= 31.184)
",-9999999.000,-9999999.000,0.000,0.000,1.000,0,0,0,19,19,0,0,19,0.0,0.0,0.0,0.0,0.0,1.0,-1
"F[0,2]((Phosphate >= 0.108 & Magnesium > 0.000) -> Calcium < 6.926)
",-9999999.000,-9999999.000,0.000,0.000,1.000,0,0,0,19,19,0,0,19,0.0,0.0,0.0,0.0,0.0,1.0,-1
"F[0,2]((Calcium <= 4.913 & Potassium <= 1.513) & Magnesium >= 0.000)
",-9999999.000,-9999999.000,0.000,0.000,1.000,0,0,0,19,19,0,0,19,0.0,0.0,0.0,0.0,0.0,1.0,-1
"F[1,2]((Fibrinogen >= 0.000 | SepsisLabel >= 0.000) -> FiO2 <= 0.000)
",-9999999.000,-9999999.000,0.000,0.000,1.000,0,0,0,19,19,0,0,19,0.0,0.0,0.0,0.0,0.0,1.0,-1
"F[1,2]((HR >= 17.647 | BUN >= 0.358) | Calcium <= 4.702)
",-9999999.000,-9999999.000,0.000,0.000,1.000,0,0,0,19,19,0,0,19,0.0,0.0,0.0,0.0,0.0,1.0,-1
"F[0,1](pH >= 0.000 & Platelets <= 25.161)
",-9999999.000,-9999999.000,0.000,0.000,1.000,0,0,0,19,19,0,0,19,0.0,0.0,0.0,0.0,0.0,1.0,-1
"G[1,1]((Hct <= 34.441 & O2Sat <= 98.392) & TroponinI >= 61.229)
",-8617253661520988.000,-61.229,0.000,1.000,0.000,0,0,1,18,18,1,1,18,0.0,0.0,1.0,0.0,0.0,1.0,1
"G[1,2]((Glucose >= 3.189 | FiO2 <= 0.000) & Bilirubin_total >= 0.000)
",9999999.000,9999999.000,0.000,1.000,0.000,0,0,19,0,0,19,19,0,0.0,0.0,1.0,0.0,0.0,1.0,1
"G[0,2](Resp <= 19.241 & SepsisLabel = 0.000)
",9999999.000,9999999.000,0.000,1.000,0.000,0,0,2,17,17,2,2,17,0.0,0.0,1.0,0.0,0.0,1.0,1
"G[2,2](Temp <= 23.432 -> MAP >= 88.874)
",-23.432,-23.432,0.000,1.000,0.000,0,0,19,0,0,19,19,0,0.0,0.0,1.0,0.0,0.0,1.0,1
"G[2,2]((MAP <= 120.505 & HR >= 50.900) | SepsisLabel <= 94.062)
",6619057612925627.000,94.062,0.000,1.000,0.000,0,0,19,0,0,19,19,0,0.0,0.0,1.0,0.0,0.0,1.0,1
"G[0,2]((EtCO2 <= 0.000 -> TroponinI <= 0.000) -> Lactate <= 0.000)
",9999999.000,9999999.000,0.000,1.000,0.000,0,0,19,0,0,19,19,0,0.0,0.0,1.0,0.0,0.0,1.0,1
"G[0,2](((Magnesium >= 0.000 -> EtCO2 <= 0.000) -> DBP <= 0.000) | Alkalinephos <= 0.000)
",9999999.000,9999999.000,0.000,1.000,0.000,0,0,17,2,2,17,17,2,0.0,0.0,1.0,0.0,0.0,1.0,1
"G[1,2](((pH <= 0.000 -> Hgb <= 5.557) | Magnesium <= 2.960) -> Lactate >= 0.235)
",9999999.000,9999999.000,0.000,1.000,0.000,0,0,1,18,18,1,1,18,0.0,0.0,1.0,0.0,0.0,1.0,1
"G[1,1](((WBC >= 0.031 & Hgb >= 0.159) | Bilirubin_direct >= 0.046) & Lactate >= 0.251)
",-0.251,-0.251,0.000,1.000,0.000,0,0,1,18,18,1,1,18,0.0,0.0,1.0,0.0,0.0,1.0,1
"G[0,0](TroponinI < 0.000 & SepsisLabel = 0.000)
",-0.244,-8.278,0.000,1.000,0.000,0,0,0,19,19,0,0,19,0.0,0.0,0.0,0.0,0.0,1.0,1
"G[0,2]((FiO2 >= 0.000 | Magnesium <= 0.000) -> SaO2 >= 0.000)
",9999999.000,9999999.000,0.000,1.000,0.000,0,0,19,0,0,19,19,0,0.0,0.0,1.0,0.0,0.0,1.0,1
"G[0,2](TroponinI < 0.000 -> SepsisLabel = 0.000)
",9999999.000,9999999.000,0.000,1.000,0.000,0,0,19,0,0,19,19,0,0.0,0.0,1.0,0.0,0.0,1.0,1
"G[0,2]((Glucose <= 89.836 & SepsisLabel <= 0.000) & BaseExcess <= 0.000)
",9999999.000,9999999.000,0.000,1.000,0.000,0,0,17,2,2,17,17,2,0.0,0.0,1.0,0.0,0.0,1.0,1
"G[2,2]((AST >= 1.649 -> Calcium <= 1.867) -> Hgb <= 8.744)
",-8.744,-8.744,0.000,1.000,0.000,0,0,19,0,0,19,19,0,0.0,0.0,1.0,0.0,0.0,1.0,1
"G[0,2]((Fibrinogen >= 0.000 | Hgb <= 12.910) & Creatinine <= 8.926)
",9999999.000,9999999.000,0.000,1.000,0.000,0,0,19,0,0,19,19,0,0.0,0.0,1.0,0.0,0.0,1.0,1
"G[0,2](EtCO2 <= 0.000 -> HR >= 40.014)
",9999999.000,9999999.000,0.000,1.000,0.000,0,0,17,2,2,17,17,2,0.0,0.0,1.0,0.0,0.0,1.0,1
"G[2,2](HR <= 105.650 & Phosphate <= 2.462)
",2.462,2.462,0.000,1.000,0.000,0,0,19,0,0,19,19,0,0.0,0.0,1.0,0.0,0.0,1.0,1
"G[0,2](Platelets <= 131.367 | SBP <= 135.450)
",9999999.000,9999999.000,0.000,1.000,0.000,0,0,18,1,1,18,18,1,0.0,0.0,1.0,0.0,0.0,1.0,1
"G[0,2]((AST <= 27.526 -> Hct >= 0.921) -> Bilirubin_direct >= 0.434)
",9999999.000,9999999.000,0.000,1.000,0.000,0,0,17,2,2,17,17,2,0.0,0.0,1.0,0.0,0.0,1.0,1
"G[1,2]((Bilirubin_total >= 0.053 | DBP >= 5.012) -> DBP >= 15.074)
",9999999.000,9999999.000,0.000,1.000,0.000,0,0,19,0,0,19,19,0,0.0,0.0,1.0,0.0,0.0,1.0,1
"G[0,1](((Alkalinephos >= 3.717 | Temp <= 36.140) | Potassium <= 27.500) -> HCO3 >= 4.519)
",9999999.000,9999999.000,0.000,1.000,0.000,0,0,0,19,19,0,0,19,0.0,0.0,0.0,0.0,0.0,1.0,1
"G[0,1]((Bilirubin_total <= 0.361 | SBP <= 148.465) & FiO2 >= 109.902)
",9999999.000,9999999.000,0.000,1.000,0.000,0,0,0,19,19,0,0,19,0.0,0.0,0.0,0.0,0.0,1.0,1
"G[0,2](((Potassium >= 0.164 & SBP <= 154.932) -> Bilirubin_total <= 145.539) -> Chloride >= 50.592)
",9999999.000,9999999.000,0.000,1.000,0.000,0,0,0,19,19,0,0,19,0.0,0.0,0.0,0.0,0.0,1.0,1
"G[0,0]((HR >= 33.536 | MAP <= 115.269) & Potassium >= 62.807)
",-51.492,-62.513,0.000,1.000,0.000,0,0,0,19,19,0,0,19,0.0,0.0,0.0,0.0,0.0,1.0,1
"G[1,2]((Glucose <= 94.727 & Platelets <= 74.787) & BUN >= 0.327)
",9999999.000,9999999.000,0.000,1.000,0.000,0,0,1,18,18,1,1,18,0.0,0.0,1.0,0.0,0.0,1.0,1
"G[0,2]((Hgb <= 7.123 & SBP <= 142.109) -> Temp >= 98.865)
",9999999.000,9999999.000,0.000,1.000,0.000,0,0,1,18,18,1,1,18,0.0,0.0,1.0,0.0,0.0,1.0,1
"G[2,2](Bilirubin_total >= 0.052 -> Temp >= 3.008)
",7527098321414149.000,0.052,0.000,1.000,0.000,0,0,19,0,0,19,19,0,0.0,0.0,1.0,0.0,0.0,1.0,1
"G[2,2](WBC <= 2.466 -> SepsisLabel = 0.000)
",-5552276832996277.000,-2.466,0.000,1.000,0.000,0,0,19,0,0,19,19,0,0.0,0.0,1.0,0.0,0.0,1.0,1
"G[1,2](((WBC <= 0.392 & Hgb <= 5.620) | FiO2 >= 0.178) -> BUN >= 0.125)
",9999999.000,9999999.000,0.000,1.000,0.000,0,0,2,17,17,2,2,17,0.0,0.0,1.0,0.0,0.0,1.0,1
"G[0,1](O2Sat <= 93.879 & O2Sat >= 36.211)
",9999999.000,9999999.000,0.000,1.000,0.000,0,0,0,19,19,0,0,19,0.0,0.0,0.0,0.0,0.0,1.0,1
"G[0,2](((BUN >= 0.421 & Platelets <= 140.851) | Calcium <= 37.559) -> SepsisLabel >= 3.363)
",9999999.000,9999999.000,0.000,1.000,0.000,0,0,0,19,19,0,0,19,0.0,0.0,0.0,0.0,0.0,1.0,1
"G[2,2](Chloride >= 0.000 & HCO3 >= 0.000)
",0.000,0.000,0.000,1.000,0.000,0,0,19,0,0,19,19,0,0.0,0.0,1.0,0.0,0.0,1.0,1
"G[1,2](((Hgb <= 1.942 & O2Sat <= 93.158) | Alkalinephos >= 7.517) -> SepsisLabel >= 63.270)
",9999999.000,9999999.000,0.000,1.000,0.000,0,0,16,3,3,16,16,3,0.0,0.0,1.0,0.0,0.0,1.0,1
"G[2,2]((DBP >= 44.233 | Bilirubin_direct >= 0.000) & AST <= 0.000)
",0.000,0.000,0.000,1.000,0.000,0,0,19,0,0,19,19,0,0.0,0.0,1.0,0.0,0.0,1.0,1
"G[1,2](HR <= 89.312 & SepsisLabel = 0.000)
",9999999.000,9999999.000,0.000,1.000,0.000,0,0,16,3,3,16,16,3,0.0,0.0,1.0,0.0,0.0,1.0,1
"G[0,2](AST < 13.362 & SepsisLabel = 0.000)
",9999999.000,9999999.000,0.000,1.000,0.000,0,0,17,2,2,17,17,2,0.0,0.0,1.0,0.0,0.0,1.0,1
"G[2,2]((O2Sat <= 96.694 -> Bilirubin_total <= 0.198) & O2Sat >= 0.026)
",-96.694,-96.694,0.000,1.000,0.000,0,0,19,0,0,19,19,0,0.0,0.0,1.0,0.0,0.0,1.0,1
"G[2,2]((HCO3 <= 0.000 | Temp <= 15.502) -> SepsisLabel >= 4.764)
",-8726634563081508.000,-15.502,0.000,1.000,0.000,0,0,19,0,0,19,19,0,0.0,0.0,1.0,0.0,0.0,1.0,1
"G[1,2](Alkalinephos <= 98.787 | pH <= 0.000)
",9999999.000,9999999.000,0.000,1.000,0.000,0,0,19,0,0,19,19,0,0.0,0.0,1.0,0.0,0.0,1.0,1
"G[1,2](PaCO2 > 0.000 & SepsisLabel = 0.000)
",9999999.000,9999999.000,0.000,1.000,0.000,0,0,1,18,18,1,1,18,0.0,0.0,1.0,0.0,0.0,1.0,1
"G[1,2](HCO3 <= 0.000 & SepsisLabel = 0.000)
",9999999.000,9999999.000,0.000,1.000,0.000,0,0,19,0,0,19,19,0,0.0,0.0,1.0,0.0,0.0,1.0,1
"G[2,2]((SepsisLabel >= 0.000 & Resp >= 4.156) & pH >= 10.488)
",-5903948509385253.000,-10.488,0.000,1.000,0.000,0,0,19,0,0,19,19,0,0.0,0.0,1.0,0.0,0.0,1.0,1
"G[1,2](((O2Sat >= 13.568 -> SBP <= 134.765) & Magnesium <= 154.213) | PaCO2 >= 41.747)
",9999999.000,9999999.000,0.000,1.000,0.000,0,0,8,11,11,8,8,11,0.0,0.0,1.0,0.0,0.0,1.0,1
"G[1,2]((Chloride >= 0.000 & Phosphate >= 0.048) & Platelets <= 5.287)
",9999999.000,9999999.000,0.000,1.000,0.000,0,0,1,18,18,1,1,18,0.0,0.0,1.0,0.0,0.0,1.0,1
"G[1,2]((FiO2 >= 0.000 | TroponinI >= 0.000) | Calcium <= 0.000)
",9999999.000,9999999.000,0.000,1.000,0.000,0,0,19,0,0,19,19,0,0.0,0.0,1.0,0.0,0.0,1.0,1
"G[0,2]((Bilirubin_direct >= 0.000 -> Bilirubin_total >= 0.014) & Bilirubin_total >= 0.023)
",9999999.000,9999999.000,0.000,1.000,0.000,0,0,1,18,18,1,1,18,0.0,0.0,1.0,0.0,0.0,1.0,1
"G[0,2]((Creatinine <= 0.429 -> Glucose >= 2.573) & Bilirubin_total >= 4.725)
",9999999.000,9999999.000,0.000,1.000,0.000,0,0,0,19,19,0,0,19,0.0,0.0,0.0,0.0,0.0,1.0,1
"G[0,2]((Alkalinephos >= 3.056 -> Calcium <= 0.680) -> DBP >= 0.305)
",9999999.000,9999999.000,0.000,1.000,0.000,0,0,17,2,2,17,17,2,0.0,0.0,1.0,0.0,0.0,1.0,1
"G[0,2](((DBP >= 75.706 | Alkalinephos <= 59.710) | BUN <= 96.663) | Calcium <= 10.579)
",9999999.000,9999999.000,0.000,1.000,0.000,0,0,19,0,0,19,19,0,0.0,0.0,1.0,0.0,0.0,1.0,1
"G[0,2](((Chloride >= 0.000 -> SaO2 <= 0.000) | Glucose >= 0.000) & PaCO2 <= 0.000)
",9999999.000,9999999.000,0.000,1.000,0.000,0,0,19,0,0,19,19,0,0.0,0.0,1.0,0.0,0.0,1.0,1
"G[1,2](MAP < 103.732 & SepsisLabel = 0.000)
",9999999.000,9999999.000,0.000,1.000,0.000,0,0,10,9,9,10,10,9,0.0,0.0,1.0,0.0,0.0,1.0,1
"G[2,2](((Chloride <= 0.000 -> HR >= 28.060) | Hct >= 27.988) | BUN >= 52.120)
",0.000,0.000,0.000,1.000,0.000,0,0,19,0,0,19,19,0,0.0,0.0,1.0,0.0,0.0,1.0,1
"G[0,2](((BaseExcess >= 0.000 & BUN <= 3.913) | Resp >= 0.221) -> Hct <= 5.253)
",9999999.000,9999999.000,0.000,1.000,0.000,0,0,18,1,1,18,18,1,0.0,0.0,1.0,0.0,0.0,1.0,1
"G[0,2](((Potassium <= 0.497 & Hgb <= 3.620) | PTT >= 0.348) | HCO3 <= 1.755)
",9999999.000,9999999.000,0.000,1.000,0.000,0,0,19,0,0,19,19,0,0.0,0.0,1.0,0.0,0.0,1.0,1
"G[0,2](((Glucose >= 4.853 & DBP <= 84.225) & HCO3 <= 86.608) & Alkalinephos >= 18.675)
",9999999.000,9999999.000,0.000,1.000,0.000,0,0,0,19,19,0,0,19,0.0,0.0,0.0,0.0,0.0,1.0,1
"G[1,2](Temp > 4.227 & SepsisLabel = 0.000)
",9999999.000,9999999.000,0.000,1.000,0.000,0,0,8,11,11,8,8,11,0.0,0.0,1.0,0.0,0.0,1.0,1
"G[1,1](((AST >= 1.195 & MAP <= 111.359) & DBP <= 120.850) | Temp >= 82.405)
",-1.195,-1.195,0.000,1.000,0.000,0,0,1,18,18,1,1,18,0.0,0.0,1.0,0.0,0.0,1.0,1
"G[0,2](((MAP <= 112.976 & Potassium >= 0.115) | SaO2 >= 0.132) | Phosphate >= 0.040)
",9999999.000,9999999.000,0.000,1.000,0.000,0,0,1,18,18,1,1,18,0.0,0.0,1.0,0.0,0.0,1.0,1
"G[0,2]((Creatinine >= 0.026 -> MAP <= 120.200) -> Bilirubin_total <= 104.566)
",9999999.000,9999999.000,0.000,1.000,0.000,0,0,19,0,0,19,19,0,0.0,0.0,1.0,0.0,0.0,1.0,1
"G[1,2]((Platelets <= 124.035 | DBP >= 44.703) | EtCO2 >= 33.094)
",9999999.000,9999999.000,0.000,1.000,0.000,0,0,19,0,0,19,19,0,0.0,0.0,1.0,0.0,0.0,1.0,1
"G[0,1](((Alkalinephos <= 36.834 -> AST >= 0.753) -> PTT >= 1.674) & Creatinine >= 0.147)
",9999999.000,9999999.000,0.000,1.000,0.000,0,0,0,19,19,0,0,19,0.0,0.0,0.0,0.0,0.0,1.0,1
"G[2,2]((HR >= 30.784 -> Lactate >= 0.000) & EtCO2 >= 0.000)
",0.000,0.000,0.000,1.000,0.000,0,0,19,0,0,19,19,0,0.0,0.0,1.0,0.0,0.0,1.0,1
"G[0,1](Platelets <= 59.855 -> WBC >= 0.063)
",9999999.000,9999999.000,0.000,1.000,0.000,0,0,0,19,19,0,0,19,0.0,0.0,0.0,0.0,0.0,1.0,1
"G[2,2](((Bilirubin_total >= 0.030 & O2Sat >= 16.836) & pH <= 93.018) & pH <= 96.981)
",-16.836,-16.836,0.000,1.000,0.000,0,0,19,0,0,19,19,0,0.0,0.0,1.0,0.0,0.0,1.0,1
"G[0,2](((MAP <= 110.538 & Alkalinephos >= 3.996) & DBP <= 75.029) -> Alkalinephos <= 7.412)
",9999999.000,9999999.000,0.000,1.000,0.000,0,0,19,0,0,19,19,0,0.0,0.0,1.0,0.0,0.0,1.0,1
"G[0,2]((EtCO2 <= 0.000 & PaCO2 >= 0.000) | MAP <= 0.000)
",9999999.000,9999999.000,0.000,1.000,0.000,0,0,19,0,0,19,19,0,0.0,0.0,1.0,0.0,0.0,1.0,1
"G[0,1](((Hgb <= 9.801 | Hct <= 27.186) -> WBC >= 0.064) & Platelets >= 2.851)
",9999999.000,9999999.000,0.000,1.000,0.000,0,0,0,19,19,0,0,19,0.0,0.0,0.0,0.0,0.0,1.0,1
"G[0,1](((BaseExcess <= 0.000 | Potassium >= 0.050) | HR <= 1.939) -> Chloride >= 0.004)
",9999999.000,9999999.000,0.000,1.000,0.000,0,0,0,19,19,0,0,19,0.0,0.0,0.0,0.0,0.0,1.0,1
"G[0,2](((HR <= 102.841 -> Potassium <= 0.855) & Lactate <= 1.809) & PTT <= 2.309)
",9999999.000,9999999.000,0.000,1.000,0.000,0,0,17,2,2,17,17,2,0.0,0.0,1.0,0.0,0.0,1.0,1
"G[2,2]((SepsisLabel >= 0.000 | Hct <= 7.140) & pH >= 0.269)
",-0.269,-0.269,0.000,1.000,0.000,0,0,19,0,0,19,19,0,0.0,0.0,1.0,0.0,0.0,1.0,1
"G[0,2]((FiO2 <= 0.000 | Lactate <= 0.000) -> Resp <= 0.000)
",9999999.000,9999999.000,0.000,1.000,0.000,0,0,1,18,18,1,1,18,0.0,0.0,1.0,0.0,0.0,1.0,1
"G[1,2](Platelets <= 15.688 -> WBC >= 0.024)
",9999999.000,9999999.000,0.000,1.000,0.000,0,0,2,17,17,2,2,17,0.0,0.0,1.0,0.0,0.0,1.0,1
"G[1,2](((HCO3 <= 0.000 -> Fibrinogen >= 0.000) | Platelets >= 0.000) | Hgb <= 0.000)
",9999999.000,9999999.000,0.000,1.000,0.000,0,0,19,0,0,19,19,0,0.0,0.0,1.0,0.0,0.0,1.0,1
"G[2,2](TroponinI <= 0.000 -> Bilirubin_direct >= 0.000)
",0.000,0.000,0.000,1.000,0.000,0,0,19,0,0,19,19,0,0.0,0.0,1.0,0.0,0.0,1.0,1
"G[0,1](((Hgb <= 8.326 | Hct <= 20.201) -> WBC >= 0.036) & Platelets >= 3.275)
",9999999.000,9999999.000,0.000,1.000,0.000,0,0,0,19,19,0,0,19,0.0,0.0,0.0,0.0,0.0,1.0,1
"G[0,1](Bilirubin_direct <= 0.000 & Potassium >= 0.140)
",9999999.000,9999999.000,0.000,1.000,0.000,0,0,1,18,18,1,1,18,0.0,0.0,1.0,0.0,0.0,1.0,1
"G[0,2](BUN <= 0.903 & Creatinine >= 0.007)
",9999999.000,9999999.000,0.000,1.000,0.000,0,0,0,19,19,0,0,19,0.0,0.0,0.0,0.0,0.0,1.0,1
"G[2,2]((Temp >= 3.242 | SaO2 <= 0.000) & Hct >= 0.000)
",0.000,0.000,0.000,1.000,0.000,0,0,19,0,0,19,19,0,0.0,0.0,1.0,0.0,0.0,1.0,1
"G[1,2](Platelets <= 105.198 -> WBC >= 0.021)
",9999999.000,9999999.000,0.000,1.000,0.000,0,0,2,17,17,2,2,17,0.0,0.0,1.0,0.0,0.0,1.0,1
"G[1,2](BUN <= 1.925 & Creatinine >= 0.041)
",9999999.000,9999999.000,0.000,1.000,0.000,0,0,1,18,18,1,1,18,0.0,0.0,1.0,0.0,0.0,1.0,1
"G[0,1](((Hgb <= 12.175 | Hct <= 19.576) -> WBC >= 0.040) & Platelets >= 0.692)
",9999999.000,9999999.000,0.000,1.000,0.000,0,0,0,19,19,0,0,19,0.0,0.0,0.0,0.0,0.0,1.0,1
"G[2,2](((MAP >= 82.393 & Resp <= 20.469) | AST >= 1.088) & Fibrinogen <= 19.382)
",-1.088,-1.088,0.000,1.000,0.000,0,0,19,0,0,19,19,0,0.0,0.0,1.0,0.0,0.0,1.0,1
"G[0,2](((Alkalinephos >= 1.597 -> Hct >= 0.427) | MAP <= 5.677) | Phosphate >= 0.231)
",9999999.000,9999999.000,0.000,1.000,0.000,0,0,19,0,0,19,19,0,0.0,0.0,1.0,0.0,0.0,1.0,1
"G[1,2](SepsisLabel >= 0.000 | SepsisLabel <= 0.000)
",9999999.000,9999999.000,0.000,1.000,0.000,0,0,19,0,0,19,19,0,0.0,0.0,1.0,0.0,0.0,1.0,1
"G[1,1]((SBP >= 36.705 -> WBC <= 2.104) & pH >= 0.039)
",-4738090631053286.000,-2.104,0.000,1.000,0.000,0,0,1,18,18,1,1,18,0.0,0.0,1.0,0.0,0.0,1.0,1
"G[0,2](WBC >= 0.026 & SepsisLabel = 0.000)
",9999999.000,9999999.000,0.000,1.000,0.000,0,0,0,19,19,0,0,19,0.0,0.0,0.0,0.0,0.0,1.0,1
"G[1,2](Creatinine <= 0.313 -> HR <= 93.665)
",9999999.000,9999999.000,0.000,1.000,0.000,0,0,16,3,3,16,16,3,0.0,0.0,1.0,0.0,0.0,1.0,1
"G[2,2](((DBP <= 90.599 & Platelets <= 93.049) & FiO2 >= 0.656) | TroponinI >= 1.484)
",-0.656,-0.656,0.000,1.000,0.000,0,0,19,0,0,19,19,0,0.0,0.0,1.0,0.0,0.0,1.0,1
"G[1,2](((Hgb <= 11.090 -> Potassium <= 1.698) | O2Sat >= 0.072) | PTT >= 0.176)
",9999999.000,9999999.000,0.000,1.000,0.000,0,0,19,0,0,19,19,0,0.0,0.0,1.0,0.0,0.0,1.0,1
"G[2,2]((MAP <= 120.173 | WBC <= 2.138) -> BUN >= 0.027)
",-8456399632958932.000,-120.173,0.000,1.000,0.000,0,0,19,0,0,19,19,0,0.0,0.0,1.0,0.0,0.0,1.0,1
"G[0,1]((Hgb >= 0.040 & MAP >= 95.496) | Calcium >= 75.806)
",9999999.000,9999999.000,0.000,1.000,0.000,0,0,0,19,19,0,0,19,0.0,0.0,0.0,0.0,0.0,1.0,1
"G[1,2]((Resp >= 2.102 -> Temp >= 3.283) & SBP <= 9.784)
",9999999.000,9999999.000,0.000,1.000,0.000,0,0,1,18,18,1,1,18,0.0,0.0,1.0,0.0,0.0,1.0,1
"G[2,2](Resp >= 4.883 | SBP >= 12.662)
",-4.883,-4.883,0.000,1.000,0.000,0,0,19,0,0,19,19,0,0.0,0.0,1.0,0.0,0.0,1.0,1
"G[0,2]((Bilirubin_total <= 0.940 & MAP >= 99.643) -> O2Sat >= 89.919)
",9999999.000,9999999.000,0.000,1.000,0.000,0,0,19,0,0,19,19,0,0.0,0.0,1.0,0.0,0.0,1.0,1
"G[0,1]((FiO2 <= 0.000 & MAP <= 105.830) & Bilirubin_direct >= 3.618)
",9999999.000,9999999.000,0.000,1.000,0.000,0,0,0,19,19,0,0,19,0.0,0.0,0.0,0.0,0.0,1.0,1
"G[1,1]((BUN <= 2.701 | SBP >= 113.649) & Bilirubin_direct >= 102.935)
",-7243435911146140.000,-102.935,0.000,1.000,0.000,0,0,1,18,18,1,1,18,0.0,0.0,1.0,0.0,0.0,1.0,1
"G[1,2](Hgb <= 7.201 & Resp >= 6.579)
",9999999.000,9999999.000,0.000,1.000,0.000,0,0,15,4,4,15,15,4,0.0,0.0,1.0,0.0,0.0,1.0,1
"G[1,2](Platelets <= 42.839 -> WBC >= 0.013)
",9999999.000,9999999.000,0.000,1.000,0.000,0,0,2,17,17,2,2,17,0.0,0.0,1.0,0.0,0.0,1.0,1
"G[0,2](O2Sat >= 89.112 & Platelets <= 79.609)
",9999999.000,9999999.000,0.000,1.000,0.000,0,0,16,3,3,16,16,3,0.0,0.0,1.0,0.0,0.0,1.0,1
"G[2,2](((Bilirubin_total <= 0.349 | BUN >= 0.419) & O2Sat >= 0.234) | FiO2 <= 2.162)
",2.162,2.162,0.000,1.000,0.000,0,0,19,0,0,19,19,0,0.0,0.0,1.0,0.0,0.0,1.0,1
"G[1,1]((Phosphate <= 1.988 | Platelets <= 128.908) & HCO3 >= 3.048)
",-6863816112036628.000,-3.048,0.000,1.000,0.000,0,0,1,18,18,1,1,18,0.0,0.0,1.0,0.0,0.0,1.0,1
"G[1,2](((Alkalinephos >= 1.611 -> AST >= 1.879) -> Lactate <= 10.051) | WBC >= 0.887)
",9999999.000,9999999.000,0.000,1.000,0.000,0,0,19,0,0,19,19,0,0.0,0.0,1.0,0.0,0.0,1.0,1
"G[0,2](((HR <= 98.523 & O2Sat >= 29.263) | Temp <= 93.914) & SepsisLabel >= 45.825)
",9999999.000,9999999.000,0.000,1.000,0.000,0,0,0,19,19,0,0,19,0.0,0.0,0.0,0.0,0.0,1.0,1
"G[1,2](((Calcium >= 0.266 & HR >= 16.891) -> SBP >= 44.131) | SepsisLabel >= 59.330)
",9999999.000,9999999.000,0.000,1.000,0.000,0,0,19,0,0,19,19,0,0.0,0.0,1.0,0.0,0.0,1.0,1
"G[1,2](O2Sat <= 92.807 & Phosphate >= 0.061)
",9999999.000,9999999.000,0.000,1.000,0.000,0,0,1,18,18,1,1,18,0.0,0.0,1.0,0.0,0.0,1.0,1
"G[1,2](((Platelets >= 2.052 -> Potassium >= 0.103) -> DBP >= 0.013) -> Bilirubin_direct <= 0.481)
",9999999.000,9999999.000,0.000,1.000,0.000,0,0,19,0,0,19,19,0,0.0,0.0,1.0,0.0,0.0,1.0,1
"G[1,1](((Bilirubin_total <= 0.354 & HR <= 94.711) | Hgb <= 107.081) & HCO3 >= 73.767)
",-73.767,-73.767,0.000,1.000,0.000,0,0,1,18,18,1,1,18,0.0,0.0,1.0,0.0,0.0,1.0,1
"G[1,2](((Creatinine >= 0.028 & O2Sat <= 97.872) | Magnesium >= 67.066) -> Creatinine <= 93.399)
",9999999.000,9999999.000,0.000,1.000,0.000,0,0,19,0,0,19,19,0,0.0,0.0,1.0,0.0,0.0,1.0,1
"G[1,2](Calcium <= 1.293 | Phosphate <= 1.519)
",9999999.000,9999999.000,0.000,1.000,0.000,0,0,19,0,0,19,19,0,0.0,0.0,1.0,0.0,0.0,1.0,1
"G[0,2](MAP >= 30.323 & O2Sat <= 96.154)
",9999999.000,9999999.000,0.000,1.000,0.000,0,0,1,18,18,1,1,18,0.0,0.0,1.0,0.0,0.0,1.0,1
"G[0,2]((Bilirubin_total >= 0.029 -> Hct >= 0.364) -> Lactate >= 0.177)
",9999999.000,9999999.000,0.000,1.000,0.000,0,0,1,18,18,1,1,18,0.0,0.0,1.0,0.0,0.0,1.0,1
"G[1,1](((BUN >= 0.022 -> Resp <= 19.177) | BUN <= 22.390) -> Phosphate >= 5.673)
",-22.390,-22.390,0.000,1.000,0.000,0,0,1,18,18,1,1,18,0.0,0.0,1.0,0.0,0.0,1.0,1
"G[2,2](((Bilirubin_total >= 0.012 -> Platelets >= 1.419) -> SaO2 >= 2.956) & BaseExcess <= 99.102)
",-7175584947461828.000,-0.012,0.000,1.000,0.000,0,0,19,0,0,19,19,0,0.0,0.0,1.0,0.0,0.0,1.0,1
"G[1,2](((AST <= 27.225 & Resp <= 26.418) -> PTT >= 13.381) -> BaseExcess <= 29.714)
",9999999.000,9999999.000,0.000,1.000,0.000,0,0,19,0,0,19,19,0,0.0,0.0,1.0,0.0,0.0,1.0,1
"G[1,2](((Creatinine <= 0.292 | Magnesium >= 0.000) | Chloride >= 0.000) & DBP <= 0.000)
",9999999.000,9999999.000,0.000,1.000,0.000,0,0,2,17,17,2,2,17,0.0,0.0,1.0,0.0,0.0,1.0,1
"G[1,2]((pH <= 0.000 | PTT >= 0.000) -> WBC >= 0.000)
",9999999.000,9999999.000,0.000,1.000,0.000,0,0,19,0,0,19,19,0,0.0,0.0,1.0,0.0,0.0,1.0,1
"F[0,1](HR <= 87.193 -> EtCO2 <= 0.000)
",-9999999.000,-9999999.000,0.000,0.000,1.000,0,0,0,19,19,0,0,19,0.0,0.0,0.0,0.0,0.0,1.0,-1
"F[0,2](((AST >= 0.032 -> Chloride >= 0.000) & Calcium <= 0.000) & Alkalinephos <= 0.000)
",-9999999.000,-9999999.000,0.000,0.000,1.000,0,0,0,19,19,0,0,19,0.0,0.0,0.0,0.0,0.0,1.0,-1
"F[0,2]((Lactate <= 0.000 & BUN >= 0.141) -> pH <= 4.219)
",-9999999.000,-9999999.000,0.000,0.000,1.000,0,0,0,19,19,0,0,19,0.0,0.0,0.0,0.0,0.0,1.0,-1
"F[1,1](((Temp >= 4.927 & WBC <= 0.359) | BaseExcess >= 0.043) -> Hct <= 1.426)
",-6422562527890956.000,-1.426,0.000,0.000,1.000,0,0,0,19,19,0,0,19,0.0,0.0,0.0,0.0,0.0,1.0,-1
"F[2,2](((Calcium >= 0.405 & Platelets >= 2.966) & FiO2 >= 2.062) | EtCO2 <= 125.836)
",4427467966392839.000,125.836,0.000,0.000,1.000,0,0,0,19,19,0,0,19,0.0,0.0,0.0,0.0,0.0,1.0,-1
"F[0,1]((WBC >= 0.026 & TroponinI >= 0.000) -> BUN >= 0.000)
",-9999999.000,-9999999.000,0.000,0.000,1.000,0,0,0,19,19,0,0,19,0.0,0.0,0.0,0.0,0.0,1.0,-1
"F[1,2](((SBP <= 146.629 | Glucose >= 3.465) -> Bilirubin_direct <= 21.862) -> MAP <= 103.935)
",-9999999.000,-9999999.000,0.000,0.000,1.000,0,0,0,19,19,0,0,19,0.0,0.0,0.0,0.0,0.0,1.0,-1
"((Alkalinephos >= 0.315) U[2,2] (BUN <= 4.316))
",4.316,4.316,0.000,0.000,1.000,0,0,0,19,19,0,0,19,0.0,0.0,0.0,0.0,0.0,1.0,-1
"F[0,2]((Fibrinogen >= 0.000 | EtCO2 >= 0.000) & O2Sat >= 0.000)
",-9999999.000,-9999999.000,0.000,0.000,1.000,0,0,0,19,19,0,0,19,0.0,0.0,0.0,0.0,0.0,1.0,-1
"((PaCO2 <= 0.000) U[0,0] (FiO2 >= 0.000))
",0.000,0.000,0.000,0.000,1.000,0,0,0,19,19,0,0,19,0.0,0.0,0.0,0.0,0.0,1.0,-1
"((SaO2 >= 0.000) U[0,1] (PaCO2 >= 0.000))
",-9999999.000,-9999999.000,0.000,0.000,1.000,0,0,0,19,19,0,0,19,0.0,0.0,0.0,0.0,0.0,1.0,-1
"F[1,2](((Phosphate >= 0.097 -> EtCO2 <= 0.000) -> HCO3 <= 0.000) -> O2Sat >= 0.000)
",-9999999.000,-9999999.000,0.000,0.000,1.000,0,0,0,19,19,0,0,19,0.0,0.0,0.0,0.0,0.0,1.0,-1
"F[0,1](((BaseExcess <= 0.000 | SBP >= 114.372) -> Creatinine <= 133.523) -> Hgb <= 161.991)
",-9999999.000,-9999999.000,0.000,0.000,1.000,0,0,0,19,19,0,0,19,0.0,0.0,0.0,0.0,0.0,1.0,-1
"F[0,2](((Bilirubin_total <= 0.402 & Bilirubin_direct >= 0.000) -> Fibrinogen >= 0.000) | Calcium <= 0.000)
",-9999999.000,-9999999.000,0.000,0.000,1.000,0,0,0,19,19,0,0,19,0.0,0.0,0.0,0.0,0.0,1.0,-1
"F[1,2]((WBC >= 0.065 | MAP <= 101.192) | BaseExcess >= 3.831)
",-9999999.000,-9999999.000,0.000,0.000,1.000,0,0,0,19,19,0,0,19,0.0,0.0,0.0,0.0,0.0,1.0,-1
"G[0,2](BUN <= 1.267 & Creatinine >= 0.038)
",9999999.000,9999999.000,0.000,1.000,0.000,0,0,0,19,19,0,0,19,0.0,0.0,0.0,0.0,0.0,1.0,1
"F[2,2](TroponinI >= 0.000 | BaseExcess <= 0.000)
",0.000,0.000,0.000,0.000,1.000,0,0,0,19,19,0,0,19,0.0,0.0,0.0,0.0,0.0,1.0,-1
"F[1,2]((Bilirubin_total >= 0.010 -> PTT <= 0.000) -> HCO3 <= 0.000)
",-9999999.000,-9999999.000,0.000,0.000,1.000,0,0,0,19,19,0,0,19,0.0,0.0,0.0,0.0,0.0,1.0,-1
"F[0,2](Glucose <= 28.487 -> HR <= 84.755)
",-9999999.000,-9999999.000,0.000,0.000,1.000,0,0,0,19,19,0,0,19,0.0,0.0,0.0,0.0,0.0,1.0,-1
"F[2,2](((Glucose >= 5.098 & Hct >= 0.461) & EtCO2 >= 0.530) & WBC >= 0.059)
",-5739979602876452.000,-5.098,0.000,0.000,1.000,0,0,0,19,19,0,0,19,0.0,0.0,0.0,0.0,0.0,1.0,-1
"F[0,0](PaCO2 <= 0.000 | BaseExcess <= 0.000)
",0.000,0.000,0.000,0.000,1.000,0,0,0,19,19,0,0,19,0.0,0.0,0.0,0.0,0.0,1.0,-1
"F[0,1](SepsisLabel <= 0.000 -> Temp <= 27.675)
",-9999999.000,-9999999.000,0.000,0.000,1.000,0,0,0,19,19,0,0,19,0.0,0.0,0.0,0.0,0.0,1.0,-1
"F[0,1](((WBC >= 0.057 -> SaO2 >= 0.000) | DBP <= 0.000) & Phosphate <= 0.000)
",-9999999.000,-9999999.000,0.000,0.000,1.000,0,0,0,19,19,0,0,19,0.0,0.0,0.0,0.0,0.0,1.0,-1
"F[1,2](((TroponinI <= 0.000 | BUN <= 6.687) | SBP >= 0.078) & Resp <= 0.719)
",-9999999.000,-9999999.000,0.000,0.000,1.000,0,0,0,19,19,0,0,19,0.0,0.0,0.0,0.0,0.0,1.0,-1
"F[0,2](((EtCO2 <= 0.000 & PTT <= 0.000) & FiO2 >= 0.000) & FiO2 >= 0.000)
",-9999999.000,-9999999.000,0.000,0.000,1.000,0,0,0,19,19,0,0,19,0.0,0.0,0.0,0.0,0.0,1.0,-1
"F[2,2](((Phosphate <= 0.343 -> Potassium <= 1.492) -> Resp <= 2.159) & FiO2 >= 0.042)
",-4861241423940665.000,-2.159,0.000,0.000,1.000,0,0,0,19,19,0,0,19,0.0,0.0,0.0,0.0,0.0,1.0,-1
"F[0,0]((FiO2 >= 0.000 | FiO2 <= 0.000) & FiO2 >= 0.000)
",0.000,0.000,0.000,0.000,1.000,0,0,0,19,19,0,0,19,0.0,0.0,0.0,0.0,0.0,1.0,-1
"F[2,2](((HR >= 65.919 & Magnesium <= 0.000) -> BUN <= 0.000) | Chloride <= 0.000)
",0.000,0.000,0.000,0.000,1.000,0,0,0,19,19,0,0,19,0.0,0.0,0.0,0.0,0.0,1.0,-1
"F[1,2]((O2Sat >= 80.892 & Bilirubin_direct <= 0.000) | Magnesium <= 0.000)
",-9999999.000,-9999999.000,0.000,0.000,1.000,0,0,0,19,19,0,0,19,0.0,0.0,0.0,0.0,0.0,1.0,-1
"F[1,2]((SBP >= 54.813 -> Fibrinogen >= 0.000) -> EtCO2 >= 0.000)
",-9999999.000,-9999999.000,0.000,0.000,1.000,0,0,0,19,19,0,0,19,0.0,0.0,0.0,0.0,0.0,1.0,-1
"F[2,2](((FiO2 <= 0.000 & Creatinine >= 0.038) -> DBP <= 0.230) -> SaO2 >= 0.002)
",0.002,0.002,0.000,0.000,1.000,0,0,0,19,19,0,0,19,0.0,0.0,0.0,0.0,0.0,1.0,-1
"F[1,2]((PTT >= 0.000 & WBC >= 0.030) | Hct >= 0.009)
",-9999999.000,-9999999.000,0.000,0.000,1.000,0,0,0,19,19,0,0,19,0.0,0.0,0.0,0.0,0.0,1.0,-1
"((Platelets >= 3.031) U[0,2] (BaseExcess <= 0.000))
",-9999999.000,-9999999.000,0.000,0.000,1.000,0,0,0,19,19,0,0,19,0.0,0.0,0.0,0.0,0.0,1.0,-1
"((Resp <= 25.066) U[0,2] (Bilirubin_total >= 0.041))
",-9999999.000,-9999999.000,0.000,0.000,1.000,0,0,0,19,19,0,0,19,0.0,0.0,0.0,0.0,0.0,1.0,-1
"F[0,2](((HR <= 85.698 -> SepsisLabel >= 0.000) -> Hgb <= 0.000) -> Fibrinogen <= 0.000)
",-9999999.000,-9999999.000,0.000,0.000,1.000,0,0,0,19,19,0,0,19,0.0,0.0,0.0,0.0,0.0,1.0,-1
"F[0,2]((O2Sat >= 87.739 -> WBC <= 0.907) | SaO2 >= 0.042)
",-9999999.000,-9999999.000,0.000,0.000,1.000,0,0,0,19,19,0,0,19,0.0,0.0,0.0,0.0,0.0,1.0,-1
"((SBP >= 76.276) U[0,2] (BUN <= 0.831))
",-9999999.000,-9999999.000,0.000,0.000,1.000,0,0,0,19,19,0,0,19,0.0,0.0,0.0,0.0,0.0,1.0,-1
"F[0,0]((Chloride <= 0.000 -> Lactate <= 0.000) & Hct <= 0.000)
",0.000,0.000,0.000,0.000,1.000,0,0,0,19,19,0,0,19,0.0,0.0,0.0,0.0,0.0,1.0,-1
"G[0,2](((BaseExcess >= 0.000 & Calcium <= 7.951) | Calcium <= 2.520) & MAP >= 0.030)
",9999999.000,9999999.000,0.000,1.000,0.000,0,0,16,3,3,16,16,3,0.0,0.0,1.0,0.0,0.0,1.0,1
"F[0,2](Chloride <= 0.000 | Hct >= 0.317)
",-9999999.000,-9999999.000,0.000,0.000,1.000,0,0,0,19,19,0,0,19,0.0,0.0,0.0,0.0,0.0,1.0,-1
"F[2,2](((Platelets >= 3.917 -> Resp >= 7.368) | Creatinine >= 0.805) -> TroponinI <= 26.158)
",-26.158,-26.158,0.000,0.000,1.000,0,0,0,19,19,0,0,19,0.0,0.0,0.0,0.0,0.0,1.0,-1
"F[0,1](((Resp >= 7.132 -> Glucose >= 1.904) -> Calcium <= 13.085) & AST <= 114.529)
",-9999999.000,-9999999.000,0.000,0.000,1.000,0,0,0,19,19,0,0,19,0.0,0.0,0.0,0.0,0.0,1.0,-1
"F[2,2](((EtCO2 >= 0.000 -> HCO3 <= 0.000) | SaO2 <= 0.000) -> HCO3 <= 0.000)
",0.000,0.000,0.000,0.000,1.000,0,0,0,19,19,0,0,19,0.0,0.0,0.0,0.0,0.0,1.0,-1
"F[1,2](((Alkalinephos <= 36.024 | Phosphate <= 3.456) | Glucose <= 4.259) | pH >= 0.083)
",-9999999.000,-9999999.000,0.000,0.000,1.000,0,0,0,19,19,0,0,19,0.0,0.0,0.0,0.0,0.0,1.0,-1
"F[0,2](((EtCO2 >= 0.000 | HCO3 >= 0.000) & Magnesium <= 0.000) | HR <= 0.000)
",-9999999.000,-9999999.000,0.000,0.000,1.000,0,0,0,19,19,0,0,19,0.0,0.0,0.0,0.0,0.0,1.0,-1
"F[1,2](((FiO2 <= 0.000 | PaCO2 >= 0.000) -> AST <= 0.000) -> Temp <= 0.000)
",-9999999.000,-9999999.000,0.000,0.000,1.000,0,0,0,19,19,0,0,19,0.0,0.0,0.0,0.0,0.0,1.0,-1
"F[0,1](AST <= 23.332 -> MAP <= 122.265)
",-9999999.000,-9999999.000,0.000,0.000,1.000,0,0,0,19,19,0,0,19,0.0,0.0,0.0,0.0,0.0,1.0,-1
"F[0,2]((Bilirubin_direct >= 0.000 | Chloride <= 0.000) & FiO2 <= 0.000)
",-9999999.000,-9999999.000,0.000,0.000,1.000,0,0,0,19,19,0,0,19,0.0,0.0,0.0,0.0,0.0,1.0,-1
"((pH <= 0.000) U[1,2] (WBC <= 1.108))
",-9999999.000,-9999999.000,0.000,0.000,1.000,0,0,0,19,19,0,0,19,0.0,0.0,0.0,0.0,0.0,1.0,-1
"F[1,2](SepsisLabel >= 0.000 | Bilirubin_total >= 0.047)
",-9999999.000,-9999999.000,0.000,0.000,1.000,0,0,0,19,19,0,0,19,0.0,0.0,0.0,0.0,0.0,1.0,-1
"F[0,1]((Hgb <= 5.162 & Phosphate <= 4.519) | Alkalinephos >= 0.076)
",-9999999.000,-9999999.000,0.000,0.000,1.000,0,0,0,19,19,0,0,19,0.0,0.0,0.0,0.0,0.0,1.0,-1
"((Lactate >= 0.000) U[0,2] (PTT <= 0.000))
",-9999999.000,-9999999.000,0.000,0.000,1.000,0,0,0,19,19,0,0,19,0.0,0.0,0.0,0.0,0.0,1.0,-1
"F[1,2]((Bilirubin_total >= 0.011 & DBP <= 90.925) | Hct <= 96.107)
",-9999999.000,-9999999.000,0.000,0.000,1.000,0,0,0,19,19,0,0,19,0.0,0.0,0.0,0.0,0.0,1.0,-1
"F[0,2]((SaO2 >= 0.000 & TroponinI >= 0.000) -> Platelets >= 0.000)
",-9999999.000,-9999999.000,0.000,0.000,1.000,0,0,0,19,19,0,0,19,0.0,0.0,0.0,0.0,0.0,1.0,-1
"F[2,2]((Chloride <= 0.000 & Hct >= 0.968) -> BaseExcess <= 7.522)
",-8469099561409052.000,-7.522,0.000,0.000,1.000,0,0,0,19,19,0,0,19,0.0,0.0,0.0,0.0,0.0,1.0,-1
"F[0,2]((SaO2 >= 0.000 | pH >= 0.000) -> MAP >= 0.000)
",-9999999.000,-9999999.000,0.000,0.000,1.000,0,0,0,19,19,0,0,19,0.0,0.0,0.0,0.0,0.0,1.0,-1
"F[0,2](O2Sat >= 64.681 & SBP <= 148.621)
",-9999999.000,-9999999.000,0.000,0.000,1.000,0,0,0,19,19,0,0,19,0.0,0.0,0.0,0.0,0.0,1.0,-1
"((Glucose <= 66.456) U[2,2] (O2Sat >= 91.272))
",4676422862198091.000,66.456,0.000,0.000,1.000,0,0,0,19,19,0,0,19,0.0,0.0,0.0,0.0,0.0,1.0,-1
"F[1,2]((Magnesium <= 0.000 & SBP >= 72.338) | Chloride >= 84.414)
",-9999999.000,-9999999.000,0.000,0.000,1.000,0,0,0,19,19,0,0,19,0.0,0.0,0.0,0.0,0.0,1.0,-1
"F[0,2](((FiO2 >= 0.000 | Potassium >= 0.054) & Calcium >= 0.014) -> Potassium >= 0.124)
",-9999999.000,-9999999.000,0.000,0.000,1.000,0,0,0,19,19,0,0,19,0.0,0.0,0.0,0.0,0.0,1.0,-1
"G[2,2](BUN <= 2.567 & Creatinine >= 0.021)
",-6172520966266604.000,-0.021,0.000,1.000,0.000,0,0,19,0,0,19,19,0,0.0,0.0,1.0,0.0,0.0,1.0,1
"G[1,2](((Potassium <= 2.769 -> MAP >= 30.604) & pH >= 43.208) | Hct >= 30.264)
",9999999.000,9999999.000,0.000,1.000,0.000,0,0,2,17,17,2,2,17,0.0,0.0,1.0,0.0,0.0,1.0,1
"G[0,1]((Magnesium <= 0.000 -> BUN <= 6.505) & O2Sat <= 9.099)
",9999999.000,9999999.000,0.000,1.000,0.000,0,0,0,19,19,0,0,19,0.0,0.0,0.0,0.0,0.0,1.0,1
"G[1,2](Platelets <= 45.082 -> WBC >= 0.067)
",9999999.000,9999999.000,0.000,1.000,0.000,0,0,2,17,17,2,2,17,0.0,0.0,1.0,0.0,0.0,1.0,1
"G[1,2](Glucose >= 3.489 & Phosphate <= 2.994)
",9999999.000,9999999.000,0.000,1.000,0.000,0,0,2,17,17,2,2,17,0.0,0.0,1.0,0.0,0.0,1.0,1
"G[0,2](((HCO3 >= 0.000 -> HR <= 79.237) & Hct >= 19.369) | Potassium <= 80.608)
",9999999.000,9999999.000,0.000,1.000,0.000,0,0,19,0,0,19,19,0,0.0,0.0,1.0,0.0,0.0,1.0,1
"G[0,2](Platelets <= 54.926 -> WBC >= 0.028)
",9999999.000,9999999.000,0.000,1.000,0.000,0,0,0,19,19,0,0,19,0.0,0.0,0.0,0.0,0.0,1.0,1
"G[0,0](((Hgb <= 5.273 | Hct <= 13.510) -> WBC >= 0.046) & Platelets >= 2.808)
",-7605178358387388.000,-13.510,0.000,1.000,0.000,0,0,0,19,19,0,0,19,0.0,0.0,0.0,0.0,0.0,1.0,1
"G[2,2]((Glucose <= 25.954 | Alkalinephos <= 47.370) -> Calcium <= 62.940)
",-62.940,-62.940,0.000,1.000,0.000,0,0,19,0,0,19,19,0,0.0,0.0,1.0,0.0,0.0,1.0,1
"G[0,0]((pH >= 0.000 & Creatinine >= 0.000) & PaCO2 >= 0.004)
",-0.004,-0.004,0.000,1.000,0.000,0,0,0,19,19,0,0,19,0.0,0.0,0.0,0.0,0.0,1.0,1
"G[0,2](Platelets <= 90.650 -> WBC >= 0.049)
",9999999.000,9999999.000,0.000,1.000,0.000,0,0,0,19,19,0,0,19,0.0,0.0,0.0,0.0,0.0,1.0,1
"G[2,2](Hct >= 0.816 | HR >= 62.965)
",-0.816,-0.816,0.000,1.000,0.000,0,0,19,0,0,19,19,0,0.0,0.0,1.0,0.0,0.0,1.0,1
"G[0,2]((TroponinI <= 0.000 | Phosphate <= 4.172) -> Temp >= 0.010)
",9999999.000,9999999.000,0.000,1.000,0.000,0,0,0,19,19,0,0,19,0.0,0.0,0.0,0.0,0.0,1.0,1
"G[2,2](BUN <= 6.148 & Creatinine >= 0.001)
",-6801433775797876.000,-0.001,0.000,1.000,0.000,0,0,19,0,0,19,19,0,0.0,0.0,1.0,0.0,0.0,1.0,1
"G[0,2](Chloride >= 0.000 & HCO3 >= 0.000)
",9999999.000,9999999.000,0.000,1.000,0.000,0,0,19,0,0,19,19,0,0.0,0.0,1.0,0.0,0.0,1.0,1
"G[1,2]((Bilirubin_total >= 0.011 | O2Sat >= 14.338) | Magnesium <= 93.496)
",9999999.000,9999999.000,0.000,1.000,0.000,0,0,19,0,0,19,19,0,0.0,0.0,1.0,0.0,0.0,1.0,1
"G[0,2]((MAP >= 40.561 & EtCO2 <= 0.000) -> EtCO2 >= 0.000)
",9999999.000,9999999.000,0.000,1.000,0.000,0,0,19,0,0,19,19,0,0.0,0.0,1.0,0.0,0.0,1.0,1
"G[0,2]((Calcium >= 0.002 | Chloride <= 0.000) -> Hgb <= 0.000)
",9999999.000,9999999.000,0.000,1.000,0.000,0,0,18,1,1,18,18,1,0.0,0.0,1.0,0.0,0.0,1.0,1
"G[1,2]((Magnesium <= 0.000 -> FiO2 <= 0.000) -> Glucose <= 0.000)
",9999999.000,9999999.000,0.000,1.000,0.000,0,0,18,1,1,18,18,1,0.0,0.0,1.0,0.0,0.0,1.0,1
"G[0,2](((Bilirubin_total >= 0.007 -> TroponinI <= 0.000) -> Phosphate <= 0.000) | pH >= 0.000)
",9999999.000,9999999.000,0.000,1.000,0.000,0,0,19,0,0,19,19,0,0.0,0.0,1.0,0.0,0.0,1.0,1
"G[1,2](((Hgb <= 1.808 | Hct <= 28.038) -> WBC >= 0.015) & Platelets >= 1.847)
",9999999.000,9999999.000,0.000,1.000,0.000,0,0,2,17,17,2,2,17,0.0,0.0,1.0,0.0,0.0,1.0,1
"G[0,2](((PTT >= 0.000 & pH >= 0.000) | Fibrinogen >= 0.000) | Calcium >= 0.000)
",9999999.000,9999999.000,0.000,1.000,0.000,0,0,19,0,0,19,19,0,0.0,0.0,1.0,0.0,0.0,1.0,1
"G[1,2](((Platelets >= 0.515 | SBP >= 128.745) & FiO2 >= 85.484) & AST >= 19.334)
",9999999.000,9999999.000,0.000,1.000,0.000,0,0,1,18,18,1,1,18,0.0,0.0,1.0,0.0,0.0,1.0,1
"G[1,2](EtCO2 >= 0.000 & Glucose >= 1.715)
",9999999.000,9999999.000,0.000,1.000,0.000,0,0,2,17,17,2,2,17,0.0,0.0,1.0,0.0,0.0,1.0,1
"G[0,1](Platelets <= 66.934 -> WBC >= 0.009)
",9999999.000,9999999.000,0.000,1.000,0.000,0,0,0,19,19,0,0,19,0.0,0.0,0.0,0.0,0.0,1.0,1
"G[0,2](((BaseExcess >= 0.000 | Fibrinogen <= 0.000) & AST <= 0.000) | SepsisLabel >= 0.000)
",9999999.000,9999999.000,0.000,1.000,0.000,0,0,19,0,0,19,19,0,0.0,0.0,1.0,0.0,0.0,1.0,1
"G[2,2](((Hgb <= 2.660 | Hct <= 31.238) -> WBC >= 0.008) & Platelets >= 3.541)
",-8792650258687620.000,-31.238,0.000,1.000,0.000,0,0,19,0,0,19,19,0,0.0,0.0,1.0,0.0,0.0,1.0,1
"G[2,2]((Phosphate >= 0.111 -> HCO3 <= 0.000) | HCO3 <= 0.000)
",0.000,0.000,0.000,1.000,0.000,0,0,19,0,0,19,19,0,0.0,0.0,1.0,0.0,0.0,1.0,1
"F[0,2]((Phosphate >= 0.121 & Bilirubin_direct <= 0.000) | BUN <= 0.000)
",-9999999.000,-9999999.000,0.000,0.000,1.000,0,0,0,19,19,0,0,19,0.0,0.0,0.0,0.0,0.0,1.0,-1
"G[1,2](((Chloride <= 0.000 | Temp >= 2.105) | SBP <= 10.145) | Potassium >= 2.823)
",9999999.000,9999999.000,0.000,1.000,0.000,0,0,19,0,0,19,19,0,0.0,0.0,1.0,0.0,0.0,1.0,1
"F[2,2](Alkalinephos >= 1.734 & MAP >= 40.100)
",-5643632255056876.000,-40.100,0.000,0.000,1.000,0,0,0,19,19,0,0,19,0.0,0.0,0.0,0.0,0.0,1.0,-1
"F[0,1](((Magnesium <= 0.000 & MAP >= 94.483) | O2Sat <= 110.847) -> Chloride <= 123.809)
",-9999999.000,-9999999.000,0.000,0.000,1.000,0,0,0,19,19,0,0,19,0.0,0.0,0.0,0.0,0.0,1.0,-1
"F[1,2](((SaO2 <= 0.000 & Magnesium <= 0.000) | Platelets >= 0.000) -> Bilirubin_direct >= 0.000)
",-9999999.000,-9999999.000,0.000,0.000,1.000,0,0,0,19,19,0,0,19,0.0,0.0,0.0,0.0,0.0,1.0,-1
"F[0,1](((Chloride >= 0.000 -> Phosphate <= 4.546) -> O2Sat <= 0.990) -> WBC <= 3.352)
",-9999999.000,-9999999.000,0.000,0.000,1.000,0,0,0,19,19,0,0,19,0.0,0.0,0.0,0.0,0.0,1.0,-1
"F[2,2]((SaO2 <= 0.000 & O2Sat <= 95.611) -> O2Sat >= 89.572)
",0.000,0.000,0.000,0.000,1.000,0,0,0,19,19,0,0,19,0.0,0.0,0.0,0.0,0.0,1.0,-1
"F[2,2](((SaO2 >= 0.000 | Creatinine <= 0.422) & MAP <= 0.361) & PTT <= 0.716)
",0.361,0.361,0.000,0.000,1.000,0,0,0,19,19,0,0,19,0.0,0.0,0.0,0.0,0.0,1.0,-1
"F[0,1](((AST >= 0.562 | SBP >= 0.576) -> Calcium <= 157.731) -> TroponinI <= 161.139)
",-9999999.000,-9999999.000,0.000,0.000,1.000,0,0,0,19,19,0,0,19,0.0,0.0,0.0,0.0,0.0,1.0,-1
"F[0,1](((MAP >= 78.224 | TroponinI >= 0.000) | Hct <= 0.000) | Fibrinogen <= 0.000)
",-9999999.000,-9999999.000,0.000,0.000,1.000,0,0,0,19,19,0,0,19,0.0,0.0,0.0,0.0,0.0,1.0,-1
"G[1,2](Platelets <= 91.756 -> WBC >= 0.064)
",9999999.000,9999999.000,0.000,1.000,0.000,0,0,2,17,17,2,2,17,0.0,0.0,1.0,0.0,0.0,1.0,1
"G[2,2](((PTT <= 0.000 & Hct <= 2.023) & Bilirubin_total >= 0.518) | SBP >= 0.130)
",-0.130,-0.130,0.000,1.000,0.000,0,0,19,0,0,19,19,0,0.0,0.0,1.0,0.0,0.0,1.0,1
"G[2,2](Potassium >= 0.124 -> Hct <= 20.963)
",-5900523005584133.000,-20.963,0.000,1.000,0.000,0,0,19,0,0,19,19,0,0.0,0.0,1.0,0.0,0.0,1.0,1
"G[0,1](((HR >= 46.899 | Alkalinephos >= 1.896) & Potassium >= 4.299) & O2Sat <= 43.348)
",9999999.000,9999999.000,0.000,1.000,0.000,0,0,0,19,19,0,0,19,0.0,0.0,0.0,0.0,0.0,1.0,1
"G[0,2](((Bilirubin_direct <= 0.000 | SepsisLabel >= 0.000) | SBP >= 0.000) -> Magnesium >= 0.000)
",9999999.000,9999999.000,0.000,1.000,0.000,0,0,19,0,0,19,19,0,0.0,0.0,1.0,0.0,0.0,1.0,1
"G[1,1](((Glucose <= 31.627 | AST >= 1.520) | O2Sat >= 1.652) & FiO2 >= 1.322)
",-5953089021795764.000,-1.322,0.000,1.000,0.000,0,0,1,18,18,1,1,18,0.0,0.0,1.0,0.0,0.0,1.0,1
"G[0,2]((AST >= 1.857 -> PTT >= 0.000) -> Lactate <= 0.000)
",9999999.000,9999999.000,0.000,1.000,0.000,0,0,19,0,0,19,19,0,0.0,0.0,1.0,0.0,0.0,1.0,1
"G[1,2](((SBP >= 37.320 & WBC >= 0.039) & Resp >= 0.050) -> PTT >= 0.051)
",9999999.000,9999999.000,0.000,1.000,0.000,0,0,18,1,1,18,18,1,0.0,0.0,1.0,0.0,0.0,1.0,1
"G[1,2](Chloride >= 0.000 & HCO3 >= 0.000)
",9999999.000,9999999.000,0.000,1.000,0.000,0,0,19,0,0,19,19,0,0.0,0.0,1.0,0.0,0.0,1.0,1
"G[0,2](Chloride >= 0.000 & HCO3 >= 0.000)
",9999999.000,9999999.000,0.000,1.000,0.000,0,0,19,0,0,19,19,0,0.0,0.0,1.0,0.0,0.0,1.0,1
"G[0,2](BUN <= 9.541 & Creatinine >= 0.037)
",9999999.000,9999999.000,0.000,1.000,0.000,0,0,0,19,19,0,0,19,0.0,0.0,0.0,0.0,0.0,1.0,1
"G[1,2](Hct > 0.068 & SepsisLabel = 0.000)
",9999999.000,9999999.000,0.000,1.000,0.000,0,0,2,17,17,2,2,17,0.0,0.0,1.0,0.0,0.0,1.0,1
"G[0,2](Platelets <= 113.979 -> WBC >= 0.008)
",9999999.000,9999999.000,0.000,1.000,0.000,0,0,0,19,19,0,0,19,0.0,0.0,0.0,0.0,0.0,1.0,1
"G[2,2](MAP <= 105.796 -> Platelets >= 0.471)
",-7444703492774188.000,-105.796,0.000,1.000,0.000,0,0,19,0,0,19,19,0,0.0,0.0,1.0,0.0,0.0,1.0,1
"G[1,2]((TroponinI <= 0.000 -> WBC <= 1.580) & Temp <= 1.623)
",9999999.000,9999999.000,0.000,1.000,0.000,0,0,11,8,8,11,11,8,0.0,0.0,1.0,0.0,0.0,1.0,1
"G[0,1](BUN <= 1.530 & Creatinine >= 0.021)
",9999999.000,9999999.000,0.000,1.000,0.000,0,0,0,19,19,0,0,19,0.0,0.0,0.0,0.0,0.0,1.0,1
"G[2,2](pH >= 0.000 -> HCO3 <= 0.000)
",0.000,0.000,0.000,1.000,0.000,0,0,19,0,0,19,19,0,0.0,0.0,1.0,0.0,0.0,1.0,1
"F[2,2](((Resp >= 6.683 | Bilirubin_total >= 0.033) & AST <= 0.418) & Chloride >= 0.038)
",-0.038,-0.038,0.000,0.000,1.000,0,0,0,19,19,0,0,19,0.0,0.0,0.0,0.0,0.0,1.0,-1
