Rule,Discrimination Score,Pos Robustness,Neg Robustness,Percent Class +,Percent Class -,TP,TN,FP,FN,Actual Yes,Actual No,Predicted Yes,Predicted No,TPR/Sens,TNR/Spec,FPR,Precision,Accuracy,MCR
"G[1,1](Chloride >= 0.000 & HCO3 >= 0.000)
",0.000,0.000,0.000,1.000,0.000,26,0,0,0,26,0,26,0,1.0,0.0,0.0,1.0,1.0,0.0
"G[0,0](((MAP >= 17.227 | AST <= 0.000) -> Hgb <= 0.000) -> pH >= 0.000)
",0.000,0.000,0.000,1.000,0.000,26,0,0,0,26,0,26,0,1.0,0.0,0.0,1.0,1.0,0.0
"G[0,1](((HR >= 11.683 | BaseExcess <= 0.000) -> Creatinine <= 0.000) & Fibrinogen >= 0.000)
",9999999.000,9999999.000,0.000,1.000,0.000,26,0,0,0,26,0,26,0,1.0,0.0,0.0,1.0,1.0,0.0
"G[0,1]((HCO3 >= 0.000 -> HR <= 88.831) | Lactate <= 84.104)
",9999999.000,9999999.000,0.000,1.000,0.000,26,0,0,0,26,0,26,0,1.0,0.0,0.0,1.0,1.0,0.0
"G[0,1]((SBP >= 74.867 | HCO3 >= 0.000) -> SBP >= 0.000)
",9999999.000,9999999.000,0.000,1.000,0.000,26,0,0,0,26,0,26,0,1.0,0.0,0.0,1.0,1.0,0.0
"G[0,1](((HCO3 >= 0.000 & SepsisLabel >= 0.000) -> Fibrinogen <= 0.000) | PaCO2 <= 0.000)
",9999999.000,9999999.000,0.000,1.000,0.000,26,0,0,0,26,0,26,0,1.0,0.0,0.0,1.0,1.0,0.0
"G[0,1](((HR <= 94.871 | HCO3 <= 0.000) -> Fibrinogen <= 0.000) & Creatinine <= 0.000)
",9999999.000,9999999.000,0.000,1.000,0.000,26,0,0,0,26,0,26,0,1.0,0.0,0.0,1.0,1.0,0.0
"G[1,1](((Platelets <= 0.000 & Potassium >= 0.000) | HCO3 <= 0.000) -> Platelets >= 0.000)
",0.000,0.000,0.000,1.000,0.000,26,0,0,0,26,0,26,0,1.0,0.0,0.0,1.0,1.0,0.0
"G[0,1](((Creatinine >= 0.000 & Alkalinephos >= 0.000) | Glucose <= 0.000) -> Glucose >= 0.000)
",9999999.000,9999999.000,0.000,1.000,0.000,26,0,0,0,26,0,26,0,1.0,0.0,0.0,1.0,1.0,0.0
"G[0,0](Phosphate >= 0.000 & Calcium <= 0.000)
",0.000,0.000,0.000,1.000,0.000,26,0,0,0,26,0,26,0,1.0,0.0,0.0,1.0,1.0,0.0
"G[0,1]((BUN >= 0.000 & Phosphate >= 0.000) -> AST <= 0.000)
",9999999.000,9999999.000,0.000,1.000,0.000,26,0,0,0,26,0,26,0,1.0,0.0,0.0,1.0,1.0,0.0
"G[0,0]((SBP <= 102.577 -> Magnesium <= 0.000) -> AST <= 0.000)
",0.000,0.000,0.000,1.000,0.000,26,0,0,0,26,0,26,0,1.0,0.0,0.0,1.0,1.0,0.0
"G[0,1]((EtCO2 >= 0.000 & Magnesium <= 0.000) | Phosphate <= 0.000)
",9999999.000,9999999.000,0.000,1.000,0.000,26,0,0,0,26,0,26,0,1.0,0.0,0.0,1.0,1.0,0.0
"G[0,0]((MAP <= 90.954 & PaCO2 >= 0.000) | PaCO2 <= 0.000)
",0.000,0.000,0.000,1.000,0.000,26,0,0,0,26,0,26,0,1.0,0.0,0.0,1.0,1.0,0.0
"G[0,1](((TroponinI <= 0.000 | Bilirubin_direct >= 0.000) | Hct >= 0.000) -> BaseExcess <= 0.000)
",9999999.000,9999999.000,0.000,1.000,0.000,26,0,0,0,26,0,26,0,1.0,0.0,0.0,1.0,1.0,0.0
"G[0,1](Hct <= 0.000 -> TroponinI <= 0.000)
",9999999.000,9999999.000,0.000,1.000,0.000,26,0,0,0,26,0,26,0,1.0,0.0,0.0,1.0,1.0,0.0
"G[0,0](FiO2 >= 0.000 | Fibrinogen <= 0.000)
",0.000,0.000,0.000,1.000,0.000,26,0,0,0,26,0,26,0,1.0,0.0,0.0,1.0,1.0,0.0
"G[0,0]((pH <= 0.000 & Lactate <= 0.000) | Bilirubin_total <= 0.000)
",0.000,0.000,0.000,1.000,0.000,26,0,0,0,26,0,26,0,1.0,0.0,0.0,1.0,1.0,0.0
"G[0,0](((Bilirubin_direct >= 0.000 & MAP <= 88.294) | SepsisLabel <= 80.697) | EtCO2 <= 83.318)
",78.591,81.201,0.000,1.000,0.000,26,0,0,0,26,0,26,0,1.0,0.0,0.0,1.0,1.0,0.0
"G[0,1]((Magnesium >= 0.000 -> BaseExcess <= 0.000) -> O2Sat >= 0.000)
",9999999.000,9999999.000,0.000,1.000,0.000,26,0,0,0,26,0,26,0,1.0,0.0,0.0,1.0,1.0,0.0
"G[0,1](Potassium <= 0.000 -> Bilirubin_direct <= 0.000)
",9999999.000,9999999.000,0.000,1.000,0.000,26,0,0,0,26,0,26,0,1.0,0.0,0.0,1.0,1.0,0.0
"G[0,0](Platelets <= 0.000 -> BUN <= 0.000)
",0.000,0.000,0.000,1.000,0.000,26,0,0,0,26,0,26,0,1.0,0.0,0.0,1.0,1.0,0.0
"G[0,0]((BaseExcess <= 0.000 & Fibrinogen >= 0.000) & Fibrinogen >= 0.000)
",0.000,0.000,0.000,1.000,0.000,26,0,0,0,26,0,26,0,1.0,0.0,0.0,1.0,1.0,0.0
"G[0,1](BUN <= 0.000 | Temp <= 30.467)
",9999999.000,9999999.000,0.000,1.000,0.000,26,0,0,0,26,0,26,0,1.0,0.0,0.0,1.0,1.0,0.0
"G[1,1](((Phosphate >= 0.000 & Glucose >= 0.000) & BaseExcess >= 0.000) -> Phosphate <= 0.000)
",0.000,0.000,0.000,1.000,0.000,26,0,0,0,26,0,26,0,1.0,0.0,0.0,1.0,1.0,0.0
"G[1,1](((Lactate >= 0.000 & WBC <= 0.000) | Magnesium <= 0.000) & BaseExcess >= 0.000)
",0.000,0.000,0.000,1.000,0.000,26,0,0,0,26,0,26,0,1.0,0.0,0.0,1.0,1.0,0.0
"G[0,1](Alkalinephos <= 0.000 & PTT <= 0.000)
",9999999.000,9999999.000,0.000,1.000,0.000,26,0,0,0,26,0,26,0,1.0,0.0,0.0,1.0,1.0,0.0
"G[0,1](((MAP <= 71.330 -> WBC >= 0.000) & Fibrinogen <= 0.000) & FiO2 <= 0.000)
",9999999.000,9999999.000,0.000,1.000,0.000,26,0,0,0,26,0,26,0,1.0,0.0,0.0,1.0,1.0,0.0
"G[0,1](((O2Sat >= 12.743 & pH >= 0.000) -> Chloride <= 0.000) | Fibrinogen >= 0.000)
",9999999.000,9999999.000,0.000,1.000,0.000,26,0,0,0,26,0,26,0,1.0,0.0,0.0,1.0,1.0,0.0
"G[0,1]((SaO2 <= 0.000 & Creatinine >= 0.000) & pH >= 0.000)
",9999999.000,9999999.000,0.000,1.000,0.000,26,0,0,0,26,0,26,0,1.0,0.0,0.0,1.0,1.0,0.0
"G[0,0]((Fibrinogen <= 0.000 | Phosphate >= 0.000) -> O2Sat >= 0.000)
",-2.707,-78.962,0.000,1.000,0.000,26,0,0,0,26,0,26,0,1.0,0.0,0.0,1.0,1.0,0.0
"G[0,0](((PTT >= 0.000 & PTT <= 0.000) & AST >= 0.000) | O2Sat <= 0.000)
",0.000,0.000,0.000,1.000,0.000,26,0,0,0,26,0,26,0,1.0,0.0,0.0,1.0,1.0,0.0
"G[0,0](Glucose <= 0.000 | BUN <= 0.000)
",0.000,0.000,0.000,1.000,0.000,26,0,0,0,26,0,26,0,1.0,0.0,0.0,1.0,1.0,0.0
"G[0,0](Bilirubin_direct <= 0.000 & Bilirubin_total >= 0.000)
",0.000,0.000,0.000,1.000,0.000,26,0,0,0,26,0,26,0,1.0,0.0,0.0,1.0,1.0,0.0
"G[0,1]((SepsisLabel <= 0.000 | Fibrinogen <= 0.000) | HR >= 0.000)
",9999999.000,9999999.000,0.000,1.000,0.000,26,0,0,0,26,0,26,0,1.0,0.0,0.0,1.0,1.0,0.0
"G[0,1](((Temp <= 19.283 & Hgb >= 0.000) -> O2Sat >= 0.000) | Temp <= 0.000)
",9999999.000,9999999.000,0.000,1.000,0.000,26,0,0,0,26,0,26,0,1.0,0.0,0.0,1.0,1.0,0.0
"G[0,0]((Resp >= 14.968 | Glucose <= 0.000) -> HCO3 <= 0.000)
",-2.197,-39.565,0.000,1.000,0.000,26,0,0,0,26,0,26,0,1.0,0.0,0.0,1.0,1.0,0.0
"G[1,1](EtCO2 <= 0.000 | Bilirubin_direct <= 0.000)
",0.000,0.000,0.000,1.000,0.000,26,0,0,0,26,0,26,0,1.0,0.0,0.0,1.0,1.0,0.0
"G[0,1](((Creatinine <= 0.000 -> EtCO2 <= 0.000) | Potassium <= 0.000) & PTT >= 0.000)
",9999999.000,9999999.000,0.000,1.000,0.000,26,0,0,0,26,0,26,0,1.0,0.0,0.0,1.0,1.0,0.0
"G[0,1](((Calcium <= 0.000 & SepsisLabel >= 0.000) -> TroponinI <= 0.000) & WBC >= 0.000)
",9999999.000,9999999.000,0.000,1.000,0.000,26,0,0,0,26,0,26,0,1.0,0.0,0.0,1.0,1.0,0.0
"G[0,0]((Alkalinephos <= 0.000 | WBC <= 0.000) | Alkalinephos <= 0.000)
",0.000,0.000,0.000,1.000,0.000,26,0,0,0,26,0,26,0,1.0,0.0,0.0,1.0,1.0,0.0
"G[0,1](Magnesium >= 0.000 -> Glucose >= 0.000)
",9999999.000,9999999.000,0.000,1.000,0.000,26,0,0,0,26,0,26,0,1.0,0.0,0.0,1.0,1.0,0.0
"G[0,0](Resp <= 18.332 | SaO2 >= 0.000)
",0.426,2.820,0.000,1.000,0.000,26,0,0,0,26,0,26,0,1.0,0.0,0.0,1.0,1.0,0.0
"G[0,1](Creatinine <= 0.000 -> Alkalinephos >= 0.000)
",9999999.000,9999999.000,0.000,1.000,0.000,26,0,0,0,26,0,26,0,1.0,0.0,0.0,1.0,1.0,0.0
"G[0,1](HCO3 <= 0.000 -> Bilirubin_total <= 0.000)
",9999999.000,9999999.000,0.000,1.000,0.000,26,0,0,0,26,0,26,0,1.0,0.0,0.0,1.0,1.0,0.0
"G[1,1](Hct <= 0.000 & PaCO2 >= 0.000)
",0.000,0.000,0.000,1.000,0.000,26,0,0,0,26,0,26,0,1.0,0.0,0.0,1.0,1.0,0.0
"G[0,1](FiO2 <= 0.000 -> Lactate <= 0.000)
",9999999.000,9999999.000,0.000,1.000,0.000,26,0,0,0,26,0,26,0,1.0,0.0,0.0,1.0,1.0,0.0
"G[0,1]((Chloride <= 0.000 | SaO2 <= 0.000) -> WBC >= 0.000)
",9999999.000,9999999.000,0.000,1.000,0.000,26,0,0,0,26,0,26,0,1.0,0.0,0.0,1.0,1.0,0.0
"G[0,1](((HCO3 >= 0.000 & Platelets <= 0.000) & Magnesium <= 0.000) -> AST >= 0.000)
",9999999.000,9999999.000,0.000,1.000,0.000,26,0,0,0,26,0,26,0,1.0,0.0,0.0,1.0,1.0,0.0
"G[1,1](HR <= 98.322 | BUN >= 0.000)
",6918819365147349.000,98.322,0.000,1.000,0.000,26,0,0,0,26,0,26,0,1.0,0.0,0.0,1.0,1.0,0.0
"G[0,1]((FiO2 <= 0.000 | O2Sat <= 98.983) | Hct >= 55.305)
",9999999.000,9999999.000,0.000,1.000,0.000,26,0,0,0,26,0,26,0,1.0,0.0,0.0,1.0,1.0,0.0
"G[0,0]((MAP >= 38.841 | Creatinine >= 0.000) | TroponinI <= 0.000)
",2.112,56.712,0.000,1.000,0.000,26,0,0,0,26,0,26,0,1.0,0.0,0.0,1.0,1.0,0.0
"G[0,1](((O2Sat >= 65.988 -> Calcium >= 0.000) & Potassium <= 0.000) -> Chloride <= 0.000)
",9999999.000,9999999.000,0.000,1.000,0.000,26,0,0,0,26,0,26,0,1.0,0.0,0.0,1.0,1.0,0.0
"G[0,1](((BUN <= 0.000 -> SBP >= 2.252) | Alkalinephos <= 107.556) | Lactate >= 10.087)
",9999999.000,9999999.000,0.000,1.000,0.000,26,0,0,0,26,0,26,0,1.0,0.0,0.0,1.0,1.0,0.0
"G[0,1](((BaseExcess >= 0.000 & Alkalinephos <= 0.000) -> pH <= 0.000) & FiO2 <= 0.000)
",9999999.000,9999999.000,0.000,1.000,0.000,26,0,0,0,26,0,26,0,1.0,0.0,0.0,1.0,1.0,0.0
"G[1,1](Platelets <= 0.000 | MAP <= 86.453)
",6083578501615588.000,86.453,0.000,1.000,0.000,26,0,0,0,26,0,26,0,1.0,0.0,0.0,1.0,1.0,0.0
"G[0,1](((pH >= 0.000 | Hct >= 0.000) -> Creatinine >= 0.000) -> Bilirubin_direct <= 0.000)
",9999999.000,9999999.000,0.000,1.000,0.000,26,0,0,0,26,0,26,0,1.0,0.0,0.0,1.0,1.0,0.0
"G[0,1](Fibrinogen >= 0.000 | Hgb <= 0.000)
",9999999.000,9999999.000,0.000,1.000,0.000,26,0,0,0,26,0,26,0,1.0,0.0,0.0,1.0,1.0,0.0
"G[0,0]((Creatinine >= 0.000 & Chloride >= 0.000) -> HR >= 0.000)
",-36305.000,-36305.000,0.000,1.000,0.000,26,0,0,0,26,0,26,0,1.0,0.0,0.0,1.0,1.0,0.0
"G[0,0]((Hct >= 0.000 -> Lactate >= 0.000) & BUN <= 0.000)
",0.000,0.000,0.000,1.000,0.000,26,0,0,0,26,0,26,0,1.0,0.0,0.0,1.0,1.0,0.0
"G[0,0](((TroponinI >= 0.000 & Alkalinephos >= 0.000) -> Fibrinogen >= 0.000) | Hct <= 0.000)
",0.000,0.000,0.000,1.000,0.000,26,0,0,0,26,0,26,0,1.0,0.0,0.0,1.0,1.0,0.0
"G[1,1](Glucose >= 0.000 -> Lactate <= 0.000)
",0.000,0.000,0.000,1.000,0.000,26,0,0,0,26,0,26,0,1.0,0.0,0.0,1.0,1.0,0.0
"G[0,1](((HR <= 87.683 -> SaO2 >= 0.000) -> DBP >= 0.000) & Alkalinephos >= 0.000)
",9999999.000,9999999.000,0.000,1.000,0.000,26,0,0,0,26,0,26,0,1.0,0.0,0.0,1.0,1.0,0.0
"G[1,1]((SaO2 <= 0.000 & Temp >= 4.062) -> Calcium <= 19.816)
",-19.816,-19.816,0.000,1.000,0.000,26,0,0,0,26,0,26,0,1.0,0.0,0.0,1.0,1.0,0.0
"G[1,1]((Potassium <= 0.000 & Chloride <= 0.000) | Resp >= 0.000)
",0.000,0.000,0.000,1.000,0.000,26,0,0,0,26,0,26,0,1.0,0.0,0.0,1.0,1.0,0.0
"G[0,1]((PaCO2 >= 0.000 | Resp <= 21.469) | MAP >= 13.394)
",9999999.000,9999999.000,0.000,1.000,0.000,26,0,0,0,26,0,26,0,1.0,0.0,0.0,1.0,1.0,0.0
"G[0,0](EtCO2 >= 0.000 -> FiO2 >= 0.000)
",-1.924,-15.212,0.000,1.000,0.000,26,0,0,0,26,0,26,0,1.0,0.0,0.0,1.0,1.0,0.0
"G[0,1](((Potassium >= 0.000 & Resp >= 0.565) -> BUN <= 16.375) -> Hct <= 15.957)
",9999999.000,9999999.000,0.000,1.000,0.000,26,0,0,0,26,0,26,0,1.0,0.0,0.0,1.0,1.0,0.0
"G[0,1]((Temp <= 36.964 | Phosphate <= 0.000) & PTT >= 0.000)
",9999999.000,9999999.000,0.000,1.000,0.000,26,0,0,0,26,0,26,0,1.0,0.0,0.0,1.0,1.0,0.0
"G[0,1](((Temp <= 16.981 -> Alkalinephos <= 0.000) | Fibrinogen <= 0.000) | SepsisLabel <= 0.000)
",9999999.000,9999999.000,0.000,1.000,0.000,26,0,0,0,26,0,26,0,1.0,0.0,0.0,1.0,1.0,0.0
"G[1,1]((Chloride <= 0.000 | EtCO2 <= 0.000) & pH >= 0.000)
",0.000,0.000,0.000,1.000,0.000,26,0,0,0,26,0,26,0,1.0,0.0,0.0,1.0,1.0,0.0
"G[0,0](((Temp <= 16.840 -> SepsisLabel <= 0.000) | Magnesium >= 0.000) | PaCO2 <= 0.000)
",0.000,0.000,0.000,1.000,0.000,26,0,0,0,26,0,26,0,1.0,0.0,0.0,1.0,1.0,0.0
"G[0,0](((O2Sat >= 36.509 -> Phosphate <= 0.000) & Temp >= 0.000) -> Fibrinogen <= 0.000)
",0.000,0.000,0.000,1.000,0.000,26,0,0,0,26,0,26,0,1.0,0.0,0.0,1.0,1.0,0.0
"G[1,1](Fibrinogen <= 0.000 & Fibrinogen <= 0.000)
",0.000,0.000,0.000,1.000,0.000,26,0,0,0,26,0,26,0,1.0,0.0,0.0,1.0,1.0,0.0
"G[0,0](((Bilirubin_total <= 0.000 | Bilirubin_direct >= 0.000) -> Glucose <= 0.000) -> Magnesium >= 0.000)
",0.000,0.000,0.000,1.000,0.000,26,0,0,0,26,0,26,0,1.0,0.0,0.0,1.0,1.0,0.0
"G[0,0](Glucose >= 0.000 -> Phosphate >= 0.000)
",0.000,0.000,0.000,1.000,0.000,26,0,0,0,26,0,26,0,1.0,0.0,0.0,1.0,1.0,0.0
"G[1,1]((Calcium <= 0.000 & Glucose >= 0.000) -> Glucose >= 0.000)
",0.000,0.000,0.000,1.000,0.000,26,0,0,0,26,0,26,0,1.0,0.0,0.0,1.0,1.0,0.0
"G[1,1](Calcium <= 0.000 | HCO3 >= 0.000)
",0.000,0.000,0.000,1.000,0.000,26,0,0,0,26,0,26,0,1.0,0.0,0.0,1.0,1.0,0.0
"G[0,1]((PTT >= 0.000 -> Hgb >= 0.000) & TroponinI <= 0.000)
",9999999.000,9999999.000,0.000,1.000,0.000,26,0,0,0,26,0,26,0,1.0,0.0,0.0,1.0,1.0,0.0
"G[0,1]((Calcium <= 0.000 & Chloride <= 0.000) & Platelets <= 0.000)
",9999999.000,9999999.000,0.000,1.000,0.000,26,0,0,0,26,0,26,0,1.0,0.0,0.0,1.0,1.0,0.0
"G[0,0](Temp >= 6.835 | Glucose <= 0.000)
",2.342,75.486,0.000,1.000,0.000,26,0,0,0,26,0,26,0,1.0,0.0,0.0,1.0,1.0,0.0
"G[0,0](BUN <= 0.000 & Creatinine >= 0.000)
",0.000,0.000,0.000,1.000,0.000,26,0,0,0,26,0,26,0,1.0,0.0,0.0,1.0,1.0,0.0
"G[1,1](BUN <= 0.000 & Creatinine >= 0.000)
",0.000,0.000,0.000,1.000,0.000,26,0,0,0,26,0,26,0,1.0,0.0,0.0,1.0,1.0,0.0
"G[1,1](Platelets <= 0.000 -> WBC >= 0.000)
",0.000,0.000,0.000,1.000,0.000,26,0,0,0,26,0,26,0,1.0,0.0,0.0,1.0,1.0,0.0
"G[0,1](((Hgb <= 0.000 | Hct <= 0.000) -> WBC >= 0.000) & Platelets >= 0.000)
",9999999.000,9999999.000,0.000,1.000,0.000,26,0,0,0,26,0,26,0,1.0,0.0,0.0,1.0,1.0,0.0
"G[0,0](O2Sat > 30.220 -> SepsisLabel = 0.000)
",-2.633,-52.229,0.000,1.000,0.000,26,0,0,0,26,0,26,0,1.0,0.0,0.0,1.0,1.0,0.0
"G[0,1](Chloride >= 0.000 & HCO3 >= 0.000)
",9999999.000,9999999.000,0.000,1.000,0.000,26,0,0,0,26,0,26,0,1.0,0.0,0.0,1.0,1.0,0.0
"G[0,0](Chloride >= 0.000 & HCO3 >= 0.000)
",0.000,0.000,0.000,1.000,0.000,26,0,0,0,26,0,26,0,1.0,0.0,0.0,1.0,1.0,0.0
"G[0,1](((Hgb <= 0.000 | Hct <= 0.000) -> WBC >= 0.000) & Platelets >= 0.000)
",9999999.000,9999999.000,0.000,1.000,0.000,26,0,0,0,26,0,26,0,1.0,0.0,0.0,1.0,1.0,0.0
"G[0,1](BUN <= 0.000 & Creatinine >= 0.000)
",9999999.000,9999999.000,0.000,1.000,0.000,26,0,0,0,26,0,26,0,1.0,0.0,0.0,1.0,1.0,0.0
"G[1,1](Chloride >= 0.000 & HCO3 >= 0.000)
",0.000,0.000,0.000,1.000,0.000,26,0,0,0,26,0,26,0,1.0,0.0,0.0,1.0,1.0,0.0
"G[1,1]((O2Sat >= 3.824 -> Resp <= 16.791) -> Temp <= 20.127)
",-20.127,-20.127,0.000,1.000,0.000,26,0,0,0,26,0,26,0,1.0,0.0,0.0,1.0,1.0,0.0
"G[0,0](BUN <= 0.000 & Creatinine >= 0.000)
",0.000,0.000,0.000,1.000,0.000,26,0,0,0,26,0,26,0,1.0,0.0,0.0,1.0,1.0,0.0
"G[1,1](EtCO2 > 0.000 -> SepsisLabel = 0.000)
",0.000,0.000,0.000,1.000,0.000,26,0,0,0,26,0,26,0,1.0,0.0,0.0,1.0,1.0,0.0
"G[0,1](((MAP <= 88.958 | Resp >= 2.375) | FiO2 >= 5.188) & Creatinine <= 20.113)
",9999999.000,9999999.000,0.000,1.000,0.000,26,0,0,0,26,0,26,0,1.0,0.0,0.0,1.0,1.0,0.0
"G[0,0](((Hgb <= 0.000 | Hct <= 0.000) -> WBC >= 0.000) & Platelets >= 0.000)
",0.000,0.000,0.000,1.000,0.000,26,0,0,0,26,0,26,0,1.0,0.0,0.0,1.0,1.0,0.0
"G[0,0](((HR >= 17.804 -> SBP <= 134.137) | PTT <= 106.933) -> Glucose <= 88.597)
",-106.933,-106.933,0.000,1.000,0.000,26,0,0,0,26,0,26,0,1.0,0.0,0.0,1.0,1.0,0.0
"G[0,1](Chloride >= 0.000 & HCO3 >= 0.000)
",9999999.000,9999999.000,0.000,1.000,0.000,26,0,0,0,26,0,26,0,1.0,0.0,0.0,1.0,1.0,0.0
"G[0,0](Chloride >= 0.000 & HCO3 >= 0.000)
",0.000,0.000,0.000,1.000,0.000,26,0,0,0,26,0,26,0,1.0,0.0,0.0,1.0,1.0,0.0
"G[1,1](Magnesium >= 0.000 -> SepsisLabel = 0.000)
",0.000,0.000,0.000,1.000,0.000,26,0,0,0,26,0,26,0,1.0,0.0,0.0,1.0,1.0,0.0
"G[0,1](Platelets <= 0.000 -> WBC >= 0.000)
",9999999.000,9999999.000,0.000,1.000,0.000,26,0,0,0,26,0,26,0,1.0,0.0,0.0,1.0,1.0,0.0
"G[0,0](((Hgb <= 0.000 | Hct <= 0.000) -> WBC >= 0.000) & Platelets >= 0.000)
",0.000,0.000,0.000,1.000,0.000,26,0,0,0,26,0,26,0,1.0,0.0,0.0,1.0,1.0,0.0
"G[0,1]((O2Sat >= 62.060 -> Temp >= 5.153) -> BaseExcess <= 18.906)
",9999999.000,9999999.000,0.000,1.000,0.000,26,0,0,0,26,0,26,0,1.0,0.0,0.0,1.0,1.0,0.0
"G[0,0](((Fibrinogen >= 0.000 -> SaO2 <= 0.000) & Chloride >= 0.000) & Bilirubin_total >= 0.000)
",0.000,0.000,0.000,1.000,0.000,26,0,0,0,26,0,26,0,1.0,0.0,0.0,1.0,1.0,0.0
"G[0,0](BUN <= 0.000 & Creatinine >= 0.000)
",0.000,0.000,0.000,1.000,0.000,26,0,0,0,26,0,26,0,1.0,0.0,0.0,1.0,1.0,0.0
"G[1,1]((MAP >= 25.128 | Calcium <= 0.000) | Resp >= 0.000)
",0.000,0.000,0.000,1.000,0.000,26,0,0,0,26,0,26,0,1.0,0.0,0.0,1.0,1.0,0.0
"G[1,1](((Hgb <= 0.000 | Hct <= 0.000) -> WBC >= 0.000) & Platelets >= 0.000)
",0.000,0.000,0.000,1.000,0.000,26,0,0,0,26,0,26,0,1.0,0.0,0.0,1.0,1.0,0.0
"G[0,1](((AST <= 0.000 | WBC <= 0.000) & FiO2 <= 0.000) & O2Sat >= 0.000)
",9999999.000,9999999.000,0.000,1.000,0.000,26,0,0,0,26,0,26,0,1.0,0.0,0.0,1.0,1.0,0.0
"G[0,1](((Platelets >= 0.000 | Fibrinogen >= 0.000) | AST >= 0.000) & Glucose <= 0.000)
",9999999.000,9999999.000,0.000,1.000,0.000,26,0,0,0,26,0,26,0,1.0,0.0,0.0,1.0,1.0,0.0
"G[0,1](Platelets <= 0.000 -> WBC >= 0.000)
",9999999.000,9999999.000,0.000,1.000,0.000,26,0,0,0,26,0,26,0,1.0,0.0,0.0,1.0,1.0,0.0
"G[0,1](((MAP >= 0.135 & SaO2 >= 0.000) | Alkalinephos <= 0.000) | BaseExcess >= 0.000)
",9999999.000,9999999.000,0.000,1.000,0.000,26,0,0,0,26,0,26,0,1.0,0.0,0.0,1.0,1.0,0.0
"G[0,1](((Hgb <= 0.000 | Hct <= 0.000) -> WBC >= 0.000) & Platelets >= 0.000)
",9999999.000,9999999.000,0.000,1.000,0.000,26,0,0,0,26,0,26,0,1.0,0.0,0.0,1.0,1.0,0.0
"G[0,1]((WBC >= 0.000 -> pH <= 0.000) | Hct <= 0.000)
",9999999.000,9999999.000,0.000,1.000,0.000,26,0,0,0,26,0,26,0,1.0,0.0,0.0,1.0,1.0,0.0
"G[0,1](DBP <= 72.184 | MAP <= 69.899)
",9999999.000,9999999.000,0.000,1.000,0.000,24,0,0,2,26,0,24,2,0.9230769230769231,0.0,0.0,1.0,0.9230769230769231,0.07692307692307687
"G[0,1](((Magnesium >= 0.000 & Resp >= 3.526) | SBP <= 20.385) & Hgb <= 22.231)
",9999999.000,9999999.000,0.000,1.000,0.000,23,0,0,3,26,0,23,3,0.8846153846153846,0.0,0.0,1.0,0.8846153846153846,0.11538461538461542
"G[0,0](Calcium <= 0.000 -> MAP >= 10.607)
",-2.220,-80.602,0.000,1.000,0.000,23,0,0,3,26,0,23,3,0.8846153846153846,0.0,0.0,1.0,0.8846153846153846,0.11538461538461542
"G[0,0](((Resp >= 9.439 | Temp <= 37.810) & O2Sat <= 33.055) -> Phosphate >= 5.498)
",0.085,1.049,0.000,1.000,0.000,22,0,0,4,26,0,22,4,0.8461538461538461,0.0,0.0,1.0,0.8461538461538461,0.15384615384615385
"G[0,0](Bilirubin_direct <= 0.000 & O2Sat >= 42.164)
",-0.361,-4.865,0.000,1.000,0.000,22,0,0,4,26,0,22,4,0.8461538461538461,0.0,0.0,1.0,0.8461538461538461,0.15384615384615385
"G[0,0](Resp <= 24.267 & SBP >= 22.910)
",-2.803,-33.979,0.000,1.000,0.000,22,0,0,4,26,0,22,4,0.8461538461538461,0.0,0.0,1.0,0.8461538461538461,0.15384615384615385
"G[0,1](Bilirubin_direct >= 0.000 & SBP >= 15.417)
",9999999.000,9999999.000,0.000,1.000,0.000,19,0,0,7,26,0,19,7,0.7307692307692307,0.0,0.0,1.0,0.7307692307692307,0.2692307692307693
"G[1,1](((Creatinine <= 0.000 -> PaCO2 >= 0.000) | SBP >= 0.000) & MAP <= 0.000)
",0.000,0.000,0.000,1.000,0.000,4,0,0,22,26,0,4,22,0.15384615384615385,0.0,0.0,1.0,0.15384615384615385,0.8461538461538461
"G[0,0]((O2Sat >= 14.613 | PTT <= 0.000) & HR <= 0.000)
",-36305.000,-36305.000,0.000,1.000,0.000,2,0,0,24,26,0,2,24,0.07692307692307693,0.0,0.0,1.0,0.07692307692307693,0.9230769230769231
"G[0,1]((O2Sat <= 89.071 & SBP <= 105.789) & PaCO2 <= 113.253)
",9999999.000,9999999.000,0.000,1.000,0.000,1,0,0,25,26,0,1,25,0.038461538461538464,0.0,0.0,1.0,0.038461538461538464,0.9615384615384616
"G[0,1](((Potassium >= 0.000 & AST <= 0.000) | Hgb >= 0.000) -> DBP <= 0.000)
",9999999.000,9999999.000,0.000,1.000,0.000,1,0,0,25,26,0,1,25,0.038461538461538464,0.0,0.0,1.0,0.038461538461538464,0.9615384615384616
"G[0,1]((Calcium <= 0.000 & Platelets <= 0.000) -> DBP <= 0.000)
",9999999.000,9999999.000,0.000,1.000,0.000,1,0,0,25,26,0,1,25,0.038461538461538464,0.0,0.0,1.0,0.038461538461538464,0.9615384615384616
"G[1,2](Platelets <= 0.000 -> WBC >= 0.000)
",9999999.000,9999999.000,0.000,1.000,0.000,0,0,26,0,0,26,26,0,0.0,0.0,1.0,0.0,0.0,1.0
"G[1,2]((TroponinI <= 0.000 & Phosphate <= 0.000) -> FiO2 <= 0.000)
",9999999.000,9999999.000,0.000,1.000,0.000,0,0,26,0,0,26,26,0,0.0,0.0,1.0,0.0,0.0,1.0
"G[1,2](Chloride >= 0.000 & HCO3 >= 0.000)
",9999999.000,9999999.000,0.000,1.000,0.000,0,0,26,0,0,26,26,0,0.0,0.0,1.0,0.0,0.0,1.0
"G[1,2](Platelets <= 0.000 -> Resp <= 20.531)
",9999999.000,9999999.000,0.000,1.000,0.000,0,0,20,6,6,20,20,6,0.0,0.0,1.0,0.0,0.0,1.0
"G[2,2](((EtCO2 <= 0.000 -> pH <= 0.000) | SaO2 >= 0.000) & pH >= 0.000)
",0.000,0.000,0.000,1.000,0.000,0,0,26,0,0,26,26,0,0.0,0.0,1.0,0.0,0.0,1.0
"G[0,2](((PaCO2 >= 0.000 | TroponinI >= 0.000) & Glucose >= 0.000) -> pH <= 0.000)
",9999999.000,9999999.000,0.000,1.000,0.000,0,0,26,0,0,26,26,0,0.0,0.0,1.0,0.0,0.0,1.0
"G[2,2]((DBP <= 78.645 & SaO2 <= 0.000) & Glucose <= 0.000)
",0.000,0.000,0.000,1.000,0.000,0,0,26,0,0,26,26,0,0.0,0.0,1.0,0.0,0.0,1.0
"G[2,2]((Bilirubin_direct <= 0.000 -> O2Sat <= 96.121) -> AST >= 80.350)
",5654153408326332.000,80.350,0.000,1.000,0.000,0,0,26,0,0,26,26,0,0.0,0.0,1.0,0.0,0.0,1.0
"G[0,2](DBP <= 78.176 -> Alkalinephos <= 0.000)
",9999999.000,9999999.000,0.000,1.000,0.000,0,0,26,0,0,26,26,0,0.0,0.0,1.0,0.0,0.0,1.0
"G[1,2](BUN <= 0.000 & Creatinine >= 0.000)
",9999999.000,9999999.000,0.000,1.000,0.000,0,0,26,0,0,26,26,0,0.0,0.0,1.0,0.0,0.0,1.0
"G[2,2](Platelets <= 0.000 -> WBC >= 0.000)
",0.000,0.000,0.000,1.000,0.000,0,0,26,0,0,26,26,0,0.0,0.0,1.0,0.0,0.0,1.0
"G[1,2](BUN <= 0.000 & Creatinine >= 0.000)
",9999999.000,9999999.000,0.000,1.000,0.000,0,0,26,0,0,26,26,0,0.0,0.0,1.0,0.0,0.0,1.0
"G[1,2](SBP <= 105.861 & Bilirubin_direct >= 0.000)
",9999999.000,9999999.000,0.000,1.000,0.000,0,0,16,10,10,16,16,10,0.0,0.0,1.0,0.0,0.0,1.0
"G[1,2]((PTT <= 0.000 & Platelets <= 0.000) | EtCO2 <= 0.000)
",9999999.000,9999999.000,0.000,1.000,0.000,0,0,26,0,0,26,26,0,0.0,0.0,1.0,0.0,0.0,1.0
"G[0,2](((Alkalinephos <= 0.000 & Phosphate >= 0.000) | Hct <= 0.000) -> MAP >= 0.000)
",9999999.000,9999999.000,0.000,1.000,0.000,0,0,26,0,0,26,26,0,0.0,0.0,1.0,0.0,0.0,1.0
"G[0,2](((Chloride <= 0.000 & pH >= 0.000) | FiO2 >= 0.000) -> MAP >= 0.000)
",9999999.000,9999999.000,0.000,1.000,0.000,0,0,26,0,0,26,26,0,0.0,0.0,1.0,0.0,0.0,1.0
"G[2,2](((Alkalinephos >= 0.000 | Resp >= 13.421) | Hgb >= 3.626) | pH >= 1.060)
",0.000,0.000,0.000,1.000,0.000,0,0,26,0,0,26,26,0,0.0,0.0,1.0,0.0,0.0,1.0
"G[2,2](((Hgb <= 0.000 | Hct <= 0.000) -> WBC >= 0.000) & Platelets >= 0.000)
",0.000,0.000,0.000,1.000,0.000,0,0,26,0,0,26,26,0,0.0,0.0,1.0,0.0,0.0,1.0
"G[0,2](Platelets <= 0.000 -> WBC >= 0.000)
",9999999.000,9999999.000,0.000,1.000,0.000,0,0,26,0,0,26,26,0,0.0,0.0,1.0,0.0,0.0,1.0
"G[1,2](Resp <= 19.392 -> Creatinine <= 0.000)
",9999999.000,9999999.000,0.000,1.000,0.000,0,0,26,0,0,26,26,0,0.0,0.0,1.0,0.0,0.0,1.0
"G[1,2](Alkalinephos >= 0.000 & Bilirubin_direct <= 0.000)
",9999999.000,9999999.000,0.000,1.000,0.000,0,0,26,0,0,26,26,0,0.0,0.0,1.0,0.0,0.0,1.0
"G[1,2]((Lactate <= 0.000 -> HCO3 >= 0.000) -> Bilirubin_direct <= 0.000)
",9999999.000,9999999.000,0.000,1.000,0.000,0,0,26,0,0,26,26,0,0.0,0.0,1.0,0.0,0.0,1.0
"G[0,2]((AST >= 0.000 -> WBC >= 0.000) -> SBP <= 0.000)
",9999999.000,9999999.000,0.000,1.000,0.000,0,0,1,25,25,1,1,25,0.0,0.0,1.0,0.0,0.0,1.0
"G[1,2](Platelets <= 0.000 -> WBC >= 0.000)
",9999999.000,9999999.000,0.000,1.000,0.000,0,0,26,0,0,26,26,0,0.0,0.0,1.0,0.0,0.0,1.0
"G[2,2](((WBC >= 0.000 | Potassium >= 0.000) | Glucose >= 0.000) -> O2Sat >= 0.000)
",0.000,0.000,0.000,1.000,0.000,0,0,26,0,0,26,26,0,0.0,0.0,1.0,0.0,0.0,1.0
"G[0,2]((BaseExcess >= 0.000 & PTT >= 0.000) | Creatinine <= 0.000)
",9999999.000,9999999.000,0.000,1.000,0.000,0,0,26,0,0,26,26,0,0.0,0.0,1.0,0.0,0.0,1.0
"G[0,2]((Potassium <= 0.000 & Alkalinephos >= 0.000) & Calcium >= 0.000)
",9999999.000,9999999.000,0.000,1.000,0.000,0,0,26,0,0,26,26,0,0.0,0.0,1.0,0.0,0.0,1.0
"G[0,2](SBP <= 135.491 | HCO3 >= 0.000)
",9999999.000,9999999.000,0.000,1.000,0.000,0,0,26,0,0,26,26,0,0.0,0.0,1.0,0.0,0.0,1.0
"G[1,2](BUN <= 0.000 & Creatinine >= 0.000)
",9999999.000,9999999.000,0.000,1.000,0.000,0,0,26,0,0,26,26,0,0.0,0.0,1.0,0.0,0.0,1.0
"G[0,2]((PTT <= 0.000 | Bilirubin_total >= 0.000) & Potassium >= 0.000)
",9999999.000,9999999.000,0.000,1.000,0.000,0,0,26,0,0,26,26,0,0.0,0.0,1.0,0.0,0.0,1.0
"G[0,2](((Phosphate <= 0.000 -> Bilirubin_total >= 0.000) | Fibrinogen <= 0.000) | Temp <= 0.000)
",9999999.000,9999999.000,0.000,1.000,0.000,0,0,26,0,0,26,26,0,0.0,0.0,1.0,0.0,0.0,1.0
"G[0,2]((Magnesium >= 0.000 & PaCO2 >= 0.000) -> Potassium <= 0.000)
",9999999.000,9999999.000,0.000,1.000,0.000,0,0,26,0,0,26,26,0,0.0,0.0,1.0,0.0,0.0,1.0
"G[1,2]((TroponinI <= 0.000 -> Resp >= 4.928) & Glucose >= 0.345)
",9999999.000,9999999.000,0.000,1.000,0.000,0,0,0,26,26,0,0,26,0.0,0.0,0.0,0.0,0.0,1.0
"G[1,2]((BUN <= 0.000 & MAP >= 35.406) & Bilirubin_direct <= 65.447)
",9999999.000,9999999.000,0.000,1.000,0.000,0,0,22,4,4,22,22,4,0.0,0.0,1.0,0.0,0.0,1.0
"G[0,2](Chloride >= 0.000 & HCO3 >= 0.000)
",9999999.000,9999999.000,0.000,1.000,0.000,0,0,26,0,0,26,26,0,0.0,0.0,1.0,0.0,0.0,1.0
"G[0,2](((Hgb <= 0.000 | Hct <= 0.000) -> WBC >= 0.000) & Platelets >= 0.000)
",9999999.000,9999999.000,0.000,1.000,0.000,0,0,26,0,0,26,26,0,0.0,0.0,1.0,0.0,0.0,1.0
"G[1,2](((Hgb <= 0.000 | Hct <= 0.000) -> WBC >= 0.000) & Platelets >= 0.000)
",9999999.000,9999999.000,0.000,1.000,0.000,0,0,26,0,0,26,26,0,0.0,0.0,1.0,0.0,0.0,1.0
"G[2,2](pH >= 0.000 & Chloride <= 0.000)
",0.000,0.000,0.000,1.000,0.000,0,0,26,0,0,26,26,0,0.0,0.0,1.0,0.0,0.0,1.0
"G[2,2](Chloride >= 0.000 & HCO3 >= 0.000)
",0.000,0.000,0.000,1.000,0.000,0,0,26,0,0,26,26,0,0.0,0.0,1.0,0.0,0.0,1.0
"G[1,2]((WBC <= 0.000 -> WBC <= 0.000) & Lactate <= 0.000)
",9999999.000,9999999.000,0.000,1.000,0.000,0,0,26,0,0,26,26,0,0.0,0.0,1.0,0.0,0.0,1.0
"G[1,2](MAP <= 82.783 & BaseExcess <= 0.000)
",9999999.000,9999999.000,0.000,1.000,0.000,0,0,22,4,4,22,22,4,0.0,0.0,1.0,0.0,0.0,1.0
"G[2,2](BUN <= 0.000 & Creatinine >= 0.000)
",0.000,0.000,0.000,1.000,0.000,0,0,26,0,0,26,26,0,0.0,0.0,1.0,0.0,0.0,1.0
"G[1,2](((Hgb <= 0.000 | Hct <= 0.000) -> WBC >= 0.000) & Platelets >= 0.000)
",9999999.000,9999999.000,0.000,1.000,0.000,0,0,26,0,0,26,26,0,0.0,0.0,1.0,0.0,0.0,1.0
"G[1,2](Platelets <= 0.000 -> WBC >= 0.000)
",9999999.000,9999999.000,0.000,1.000,0.000,0,0,26,0,0,26,26,0,0.0,0.0,1.0,0.0,0.0,1.0
"G[1,2]((DBP >= 28.017 & BUN <= 0.000) & Temp <= 0.000)
",9999999.000,9999999.000,0.000,1.000,0.000,0,0,18,8,8,18,18,8,0.0,0.0,1.0,0.0,0.0,1.0
"G[0,2](((Glucose >= 0.000 & SepsisLabel >= 0.000) | Glucose <= 0.000) & Fibrinogen >= 0.000)
",9999999.000,9999999.000,0.000,1.000,0.000,0,0,26,0,0,26,26,0,0.0,0.0,1.0,0.0,0.0,1.0
"G[0,0](((Magnesium <= 0.000 | Resp <= 19.134) -> O2Sat <= 17.979) & SepsisLabel >= 4.114)
",-1.186,-6.425,0.000,1.000,0.000,0,0,0,26,26,0,0,26,0.0,0.0,0.0,0.0,0.0,1.0
"G[0,2]((WBC <= 0.000 -> Glucose <= 0.000) & TroponinI >= 0.000)
",9999999.000,9999999.000,0.000,1.000,0.000,0,0,26,0,0,26,26,0,0.0,0.0,1.0,0.0,0.0,1.0
"G[1,2]((PaCO2 >= 0.000 | Resp <= 17.348) & Bilirubin_direct <= 16.732)
",9999999.000,9999999.000,0.000,1.000,0.000,0,0,26,0,0,26,26,0,0.0,0.0,1.0,0.0,0.0,1.0
"G[1,2](BUN <= 0.000 & Creatinine >= 0.000)
",9999999.000,9999999.000,0.000,1.000,0.000,0,0,26,0,0,26,26,0,0.0,0.0,1.0,0.0,0.0,1.0
"G[1,2](((Creatinine <= 0.000 -> Lactate >= 0.000) -> Bilirubin_total >= 0.000) | Creatinine <= 0.000)
",9999999.000,9999999.000,0.000,1.000,0.000,0,0,26,0,0,26,26,0,0.0,0.0,1.0,0.0,0.0,1.0
"G[0,1](((FiO2 >= 0.000 -> SBP >= 21.288) & Temp <= 118.038) & PaCO2 >= 16.794)
",9999999.000,9999999.000,0.000,1.000,0.000,0,0,0,26,26,0,0,26,0.0,0.0,0.0,0.0,0.0,1.0
"G[2,2](MAP <= 84.525 & AST <= 0.000)
",0.000,0.000,0.000,1.000,0.000,0,0,26,0,0,26,26,0,0.0,0.0,1.0,0.0,0.0,1.0
"G[1,2](((Hct >= 0.000 & Lactate >= 0.000) -> pH <= 0.000) & SepsisLabel <= 0.000)
",9999999.000,9999999.000,0.000,1.000,0.000,0,0,26,0,0,26,26,0,0.0,0.0,1.0,0.0,0.0,1.0
"G[0,2](Platelets <= 0.000 -> WBC >= 0.000)
",9999999.000,9999999.000,0.000,1.000,0.000,0,0,26,0,0,26,26,0,0.0,0.0,1.0,0.0,0.0,1.0
"G[0,2](DBP <= 80.850 -> HCO3 <= 0.000)
",9999999.000,9999999.000,0.000,1.000,0.000,0,0,26,0,0,26,26,0,0.0,0.0,1.0,0.0,0.0,1.0
"G[2,2](Creatinine >= 0.000 | Bilirubin_total >= 0.000)
",0.000,0.000,0.000,1.000,0.000,0,0,26,0,0,26,26,0,0.0,0.0,1.0,0.0,0.0,1.0
"G[2,2]((Alkalinephos <= 0.000 & SepsisLabel >= 0.000) | pH >= 0.000)
",0.000,0.000,0.000,1.000,0.000,0,0,26,0,0,26,26,0,0.0,0.0,1.0,0.0,0.0,1.0
"G[0,2](Chloride >= 0.000 & HCO3 >= 0.000)
",9999999.000,9999999.000,0.000,1.000,0.000,0,0,26,0,0,26,26,0,0.0,0.0,1.0,0.0,0.0,1.0
"G[0,2]((FiO2 <= 0.000 & Calcium <= 0.000) -> Hct <= 0.000)
",9999999.000,9999999.000,0.000,1.000,0.000,0,0,26,0,0,26,26,0,0.0,0.0,1.0,0.0,0.0,1.0
"G[2,2](((Resp >= 11.423 -> FiO2 <= 0.000) -> Resp >= 0.000) -> HR >= 0.000)
",0.000,0.000,0.000,1.000,0.000,0,0,26,0,0,26,26,0,0.0,0.0,1.0,0.0,0.0,1.0
"G[1,2](Phosphate >= 0.000 & Creatinine <= 0.000)
",9999999.000,9999999.000,0.000,1.000,0.000,0,0,26,0,0,26,26,0,0.0,0.0,1.0,0.0,0.0,1.0
"G[1,2]((Resp >= 11.765 -> BaseExcess >= 0.000) | Chloride <= 0.000)
",9999999.000,9999999.000,0.000,1.000,0.000,0,0,26,0,0,26,26,0,0.0,0.0,1.0,0.0,0.0,1.0
"G[2,2](((Chloride <= 0.000 | AST <= 0.000) & Platelets <= 0.000) | DBP >= 0.000)
",0.000,0.000,0.000,1.000,0.000,0,0,26,0,0,26,26,0,0.0,0.0,1.0,0.0,0.0,1.0
"G[1,2]((O2Sat >= 73.480 -> AST <= 0.000) | Hgb >= 0.000)
",9999999.000,9999999.000,0.000,1.000,0.000,0,0,26,0,0,26,26,0,0.0,0.0,1.0,0.0,0.0,1.0
"G[0,2](((Hgb >= 0.000 -> Platelets <= 0.000) | BaseExcess >= 0.000) | Temp >= 0.000)
",9999999.000,9999999.000,0.000,1.000,0.000,0,0,26,0,0,26,26,0,0.0,0.0,1.0,0.0,0.0,1.0
"G[1,2](Chloride >= 0.000 | Hct <= 0.000)
",9999999.000,9999999.000,0.000,1.000,0.000,0,0,26,0,0,26,26,0,0.0,0.0,1.0,0.0,0.0,1.0
"G[1,2](((Phosphate >= 0.000 & Hgb >= 0.000) | Bilirubin_total >= 0.000) | Bilirubin_total <= 0.000)
",9999999.000,9999999.000,0.000,1.000,0.000,0,0,26,0,0,26,26,0,0.0,0.0,1.0,0.0,0.0,1.0
"G[0,2](((HR <= 94.187 & Temp <= 12.710) & MAP <= 28.521) -> DBP <= 20.474)
",9999999.000,9999999.000,0.000,1.000,0.000,0,0,26,0,0,26,26,0,0.0,0.0,1.0,0.0,0.0,1.0
"G[2,2]((DBP <= 54.079 -> Temp <= 37.857) & TroponinI <= 16.940)
",-54.079,-54.079,0.000,1.000,0.000,0,0,26,0,0,26,26,0,0.0,0.0,1.0,0.0,0.0,1.0
"G[0,2](((PaCO2 >= 0.000 | Temp <= 25.946) -> Magnesium <= 31.740) -> Hgb <= 31.106)
",9999999.000,9999999.000,0.000,1.000,0.000,0,0,26,0,0,26,26,0,0.0,0.0,1.0,0.0,0.0,1.0
"G[0,2]((SaO2 <= 0.000 | Glucose >= 0.000) -> Magnesium >= 0.000)
",9999999.000,9999999.000,0.000,1.000,0.000,0,0,26,0,0,26,26,0,0.0,0.0,1.0,0.0,0.0,1.0
"G[1,2](SepsisLabel >= 0.000 | MAP >= 44.508)
",9999999.000,9999999.000,0.000,1.000,0.000,0,0,26,0,0,26,26,0,0.0,0.0,1.0,0.0,0.0,1.0
"G[0,2](O2Sat <= 96.113 | HCO3 >= 0.000)
",9999999.000,9999999.000,0.000,1.000,0.000,0,0,26,0,0,26,26,0,0.0,0.0,1.0,0.0,0.0,1.0
"G[2,2](((Temp >= 4.584 & Alkalinephos >= 0.000) & SaO2 <= 0.000) | SBP <= 0.000)
",0.000,0.000,0.000,1.000,0.000,0,0,26,0,0,26,26,0,0.0,0.0,1.0,0.0,0.0,1.0
"G[2,2]((Resp >= 10.979 & TroponinI >= 0.000) -> FiO2 <= 0.000)
",0.000,0.000,0.000,1.000,0.000,0,0,26,0,0,26,26,0,0.0,0.0,1.0,0.0,0.0,1.0
"G[1,2]((HR <= 100.955 | O2Sat >= 34.393) -> Bilirubin_total >= 40.093)
",9999999.000,9999999.000,0.000,1.000,0.000,0,0,0,26,26,0,0,26,0.0,0.0,0.0,0.0,0.0,1.0
"G[2,2](EtCO2 <= 0.000 | Magnesium >= 0.000)
",0.000,0.000,0.000,1.000,0.000,0,0,26,0,0,26,26,0,0.0,0.0,1.0,0.0,0.0,1.0
"G[0,2](((Creatinine <= 0.000 & Platelets <= 0.000) & BaseExcess <= 0.000) & Lactate <= 0.000)
",9999999.000,9999999.000,0.000,1.000,0.000,0,0,26,0,0,26,26,0,0.0,0.0,1.0,0.0,0.0,1.0
"G[2,2]((Hgb >= 0.000 -> AST <= 0.000) & Bilirubin_direct >= 0.000)
",0.000,0.000,0.000,1.000,0.000,0,0,26,0,0,26,26,0,0.0,0.0,1.0,0.0,0.0,1.0
"G[1,2](((Phosphate <= 0.000 -> Glucose >= 0.000) & SBP >= 0.000) | HR <= 0.000)
",9999999.000,9999999.000,0.000,1.000,0.000,0,0,26,0,0,26,26,0,0.0,0.0,1.0,0.0,0.0,1.0
"G[0,2](((DBP <= 71.104 | O2Sat >= 77.491) & Hct >= 81.363) -> HR >= 60.637)
",9999999.000,9999999.000,0.000,1.000,0.000,0,0,26,0,0,26,26,0,0.0,0.0,1.0,0.0,0.0,1.0
"G[1,2](((Hgb <= 0.000 & Phosphate <= 0.000) | Glucose <= 0.000) -> HCO3 <= 0.000)
",9999999.000,9999999.000,0.000,1.000,0.000,0,0,26,0,0,26,26,0,0.0,0.0,1.0,0.0,0.0,1.0
"G[0,2](((DBP <= 69.476 | MAP <= 73.445) | Platelets <= 67.952) -> DBP >= 22.009)
",9999999.000,9999999.000,0.000,1.000,0.000,0,0,19,7,7,19,19,7,0.0,0.0,1.0,0.0,0.0,1.0
"G[0,2]((Bilirubin_direct <= 0.000 -> Temp >= 9.688) | Hct <= 17.563)
",9999999.000,9999999.000,0.000,1.000,0.000,0,0,26,0,0,26,26,0,0.0,0.0,1.0,0.0,0.0,1.0
"G[1,2]((Creatinine >= 0.000 & Fibrinogen <= 0.000) & Creatinine <= 0.000)
",9999999.000,9999999.000,0.000,1.000,0.000,0,0,26,0,0,26,26,0,0.0,0.0,1.0,0.0,0.0,1.0
"G[1,2]((HCO3 >= 0.000 & Hct <= 0.000) & DBP <= 0.000)
",9999999.000,9999999.000,0.000,1.000,0.000,0,0,5,21,21,5,5,21,0.0,0.0,1.0,0.0,0.0,1.0
"G[0,2](WBC >= 0.000 -> Calcium >= 0.000)
",9999999.000,9999999.000,0.000,1.000,0.000,0,0,26,0,0,26,26,0,0.0,0.0,1.0,0.0,0.0,1.0
"G[0,2](Creatinine <= 0.000 & Chloride >= 0.000)
",9999999.000,9999999.000,0.000,1.000,0.000,0,0,26,0,0,26,26,0,0.0,0.0,1.0,0.0,0.0,1.0
"G[1,2](((Fibrinogen <= 0.000 | Lactate <= 0.000) | Resp <= 0.000) | FiO2 >= 0.000)
",9999999.000,9999999.000,0.000,1.000,0.000,0,0,26,0,0,26,26,0,0.0,0.0,1.0,0.0,0.0,1.0
"G[2,2]((Platelets <= 0.000 -> Chloride <= 0.000) & Potassium >= 0.000)
",0.000,0.000,0.000,1.000,0.000,0,0,26,0,0,26,26,0,0.0,0.0,1.0,0.0,0.0,1.0
"G[0,2](((Bilirubin_total <= 0.000 -> BaseExcess <= 0.000) -> BUN >= 0.000) -> MAP >= 0.000)
",9999999.000,9999999.000,0.000,1.000,0.000,0,0,26,0,0,26,26,0,0.0,0.0,1.0,0.0,0.0,1.0
"G[2,2]((Bilirubin_total <= 0.000 -> Resp <= 21.478) & HR <= 24.904)
",-6045525706638052.000,-21.478,0.000,1.000,0.000,0,0,26,0,0,26,26,0,0.0,0.0,1.0,0.0,0.0,1.0
"G[0,2](((Magnesium <= 0.000 | PTT <= 0.000) | Hct >= 0.000) | Magnesium <= 0.000)
",9999999.000,9999999.000,0.000,1.000,0.000,0,0,26,0,0,26,26,0,0.0,0.0,1.0,0.0,0.0,1.0
"G[0,2]((SepsisLabel <= 0.000 -> pH <= 0.000) & Creatinine <= 0.000)
",9999999.000,9999999.000,0.000,1.000,0.000,0,0,26,0,0,26,26,0,0.0,0.0,1.0,0.0,0.0,1.0
"G[1,2](((Calcium <= 0.000 | SaO2 >= 0.000) & Glucose <= 0.000) | MAP <= 0.000)
",9999999.000,9999999.000,0.000,1.000,0.000,0,0,26,0,0,26,26,0,0.0,0.0,1.0,0.0,0.0,1.0
"G[1,2](((PaCO2 <= 0.000 & SaO2 <= 0.000) | AST <= 0.000) | SBP <= 0.000)
",9999999.000,9999999.000,0.000,1.000,0.000,0,0,26,0,0,26,26,0,0.0,0.0,1.0,0.0,0.0,1.0
"G[1,2](SaO2 >= 0.000 -> Hct >= 0.000)
",9999999.000,9999999.000,0.000,1.000,0.000,0,0,26,0,0,26,26,0,0.0,0.0,1.0,0.0,0.0,1.0
"G[0,2](Bilirubin_direct >= 0.000 -> Calcium >= 0.000)
",9999999.000,9999999.000,0.000,1.000,0.000,0,0,26,0,0,26,26,0,0.0,0.0,1.0,0.0,0.0,1.0
"G[1,2]((Potassium <= 0.000 -> Hct <= 0.000) -> Platelets <= 0.000)
",9999999.000,9999999.000,0.000,1.000,0.000,0,0,26,0,0,26,26,0,0.0,0.0,1.0,0.0,0.0,1.0
"G[0,2]((HCO3 <= 0.000 -> Lactate >= 0.000) | PTT <= 0.000)
",9999999.000,9999999.000,0.000,1.000,0.000,0,0,26,0,0,26,26,0,0.0,0.0,1.0,0.0,0.0,1.0
"G[0,2]((DBP <= 57.730 | Glucose >= 0.000) & Calcium >= 0.000)
",9999999.000,9999999.000,0.000,1.000,0.000,0,0,26,0,0,26,26,0,0.0,0.0,1.0,0.0,0.0,1.0
"G[2,2]((Phosphate >= 0.000 & Hgb <= 0.000) -> PaCO2 >= 0.000)
",0.000,0.000,0.000,1.000,0.000,0,0,26,0,0,26,26,0,0.0,0.0,1.0,0.0,0.0,1.0
"G[1,2](FiO2 >= 0.000 | EtCO2 >= 0.000)
",9999999.000,9999999.000,0.000,1.000,0.000,0,0,26,0,0,26,26,0,0.0,0.0,1.0,0.0,0.0,1.0
"G[1,2](TroponinI >= 0.000 | HCO3 >= 0.000)
",9999999.000,9999999.000,0.000,1.000,0.000,0,0,26,0,0,26,26,0,0.0,0.0,1.0,0.0,0.0,1.0
"G[0,2]((Hct >= 0.000 & DBP <= 68.978) | Alkalinephos >= 19.526)
",9999999.000,9999999.000,0.000,1.000,0.000,0,0,20,6,6,20,20,6,0.0,0.0,1.0,0.0,0.0,1.0
"G[1,2](Platelets <= 0.000 -> WBC >= 0.000)
",9999999.000,9999999.000,0.000,1.000,0.000,0,0,26,0,0,26,26,0,0.0,0.0,1.0,0.0,0.0,1.0
"G[1,2](Temp < 36.207 & SepsisLabel = 0.000)
",9999999.000,9999999.000,0.000,1.000,0.000,0,0,23,3,3,23,23,3,0.0,0.0,1.0,0.0,0.0,1.0
"G[0,2]((PTT <= 0.000 & Alkalinephos <= 0.000) -> Creatinine <= 0.000)
",9999999.000,9999999.000,0.000,1.000,0.000,0,0,26,0,0,26,26,0,0.0,0.0,1.0,0.0,0.0,1.0
"G[0,2](Platelets <= 0.000 & SepsisLabel = 0.000)
",9999999.000,9999999.000,0.000,1.000,0.000,0,0,26,0,0,26,26,0,0.0,0.0,1.0,0.0,0.0,1.0
"G[1,2](((Phosphate <= 0.000 | SaO2 >= 0.000) -> Platelets <= 0.000) -> Bilirubin_direct >= 0.000)
",9999999.000,9999999.000,0.000,1.000,0.000,0,0,26,0,0,26,26,0,0.0,0.0,1.0,0.0,0.0,1.0
"G[1,2](((BaseExcess >= 0.000 & Calcium >= 0.000) & BaseExcess >= 0.000) | BUN >= 0.000)
",9999999.000,9999999.000,0.000,1.000,0.000,0,0,26,0,0,26,26,0,0.0,0.0,1.0,0.0,0.0,1.0
"G[1,2](SaO2 > 0.000 & SepsisLabel = 0.000)
",9999999.000,9999999.000,0.000,1.000,0.000,0,0,0,26,26,0,0,26,0.0,0.0,0.0,0.0,0.0,1.0
"G[1,1](Fibrinogen < 0.000 & SepsisLabel = 0.000)
",0.000,0.000,0.000,1.000,0.000,0,0,0,26,26,0,0,26,0.0,0.0,0.0,0.0,0.0,1.0
"G[1,2](Glucose <= 0.000 & SepsisLabel = 0.000)
",9999999.000,9999999.000,0.000,1.000,0.000,0,0,26,0,0,26,26,0,0.0,0.0,1.0,0.0,0.0,1.0
"G[0,2](((WBC <= 0.000 | Calcium <= 0.000) & Bilirubin_total >= 0.000) | BUN >= 0.000)
",9999999.000,9999999.000,0.000,1.000,0.000,0,0,26,0,0,26,26,0,0.0,0.0,1.0,0.0,0.0,1.0
"G[0,2]((BaseExcess <= 0.000 & WBC >= 0.000) | Lactate <= 0.000)
",9999999.000,9999999.000,0.000,1.000,0.000,0,0,26,0,0,26,26,0,0.0,0.0,1.0,0.0,0.0,1.0
"G[1,2]((EtCO2 <= 0.000 | BUN <= 0.000) -> SepsisLabel <= 0.000)
",9999999.000,9999999.000,0.000,1.000,0.000,0,0,26,0,0,26,26,0,0.0,0.0,1.0,0.0,0.0,1.0
"G[0,2]((Potassium <= 0.000 & WBC <= 0.000) | HR >= 0.000)
",9999999.000,9999999.000,0.000,1.000,0.000,0,0,26,0,0,26,26,0,0.0,0.0,1.0,0.0,0.0,1.0
"G[0,2]((HCO3 <= 0.000 -> Bilirubin_total <= 0.000) | Creatinine >= 0.000)
",9999999.000,9999999.000,0.000,1.000,0.000,0,0,26,0,0,26,26,0,0.0,0.0,1.0,0.0,0.0,1.0
"G[1,2]((TroponinI <= 0.000 -> pH <= 0.000) | Resp >= 0.000)
",9999999.000,9999999.000,0.000,1.000,0.000,0,0,26,0,0,26,26,0,0.0,0.0,1.0,0.0,0.0,1.0
"G[2,2](Creatinine >= 0.000 & SepsisLabel = 0.000)
",0.000,0.000,0.000,1.000,0.000,0,0,26,0,0,26,26,0,0.0,0.0,1.0,0.0,0.0,1.0
"G[1,2](((Resp >= 8.467 & FiO2 >= 0.000) -> Phosphate >= 0.000) | Hct <= 0.000)
",9999999.000,9999999.000,0.000,1.000,0.000,0,0,26,0,0,26,26,0,0.0,0.0,1.0,0.0,0.0,1.0
"G[1,2](Phosphate < 0.000 -> SepsisLabel = 0.000)
",9999999.000,9999999.000,0.000,1.000,0.000,0,0,26,0,0,26,26,0,0.0,0.0,1.0,0.0,0.0,1.0
"G[0,2](Creatinine >= 0.000 -> Bilirubin_total >= 0.000)
",9999999.000,9999999.000,0.000,1.000,0.000,0,0,26,0,0,26,26,0,0.0,0.0,1.0,0.0,0.0,1.0
"G[0,2](((TroponinI >= 0.000 | Hgb >= 0.000) -> Hgb >= 0.000) & Hct >= 0.000)
",9999999.000,9999999.000,0.000,1.000,0.000,0,0,26,0,0,26,26,0,0.0,0.0,1.0,0.0,0.0,1.0
"G[2,2]((AST >= 0.000 | EtCO2 <= 0.000) -> Bilirubin_total <= 0.000)
",0.000,0.000,0.000,1.000,0.000,0,0,26,0,0,26,26,0,0.0,0.0,1.0,0.0,0.0,1.0
"G[0,2](((Alkalinephos <= 0.000 | Hgb <= 0.000) -> Chloride >= 0.000) & BUN <= 0.000)
",9999999.000,9999999.000,0.000,1.000,0.000,0,0,26,0,0,26,26,0,0.0,0.0,1.0,0.0,0.0,1.0
"G[0,2](((Glucose <= 0.000 & MAP >= 7.397) -> Resp <= 64.867) -> AST <= 73.061)
",9999999.000,9999999.000,0.000,1.000,0.000,0,0,26,0,0,26,26,0,0.0,0.0,1.0,0.0,0.0,1.0
"G[0,2]((Calcium <= 0.000 & Platelets <= 0.000) & Alkalinephos <= 0.000)
",9999999.000,9999999.000,0.000,1.000,0.000,0,0,26,0,0,26,26,0,0.0,0.0,1.0,0.0,0.0,1.0
"G[1,2](((DBP >= 11.928 | WBC <= 0.000) | Calcium <= 0.000) | PTT <= 0.000)
",9999999.000,9999999.000,0.000,1.000,0.000,0,0,26,0,0,26,26,0,0.0,0.0,1.0,0.0,0.0,1.0
"G[0,2](PaCO2 >= 0.000 & SepsisLabel = 0.000)
",9999999.000,9999999.000,0.000,1.000,0.000,0,0,26,0,0,26,26,0,0.0,0.0,1.0,0.0,0.0,1.0
"G[0,2]((BUN >= 0.000 & Hgb >= 0.000) | Platelets <= 0.000)
",9999999.000,9999999.000,0.000,1.000,0.000,0,0,26,0,0,26,26,0,0.0,0.0,1.0,0.0,0.0,1.0
"G[1,2](pH > 0.000 & SepsisLabel = 0.000)
",9999999.000,9999999.000,0.000,1.000,0.000,0,0,0,26,26,0,0,26,0.0,0.0,0.0,0.0,0.0,1.0
"G[0,2]((Fibrinogen <= 0.000 -> Alkalinephos >= 0.000) & SBP <= 0.000)
",9999999.000,9999999.000,0.000,1.000,0.000,0,0,1,25,25,1,1,25,0.0,0.0,1.0,0.0,0.0,1.0
"G[0,2]((HR >= 68.143 | BUN <= 0.000) & pH <= 0.000)
",9999999.000,9999999.000,0.000,1.000,0.000,0,0,26,0,0,26,26,0,0.0,0.0,1.0,0.0,0.0,1.0
"G[1,2](((Fibrinogen <= 0.000 -> Temp >= 4.929) & Hct >= 6.457) | FiO2 >= 6.859)
",9999999.000,9999999.000,0.000,1.000,0.000,0,0,0,26,26,0,0,26,0.0,0.0,0.0,0.0,0.0,1.0
"G[2,2]((Bilirubin_total >= 0.000 -> Magnesium <= 0.000) & PTT >= 0.000)
",0.000,0.000,0.000,1.000,0.000,0,0,26,0,0,26,26,0,0.0,0.0,1.0,0.0,0.0,1.0
"G[2,2]((Hgb >= 0.000 -> Bilirubin_direct <= 0.000) & Creatinine >= 0.000)
",0.000,0.000,0.000,1.000,0.000,0,0,26,0,0,26,26,0,0.0,0.0,1.0,0.0,0.0,1.0
"G[1,2](((Bilirubin_direct >= 0.000 & BUN >= 0.000) | BaseExcess <= 0.000) -> Magnesium <= 0.000)
",9999999.000,9999999.000,0.000,1.000,0.000,0,0,26,0,0,26,26,0,0.0,0.0,1.0,0.0,0.0,1.0
"G[2,2]((Platelets >= 0.000 -> FiO2 >= 0.000) -> PaCO2 >= 0.000)
",0.000,0.000,0.000,1.000,0.000,0,0,26,0,0,26,26,0,0.0,0.0,1.0,0.0,0.0,1.0
"G[1,2]((TroponinI <= 0.000 & TroponinI >= 0.000) | Phosphate >= 0.000)
",9999999.000,9999999.000,0.000,1.000,0.000,0,0,26,0,0,26,26,0,0.0,0.0,1.0,0.0,0.0,1.0
"G[0,2](Hct < 0.000 & SepsisLabel = 0.000)
",9999999.000,9999999.000,0.000,1.000,0.000,0,0,0,26,26,0,0,26,0.0,0.0,0.0,0.0,0.0,1.0
"G[0,1](WBC < 0.000 & SepsisLabel = 0.000)
",9999999.000,9999999.000,0.000,1.000,0.000,0,0,0,26,26,0,0,26,0.0,0.0,0.0,0.0,0.0,1.0
"G[0,2](((DBP <= 78.569 & Platelets <= 0.000) | SepsisLabel >= 0.000) -> TroponinI <= 0.000)
",9999999.000,9999999.000,0.000,1.000,0.000,0,0,26,0,0,26,26,0,0.0,0.0,1.0,0.0,0.0,1.0
"G[1,2](((TroponinI >= 0.000 | TroponinI >= 0.000) | Glucose >= 0.000) & SepsisLabel <= 0.000)
",9999999.000,9999999.000,0.000,1.000,0.000,0,0,26,0,0,26,26,0,0.0,0.0,1.0,0.0,0.0,1.0
"G[0,2](((WBC >= 0.000 | Bilirubin_direct <= 0.000) | Hgb <= 0.000) -> Bilirubin_total <= 0.000)
",9999999.000,9999999.000,0.000,1.000,0.000,0,0,26,0,0,26,26,0,0.0,0.0,1.0,0.0,0.0,1.0
"G[1,2](Magnesium <= 0.000 -> SepsisLabel = 0.000)
",9999999.000,9999999.000,0.000,1.000,0.000,0,0,26,0,0,26,26,0,0.0,0.0,1.0,0.0,0.0,1.0
"G[1,2](BaseExcess >= 0.000 -> SepsisLabel = 0.000)
",9999999.000,9999999.000,0.000,1.000,0.000,0,0,26,0,0,26,26,0,0.0,0.0,1.0,0.0,0.0,1.0
"G[0,2](FiO2 >= 0.000 | Chloride <= 0.000)
",9999999.000,9999999.000,0.000,1.000,0.000,0,0,26,0,0,26,26,0,0.0,0.0,1.0,0.0,0.0,1.0
