Rule,Discrimination Score,Pos Robustness,Neg Robustness,Percent Class +,Percent Class -,TP,TN,FP,FN,Actual Yes,Actual No,Predicted Yes,Predicted No,TPR/Sens,TNR/Spec,FPR,Precision,Accuracy,MCR,Class
"G[1,1](((Creatinine >= 0.046 | pH <= 0.000) -> HR >= 0.000) & AST <= 0.000)
",0.000,0.000,0.000,1.000,0.000,14,0,0,0,14,0,14,0,1.0,0.0,0.0,1.0,1.0,0.0,1
"G[0,1](((Platelets >= 4.035 -> Lactate >= 0.000) & Hgb >= 0.000) & BUN >= 0.000)
",9999999.000,9999999.000,0.000,1.000,0.000,14,0,0,0,14,0,14,0,1.0,0.0,0.0,1.0,1.0,0.0,1
"G[0,0]((EtCO2 >= 0.000 -> SaO2 <= 0.000) -> SaO2 >= 0.000)
",0.000,0.000,0.000,1.000,0.000,14,0,0,0,14,0,14,0,1.0,0.0,0.0,1.0,1.0,0.0,1
"G[0,0]((Platelets <= 65.128 | WBC >= 0.560) | BaseExcess <= 4.085)
",65.128,65.128,0.000,1.000,0.000,14,0,0,0,14,0,14,0,1.0,0.0,0.0,1.0,1.0,0.0,1
"G[0,0](EtCO2 >= 0.000 | BUN >= 0.282)
",2.216,14.571,0.000,1.000,0.000,14,0,0,0,14,0,14,0,1.0,0.0,0.0,1.0,1.0,0.0,1
"G[1,1]((Bilirubin_total <= 0.000 | Platelets >= 2.776) | Potassium <= 44.811)
",44.811,44.811,0.000,1.000,0.000,14,0,0,0,14,0,14,0,1.0,0.0,0.0,1.0,1.0,0.0,1
"G[0,1]((Bilirubin_direct <= 0.000 | AST >= 0.000) & Calcium >= 0.000)
",9999999.000,9999999.000,0.000,1.000,0.000,14,0,0,0,14,0,14,0,1.0,0.0,0.0,1.0,1.0,0.0,1
"G[0,1](Glucose >= 6.917 | TroponinI <= 0.931)
",9999999.000,9999999.000,0.000,1.000,0.000,14,0,0,0,14,0,14,0,1.0,0.0,0.0,1.0,1.0,0.0,1
"G[0,1](((EtCO2 <= 0.000 & PaCO2 <= 0.000) & Magnesium >= 0.000) & pH >= 0.000)
",9999999.000,9999999.000,0.000,1.000,0.000,14,0,0,0,14,0,14,0,1.0,0.0,0.0,1.0,1.0,0.0,1
"G[0,1](Lactate <= 0.000 | BaseExcess >= 0.000)
",9999999.000,9999999.000,0.000,1.000,0.000,14,0,0,0,14,0,14,0,1.0,0.0,0.0,1.0,1.0,0.0,1
"G[0,1](Resp >= 0.200 -> SBP >= 11.230)
",9999999.000,9999999.000,0.000,1.000,0.000,14,0,0,0,14,0,14,0,1.0,0.0,0.0,1.0,1.0,0.0,1
"G[0,0](EtCO2 >= 0.000 | EtCO2 <= 0.000)
",2.216,14.571,0.000,1.000,0.000,14,0,0,0,14,0,14,0,1.0,0.0,0.0,1.0,1.0,0.0,1
"G[0,0]((Creatinine <= 0.432 -> Resp >= 1.257) | Potassium <= 15.715)
",8846987532581007.000,15.715,0.000,1.000,0.000,14,0,0,0,14,0,14,0,1.0,0.0,0.0,1.0,1.0,0.0,1
"G[0,0](Chloride >= 5.986 | Magnesium <= 0.657)
",5916300924179463.000,0.657,0.000,1.000,0.000,14,0,0,0,14,0,14,0,1.0,0.0,0.0,1.0,1.0,0.0,1
"G[0,1](Magnesium >= 0.042 | DBP <= 0.000)
",9999999.000,9999999.000,0.000,1.000,0.000,14,0,0,0,14,0,14,0,1.0,0.0,0.0,1.0,1.0,0.0,1
"G[0,0](((SBP >= 75.703 | Chloride <= 59.844) -> Lactate <= 65.335) & Creatinine <= 24.266)
",-20.737,-66.220,0.000,1.000,0.000,14,0,0,0,14,0,14,0,1.0,0.0,0.0,1.0,1.0,0.0,1
"G[0,1](Calcium <= 0.000 & pH <= 0.000)
",9999999.000,9999999.000,0.000,1.000,0.000,14,0,0,0,14,0,14,0,1.0,0.0,0.0,1.0,1.0,0.0,1
"G[0,1]((AST <= 0.000 & SepsisLabel <= 0.000) & MAP >= 0.000)
",9999999.000,9999999.000,0.000,1.000,0.000,14,0,0,0,14,0,14,0,1.0,0.0,0.0,1.0,1.0,0.0,1
"F[1,1]((HR >= 16.945 -> Potassium <= 3.834) -> PaCO2 >= 0.210)
",0.210,0.210,0.000,0.000,1.000,14,0,0,0,14,0,14,0,1.0,0.0,0.0,1.0,1.0,0.0,-1
"G[0,1](((O2Sat <= 57.255 & SBP <= 94.506) -> BUN <= 108.407) -> EtCO2 <= 107.034)
",9999999.000,9999999.000,0.000,1.000,0.000,14,0,0,0,14,0,14,0,1.0,0.0,0.0,1.0,1.0,0.0,1
"G[0,0](((PTT >= 0.629 -> PaCO2 <= 0.000) | pH <= 0.000) -> Resp >= 0.000)
",0.000,0.000,0.000,1.000,0.000,14,0,0,0,14,0,14,0,1.0,0.0,0.0,1.0,1.0,0.0,1
"F[0,0]((Calcium <= 0.000 & Potassium <= 3.070) & Magnesium >= 0.052)
",-3750776313636837.500,-0.052,0.000,0.000,1.000,14,0,0,0,14,0,14,0,1.0,0.0,0.0,1.0,1.0,0.0,-1
"F[1,1](((BaseExcess <= 0.000 -> PTT >= 0.846) | HCO3 <= 8.811) -> Magnesium >= 0.552)
",-8.811,-8.811,0.000,0.000,1.000,14,0,0,0,14,0,14,0,1.0,0.0,0.0,1.0,1.0,0.0,-1
"F[1,1](((EtCO2 <= 0.000 | SBP <= 109.355) -> Bilirubin_total >= 26.606) | pH >= 64.060)
",-64.060,-64.060,0.000,0.000,1.000,14,0,0,0,14,0,14,0,1.0,0.0,0.0,1.0,1.0,0.0,-1
"F[0,0](((Glucose >= 0.389 -> WBC >= 0.633) & Phosphate <= 2.023) & DBP >= 0.034)
",1.984,0.309,0.000,0.000,1.000,14,0,0,0,14,0,14,0,1.0,0.0,0.0,1.0,1.0,0.0,-1
"F[1,1](((Calcium < 0.000 & Potassium < 0.282) & Magnesium < 1.772) & Phosphate < 0.000)
",0.000,0.000,0.000,0.000,1.000,14,0,0,0,14,0,14,0,1.0,0.0,0.0,1.0,1.0,0.0,-1
"F[0,1]((Calcium >= 0.000 | Glucose >= 7.862) & SaO2 >= 4.701)
",-9999999.000,-9999999.000,0.000,0.000,1.000,14,0,0,0,14,0,14,0,1.0,0.0,0.0,1.0,1.0,0.0,-1
"F[0,0]((Calcium <= 0.000 & Potassium <= 3.333) & Magnesium >= 0.019)
",-5612119454629561.000,-0.019,0.000,0.000,1.000,14,0,0,0,14,0,14,0,1.0,0.0,0.0,1.0,1.0,0.0,-1
"F[0,1](((Platelets <= 31.124 & WBC >= 0.267) & EtCO2 >= 0.560) & O2Sat <= 9.038)
",-9999999.000,-9999999.000,0.000,0.000,1.000,14,0,0,0,14,0,14,0,1.0,0.0,0.0,1.0,1.0,0.0,-1
"F[0,1](((Temp <= 23.046 | TroponinI <= 5.238) -> SaO2 >= 0.011) & Fibrinogen <= 0.883)
",-9999999.000,-9999999.000,0.000,0.000,1.000,14,0,0,0,14,0,14,0,1.0,0.0,0.0,1.0,1.0,0.0,-1
"F[0,0]((Calcium <= 0.000 & Potassium <= 2.994) & Magnesium >= 0.023)
",-6677398099320481.000,-0.023,0.000,0.000,1.000,14,0,0,0,14,0,14,0,1.0,0.0,0.0,1.0,1.0,0.0,-1
"F[0,1](((O2Sat <= 98.880 | Magnesium >= 0.007) | TroponinI <= 0.184) -> SepsisLabel >= 0.048)
",-9999999.000,-9999999.000,0.000,0.000,1.000,14,0,0,0,14,0,14,0,1.0,0.0,0.0,1.0,1.0,0.0,-1
"((PTT >= 0.377) U[1,1] (Creatinine >= 0.024))
",-0.024,-0.024,0.000,0.000,1.000,14,0,0,0,14,0,14,0,1.0,0.0,0.0,1.0,1.0,0.0,-1
"((Phosphate < 0.000) U[1,2] (SepsisLabel = 0.000))
",-9999999.000,-9999999.000,0.000,0.000,1.000,14,0,0,0,14,0,14,0,1.0,0.0,0.0,1.0,1.0,0.0,-1
"((FiO2 < 0.000) U[1,2] (SepsisLabel = 0.000))
",-9999999.000,-9999999.000,0.000,0.000,1.000,14,0,0,0,14,0,14,0,1.0,0.0,0.0,1.0,1.0,0.0,-1
"((Bilirubin_total < 0.000) U[1,2] (SepsisLabel = 0.000))
",-9999999.000,-9999999.000,0.000,0.000,1.000,14,0,0,0,14,0,14,0,1.0,0.0,0.0,1.0,1.0,0.0,-1
"F[0,1](((O2Sat <= 65.730 & Potassium <= 0.289) & Chloride >= 0.010) & Glucose <= 2.840)
",-9999999.000,-9999999.000,0.000,0.000,1.000,14,0,0,0,14,0,14,0,1.0,0.0,0.0,1.0,1.0,0.0,-1
"F[0,1](((FiO2 <= 0.000 -> TroponinI <= 1.442) -> PaCO2 <= 4.039) -> SaO2 >= 0.039)
",-9999999.000,-9999999.000,0.000,0.000,1.000,14,0,0,0,14,0,14,0,1.0,0.0,0.0,1.0,1.0,0.0,-1
"F[0,1](((Calcium < 0.000 & Potassium < 2.005) & Magnesium < 0.184) & Phosphate < 0.000)
",-9999999.000,-9999999.000,0.000,0.000,1.000,14,0,0,0,14,0,14,0,1.0,0.0,0.0,1.0,1.0,0.0,-1
"G[0,1](((Bilirubin_direct >= 0.000 & MAP >= 49.907) | Hct <= 82.473) | Platelets <= 66.025)
",9999999.000,9999999.000,0.000,1.000,0.000,14,0,0,0,14,0,14,0,1.0,0.0,0.0,1.0,1.0,0.0,1
"G[0,1]((pH >= 0.000 & FiO2 <= 0.000) | WBC <= 0.000)
",9999999.000,9999999.000,0.000,1.000,0.000,14,0,0,0,14,0,14,0,1.0,0.0,0.0,1.0,1.0,0.0,1
"G[1,1]((O2Sat <= 82.777 -> TroponinI <= 4.149) | O2Sat >= 0.036)
",-5150203180762745.000,-0.036,0.000,1.000,0.000,14,0,0,0,14,0,14,0,1.0,0.0,0.0,1.0,1.0,0.0,1
"G[0,1](O2Sat <= 59.848 -> Bilirubin_direct >= 0.000)
",9999999.000,9999999.000,0.000,1.000,0.000,14,0,0,0,14,0,14,0,1.0,0.0,0.0,1.0,1.0,0.0,1
"G[1,1]((Platelets <= 64.144 | Fibrinogen <= 0.000) | SaO2 >= 0.000)
",4513742738170655.000,64.144,0.000,1.000,0.000,14,0,0,0,14,0,14,0,1.0,0.0,0.0,1.0,1.0,0.0,1
"G[0,1](Phosphate <= 0.000 | Lactate >= 0.000)
",9999999.000,9999999.000,0.000,1.000,0.000,14,0,0,0,14,0,14,0,1.0,0.0,0.0,1.0,1.0,0.0,1
"G[1,1](((Magnesium >= 0.012 | Resp <= 21.807) & Phosphate <= 22.340) -> Chloride <= 18.391)
",-21.807,-21.807,0.000,1.000,0.000,14,0,0,0,14,0,14,0,1.0,0.0,0.0,1.0,1.0,0.0,1
"G[0,0](WBC > 0.380 -> SepsisLabel = 0.000)
",0.277,0.027,0.000,1.000,0.000,14,0,0,0,14,0,14,0,1.0,0.0,0.0,1.0,1.0,0.0,1
"G[0,0](Temp > 6.477 -> SepsisLabel = 0.000)
",-0.506,-18.935,0.000,1.000,0.000,14,0,0,0,14,0,14,0,1.0,0.0,0.0,1.0,1.0,0.0,1
"G[1,1]((BUN >= 0.928 -> HCO3 <= 6.403) -> PTT <= 26.393)
",-7429019996981253.000,-26.393,0.000,1.000,0.000,14,0,0,0,14,0,14,0,1.0,0.0,0.0,1.0,1.0,0.0,1
"G[0,1](Glucose <= 79.763 | HCO3 >= 0.706)
",9999999.000,9999999.000,0.000,1.000,0.000,14,0,0,0,14,0,14,0,1.0,0.0,0.0,1.0,1.0,0.0,1
"G[0,1](((Bilirubin_direct <= 0.000 -> Lactate <= 0.000) & SaO2 <= 0.000) | Fibrinogen <= 0.000)
",9999999.000,9999999.000,0.000,1.000,0.000,14,0,0,0,14,0,14,0,1.0,0.0,0.0,1.0,1.0,0.0,1
"G[0,1](HR >= 15.124 | TroponinI <= 2.639)
",9999999.000,9999999.000,0.000,1.000,0.000,14,0,0,0,14,0,14,0,1.0,0.0,0.0,1.0,1.0,0.0,1
"G[1,1](O2Sat < 96.529 -> SepsisLabel = 0.000)
",-6792650364890961.000,-96.529,0.000,1.000,0.000,14,0,0,0,14,0,14,0,1.0,0.0,0.0,1.0,1.0,0.0,1
"G[1,1]((SaO2 >= 0.000 | PaCO2 >= 0.000) & Phosphate <= 0.000)
",0.000,0.000,0.000,1.000,0.000,14,0,0,0,14,0,14,0,1.0,0.0,0.0,1.0,1.0,0.0,1
"G[1,1]((Hct <= 14.633 -> PaCO2 <= 0.000) | TroponinI >= 0.000)
",0.000,0.000,0.000,1.000,0.000,14,0,0,0,14,0,14,0,1.0,0.0,0.0,1.0,1.0,0.0,1
"G[0,1](TroponinI <= 4.880 -> SepsisLabel = 0.000)
",9999999.000,9999999.000,0.000,1.000,0.000,14,0,0,0,14,0,14,0,1.0,0.0,0.0,1.0,1.0,0.0,1
"G[1,1](((BaseExcess <= 0.000 | FiO2 >= 0.000) -> TroponinI >= 0.000) & Glucose <= 0.000)
",0.000,0.000,0.000,1.000,0.000,14,0,0,0,14,0,14,0,1.0,0.0,0.0,1.0,1.0,0.0,1
"G[0,0]((Temp <= 15.518 & Bilirubin_total <= 0.000) -> Fibrinogen <= 0.000)
",0.277,0.264,0.000,1.000,0.000,14,0,0,0,14,0,14,0,1.0,0.0,0.0,1.0,1.0,0.0,1
"G[0,1](((Bilirubin_total <= 0.000 -> BaseExcess <= 0.000) & Potassium >= 0.000) | FiO2 <= 0.000)
",9999999.000,9999999.000,0.000,1.000,0.000,14,0,0,0,14,0,14,0,1.0,0.0,0.0,1.0,1.0,0.0,1
"G[0,0](((Temp >= 1.031 & Platelets <= 23.422) -> Chloride <= 35.144) | FiO2 <= 127.218)
",19.482,125.432,0.000,1.000,0.000,14,0,0,0,14,0,14,0,1.0,0.0,0.0,1.0,1.0,0.0,1
"G[0,1](O2Sat <= 65.180 -> SepsisLabel = 0.000)
",9999999.000,9999999.000,0.000,1.000,0.000,14,0,0,0,14,0,14,0,1.0,0.0,0.0,1.0,1.0,0.0,1
"F[0,1](((Calcium < 0.000 & Potassium < 0.900) & Magnesium < 1.366) & Phosphate < 0.000)
",-9999999.000,-9999999.000,0.000,0.000,1.000,14,0,0,0,14,0,14,0,1.0,0.0,0.0,1.0,1.0,0.0,-1
"G[1,1](((Chloride <= 76.086 & WBC <= 2.692) | FiO2 <= 3.793) -> Lactate <= 2.982)
",-2847252485913651.500,-3.793,0.000,1.000,0.000,14,0,0,0,14,0,14,0,1.0,0.0,0.0,1.0,1.0,0.0,1
"G[1,1]((TroponinI >= 0.102 & pH <= 0.000) -> HR <= 0.000)
",0.000,0.000,0.000,1.000,0.000,14,0,0,0,14,0,14,0,1.0,0.0,0.0,1.0,1.0,0.0,1
"G[0,1](((SaO2 >= 0.000 & BaseExcess <= 0.000) | Temp >= 0.000) | Temp >= 0.000)
",9999999.000,9999999.000,0.000,1.000,0.000,14,0,0,0,14,0,14,0,1.0,0.0,0.0,1.0,1.0,0.0,1
"G[1,1]((Calcium <= 0.000 | PTT <= 2.735) & Temp <= 15.306)
",6157738159975719.000,2.735,0.000,1.000,0.000,14,0,0,0,14,0,14,0,1.0,0.0,0.0,1.0,1.0,0.0,1
"G[0,1]((Creatinine >= 0.000 -> WBC <= 7.544) | SaO2 <= 7.366)
",9999999.000,9999999.000,0.000,1.000,0.000,14,0,0,0,14,0,14,0,1.0,0.0,0.0,1.0,1.0,0.0,1
"G[0,1](Resp <= 14.667 | Alkalinephos <= 0.000)
",9999999.000,9999999.000,0.000,1.000,0.000,14,0,0,0,14,0,14,0,1.0,0.0,0.0,1.0,1.0,0.0,1
"G[1,1](((Alkalinephos <= 0.000 | Calcium <= 0.000) | PaCO2 >= 0.000) -> Temp >= 0.000)
",0.000,0.000,0.000,1.000,0.000,14,0,0,0,14,0,14,0,1.0,0.0,0.0,1.0,1.0,0.0,1
"G[1,1](((Fibrinogen <= 0.000 -> WBC <= 6.714) | Phosphate <= 1.901) | AST >= 0.389)
",1.901,1.901,0.000,1.000,0.000,14,0,0,0,14,0,14,0,1.0,0.0,0.0,1.0,1.0,0.0,1
"G[1,1]((Chloride >= 5.299 & Hgb <= 5.119) -> Creatinine >= 0.600)
",5401639448066015.000,0.600,0.000,1.000,0.000,14,0,0,0,14,0,14,0,1.0,0.0,0.0,1.0,1.0,0.0,1
"G[1,1](((BUN >= 1.317 | Hgb <= 3.081) -> Fibrinogen >= 0.108) -> FiO2 >= 0.823)
",0.823,0.823,0.000,1.000,0.000,14,0,0,0,14,0,14,0,1.0,0.0,0.0,1.0,1.0,0.0,1
"G[1,1](((SaO2 >= 0.000 -> SepsisLabel <= 0.000) -> Bilirubin_total >= 0.000) -> Fibrinogen <= 0.000)
",0.000,0.000,0.000,1.000,0.000,14,0,0,0,14,0,14,0,1.0,0.0,0.0,1.0,1.0,0.0,1
"G[1,1](((HR >= 1.309 -> TroponinI <= 4.997) & DBP <= 3.681) | FiO2 <= 1.561)
",1.561,1.561,0.000,1.000,0.000,14,0,0,0,14,0,14,0,1.0,0.0,0.0,1.0,1.0,0.0,1
"G[1,1]((BUN >= 1.051 -> Platelets >= 0.054) -> Bilirubin_total <= 44.772)
",-3150566362365031.000,-44.772,0.000,1.000,0.000,14,0,0,0,14,0,14,0,1.0,0.0,0.0,1.0,1.0,0.0,1
"G[1,1]((Fibrinogen <= 0.000 -> Glucose >= 3.522) | Resp <= 67.907)
",2389262833401055.000,67.907,0.000,1.000,0.000,14,0,0,0,14,0,14,0,1.0,0.0,0.0,1.0,1.0,0.0,1
"G[0,0](((BUN <= 5.649 | SBP <= 99.196) & PaCO2 <= 109.024) | WBC <= 102.492)
",3606108963705784.500,102.492,0.000,1.000,0.000,14,0,0,0,14,0,14,0,1.0,0.0,0.0,1.0,1.0,0.0,1
"G[0,0](Alkalinephos <= 0.000 -> SaO2 <= 0.000)
",0.000,0.000,0.000,1.000,0.000,14,0,0,0,14,0,14,0,1.0,0.0,0.0,1.0,1.0,0.0,1
"G[0,0]((Hgb >= 0.154 & SBP >= 13.912) | BaseExcess <= 95.777)
",6739709026550641.000,95.777,0.000,1.000,0.000,14,0,0,0,14,0,14,0,1.0,0.0,0.0,1.0,1.0,0.0,1
"G[0,1](Creatinine >= 0.031 | FiO2 <= 0.000)
",9999999.000,9999999.000,0.000,1.000,0.000,14,0,0,0,14,0,14,0,1.0,0.0,0.0,1.0,1.0,0.0,1
"F[0,1]((Calcium <= 0.000 & Potassium <= 3.968) & Magnesium >= 0.038)
",-9999999.000,-9999999.000,0.000,0.000,1.000,13,0,0,1,14,0,13,1,0.9285714285714286,0.0,0.0,1.0,0.9285714285714286,0.0714285714285714,-1
"F[0,1]((Calcium <= 0.000 & Potassium <= 4.043) & Magnesium >= 0.007)
",-9999999.000,-9999999.000,0.000,0.000,1.000,13,0,0,1,14,0,13,1,0.9285714285714286,0.0,0.0,1.0,0.9285714285714286,0.0714285714285714,-1
"((PTT >= 0.146) U[1,1] (SBP <= 108.462))
",3816149807788559.500,108.462,0.000,0.000,1.000,13,0,0,1,14,0,13,1,0.9285714285714286,0.0,0.0,1.0,0.9285714285714286,0.0714285714285714,-1
"F[0,1]((Calcium <= 0.000 & Potassium <= 4.057) & Magnesium >= 0.036)
",-9999999.000,-9999999.000,0.000,0.000,1.000,13,0,0,1,14,0,13,1,0.9285714285714286,0.0,0.0,1.0,0.9285714285714286,0.0714285714285714,-1
"((SBP <= 89.430) U[1,2] (PaCO2 >= 0.000))
",-9999999.000,-9999999.000,0.000,0.000,1.000,13,0,0,1,14,0,13,1,0.9285714285714286,0.0,0.0,1.0,0.9285714285714286,0.0714285714285714,-1
"((HCO3 >= 1.846) U[0,0] (Magnesium >= 0.065))
",-2344366658364727.000,-0.065,0.000,0.000,1.000,13,0,0,1,14,0,13,1,0.9285714285714286,0.0,0.0,1.0,0.9285714285714286,0.0714285714285714,-1
"G[0,1](BUN >= 0.554 -> Magnesium >= 0.025)
",9999999.000,9999999.000,0.000,1.000,0.000,13,0,0,1,14,0,13,1,0.9285714285714286,0.0,0.0,1.0,0.9285714285714286,0.0714285714285714,1
"G[0,0](O2Sat >= 4.955 | Temp <= 35.656)
",5.212,60.739,0.000,1.000,0.000,13,0,0,1,14,0,13,1,0.9285714285714286,0.0,0.0,1.0,0.9285714285714286,0.0714285714285714,1
"G[0,0](MAP >= 23.066 | TroponinI >= 0.202)
",2.387,61.808,0.000,1.000,0.000,13,0,0,1,14,0,13,1,0.9285714285714286,0.0,0.0,1.0,0.9285714285714286,0.0714285714285714,1
"G[0,0](((Potassium <= 2.936 | Glucose <= 115.024) | Temp <= 99.058) -> MAP >= 5.612)
",-2698030002998035.500,-115.024,0.000,1.000,0.000,13,0,0,1,14,0,13,1,0.9285714285714286,0.0,0.0,1.0,0.9285714285714286,0.0714285714285714,1
"G[0,1](Temp <= 19.305 -> WBC <= 4.909)
",9999999.000,9999999.000,0.000,1.000,0.000,12,0,0,2,14,0,12,2,0.8571428571428571,0.0,0.0,1.0,0.8571428571428571,0.1428571428571429,1
"((PTT <= 25.496) U[0,1] (WBC >= 0.598))
",-9999999.000,-9999999.000,0.000,0.000,1.000,12,0,0,2,14,0,12,2,0.8571428571428571,0.0,0.0,1.0,0.8571428571428571,0.1428571428571429,-1
"F[0,0](PaCO2 >= 0.000 -> Platelets >= 7.408)
",0.000,0.000,0.000,0.000,1.000,12,0,0,2,14,0,12,2,0.8571428571428571,0.0,0.0,1.0,0.8571428571428571,0.1428571428571429,-1
"((Resp >= 11.870) U[0,0] (Hct >= 2.356))
",-18.019,-2.320,0.000,0.000,1.000,12,0,0,2,14,0,12,2,0.8571428571428571,0.0,0.0,1.0,0.8571428571428571,0.1428571428571429,-1
"((TroponinI > 0.140) U[1,2] (SepsisLabel = 0.000))
",-9999999.000,-9999999.000,0.000,0.000,1.000,12,0,0,2,14,0,12,2,0.8571428571428571,0.0,0.0,1.0,0.8571428571428571,0.1428571428571429,-1
"F[0,0](Chloride >= 6.015 & PaCO2 >= 0.000)
",-6772742884315441.000,-6.015,0.000,0.000,1.000,12,0,0,2,14,0,12,2,0.8571428571428571,0.0,0.0,1.0,0.8571428571428571,0.1428571428571429,-1
"((Glucose > 3.772) U[1,1] (SepsisLabel = 0.000))
",0.000,0.000,0.000,0.000,1.000,12,0,0,2,14,0,12,2,0.8571428571428571,0.0,0.0,1.0,0.8571428571428571,0.1428571428571429,-1
"((Chloride <= 64.484) U[0,1] (Chloride >= 3.825))
",-9999999.000,-9999999.000,0.000,0.000,1.000,12,0,0,2,14,0,12,2,0.8571428571428571,0.0,0.0,1.0,0.8571428571428571,0.1428571428571429,-1
"F[0,0](((Alkalinephos <= 0.000 & SBP >= 83.350) & Temp <= 94.933) & Hct >= 13.919)
",-6.043,-78.076,0.000,0.000,1.000,12,0,0,2,14,0,12,2,0.8571428571428571,0.0,0.0,1.0,0.8571428571428571,0.1428571428571429,-1
"((MAP <= 81.930) U[0,0] (Potassium >= 0.031))
",0.407,11.678,0.000,0.000,1.000,12,0,0,2,14,0,12,2,0.8571428571428571,0.0,0.0,1.0,0.8571428571428571,0.1428571428571429,-1
"((HCO3 >= 1.564) U[1,1] (SepsisLabel = 0.000))
",0.000,0.000,0.000,0.000,1.000,12,0,0,2,14,0,12,2,0.8571428571428571,0.0,0.0,1.0,0.8571428571428571,0.1428571428571429,-1
"F[0,1](((O2Sat >= 30.763 -> HCO3 <= 23.557) | Hgb <= 24.955) & Chloride >= 0.661)
",-9999999.000,-9999999.000,0.000,0.000,1.000,12,0,0,2,14,0,12,2,0.8571428571428571,0.0,0.0,1.0,0.8571428571428571,0.1428571428571429,-1
"((Hgb >= 0.449) U[1,1] (Bilirubin_total >= 0.000))
",0.000,0.000,0.000,0.000,1.000,12,0,0,2,14,0,12,2,0.8571428571428571,0.0,0.0,1.0,0.8571428571428571,0.1428571428571429,-1
"F[0,1]((Glucose <= 83.434 & Potassium <= 4.068) -> Bilirubin_total >= 0.100)
",-9999999.000,-9999999.000,0.000,0.000,1.000,12,0,0,2,14,0,12,2,0.8571428571428571,0.0,0.0,1.0,0.8571428571428571,0.1428571428571429,-1
"F[0,1]((Chloride >= 3.290 & MAP <= 87.529) | PTT >= 8.685)
",-9999999.000,-9999999.000,0.000,0.000,1.000,12,0,0,2,14,0,12,2,0.8571428571428571,0.0,0.0,1.0,0.8571428571428571,0.1428571428571429,-1
"G[0,0]((SBP <= 99.899 | Temp >= 5.107) | Hct >= 0.876)
",10.139,96.700,0.000,1.000,0.000,12,0,0,2,14,0,12,2,0.8571428571428571,0.0,0.0,1.0,0.8571428571428571,0.1428571428571429,1
"F[0,0](((Hct >= 2.476 -> Potassium >= 0.122) & TroponinI >= 0.251) & EtCO2 <= 2.926)
",-2.164,-12.099,0.000,0.000,1.000,12,0,0,2,14,0,12,2,0.8571428571428571,0.0,0.0,1.0,0.8571428571428571,0.1428571428571429,-1
"G[0,1](BaseExcess <= 0.000 -> BUN <= 8.354)
",9999999.000,9999999.000,0.000,1.000,0.000,12,0,0,2,14,0,12,2,0.8571428571428571,0.0,0.0,1.0,0.8571428571428571,0.1428571428571429,1
"G[0,1](Magnesium <= 0.574 & TroponinI <= 1.438)
",9999999.000,9999999.000,0.000,1.000,0.000,12,0,0,2,14,0,12,2,0.8571428571428571,0.0,0.0,1.0,0.8571428571428571,0.1428571428571429,1
"G[0,0](Alkalinephos <= 0.000 & Hct <= 16.301)
",-0.277,-1.357,0.000,1.000,0.000,12,0,0,2,14,0,12,2,0.8571428571428571,0.0,0.0,1.0,0.8571428571428571,0.1428571428571429,1
"G[0,1](Hgb <= 5.806 -> Resp <= 20.330)
",9999999.000,9999999.000,0.000,1.000,0.000,12,0,0,2,14,0,12,2,0.8571428571428571,0.0,0.0,1.0,0.8571428571428571,0.1428571428571429,1
"G[0,0](FiO2 <= 0.000 & Potassium <= 0.626)
",-0.277,-1.786,0.000,1.000,0.000,12,0,0,2,14,0,12,2,0.8571428571428571,0.0,0.0,1.0,0.8571428571428571,0.1428571428571429,1
"G[1,1](Resp >= 11.198 & TroponinI <= 2.252)
",-11.198,-11.198,0.000,1.000,0.000,12,0,0,2,14,0,12,2,0.8571428571428571,0.0,0.0,1.0,0.8571428571428571,0.1428571428571429,1
"G[1,1]((EtCO2 <= 0.000 | O2Sat >= 9.308) & HR >= 23.611)
",-3323001909838617.000,-23.611,0.000,1.000,0.000,12,0,0,2,14,0,12,2,0.8571428571428571,0.0,0.0,1.0,0.8571428571428571,0.1428571428571429,1
"G[0,1](((Creatinine >= 0.015 -> TroponinI >= 0.091) & pH >= 0.222) | Potassium <= 2.291)
",9999999.000,9999999.000,0.000,1.000,0.000,12,0,0,2,14,0,12,2,0.8571428571428571,0.0,0.0,1.0,0.8571428571428571,0.1428571428571429,1
"G[0,1]((PTT >= 0.516 -> Glucose >= 4.817) -> SBP >= 6.682)
",9999999.000,9999999.000,0.000,1.000,0.000,11,0,0,3,14,0,11,3,0.7857142857142857,0.0,0.0,1.0,0.7857142857142857,0.2142857142857143,1
"F[0,1](((AST <= 0.000 -> FiO2 <= 0.000) -> HR <= 0.000) | Resp <= 0.000)
",-9999999.000,-9999999.000,0.000,0.000,1.000,11,0,0,3,14,0,11,3,0.7857142857142857,0.0,0.0,1.0,0.7857142857142857,0.2142857142857143,-1
"G[0,1]((Chloride >= 3.576 -> Resp <= 17.582) -> Resp >= 10.135)
",9999999.000,9999999.000,0.000,1.000,0.000,10,0,0,4,14,0,10,4,0.7142857142857143,0.0,0.0,1.0,0.7142857142857143,0.2857142857142857,1
"((Temp > 3.195) U[1,2] (SepsisLabel = 0.000))
",-9999999.000,-9999999.000,0.000,0.000,1.000,8,0,0,6,14,0,8,6,0.5714285714285714,0.0,0.0,1.0,0.5714285714285714,0.4285714285714286,-1
"F[0,0]((Chloride <= 103.698 -> O2Sat <= 70.611) & MAP >= 16.915)
",-3648536910904800.500,-103.698,0.000,0.000,1.000,8,0,0,6,14,0,8,6,0.5714285714285714,0.0,0.0,1.0,0.5714285714285714,0.4285714285714286,-1
"F[0,1](Temp >= 2.908 & Hct <= 23.565)
",-9999999.000,-9999999.000,0.000,0.000,1.000,8,0,0,6,14,0,8,6,0.5714285714285714,0.0,0.0,1.0,0.5714285714285714,0.4285714285714286,-1
"((MAP >= 28.641) U[0,1] (SBP <= 90.099))
",-9999999.000,-9999999.000,0.000,0.000,1.000,8,0,0,6,14,0,8,6,0.5714285714285714,0.0,0.0,1.0,0.5714285714285714,0.4285714285714286,-1
"F[0,0]((Chloride <= 25.354 -> HR <= 68.100) & MAP <= 64.765)
",-5.240,-29.778,0.000,0.000,1.000,8,0,0,6,14,0,8,6,0.5714285714285714,0.0,0.0,1.0,0.5714285714285714,0.4285714285714286,-1
"G[0,1](BUN <= 8.642 -> Temp <= 18.887)
",9999999.000,9999999.000,0.000,1.000,0.000,8,0,0,6,14,0,8,6,0.5714285714285714,0.0,0.0,1.0,0.5714285714285714,0.4285714285714286,1
"G[0,1]((Alkalinephos >= 0.000 -> Bilirubin_total <= 0.000) -> Temp <= 0.000)
",9999999.000,9999999.000,0.000,1.000,0.000,8,0,0,6,14,0,8,6,0.5714285714285714,0.0,0.0,1.0,0.5714285714285714,0.4285714285714286,1
"G[1,1]((TroponinI >= 0.103 | HR <= 71.475) | Hgb >= 18.180)
",71.475,71.475,0.000,1.000,0.000,8,0,0,6,14,0,8,6,0.5714285714285714,0.0,0.0,1.0,0.5714285714285714,0.4285714285714286,1
"F[0,1](((Potassium <= 2.023 -> SBP <= 96.593) | EtCO2 >= 42.616) -> DBP >= 27.518)
",-9999999.000,-9999999.000,0.000,0.000,1.000,7,0,0,7,14,0,7,7,0.5,0.0,0.0,1.0,0.5,0.5,-1
"((Chloride >= 0.506) U[0,0] (O2Sat >= 34.531))
",2.202,30.223,0.000,0.000,1.000,7,0,0,7,14,0,7,7,0.5,0.0,0.0,1.0,0.5,0.5,-1
"((O2Sat <= 78.268) U[1,1] (SepsisLabel = 0.000))
",2753823741258193.000,78.268,0.000,0.000,1.000,7,0,0,7,14,0,7,7,0.5,0.0,0.0,1.0,0.5,0.5,-1
"((MAP >= 16.756) U[0,0] (SBP <= 97.494))
",19.007,95.744,0.000,0.000,1.000,7,0,0,7,14,0,7,7,0.5,0.0,0.0,1.0,0.5,0.5,-1
"((DBP <= 0.000) U[1,1] (HR <= 69.974))
",69.974,69.974,0.000,0.000,1.000,7,0,0,7,14,0,7,7,0.5,0.0,0.0,1.0,0.5,0.5,-1
"G[0,0]((PaCO2 >= 0.000 -> O2Sat <= 68.916) & DBP <= 96.551)
",-0.493,-11.601,0.000,1.000,0.000,7,0,0,7,14,0,7,7,0.5,0.0,0.0,1.0,0.5,0.5,1
"G[1,1]((HR >= 55.087 -> Resp <= 15.431) | Alkalinephos >= 8.876)
",-8.876,-8.876,0.000,1.000,0.000,7,0,0,7,14,0,7,7,0.5,0.0,0.0,1.0,0.5,0.5,1
"G[0,1]((HR <= 71.221 & SaO2 <= 0.000) & FiO2 >= 0.000)
",9999999.000,9999999.000,0.000,1.000,0.000,7,0,0,7,14,0,7,7,0.5,0.0,0.0,1.0,0.5,0.5,1
"G[0,1](SBP <= 101.069 & SepsisLabel = 0.000)
",9999999.000,9999999.000,0.000,1.000,0.000,7,0,0,7,14,0,7,7,0.5,0.0,0.0,1.0,0.5,0.5,1
"G[0,0](((Glucose >= 1.532 -> HR <= 59.860) | Temp <= 79.285) -> Temp >= 19.087)
",-140.325,-78.991,0.000,1.000,0.000,6,0,0,8,14,0,6,8,0.42857142857142855,0.0,0.0,1.0,0.42857142857142855,0.5714285714285714,1
"G[0,0](((Glucose <= 62.131 -> Temp >= 6.221) & PaCO2 <= 34.838) -> TroponinI >= 6.929)
",6.929,6.929,0.000,1.000,0.000,6,0,0,8,14,0,6,8,0.42857142857142855,0.0,0.0,1.0,0.42857142857142855,0.5714285714285714,1
"F[0,0](Temp >= 4.000 | Hgb >= 0.559)
",0.578,22.054,0.000,0.000,1.000,6,0,0,8,14,0,6,8,0.42857142857142855,0.0,0.0,1.0,0.42857142857142855,0.5714285714285714,-1
"G[0,0](Creatinine <= 0.408 & O2Sat <= 46.735)
",-1.084,-25.299,0.000,1.000,0.000,5,0,0,9,14,0,5,9,0.35714285714285715,0.0,0.0,1.0,0.35714285714285715,0.6428571428571428,1
"((MAP >= 15.648) U[0,0] (SBP <= 101.690))
",16.628,99.499,0.000,0.000,1.000,5,0,0,9,14,0,5,9,0.35714285714285715,0.0,0.0,1.0,0.35714285714285715,0.6428571428571428,-1
"F[0,1](HCO3 >= 0.619 | O2Sat >= 8.651)
",-9999999.000,-9999999.000,0.000,0.000,1.000,4,0,0,10,14,0,4,10,0.2857142857142857,0.0,0.0,1.0,0.2857142857142857,0.7142857142857143,-1
"G[1,1](O2Sat >= 34.468 & Platelets <= 36.928)
",-34.468,-34.468,0.000,1.000,0.000,3,0,0,11,14,0,3,11,0.21428571428571427,0.0,0.0,1.0,0.21428571428571427,0.7857142857142857,1
"F[0,1](O2Sat <= 74.213 & Resp <= 22.444)
",-9999999.000,-9999999.000,0.000,0.000,1.000,3,0,0,11,14,0,3,11,0.21428571428571427,0.0,0.0,1.0,0.21428571428571427,0.7857142857142857,-1
"((Temp >= 5.537) U[0,0] (Hct <= 23.683))
",1.372,38.172,0.000,0.000,1.000,2,0,0,12,14,0,2,12,0.14285714285714285,0.0,0.0,1.0,0.14285714285714285,0.8571428571428572,-1
"G[1,1](((Resp <= 20.085 & SaO2 <= 0.000) & MAP <= 0.000) & PTT <= 0.000)
",0.000,0.000,0.000,1.000,0.000,2,0,0,12,14,0,2,12,0.14285714285714285,0.0,0.0,1.0,0.14285714285714285,0.8571428571428572,1
"G[0,0](Platelets <= 83.135 -> WBC >= 0.639)
",-5850103645842554.000,-83.135,0.000,1.000,0.000,2,0,0,12,14,0,2,12,0.14285714285714285,0.0,0.0,1.0,0.14285714285714285,0.8571428571428572,1
"G[0,0](Platelets <= 47.533 -> WBC >= 0.610)
",-3344811086927247.000,-47.533,0.000,1.000,0.000,2,0,0,12,14,0,2,12,0.14285714285714285,0.0,0.0,1.0,0.14285714285714285,0.8571428571428572,1
"G[0,1](O2Sat >= 19.464 & Phosphate <= 0.000)
",9999999.000,9999999.000,0.000,1.000,0.000,2,0,0,12,14,0,2,12,0.14285714285714285,0.0,0.0,1.0,0.14285714285714285,0.8571428571428572,1
"G[0,0](Chloride >= 5.455 & HCO3 >= 1.178)
",-5.455,-5.455,0.000,1.000,0.000,2,0,0,12,14,0,2,12,0.14285714285714285,0.0,0.0,1.0,0.14285714285714285,0.8571428571428572,1
"F[0,0](Hgb <= 1.421 | Hct <= 23.078)
",178.945,23.043,0.000,0.000,1.000,2,0,0,12,14,0,2,12,0.14285714285714285,0.0,0.0,1.0,0.14285714285714285,0.8571428571428572,-1
"G[0,0](Platelets <= 57.707 -> WBC >= 0.115)
",-8121487964220943.000,-57.707,0.000,1.000,0.000,2,0,0,12,14,0,2,12,0.14285714285714285,0.0,0.0,1.0,0.14285714285714285,0.8571428571428572,1
"G[0,1](BUN >= 0.441 | O2Sat >= 2.468)
",9999999.000,9999999.000,0.000,1.000,0.000,2,0,0,12,14,0,2,12,0.14285714285714285,0.0,0.0,1.0,0.14285714285714285,0.8571428571428572,1
"F[0,0](TroponinI >= 0.175 -> HR <= 63.719)
",0.175,0.175,0.000,0.000,1.000,2,0,0,12,14,0,2,12,0.14285714285714285,0.0,0.0,1.0,0.14285714285714285,0.8571428571428572,-1
"F[0,0]((Chloride <= 62.418 & HCO3 <= 5.484) & Bilirubin_total <= 9.945)
",6174306217535807.000,5.484,0.000,0.000,1.000,2,0,0,12,14,0,2,12,0.14285714285714285,0.0,0.0,1.0,0.14285714285714285,0.8571428571428572,-1
"((Potassium <= 2.935) U[1,2] (PTT <= 9.710))
",-9999999.000,-9999999.000,0.000,0.000,1.000,2,0,0,12,14,0,2,12,0.14285714285714285,0.0,0.0,1.0,0.14285714285714285,0.8571428571428572,-1
"((Hct <= 8.920) U[0,0] (Hgb <= 7.079))
",68.996,8.885,0.000,0.000,1.000,2,0,0,12,14,0,2,12,0.14285714285714285,0.0,0.0,1.0,0.14285714285714285,0.8571428571428572,-1
"F[0,0](((O2Sat <= 82.456 & WBC >= 0.433) -> Platelets <= 5.244) | Lactate >= 0.267)
",0.269,8.304,0.000,0.000,1.000,2,0,0,12,14,0,2,12,0.14285714285714285,0.0,0.0,1.0,0.14285714285714285,0.8571428571428572,-1
"((Hgb <= 7.338) U[1,2] (HR <= 72.918))
",-9999999.000,-9999999.000,0.000,0.000,1.000,2,0,0,12,14,0,2,12,0.14285714285714285,0.0,0.0,1.0,0.14285714285714285,0.8571428571428572,-1
"F[0,0](Hgb <= 1.445 | Hct <= 33.240)
",257.858,33.204,0.000,0.000,1.000,2,0,0,12,14,0,2,12,0.14285714285714285,0.0,0.0,1.0,0.14285714285714285,0.8571428571428572,-1
"((HCO3 >= 0.936) U[0,0] (Hct <= 16.437))
",127.365,16.401,0.000,0.000,1.000,2,0,0,12,14,0,2,12,0.14285714285714285,0.0,0.0,1.0,0.14285714285714285,0.8571428571428572,-1
"F[0,0]((Lactate <= 0.000 | WBC >= 0.178) & Hgb <= 5.889)
",-0.277,-2.144,0.000,0.000,1.000,2,0,0,12,14,0,2,12,0.14285714285714285,0.0,0.0,1.0,0.14285714285714285,0.8571428571428572,-1
"((Glucose <= 106.453) U[1,2] (Resp >= 9.461))
",-9999999.000,-9999999.000,0.000,0.000,1.000,1,0,0,13,14,0,1,13,0.07142857142857142,0.0,0.0,1.0,0.07142857142857142,0.9285714285714286,-1
"((MAP >= 51.226) U[1,2] (SBP <= 105.066))
",-9999999.000,-9999999.000,0.000,0.000,1.000,1,0,0,13,14,0,1,13,0.07142857142857142,0.0,0.0,1.0,0.07142857142857142,0.9285714285714286,-1
"F[0,0](HCO3 >= 0.827 -> PTT >= 0.641)
",-0.084,-0.280,0.000,0.000,1.000,1,0,0,13,14,0,1,13,0.07142857142857142,0.0,0.0,1.0,0.07142857142857142,0.9285714285714286,-1
"F[0,0]((Phosphate >= 0.000 & Magnesium > 0.035) -> Calcium < 0.000)
",0.000,0.000,0.000,0.000,1.000,1,0,0,13,14,0,1,13,0.07142857142857142,0.0,0.0,1.0,0.07142857142857142,0.9285714285714286,-1
"((MAP >= 27.903) U[0,1] (SBP <= 108.442))
",-9999999.000,-9999999.000,0.000,0.000,1.000,1,0,0,13,14,0,1,13,0.07142857142857142,0.0,0.0,1.0,0.07142857142857142,0.9285714285714286,-1
"((MAP >= 35.842) U[0,1] (SBP <= 107.319))
",-9999999.000,-9999999.000,0.000,0.000,1.000,1,0,0,13,14,0,1,13,0.07142857142857142,0.0,0.0,1.0,0.07142857142857142,0.9285714285714286,-1
"((Glucose <= 88.751) U[0,0] (HR >= 32.497))
",3984083595526674.500,3623.503,0.000,0.000,1.000,1,0,0,13,14,0,1,13,0.07142857142857142,0.0,0.0,1.0,0.07142857142857142,0.9285714285714286,-1
"F[0,1](SBP < 104.939 & SepsisLabel = 0.000)
",-9999999.000,-9999999.000,0.000,0.000,1.000,1,0,0,13,14,0,1,13,0.07142857142857142,0.0,0.0,1.0,0.07142857142857142,0.9285714285714286,-1
"((Hgb >= 0.313) U[0,0] (Potassium <= 4.070))
",0.779,6.322,0.000,0.000,1.000,1,0,0,13,14,0,1,13,0.07142857142857142,0.0,0.0,1.0,0.07142857142857142,0.9285714285714286,-1
"((Creatinine <= 0.407) U[1,2] (HR <= 68.827))
",-9999999.000,-9999999.000,0.000,0.000,1.000,1,0,0,13,14,0,1,13,0.07142857142857142,0.0,0.0,1.0,0.07142857142857142,0.9285714285714286,-1
"((SBP >= 21.343) U[1,2] (WBC <= 2.909))
",-9999999.000,-9999999.000,0.000,0.000,1.000,1,0,0,13,14,0,1,13,0.07142857142857142,0.0,0.0,1.0,0.07142857142857142,0.9285714285714286,-1
"((MAP >= 47.708) U[0,0] (SBP <= 110.150))
",8.118,104.876,0.000,0.000,1.000,1,0,0,13,14,0,1,13,0.07142857142857142,0.0,0.0,1.0,0.07142857142857142,0.9285714285714286,-1
"((MAP >= 34.156) U[1,2] (SBP <= 107.540))
",-9999999.000,-9999999.000,0.000,0.000,1.000,1,0,0,13,14,0,1,13,0.07142857142857142,0.0,0.0,1.0,0.07142857142857142,0.9285714285714286,-1
"G[0,0](((Potassium <= 1.801 | WBC <= 3.839) | Phosphate <= 7.493) & MAP <= 9.122)
",-2.191,-72.718,0.000,1.000,0.000,1,0,0,13,14,0,1,13,0.07142857142857142,0.0,0.0,1.0,0.07142857142857142,0.9285714285714286,1
"G[0,1](((Hgb <= 8.337 | Hct <= 4.183) -> WBC >= 0.002) & Platelets >= 0.025)
",9999999.000,9999999.000,0.000,1.000,0.000,0,0,0,14,14,0,0,14,0.0,0.0,0.0,0.0,0.0,1.0,1
"((Creatinine <= 0.645) U[1,2] (Hgb >= 0.831))
",-9999999.000,-9999999.000,0.000,0.000,1.000,0,0,0,14,14,0,0,14,0.0,0.0,0.0,0.0,0.0,1.0,-1
"F[2,2](((O2Sat <= 35.125 & PTT >= 0.226) & Magnesium >= 0.052) & SaO2 >= 0.513)
",-0.513,-0.513,0.000,0.000,1.000,0,0,0,14,14,0,0,14,0.0,0.0,0.0,0.0,0.0,1.0,-1
"F[0,1]((BaseExcess >= 0.000 -> BUN <= 2.493) | HR <= 17.974)
",-9999999.000,-9999999.000,0.000,0.000,1.000,0,0,0,14,14,0,0,14,0.0,0.0,0.0,0.0,0.0,1.0,-1
"F[1,2](SaO2 >= 0.000 | Glucose <= 67.014)
",-9999999.000,-9999999.000,0.000,0.000,1.000,0,0,0,14,14,0,0,14,0.0,0.0,0.0,0.0,0.0,1.0,-1
"F[1,2](((HCO3 <= 19.535 -> DBP >= 0.000) & AST >= 0.000) | MAP >= 0.000)
",-9999999.000,-9999999.000,0.000,0.000,1.000,0,0,0,14,14,0,0,14,0.0,0.0,0.0,0.0,0.0,1.0,-1
"F[0,2](((MAP >= 44.568 & SaO2 <= 0.000) & BUN >= 0.000) | Creatinine >= 0.000)
",-9999999.000,-9999999.000,0.000,0.000,1.000,0,0,0,14,14,0,0,14,0.0,0.0,0.0,0.0,0.0,1.0,-1
"F[2,2](((Hgb >= 0.182 & Bilirubin_direct <= 0.000) & Alkalinephos >= 0.000) | SepsisLabel >= 0.000)
",0.000,0.000,0.000,0.000,1.000,0,0,0,14,14,0,0,14,0.0,0.0,0.0,0.0,0.0,1.0,-1
"F[0,2]((SepsisLabel <= 0.000 -> Bilirubin_direct >= 0.000) | MAP >= 0.000)
",-9999999.000,-9999999.000,0.000,0.000,1.000,0,0,0,14,14,0,0,14,0.0,0.0,0.0,0.0,0.0,1.0,-1
"F[1,1]((EtCO2 >= 0.000 | O2Sat >= 25.260) & PaCO2 <= 43.003)
",0.000,0.000,0.000,0.000,1.000,0,0,0,14,14,0,0,14,0.0,0.0,0.0,0.0,0.0,1.0,-1
"F[0,0]((Calcium <= 0.000 | pH <= 0.000) | Bilirubin_direct <= 0.000)
",0.000,0.000,0.000,0.000,1.000,0,0,0,14,14,0,0,14,0.0,0.0,0.0,0.0,0.0,1.0,-1
"F[2,2](((Platelets >= 4.719 & BaseExcess >= 0.000) | MAP >= 0.000) -> Magnesium <= 0.000)
",0.000,0.000,0.000,0.000,1.000,0,0,0,14,14,0,0,14,0.0,0.0,0.0,0.0,0.0,1.0,-1
"F[2,2](((Magnesium >= 0.049 & Bilirubin_total >= 0.000) -> HR >= 0.000) & SBP >= 0.000)
",0.000,0.000,0.000,0.000,1.000,0,0,0,14,14,0,0,14,0.0,0.0,0.0,0.0,0.0,1.0,-1
"F[2,2]((Potassium >= 0.171 | Platelets >= 3.627) & EtCO2 <= 105.085)
",-0.171,-0.171,0.000,0.000,1.000,0,0,0,14,14,0,0,14,0.0,0.0,0.0,0.0,0.0,1.0,-1
"F[2,2](((Alkalinephos >= 0.000 | AST <= 0.000) | Platelets <= 0.000) -> FiO2 >= 0.000)
",0.000,0.000,0.000,0.000,1.000,0,0,0,14,14,0,0,14,0.0,0.0,0.0,0.0,0.0,1.0,-1
"F[0,2](((Creatinine >= 0.005 -> Hct <= 24.201) -> Creatinine >= 0.294) -> Bilirubin_direct >= 1.227)
",-9999999.000,-9999999.000,0.000,0.000,1.000,0,0,0,14,14,0,0,14,0.0,0.0,0.0,0.0,0.0,1.0,-1
"F[0,2](((SaO2 >= 0.000 | Bilirubin_direct <= 0.000) & O2Sat <= 0.000) | Lactate >= 0.000)
",-9999999.000,-9999999.000,0.000,0.000,1.000,0,0,0,14,14,0,0,14,0.0,0.0,0.0,0.0,0.0,1.0,-1
"F[0,1](((MAP >= 14.734 & BaseExcess <= 0.000) & BUN <= 0.000) -> SBP >= 0.000)
",-9999999.000,-9999999.000,0.000,0.000,1.000,0,0,0,14,14,0,0,14,0.0,0.0,0.0,0.0,0.0,1.0,-1
"F[0,2](((WBC <= 5.575 | O2Sat <= 36.642) | Chloride <= 36.096) | PaCO2 <= 40.561)
",-9999999.000,-9999999.000,0.000,0.000,1.000,0,0,0,14,14,0,0,14,0.0,0.0,0.0,0.0,0.0,1.0,-1
"F[0,0](Hct <= 24.783 -> Bilirubin_direct <= 0.000)
",-192.186,-24.748,0.000,0.000,1.000,0,0,0,14,14,0,0,14,0.0,0.0,0.0,0.0,0.0,1.0,-1
"F[1,2]((SBP >= 70.297 | Fibrinogen <= 0.000) & AST >= 0.000)
",-9999999.000,-9999999.000,0.000,0.000,1.000,0,0,0,14,14,0,0,14,0.0,0.0,0.0,0.0,0.0,1.0,-1
"F[1,2](SaO2 <= 0.000 & Potassium <= 3.396)
",-9999999.000,-9999999.000,0.000,0.000,1.000,0,0,0,14,14,0,0,14,0.0,0.0,0.0,0.0,0.0,1.0,-1
"F[1,2](Alkalinephos >= 0.000 | Hgb >= 0.454)
",-9999999.000,-9999999.000,0.000,0.000,1.000,0,0,0,14,14,0,0,14,0.0,0.0,0.0,0.0,0.0,1.0,-1
"F[0,2]((HR <= 62.670 | Chloride >= 1.468) | SaO2 <= 53.640)
",-9999999.000,-9999999.000,0.000,0.000,1.000,0,0,0,14,14,0,0,14,0.0,0.0,0.0,0.0,0.0,1.0,-1
"F[0,0](Temp >= 5.336 -> BaseExcess >= 0.000)
",-0.522,-19.642,0.000,0.000,1.000,0,0,0,14,14,0,0,14,0.0,0.0,0.0,0.0,0.0,1.0,-1
"F[2,2](((HCO3 <= 19.668 | SBP <= 93.173) & Phosphate <= 90.190) & DBP >= 34.655)
",-34.655,-34.655,0.000,0.000,1.000,0,0,0,14,14,0,0,14,0.0,0.0,0.0,0.0,0.0,1.0,-1
"F[1,2]((HR >= 9.093 | Calcium <= 0.000) & Magnesium >= 0.000)
",-9999999.000,-9999999.000,0.000,0.000,1.000,0,0,0,14,14,0,0,14,0.0,0.0,0.0,0.0,0.0,1.0,-1
"((FiO2 >= 0.000) U[1,2] (Fibrinogen >= 0.000))
",-9999999.000,-9999999.000,0.000,0.000,1.000,0,0,0,14,14,0,0,14,0.0,0.0,0.0,0.0,0.0,1.0,-1
"F[1,2](Temp >= 4.480 -> O2Sat <= 50.724)
",-9999999.000,-9999999.000,0.000,0.000,1.000,0,0,0,14,14,0,0,14,0.0,0.0,0.0,0.0,0.0,1.0,-1
"F[0,1](((TroponinI >= 0.111 & HR <= 74.390) | Glucose <= 65.463) | SBP >= 28.709)
",-9999999.000,-9999999.000,0.000,0.000,1.000,0,0,0,14,14,0,0,14,0.0,0.0,0.0,0.0,0.0,1.0,-1
"F[0,2](SaO2 <= 0.000 -> FiO2 <= 0.000)
",-9999999.000,-9999999.000,0.000,0.000,1.000,0,0,0,14,14,0,0,14,0.0,0.0,0.0,0.0,0.0,1.0,-1
"F[0,2](((Creatinine >= 0.021 -> Glucose >= 8.018) | MAP <= 105.167) & Fibrinogen >= 4.098)
",-9999999.000,-9999999.000,0.000,0.000,1.000,0,0,0,14,14,0,0,14,0.0,0.0,0.0,0.0,0.0,1.0,-1
"F[0,2](BUN >= 1.196 | WBC >= 0.520)
",-9999999.000,-9999999.000,0.000,0.000,1.000,0,0,0,14,14,0,0,14,0.0,0.0,0.0,0.0,0.0,1.0,-1
"F[1,2]((Creatinine <= 0.331 | HCO3 >= 1.241) | FiO2 >= 1.324)
",-9999999.000,-9999999.000,0.000,0.000,1.000,0,0,0,14,14,0,0,14,0.0,0.0,0.0,0.0,0.0,1.0,-1
"((HCO3 <= 12.612) U[0,1] (Hct <= 2.751))
",-9999999.000,-9999999.000,0.000,0.000,1.000,0,0,0,14,14,0,0,14,0.0,0.0,0.0,0.0,0.0,1.0,-1
"F[0,2](((HCO3 <= 4.205 -> Hgb >= 0.640) -> Calcium >= 0.844) | PaCO2 >= 0.606)
",-9999999.000,-9999999.000,0.000,0.000,1.000,0,0,0,14,14,0,0,14,0.0,0.0,0.0,0.0,0.0,1.0,-1
"F[2,2]((Chloride <= 27.190 & Hct >= 0.609) -> O2Sat <= 20.769)
",-5845969484376562.000,-20.769,0.000,0.000,1.000,0,0,0,14,14,0,0,14,0.0,0.0,0.0,0.0,0.0,1.0,-1
"((DBP <= 0.000) U[1,2] (SepsisLabel = 0.000))
",-9999999.000,-9999999.000,0.000,0.000,1.000,0,0,0,14,14,0,0,14,0.0,0.0,0.0,0.0,0.0,1.0,-1
"F[0,2]((BUN <= 12.892 | Hct <= 10.084) | WBC >= 0.009)
",-9999999.000,-9999999.000,0.000,0.000,1.000,0,0,0,14,14,0,0,14,0.0,0.0,0.0,0.0,0.0,1.0,-1
"((Bilirubin_total <= 0.000) U[1,2] (SepsisLabel = 0.000))
",-9999999.000,-9999999.000,0.000,0.000,1.000,0,0,0,14,14,0,0,14,0.0,0.0,0.0,0.0,0.0,1.0,-1
"F[1,2](Chloride > 3.349 -> SepsisLabel = 0.000)
",-9999999.000,-9999999.000,0.000,0.000,1.000,0,0,0,14,14,0,0,14,0.0,0.0,0.0,0.0,0.0,1.0,-1
"F[1,1](Hgb <= 1.299 & SepsisLabel = 0.000)
",0.000,0.000,0.000,0.000,1.000,0,0,0,14,14,0,0,14,0.0,0.0,0.0,0.0,0.0,1.0,-1
"F[0,2](Temp <= 8.478 & SepsisLabel = 0.000)
",-9999999.000,-9999999.000,0.000,0.000,1.000,0,0,0,14,14,0,0,14,0.0,0.0,0.0,0.0,0.0,1.0,-1
"F[0,2](WBC < 4.247 -> SepsisLabel = 0.000)
",-9999999.000,-9999999.000,0.000,0.000,1.000,0,0,0,14,14,0,0,14,0.0,0.0,0.0,0.0,0.0,1.0,-1
"F[0,1](Chloride > 2.195 -> SepsisLabel = 0.000)
",-9999999.000,-9999999.000,0.000,0.000,1.000,0,0,0,14,14,0,0,14,0.0,0.0,0.0,0.0,0.0,1.0,-1
"((Alkalinephos >= 0.000) U[0,2] (SepsisLabel = 0.000))
",-9999999.000,-9999999.000,0.000,0.000,1.000,0,0,0,14,14,0,0,14,0.0,0.0,0.0,0.0,0.0,1.0,-1
"F[1,2](FiO2 >= 0.000 & SepsisLabel = 0.000)
",-9999999.000,-9999999.000,0.000,0.000,1.000,0,0,0,14,14,0,0,14,0.0,0.0,0.0,0.0,0.0,1.0,-1
"((O2Sat < 51.034) U[0,1] (SepsisLabel = 0.000))
",-9999999.000,-9999999.000,0.000,0.000,1.000,0,0,0,14,14,0,0,14,0.0,0.0,0.0,0.0,0.0,1.0,-1
"((Bilirubin_total <= 0.000) U[0,0] (SepsisLabel = 0.000))
",-0.277,-0.264,0.000,0.000,1.000,0,0,0,14,14,0,0,14,0.0,0.0,0.0,0.0,0.0,1.0,-1
"((AST > 0.000) U[2,2] (SepsisLabel = 0.000))
",0.000,0.000,0.000,0.000,1.000,0,0,0,14,14,0,0,14,0.0,0.0,0.0,0.0,0.0,1.0,-1
"((Magnesium > 0.029) U[2,2] (SepsisLabel = 0.000))
",0.000,0.000,0.000,0.000,1.000,0,0,0,14,14,0,0,14,0.0,0.0,0.0,0.0,0.0,1.0,-1
"F[0,1](Fibrinogen <= 0.000 & SepsisLabel = 0.000)
",-9999999.000,-9999999.000,0.000,0.000,1.000,0,0,0,14,14,0,0,14,0.0,0.0,0.0,0.0,0.0,1.0,-1
"((Calcium > 0.000) U[0,1] (SepsisLabel = 0.000))
",-9999999.000,-9999999.000,0.000,0.000,1.000,0,0,0,14,14,0,0,14,0.0,0.0,0.0,0.0,0.0,1.0,-1
"F[1,2](DBP >= 0.000 & SepsisLabel = 0.000)
",-9999999.000,-9999999.000,0.000,0.000,1.000,0,0,0,14,14,0,0,14,0.0,0.0,0.0,0.0,0.0,1.0,-1
"F[0,1](pH < 0.000 -> SepsisLabel = 0.000)
",-9999999.000,-9999999.000,0.000,0.000,1.000,0,0,0,14,14,0,0,14,0.0,0.0,0.0,0.0,0.0,1.0,-1
"F[1,2](((DBP >= 0.000 | Platelets <= 37.089) | Hct >= 10.678) | Bilirubin_direct <= 28.395)
",-9999999.000,-9999999.000,0.000,0.000,1.000,0,0,0,14,14,0,0,14,0.0,0.0,0.0,0.0,0.0,1.0,-1
"((Phosphate >= 0.000) U[2,2] (HR <= 78.111))
",5496599674313766.000,78.111,0.000,0.000,1.000,0,0,0,14,14,0,0,14,0.0,0.0,0.0,0.0,0.0,1.0,-1
"F[0,2](((Magnesium <= 0.368 -> FiO2 >= 0.000) & BUN <= 0.000) | SBP >= 0.000)
",-9999999.000,-9999999.000,0.000,0.000,1.000,0,0,0,14,14,0,0,14,0.0,0.0,0.0,0.0,0.0,1.0,-1
"F[1,2](((Hct >= 1.972 | Bilirubin_total >= 0.000) -> Chloride >= 0.000) -> BaseExcess <= 0.000)
",-9999999.000,-9999999.000,0.000,0.000,1.000,0,0,0,14,14,0,0,14,0.0,0.0,0.0,0.0,0.0,1.0,-1
"F[0,2]((Bilirubin_direct <= 0.000 | Temp >= 0.459) -> Platelets <= 14.191)
",-9999999.000,-9999999.000,0.000,0.000,1.000,0,0,0,14,14,0,0,14,0.0,0.0,0.0,0.0,0.0,1.0,-1
"F[0,2]((HR >= 21.716 -> Lactate <= 0.000) & pH >= 0.000)
",-9999999.000,-9999999.000,0.000,0.000,1.000,0,0,0,14,14,0,0,14,0.0,0.0,0.0,0.0,0.0,1.0,-1
"F[0,0](AST >= 0.000 | Fibrinogen >= 0.000)
",0.277,0.614,0.000,0.000,1.000,0,0,0,14,14,0,0,14,0.0,0.0,0.0,0.0,0.0,1.0,-1
"((Glucose >= 3.725) U[1,2] (WBC >= 0.626))
",-9999999.000,-9999999.000,0.000,0.000,1.000,0,0,0,14,14,0,0,14,0.0,0.0,0.0,0.0,0.0,1.0,-1
"F[0,2](Alkalinephos <= 0.000 -> Bilirubin_direct <= 0.000)
",-9999999.000,-9999999.000,0.000,0.000,1.000,0,0,0,14,14,0,0,14,0.0,0.0,0.0,0.0,0.0,1.0,-1
"F[2,2]((SBP >= 31.141 -> Fibrinogen <= 0.000) | pH >= 0.000)
",0.000,0.000,0.000,0.000,1.000,0,0,0,14,14,0,0,14,0.0,0.0,0.0,0.0,0.0,1.0,-1
"((Bilirubin_direct >= 0.000) U[1,2] (Magnesium >= 0.060))
",-9999999.000,-9999999.000,0.000,0.000,1.000,0,0,0,14,14,0,0,14,0.0,0.0,0.0,0.0,0.0,1.0,-1
"F[1,1](((O2Sat >= 17.087 | Alkalinephos <= 0.000) -> AST <= 0.000) -> Bilirubin_total >= 0.000)
",0.000,0.000,0.000,0.000,1.000,0,0,0,14,14,0,0,14,0.0,0.0,0.0,0.0,0.0,1.0,-1
"F[2,2](Alkalinephos >= 0.000 | PaCO2 >= 0.000)
",0.000,0.000,0.000,0.000,1.000,0,0,0,14,14,0,0,14,0.0,0.0,0.0,0.0,0.0,1.0,-1
"F[0,1](Hgb <= 1.470 | Hct <= 5.369)
",-9999999.000,-9999999.000,0.000,0.000,1.000,0,0,0,14,14,0,0,14,0.0,0.0,0.0,0.0,0.0,1.0,-1
"F[0,1](((Hct >= 1.981 -> SBP <= 91.750) -> Bilirubin_direct <= 88.769) & Temp <= 111.784)
",-9999999.000,-9999999.000,0.000,0.000,1.000,0,0,0,14,14,0,0,14,0.0,0.0,0.0,0.0,0.0,1.0,-1
"F[0,0]((TroponinI <= 5.842 -> SaO2 <= 0.000) & Platelets >= 0.000)
",-6577047638924758.000,-5.842,0.000,0.000,1.000,0,0,0,14,14,0,0,14,0.0,0.0,0.0,0.0,0.0,1.0,-1
"F[1,2](Hct <= 15.166 -> pH <= 0.000)
",-9999999.000,-9999999.000,0.000,0.000,1.000,0,0,0,14,14,0,0,14,0.0,0.0,0.0,0.0,0.0,1.0,-1
"((Glucose >= 5.062) U[2,2] (SepsisLabel >= 0.000))
",0.000,0.000,0.000,0.000,1.000,0,0,0,14,14,0,0,14,0.0,0.0,0.0,0.0,0.0,1.0,-1
"F[1,2](((O2Sat >= 11.659 & TroponinI >= 0.238) | Chloride <= 0.642) & Lactate >= 0.086)
",-9999999.000,-9999999.000,0.000,0.000,1.000,0,0,0,14,14,0,0,14,0.0,0.0,0.0,0.0,0.0,1.0,-1
"F[0,1]((Bilirubin_total <= 0.000 | PaCO2 <= 0.000) & Lactate <= 0.000)
",-9999999.000,-9999999.000,0.000,0.000,1.000,0,0,0,14,14,0,0,14,0.0,0.0,0.0,0.0,0.0,1.0,-1
"F[2,2]((Chloride <= 70.131 -> MAP <= 60.367) -> SaO2 <= 66.373)
",-4670606090109054.000,-66.373,0.000,0.000,1.000,0,0,0,14,14,0,0,14,0.0,0.0,0.0,0.0,0.0,1.0,-1
"F[1,2](BaseExcess <= 0.000 -> Fibrinogen <= 0.000)
",-9999999.000,-9999999.000,0.000,0.000,1.000,0,0,0,14,14,0,0,14,0.0,0.0,0.0,0.0,0.0,1.0,-1
"F[0,1](((TroponinI >= 0.002 -> BaseExcess >= 0.000) -> AST <= 0.000) | BaseExcess <= 0.000)
",-9999999.000,-9999999.000,0.000,0.000,1.000,0,0,0,14,14,0,0,14,0.0,0.0,0.0,0.0,0.0,1.0,-1
"F[0,1](FiO2 >= 0.000 -> Lactate <= 0.000)
",-9999999.000,-9999999.000,0.000,0.000,1.000,0,0,0,14,14,0,0,14,0.0,0.0,0.0,0.0,0.0,1.0,-1
"((Phosphate <= 0.000) U[0,2] (Bilirubin_total >= 0.000))
",-9999999.000,-9999999.000,0.000,0.000,1.000,0,0,0,14,14,0,0,14,0.0,0.0,0.0,0.0,0.0,1.0,-1
"F[0,2]((DBP <= 0.000 & Hgb >= 0.498) & DBP <= 5.910)
",-9999999.000,-9999999.000,0.000,0.000,1.000,0,0,0,14,14,0,0,14,0.0,0.0,0.0,0.0,0.0,1.0,-1
"((pH <= 0.000) U[0,2] (Chloride <= 27.412))
",-9999999.000,-9999999.000,0.000,0.000,1.000,0,0,0,14,14,0,0,14,0.0,0.0,0.0,0.0,0.0,1.0,-1
"((Temp <= 16.623) U[0,2] (Resp <= 19.779))
",-9999999.000,-9999999.000,0.000,0.000,1.000,0,0,0,14,14,0,0,14,0.0,0.0,0.0,0.0,0.0,1.0,-1
"F[1,2](((O2Sat <= 59.665 & PTT <= 12.928) & Resp <= 16.059) | Calcium >= 0.050)
",-9999999.000,-9999999.000,0.000,0.000,1.000,0,0,0,14,14,0,0,14,0.0,0.0,0.0,0.0,0.0,1.0,-1
"F[1,2]((Hct >= 2.035 | DBP <= 0.000) | MAP >= 0.000)
",-9999999.000,-9999999.000,0.000,0.000,1.000,0,0,0,14,14,0,0,14,0.0,0.0,0.0,0.0,0.0,1.0,-1
"F[0,2]((SBP <= 94.899 -> SBP <= 109.973) | Glucose >= 12.663)
",-9999999.000,-9999999.000,0.000,0.000,1.000,0,0,0,14,14,0,0,14,0.0,0.0,0.0,0.0,0.0,1.0,-1
"F[1,2](((SaO2 <= 0.000 -> PTT <= 24.821) & Hgb <= 16.692) | DBP <= 17.801)
",-9999999.000,-9999999.000,0.000,0.000,1.000,0,0,0,14,14,0,0,14,0.0,0.0,0.0,0.0,0.0,1.0,-1
"F[0,2](((Alkalinephos <= 0.000 | SepsisLabel <= 0.000) | Creatinine >= 0.000) & Lactate <= 0.000)
",-9999999.000,-9999999.000,0.000,0.000,1.000,0,0,0,14,14,0,0,14,0.0,0.0,0.0,0.0,0.0,1.0,-1
"F[0,1]((HCO3 <= 5.201 | pH <= 0.000) & Fibrinogen <= 0.000)
",-9999999.000,-9999999.000,0.000,0.000,1.000,0,0,0,14,14,0,0,14,0.0,0.0,0.0,0.0,0.0,1.0,-1
"F[0,0](DBP <= 0.000 | Alkalinephos <= 0.000)
",-0.277,-1.357,0.000,0.000,1.000,0,0,0,14,14,0,0,14,0.0,0.0,0.0,0.0,0.0,1.0,-1
"F[0,1](BaseExcess >= 0.000 | DBP <= 0.000)
",-9999999.000,-9999999.000,0.000,0.000,1.000,0,0,0,14,14,0,0,14,0.0,0.0,0.0,0.0,0.0,1.0,-1
"((BaseExcess >= 0.000) U[2,2] (SepsisLabel >= 0.000))
",0.000,0.000,0.000,0.000,1.000,0,0,0,14,14,0,0,14,0.0,0.0,0.0,0.0,0.0,1.0,-1
"((DBP <= 0.000) U[1,2] (Glucose <= 92.286))
",-9999999.000,-9999999.000,0.000,0.000,1.000,0,0,0,14,14,0,0,14,0.0,0.0,0.0,0.0,0.0,1.0,-1
"F[0,1](Magnesium <= 0.338 & BaseExcess >= 0.000)
",-9999999.000,-9999999.000,0.000,0.000,1.000,0,0,0,14,14,0,0,14,0.0,0.0,0.0,0.0,0.0,1.0,-1
"F[1,1](PTT >= 0.276 | SepsisLabel >= 0.000)
",0.000,0.000,0.000,0.000,1.000,0,0,0,14,14,0,0,14,0.0,0.0,0.0,0.0,0.0,1.0,-1
"F[0,1](Lactate >= 0.000 | MAP >= 12.930)
",-9999999.000,-9999999.000,0.000,0.000,1.000,0,0,0,14,14,0,0,14,0.0,0.0,0.0,0.0,0.0,1.0,-1
"F[1,2](Chloride <= 20.007 & EtCO2 >= 0.000)
",-9999999.000,-9999999.000,0.000,0.000,1.000,0,0,0,14,14,0,0,14,0.0,0.0,0.0,0.0,0.0,1.0,-1
"F[0,1](Phosphate >= 0.000 | TroponinI >= 0.031)
",-9999999.000,-9999999.000,0.000,0.000,1.000,0,0,0,14,14,0,0,14,0.0,0.0,0.0,0.0,0.0,1.0,-1
"((AST >= 0.000) U[1,1] (TroponinI <= 1.283))
",1.283,1.283,0.000,0.000,1.000,0,0,0,14,14,0,0,14,0.0,0.0,0.0,0.0,0.0,1.0,-1
"F[1,2](((SaO2 >= 0.000 | Hgb <= 2.412) -> HR <= 9.096) | SepsisLabel >= 0.111)
",-9999999.000,-9999999.000,0.000,0.000,1.000,0,0,0,14,14,0,0,14,0.0,0.0,0.0,0.0,0.0,1.0,-1
"F[2,2](EtCO2 <= 0.000 -> FiO2 >= 0.000)
",0.000,0.000,0.000,0.000,1.000,0,0,0,14,14,0,0,14,0.0,0.0,0.0,0.0,0.0,1.0,-1
"((TroponinI <= 0.899) U[0,1] (HCO3 <= 18.140))
",-9999999.000,-9999999.000,0.000,0.000,1.000,0,0,0,14,14,0,0,14,0.0,0.0,0.0,0.0,0.0,1.0,-1
"F[2,2]((Creatinine >= 0.037 | EtCO2 <= 0.000) | Phosphate >= 0.000)
",0.000,0.000,0.000,0.000,1.000,0,0,0,14,14,0,0,14,0.0,0.0,0.0,0.0,0.0,1.0,-1
"((DBP >= 0.000) U[1,2] (Hct >= 1.818))
",-9999999.000,-9999999.000,0.000,0.000,1.000,0,0,0,14,14,0,0,14,0.0,0.0,0.0,0.0,0.0,1.0,-1
"F[0,1](PTT >= 0.614 -> FiO2 >= 0.000)
",-9999999.000,-9999999.000,0.000,0.000,1.000,0,0,0,14,14,0,0,14,0.0,0.0,0.0,0.0,0.0,1.0,-1
"F[0,1](SaO2 <= 0.000 | Bilirubin_direct <= 0.000)
",-9999999.000,-9999999.000,0.000,0.000,1.000,0,0,0,14,14,0,0,14,0.0,0.0,0.0,0.0,0.0,1.0,-1
"((Resp >= 2.234) U[0,2] (O2Sat >= 6.952))
",-9999999.000,-9999999.000,0.000,0.000,1.000,0,0,0,14,14,0,0,14,0.0,0.0,0.0,0.0,0.0,1.0,-1
"F[0,2](((DBP <= 0.000 | Potassium <= 0.790) | DBP <= 0.295) -> WBC >= 0.253)
",-9999999.000,-9999999.000,0.000,0.000,1.000,0,0,0,14,14,0,0,14,0.0,0.0,0.0,0.0,0.0,1.0,-1
"((Glucose <= 63.269) U[2,2] (SaO2 >= 0.000))
",8904338122957905.000,63.269,0.000,0.000,1.000,0,0,0,14,14,0,0,14,0.0,0.0,0.0,0.0,0.0,1.0,-1
"F[1,1](((SBP >= 10.639 -> BaseExcess <= 0.000) & HR <= 0.000) -> EtCO2 <= 0.000)
",0.000,0.000,0.000,0.000,1.000,0,0,0,14,14,0,0,14,0.0,0.0,0.0,0.0,0.0,1.0,-1
"F[1,2](AST >= 0.000 -> Lactate >= 0.000)
",-9999999.000,-9999999.000,0.000,0.000,1.000,0,0,0,14,14,0,0,14,0.0,0.0,0.0,0.0,0.0,1.0,-1
"F[1,2](((WBC <= 2.837 & PaCO2 >= 0.000) | SepsisLabel <= 0.000) -> PaCO2 >= 0.000)
",-9999999.000,-9999999.000,0.000,0.000,1.000,0,0,0,14,14,0,0,14,0.0,0.0,0.0,0.0,0.0,1.0,-1
"F[0,0]((BaseExcess <= 0.000 -> Calcium <= 0.000) -> pH >= 0.000)
",0.000,0.000,0.000,0.000,1.000,0,0,0,14,14,0,0,14,0.0,0.0,0.0,0.0,0.0,1.0,-1
"F[2,2](SaO2 >= 0.000 | Glucose >= 1.001)
",0.000,0.000,0.000,0.000,1.000,0,0,0,14,14,0,0,14,0.0,0.0,0.0,0.0,0.0,1.0,-1
"F[0,0]((Platelets >= 8.934 | Potassium >= 0.175) -> Bilirubin_direct <= 4.015)
",-21.992,-3.965,0.000,0.000,1.000,0,0,0,14,14,0,0,14,0.0,0.0,0.0,0.0,0.0,1.0,-1
"F[0,0](((Hgb >= 0.288 & Platelets <= 52.898) -> O2Sat <= 96.907) -> pH <= 36.100)
",-5080585673087706.000,-36.100,0.000,0.000,1.000,0,0,0,14,14,0,0,14,0.0,0.0,0.0,0.0,0.0,1.0,-1
"F[1,2]((Glucose <= 13.137 -> Hgb >= 0.405) -> WBC <= 3.634)
",-9999999.000,-9999999.000,0.000,0.000,1.000,0,0,0,14,14,0,0,14,0.0,0.0,0.0,0.0,0.0,1.0,-1
"F[0,1](((MAP >= 49.621 | O2Sat >= 17.616) | PTT <= 91.722) | Alkalinephos <= 84.885)
",-9999999.000,-9999999.000,0.000,0.000,1.000,0,0,0,14,14,0,0,14,0.0,0.0,0.0,0.0,0.0,1.0,-1
"F[0,2](((Glucose >= 0.353 & O2Sat >= 28.673) -> SepsisLabel >= 28.729) -> Platelets >= 6.777)
",-9999999.000,-9999999.000,0.000,0.000,1.000,0,0,0,14,14,0,0,14,0.0,0.0,0.0,0.0,0.0,1.0,-1
"F[1,2]((MAP <= 73.716 & Temp <= 25.255) & HR <= 25.457)
",-9999999.000,-9999999.000,0.000,0.000,1.000,0,0,0,14,14,0,0,14,0.0,0.0,0.0,0.0,0.0,1.0,-1
"F[0,2](((Magnesium >= 0.009 -> WBC <= 1.270) -> Calcium >= 0.463) | Resp >= 0.122)
",-9999999.000,-9999999.000,0.000,0.000,1.000,0,0,0,14,14,0,0,14,0.0,0.0,0.0,0.0,0.0,1.0,-1
"F[0,1]((Magnesium >= 0.023 & Temp <= 35.098) -> HR >= 0.903)
",-9999999.000,-9999999.000,0.000,0.000,1.000,0,0,0,14,14,0,0,14,0.0,0.0,0.0,0.0,0.0,1.0,-1
"F[1,2](HR >= 57.872 | WBC <= 8.437)
",-9999999.000,-9999999.000,0.000,0.000,1.000,0,0,0,14,14,0,0,14,0.0,0.0,0.0,0.0,0.0,1.0,-1
"F[1,2](((HCO3 >= 0.841 | HR >= 35.057) -> Resp <= 71.981) | Fibrinogen >= 6.173)
",-9999999.000,-9999999.000,0.000,0.000,1.000,0,0,0,14,14,0,0,14,0.0,0.0,0.0,0.0,0.0,1.0,-1
"F[0,2](((Magnesium >= 0.010 -> Hgb >= 0.398) & Bilirubin_direct <= 1.581) & Bilirubin_direct >= 0.086)
",-9999999.000,-9999999.000,0.000,0.000,1.000,0,0,0,14,14,0,0,14,0.0,0.0,0.0,0.0,0.0,1.0,-1
"F[0,1](((Resp <= 23.608 & BaseExcess >= 0.000) | Creatinine >= 0.000) | PTT >= 0.000)
",-9999999.000,-9999999.000,0.000,0.000,1.000,0,0,0,14,14,0,0,14,0.0,0.0,0.0,0.0,0.0,1.0,-1
"((SepsisLabel >= 0.000) U[1,2] (Potassium >= 0.134))
",-9999999.000,-9999999.000,0.000,0.000,1.000,0,0,0,14,14,0,0,14,0.0,0.0,0.0,0.0,0.0,1.0,-1
"F[0,2]((Resp >= 10.213 & Chloride >= 3.688) -> BUN >= 1.065)
",-9999999.000,-9999999.000,0.000,0.000,1.000,0,0,0,14,14,0,0,14,0.0,0.0,0.0,0.0,0.0,1.0,-1
"F[0,1](((Calcium >= 0.000 | FiO2 >= 0.000) -> AST <= 0.000) -> Hgb >= 0.000)
",-9999999.000,-9999999.000,0.000,0.000,1.000,0,0,0,14,14,0,0,14,0.0,0.0,0.0,0.0,0.0,1.0,-1
"F[0,2](Resp <= 18.315 | pH >= 0.000)
",-9999999.000,-9999999.000,0.000,0.000,1.000,0,0,0,14,14,0,0,14,0.0,0.0,0.0,0.0,0.0,1.0,-1
"F[0,2](AST >= 0.000 -> Fibrinogen >= 0.000)
",-9999999.000,-9999999.000,0.000,0.000,1.000,0,0,0,14,14,0,0,14,0.0,0.0,0.0,0.0,0.0,1.0,-1
"F[0,2](Chloride >= 5.655 -> Temp >= 4.371)
",-9999999.000,-9999999.000,0.000,0.000,1.000,0,0,0,14,14,0,0,14,0.0,0.0,0.0,0.0,0.0,1.0,-1
"F[0,1]((PaCO2 <= 0.000 | EtCO2 >= 0.000) -> SepsisLabel >= 0.000)
",-9999999.000,-9999999.000,0.000,0.000,1.000,0,0,0,14,14,0,0,14,0.0,0.0,0.0,0.0,0.0,1.0,-1
"F[0,1]((BUN >= 0.633 | Calcium >= 0.000) | Calcium >= 0.000)
",-9999999.000,-9999999.000,0.000,0.000,1.000,0,0,0,14,14,0,0,14,0.0,0.0,0.0,0.0,0.0,1.0,-1
"F[2,2](((MAP >= 38.980 & pH >= 0.000) -> Bilirubin_total <= 0.000) & Chloride <= 0.000)
",0.000,0.000,0.000,0.000,1.000,0,0,0,14,14,0,0,14,0.0,0.0,0.0,0.0,0.0,1.0,-1
"F[1,2](((HR >= 54.958 & SBP >= 81.845) | Chloride <= 106.561) & SaO2 <= 88.192)
",-9999999.000,-9999999.000,0.000,0.000,1.000,0,0,0,14,14,0,0,14,0.0,0.0,0.0,0.0,0.0,1.0,-1
"F[1,1]((BUN <= 6.567 | HR <= 81.585) -> DBP <= 70.493)
",-81.585,-81.585,0.000,0.000,1.000,0,0,0,14,14,0,0,14,0.0,0.0,0.0,0.0,0.0,1.0,-1
"F[2,2](Bilirubin_total <= 0.000 & Platelets >= 5.012)
",-5643219162292063.000,-5.012,0.000,0.000,1.000,0,0,0,14,14,0,0,14,0.0,0.0,0.0,0.0,0.0,1.0,-1
"F[0,1](DBP >= 0.000 -> EtCO2 >= 0.000)
",-9999999.000,-9999999.000,0.000,0.000,1.000,0,0,0,14,14,0,0,14,0.0,0.0,0.0,0.0,0.0,1.0,-1
"F[1,2](((Chloride <= 19.536 & TroponinI <= 1.891) | MAP <= 0.587) -> AST <= 1.156)
",-9999999.000,-9999999.000,0.000,0.000,1.000,0,0,0,14,14,0,0,14,0.0,0.0,0.0,0.0,0.0,1.0,-1
"F[0,1](((TroponinI >= 0.182 & HCO3 <= 13.078) -> Temp <= 15.841) & Lactate <= 28.540)
",-9999999.000,-9999999.000,0.000,0.000,1.000,0,0,0,14,14,0,0,14,0.0,0.0,0.0,0.0,0.0,1.0,-1
"((FiO2 >= 0.000) U[1,2] (Resp <= 22.569))
",-9999999.000,-9999999.000,0.000,0.000,1.000,0,0,0,14,14,0,0,14,0.0,0.0,0.0,0.0,0.0,1.0,-1
"F[0,1](Resp >= 2.486 | Temp <= 14.974)
",-9999999.000,-9999999.000,0.000,0.000,1.000,0,0,0,14,14,0,0,14,0.0,0.0,0.0,0.0,0.0,1.0,-1
"F[1,2](Hct >= 2.239 | O2Sat <= 39.221)
",-9999999.000,-9999999.000,0.000,0.000,1.000,0,0,0,14,14,0,0,14,0.0,0.0,0.0,0.0,0.0,1.0,-1
"F[0,0](Glucose >= 1.492 | PTT <= 12.108)
",3.367,11.187,0.000,0.000,1.000,0,0,0,14,14,0,0,14,0.0,0.0,0.0,0.0,0.0,1.0,-1
"((Resp <= 17.750) U[2,2] (WBC <= 5.576))
",2498111800847015.000,17.750,0.000,0.000,1.000,0,0,0,14,14,0,0,14,0.0,0.0,0.0,0.0,0.0,1.0,-1
"F[1,2](((Magnesium >= 0.032 -> Potassium >= 0.143) -> HCO3 <= 3.852) | Temp >= 0.144)
",-9999999.000,-9999999.000,0.000,0.000,1.000,0,0,0,14,14,0,0,14,0.0,0.0,0.0,0.0,0.0,1.0,-1
"F[0,2](HR >= 23.560 & Magnesium >= 0.053)
",-9999999.000,-9999999.000,0.000,0.000,1.000,0,0,0,14,14,0,0,14,0.0,0.0,0.0,0.0,0.0,1.0,-1
"F[0,2](Platelets <= 95.267 | SBP >= 4.490)
",-9999999.000,-9999999.000,0.000,0.000,1.000,0,0,0,14,14,0,0,14,0.0,0.0,0.0,0.0,0.0,1.0,-1
"F[1,1]((Chloride >= 2.796 -> SBP <= 91.268) -> SaO2 <= 98.065)
",-6900728414509814.000,-98.065,0.000,0.000,1.000,0,0,0,14,14,0,0,14,0.0,0.0,0.0,0.0,0.0,1.0,-1
"F[1,2](((HCO3 <= 28.054 | SBP >= 22.693) & Chloride <= 89.074) -> SepsisLabel >= 43.292)
",-9999999.000,-9999999.000,0.000,0.000,1.000,0,0,0,14,14,0,0,14,0.0,0.0,0.0,0.0,0.0,1.0,-1
"F[0,1]((Creatinine >= 0.023 -> MAP >= 46.721) | Temp >= 38.890)
",-9999999.000,-9999999.000,0.000,0.000,1.000,0,0,0,14,14,0,0,14,0.0,0.0,0.0,0.0,0.0,1.0,-1
"((BUN >= 1.239) U[2,2] (MAP >= 32.340))
",-2790806640544359.000,-1.239,0.000,0.000,1.000,0,0,0,14,14,0,0,14,0.0,0.0,0.0,0.0,0.0,1.0,-1
"F[0,1](Hct <= 10.755 -> MAP <= 78.396)
",-9999999.000,-9999999.000,0.000,0.000,1.000,0,0,0,14,14,0,0,14,0.0,0.0,0.0,0.0,0.0,1.0,-1
"F[0,0]((Hgb >= 0.296 & MAP <= 66.973) -> Magnesium <= 61.547)
",-2887307541410716.500,-61.547,0.000,0.000,1.000,0,0,0,14,14,0,0,14,0.0,0.0,0.0,0.0,0.0,1.0,-1
"F[1,2]((Glucose <= 106.459 -> MAP >= 15.698) & Temp >= 24.228)
",-9999999.000,-9999999.000,0.000,0.000,1.000,0,0,0,14,14,0,0,14,0.0,0.0,0.0,0.0,0.0,1.0,-1
"F[2,2]((O2Sat <= 47.802 & PTT >= 0.235) -> DBP <= 22.001)
",-6192630110247329.000,-22.001,0.000,0.000,1.000,0,0,0,14,14,0,0,14,0.0,0.0,0.0,0.0,0.0,1.0,-1
"F[0,2]((Hgb >= 0.715 | Temp >= 1.588) -> MAP <= 22.649)
",-9999999.000,-9999999.000,0.000,0.000,1.000,0,0,0,14,14,0,0,14,0.0,0.0,0.0,0.0,0.0,1.0,-1
"F[0,0](((Potassium <= 1.283 & Temp <= 27.838) -> WBC >= 2.489) -> FiO2 <= 36.660)
",-5.417,-34.874,0.000,0.000,1.000,0,0,0,14,14,0,0,14,0.0,0.0,0.0,0.0,0.0,1.0,-1
"F[1,2](Hct <= 23.595 & Temp >= 5.841)
",-9999999.000,-9999999.000,0.000,0.000,1.000,0,0,0,14,14,0,0,14,0.0,0.0,0.0,0.0,0.0,1.0,-1
"F[0,2](Platelets <= 50.889 -> Temp >= 4.736)
",-9999999.000,-9999999.000,0.000,0.000,1.000,0,0,0,14,14,0,0,14,0.0,0.0,0.0,0.0,0.0,1.0,-1
"F[0,2]((Chloride <= 48.188 & Temp <= 15.607) & PaCO2 >= 0.503)
",-9999999.000,-9999999.000,0.000,0.000,1.000,0,0,0,14,14,0,0,14,0.0,0.0,0.0,0.0,0.0,1.0,-1
"F[1,2]((Creatinine <= 0.377 -> Temp <= 33.490) -> Lactate >= 6.384)
",-9999999.000,-9999999.000,0.000,0.000,1.000,0,0,0,14,14,0,0,14,0.0,0.0,0.0,0.0,0.0,1.0,-1
"F[0,2]((O2Sat >= 16.494 & TroponinI <= 1.951) & PaCO2 <= 1.672)
",-9999999.000,-9999999.000,0.000,0.000,1.000,0,0,0,14,14,0,0,14,0.0,0.0,0.0,0.0,0.0,1.0,-1
"((Hgb >= 0.520) U[1,2] (Magnesium >= 0.015))
",-9999999.000,-9999999.000,0.000,0.000,1.000,0,0,0,14,14,0,0,14,0.0,0.0,0.0,0.0,0.0,1.0,-1
"F[1,2](Hct <= 20.885 & Magnesium <= 1.869)
",-9999999.000,-9999999.000,0.000,0.000,1.000,0,0,0,14,14,0,0,14,0.0,0.0,0.0,0.0,0.0,1.0,-1
"F[1,2](((Magnesium <= 0.213 & Platelets <= 140.963) -> Calcium <= 79.047) | HCO3 >= 5.049)
",-9999999.000,-9999999.000,0.000,0.000,1.000,0,0,0,14,14,0,0,14,0.0,0.0,0.0,0.0,0.0,1.0,-1
"F[1,2](((Chloride >= 6.921 | PTT <= 11.742) | TroponinI >= 0.439) | HR >= 0.203)
",-9999999.000,-9999999.000,0.000,0.000,1.000,0,0,0,14,14,0,0,14,0.0,0.0,0.0,0.0,0.0,1.0,-1
"F[0,2](Creatinine <= 0.490 & Magnesium >= 0.008)
",-9999999.000,-9999999.000,0.000,0.000,1.000,0,0,0,14,14,0,0,14,0.0,0.0,0.0,0.0,0.0,1.0,-1
"F[0,2](Creatinine <= 0.200 -> PTT >= 0.148)
",-9999999.000,-9999999.000,0.000,0.000,1.000,0,0,0,14,14,0,0,14,0.0,0.0,0.0,0.0,0.0,1.0,-1
"F[0,1](PTT >= 0.144 -> Temp >= 2.877)
",-9999999.000,-9999999.000,0.000,0.000,1.000,0,0,0,14,14,0,0,14,0.0,0.0,0.0,0.0,0.0,1.0,-1
"F[0,1]((BUN >= 0.285 -> PTT >= 0.158) & Fibrinogen <= 18.831)
",-9999999.000,-9999999.000,0.000,0.000,1.000,0,0,0,14,14,0,0,14,0.0,0.0,0.0,0.0,0.0,1.0,-1
"F[2,2](((BUN >= 0.676 -> Resp >= 9.050) -> DBP >= 10.539) & BaseExcess >= 8.634)
",-4860610013646162.000,-8.634,0.000,0.000,1.000,0,0,0,14,14,0,0,14,0.0,0.0,0.0,0.0,0.0,1.0,-1
"F[2,2]((Potassium >= 0.037 & Resp <= 18.817) -> FiO2 >= 2.379)
",0.037,0.037,0.000,0.000,1.000,0,0,0,14,14,0,0,14,0.0,0.0,0.0,0.0,0.0,1.0,-1
"F[1,2]((Chloride >= 4.546 -> Potassium >= 0.012) & DBP <= 1.582)
",-9999999.000,-9999999.000,0.000,0.000,1.000,0,0,0,14,14,0,0,14,0.0,0.0,0.0,0.0,0.0,1.0,-1
"F[0,1]((Phosphate >= 0.000 & Magnesium > 0.019) -> Calcium < 0.000)
",-9999999.000,-9999999.000,0.000,0.000,1.000,0,0,0,14,14,0,0,14,0.0,0.0,0.0,0.0,0.0,1.0,-1
"F[1,2]((Phosphate >= 0.000 & Magnesium > 0.040) -> Calcium < 0.000)
",-9999999.000,-9999999.000,0.000,0.000,1.000,0,0,0,14,14,0,0,14,0.0,0.0,0.0,0.0,0.0,1.0,-1
"F[0,2]((Calcium <= 0.000 & Potassium <= 2.142) & Magnesium >= 0.009)
",-9999999.000,-9999999.000,0.000,0.000,1.000,0,0,0,14,14,0,0,14,0.0,0.0,0.0,0.0,0.0,1.0,-1
"F[0,2](((Calcium < 0.000 & Potassium < 3.971) & Magnesium < 0.717) & Phosphate < 0.000)
",-9999999.000,-9999999.000,0.000,0.000,1.000,0,0,0,14,14,0,0,14,0.0,0.0,0.0,0.0,0.0,1.0,-1
"F[2,2]((Phosphate >= 0.000 & Magnesium > 0.022) -> Calcium < 0.000)
",0.000,0.000,0.000,0.000,1.000,0,0,0,14,14,0,0,14,0.0,0.0,0.0,0.0,0.0,1.0,-1
"F[0,2](Hgb <= 7.261 | Hct <= 7.307)
",-9999999.000,-9999999.000,0.000,0.000,1.000,0,0,0,14,14,0,0,14,0.0,0.0,0.0,0.0,0.0,1.0,-1
"F[0,2]((Calcium <= 0.000 & Potassium <= 3.811) & Magnesium >= 0.012)
",-9999999.000,-9999999.000,0.000,0.000,1.000,0,0,0,14,14,0,0,14,0.0,0.0,0.0,0.0,0.0,1.0,-1
"F[1,2](((Calcium < 0.000 & Potassium < 3.938) & Magnesium < 0.972) & Phosphate < 0.000)
",-9999999.000,-9999999.000,0.000,0.000,1.000,0,0,0,14,14,0,0,14,0.0,0.0,0.0,0.0,0.0,1.0,-1
"F[1,2](((Calcium < 0.000 & Potassium < 2.656) & Magnesium < 1.848) & Phosphate < 0.000)
",-9999999.000,-9999999.000,0.000,0.000,1.000,0,0,0,14,14,0,0,14,0.0,0.0,0.0,0.0,0.0,1.0,-1
"F[0,2](((Calcium < 0.000 & Potassium < 0.548) & Magnesium < 0.275) & Phosphate < 0.000)
",-9999999.000,-9999999.000,0.000,0.000,1.000,0,0,0,14,14,0,0,14,0.0,0.0,0.0,0.0,0.0,1.0,-1
"F[1,2]((Phosphate >= 0.000 & Magnesium > 0.064) -> Calcium < 0.000)
",-9999999.000,-9999999.000,0.000,0.000,1.000,0,0,0,14,14,0,0,14,0.0,0.0,0.0,0.0,0.0,1.0,-1
"F[2,2]((Calcium <= 0.000 & Potassium <= 2.036) & Magnesium >= 0.046)
",-3290251222248423.000,-0.046,0.000,0.000,1.000,0,0,0,14,14,0,0,14,0.0,0.0,0.0,0.0,0.0,1.0,-1
"F[0,2](((Calcium < 0.000 & Potassium < 2.411) & Magnesium < 0.304) & Phosphate < 0.000)
",-9999999.000,-9999999.000,0.000,0.000,1.000,0,0,0,14,14,0,0,14,0.0,0.0,0.0,0.0,0.0,1.0,-1
"F[1,2]((Phosphate >= 0.000 & Magnesium > 0.028) -> Calcium < 0.000)
",-9999999.000,-9999999.000,0.000,0.000,1.000,0,0,0,14,14,0,0,14,0.0,0.0,0.0,0.0,0.0,1.0,-1
"F[1,1](Hgb <= 11.173 | Hct <= 6.295)
",11.173,11.173,0.000,0.000,1.000,0,0,0,14,14,0,0,14,0.0,0.0,0.0,0.0,0.0,1.0,-1
"F[1,2](((Calcium < 0.000 & Potassium < 3.983) & Magnesium < 0.111) & Phosphate < 0.000)
",-9999999.000,-9999999.000,0.000,0.000,1.000,0,0,0,14,14,0,0,14,0.0,0.0,0.0,0.0,0.0,1.0,-1
"F[1,2]((Phosphate >= 0.000 & Magnesium > 0.011) -> Calcium < 0.000)
",-9999999.000,-9999999.000,0.000,0.000,1.000,0,0,0,14,14,0,0,14,0.0,0.0,0.0,0.0,0.0,1.0,-1
"F[0,2](Hgb <= 4.851 | Hct <= 13.546)
",-9999999.000,-9999999.000,0.000,0.000,1.000,0,0,0,14,14,0,0,14,0.0,0.0,0.0,0.0,0.0,1.0,-1
"F[1,1](((MAP <= 73.601 -> Potassium <= 0.607) & Magnesium >= 0.160) | Glucose <= 3.399)
",3.399,3.399,0.000,0.000,1.000,0,0,0,14,14,0,0,14,0.0,0.0,0.0,0.0,0.0,1.0,-1
"F[2,2](Alkalinephos < 0.000 -> SepsisLabel = 0.000)
",0.000,0.000,0.000,0.000,1.000,0,0,0,14,14,0,0,14,0.0,0.0,0.0,0.0,0.0,1.0,-1
"F[0,1](FiO2 < 0.000 -> SepsisLabel = 0.000)
",-9999999.000,-9999999.000,0.000,0.000,1.000,0,0,0,14,14,0,0,14,0.0,0.0,0.0,0.0,0.0,1.0,-1
"F[1,2]((Creatinine <= 0.134 -> Platelets <= 116.152) | Alkalinephos <= 112.249)
",-9999999.000,-9999999.000,0.000,0.000,1.000,0,0,0,14,14,0,0,14,0.0,0.0,0.0,0.0,0.0,1.0,-1
"F[0,2]((Chloride >= 4.191 | Platelets >= 10.762) & Bilirubin_direct >= 2.007)
",-9999999.000,-9999999.000,0.000,0.000,1.000,0,0,0,14,14,0,0,14,0.0,0.0,0.0,0.0,0.0,1.0,-1
"F[2,2](BUN <= 17.665 & Creatinine <= 0.169)
",6101452628785607.000,0.169,0.000,0.000,1.000,0,0,0,14,14,0,0,14,0.0,0.0,0.0,0.0,0.0,1.0,-1
"F[0,1]((HCO3 >= 1.661 | WBC <= 4.489) | MAP <= 3.529)
",-9999999.000,-9999999.000,0.000,0.000,1.000,0,0,0,14,14,0,0,14,0.0,0.0,0.0,0.0,0.0,1.0,-1
"((BUN <= 11.983) U[0,2] (Chloride <= 91.183))
",-9999999.000,-9999999.000,0.000,0.000,1.000,0,0,0,14,14,0,0,14,0.0,0.0,0.0,0.0,0.0,1.0,-1
"F[2,2](Magnesium >= 0.006 & SepsisLabel = 0.000)
",-7022847054143194.000,-0.006,0.000,0.000,1.000,0,0,0,14,14,0,0,14,0.0,0.0,0.0,0.0,0.0,1.0,-1
"((Hct > 2.253) U[0,2] (SepsisLabel = 0.000))
",-9999999.000,-9999999.000,0.000,0.000,1.000,0,0,0,14,14,0,0,14,0.0,0.0,0.0,0.0,0.0,1.0,-1
"F[0,1](((HCO3 >= 1.470 -> Resp >= 9.709) | SBP >= 11.242) | MAP <= 20.906)
",-9999999.000,-9999999.000,0.000,0.000,1.000,0,0,0,14,14,0,0,14,0.0,0.0,0.0,0.0,0.0,1.0,-1
"F[1,1](Potassium <= 0.617 -> SepsisLabel = 0.000)
",-0.617,-0.617,0.000,0.000,1.000,0,0,0,14,14,0,0,14,0.0,0.0,0.0,0.0,0.0,1.0,-1
"F[0,0](Magnesium >= 0.013 -> PTT <= 24.859)
",-7.205,-23.938,0.000,0.000,1.000,0,0,0,14,14,0,0,14,0.0,0.0,0.0,0.0,0.0,1.0,-1
"F[2,2](((BaseExcess <= 0.000 -> Magnesium <= 1.342) -> AST <= 1.620) -> Hgb >= 0.004)
",4087768094270569.500,0.004,0.000,0.000,1.000,0,0,0,14,14,0,0,14,0.0,0.0,0.0,0.0,0.0,1.0,-1
"F[0,1](((Glucose <= 44.055 | Bilirubin_direct >= 0.000) | Alkalinephos <= 0.000) -> Lactate >= 0.000)
",-9999999.000,-9999999.000,0.000,0.000,1.000,0,0,0,14,14,0,0,14,0.0,0.0,0.0,0.0,0.0,1.0,-1
"F[0,1]((Platelets <= 51.528 & DBP >= 0.000) & HR >= 0.000)
",-9999999.000,-9999999.000,0.000,0.000,1.000,0,0,0,14,14,0,0,14,0.0,0.0,0.0,0.0,0.0,1.0,-1
"F[1,1]((Phosphate <= 0.000 | FiO2 <= 0.000) | Bilirubin_total <= 0.000)
",0.000,0.000,0.000,0.000,1.000,0,0,0,14,14,0,0,14,0.0,0.0,0.0,0.0,0.0,1.0,-1
"((Alkalinephos >= 0.000) U[2,2] (Alkalinephos <= 0.000))
",0.000,0.000,0.000,0.000,1.000,0,0,0,14,14,0,0,14,0.0,0.0,0.0,0.0,0.0,1.0,-1
"F[2,2](((PaCO2 >= 0.000 -> Platelets >= 6.757) & Creatinine <= 31.627) -> Potassium >= 10.602)
",0.000,0.000,0.000,0.000,1.000,0,0,0,14,14,0,0,14,0.0,0.0,0.0,0.0,0.0,1.0,-1
"F[0,1]((SepsisLabel <= 0.000 & Magnesium >= 0.026) | BUN <= 1.201)
",-9999999.000,-9999999.000,0.000,0.000,1.000,0,0,0,14,14,0,0,14,0.0,0.0,0.0,0.0,0.0,1.0,-1
"F[0,2](Creatinine <= 0.375 & HCO3 <= 26.033)
",-9999999.000,-9999999.000,0.000,0.000,1.000,0,0,0,14,14,0,0,14,0.0,0.0,0.0,0.0,0.0,1.0,-1
"F[0,1]((TroponinI >= 0.217 & Calcium <= 0.000) -> O2Sat >= 0.000)
",-9999999.000,-9999999.000,0.000,0.000,1.000,0,0,0,14,14,0,0,14,0.0,0.0,0.0,0.0,0.0,1.0,-1
"F[1,2]((HCO3 <= 5.058 | TroponinI >= 0.201) | Alkalinephos >= 0.071)
",-9999999.000,-9999999.000,0.000,0.000,1.000,0,0,0,14,14,0,0,14,0.0,0.0,0.0,0.0,0.0,1.0,-1
"((MAP <= 70.572) U[0,1] (Resp <= 18.815))
",-9999999.000,-9999999.000,0.000,0.000,1.000,0,0,0,14,14,0,0,14,0.0,0.0,0.0,0.0,0.0,1.0,-1
"((HR <= 82.270) U[0,1] (MAP >= 8.604))
",-9999999.000,-9999999.000,0.000,0.000,1.000,0,0,0,14,14,0,0,14,0.0,0.0,0.0,0.0,0.0,1.0,-1
"F[0,2](Hgb <= 11.060 | Hct <= 14.409)
",-9999999.000,-9999999.000,0.000,0.000,1.000,0,0,0,14,14,0,0,14,0.0,0.0,0.0,0.0,0.0,1.0,-1
"F[1,2]((Phosphate >= 0.000 & Magnesium > 0.029) -> Calcium < 0.000)
",-9999999.000,-9999999.000,0.000,0.000,1.000,0,0,0,14,14,0,0,14,0.0,0.0,0.0,0.0,0.0,1.0,-1
"((MAP >= 25.492) U[0,2] (SBP <= 105.408))
",-9999999.000,-9999999.000,0.000,0.000,1.000,0,0,0,14,14,0,0,14,0.0,0.0,0.0,0.0,0.0,1.0,-1
"F[0,1](Hgb <= 4.598 | Hct <= 3.713)
",-9999999.000,-9999999.000,0.000,0.000,1.000,0,0,0,14,14,0,0,14,0.0,0.0,0.0,0.0,0.0,1.0,-1
"F[0,1]((Phosphate >= 0.000 & Magnesium > 0.024) -> Calcium < 0.000)
",-9999999.000,-9999999.000,0.000,0.000,1.000,0,0,0,14,14,0,0,14,0.0,0.0,0.0,0.0,0.0,1.0,-1
"F[0,2](Hgb <= 5.938 | Hct <= 19.087)
",-9999999.000,-9999999.000,0.000,0.000,1.000,0,0,0,14,14,0,0,14,0.0,0.0,0.0,0.0,0.0,1.0,-1
"((MAP >= 29.650) U[1,2] (SBP <= 95.068))
",-9999999.000,-9999999.000,0.000,0.000,1.000,0,0,0,14,14,0,0,14,0.0,0.0,0.0,0.0,0.0,1.0,-1
"F[1,2]((Calcium <= 0.000 & Potassium <= 3.173) & Magnesium >= 0.046)
",-9999999.000,-9999999.000,0.000,0.000,1.000,0,0,0,14,14,0,0,14,0.0,0.0,0.0,0.0,0.0,1.0,-1
"((MAP >= 57.757) U[2,2] (SBP <= 97.856))
",6886001464975423.000,97.856,0.000,0.000,1.000,0,0,0,14,14,0,0,14,0.0,0.0,0.0,0.0,0.0,1.0,-1
"F[1,2](Hgb <= 8.600 | Hct <= 17.102)
",-9999999.000,-9999999.000,0.000,0.000,1.000,0,0,0,14,14,0,0,14,0.0,0.0,0.0,0.0,0.0,1.0,-1
"F[0,2](((Calcium < 0.000 & Potassium < 1.285) & Magnesium < 1.454) & Phosphate < 0.000)
",-9999999.000,-9999999.000,0.000,0.000,1.000,0,0,0,14,14,0,0,14,0.0,0.0,0.0,0.0,0.0,1.0,-1
"F[0,1]((Phosphate >= 0.000 & Magnesium > 0.052) -> Calcium < 0.000)
",-9999999.000,-9999999.000,0.000,0.000,1.000,0,0,0,14,14,0,0,14,0.0,0.0,0.0,0.0,0.0,1.0,-1
"F[0,2](((FiO2 <= 0.000 -> Calcium <= 0.000) | Temp <= 0.000) | Hgb >= 0.000)
",-9999999.000,-9999999.000,0.000,0.000,1.000,0,0,0,14,14,0,0,14,0.0,0.0,0.0,0.0,0.0,1.0,-1
"F[1,1]((MAP <= 78.937 & O2Sat <= 80.611) -> SaO2 <= 61.604)
",-5554725852175903.000,-78.937,0.000,0.000,1.000,0,0,0,14,14,0,0,14,0.0,0.0,0.0,0.0,0.0,1.0,-1
"G[1,2](Chloride >= 0.016 & HCO3 >= 1.605)
",9999999.000,9999999.000,0.000,1.000,0.000,0,0,0,14,14,0,0,14,0.0,0.0,0.0,0.0,0.0,1.0,1
"G[0,2](Hct >= 2.158 | TroponinI >= 0.041)
",9999999.000,9999999.000,0.000,1.000,0.000,0,0,0,14,14,0,0,14,0.0,0.0,0.0,0.0,0.0,1.0,1
"G[0,2]((Fibrinogen >= 0.000 | AST <= 0.000) | MAP >= 0.000)
",9999999.000,9999999.000,0.000,1.000,0.000,0,0,14,0,0,14,14,0,0.0,0.0,1.0,0.0,0.0,1.0,1
"G[0,2](((Hct >= 1.805 & Alkalinephos >= 0.000) & pH >= 0.000) -> PTT >= 0.000)
",9999999.000,9999999.000,0.000,1.000,0.000,0,0,14,0,0,14,14,0,0.0,0.0,1.0,0.0,0.0,1.0,1
"G[2,2]((Temp <= 36.306 | SBP >= 46.300) & BaseExcess <= 93.648)
",5109572246010854.000,36.306,0.000,1.000,0.000,0,0,14,0,0,14,14,0,0.0,0.0,1.0,0.0,0.0,1.0,1
"G[1,2](((Magnesium >= 0.007 -> PTT >= 0.191) & BaseExcess <= 3.240) & Lactate >= 0.556)
",9999999.000,9999999.000,0.000,1.000,0.000,0,0,0,14,14,0,0,14,0.0,0.0,0.0,0.0,0.0,1.0,1
"G[0,2]((Hct <= 28.422 -> TroponinI >= 0.137) -> HR <= 5.792)
",9999999.000,9999999.000,0.000,1.000,0.000,0,0,12,2,2,12,12,2,0.0,0.0,1.0,0.0,0.0,1.0,1
"G[2,2]((Bilirubin_total >= 0.000 -> Lactate >= 0.000) -> O2Sat <= 0.000)
",0.000,0.000,0.000,1.000,0.000,0,0,14,0,0,14,14,0,0.0,0.0,1.0,0.0,0.0,1.0,1
"G[0,1](((PTT <= 18.436 | BUN >= 0.975) & Lactate <= 18.481) & Lactate >= 0.066)
",9999999.000,9999999.000,0.000,1.000,0.000,0,0,0,14,14,0,0,14,0.0,0.0,0.0,0.0,0.0,1.0,1
"G[1,2](((Creatinine <= 0.392 -> Bilirubin_direct <= 0.000) -> SepsisLabel >= 0.000) | Creatinine <= 0.000)
",9999999.000,9999999.000,0.000,1.000,0.000,0,0,14,0,0,14,14,0,0.0,0.0,1.0,0.0,0.0,1.0,1
"G[1,2]((pH <= 0.000 -> SaO2 >= 0.000) -> HCO3 <= 0.000)
",9999999.000,9999999.000,0.000,1.000,0.000,0,0,14,0,0,14,14,0,0.0,0.0,1.0,0.0,0.0,1.0,1
"G[1,2]((TroponinI <= 2.269 | FiO2 <= 0.000) | HCO3 >= 0.000)
",9999999.000,9999999.000,0.000,1.000,0.000,0,0,14,0,0,14,14,0,0.0,0.0,1.0,0.0,0.0,1.0,1
"G[2,2](SaO2 <= 0.000 -> BaseExcess <= 0.000)
",0.000,0.000,0.000,1.000,0.000,0,0,14,0,0,14,14,0,0.0,0.0,1.0,0.0,0.0,1.0,1
"G[0,2](((WBC <= 4.126 -> PaCO2 >= 0.000) -> HCO3 <= 0.000) -> Glucose >= 0.000)
",9999999.000,9999999.000,0.000,1.000,0.000,0,0,14,0,0,14,14,0,0.0,0.0,1.0,0.0,0.0,1.0,1
"G[0,2](((EtCO2 >= 0.000 & Hgb >= 0.396) -> SBP >= 0.184) & SepsisLabel >= 0.035)
",9999999.000,9999999.000,0.000,1.000,0.000,0,0,0,14,14,0,0,14,0.0,0.0,0.0,0.0,0.0,1.0,1
"G[2,2]((Bilirubin_direct >= 0.000 -> Glucose <= 105.112) -> Glucose <= 68.046)
",-4788287726633161.000,-68.046,0.000,1.000,0.000,0,0,14,0,0,14,14,0,0.0,0.0,1.0,0.0,0.0,1.0,1
"G[1,2](((DBP >= 0.000 | HR >= 30.462) -> Temp <= 73.227) | Platelets <= 79.493)
",9999999.000,9999999.000,0.000,1.000,0.000,0,0,14,0,0,14,14,0,0.0,0.0,1.0,0.0,0.0,1.0,1
"G[0,2](HR >= 21.412 -> PTT <= 24.711)
",9999999.000,9999999.000,0.000,1.000,0.000,0,0,13,1,1,13,13,1,0.0,0.0,1.0,0.0,0.0,1.0,1
"G[2,2]((Hct >= 1.245 | Resp >= 6.993) | BaseExcess <= 23.463)
",6604222568132886.000,23.463,0.000,1.000,0.000,0,0,14,0,0,14,14,0,0.0,0.0,1.0,0.0,0.0,1.0,1
"G[1,2](((Platelets >= 3.262 | Resp >= 5.163) | FiO2 >= 0.981) & TroponinI <= 19.511)
",9999999.000,9999999.000,0.000,1.000,0.000,0,0,12,2,2,12,12,2,0.0,0.0,1.0,0.0,0.0,1.0,1
"G[0,2]((Chloride >= 1.701 -> Resp >= 2.820) -> HR <= 22.941)
",9999999.000,9999999.000,0.000,1.000,0.000,0,0,0,14,14,0,0,14,0.0,0.0,0.0,0.0,0.0,1.0,1
"G[1,2]((MAP >= 8.548 & PTT <= 16.721) & BaseExcess <= 13.881)
",9999999.000,9999999.000,0.000,1.000,0.000,0,0,12,2,2,12,12,2,0.0,0.0,1.0,0.0,0.0,1.0,1
"G[1,2](Magnesium <= 1.015 | SBP >= 59.108)
",9999999.000,9999999.000,0.000,1.000,0.000,0,0,14,0,0,14,14,0,0.0,0.0,1.0,0.0,0.0,1.0,1
"G[0,1]((SBP >= 21.065 | TroponinI >= 0.226) -> HCO3 >= 0.024)
",9999999.000,9999999.000,0.000,1.000,0.000,0,0,0,14,14,0,0,14,0.0,0.0,0.0,0.0,0.0,1.0,1
"G[0,2]((HCO3 >= 1.562 & Platelets <= 92.910) -> pH <= 16.736)
",9999999.000,9999999.000,0.000,1.000,0.000,0,0,14,0,0,14,14,0,0.0,0.0,1.0,0.0,0.0,1.0,1
"G[0,1](BUN >= 0.715 & Potassium <= 0.319)
",9999999.000,9999999.000,0.000,1.000,0.000,0,0,0,14,14,0,0,14,0.0,0.0,0.0,0.0,0.0,1.0,1
"G[1,2]((PTT >= 0.721 | TroponinI >= 0.211) & TroponinI >= 0.061)
",9999999.000,9999999.000,0.000,1.000,0.000,0,0,0,14,14,0,0,14,0.0,0.0,0.0,0.0,0.0,1.0,1
"G[1,2]((O2Sat <= 89.254 -> MAP <= 80.224) | Lactate >= 34.732)
",9999999.000,9999999.000,0.000,1.000,0.000,0,0,14,0,0,14,14,0,0.0,0.0,1.0,0.0,0.0,1.0,1
"G[0,1]((BUN <= 4.998 -> Temp >= 6.611) & Glucose >= 7.196)
",9999999.000,9999999.000,0.000,1.000,0.000,0,0,0,14,14,0,0,14,0.0,0.0,0.0,0.0,0.0,1.0,1
"G[1,1](((Hgb <= 3.407 | Hct <= 24.908) -> WBC >= 0.625) & Platelets >= 2.460)
",-24.908,-24.908,0.000,1.000,0.000,0,0,0,14,14,0,0,14,0.0,0.0,0.0,0.0,0.0,1.0,1
"G[2,2](((pH >= 0.000 | BUN >= 0.398) | Bilirubin_total <= 12.690) & BUN >= 0.281)
",-0.281,-0.281,0.000,1.000,0.000,0,0,14,0,0,14,14,0,0.0,0.0,1.0,0.0,0.0,1.0,1
"G[1,2](MAP >= 3.568 & Platelets >= 5.415)
",9999999.000,9999999.000,0.000,1.000,0.000,0,0,0,14,14,0,0,14,0.0,0.0,0.0,0.0,0.0,1.0,1
"G[0,0]((Magnesium >= 0.058 | O2Sat >= 28.732) & FiO2 >= 5.958)
",-0.648,-4.172,0.000,1.000,0.000,0,0,0,14,14,0,0,14,0.0,0.0,0.0,0.0,0.0,1.0,1
"G[2,2](((HCO3 >= 0.238 -> Temp >= 0.228) & HCO3 <= 29.156) -> Bilirubin_total <= 36.461)
",-5131362309141935.000,-36.461,0.000,1.000,0.000,0,0,14,0,0,14,14,0,0.0,0.0,1.0,0.0,0.0,1.0,1
"G[1,2](HR <= 69.596 & O2Sat <= 94.704)
",9999999.000,9999999.000,0.000,1.000,0.000,0,0,5,9,9,5,5,9,0.0,0.0,1.0,0.0,0.0,1.0,1
"G[0,2]((Hgb <= 3.697 -> O2Sat >= 28.044) | EtCO2 <= 84.925)
",9999999.000,9999999.000,0.000,1.000,0.000,0,0,14,0,0,14,14,0,0.0,0.0,1.0,0.0,0.0,1.0,1
"G[0,2](((Chloride <= 40.736 | O2Sat >= 18.300) -> PaCO2 >= 8.641) | MAP >= 32.159)
",9999999.000,9999999.000,0.000,1.000,0.000,0,0,11,3,3,11,11,3,0.0,0.0,1.0,0.0,0.0,1.0,1
"G[0,2]((Magnesium <= 0.472 & MAP <= 85.490) & Alkalinephos <= 83.383)
",9999999.000,9999999.000,0.000,1.000,0.000,0,0,12,2,2,12,12,2,0.0,0.0,1.0,0.0,0.0,1.0,1
"G[2,2]((O2Sat <= 86.986 -> SBP <= 107.781) | Temp >= 17.353)
",-17.353,-17.353,0.000,1.000,0.000,0,0,14,0,0,14,14,0,0.0,0.0,1.0,0.0,0.0,1.0,1
"G[0,1]((Hct <= 7.464 | PTT <= 19.844) & BaseExcess >= 0.562)
",9999999.000,9999999.000,0.000,1.000,0.000,0,0,0,14,14,0,0,14,0.0,0.0,0.0,0.0,0.0,1.0,1
"G[2,2](((Platelets <= 48.308 & PTT >= 0.298) -> Hgb >= 0.658) & Platelets <= 10.660)
",0.298,0.298,0.000,1.000,0.000,0,0,14,0,0,14,14,0,0.0,0.0,1.0,0.0,0.0,1.0,1
"G[1,2](((Hgb >= 0.034 -> TroponinI <= 2.270) -> Chloride >= 0.105) -> SBP <= 4.005)
",9999999.000,9999999.000,0.000,1.000,0.000,0,0,14,0,0,14,14,0,0.0,0.0,1.0,0.0,0.0,1.0,1
"G[2,2](((Hct <= 16.008 & TroponinI >= 0.152) & BaseExcess <= 2.282) & WBC <= 2.198)
",-5475866306382017.000,-0.152,0.000,1.000,0.000,0,0,14,0,0,14,14,0,0.0,0.0,1.0,0.0,0.0,1.0,1
"G[0,2](((BUN >= 1.186 -> TroponinI >= 0.109) -> Temp <= 2.504) -> Resp <= 1.834)
",9999999.000,9999999.000,0.000,1.000,0.000,0,0,1,13,13,1,1,13,0.0,0.0,1.0,0.0,0.0,1.0,1
"G[0,2](((Glucose >= 8.064 -> Magnesium >= 0.028) & HCO3 >= 0.051) -> Temp >= 0.017)
",9999999.000,9999999.000,0.000,1.000,0.000,0,0,13,1,1,13,13,1,0.0,0.0,1.0,0.0,0.0,1.0,1
"G[1,2](((Platelets >= 4.165 | TroponinI <= 5.829) & BUN >= 0.164) | DBP >= 0.112)
",9999999.000,9999999.000,0.000,1.000,0.000,0,0,0,14,14,0,0,14,0.0,0.0,0.0,0.0,0.0,1.0,1
"G[0,2]((TroponinI <= 2.966 & WBC >= 0.504) | pH >= 0.325)
",9999999.000,9999999.000,0.000,1.000,0.000,0,0,0,14,14,0,0,14,0.0,0.0,0.0,0.0,0.0,1.0,1
"G[0,1](((Potassium <= 3.283 -> TroponinI >= 0.223) -> Creatinine >= 0.210) -> Hct >= 0.206)
",9999999.000,9999999.000,0.000,1.000,0.000,0,0,0,14,14,0,0,14,0.0,0.0,0.0,0.0,0.0,1.0,1
"G[0,2](Resp >= 5.903 & SBP <= 103.573)
",9999999.000,9999999.000,0.000,1.000,0.000,0,0,8,6,6,8,8,6,0.0,0.0,1.0,0.0,0.0,1.0,1
"G[0,0](((HR <= 79.316 & SBP >= 44.727) & SepsisLabel <= 108.379) & SaO2 >= 73.530)
",-7865210874986453.000,-3576.684,0.000,1.000,0.000,0,0,0,14,14,0,0,14,0.0,0.0,0.0,0.0,0.0,1.0,1
"G[1,2](((Hgb <= 10.917 | WBC >= 0.214) & O2Sat <= 3.401) & PaCO2 <= 4.927)
",9999999.000,9999999.000,0.000,1.000,0.000,0,0,11,3,3,11,11,3,0.0,0.0,1.0,0.0,0.0,1.0,1
"G[0,2](Hgb >= 0.390 | PTT >= 0.085)
",9999999.000,9999999.000,0.000,1.000,0.000,0,0,0,14,14,0,0,14,0.0,0.0,0.0,0.0,0.0,1.0,1
"G[1,2](((Hct <= 26.009 & HR <= 64.466) | Alkalinephos <= 74.139) & Hct >= 32.939)
",9999999.000,9999999.000,0.000,1.000,0.000,0,0,0,14,14,0,0,14,0.0,0.0,0.0,0.0,0.0,1.0,1
"G[1,2](BUN <= 14.076 | HR >= 19.855)
",9999999.000,9999999.000,0.000,1.000,0.000,0,0,14,0,0,14,14,0,0.0,0.0,1.0,0.0,0.0,1.0,1
"G[1,1]((HR >= 18.450 & Platelets <= 149.538) & Potassium >= 2.743)
",-5193122770733702.000,-18.450,0.000,1.000,0.000,0,0,0,14,14,0,0,14,0.0,0.0,0.0,0.0,0.0,1.0,1
"G[2,2](((TroponinI >= 0.194 & Hgb <= 8.356) & Platelets <= 12.154) & SaO2 <= 6.431)
",-3496582038634927.000,-0.194,0.000,1.000,0.000,0,0,14,0,0,14,14,0,0.0,0.0,1.0,0.0,0.0,1.0,1
"G[1,2]((Hct <= 13.297 -> WBC >= 0.405) | PaCO2 <= 6.147)
",9999999.000,9999999.000,0.000,1.000,0.000,0,0,14,0,0,14,14,0,0.0,0.0,1.0,0.0,0.0,1.0,1
"G[1,2](Platelets <= 28.994 -> WBC >= 0.399)
",9999999.000,9999999.000,0.000,1.000,0.000,0,0,0,14,14,0,0,14,0.0,0.0,0.0,0.0,0.0,1.0,1
"G[1,2](HCO3 <= 6.272 & MAP >= 25.450)
",9999999.000,9999999.000,0.000,1.000,0.000,0,0,12,2,2,12,12,2,0.0,0.0,1.0,0.0,0.0,1.0,1
"G[0,0](BUN <= 3.263 & Creatinine >= 0.043)
",0.226,0.193,0.000,1.000,0.000,0,0,0,14,14,0,0,14,0.0,0.0,0.0,0.0,0.0,1.0,1
"G[0,2]((Chloride >= 3.256 & HCO3 >= 1.235) & EtCO2 <= 12.628)
",9999999.000,9999999.000,0.000,1.000,0.000,0,0,0,14,14,0,0,14,0.0,0.0,0.0,0.0,0.0,1.0,1
"G[1,1](Creatinine >= 0.021 & Hgb >= 0.068)
",-4913305293199983.000,-0.068,0.000,1.000,0.000,0,0,0,14,14,0,0,14,0.0,0.0,0.0,0.0,0.0,1.0,1
"G[1,2](((Glucose >= 3.285 & Platelets >= 6.922) | Fibrinogen >= 8.124) -> HR >= 1.376)
",9999999.000,9999999.000,0.000,1.000,0.000,0,0,14,0,0,14,14,0,0.0,0.0,1.0,0.0,0.0,1.0,1
"G[0,2](Creatinine >= 0.036 | Potassium >= 0.216)
",9999999.000,9999999.000,0.000,1.000,0.000,0,0,0,14,14,0,0,14,0.0,0.0,0.0,0.0,0.0,1.0,1
"G[0,1](((BUN >= 0.484 & Glucose >= 6.833) | Bilirubin_direct >= 4.608) & PTT <= 89.784)
",9999999.000,9999999.000,0.000,1.000,0.000,0,0,0,14,14,0,0,14,0.0,0.0,0.0,0.0,0.0,1.0,1
"G[1,2]((Creatinine >= 0.028 -> Hct <= 34.116) & Bilirubin_total >= 0.481)
",9999999.000,9999999.000,0.000,1.000,0.000,0,0,0,14,14,0,0,14,0.0,0.0,0.0,0.0,0.0,1.0,1
"G[0,2]((Glucose <= 69.551 & Hct <= 28.789) & BaseExcess <= 14.222)
",9999999.000,9999999.000,0.000,1.000,0.000,0,0,12,2,2,12,12,2,0.0,0.0,1.0,0.0,0.0,1.0,1
"G[1,2](((Hct >= 1.254 & Platelets <= 98.410) -> MAP <= 64.004) | PaCO2 >= 7.039)
",9999999.000,9999999.000,0.000,1.000,0.000,0,0,14,0,0,14,14,0,0.0,0.0,1.0,0.0,0.0,1.0,1
"G[1,2]((HCO3 >= 0.559 & Potassium <= 3.245) | Temp <= 1.719)
",9999999.000,9999999.000,0.000,1.000,0.000,0,0,14,0,0,14,14,0,0.0,0.0,1.0,0.0,0.0,1.0,1
"G[1,2]((Chloride >= 2.541 & Creatinine >= 0.015) | BaseExcess >= 0.003)
",9999999.000,9999999.000,0.000,1.000,0.000,0,0,0,14,14,0,0,14,0.0,0.0,0.0,0.0,0.0,1.0,1
"G[1,2](Hct >= 0.798 -> SepsisLabel = 0.000)
",9999999.000,9999999.000,0.000,1.000,0.000,0,0,14,0,0,14,14,0,0.0,0.0,1.0,0.0,0.0,1.0,1
"G[0,2](MAP > 36.995 & SepsisLabel = 0.000)
",9999999.000,9999999.000,0.000,1.000,0.000,0,0,11,3,3,11,11,3,0.0,0.0,1.0,0.0,0.0,1.0,1
"G[2,2](Glucose < 117.649 & SepsisLabel = 0.000)
",0.000,0.000,0.000,1.000,0.000,0,0,14,0,0,14,14,0,0.0,0.0,1.0,0.0,0.0,1.0,1
"G[2,2](Glucose <= 87.255 -> SepsisLabel = 0.000)
",-3070000806667383.000,-87.255,0.000,1.000,0.000,0,0,14,0,0,14,14,0,0.0,0.0,1.0,0.0,0.0,1.0,1
"G[0,2](Hct < 21.902 -> SepsisLabel = 0.000)
",9999999.000,9999999.000,0.000,1.000,0.000,0,0,14,0,0,14,14,0,0.0,0.0,1.0,0.0,0.0,1.0,1
"G[1,2](DBP <= 0.000 & SepsisLabel = 0.000)
",9999999.000,9999999.000,0.000,1.000,0.000,0,0,14,0,0,14,14,0,0.0,0.0,1.0,0.0,0.0,1.0,1
"G[0,2](Glucose <= 107.404 & SepsisLabel = 0.000)
",9999999.000,9999999.000,0.000,1.000,0.000,0,0,13,1,1,13,13,1,0.0,0.0,1.0,0.0,0.0,1.0,1
"G[2,2](AST < 0.000 -> SepsisLabel = 0.000)
",0.000,0.000,0.000,1.000,0.000,0,0,14,0,0,14,14,0,0.0,0.0,1.0,0.0,0.0,1.0,1
"G[2,2](Creatinine >= 0.041 & SepsisLabel = 0.000)
",-2968317057671473.000,-0.041,0.000,1.000,0.000,0,0,14,0,0,14,14,0,0.0,0.0,1.0,0.0,0.0,1.0,1
"G[0,2](Hgb >= 0.074 & SepsisLabel = 0.000)
",9999999.000,9999999.000,0.000,1.000,0.000,0,0,0,14,14,0,0,14,0.0,0.0,0.0,0.0,0.0,1.0,1
"G[0,2](SBP > 70.728 & SepsisLabel = 0.000)
",9999999.000,9999999.000,0.000,1.000,0.000,0,0,11,3,3,11,11,3,0.0,0.0,1.0,0.0,0.0,1.0,1
"G[0,2](Bilirubin_direct <= 0.000 -> SepsisLabel = 0.000)
",9999999.000,9999999.000,0.000,1.000,0.000,0,0,14,0,0,14,14,0,0.0,0.0,1.0,0.0,0.0,1.0,1
"G[1,2](BUN <= 8.441 & Creatinine >= 0.025)
",9999999.000,9999999.000,0.000,1.000,0.000,0,0,0,14,14,0,0,14,0.0,0.0,0.0,0.0,0.0,1.0,1
"G[0,1](((Hgb <= 3.501 | Hct <= 33.184) -> WBC >= 0.058) & Platelets >= 9.229)
",9999999.000,9999999.000,0.000,1.000,0.000,0,0,0,14,14,0,0,14,0.0,0.0,0.0,0.0,0.0,1.0,1
"G[1,2](Platelets <= 17.827 -> WBC >= 0.419)
",9999999.000,9999999.000,0.000,1.000,0.000,0,0,0,14,14,0,0,14,0.0,0.0,0.0,0.0,0.0,1.0,1
"G[0,2](((Chloride >= 7.031 -> Glucose <= 46.933) -> SaO2 <= 88.076) | Platelets >= 0.699)
",9999999.000,9999999.000,0.000,1.000,0.000,0,0,14,0,0,14,14,0,0.0,0.0,1.0,0.0,0.0,1.0,1
"G[2,2](Chloride >= 4.479 & HCO3 >= 1.271)
",-4.479,-4.479,0.000,1.000,0.000,0,0,14,0,0,14,14,0,0.0,0.0,1.0,0.0,0.0,1.0,1
"G[0,1](BUN <= 7.210 & Creatinine >= 0.029)
",9999999.000,9999999.000,0.000,1.000,0.000,0,0,0,14,14,0,0,14,0.0,0.0,0.0,0.0,0.0,1.0,1
"G[2,2](((Temp <= 35.698 -> Bilirubin_total <= 0.000) & Potassium >= 0.000) -> FiO2 >= 0.000)
",0.000,0.000,0.000,1.000,0.000,0,0,14,0,0,14,14,0,0.0,0.0,1.0,0.0,0.0,1.0,1
"G[2,2](((Hgb <= 5.628 | Hct <= 26.620) -> WBC >= 0.400) & Platelets >= 9.889)
",-3746417131329703.500,-26.620,0.000,1.000,0.000,0,0,14,0,0,14,14,0,0.0,0.0,1.0,0.0,0.0,1.0,1
"G[0,2](Platelets <= 119.482 -> WBC >= 0.553)
",9999999.000,9999999.000,0.000,1.000,0.000,0,0,0,14,14,0,0,14,0.0,0.0,0.0,0.0,0.0,1.0,1
"G[0,2](Chloride >= 3.942 & HCO3 >= 1.108)
",9999999.000,9999999.000,0.000,1.000,0.000,0,0,0,14,14,0,0,14,0.0,0.0,0.0,0.0,0.0,1.0,1
"G[2,2](BUN <= 2.587 & Creatinine >= 0.014)
",-0.014,-0.014,0.000,1.000,0.000,0,0,14,0,0,14,14,0,0.0,0.0,1.0,0.0,0.0,1.0,1
"G[0,1](((Hgb <= 6.674 | Hct <= 11.209) -> WBC >= 0.060) & Platelets >= 4.053)
",9999999.000,9999999.000,0.000,1.000,0.000,0,0,0,14,14,0,0,14,0.0,0.0,0.0,0.0,0.0,1.0,1
"G[1,2](Platelets <= 89.622 -> WBC >= 0.237)
",9999999.000,9999999.000,0.000,1.000,0.000,0,0,0,14,14,0,0,14,0.0,0.0,0.0,0.0,0.0,1.0,1
"G[1,2](Chloride >= 3.791 & HCO3 >= 0.896)
",9999999.000,9999999.000,0.000,1.000,0.000,0,0,0,14,14,0,0,14,0.0,0.0,0.0,0.0,0.0,1.0,1
"G[1,2](BUN <= 2.537 & Creatinine >= 0.027)
",9999999.000,9999999.000,0.000,1.000,0.000,0,0,0,14,14,0,0,14,0.0,0.0,0.0,0.0,0.0,1.0,1
"G[0,1](((Hgb <= 10.875 | Hct <= 31.658) -> WBC >= 0.171) & Platelets >= 3.911)
",9999999.000,9999999.000,0.000,1.000,0.000,0,0,0,14,14,0,0,14,0.0,0.0,0.0,0.0,0.0,1.0,1
"G[1,2](Chloride >= 4.114 & HCO3 >= 0.028)
",9999999.000,9999999.000,0.000,1.000,0.000,0,0,0,14,14,0,0,14,0.0,0.0,0.0,0.0,0.0,1.0,1
"G[0,2](BUN <= 3.262 & Creatinine >= 0.013)
",9999999.000,9999999.000,0.000,1.000,0.000,0,0,0,14,14,0,0,14,0.0,0.0,0.0,0.0,0.0,1.0,1
"G[0,1](((Hgb <= 10.656 | Hct <= 14.402) -> WBC >= 0.498) & Platelets >= 8.569)
",9999999.000,9999999.000,0.000,1.000,0.000,0,0,0,14,14,0,0,14,0.0,0.0,0.0,0.0,0.0,1.0,1
"G[1,2](Platelets <= 13.601 -> WBC >= 0.306)
",9999999.000,9999999.000,0.000,1.000,0.000,0,0,0,14,14,0,0,14,0.0,0.0,0.0,0.0,0.0,1.0,1
"G[0,2](Chloride >= 0.734 & HCO3 >= 1.297)
",9999999.000,9999999.000,0.000,1.000,0.000,0,0,0,14,14,0,0,14,0.0,0.0,0.0,0.0,0.0,1.0,1
"G[2,2](BUN <= 13.973 & Creatinine >= 0.048)
",-6905278643883014.000,-0.048,0.000,1.000,0.000,0,0,14,0,0,14,14,0,0.0,0.0,1.0,0.0,0.0,1.0,1
"G[0,2](((Hgb <= 11.690 | Hct <= 31.647) -> WBC >= 0.393) & Platelets >= 9.533)
",9999999.000,9999999.000,0.000,1.000,0.000,0,0,0,14,14,0,0,14,0.0,0.0,0.0,0.0,0.0,1.0,1
"G[2,2](Platelets <= 144.421 -> WBC >= 0.238)
",-144.421,-144.421,0.000,1.000,0.000,0,0,14,0,0,14,14,0,0.0,0.0,1.0,0.0,0.0,1.0,1
"G[1,2](Chloride >= 1.674 & HCO3 >= 1.065)
",9999999.000,9999999.000,0.000,1.000,0.000,0,0,0,14,14,0,0,14,0.0,0.0,0.0,0.0,0.0,1.0,1
"G[0,2](BUN <= 18.728 & Creatinine >= 0.044)
",9999999.000,9999999.000,0.000,1.000,0.000,0,0,0,14,14,0,0,14,0.0,0.0,0.0,0.0,0.0,1.0,1
"G[0,2](((Hgb <= 8.080 | Hct <= 7.417) -> WBC >= 0.455) & Platelets >= 7.477)
",9999999.000,9999999.000,0.000,1.000,0.000,0,0,0,14,14,0,0,14,0.0,0.0,0.0,0.0,0.0,1.0,1
"G[0,1](Platelets <= 17.385 -> WBC >= 0.084)
",9999999.000,9999999.000,0.000,1.000,0.000,0,0,0,14,14,0,0,14,0.0,0.0,0.0,0.0,0.0,1.0,1
"G[1,2](Chloride >= 6.941 & HCO3 >= 1.409)
",9999999.000,9999999.000,0.000,1.000,0.000,0,0,0,14,14,0,0,14,0.0,0.0,0.0,0.0,0.0,1.0,1
"G[1,2](BUN <= 10.186 & Creatinine >= 0.037)
",9999999.000,9999999.000,0.000,1.000,0.000,0,0,0,14,14,0,0,14,0.0,0.0,0.0,0.0,0.0,1.0,1
"G[1,1](((Hgb <= 4.155 | Hct <= 5.833) -> WBC >= 0.242) & Platelets >= 6.256)
",-3521729491218505.000,-6.256,0.000,1.000,0.000,0,0,0,14,14,0,0,14,0.0,0.0,0.0,0.0,0.0,1.0,1
"G[2,2](BUN <= 4.658 & Creatinine >= 0.021)
",-5927643324226610.000,-0.021,0.000,1.000,0.000,0,0,14,0,0,14,14,0,0.0,0.0,1.0,0.0,0.0,1.0,1
"G[1,2](MAP >= 52.033 -> WBC <= 1.609)
",9999999.000,9999999.000,0.000,1.000,0.000,0,0,14,0,0,14,14,0,0.0,0.0,1.0,0.0,0.0,1.0,1
"G[0,2](HR <= 62.401 & Temp >= 4.674)
",9999999.000,9999999.000,0.000,1.000,0.000,0,0,0,14,14,0,0,14,0.0,0.0,0.0,0.0,0.0,1.0,1
"F[2,2](((Phosphate >= 0.000 | EtCO2 >= 0.000) -> Platelets <= 0.000) -> Alkalinephos <= 0.000)
",0.000,0.000,0.000,0.000,1.000,0,0,0,14,14,0,0,14,0.0,0.0,0.0,0.0,0.0,1.0,-1
"F[1,2]((SBP >= 55.704 & Fibrinogen <= 0.000) & PTT >= 0.000)
",-9999999.000,-9999999.000,0.000,0.000,1.000,0,0,0,14,14,0,0,14,0.0,0.0,0.0,0.0,0.0,1.0,-1
"F[1,1](DBP <= 0.000 | BaseExcess >= 0.000)
",0.000,0.000,0.000,0.000,1.000,0,0,0,14,14,0,0,14,0.0,0.0,0.0,0.0,0.0,1.0,-1
"G[0,2](Alkalinephos >= 0.000 & Hgb <= 10.855)
",9999999.000,9999999.000,0.000,1.000,0.000,0,0,12,2,2,12,12,2,0.0,0.0,1.0,0.0,0.0,1.0,1
"G[0,2](((Hgb >= 0.005 & Resp >= 7.496) & Hgb <= 14.448) | Hgb >= 12.406)
",9999999.000,9999999.000,0.000,1.000,0.000,0,0,0,14,14,0,0,14,0.0,0.0,0.0,0.0,0.0,1.0,1
"G[2,2]((HCO3 >= 0.531 | Temp >= 5.716) -> DBP >= 5.869)
",0.531,0.531,0.000,1.000,0.000,0,0,14,0,0,14,14,0,0.0,0.0,1.0,0.0,0.0,1.0,1
"G[1,2](((HR >= 25.602 & HR >= 45.526) -> SaO2 <= 71.573) & WBC >= 27.441)
",9999999.000,9999999.000,0.000,1.000,0.000,0,0,0,14,14,0,0,14,0.0,0.0,0.0,0.0,0.0,1.0,1
"G[1,2]((Glucose >= 3.333 -> SaO2 <= 0.000) -> Magnesium <= 0.000)
",9999999.000,9999999.000,0.000,1.000,0.000,0,0,14,0,0,14,14,0,0.0,0.0,1.0,0.0,0.0,1.0,1
"G[0,2](((BaseExcess <= 0.000 | Calcium >= 0.000) | SBP <= 0.000) | Temp >= 0.000)
",9999999.000,9999999.000,0.000,1.000,0.000,0,0,14,0,0,14,14,0,0.0,0.0,1.0,0.0,0.0,1.0,1
"G[2,2]((Glucose <= 85.565 | Hgb <= 1.726) & Phosphate >= 0.335)
",-6039495775270502.000,-0.335,0.000,1.000,0.000,0,0,14,0,0,14,14,0,0.0,0.0,1.0,0.0,0.0,1.0,1
"G[0,1]((Creatinine <= 0.363 -> HCO3 >= 0.940) & Calcium >= 1.273)
",9999999.000,9999999.000,0.000,1.000,0.000,0,0,0,14,14,0,0,14,0.0,0.0,0.0,0.0,0.0,1.0,1
"G[0,2]((Phosphate >= 0.000 | Potassium >= 0.073) & HR >= 0.177)
",9999999.000,9999999.000,0.000,1.000,0.000,0,0,11,3,3,11,11,3,0.0,0.0,1.0,0.0,0.0,1.0,1
"G[0,2](((Bilirubin_total <= 0.000 & Alkalinephos <= 0.000) & BaseExcess >= 0.000) & Glucose >= 0.000)
",9999999.000,9999999.000,0.000,1.000,0.000,0,0,14,0,0,14,14,0,0.0,0.0,1.0,0.0,0.0,1.0,1
"G[1,2](SaO2 >= 0.000 & MAP <= 71.404)
",9999999.000,9999999.000,0.000,1.000,0.000,0,0,11,3,3,11,11,3,0.0,0.0,1.0,0.0,0.0,1.0,1
"G[0,1](((Alkalinephos <= 0.000 -> WBC >= 0.029) -> Hgb <= 4.473) -> Calcium >= 0.078)
",9999999.000,9999999.000,0.000,1.000,0.000,0,0,0,14,14,0,0,14,0.0,0.0,0.0,0.0,0.0,1.0,1
"G[0,2](((PaCO2 >= 0.000 | Resp >= 6.615) | DBP <= 17.585) -> Temp >= 11.259)
",9999999.000,9999999.000,0.000,1.000,0.000,0,0,0,14,14,0,0,14,0.0,0.0,0.0,0.0,0.0,1.0,1
"G[1,2](((Alkalinephos <= 0.000 | Hgb >= 0.433) & Hgb <= 12.778) -> TroponinI <= 1.945)
",9999999.000,9999999.000,0.000,1.000,0.000,0,0,14,0,0,14,14,0,0.0,0.0,1.0,0.0,0.0,1.0,1
"G[1,2](((HR <= 74.576 & Calcium >= 0.000) -> DBP >= 0.000) | Creatinine <= 0.000)
",9999999.000,9999999.000,0.000,1.000,0.000,0,0,14,0,0,14,14,0,0.0,0.0,1.0,0.0,0.0,1.0,1
"G[0,2](Lactate <= 0.000 & MAP <= 76.216)
",9999999.000,9999999.000,0.000,1.000,0.000,0,0,13,1,1,13,13,1,0.0,0.0,1.0,0.0,0.0,1.0,1
"G[0,0](((SBP >= 57.784 | TroponinI <= 4.330) -> Glucose >= 0.179) & pH >= 0.208)
",-4874668864554519.000,-4.330,0.000,1.000,0.000,0,0,0,14,14,0,0,14,0.0,0.0,0.0,0.0,0.0,1.0,1
"G[1,1](Hct >= 1.325 & WBC >= 0.404)
",-1.325,-1.325,0.000,1.000,0.000,0,0,0,14,14,0,0,14,0.0,0.0,0.0,0.0,0.0,1.0,1
"G[0,2]((Resp >= 5.362 | Creatinine <= 0.238) -> PaCO2 >= 0.040)
",9999999.000,9999999.000,0.000,1.000,0.000,0,0,0,14,14,0,0,14,0.0,0.0,0.0,0.0,0.0,1.0,1
"G[0,1]((HCO3 >= 0.890 -> O2Sat <= 62.717) -> Lactate >= 2.169)
",9999999.000,9999999.000,0.000,1.000,0.000,0,0,0,14,14,0,0,14,0.0,0.0,0.0,0.0,0.0,1.0,1
"G[0,2](Chloride >= 4.680 & HCO3 >= 0.081)
",9999999.000,9999999.000,0.000,1.000,0.000,0,0,0,14,14,0,0,14,0.0,0.0,0.0,0.0,0.0,1.0,1
"G[0,2]((Phosphate >= 0.000 & PTT <= 13.477) -> Temp <= 16.830)
",9999999.000,9999999.000,0.000,1.000,0.000,0,0,8,6,6,8,8,6,0.0,0.0,1.0,0.0,0.0,1.0,1
"G[1,2](MAP <= 75.856 | Creatinine >= 0.048)
",9999999.000,9999999.000,0.000,1.000,0.000,0,0,13,1,1,13,13,1,0.0,0.0,1.0,0.0,0.0,1.0,1
"G[0,2](Resp >= 1.141 & BaseExcess >= 0.000)
",9999999.000,9999999.000,0.000,1.000,0.000,0,0,11,3,3,11,11,3,0.0,0.0,1.0,0.0,0.0,1.0,1
"F[1,2](((Calcium <= 0.000 | Fibrinogen <= 0.000) & PTT <= 0.000) & HCO3 <= 0.000)
",-9999999.000,-9999999.000,0.000,0.000,1.000,0,0,0,14,14,0,0,14,0.0,0.0,0.0,0.0,0.0,1.0,-1
"F[0,1]((SaO2 >= 0.000 & Temp >= 5.111) -> Hct <= 27.412)
",-9999999.000,-9999999.000,0.000,0.000,1.000,0,0,0,14,14,0,0,14,0.0,0.0,0.0,0.0,0.0,1.0,-1
"G[1,2]((Hct <= 20.970 & Creatinine <= 0.054) & Hgb >= 0.009)
",9999999.000,9999999.000,0.000,1.000,0.000,0,0,0,14,14,0,0,14,0.0,0.0,0.0,0.0,0.0,1.0,1
"((BaseExcess >= 0.000) U[1,2] (Fibrinogen <= 0.000))
",-9999999.000,-9999999.000,0.000,0.000,1.000,0,0,0,14,14,0,0,14,0.0,0.0,0.0,0.0,0.0,1.0,-1
"F[1,2]((AST <= 0.000 | Fibrinogen >= 0.000) | DBP <= 0.000)
",-9999999.000,-9999999.000,0.000,0.000,1.000,0,0,0,14,14,0,0,14,0.0,0.0,0.0,0.0,0.0,1.0,-1
"F[0,1]((Chloride <= 28.526 | Bilirubin_total <= 0.000) | AST <= 0.000)
",-9999999.000,-9999999.000,0.000,0.000,1.000,0,0,0,14,14,0,0,14,0.0,0.0,0.0,0.0,0.0,1.0,-1
"F[1,2](((HR <= 69.517 & HCO3 <= 27.209) -> TroponinI <= 14.682) | Hgb <= 17.497)
",-9999999.000,-9999999.000,0.000,0.000,1.000,0,0,0,14,14,0,0,14,0.0,0.0,0.0,0.0,0.0,1.0,-1
"F[2,2](HCO3 <= 20.037 & Chloride <= 41.944)
",2819896805870639.000,20.037,0.000,0.000,1.000,0,0,0,14,14,0,0,14,0.0,0.0,0.0,0.0,0.0,1.0,-1
"((Bilirubin_direct <= 0.000) U[0,2] (SepsisLabel >= 0.000))
",-9999999.000,-9999999.000,0.000,0.000,1.000,0,0,0,14,14,0,0,14,0.0,0.0,0.0,0.0,0.0,1.0,-1
"((EtCO2 >= 0.000) U[2,2] (Potassium >= 0.064))
",0.000,0.000,0.000,0.000,1.000,0,0,0,14,14,0,0,14,0.0,0.0,0.0,0.0,0.0,1.0,-1
"F[2,2]((Chloride <= 87.284 | O2Sat >= 24.137) & Phosphate <= 93.620)
",6142047435231370.000,87.284,0.000,0.000,1.000,0,0,0,14,14,0,0,14,0.0,0.0,0.0,0.0,0.0,1.0,-1
"((pH >= 0.000) U[1,2] (O2Sat <= 52.681))
",-9999999.000,-9999999.000,0.000,0.000,1.000,0,0,0,14,14,0,0,14,0.0,0.0,0.0,0.0,0.0,1.0,-1
"F[1,1](((Glucose >= 1.474 -> SaO2 <= 0.000) | FiO2 >= 0.000) & Bilirubin_total <= 0.000)
",0.000,0.000,0.000,0.000,1.000,0,0,0,14,14,0,0,14,0.0,0.0,0.0,0.0,0.0,1.0,-1
"F[0,0](((Platelets >= 5.733 & SepsisLabel >= 0.000) | SepsisLabel >= 0.000) & Platelets >= 0.000)
",0.000,0.000,0.000,0.000,1.000,0,0,0,14,14,0,0,14,0.0,0.0,0.0,0.0,0.0,1.0,-1
"F[1,2](((Fibrinogen <= 0.000 & Magnesium >= 0.055) | SaO2 <= 1.310) | HCO3 <= 0.331)
",-9999999.000,-9999999.000,0.000,0.000,1.000,0,0,0,14,14,0,0,14,0.0,0.0,0.0,0.0,0.0,1.0,-1
"((O2Sat >= 19.711) U[0,1] (Bilirubin_direct >= 0.000))
",-9999999.000,-9999999.000,0.000,0.000,1.000,0,0,0,14,14,0,0,14,0.0,0.0,0.0,0.0,0.0,1.0,-1
"F[0,0](((EtCO2 >= 0.000 | SepsisLabel >= 0.000) | Lactate >= 0.000) | SaO2 <= 0.000)
",0.673,24.714,0.000,0.000,1.000,0,0,0,14,14,0,0,14,0.0,0.0,0.0,0.0,0.0,1.0,-1
"F[0,2](((WBC <= 5.792 & WBC <= 2.895) | Glucose >= 0.277) & Bilirubin_total <= 6.155)
",-9999999.000,-9999999.000,0.000,0.000,1.000,0,0,0,14,14,0,0,14,0.0,0.0,0.0,0.0,0.0,1.0,-1
"F[0,2](EtCO2 >= 0.000 -> FiO2 <= 0.000)
",-9999999.000,-9999999.000,0.000,0.000,1.000,0,0,0,14,14,0,0,14,0.0,0.0,0.0,0.0,0.0,1.0,-1
"F[0,2](((Hct >= 0.028 & Bilirubin_total >= 0.000) & BaseExcess >= 0.000) | WBC <= 0.000)
",-9999999.000,-9999999.000,0.000,0.000,1.000,0,0,0,14,14,0,0,14,0.0,0.0,0.0,0.0,0.0,1.0,-1
"((AST >= 0.000) U[0,1] (Potassium <= 2.648))
",-9999999.000,-9999999.000,0.000,0.000,1.000,0,0,0,14,14,0,0,14,0.0,0.0,0.0,0.0,0.0,1.0,-1
"F[1,2]((Alkalinephos <= 0.000 & MAP <= 87.852) & FiO2 <= 71.353)
",-9999999.000,-9999999.000,0.000,0.000,1.000,0,0,0,14,14,0,0,14,0.0,0.0,0.0,0.0,0.0,1.0,-1
"F[1,2]((DBP <= 0.000 | Alkalinephos <= 0.000) | Bilirubin_direct >= 0.000)
",-9999999.000,-9999999.000,0.000,0.000,1.000,0,0,0,14,14,0,0,14,0.0,0.0,0.0,0.0,0.0,1.0,-1
"F[2,2](((Chloride <= 37.432 | Calcium >= 0.000) -> HR <= 0.000) -> Alkalinephos >= 0.000)
",0.000,0.000,0.000,0.000,1.000,0,0,0,14,14,0,0,14,0.0,0.0,0.0,0.0,0.0,1.0,-1
"((EtCO2 <= 0.000) U[0,2] (TroponinI >= 0.070))
",-9999999.000,-9999999.000,0.000,0.000,1.000,0,0,0,14,14,0,0,14,0.0,0.0,0.0,0.0,0.0,1.0,-1
"F[1,2]((PTT >= 0.687 -> PTT <= 10.696) & HCO3 >= 0.236)
",-9999999.000,-9999999.000,0.000,0.000,1.000,0,0,0,14,14,0,0,14,0.0,0.0,0.0,0.0,0.0,1.0,-1
"F[1,2](((Temp >= 4.197 | WBC >= 0.475) | Calcium >= 0.559) & HR <= 2.489)
",-9999999.000,-9999999.000,0.000,0.000,1.000,0,0,0,14,14,0,0,14,0.0,0.0,0.0,0.0,0.0,1.0,-1
"F[2,2]((Bilirubin_direct <= 0.000 & Phosphate <= 0.000) | pH <= 0.000)
",0.000,0.000,0.000,0.000,1.000,0,0,0,14,14,0,0,14,0.0,0.0,0.0,0.0,0.0,1.0,-1
"F[1,2](PTT <= 17.455 & SaO2 >= 0.000)
",-9999999.000,-9999999.000,0.000,0.000,1.000,0,0,0,14,14,0,0,14,0.0,0.0,0.0,0.0,0.0,1.0,-1
"G[1,2](((Potassium >= 0.272 & Bilirubin_direct <= 0.000) | O2Sat >= 0.000) | EtCO2 >= 0.000)
",9999999.000,9999999.000,0.000,1.000,0.000,0,0,14,0,0,14,14,0,0.0,0.0,1.0,0.0,0.0,1.0,1
"G[1,2](((MAP <= 62.252 & O2Sat >= 32.701) | BaseExcess >= 19.856) & DBP <= 81.930)
",9999999.000,9999999.000,0.000,1.000,0.000,0,0,1,13,13,1,1,13,0.0,0.0,1.0,0.0,0.0,1.0,1
"G[1,2](Creatinine <= 0.200 -> SBP >= 26.060)
",9999999.000,9999999.000,0.000,1.000,0.000,0,0,12,2,2,12,12,2,0.0,0.0,1.0,0.0,0.0,1.0,1
"G[0,2](Hgb >= 0.760 & SBP >= 2.284)
",9999999.000,9999999.000,0.000,1.000,0.000,0,0,0,14,14,0,0,14,0.0,0.0,0.0,0.0,0.0,1.0,1
"G[0,2](((Chloride <= 54.121 | DBP <= 0.000) | Temp <= 0.000) & SaO2 <= 0.000)
",9999999.000,9999999.000,0.000,1.000,0.000,0,0,14,0,0,14,14,0,0.0,0.0,1.0,0.0,0.0,1.0,1
"G[0,2](((WBC <= 8.681 -> Hgb >= 0.274) -> WBC <= 6.717) -> HR <= 10.054)
",9999999.000,9999999.000,0.000,1.000,0.000,0,0,0,14,14,0,0,14,0.0,0.0,0.0,0.0,0.0,1.0,1
"G[0,0]((PaCO2 <= 0.000 | Temp >= 6.510) -> SepsisLabel >= 0.980)
",-0.605,-30.392,0.000,1.000,0.000,0,0,0,14,14,0,0,14,0.0,0.0,0.0,0.0,0.0,1.0,1
"G[0,2](Creatinine >= 0.048 & Platelets <= 52.048)
",9999999.000,9999999.000,0.000,1.000,0.000,0,0,0,14,14,0,0,14,0.0,0.0,0.0,0.0,0.0,1.0,1
"G[0,2](((O2Sat <= 43.463 -> AST <= 0.000) | SepsisLabel >= 0.000) | BUN <= 0.000)
",9999999.000,9999999.000,0.000,1.000,0.000,0,0,14,0,0,14,14,0,0.0,0.0,1.0,0.0,0.0,1.0,1
"G[1,2]((pH >= 0.000 & pH >= 0.000) | Hct <= 0.000)
",9999999.000,9999999.000,0.000,1.000,0.000,0,0,14,0,0,14,14,0,0.0,0.0,1.0,0.0,0.0,1.0,1
"G[1,2]((DBP <= 0.000 -> TroponinI >= 0.007) -> AST >= 0.177)
",9999999.000,9999999.000,0.000,1.000,0.000,0,0,14,0,0,14,14,0,0.0,0.0,1.0,0.0,0.0,1.0,1
"G[0,2](TroponinI >= 0.109 -> Resp <= 21.571)
",9999999.000,9999999.000,0.000,1.000,0.000,0,0,14,0,0,14,14,0,0.0,0.0,1.0,0.0,0.0,1.0,1
"G[1,2]((Bilirubin_total >= 0.000 | BaseExcess <= 0.000) -> Creatinine >= 0.000)
",9999999.000,9999999.000,0.000,1.000,0.000,0,0,14,0,0,14,14,0,0.0,0.0,1.0,0.0,0.0,1.0,1
"G[2,2]((Creatinine >= 0.031 -> Creatinine >= 0.022) | Platelets <= 0.403)
",7268614185274837.000,0.403,0.000,1.000,0.000,0,0,14,0,0,14,14,0,0.0,0.0,1.0,0.0,0.0,1.0,1
"G[1,2](((Potassium >= 0.027 & Hgb >= 0.512) -> O2Sat >= 0.308) | AST <= 4.556)
",9999999.000,9999999.000,0.000,1.000,0.000,0,0,14,0,0,14,14,0,0.0,0.0,1.0,0.0,0.0,1.0,1
"G[1,2](((HR <= 75.074 -> BaseExcess <= 0.000) -> EtCO2 >= 0.000) | BaseExcess >= 0.000)
",9999999.000,9999999.000,0.000,1.000,0.000,0,0,14,0,0,14,14,0,0.0,0.0,1.0,0.0,0.0,1.0,1
"G[0,2]((O2Sat >= 0.026 & FiO2 <= 0.000) | HCO3 <= 0.000)
",9999999.000,9999999.000,0.000,1.000,0.000,0,0,12,2,2,12,12,2,0.0,0.0,1.0,0.0,0.0,1.0,1
"G[1,2]((Bilirubin_direct <= 0.000 & pH >= 0.000) -> WBC >= 0.000)
",9999999.000,9999999.000,0.000,1.000,0.000,0,0,14,0,0,14,14,0,0.0,0.0,1.0,0.0,0.0,1.0,1
"G[0,2](((AST <= 0.000 -> BUN <= 10.188) & HR >= 0.649) & PaCO2 >= 1.014)
",9999999.000,9999999.000,0.000,1.000,0.000,0,0,0,14,14,0,0,14,0.0,0.0,0.0,0.0,0.0,1.0,1
"G[0,1](FiO2 >= 0.000 -> Potassium >= 0.121)
",9999999.000,9999999.000,0.000,1.000,0.000,0,0,0,14,14,0,0,14,0.0,0.0,0.0,0.0,0.0,1.0,1
"G[0,2](((PaCO2 >= 0.000 & SaO2 <= 0.000) | Hgb >= 0.000) -> DBP <= 0.000)
",9999999.000,9999999.000,0.000,1.000,0.000,0,0,14,0,0,14,14,0,0.0,0.0,1.0,0.0,0.0,1.0,1
"G[1,2](((Fibrinogen >= 0.000 | Alkalinephos >= 0.000) & Lactate <= 0.000) | Phosphate >= 0.000)
",9999999.000,9999999.000,0.000,1.000,0.000,0,0,14,0,0,14,14,0,0.0,0.0,1.0,0.0,0.0,1.0,1
"G[1,2](((Phosphate >= 0.000 & BaseExcess <= 0.000) & HCO3 >= 0.000) & FiO2 <= 0.000)
",9999999.000,9999999.000,0.000,1.000,0.000,0,0,14,0,0,14,14,0,0.0,0.0,1.0,0.0,0.0,1.0,1
"G[1,2](Platelets <= 109.680 | WBC >= 0.053)
",9999999.000,9999999.000,0.000,1.000,0.000,0,0,14,0,0,14,14,0,0.0,0.0,1.0,0.0,0.0,1.0,1
"G[2,2]((Bilirubin_total >= 0.000 -> SepsisLabel <= 0.000) -> MAP <= 0.000)
",0.000,0.000,0.000,1.000,0.000,0,0,14,0,0,14,14,0,0.0,0.0,1.0,0.0,0.0,1.0,1
"G[1,2]((Glucose >= 2.004 & Hct <= 22.535) -> Temp <= 18.640)
",9999999.000,9999999.000,0.000,1.000,0.000,0,0,14,0,0,14,14,0,0.0,0.0,1.0,0.0,0.0,1.0,1
"G[1,2](((Creatinine <= 0.128 & Glucose <= 58.583) & HR <= 10.227) & SBP <= 13.964)
",9999999.000,9999999.000,0.000,1.000,0.000,0,0,2,12,12,2,2,12,0.0,0.0,1.0,0.0,0.0,1.0,1
"G[0,2](Glucose >= 2.510 -> SBP <= 100.537)
",9999999.000,9999999.000,0.000,1.000,0.000,0,0,13,1,1,13,13,1,0.0,0.0,1.0,0.0,0.0,1.0,1
"G[1,1](((Hct <= 17.044 & SBP >= 60.241) -> Potassium <= 100.229) & DBP >= 33.085)
",-7052996901721511.000,-100.229,0.000,1.000,0.000,0,0,0,14,14,0,0,14,0.0,0.0,0.0,0.0,0.0,1.0,1
"G[0,2](((Chloride <= 99.915 | SBP >= 2.143) -> Chloride >= 52.233) & Potassium <= 99.266)
",9999999.000,9999999.000,0.000,1.000,0.000,0,0,0,14,14,0,0,14,0.0,0.0,0.0,0.0,0.0,1.0,1
"G[1,2](BUN >= 0.301 | HR <= 63.352)
",9999999.000,9999999.000,0.000,1.000,0.000,0,0,6,8,8,6,6,8,0.0,0.0,1.0,0.0,0.0,1.0,1
"G[0,2]((Fibrinogen >= 0.000 -> Potassium <= 1.923) | Calcium >= 0.142)
",9999999.000,9999999.000,0.000,1.000,0.000,0,0,12,2,2,12,12,2,0.0,0.0,1.0,0.0,0.0,1.0,1
"G[0,2](((Resp <= 23.483 | Resp >= 5.208) | Lactate <= 23.387) & BUN >= 10.683)
",9999999.000,9999999.000,0.000,1.000,0.000,0,0,0,14,14,0,0,14,0.0,0.0,0.0,0.0,0.0,1.0,1
"G[0,2]((HCO3 >= 1.175 -> SBP >= 35.913) & Lactate >= 38.806)
",9999999.000,9999999.000,0.000,1.000,0.000,0,0,0,14,14,0,0,14,0.0,0.0,0.0,0.0,0.0,1.0,1
"G[1,2]((EtCO2 <= 0.000 -> WBC >= 0.189) | SepsisLabel <= 3.521)
",9999999.000,9999999.000,0.000,1.000,0.000,0,0,14,0,0,14,14,0,0.0,0.0,1.0,0.0,0.0,1.0,1
"G[2,2](((SepsisLabel >= 0.000 -> Calcium >= 0.000) & Potassium >= 0.000) & HCO3 >= 0.000)
",0.000,0.000,0.000,1.000,0.000,0,0,14,0,0,14,14,0,0.0,0.0,1.0,0.0,0.0,1.0,1
"G[1,2](((AST >= 0.000 & Bilirubin_total >= 0.000) -> HR <= 0.000) | Alkalinephos >= 0.000)
",9999999.000,9999999.000,0.000,1.000,0.000,0,0,14,0,0,14,14,0,0.0,0.0,1.0,0.0,0.0,1.0,1
"G[0,2](((Hgb <= 10.090 & Bilirubin_total <= 0.000) -> Potassium <= 0.000) -> PaCO2 <= 0.000)
",9999999.000,9999999.000,0.000,1.000,0.000,0,0,14,0,0,14,14,0,0.0,0.0,1.0,0.0,0.0,1.0,1
"G[1,2](((Resp <= 16.324 & Temp >= 5.108) | Calcium >= 2.626) -> SepsisLabel <= 34.906)
",9999999.000,9999999.000,0.000,1.000,0.000,0,0,14,0,0,14,14,0,0.0,0.0,1.0,0.0,0.0,1.0,1
"G[0,2](Platelets >= 3.837 | HCO3 >= 1.535)
",9999999.000,9999999.000,0.000,1.000,0.000,0,0,0,14,14,0,0,14,0.0,0.0,0.0,0.0,0.0,1.0,1
"G[2,2]((Resp <= 20.116 | AST >= 0.000) | pH >= 0.000)
",20.116,20.116,0.000,1.000,0.000,0,0,14,0,0,14,14,0,0.0,0.0,1.0,0.0,0.0,1.0,1
"G[0,1](((Fibrinogen <= 0.000 -> WBC >= 0.342) -> Magnesium <= 4.734) -> Glucose >= 0.234)
",9999999.000,9999999.000,0.000,1.000,0.000,0,0,0,14,14,0,0,14,0.0,0.0,0.0,0.0,0.0,1.0,1
"G[0,1]((DBP >= 0.000 & BaseExcess >= 0.000) -> HR <= 0.000)
",9999999.000,9999999.000,0.000,1.000,0.000,0,0,0,14,14,0,0,14,0.0,0.0,0.0,0.0,0.0,1.0,1
"G[1,2](((O2Sat >= 0.045 -> BaseExcess <= 0.000) | Phosphate <= 0.000) | Temp >= 0.000)
",9999999.000,9999999.000,0.000,1.000,0.000,0,0,14,0,0,14,14,0,0.0,0.0,1.0,0.0,0.0,1.0,1
"G[1,2](((Resp <= 19.047 -> MAP >= 34.987) -> SBP <= 64.659) -> Glucose >= 41.569)
",9999999.000,9999999.000,0.000,1.000,0.000,0,0,12,2,2,12,12,2,0.0,0.0,1.0,0.0,0.0,1.0,1
"G[0,2]((Creatinine <= 0.228 & Bilirubin_total >= 0.000) -> Potassium >= 0.000)
",9999999.000,9999999.000,0.000,1.000,0.000,0,0,14,0,0,14,14,0,0.0,0.0,1.0,0.0,0.0,1.0,1
"G[0,1](HCO3 >= 1.307 & Temp >= 5.164)
",9999999.000,9999999.000,0.000,1.000,0.000,0,0,0,14,14,0,0,14,0.0,0.0,0.0,0.0,0.0,1.0,1
"G[2,2](SaO2 <= 0.000 -> Fibrinogen >= 0.000)
",0.000,0.000,0.000,1.000,0.000,0,0,14,0,0,14,14,0,0.0,0.0,1.0,0.0,0.0,1.0,1
"G[0,2]((Hgb >= 0.564 -> Calcium <= 0.000) | Temp <= 0.000)
",9999999.000,9999999.000,0.000,1.000,0.000,0,0,14,0,0,14,14,0,0.0,0.0,1.0,0.0,0.0,1.0,1
"G[1,1](Hct >= 1.085 | Platelets >= 4.959)
",-1.085,-1.085,0.000,1.000,0.000,0,0,0,14,14,0,0,14,0.0,0.0,0.0,0.0,0.0,1.0,1
"G[1,2](Resp >= 12.048 -> PTT <= 16.341)
",9999999.000,9999999.000,0.000,1.000,0.000,0,0,14,0,0,14,14,0,0.0,0.0,1.0,0.0,0.0,1.0,1
"G[0,1](((PaCO2 <= 0.000 | Magnesium >= 0.026) -> Fibrinogen >= 0.037) & Magnesium >= 0.036)
",9999999.000,9999999.000,0.000,1.000,0.000,0,0,0,14,14,0,0,14,0.0,0.0,0.0,0.0,0.0,1.0,1
"G[2,2](Alkalinephos >= 0.000 | MAP >= 4.926)
",0.000,0.000,0.000,1.000,0.000,0,0,14,0,0,14,14,0,0.0,0.0,1.0,0.0,0.0,1.0,1
"G[2,2](((Potassium <= 0.930 & EtCO2 <= 0.000) -> Creatinine >= 0.000) & BUN >= 0.000)
",0.000,0.000,0.000,1.000,0.000,0,0,14,0,0,14,14,0,0.0,0.0,1.0,0.0,0.0,1.0,1
"G[0,2]((HCO3 >= 0.201 | BUN <= 3.361) & EtCO2 >= 0.216)
",9999999.000,9999999.000,0.000,1.000,0.000,0,0,0,14,14,0,0,14,0.0,0.0,0.0,0.0,0.0,1.0,1
"G[1,2](((DBP <= 0.000 & Platelets <= 88.407) -> Temp >= 6.661) & FiO2 >= 0.378)
",9999999.000,9999999.000,0.000,1.000,0.000,0,0,0,14,14,0,0,14,0.0,0.0,0.0,0.0,0.0,1.0,1
"G[1,2]((SepsisLabel >= 0.000 -> Calcium >= 0.000) -> WBC >= 0.000)
",9999999.000,9999999.000,0.000,1.000,0.000,0,0,14,0,0,14,14,0,0.0,0.0,1.0,0.0,0.0,1.0,1
"G[0,2]((PTT <= 7.815 & O2Sat >= 1.579) | BUN >= 1.413)
",9999999.000,9999999.000,0.000,1.000,0.000,0,0,2,12,12,2,2,12,0.0,0.0,1.0,0.0,0.0,1.0,1
"((HCO3 <= 10.372) U[0,1] (DBP >= 0.000))
",-9999999.000,-9999999.000,0.000,0.000,1.000,0,0,0,14,14,0,0,14,0.0,0.0,0.0,0.0,0.0,1.0,-1
