Rule,Discrimination Score,Pos Robustness,Neg Robustness,Percent Class +,Percent Class -,TP,TN,FP,FN,Actual Yes,Actual No,Predicted Yes,Predicted No,TPR/Sens,TNR/Spec,FPR,Precision,Accuracy,MCR
"F[1,1](FiO2 >= 0.000 -> BUN >= 0.032)
",0.000,0.000,0.000,0.000,1.000,14,0,0,0,14,0,14,0,1.0,0,0,1.0,1.0,0.0
"F[0,1]((Magnesium >= 0.062 & SBP >= 35.000) & FiO2 >= 98.218)
",-9999999.000,-9999999.000,0.000,0.000,1.000,14,0,0,0,14,0,14,0,1.0,0,0,1.0,1.0,0.0
"F[0,1]((Calcium <= 1.828 & Potassium <= 0.870) & Magnesium >= 0.033)
",-9999999.000,-9999999.000,0.000,0.000,1.000,14,0,0,0,14,0,14,0,1.0,0,0,1.0,1.0,0.0
"F[0,1]((Magnesium <= 1.276 | Hct >= 3.690) -> HCO3 >= 1.412)
",-9999999.000,-9999999.000,0.000,0.000,1.000,14,0,0,0,14,0,14,0,1.0,0,0,1.0,1.0,0.0
"F[0,0]((O2Sat >= 87.521 | Glucose >= 5.762) & FiO2 >= 8.705)
",-8.705,-8.705,0.000,0.000,1.000,14,0,0,0,14,0,14,0,1.0,0,0,1.0,1.0,0.0
"F[0,1]((MAP >= 31.465 & Hgb <= 7.189) & Potassium >= 0.349)
",-9999999.000,-9999999.000,0.000,0.000,1.000,14,0,0,0,14,0,14,0,1.0,0,0,1.0,1.0,0.0
"F[1,1](((PTT >= 0.814 -> PaCO2 >= 0.000) | Resp <= 0.000) -> O2Sat <= 0.000)
",0.000,0.000,0.000,0.000,1.000,14,0,0,0,14,0,14,0,1.0,0,0,1.0,1.0,0.0
"F[1,1]((Calcium <= 4.683 & Potassium <= 0.185) & Magnesium >= 0.050)
",-7170187132408455.000,-0.050,0.000,0.000,1.000,14,0,0,0,14,0,14,0,1.0,0,0,1.0,1.0,0.0
"F[1,1](((WBC <= 1.492 | Glucose >= 5.338) & Bilirubin_total <= 42.439) & Platelets >= 9.036)
",-5086819110533825.000,-9.036,0.000,0.000,1.000,14,0,0,0,14,0,14,0,1.0,0,0,1.0,1.0,0.0
"F[0,0]((Glucose >= 3.320 & PTT <= 6.782) & Lactate <= 12.819)
",-0.587,-10.871,0.000,0.000,1.000,14,0,0,0,14,0,14,0,1.0,0,0,1.0,1.0,0.0
"F[0,0](((SaO2 <= 0.000 | MAP <= 92.733) -> HCO3 >= 6.310) & AST >= 1.160)
",-0.342,-8.033,0.000,0.000,1.000,14,0,0,0,14,0,14,0,1.0,0,0,1.0,1.0,0.0
"F[1,1](((PTT <= 24.569 | Temp >= 4.866) | AST >= 5.662) & MAP <= 21.300)
",21.300,21.300,0.000,0.000,1.000,14,0,0,0,14,0,14,0,1.0,0,0,1.0,1.0,0.0
"((Magnesium >= 0.001) U[1,1] (PTT >= 0.899))
",-0.001,-0.001,0.000,0.000,1.000,14,0,0,0,14,0,14,0,1.0,0,0,1.0,1.0,0.0
"F[1,1]((Calcium <= 1.160 & Potassium <= 1.235) & Magnesium >= 0.042)
",-0.042,-0.042,0.000,0.000,1.000,14,0,0,0,14,0,14,0,1.0,0,0,1.0,1.0,0.0
"F[0,1]((BaseExcess >= 0.000 | Hct >= 2.594) -> HCO3 >= 2.155)
",-9999999.000,-9999999.000,0.000,0.000,1.000,14,0,0,0,14,0,14,0,1.0,0,0,1.0,1.0,0.0
"F[0,0]((Calcium <= 0.672 & Potassium <= 3.618) & Magnesium >= 0.015)
",-8394821031202673.000,-0.015,0.000,0.000,1.000,14,0,0,0,14,0,14,0,1.0,0,0,1.0,1.0,0.0
"F[1,1](((Calcium >= 0.288 -> AST <= 120.984) | TroponinI >= 2.768) -> Magnesium >= 3.026)
",2.768,2.768,0.000,0.000,1.000,14,0,0,0,14,0,14,0,1.0,0,0,1.0,1.0,0.0
"F[0,0](((BUN >= 0.207 | SBP <= 136.155) | Chloride >= 87.044) & Bilirubin_total >= 25.590)
",-25.590,-25.590,0.000,0.000,1.000,14,0,0,0,14,0,14,0,1.0,0,0,1.0,1.0,0.0
"F[0,1]((MAP <= 74.817 & O2Sat >= 12.832) & BaseExcess >= 82.930)
",-9999999.000,-9999999.000,0.000,0.000,1.000,14,0,0,0,14,0,14,0,1.0,0,0,1.0,1.0,0.0
"F[1,1](((Glucose <= 67.402 & Phosphate >= 0.139) & DBP <= 2.365) & Creatinine >= 0.139)
",-5004013268836489.000,-0.139,0.000,0.000,1.000,14,0,0,0,14,0,14,0,1.0,0,0,1.0,1.0,0.0
"((HCO3 >= 0.000) U[1,1] (WBC >= 0.087))
",0.000,0.000,0.000,0.000,1.000,14,0,0,0,14,0,14,0,1.0,0,0,1.0,1.0,0.0
"F[0,0](((Chloride <= 0.000 | Hgb <= 7.482) & Glucose >= 0.693) & PTT <= 3.825)
",-0.693,-0.693,0.000,0.000,1.000,14,0,0,0,14,0,14,0,1.0,0,0,1.0,1.0,0.0
"F[0,0]((Hct >= 2.494 | Calcium <= 1.861) -> Fibrinogen >= 0.176)
",-4191655934249966.500,-1.861,0.000,0.000,1.000,14,0,0,0,14,0,14,0,1.0,0,0,1.0,1.0,0.0
"F[1,1](Calcium >= 0.256 & Calcium <= 6.907)
",-0.256,-0.256,0.000,0.000,1.000,14,0,0,0,14,0,14,0,1.0,0,0,1.0,1.0,0.0
"F[0,1]((MAP <= 80.755 | Bilirubin_total <= 0.442) & Chloride >= 0.063)
",-9999999.000,-9999999.000,0.000,0.000,1.000,14,0,0,0,14,0,14,0,1.0,0,0,1.0,1.0,0.0
"F[0,0](((Bilirubin_total <= 1.294 -> Resp >= 2.555) & Fibrinogen >= 10.571) & Bilirubin_total >= 12.620)
",-2.865,-52.208,0.000,0.000,1.000,14,0,0,0,14,0,14,0,1.0,0,0,1.0,1.0,0.0
"F[0,1]((Calcium <= 7.535 & Potassium <= 0.763) & Magnesium >= 0.010)
",-9999999.000,-9999999.000,0.000,0.000,1.000,14,0,0,0,14,0,14,0,1.0,0,0,1.0,1.0,0.0
"F[0,0]((EtCO2 >= 0.000 | Lactate <= 0.000) -> HR <= 0.000)
",-1.879,-15.357,0.000,0.000,1.000,13,0,0,1,14,0,13,1,0.9285714285714286,0,0,1.0,0.9285714285714286,0.0714285714285714
"F[0,0]((Bilirubin_direct <= 0.000 & WBC >= 0.098) & Potassium <= 3.833)
",-7031192052646614.000,-0.098,0.000,0.000,1.000,13,0,0,1,14,0,13,1,0.9285714285714286,0,0,1.0,0.9285714285714286,0.0714285714285714
"F[0,1](((pH >= 0.000 | Bilirubin_total >= 0.061) | SepsisLabel <= 0.770) & PTT >= 0.039)
",-9999999.000,-9999999.000,0.000,0.000,1.000,13,0,0,1,14,0,13,1,0.9285714285714286,0,0,1.0,0.9285714285714286,0.0714285714285714
"((Glucose >= 5.926) U[0,1] (Phosphate >= 0.127))
",-9999999.000,-9999999.000,0.000,0.000,1.000,13,0,0,1,14,0,13,1,0.9285714285714286,0,0,1.0,0.9285714285714286,0.0714285714285714
"F[0,1](HCO3 >= 0.000 -> Phosphate >= 0.031)
",-9999999.000,-9999999.000,0.000,0.000,1.000,13,0,0,1,14,0,13,1,0.9285714285714286,0,0,1.0,0.9285714285714286,0.0714285714285714
"F[0,0]((Temp >= 5.629 & WBC <= 1.001) & pH <= 3.219)
",0.309,0.527,0.000,0.000,1.000,13,0,0,1,14,0,13,1,0.9285714285714286,0,0,1.0,0.9285714285714286,0.0714285714285714
"((Alkalinephos <= 32.589) U[0,0] (Temp >= 5.929))
",5.695,85.394,0.000,0.000,1.000,13,0,0,1,14,0,13,1,0.9285714285714286,0,0,1.0,0.9285714285714286,0.0714285714285714
"F[0,1]((MAP <= 98.868 -> WBC >= 0.028) & AST >= 0.265)
",-9999999.000,-9999999.000,0.000,0.000,1.000,13,0,0,1,14,0,13,1,0.9285714285714286,0,0,1.0,0.9285714285714286,0.0714285714285714
"F[0,1](((FiO2 >= 0.000 -> Alkalinephos >= 3.006) -> SaO2 <= 160.032) & Calcium >= 8.213)
",-9999999.000,-9999999.000,0.000,0.000,1.000,13,0,0,1,14,0,13,1,0.9285714285714286,0,0,1.0,0.9285714285714286,0.0714285714285714
"F[0,1](((PTT >= 1.346 | BUN >= 0.232) -> EtCO2 >= 0.170) & WBC >= 0.280)
",-9999999.000,-9999999.000,0.000,0.000,1.000,13,0,0,1,14,0,13,1,0.9285714285714286,0,0,1.0,0.9285714285714286,0.0714285714285714
"((MAP <= 80.797) U[0,0] (Temp >= 3.352))
",21.076,91.230,0.000,0.000,1.000,13,0,0,1,14,0,13,1,0.9285714285714286,0,0,1.0,0.9285714285714286,0.0714285714285714
"((O2Sat <= 94.460) U[1,1] (Temp <= 18.405))
",94.460,94.460,0.000,0.000,1.000,12,0,0,2,14,0,12,2,0.8571428571428571,0,0,1.0,0.8571428571428571,0.1428571428571429
"F[0,0](DBP >= 32.317 -> Hgb >= 0.012)
",-1.946,-38.312,0.000,0.000,1.000,11,0,0,3,14,0,11,3,0.7857142857142857,0,0,1.0,0.7857142857142857,0.2142857142857143
"F[0,1](Bilirubin_total >= 0.059 | Hct >= 0.583)
",-9999999.000,-9999999.000,0.000,0.000,1.000,11,0,0,3,14,0,11,3,0.7857142857142857,0,0,1.0,0.7857142857142857,0.2142857142857143
"F[0,1]((Hct <= 7.134 -> WBC >= 0.083) & SBP >= 0.125)
",-9999999.000,-9999999.000,0.000,0.000,1.000,11,0,0,3,14,0,11,3,0.7857142857142857,0,0,1.0,0.7857142857142857,0.2142857142857143
"F[0,1](((PTT <= 34.870 & Platelets <= 31.916) & Resp >= 2.095) -> Hct >= 0.389)
",-9999999.000,-9999999.000,0.000,0.000,1.000,9,0,0,5,14,0,9,5,0.6428571428571429,0,0,1.0,0.6428571428571429,0.3571428571428571
"F[0,1]((Hct <= 34.339 | SBP <= 113.201) & HR >= 97.564)
",-9999999.000,-9999999.000,0.000,0.000,1.000,8,0,0,6,14,0,8,6,0.5714285714285714,0,0,1.0,0.5714285714285714,0.4285714285714286
"F[0,1](Temp > 5.259 & SepsisLabel = 0.000)
",-9999999.000,-9999999.000,0.000,0.000,1.000,8,0,0,6,14,0,8,6,0.5714285714285714,0,0,1.0,0.5714285714285714,0.4285714285714286
"((Platelets <= 22.933) U[1,1] (SBP <= 99.141))
",6976427122788714.000,99.141,0.000,0.000,1.000,7,0,0,7,14,0,7,7,0.5,0,0,1.0,0.5,0.5
"F[1,1](Resp <= 18.126 & PaCO2 <= 0.000)
",0.000,0.000,0.000,0.000,1.000,6,0,0,8,14,0,6,8,0.42857142857142855,0,0,1.0,0.42857142857142855,0.5714285714285714
"F[0,1](Resp <= 16.376 & TroponinI <= 0.000)
",-9999999.000,-9999999.000,0.000,0.000,1.000,6,0,0,8,14,0,6,8,0.42857142857142855,0,0,1.0,0.42857142857142855,0.5714285714285714
"((MAP >= 4.512) U[0,0] (SBP <= 103.816))
",9.143,104.997,0.000,0.000,1.000,5,0,0,9,14,0,5,9,0.35714285714285715,0,0,1.0,0.35714285714285715,0.6428571428571428
"F[1,1](Temp < 10.910 & SepsisLabel = 0.000)
",0.000,0.000,0.000,0.000,1.000,5,0,0,9,14,0,5,9,0.35714285714285715,0,0,1.0,0.35714285714285715,0.6428571428571428
"((SepsisLabel <= 0.000) U[1,1] (HR <= 100.300))
",100.300,100.300,0.000,0.000,1.000,3,0,0,11,14,0,3,11,0.21428571428571427,0,0,1.0,0.21428571428571427,0.7857142857142857
"F[0,0](Hgb <= 7.676 | Hct <= 30.244)
",30.244,30.244,0.000,0.000,1.000,2,0,0,12,14,0,2,12,0.14285714285714285,0,0,1.0,0.14285714285714285,0.8571428571428572
"((Hgb <= 8.626) U[1,1] (TroponinI >= 0.000))
",8.626,8.626,0.000,0.000,1.000,2,0,0,12,14,0,2,12,0.14285714285714285,0,0,1.0,0.14285714285714285,0.8571428571428572
"F[0,0](Hgb <= 8.002 | Hct <= 24.210)
",6814571087103743.000,24.210,0.000,0.000,1.000,2,0,0,12,14,0,2,12,0.14285714285714285,0,0,1.0,0.14285714285714285,0.8571428571428572
"F[1,1]((AST >= 4.840 -> Hct >= 1.303) -> Hct <= 5.610)
",-3157878247144927.000,-5.610,0.000,0.000,1.000,1,0,0,13,14,0,1,13,0.07142857142857142,0,0,1.0,0.07142857142857142,0.9285714285714286
"((Alkalinephos <= 89.796) U[1,2] (Hct <= 19.510))
",-9999999.000,-9999999.000,0.000,0.000,1.000,1,0,0,13,14,0,1,13,0.07142857142857142,0,0,1.0,0.07142857142857142,0.9285714285714286
"((SBP <= 115.754) U[1,2] (Temp >= 0.050))
",-9999999.000,-9999999.000,0.000,0.000,1.000,1,0,0,13,14,0,1,13,0.07142857142857142,0,0,1.0,0.07142857142857142,0.9285714285714286
"F[0,0]((HR >= 76.996 -> Phosphate >= 0.028) -> O2Sat >= 0.017)
",-3.069,-81.126,0.000,0.000,1.000,1,0,0,13,14,0,1,13,0.07142857142857142,0,0,1.0,0.07142857142857142,0.9285714285714286
"((Platelets <= 7.405) U[0,0] (DBP >= 27.393))
",2.244,43.414,0.000,0.000,1.000,1,0,0,13,14,0,1,13,0.07142857142857142,0,0,1.0,0.07142857142857142,0.9285714285714286
"F[1,1]((Lactate <= 0.000 & MAP <= 104.394) & WBC <= 78.730)
",0.000,0.000,0.000,0.000,1.000,1,0,0,13,14,0,1,13,0.07142857142857142,0,0,1.0,0.07142857142857142,0.9285714285714286
"F[0,0]((O2Sat <= 98.191 | Potassium >= 0.053) | SBP <= 3.899)
",0.828,19.704,0.000,0.000,1.000,1,0,0,13,14,0,1,13,0.07142857142857142,0,0,1.0,0.07142857142857142,0.9285714285714286
"F[0,0](Fibrinogen >= 0.000 -> Bilirubin_total <= 0.443)
",-3991916637453136.500,-0.443,0.000,0.000,1.000,1,0,0,13,14,0,1,13,0.07142857142857142,0,0,1.0,0.07142857142857142,0.9285714285714286
"((MAP > 13.239) U[1,2] (SepsisLabel = 0.000))
",-9999999.000,-9999999.000,0.000,0.000,1.000,1,0,0,13,14,0,1,13,0.07142857142857142,0,0,1.0,0.07142857142857142,0.9285714285714286
"F[0,0](EtCO2 <= 0.000 -> Alkalinephos <= 112.432)
",-3955859773192880.500,-112.432,0.000,0.000,1.000,1,0,0,13,14,0,1,13,0.07142857142857142,0,0,1.0,0.07142857142857142,0.9285714285714286
"F[0,0](pH <= 0.000 & MAP >= 46.067)
",-0.277,-3.291,0.000,0.000,1.000,1,0,0,13,14,0,1,13,0.07142857142857142,0,0,1.0,0.07142857142857142,0.9285714285714286
"((AST < 133.280) U[1,2] (SepsisLabel = 0.000))
",-9999999.000,-9999999.000,0.000,0.000,1.000,1,0,0,13,14,0,1,13,0.07142857142857142,0,0,1.0,0.07142857142857142,0.9285714285714286
"((AST <= 68.177) U[1,2] (Platelets <= 7.971))
",-9999999.000,-9999999.000,0.000,0.000,1.000,1,0,0,13,14,0,1,13,0.07142857142857142,0,0,1.0,0.07142857142857142,0.9285714285714286
"((DBP > 14.660) U[1,2] (SepsisLabel = 0.000))
",-9999999.000,-9999999.000,0.000,0.000,1.000,1,0,0,13,14,0,1,13,0.07142857142857142,0,0,1.0,0.07142857142857142,0.9285714285714286
"F[0,0](((Calcium < 3.795 & Potassium < 0.169) & Magnesium < 0.137) & Phosphate < 2.304)
",0.137,0.137,0.000,0.000,1.000,1,0,0,13,14,0,1,13,0.07142857142857142,0,0,1.0,0.07142857142857142,0.9285714285714286
"F[0,0](((Calcium < 5.752 & Potassium < 3.893) & Magnesium < 0.366) & Phosphate < 0.681)
",0.366,0.366,0.000,0.000,1.000,1,0,0,13,14,0,1,13,0.07142857142857142,0,0,1.0,0.07142857142857142,0.9285714285714286
"F[0,0](((Calcium < 5.754 & Potassium < 2.038) & Magnesium < 1.614) & Phosphate < 0.391)
",7051167425764070.000,0.391,0.000,0.000,1.000,1,0,0,13,14,0,1,13,0.07142857142857142,0,0,1.0,0.07142857142857142,0.9285714285714286
"F[0,0]((Phosphate >= 0.090 & Magnesium > 0.010) -> Calcium < 0.678)
",-0.678,-0.678,0.000,0.000,1.000,1,0,0,13,14,0,1,13,0.07142857142857142,0,0,1.0,0.07142857142857142,0.9285714285714286
"F[2,2]((FiO2 <= 0.000 & SaO2 >= 0.000) & TroponinI <= 0.000)
",0.000,0.000,0.000,0.000,1.000,0,0,0,14,14,0,0,14,0.0,0,0,0.0,0.0,1.0
"((Hgb <= 2.299) U[0,2] (Platelets >= 1.909))
",-9999999.000,-9999999.000,0.000,0.000,1.000,0,0,0,14,14,0,0,14,0.0,0,0,0.0,0.0,1.0
"F[0,2]((PaCO2 >= 0.000 | PaCO2 <= 0.000) -> PaCO2 <= 0.000)
",-9999999.000,-9999999.000,0.000,0.000,1.000,0,0,0,14,14,0,0,14,0.0,0,0,0.0,0.0,1.0
"F[0,2](((BaseExcess <= 0.000 | AST <= 114.149) | SepsisLabel >= 3.710) -> Alkalinephos >= 5.553)
",-9999999.000,-9999999.000,0.000,0.000,1.000,0,0,0,14,14,0,0,14,0.0,0,0,0.0,0.0,1.0
"F[0,1]((Glucose >= 8.487 -> MAP >= 36.353) | EtCO2 <= 70.571)
",-9999999.000,-9999999.000,0.000,0.000,1.000,0,0,0,14,14,0,0,14,0.0,0,0,0.0,0.0,1.0
"F[0,2](((Platelets <= 18.493 | DBP <= 75.205) | SepsisLabel >= 32.660) | DBP >= 5.220)
",-9999999.000,-9999999.000,0.000,0.000,1.000,0,0,0,14,14,0,0,14,0.0,0,0,0.0,0.0,1.0
"F[1,2](Lactate >= 0.000 -> Lactate >= 0.000)
",-9999999.000,-9999999.000,0.000,0.000,1.000,0,0,0,14,14,0,0,14,0.0,0,0,0.0,0.0,1.0
"F[0,2](((SepsisLabel <= 0.000 | MAP <= 106.248) & Temp >= 45.427) & Magnesium >= 58.745)
",-9999999.000,-9999999.000,0.000,0.000,1.000,0,0,0,14,14,0,0,14,0.0,0,0,0.0,0.0,1.0
"F[0,2](((Magnesium <= 1.159 & MAP <= 88.754) | Bilirubin_total >= 54.796) & Alkalinephos >= 60.080)
",-9999999.000,-9999999.000,0.000,0.000,1.000,0,0,0,14,14,0,0,14,0.0,0,0,0.0,0.0,1.0
"F[1,2](((Chloride >= 0.000 | pH <= 0.000) -> FiO2 >= 0.000) -> FiO2 <= 0.000)
",-9999999.000,-9999999.000,0.000,0.000,1.000,0,0,0,14,14,0,0,14,0.0,0,0,0.0,0.0,1.0
"F[0,1](SaO2 >= 0.000 -> BaseExcess <= 0.000)
",-9999999.000,-9999999.000,0.000,0.000,1.000,0,0,0,14,14,0,0,14,0.0,0,0,0.0,0.0,1.0
"((DBP <= 85.172) U[2,2] (PTT <= 4.946))
",5993467351062543.000,85.172,0.000,0.000,1.000,0,0,0,14,14,0,0,14,0.0,0,0,0.0,0.0,1.0
"F[0,0](((Lactate <= 0.000 -> SepsisLabel >= 0.000) -> WBC >= 0.000) | FiO2 <= 0.000)
",0.000,0.000,0.000,0.000,1.000,0,0,0,14,14,0,0,14,0.0,0,0,0.0,0.0,1.0
"((AST <= 10.584) U[0,1] (Platelets <= 25.959))
",-9999999.000,-9999999.000,0.000,0.000,1.000,0,0,0,14,14,0,0,14,0.0,0,0,0.0,0.0,1.0
"((Glucose <= 79.177) U[1,2] (HR <= 86.516))
",-9999999.000,-9999999.000,0.000,0.000,1.000,0,0,0,14,14,0,0,14,0.0,0,0,0.0,0.0,1.0
"F[1,1]((Hct >= 0.473 & Bilirubin_total >= 0.087) -> Alkalinephos <= 1.729)
",-3893268076494407.500,-1.729,0.000,0.000,1.000,0,0,0,14,14,0,0,14,0.0,0,0,0.0,0.0,1.0
"F[1,1](PaCO2 <= 0.000 | Temp >= 2.016)
",0.000,0.000,0.000,0.000,1.000,0,0,0,14,14,0,0,14,0.0,0,0,0.0,0.0,1.0
"F[0,1]((SepsisLabel <= 0.000 -> HCO3 <= 0.000) & Hgb <= 0.000)
",-9999999.000,-9999999.000,0.000,0.000,1.000,0,0,0,14,14,0,0,14,0.0,0,0,0.0,0.0,1.0
"F[0,1](SBP <= 139.210 & TroponinI >= 0.000)
",-9999999.000,-9999999.000,0.000,0.000,1.000,0,0,0,14,14,0,0,14,0.0,0,0,0.0,0.0,1.0
"F[0,0](((Glucose >= 6.136 | SBP >= 56.304) -> Potassium >= 36.587) | Magnesium <= 122.198)
",4299460474152698.500,122.198,0.000,0.000,1.000,0,0,0,14,14,0,0,14,0.0,0,0,0.0,0.0,1.0
"((TroponinI >= 0.000) U[0,2] (PaCO2 <= 0.000))
",-9999999.000,-9999999.000,0.000,0.000,1.000,0,0,0,14,14,0,0,14,0.0,0,0,0.0,0.0,1.0
"F[0,2]((AST >= 1.909 | BaseExcess >= 0.000) -> Calcium >= 0.000)
",-9999999.000,-9999999.000,0.000,0.000,1.000,0,0,0,14,14,0,0,14,0.0,0,0,0.0,0.0,1.0
"F[0,2](((BUN >= 0.129 & SaO2 >= 0.000) | FiO2 >= 0.000) -> pH >= 0.000)
",-9999999.000,-9999999.000,0.000,0.000,1.000,0,0,0,14,14,0,0,14,0.0,0,0,0.0,0.0,1.0
"F[0,2]((Bilirubin_total >= 0.007 & Alkalinephos >= 6.218) & Chloride >= 4.865)
",-9999999.000,-9999999.000,0.000,0.000,1.000,0,0,0,14,14,0,0,14,0.0,0,0,0.0,0.0,1.0
"F[0,2](((Resp >= 14.044 & Potassium <= 1.554) | WBC >= 0.126) -> Chloride >= 0.015)
",-9999999.000,-9999999.000,0.000,0.000,1.000,0,0,0,14,14,0,0,14,0.0,0,0,0.0,0.0,1.0
"F[1,2]((Potassium >= 0.093 & Lactate <= 0.000) | Platelets >= 0.000)
",-9999999.000,-9999999.000,0.000,0.000,1.000,0,0,0,14,14,0,0,14,0.0,0,0,0.0,0.0,1.0
"F[1,2]((Lactate <= 0.000 -> PaCO2 <= 0.000) -> Bilirubin_total <= 0.000)
",-9999999.000,-9999999.000,0.000,0.000,1.000,0,0,0,14,14,0,0,14,0.0,0,0,0.0,0.0,1.0
"F[1,2](FiO2 >= 0.000 & PaCO2 <= 0.000)
",-9999999.000,-9999999.000,0.000,0.000,1.000,0,0,0,14,14,0,0,14,0.0,0,0,0.0,0.0,1.0
"F[0,1](((O2Sat <= 96.600 | Lactate <= 0.000) | Fibrinogen >= 0.000) -> HR >= 0.000)
",-9999999.000,-9999999.000,0.000,0.000,1.000,0,0,0,14,14,0,0,14,0.0,0,0,0.0,0.0,1.0
"F[0,2]((SBP >= 32.107 -> O2Sat >= 29.320) & PTT >= 23.799)
",-9999999.000,-9999999.000,0.000,0.000,1.000,0,0,0,14,14,0,0,14,0.0,0,0,0.0,0.0,1.0
"((SBP <= 137.221) U[1,2] (PaCO2 >= 0.000))
",-9999999.000,-9999999.000,0.000,0.000,1.000,0,0,0,14,14,0,0,14,0.0,0,0,0.0,0.0,1.0
"((SBP >= 12.143) U[0,1] (MAP >= 7.744))
",-9999999.000,-9999999.000,0.000,0.000,1.000,0,0,0,14,14,0,0,14,0.0,0,0,0.0,0.0,1.0
"((DBP >= 46.787) U[0,0] (HCO3 >= 0.000))
",1.386,24.876,0.000,0.000,1.000,0,0,0,14,14,0,0,14,0.0,0,0,0.0,0.0,1.0
"F[1,2](((BaseExcess <= 0.000 & DBP <= 85.983) -> O2Sat <= 83.326) | EtCO2 <= 70.281)
",-9999999.000,-9999999.000,0.000,0.000,1.000,0,0,0,14,14,0,0,14,0.0,0,0,0.0,0.0,1.0
"F[2,2](Hgb <= 6.610 & HR >= 33.937)
",-4776204662387567.000,-33.937,0.000,0.000,1.000,0,0,0,14,14,0,0,14,0.0,0,0,0.0,0.0,1.0
"F[1,2](((Hct <= 8.609 | Magnesium <= 0.900) | Hct >= 0.068) | pH <= 0.532)
",-9999999.000,-9999999.000,0.000,0.000,1.000,0,0,0,14,14,0,0,14,0.0,0,0,0.0,0.0,1.0
"F[0,2]((Fibrinogen <= 0.000 & Fibrinogen >= 0.000) -> Hct >= 0.000)
",-9999999.000,-9999999.000,0.000,0.000,1.000,0,0,0,14,14,0,0,14,0.0,0,0,0.0,0.0,1.0
"F[0,2](((SaO2 >= 0.000 -> Phosphate >= 0.131) -> SBP <= 1.362) | HR <= 3.360)
",-9999999.000,-9999999.000,0.000,0.000,1.000,0,0,0,14,14,0,0,14,0.0,0,0,0.0,0.0,1.0
"F[2,2](((Phosphate >= 0.125 | Chloride >= 0.000) | SepsisLabel <= 0.000) -> Bilirubin_direct >= 0.000)
",0.000,0.000,0.000,0.000,1.000,0,0,0,14,14,0,0,14,0.0,0,0,0.0,0.0,1.0
"F[1,2](((Potassium <= 1.055 | Bilirubin_direct >= 0.000) -> Potassium <= 0.000) | HCO3 >= 0.000)
",-9999999.000,-9999999.000,0.000,0.000,1.000,0,0,0,14,14,0,0,14,0.0,0,0,0.0,0.0,1.0
"((Phosphate <= 0.172) U[0,2] (MAP <= 79.986))
",-9999999.000,-9999999.000,0.000,0.000,1.000,0,0,0,14,14,0,0,14,0.0,0,0,0.0,0.0,1.0
"F[0,2](((Glucose >= 6.563 | Phosphate >= 0.102) & Fibrinogen <= 0.338) & Fibrinogen <= 3.534)
",-9999999.000,-9999999.000,0.000,0.000,1.000,0,0,0,14,14,0,0,14,0.0,0,0,0.0,0.0,1.0
"F[0,1](Alkalinephos <= 121.933 -> FiO2 >= 0.000)
",-9999999.000,-9999999.000,0.000,0.000,1.000,0,0,0,14,14,0,0,14,0.0,0,0,0.0,0.0,1.0
"F[2,2](O2Sat <= 98.931 | MAP <= 100.324)
",7059678179409465.000,100.324,0.000,0.000,1.000,0,0,0,14,14,0,0,14,0.0,0,0,0.0,0.0,1.0
"F[0,2]((DBP <= 75.703 & WBC <= 3.334) | Glucose >= 0.265)
",-9999999.000,-9999999.000,0.000,0.000,1.000,0,0,0,14,14,0,0,14,0.0,0,0,0.0,0.0,1.0
"F[2,2](Glucose <= 21.292 | Bilirubin_direct >= 0.000)
",21.292,21.292,0.000,0.000,1.000,0,0,0,14,14,0,0,14,0.0,0,0,0.0,0.0,1.0
"F[1,2]((Hct <= 24.550 | HCO3 >= 0.000) | DBP <= 0.000)
",-9999999.000,-9999999.000,0.000,0.000,1.000,0,0,0,14,14,0,0,14,0.0,0,0,0.0,0.0,1.0
"F[0,1]((Creatinine <= 0.203 & SBP <= 134.815) -> Alkalinephos <= 123.479)
",-9999999.000,-9999999.000,0.000,0.000,1.000,0,0,0,14,14,0,0,14,0.0,0,0,0.0,0.0,1.0
"((BUN >= 0.022) U[0,1] (TroponinI >= 0.000))
",-9999999.000,-9999999.000,0.000,0.000,1.000,0,0,0,14,14,0,0,14,0.0,0,0,0.0,0.0,1.0
"((Chloride >= 0.000) U[1,1] (BUN <= 5.888))
",6628745887457402.000,5.888,0.000,0.000,1.000,0,0,0,14,14,0,0,14,0.0,0,0,0.0,0.0,1.0
"((Chloride <= 0.000) U[1,2] (SepsisLabel >= 0.000))
",-9999999.000,-9999999.000,0.000,0.000,1.000,0,0,0,14,14,0,0,14,0.0,0,0,0.0,0.0,1.0
"F[1,2](((Bilirubin_total >= 0.117 & PTT <= 30.596) | Calcium >= 0.944) & pH <= 35.642)
",-9999999.000,-9999999.000,0.000,0.000,1.000,0,0,0,14,14,0,0,14,0.0,0,0,0.0,0.0,1.0
"F[0,2]((Resp >= 4.195 | Hgb <= 1.915) | Temp <= 7.703)
",-9999999.000,-9999999.000,0.000,0.000,1.000,0,0,0,14,14,0,0,14,0.0,0,0,0.0,0.0,1.0
"F[0,1]((FiO2 >= 0.000 | Chloride >= 0.000) | Bilirubin_direct >= 0.000)
",-9999999.000,-9999999.000,0.000,0.000,1.000,0,0,0,14,14,0,0,14,0.0,0,0,0.0,0.0,1.0
"F[1,2]((SepsisLabel >= 0.000 -> Creatinine >= 0.012) | HCO3 >= 0.004)
",-9999999.000,-9999999.000,0.000,0.000,1.000,0,0,0,14,14,0,0,14,0.0,0,0,0.0,0.0,1.0
"F[0,2](((Calcium <= 3.775 | TroponinI <= 0.000) | Fibrinogen <= 0.000) -> Magnesium >= 0.000)
",-9999999.000,-9999999.000,0.000,0.000,1.000,0,0,0,14,14,0,0,14,0.0,0,0,0.0,0.0,1.0
"F[2,2](EtCO2 <= 0.000 | Hgb <= 9.966)
",5610511923709857.000,9.966,0.000,0.000,1.000,0,0,0,14,14,0,0,14,0.0,0,0,0.0,0.0,1.0
"F[0,2]((AST <= 14.981 & PaCO2 >= 0.000) -> SBP <= 0.000)
",-9999999.000,-9999999.000,0.000,0.000,1.000,0,0,0,14,14,0,0,14,0.0,0,0,0.0,0.0,1.0
"((TroponinI >= 0.000) U[1,1] (pH <= 0.000))
",0.000,0.000,0.000,0.000,1.000,0,0,0,14,14,0,0,14,0.0,0,0,0.0,0.0,1.0
"((O2Sat <= 98.100) U[0,2] (HCO3 <= 0.000))
",-9999999.000,-9999999.000,0.000,0.000,1.000,0,0,0,14,14,0,0,14,0.0,0,0,0.0,0.0,1.0
"F[1,2]((Bilirubin_total <= 2.613 -> Chloride <= 0.000) & Fibrinogen <= 0.000)
",-9999999.000,-9999999.000,0.000,0.000,1.000,0,0,0,14,14,0,0,14,0.0,0,0,0.0,0.0,1.0
"((Potassium <= 0.145) U[2,2] (MAP >= 43.585))
",5214095813382513.000,0.145,0.000,0.000,1.000,0,0,0,14,14,0,0,14,0.0,0,0,0.0,0.0,1.0
"((Glucose <= 28.951) U[2,2] (Magnesium >= 0.020))
",2716347701594505.000,28.951,0.000,0.000,1.000,0,0,0,14,14,0,0,14,0.0,0,0,0.0,0.0,1.0
"F[0,2](((EtCO2 >= 0.000 & Bilirubin_direct >= 0.000) & Bilirubin_direct >= 0.000) | Alkalinephos >= 0.000)
",-9999999.000,-9999999.000,0.000,0.000,1.000,0,0,0,14,14,0,0,14,0.0,0,0,0.0,0.0,1.0
"F[1,2]((Bilirubin_direct >= 0.000 | BUN <= 1.627) -> HR >= 0.078)
",-9999999.000,-9999999.000,0.000,0.000,1.000,0,0,0,14,14,0,0,14,0.0,0,0,0.0,0.0,1.0
"F[2,2]((Hct <= 22.480 -> DBP >= 6.286) -> PaCO2 >= 1.214)
",5468472028742858.000,1.214,0.000,0.000,1.000,0,0,0,14,14,0,0,14,0.0,0,0,0.0,0.0,1.0
"F[0,2](SaO2 >= 0.000 | Potassium >= 0.120)
",-9999999.000,-9999999.000,0.000,0.000,1.000,0,0,0,14,14,0,0,14,0.0,0,0,0.0,0.0,1.0
"F[0,2](pH <= 0.000 -> Resp <= 19.763)
",-9999999.000,-9999999.000,0.000,0.000,1.000,0,0,0,14,14,0,0,14,0.0,0,0,0.0,0.0,1.0
"F[1,2]((pH >= 0.000 -> EtCO2 >= 0.000) | Fibrinogen <= 0.000)
",-9999999.000,-9999999.000,0.000,0.000,1.000,0,0,0,14,14,0,0,14,0.0,0,0,0.0,0.0,1.0
"F[2,2](Hgb <= 7.339 | HR <= 92.677)
",92.677,92.677,0.000,0.000,1.000,0,0,0,14,14,0,0,14,0.0,0,0,0.0,0.0,1.0
"F[0,1](pH <= 0.000 & Potassium <= 2.246)
",-9999999.000,-9999999.000,0.000,0.000,1.000,0,0,0,14,14,0,0,14,0.0,0,0,0.0,0.0,1.0
"F[0,2]((Resp >= 8.112 | Resp >= 16.306) & Lactate >= 7.350)
",-9999999.000,-9999999.000,0.000,0.000,1.000,0,0,0,14,14,0,0,14,0.0,0,0,0.0,0.0,1.0
"F[0,2](((Bilirubin_direct <= 0.000 -> Fibrinogen <= 0.000) -> Magnesium >= 0.000) | FiO2 >= 0.000)
",-9999999.000,-9999999.000,0.000,0.000,1.000,0,0,0,14,14,0,0,14,0.0,0,0,0.0,0.0,1.0
"F[0,1](((Glucose <= 63.010 & DBP >= 9.624) & Bilirubin_total >= 16.704) -> FiO2 <= 80.055)
",-9999999.000,-9999999.000,0.000,0.000,1.000,0,0,0,14,14,0,0,14,0.0,0,0,0.0,0.0,1.0
"F[0,0]((FiO2 <= 0.000 -> PaCO2 >= 0.000) | O2Sat >= 0.000)
",3.070,81.143,0.000,0.000,1.000,0,0,0,14,14,0,0,14,0.0,0,0,0.0,0.0,1.0
"F[1,2](Resp >= 0.849 | FiO2 >= 0.000)
",-9999999.000,-9999999.000,0.000,0.000,1.000,0,0,0,14,14,0,0,14,0.0,0,0,0.0,0.0,1.0
"F[0,2]((Glucose >= 2.098 | WBC >= 0.147) -> PTT >= 0.259)
",-9999999.000,-9999999.000,0.000,0.000,1.000,0,0,0,14,14,0,0,14,0.0,0,0,0.0,0.0,1.0
"F[0,2](BaseExcess <= 0.000 -> BaseExcess <= 0.000)
",-9999999.000,-9999999.000,0.000,0.000,1.000,0,0,0,14,14,0,0,14,0.0,0,0,0.0,0.0,1.0
"F[1,2](HCO3 >= 0.000 & BaseExcess >= 0.000)
",-9999999.000,-9999999.000,0.000,0.000,1.000,0,0,0,14,14,0,0,14,0.0,0,0,0.0,0.0,1.0
"F[1,2](((MAP >= 27.630 -> Chloride >= 0.000) -> Calcium >= 0.000) -> pH <= 0.000)
",-9999999.000,-9999999.000,0.000,0.000,1.000,0,0,0,14,14,0,0,14,0.0,0,0,0.0,0.0,1.0
"F[1,2](Fibrinogen <= 0.000 | Resp <= 22.966)
",-9999999.000,-9999999.000,0.000,0.000,1.000,0,0,0,14,14,0,0,14,0.0,0,0,0.0,0.0,1.0
"F[0,0]((WBC >= 0.173 | BUN <= 5.969) | PaCO2 >= 0.158)
",6720432640670727.000,5.969,0.000,0.000,1.000,0,0,0,14,14,0,0,14,0.0,0,0,0.0,0.0,1.0
"F[0,1](((Temp >= 6.344 | Creatinine <= 0.479) & Creatinine >= 0.016) -> Fibrinogen <= 0.481)
",-9999999.000,-9999999.000,0.000,0.000,1.000,0,0,0,14,14,0,0,14,0.0,0,0,0.0,0.0,1.0
"F[1,2](((WBC <= 0.561 | Bilirubin_direct >= 0.000) | SepsisLabel >= 0.000) & O2Sat >= 0.000)
",-9999999.000,-9999999.000,0.000,0.000,1.000,0,0,0,14,14,0,0,14,0.0,0,0,0.0,0.0,1.0
"((SBP >= 29.848) U[0,2] (Temp <= 34.576))
",-9999999.000,-9999999.000,0.000,0.000,1.000,0,0,0,14,14,0,0,14,0.0,0,0,0.0,0.0,1.0
"F[1,2]((PTT <= 1.480 | MAP <= 84.242) | WBC >= 14.142)
",-9999999.000,-9999999.000,0.000,0.000,1.000,0,0,0,14,14,0,0,14,0.0,0,0,0.0,0.0,1.0
"F[2,2](SepsisLabel >= 0.000 | TroponinI >= 0.000)
",0.000,0.000,0.000,0.000,1.000,0,0,0,14,14,0,0,14,0.0,0,0,0.0,0.0,1.0
"F[1,2](((SaO2 <= 0.000 | Resp >= 16.148) -> O2Sat <= 26.223) & Phosphate >= 8.037)
",-9999999.000,-9999999.000,0.000,0.000,1.000,0,0,0,14,14,0,0,14,0.0,0,0,0.0,0.0,1.0
"F[1,1]((HR <= 113.658 & PaCO2 <= 0.000) -> Platelets >= 0.000)
",0.000,0.000,0.000,0.000,1.000,0,0,0,14,14,0,0,14,0.0,0,0,0.0,0.0,1.0
"F[0,2](FiO2 >= 0.000 -> SaO2 >= 0.000)
",-9999999.000,-9999999.000,0.000,0.000,1.000,0,0,0,14,14,0,0,14,0.0,0,0,0.0,0.0,1.0
"F[1,2](HCO3 <= 0.000 | Calcium >= 0.151)
",-9999999.000,-9999999.000,0.000,0.000,1.000,0,0,0,14,14,0,0,14,0.0,0,0,0.0,0.0,1.0
"F[1,1](Temp <= 19.261 | Bilirubin_total <= 2.545)
",5421551671547249.000,19.261,0.000,0.000,1.000,0,0,0,14,14,0,0,14,0.0,0,0,0.0,0.0,1.0
"F[0,2](Bilirubin_direct >= 0.000 | SaO2 >= 0.000)
",-9999999.000,-9999999.000,0.000,0.000,1.000,0,0,0,14,14,0,0,14,0.0,0,0,0.0,0.0,1.0
"F[0,2]((DBP <= 88.092 & WBC <= 3.044) & SepsisLabel >= 0.177)
",-9999999.000,-9999999.000,0.000,0.000,1.000,0,0,0,14,14,0,0,14,0.0,0,0,0.0,0.0,1.0
"F[2,2](HCO3 >= 0.000 -> AST <= 50.851)
",-7156707535262559.000,-50.851,0.000,0.000,1.000,0,0,0,14,14,0,0,14,0.0,0,0,0.0,0.0,1.0
"F[1,2](((Potassium >= 0.118 | EtCO2 >= 0.000) -> SaO2 >= 0.000) -> PTT <= 0.000)
",-9999999.000,-9999999.000,0.000,0.000,1.000,0,0,0,14,14,0,0,14,0.0,0,0,0.0,0.0,1.0
"F[0,2](((PaCO2 >= 0.000 & TroponinI <= 0.000) -> Glucose <= 0.000) -> BUN <= 0.000)
",-9999999.000,-9999999.000,0.000,0.000,1.000,0,0,0,14,14,0,0,14,0.0,0,0,0.0,0.0,1.0
"F[1,2]((Hct >= 0.564 -> Lactate >= 0.000) | Bilirubin_total >= 0.000)
",-9999999.000,-9999999.000,0.000,0.000,1.000,0,0,0,14,14,0,0,14,0.0,0,0,0.0,0.0,1.0
"F[0,2](((Hct >= 1.306 -> SBP >= 4.970) | O2Sat >= 89.353) & O2Sat >= 71.434)
",-9999999.000,-9999999.000,0.000,0.000,1.000,0,0,0,14,14,0,0,14,0.0,0,0,0.0,0.0,1.0
"F[2,2]((SBP <= 110.341 | HCO3 <= 0.000) | Temp <= 0.000)
",3882267313109725.500,110.341,0.000,0.000,1.000,0,0,0,14,14,0,0,14,0.0,0,0,0.0,0.0,1.0
"F[0,2](((AST <= 79.123 -> Potassium <= 3.679) -> Temp <= 3.423) & Bilirubin_total <= 1.269)
",-9999999.000,-9999999.000,0.000,0.000,1.000,0,0,0,14,14,0,0,14,0.0,0,0,0.0,0.0,1.0
"F[1,2]((Alkalinephos >= 8.963 | AST <= 106.928) -> TroponinI >= 0.332)
",-9999999.000,-9999999.000,0.000,0.000,1.000,0,0,0,14,14,0,0,14,0.0,0,0,0.0,0.0,1.0
"F[0,0]((Calcium >= 0.016 -> SaO2 <= 0.000) & Chloride >= 0.000)
",0.000,0.000,0.000,0.000,1.000,0,0,0,14,14,0,0,14,0.0,0,0,0.0,0.0,1.0
"((Phosphate >= 0.060) U[0,2] (Bilirubin_direct <= 0.000))
",-9999999.000,-9999999.000,0.000,0.000,1.000,0,0,0,14,14,0,0,14,0.0,0,0,0.0,0.0,1.0
"F[0,1]((Chloride >= 0.000 | Temp >= 5.231) | BUN <= 17.533)
",-9999999.000,-9999999.000,0.000,0.000,1.000,0,0,0,14,14,0,0,14,0.0,0,0,0.0,0.0,1.0
"F[0,2]((pH <= 0.000 & SepsisLabel <= 0.000) -> Lactate <= 0.000)
",-9999999.000,-9999999.000,0.000,0.000,1.000,0,0,0,14,14,0,0,14,0.0,0,0,0.0,0.0,1.0
"((FiO2 <= 0.000) U[0,1] (PaCO2 <= 0.000))
",-9999999.000,-9999999.000,0.000,0.000,1.000,0,0,0,14,14,0,0,14,0.0,0,0,0.0,0.0,1.0
"F[0,2](Phosphate >= 0.067 & HCO3 <= 0.000)
",-9999999.000,-9999999.000,0.000,0.000,1.000,0,0,0,14,14,0,0,14,0.0,0,0,0.0,0.0,1.0
"F[0,2](((Platelets >= 4.128 & Lactate <= 0.000) | HCO3 >= 0.000) & BUN >= 0.000)
",-9999999.000,-9999999.000,0.000,0.000,1.000,0,0,0,14,14,0,0,14,0.0,0,0,0.0,0.0,1.0
"F[1,2]((Glucose >= 3.210 -> Platelets <= 19.655) | SaO2 >= 2.986)
",-9999999.000,-9999999.000,0.000,0.000,1.000,0,0,0,14,14,0,0,14,0.0,0,0,0.0,0.0,1.0
"F[1,2]((Potassium <= 3.246 -> O2Sat >= 23.766) | SBP <= 95.991)
",-9999999.000,-9999999.000,0.000,0.000,1.000,0,0,0,14,14,0,0,14,0.0,0,0,0.0,0.0,1.0
"F[0,2](((Potassium >= 0.029 & PaCO2 >= 0.000) & FiO2 <= 0.000) | Chloride <= 0.000)
",-9999999.000,-9999999.000,0.000,0.000,1.000,0,0,0,14,14,0,0,14,0.0,0,0,0.0,0.0,1.0
"F[0,2]((TroponinI <= 0.000 | EtCO2 >= 0.000) | Hgb <= 0.000)
",-9999999.000,-9999999.000,0.000,0.000,1.000,0,0,0,14,14,0,0,14,0.0,0,0,0.0,0.0,1.0
"F[0,2](FiO2 <= 0.000 | SBP <= 113.912)
",-9999999.000,-9999999.000,0.000,0.000,1.000,0,0,0,14,14,0,0,14,0.0,0,0,0.0,0.0,1.0
"F[0,1](((Hgb >= 0.414 | BUN <= 1.096) & HR >= 0.088) -> FiO2 <= 6.368)
",-9999999.000,-9999999.000,0.000,0.000,1.000,0,0,0,14,14,0,0,14,0.0,0,0,0.0,0.0,1.0
"F[1,1](((Hgb >= 0.171 -> Chloride <= 0.000) & Lactate >= 0.000) | DBP <= 0.000)
",0.000,0.000,0.000,0.000,1.000,0,0,0,14,14,0,0,14,0.0,0,0,0.0,0.0,1.0
"F[1,2]((Bilirubin_total <= 0.201 -> FiO2 >= 0.000) | Bilirubin_total <= 0.000)
",-9999999.000,-9999999.000,0.000,0.000,1.000,0,0,0,14,14,0,0,14,0.0,0,0,0.0,0.0,1.0
"F[0,2]((Magnesium >= 0.037 & PTT >= 1.266) & HR <= 13.234)
",-9999999.000,-9999999.000,0.000,0.000,1.000,0,0,0,14,14,0,0,14,0.0,0,0,0.0,0.0,1.0
"F[0,2](((HCO3 >= 0.000 -> O2Sat >= 35.743) & Creatinine >= 72.693) & Bilirubin_total <= 97.260)
",-9999999.000,-9999999.000,0.000,0.000,1.000,0,0,0,14,14,0,0,14,0.0,0,0,0.0,0.0,1.0
"F[1,1](((Resp <= 22.392 -> Bilirubin_direct <= 0.000) & HR >= 0.000) -> Platelets <= 0.000)
",0.000,0.000,0.000,0.000,1.000,0,0,0,14,14,0,0,14,0.0,0,0,0.0,0.0,1.0
"F[1,2](((Phosphate <= 1.517 -> Hct >= 0.404) | MAP <= 20.142) | pH >= 0.766)
",-9999999.000,-9999999.000,0.000,0.000,1.000,0,0,0,14,14,0,0,14,0.0,0,0,0.0,0.0,1.0
"F[1,2](((Fibrinogen <= 0.000 -> AST >= 5.772) | PaCO2 <= 67.001) -> Magnesium >= 1.867)
",-9999999.000,-9999999.000,0.000,0.000,1.000,0,0,0,14,14,0,0,14,0.0,0,0,0.0,0.0,1.0
"F[0,2](((Hct <= 29.037 -> Fibrinogen >= 0.000) | O2Sat >= 0.000) -> Alkalinephos >= 0.000)
",-9999999.000,-9999999.000,0.000,0.000,1.000,0,0,0,14,14,0,0,14,0.0,0,0,0.0,0.0,1.0
"F[0,2](SepsisLabel >= 0.000 & DBP <= 86.861)
",-9999999.000,-9999999.000,0.000,0.000,1.000,0,0,0,14,14,0,0,14,0.0,0,0,0.0,0.0,1.0
"F[0,0](DBP <= 86.904 & SepsisLabel = 0.000)
",-0.429,-3.306,0.000,0.000,1.000,0,0,0,14,14,0,0,14,0.0,0,0,0.0,0.0,1.0
"F[1,2](BaseExcess < 0.000 -> SepsisLabel = 0.000)
",-9999999.000,-9999999.000,0.000,0.000,1.000,0,0,0,14,14,0,0,14,0.0,0,0,0.0,0.0,1.0
"F[0,2](Fibrinogen >= 0.000 -> SepsisLabel = 0.000)
",-9999999.000,-9999999.000,0.000,0.000,1.000,0,0,0,14,14,0,0,14,0.0,0,0,0.0,0.0,1.0
"((SBP >= 90.430) U[0,2] (SepsisLabel = 0.000))
",-9999999.000,-9999999.000,0.000,0.000,1.000,0,0,0,14,14,0,0,14,0.0,0,0,0.0,0.0,1.0
"((BaseExcess < 0.000) U[2,2] (SepsisLabel = 0.000))
",0.000,0.000,0.000,0.000,1.000,0,0,0,14,14,0,0,14,0.0,0,0,0.0,0.0,1.0
"F[0,0](EtCO2 >= 0.000 -> SepsisLabel = 0.000)
",-1.879,-15.357,0.000,0.000,1.000,0,0,0,14,14,0,0,14,0.0,0,0,0.0,0.0,1.0
"F[1,2](FiO2 < 0.000 -> SepsisLabel = 0.000)
",-9999999.000,-9999999.000,0.000,0.000,1.000,0,0,0,14,14,0,0,14,0.0,0,0,0.0,0.0,1.0
"((O2Sat > 57.377) U[0,2] (SepsisLabel = 0.000))
",-9999999.000,-9999999.000,0.000,0.000,1.000,0,0,0,14,14,0,0,14,0.0,0,0,0.0,0.0,1.0
"F[2,2](PTT >= 0.127 -> SepsisLabel = 0.000)
",0.000,0.000,0.000,0.000,1.000,0,0,0,14,14,0,0,14,0.0,0,0,0.0,0.0,1.0
"F[2,2](PTT < 19.423 & SepsisLabel = 0.000)
",0.000,0.000,0.000,0.000,1.000,0,0,0,14,14,0,0,14,0.0,0,0,0.0,0.0,1.0
"((PaCO2 < 0.000) U[0,1] (SepsisLabel = 0.000))
",-9999999.000,-9999999.000,0.000,0.000,1.000,0,0,0,14,14,0,0,14,0.0,0,0,0.0,0.0,1.0
"F[1,2](HR >= 38.634 -> SepsisLabel = 0.000)
",-9999999.000,-9999999.000,0.000,0.000,1.000,0,0,0,14,14,0,0,14,0.0,0,0,0.0,0.0,1.0
"((O2Sat <= 99.208) U[2,2] (SepsisLabel = 0.000))
",6981136175745158.000,99.208,0.000,0.000,1.000,0,0,0,14,14,0,0,14,0.0,0,0,0.0,0.0,1.0
"((BaseExcess >= 0.000) U[1,1] (SepsisLabel = 0.000))
",0.000,0.000,0.000,0.000,1.000,0,0,0,14,14,0,0,14,0.0,0,0,0.0,0.0,1.0
"F[0,2](pH <= 0.000 -> SepsisLabel = 0.000)
",-9999999.000,-9999999.000,0.000,0.000,1.000,0,0,0,14,14,0,0,14,0.0,0,0,0.0,0.0,1.0
"((MAP <= 83.636) U[0,2] (SepsisLabel = 0.000))
",-9999999.000,-9999999.000,0.000,0.000,1.000,0,0,0,14,14,0,0,14,0.0,0,0,0.0,0.0,1.0
"F[0,2](Creatinine > 0.010 & SepsisLabel = 0.000)
",-9999999.000,-9999999.000,0.000,0.000,1.000,0,0,0,14,14,0,0,14,0.0,0,0,0.0,0.0,1.0
"F[1,1](WBC > 0.068 -> SepsisLabel = 0.000)
",0.000,0.000,0.000,0.000,1.000,0,0,0,14,14,0,0,14,0.0,0,0,0.0,0.0,1.0
"((MAP >= 27.501) U[0,0] (SBP <= 128.179))
",8.051,119.302,0.000,0.000,1.000,0,0,0,14,14,0,0,14,0.0,0,0,0.0,0.0,1.0
"F[1,2](Hct >= 3.135 -> SepsisLabel = 0.000)
",-9999999.000,-9999999.000,0.000,0.000,1.000,0,0,0,14,14,0,0,14,0.0,0,0,0.0,0.0,1.0
"F[1,2](((HR >= 9.375 & SBP <= 106.689) -> EtCO2 <= 119.600) & EtCO2 <= 104.868)
",-9999999.000,-9999999.000,0.000,0.000,1.000,0,0,0,14,14,0,0,14,0.0,0,0,0.0,0.0,1.0
"F[1,1](((MAP >= 53.229 & SBP >= 51.188) & SaO2 <= 139.453) | EtCO2 <= 106.284)
",106.284,106.284,0.000,0.000,1.000,0,0,0,14,14,0,0,14,0.0,0,0,0.0,0.0,1.0
"F[1,2](((DBP <= 61.644 & MAP >= 21.220) & PTT <= 83.247) & Magnesium <= 82.754)
",-9999999.000,-9999999.000,0.000,0.000,1.000,0,0,0,14,14,0,0,14,0.0,0,0,0.0,0.0,1.0
"((Hgb <= 5.549) U[0,2] (WBC >= 0.089))
",-9999999.000,-9999999.000,0.000,0.000,1.000,0,0,0,14,14,0,0,14,0.0,0,0,0.0,0.0,1.0
"F[0,2]((Hgb <= 1.936 | Platelets >= 2.432) -> SaO2 >= 2.945)
",-9999999.000,-9999999.000,0.000,0.000,1.000,0,0,0,14,14,0,0,14,0.0,0,0,0.0,0.0,1.0
"F[0,2](Magnesium >= 0.011 & Phosphate <= 0.613)
",-9999999.000,-9999999.000,0.000,0.000,1.000,0,0,0,14,14,0,0,14,0.0,0,0,0.0,0.0,1.0
"F[1,2]((BUN >= 0.042 | Creatinine <= 0.247) | Chloride <= 0.205)
",-9999999.000,-9999999.000,0.000,0.000,1.000,0,0,0,14,14,0,0,14,0.0,0,0,0.0,0.0,1.0
"((SaO2 <= 0.000) U[0,1] (SepsisLabel = 0.000))
",-9999999.000,-9999999.000,0.000,0.000,1.000,0,0,0,14,14,0,0,14,0.0,0,0,0.0,0.0,1.0
"F[0,1](SaO2 > 0.000 -> SepsisLabel = 0.000)
",-9999999.000,-9999999.000,0.000,0.000,1.000,0,0,0,14,14,0,0,14,0.0,0,0,0.0,0.0,1.0
"F[0,1](Bilirubin_total <= 1.363 -> SepsisLabel = 0.000)
",-9999999.000,-9999999.000,0.000,0.000,1.000,0,0,0,14,14,0,0,14,0.0,0,0,0.0,0.0,1.0
"((BUN >= 0.185) U[0,2] (SepsisLabel = 0.000))
",-9999999.000,-9999999.000,0.000,0.000,1.000,0,0,0,14,14,0,0,14,0.0,0,0,0.0,0.0,1.0
"((PaCO2 <= 0.000) U[0,1] (SepsisLabel = 0.000))
",-9999999.000,-9999999.000,0.000,0.000,1.000,0,0,0,14,14,0,0,14,0.0,0,0,0.0,0.0,1.0
"((Temp > 6.565) U[2,2] (SepsisLabel = 0.000))
",0.000,0.000,0.000,0.000,1.000,0,0,0,14,14,0,0,14,0.0,0,0,0.0,0.0,1.0
"((Calcium > 0.284) U[0,0] (SepsisLabel = 0.000))
",0.000,0.000,0.000,0.000,1.000,0,0,0,14,14,0,0,14,0.0,0,0,0.0,0.0,1.0
"((Creatinine > 0.006) U[0,1] (SepsisLabel = 0.000))
",-9999999.000,-9999999.000,0.000,0.000,1.000,0,0,0,14,14,0,0,14,0.0,0,0,0.0,0.0,1.0
"F[0,2](Magnesium > 0.026 -> SepsisLabel = 0.000)
",-9999999.000,-9999999.000,0.000,0.000,1.000,0,0,0,14,14,0,0,14,0.0,0,0,0.0,0.0,1.0
"F[0,2]((Phosphate >= 0.106 & Magnesium > 0.066) -> Calcium < 7.748)
",-9999999.000,-9999999.000,0.000,0.000,1.000,0,0,0,14,14,0,0,14,0.0,0,0,0.0,0.0,1.0
"((HR <= 96.845) U[2,2] (MAP >= 44.949))
",6814878815653398.000,96.845,0.000,0.000,1.000,0,0,0,14,14,0,0,14,0.0,0,0,0.0,0.0,1.0
"F[0,2](((Calcium < 6.599 & Potassium < 2.247) & Magnesium < 1.812) & Phosphate < 1.927)
",-9999999.000,-9999999.000,0.000,0.000,1.000,0,0,0,14,14,0,0,14,0.0,0,0,0.0,0.0,1.0
"((MAP >= 26.274) U[2,2] (SBP <= 125.966))
",8864089006881281.000,125.966,0.000,0.000,1.000,0,0,0,14,14,0,0,14,0.0,0,0,0.0,0.0,1.0
"F[0,2]((Phosphate >= 0.037 & Magnesium > 0.033) -> Calcium < 3.074)
",-9999999.000,-9999999.000,0.000,0.000,1.000,0,0,0,14,14,0,0,14,0.0,0,0,0.0,0.0,1.0
"F[0,2]((Calcium <= 0.912 & Potassium <= 0.836) & Magnesium >= 0.015)
",-9999999.000,-9999999.000,0.000,0.000,1.000,0,0,0,14,14,0,0,14,0.0,0,0,0.0,0.0,1.0
"F[0,2](Hgb <= 7.282 | Hct <= 7.942)
",-9999999.000,-9999999.000,0.000,0.000,1.000,0,0,0,14,14,0,0,14,0.0,0,0,0.0,0.0,1.0
"((MAP >= 69.960) U[0,1] (SBP <= 120.940))
",-9999999.000,-9999999.000,0.000,0.000,1.000,0,0,0,14,14,0,0,14,0.0,0,0,0.0,0.0,1.0
"F[1,2]((Phosphate >= 0.115 & Magnesium > 0.007) -> Calcium < 5.231)
",-9999999.000,-9999999.000,0.000,0.000,1.000,0,0,0,14,14,0,0,14,0.0,0,0,0.0,0.0,1.0
"F[0,2](((Calcium < 1.243 & Potassium < 1.950) & Magnesium < 1.002) & Phosphate < 0.757)
",-9999999.000,-9999999.000,0.000,0.000,1.000,0,0,0,14,14,0,0,14,0.0,0,0,0.0,0.0,1.0
"F[1,2]((Calcium <= 2.546 & Potassium <= 1.351) & Magnesium >= 0.033)
",-9999999.000,-9999999.000,0.000,0.000,1.000,0,0,0,14,14,0,0,14,0.0,0,0,0.0,0.0,1.0
"F[0,2](Hgb <= 1.903 | Hct <= 23.428)
",-9999999.000,-9999999.000,0.000,0.000,1.000,0,0,0,14,14,0,0,14,0.0,0,0,0.0,0.0,1.0
"((MAP >= 62.535) U[2,2] (SBP <= 110.258))
",7758714722358841.000,110.258,0.000,0.000,1.000,0,0,0,14,14,0,0,14,0.0,0,0,0.0,0.0,1.0
"F[0,2]((Phosphate >= 0.053 & Magnesium > 0.038) -> Calcium < 8.247)
",-9999999.000,-9999999.000,0.000,0.000,1.000,0,0,0,14,14,0,0,14,0.0,0,0,0.0,0.0,1.0
"F[0,2](((Calcium < 7.267 & Potassium < 3.881) & Magnesium < 1.665) & Phosphate < 3.332)
",-9999999.000,-9999999.000,0.000,0.000,1.000,0,0,0,14,14,0,0,14,0.0,0,0,0.0,0.0,1.0
"F[0,2](Hgb <= 5.277 | Hct <= 14.297)
",-9999999.000,-9999999.000,0.000,0.000,1.000,0,0,0,14,14,0,0,14,0.0,0,0,0.0,0.0,1.0
"F[2,2]((Phosphate >= 0.034 & Magnesium > 0.066) -> Calcium < 4.018)
",-4523429013994506.000,-4.018,0.000,0.000,1.000,0,0,0,14,14,0,0,14,0.0,0,0,0.0,0.0,1.0
"F[1,2](((Calcium < 3.962 & Potassium < 1.913) & Magnesium < 0.666) & Phosphate < 1.999)
",-9999999.000,-9999999.000,0.000,0.000,1.000,0,0,0,14,14,0,0,14,0.0,0,0,0.0,0.0,1.0
"F[0,2](Hgb <= 6.563 | Hct <= 19.343)
",-9999999.000,-9999999.000,0.000,0.000,1.000,0,0,0,14,14,0,0,14,0.0,0,0,0.0,0.0,1.0
"((MAP >= 30.445) U[0,2] (SBP <= 136.395))
",-9999999.000,-9999999.000,0.000,0.000,1.000,0,0,0,14,14,0,0,14,0.0,0,0,0.0,0.0,1.0
"F[0,2](((Calcium < 5.881 & Potassium < 1.738) & Magnesium < 0.792) & Phosphate < 3.183)
",-9999999.000,-9999999.000,0.000,0.000,1.000,0,0,0,14,14,0,0,14,0.0,0,0,0.0,0.0,1.0
"F[0,1](Hgb <= 1.057 | Hct <= 31.762)
",-9999999.000,-9999999.000,0.000,0.000,1.000,0,0,0,14,14,0,0,14,0.0,0,0,0.0,0.0,1.0
"F[0,1](Hgb <= 4.404 | Hct <= 13.510)
",-9999999.000,-9999999.000,0.000,0.000,1.000,0,0,0,14,14,0,0,14,0.0,0,0,0.0,0.0,1.0
"((MAP >= 32.348) U[0,2] (SBP <= 108.121))
",-9999999.000,-9999999.000,0.000,0.000,1.000,0,0,0,14,14,0,0,14,0.0,0,0,0.0,0.0,1.0
"F[0,2]((Phosphate >= 0.020 & Magnesium > 0.013) -> Calcium < 1.596)
",-9999999.000,-9999999.000,0.000,0.000,1.000,0,0,0,14,14,0,0,14,0.0,0,0,0.0,0.0,1.0
"F[0,2](((Calcium < 6.009 & Potassium < 2.183) & Magnesium < 1.820) & Phosphate < 2.007)
",-9999999.000,-9999999.000,0.000,0.000,1.000,0,0,0,14,14,0,0,14,0.0,0,0,0.0,0.0,1.0
"F[0,1](Hgb <= 2.050 | Hct <= 6.762)
",-9999999.000,-9999999.000,0.000,0.000,1.000,0,0,0,14,14,0,0,14,0.0,0,0,0.0,0.0,1.0
"((MAP >= 52.304) U[1,2] (SBP <= 135.405))
",-9999999.000,-9999999.000,0.000,0.000,1.000,0,0,0,14,14,0,0,14,0.0,0,0,0.0,0.0,1.0
"F[0,1]((Phosphate >= 0.084 & Magnesium > 0.045) -> Calcium < 6.949)
",-9999999.000,-9999999.000,0.000,0.000,1.000,0,0,0,14,14,0,0,14,0.0,0,0,0.0,0.0,1.0
"F[0,2](((Calcium < 6.908 & Potassium < 0.843) & Magnesium < 0.844) & Phosphate < 1.405)
",-9999999.000,-9999999.000,0.000,0.000,1.000,0,0,0,14,14,0,0,14,0.0,0,0,0.0,0.0,1.0
"F[2,2]((Calcium <= 4.009 & Potassium <= 3.260) & Magnesium >= 0.039)
",-2838582720780663.000,-0.039,0.000,0.000,1.000,0,0,0,14,14,0,0,14,0.0,0,0,0.0,0.0,1.0
"((MAP >= 43.723) U[0,1] (SBP <= 127.195))
",-9999999.000,-9999999.000,0.000,0.000,1.000,0,0,0,14,14,0,0,14,0.0,0,0,0.0,0.0,1.0
"F[0,1]((Phosphate >= 0.056 & Magnesium > 0.031) -> Calcium < 3.628)
",-9999999.000,-9999999.000,0.000,0.000,1.000,0,0,0,14,14,0,0,14,0.0,0,0,0.0,0.0,1.0
"F[0,2]((Calcium <= 7.097 & Potassium <= 1.261) & Magnesium >= 0.048)
",-9999999.000,-9999999.000,0.000,0.000,1.000,0,0,0,14,14,0,0,14,0.0,0,0,0.0,0.0,1.0
"F[0,1](Hgb <= 9.477 | Hct <= 28.719)
",-9999999.000,-9999999.000,0.000,0.000,1.000,0,0,0,14,14,0,0,14,0.0,0,0,0.0,0.0,1.0
"((MAP >= 35.077) U[1,2] (SBP <= 104.902))
",-9999999.000,-9999999.000,0.000,0.000,1.000,0,0,0,14,14,0,0,14,0.0,0,0,0.0,0.0,1.0
"F[0,2]((Phosphate >= 0.044 & Magnesium > 0.047) -> Calcium < 6.653)
",-9999999.000,-9999999.000,0.000,0.000,1.000,0,0,0,14,14,0,0,14,0.0,0,0,0.0,0.0,1.0
"F[1,2](((Hct <= 13.648 | Platelets >= 4.886) -> BaseExcess <= 42.269) | Platelets >= 2.401)
",-9999999.000,-9999999.000,0.000,0.000,1.000,0,0,0,14,14,0,0,14,0.0,0,0,0.0,0.0,1.0
"((Creatinine >= 0.017) U[1,2] (Hgb >= 0.793))
",-9999999.000,-9999999.000,0.000,0.000,1.000,0,0,0,14,14,0,0,14,0.0,0,0,0.0,0.0,1.0
"F[0,2]((Calcium <= 7.665 | SBP >= 34.911) & Phosphate <= 134.270)
",-9999999.000,-9999999.000,0.000,0.000,1.000,0,0,0,14,14,0,0,14,0.0,0,0,0.0,0.0,1.0
"F[1,1](((WBC >= 0.270 & Hgb >= 0.107) | HR >= 0.120) | Temp >= 0.215)
",-8667694146153617.000,-0.120,0.000,0.000,1.000,0,0,0,14,14,0,0,14,0.0,0,0,0.0,0.0,1.0
"F[2,2](((FiO2 >= 0.000 & Phosphate <= 3.794) & Platelets <= 2.881) | SBP >= 0.125)
",0.000,0.000,0.000,0.000,1.000,0,0,0,14,14,0,0,14,0.0,0,0,0.0,0.0,1.0
"((EtCO2 <= 0.000) U[0,2] (HCO3 >= 0.000))
",-9999999.000,-9999999.000,0.000,0.000,1.000,0,0,0,14,14,0,0,14,0.0,0,0,0.0,0.0,1.0
"F[0,2](HCO3 >= 0.000 & BaseExcess <= 0.000)
",-9999999.000,-9999999.000,0.000,0.000,1.000,0,0,0,14,14,0,0,14,0.0,0,0,0.0,0.0,1.0
"((Resp <= 23.363) U[1,2] (TroponinI >= 0.000))
",-9999999.000,-9999999.000,0.000,0.000,1.000,0,0,0,14,14,0,0,14,0.0,0,0,0.0,0.0,1.0
"F[0,1]((Hgb >= 0.501 -> Chloride >= 0.000) -> BaseExcess >= 0.000)
",-9999999.000,-9999999.000,0.000,0.000,1.000,0,0,0,14,14,0,0,14,0.0,0,0,0.0,0.0,1.0
"F[0,0](((Platelets >= 1.285 | HCO3 >= 0.000) -> Bilirubin_total >= 0.000) | Phosphate <= 0.000)
",0.000,0.000,0.000,0.000,1.000,0,0,0,14,14,0,0,14,0.0,0,0,0.0,0.0,1.0
"F[2,2](WBC >= 0.117 | Calcium >= 0.289)
",-8406857744161969.000,-0.117,0.000,0.000,1.000,0,0,0,14,14,0,0,14,0.0,0,0,0.0,0.0,1.0
"((PaCO2 >= 0.000) U[1,2] (Bilirubin_direct <= 0.000))
",-9999999.000,-9999999.000,0.000,0.000,1.000,0,0,0,14,14,0,0,14,0.0,0,0,0.0,0.0,1.0
"F[0,2](((MAP >= 54.033 -> EtCO2 <= 0.000) -> Calcium <= 0.000) -> EtCO2 <= 0.000)
",-9999999.000,-9999999.000,0.000,0.000,1.000,0,0,0,14,14,0,0,14,0.0,0,0,0.0,0.0,1.0
"F[1,2]((Lactate >= 0.000 | Hct >= 3.640) & MAP <= 21.554)
",-9999999.000,-9999999.000,0.000,0.000,1.000,0,0,0,14,14,0,0,14,0.0,0,0,0.0,0.0,1.0
"F[0,2](((Bilirubin_total <= 0.137 | SBP >= 12.598) & Magnesium <= 108.022) & TroponinI >= 45.827)
",-9999999.000,-9999999.000,0.000,0.000,1.000,0,0,0,14,14,0,0,14,0.0,0,0,0.0,0.0,1.0
"F[2,2](Potassium <= 1.288 -> SBP <= 135.343)
",-135.343,-135.343,0.000,0.000,1.000,0,0,0,14,14,0,0,14,0.0,0,0,0.0,0.0,1.0
"F[1,2]((Hgb <= 7.948 -> O2Sat <= 94.016) & Potassium <= 94.198)
",-9999999.000,-9999999.000,0.000,0.000,1.000,0,0,0,14,14,0,0,14,0.0,0,0,0.0,0.0,1.0
"F[1,2]((O2Sat <= 95.638 & PTT <= 12.162) & Magnesium <= 6.294)
",-9999999.000,-9999999.000,0.000,0.000,1.000,0,0,0,14,14,0,0,14,0.0,0,0,0.0,0.0,1.0
"((Alkalinephos >= 5.303) U[0,2] (O2Sat <= 95.408))
",-9999999.000,-9999999.000,0.000,0.000,1.000,0,0,0,14,14,0,0,14,0.0,0,0,0.0,0.0,1.0
"F[0,1](HCO3 <= 0.000 -> AST <= 27.389)
",-9999999.000,-9999999.000,0.000,0.000,1.000,0,0,0,14,14,0,0,14,0.0,0,0,0.0,0.0,1.0
"F[0,1](Calcium <= 0.732 | WBC <= 0.499)
",-9999999.000,-9999999.000,0.000,0.000,1.000,0,0,0,14,14,0,0,14,0.0,0,0,0.0,0.0,1.0
"F[2,2]((AST <= 145.568 -> Resp >= 7.901) & SaO2 <= 24.725)
",-5121726183680078.000,-145.568,0.000,0.000,1.000,0,0,0,14,14,0,0,14,0.0,0,0,0.0,0.0,1.0
"F[0,1]((EtCO2 >= 0.000 | Magnesium <= 0.237) & Calcium <= 0.367)
",-9999999.000,-9999999.000,0.000,0.000,1.000,0,0,0,14,14,0,0,14,0.0,0,0,0.0,0.0,1.0
"F[1,2](((PaCO2 >= 0.000 | WBC <= 3.248) -> BaseExcess <= 3.227) -> WBC >= 0.015)
",-9999999.000,-9999999.000,0.000,0.000,1.000,0,0,0,14,14,0,0,14,0.0,0,0,0.0,0.0,1.0
"F[0,2](((BaseExcess <= 0.000 -> AST <= 159.230) & Phosphate <= 150.449) -> MAP >= 1.097)
",-9999999.000,-9999999.000,0.000,0.000,1.000,0,0,0,14,14,0,0,14,0.0,0,0,0.0,0.0,1.0
"F[2,2]((Magnesium <= 1.144 -> Creatinine >= 0.007) & Hct <= 0.294)
",-5151964292012073.000,-1.144,0.000,0.000,1.000,0,0,0,14,14,0,0,14,0.0,0,0,0.0,0.0,1.0
"F[0,2](Magnesium >= 0.011 -> Hgb <= 11.401)
",-9999999.000,-9999999.000,0.000,0.000,1.000,0,0,0,14,14,0,0,14,0.0,0,0,0.0,0.0,1.0
"F[1,2](((Resp <= 23.614 | EtCO2 <= 0.000) | Alkalinephos >= 0.000) -> TroponinI <= 0.000)
",-9999999.000,-9999999.000,0.000,0.000,1.000,0,0,0,14,14,0,0,14,0.0,0,0,0.0,0.0,1.0
"F[0,1](((Potassium <= 0.288 -> PTT <= 8.815) -> BUN <= 32.638) | FiO2 >= 1.251)
",-9999999.000,-9999999.000,0.000,0.000,1.000,0,0,0,14,14,0,0,14,0.0,0,0,0.0,0.0,1.0
"((Glucose <= 74.297) U[0,1] (WBC <= 2.362))
",-9999999.000,-9999999.000,0.000,0.000,1.000,0,0,0,14,14,0,0,14,0.0,0,0,0.0,0.0,1.0
"F[0,2](PaCO2 <= 0.000 -> Bilirubin_total >= 0.023)
",-9999999.000,-9999999.000,0.000,0.000,1.000,0,0,0,14,14,0,0,14,0.0,0,0,0.0,0.0,1.0
"F[0,2]((PTT >= 1.060 & O2Sat >= 45.721) | Magnesium >= 68.856)
",-9999999.000,-9999999.000,0.000,0.000,1.000,0,0,0,14,14,0,0,14,0.0,0,0,0.0,0.0,1.0
"F[0,1](Lactate >= 0.000 & Fibrinogen <= 0.000)
",-9999999.000,-9999999.000,0.000,0.000,1.000,0,0,0,14,14,0,0,14,0.0,0,0,0.0,0.0,1.0
"F[2,2]((Calcium <= 3.054 & Bilirubin_total >= 0.058) & SepsisLabel >= 0.004)
",-4151530899386645.500,-0.058,0.000,0.000,1.000,0,0,0,14,14,0,0,14,0.0,0,0,0.0,0.0,1.0
"F[2,2]((BUN >= 0.229 -> TroponinI >= 0.000) & BaseExcess >= 0.000)
",0.000,0.000,0.000,0.000,1.000,0,0,0,14,14,0,0,14,0.0,0,0,0.0,0.0,1.0
"((Phosphate >= 0.031) U[1,2] (Creatinine >= 0.006))
",-9999999.000,-9999999.000,0.000,0.000,1.000,0,0,0,14,14,0,0,14,0.0,0,0,0.0,0.0,1.0
"F[1,1]((Fibrinogen <= 0.000 -> Fibrinogen >= 0.000) | Temp <= 0.000)
",0.000,0.000,0.000,0.000,1.000,0,0,0,14,14,0,0,14,0.0,0,0,0.0,0.0,1.0
"F[2,2]((Calcium <= 8.193 & Potassium <= 3.490) & Magnesium >= 0.047)
",-6817724365119375.000,-0.047,0.000,0.000,1.000,0,0,0,14,14,0,0,14,0.0,0,0,0.0,0.0,1.0
"((Glucose >= 9.809) U[0,2] (SBP >= 59.195))
",-9999999.000,-9999999.000,0.000,0.000,1.000,0,0,0,14,14,0,0,14,0.0,0,0,0.0,0.0,1.0
"F[0,2]((DBP <= 69.905 -> Hct >= 3.296) | WBC >= 3.702)
",-9999999.000,-9999999.000,0.000,0.000,1.000,0,0,0,14,14,0,0,14,0.0,0,0,0.0,0.0,1.0
"F[0,1](((Hgb >= 0.470 | Potassium <= 2.060) | FiO2 <= 0.723) -> Glucose <= 3.183)
",-9999999.000,-9999999.000,0.000,0.000,1.000,0,0,0,14,14,0,0,14,0.0,0,0,0.0,0.0,1.0
"F[2,2]((Hct >= 2.408 -> MAP <= 78.626) & Phosphate >= 29.620)
",-78.626,-78.626,0.000,0.000,1.000,0,0,0,14,14,0,0,14,0.0,0,0,0.0,0.0,1.0
"((Hct >= 0.798) U[0,2] (Temp <= 36.340))
",-9999999.000,-9999999.000,0.000,0.000,1.000,0,0,0,14,14,0,0,14,0.0,0,0,0.0,0.0,1.0
"F[0,2](((HR <= 101.527 -> Platelets <= 36.391) -> O2Sat >= 3.251) -> Potassium <= 34.257)
",-9999999.000,-9999999.000,0.000,0.000,1.000,0,0,0,14,14,0,0,14,0.0,0,0,0.0,0.0,1.0
"F[1,2](((Glucose <= 16.557 | Platelets <= 59.359) -> BUN >= 3.382) -> Hct <= 34.464)
",-9999999.000,-9999999.000,0.000,0.000,1.000,0,0,0,14,14,0,0,14,0.0,0,0,0.0,0.0,1.0
"F[0,1](Creatinine >= 0.020 | Glucose <= 52.667)
",-9999999.000,-9999999.000,0.000,0.000,1.000,0,0,0,14,14,0,0,14,0.0,0,0,0.0,0.0,1.0
"F[0,2](AST >= 1.822 & Glucose >= 6.149)
",-9999999.000,-9999999.000,0.000,0.000,1.000,0,0,0,14,14,0,0,14,0.0,0,0,0.0,0.0,1.0
"F[0,2]((O2Sat >= 83.370 | Resp <= 28.095) & SepsisLabel <= 27.281)
",-9999999.000,-9999999.000,0.000,0.000,1.000,0,0,0,14,14,0,0,14,0.0,0,0,0.0,0.0,1.0
"F[2,2](BUN <= 4.500 & Hct >= 0.751)
",-0.751,-0.751,0.000,0.000,1.000,0,0,0,14,14,0,0,14,0.0,0,0,0.0,0.0,1.0
"F[0,2]((Calcium <= 6.067 | Hct >= 0.554) | Bilirubin_total <= 29.885)
",-9999999.000,-9999999.000,0.000,0.000,1.000,0,0,0,14,14,0,0,14,0.0,0,0,0.0,0.0,1.0
"F[0,1]((MAP >= 68.860 -> Resp >= 9.720) | Phosphate <= 27.391)
",-9999999.000,-9999999.000,0.000,0.000,1.000,0,0,0,14,14,0,0,14,0.0,0,0,0.0,0.0,1.0
"F[0,2](((Potassium <= 2.597 | WBC >= 0.141) | Resp >= 0.171) | WBC <= 1.241)
",-9999999.000,-9999999.000,0.000,0.000,1.000,0,0,0,14,14,0,0,14,0.0,0,0,0.0,0.0,1.0
"F[2,2](((Calcium <= 5.808 -> WBC >= 0.127) & Hgb >= 0.164) -> Hgb >= 0.182)
",0.182,0.182,0.000,0.000,1.000,0,0,0,14,14,0,0,14,0.0,0,0,0.0,0.0,1.0
"F[2,2](Alkalinephos >= 5.012 & Platelets >= 1.698)
",-5.012,-5.012,0.000,0.000,1.000,0,0,0,14,14,0,0,14,0.0,0,0,0.0,0.0,1.0
"((Creatinine >= 0.009) U[1,2] (Platelets >= 0.145))
",-9999999.000,-9999999.000,0.000,0.000,1.000,0,0,0,14,14,0,0,14,0.0,0,0,0.0,0.0,1.0
"F[1,2](((Hgb <= 8.122 | Magnesium >= 0.006) | WBC >= 0.062) -> DBP <= 1.320)
",-9999999.000,-9999999.000,0.000,0.000,1.000,0,0,0,14,14,0,0,14,0.0,0,0,0.0,0.0,1.0
"((Alkalinephos <= 114.442) U[0,1] (Hgb <= 7.538))
",-9999999.000,-9999999.000,0.000,0.000,1.000,0,0,0,14,14,0,0,14,0.0,0,0,0.0,0.0,1.0
"F[1,2](Hct >= 0.930 & HR >= 36.840)
",-9999999.000,-9999999.000,0.000,0.000,1.000,0,0,0,14,14,0,0,14,0.0,0,0,0.0,0.0,1.0
"F[2,2]((AST <= 153.604 | DBP <= 85.477) & Glucose <= 77.534)
",77.534,77.534,0.000,0.000,1.000,0,0,0,14,14,0,0,14,0.0,0,0,0.0,0.0,1.0
"F[0,2](((DBP <= 71.077 & Platelets <= 32.062) | MAP <= 26.990) & TroponinI <= 56.068)
",-9999999.000,-9999999.000,0.000,0.000,1.000,0,0,0,14,14,0,0,14,0.0,0,0,0.0,0.0,1.0
"F[1,2]((DBP >= 9.518 | PTT >= 0.553) & Creatinine >= 0.046)
",-9999999.000,-9999999.000,0.000,0.000,1.000,0,0,0,14,14,0,0,14,0.0,0,0,0.0,0.0,1.0
"F[2,2]((Hct <= 24.151 | O2Sat >= 81.296) -> Resp >= 84.920)
",-24.151,-24.151,0.000,0.000,1.000,0,0,0,14,14,0,0,14,0.0,0,0,0.0,0.0,1.0
"((BUN >= 0.059) U[2,2] (MAP <= 85.015))
",85.015,85.015,0.000,0.000,1.000,0,0,0,14,14,0,0,14,0.0,0,0,0.0,0.0,1.0
"F[0,2](Creatinine <= 0.479 -> MAP >= 4.764)
",-9999999.000,-9999999.000,0.000,0.000,1.000,0,0,0,14,14,0,0,14,0.0,0,0,0.0,0.0,1.0
"F[2,2](((DBP >= 16.383 | Glucose <= 26.947) & Platelets >= 2.921) & Phosphate <= 56.606)
",-6577399874880287.000,-2.921,0.000,0.000,1.000,0,0,0,14,14,0,0,14,0.0,0,0,0.0,0.0,1.0
"F[0,2]((Hgb >= 0.805 -> Resp >= 15.759) & DBP <= 27.285)
",-9999999.000,-9999999.000,0.000,0.000,1.000,0,0,0,14,14,0,0,14,0.0,0,0,0.0,0.0,1.0
"F[0,2](((Glucose <= 22.238 -> Resp <= 20.254) | BUN <= 17.930) -> O2Sat >= 12.923)
",-9999999.000,-9999999.000,0.000,0.000,1.000,0,0,0,14,14,0,0,14,0.0,0,0,0.0,0.0,1.0
"F[0,0](((MAP >= 44.110 & Platelets <= 20.740) & SaO2 <= 50.041) | Temp <= 33.329)
",6.674,21.639,0.000,0.000,1.000,0,0,0,14,14,0,0,14,0.0,0,0,0.0,0.0,1.0
"F[0,2]((Glucose <= 16.420 | MAP >= 13.303) | Platelets >= 49.499)
",-9999999.000,-9999999.000,0.000,0.000,1.000,0,0,0,14,14,0,0,14,0.0,0,0,0.0,0.0,1.0
"((Glucose >= 0.293) U[2,2] (O2Sat >= 87.495))
",-0.293,-0.293,0.000,0.000,1.000,0,0,0,14,14,0,0,14,0.0,0,0,0.0,0.0,1.0
"((Bilirubin_total >= 0.086) U[0,2] (HR >= 47.066))
",-9999999.000,-9999999.000,0.000,0.000,1.000,0,0,0,14,14,0,0,14,0.0,0,0,0.0,0.0,1.0
"F[2,2](AST <= 154.919 | HR <= 96.136)
",5450737008682102.000,154.919,0.000,0.000,1.000,0,0,0,14,14,0,0,14,0.0,0,0,0.0,0.0,1.0
"F[1,2](((Hgb <= 10.317 | SBP >= 29.632) | DBP <= 120.700) & Hgb >= 66.205)
",-9999999.000,-9999999.000,0.000,0.000,1.000,0,0,0,14,14,0,0,14,0.0,0,0,0.0,0.0,1.0
"F[0,2](((AST >= 0.372 & Temp >= 5.195) & EtCO2 <= 24.695) -> Lactate >= 4.419)
",-9999999.000,-9999999.000,0.000,0.000,1.000,0,0,0,14,14,0,0,14,0.0,0,0,0.0,0.0,1.0
"F[2,2]((Potassium >= 0.060 | Temp <= 7.919) | FiO2 <= 19.748)
",5558465137835158.000,19.748,0.000,0.000,1.000,0,0,0,14,14,0,0,14,0.0,0,0,0.0,0.0,1.0
"F[2,2]((Hct <= 31.003 & Resp <= 23.958) | Potassium >= 4.692)
",23.958,23.958,0.000,0.000,1.000,0,0,0,14,14,0,0,14,0.0,0,0,0.0,0.0,1.0
"F[1,2](((O2Sat <= 98.225 | BaseExcess >= 0.000) | Glucose <= 0.000) & Phosphate <= 0.000)
",-9999999.000,-9999999.000,0.000,0.000,1.000,0,0,0,14,14,0,0,14,0.0,0,0,0.0,0.0,1.0
