Rule,Discrimination Score,Pos Robustness,Neg Robustness,Percent Class +,Percent Class -,TP,TN,FP,FN,Actual Yes,Actual No,Predicted Yes,Predicted No,TPR/Sens,TNR/Spec,FPR,Precision,Accuracy,MCR
"((Creatinine <= 2.177) U[0,0] (PTT >= 0.019))
",2.177,2.177,0.000,0.000,1.000,16,0,0,0,16,0,16,0,1.0,0,0,1.0,1.0,0.0
"F[0,0]((Bilirubin_direct >= 0.002 & Magnesium <= 1.219) & AST >= 0.057)
",-0.057,-0.057,0.000,0.000,1.000,16,0,0,0,16,0,16,0,1.0,0,0,1.0,1.0,0.0
"F[0,1]((MAP >= 42.168 & PTT >= 0.511) & Hgb <= 3.889)
",-9999999.000,-9999999.000,0.000,0.000,1.000,16,0,0,0,16,0,16,0,1.0,0,0,1.0,1.0,0.0
"F[0,1](((Chloride <= 0.000 | MAP >= 59.904) & AST >= 33.975) & Glucose <= 96.830)
",-9999999.000,-9999999.000,0.000,0.000,1.000,16,0,0,0,16,0,16,0,1.0,0,0,1.0,1.0,0.0
"F[0,0](((AST >= 1.069 -> SBP >= 27.059) & SepsisLabel >= 48.974) | HCO3 >= 55.688)
",-48.974,-48.974,0.000,0.000,1.000,16,0,0,0,16,0,16,0,1.0,0,0,1.0,1.0,0.0
"F[1,1]((Glucose >= 1.001 & MAP >= 43.584) & BUN >= 71.357)
",-71.357,-71.357,0.000,0.000,1.000,16,0,0,0,16,0,16,0,1.0,0,0,1.0,1.0,0.0
"F[1,1](((Hct >= 1.633 -> HR >= 47.433) & Glucose <= 48.156) & Lactate >= 29.119)
",-29.119,-29.119,0.000,0.000,1.000,16,0,0,0,16,0,16,0,1.0,0,0,1.0,1.0,0.0
"F[0,0](((BUN >= 2.025 | PTT >= 0.382) & BaseExcess <= 20.120) & EtCO2 >= 0.457)
",-11.201,-0.415,0.000,0.000,1.000,16,0,0,0,16,0,16,0,1.0,0,0,1.0,1.0,0.0
"F[0,1]((Calcium <= 5.120 & Potassium <= 1.301) & Magnesium >= 0.072)
",-9999999.000,-9999999.000,0.000,0.000,1.000,16,0,0,0,16,0,16,0,1.0,0,0,1.0,1.0,0.0
"F[0,0]((AST >= 0.076 & Bilirubin_total >= 0.036) & pH >= 0.037)
",-0.076,-0.076,0.000,0.000,1.000,16,0,0,0,16,0,16,0,1.0,0,0,1.0,1.0,0.0
"F[0,1]((Calcium <= 5.985 & Potassium <= 0.564) & Magnesium >= 0.050)
",-9999999.000,-9999999.000,0.000,0.000,1.000,16,0,0,0,16,0,16,0,1.0,0,0,1.0,1.0,0.0
"F[0,0](((Alkalinephos <= 27.778 | WBC <= 5.074) -> Glucose <= 3.534) & Alkalinephos >= 0.282)
",-27.778,-27.778,0.000,0.000,1.000,16,0,0,0,16,0,16,0,1.0,0,0,1.0,1.0,0.0
"F[0,0]((Phosphate <= 1.493 & TroponinI <= 0.154) & SaO2 >= 0.007)
",-0.007,-0.007,0.000,0.000,1.000,16,0,0,0,16,0,16,0,1.0,0,0,1.0,1.0,0.0
"F[1,1]((Phosphate >= 0.000 | Magnesium >= 0.013) & HCO3 >= 0.116)
",-0.116,-0.116,0.000,0.000,1.000,16,0,0,0,16,0,16,0,1.0,0,0,1.0,1.0,0.0
"F[0,1]((Bilirubin_direct >= 4.2424035839100024e-05 & Bilirubin_total >= 0.004) & Hgb <= 0.350)
",-9999999.000,-9999999.000,0.000,0.000,1.000,16,0,0,0,16,0,16,0,1.0,0,0,1.0,1.0,0.0
"((Creatinine >= 0.015) U[1,1] (Magnesium >= 0.093))
",-0.015,-0.015,0.000,0.000,1.000,16,0,0,0,16,0,16,0,1.0,0,0,1.0,1.0,0.0
"F[1,1](((AST >= 0.430 & O2Sat >= 23.010) | HCO3 <= 82.310) & TroponinI >= 33.927)
",-33.927,-33.927,0.000,0.000,1.000,16,0,0,0,16,0,16,0,1.0,0,0,1.0,1.0,0.0
"F[1,1]((DBP <= 53.405 & Platelets >= 1.762) & HR <= 93.464)
",-1.762,-1.762,0.000,0.000,1.000,16,0,0,0,16,0,16,0,1.0,0,0,1.0,1.0,0.0
"F[0,1]((Bilirubin_total >= 0.021 -> Hct <= 15.612) & PaCO2 >= 0.459)
",-9999999.000,-9999999.000,0.000,0.000,1.000,16,0,0,0,16,0,16,0,1.0,0,0,1.0,1.0,0.0
"F[0,1]((Calcium <= 7.036 & Potassium <= 1.765) & Magnesium >= 0.079)
",-9999999.000,-9999999.000,0.000,0.000,1.000,16,0,0,0,16,0,16,0,1.0,0,0,1.0,1.0,0.0
"((Creatinine <= 1.431) U[1,1] (Hct >= 0.340))
",1.431,1.431,0.000,0.000,1.000,15,0,0,1,16,0,15,1,0.9375,0,0,1.0,0.9375,0.0625
"((AST >= 0.157) U[1,2] (SepsisLabel = 0.000))
",-9999999.000,-9999999.000,0.000,0.000,1.000,15,0,0,1,16,0,15,1,0.9375,0,0,1.0,0.9375,0.0625
"((Potassium >= 0.210) U[0,0] (Phosphate >= 0.050))
",-0.050,-0.050,0.000,0.000,1.000,15,0,0,1,16,0,15,1,0.9375,0,0,1.0,0.9375,0.0625
"((Glucose >= 27.009) U[0,0] (Potassium >= 0.149))
",-0.149,-0.149,0.000,0.000,1.000,15,0,0,1,16,0,15,1,0.9375,0,0,1.0,0.9375,0.0625
"F[1,1]((Hct >= 0.137 -> MAP >= 42.260) -> BUN >= 29.705)
",-0.137,-0.137,0.000,0.000,1.000,15,0,0,1,16,0,15,1,0.9375,0,0,1.0,0.9375,0.0625
"((Bilirubin_total <= 0.590) U[1,1] (Hgb >= 0.588))
",0.590,0.590,0.000,0.000,1.000,15,0,0,1,16,0,15,1,0.9375,0,0,1.0,0.9375,0.0625
"F[1,1]((Bilirubin_total >= 0.001 | MAP >= 50.825) -> Bilirubin_total >= 20.363)
",0.001,0.001,0.000,0.000,1.000,15,0,0,1,16,0,15,1,0.9375,0,0,1.0,0.9375,0.0625
"F[0,1](Calcium >= 0.197 & Hgb <= 11.698)
",-9999999.000,-9999999.000,0.000,0.000,1.000,15,0,0,1,16,0,15,1,0.9375,0,0,1.0,0.9375,0.0625
"F[0,1]((BUN >= 1.271 & SBP >= 31.889) & Magnesium <= 110.244)
",-9999999.000,-9999999.000,0.000,0.000,1.000,14,0,0,2,16,0,14,2,0.875,0,0,1.0,0.875,0.125
"((DBP >= 46.823) U[0,1] (Phosphate >= 0.070))
",-9999999.000,-9999999.000,0.000,0.000,1.000,14,0,0,2,16,0,14,2,0.875,0,0,1.0,0.875,0.125
"((Potassium <= 2.957) U[0,1] (Magnesium >= 0.115))
",-9999999.000,-9999999.000,0.000,0.000,1.000,14,0,0,2,16,0,14,2,0.875,0,0,1.0,0.875,0.125
"F[0,1](((Hgb >= 0.741 | Creatinine <= 1.657) | Platelets >= 0.048) & AST >= 0.059)
",-9999999.000,-9999999.000,0.000,0.000,1.000,14,0,0,2,16,0,14,2,0.875,0,0,1.0,0.875,0.125
"((Hct >= 0.802) U[1,2] (Potassium <= 2.450))
",-9999999.000,-9999999.000,0.000,0.000,1.000,14,0,0,2,16,0,14,2,0.875,0,0,1.0,0.875,0.125
"((Creatinine >= 0.111) U[1,2] (HR >= 2.073))
",-9999999.000,-9999999.000,0.000,0.000,1.000,14,0,0,2,16,0,14,2,0.875,0,0,1.0,0.875,0.125
"((AST >= 0.803) U[1,2] (TroponinI <= 0.126))
",-9999999.000,-9999999.000,0.000,0.000,1.000,14,0,0,2,16,0,14,2,0.875,0,0,1.0,0.875,0.125
"F[0,1](((Phosphate <= 2.268 & Resp <= 16.758) -> Lactate >= 10.568) & BUN >= 6.690)
",-9999999.000,-9999999.000,0.000,0.000,1.000,14,0,0,2,16,0,14,2,0.875,0,0,1.0,0.875,0.125
"F[0,1](Hgb >= 0.653 | TroponinI >= 0.003)
",-9999999.000,-9999999.000,0.000,0.000,1.000,13,0,0,3,16,0,13,3,0.8125,0,0,1.0,0.8125,0.1875
"F[0,0](Chloride <= 0.000 -> Glucose >= 20.717)
",0.000,0.000,0.000,0.000,1.000,13,0,0,3,16,0,13,3,0.8125,0,0,1.0,0.8125,0.1875
"F[0,0]((WBC <= 4.514 -> Calcium <= 8.078) -> Glucose >= 0.486)
",0.486,0.486,0.000,0.000,1.000,13,0,0,3,16,0,13,3,0.8125,0,0,1.0,0.8125,0.1875
"F[0,1]((Alkalinephos >= 1.817 -> pH <= 0.000) & SBP <= 0.000)
",-9999999.000,-9999999.000,0.000,0.000,1.000,13,0,0,3,16,0,13,3,0.8125,0,0,1.0,0.8125,0.1875
"F[0,1](DBP <= 76.000 & O2Sat <= 87.538)
",-9999999.000,-9999999.000,0.000,0.000,1.000,12,0,0,4,16,0,12,4,0.75,0,0,1.0,0.75,0.25
"F[0,0](((Bilirubin_total >= 0.007 -> Phosphate <= 1.451) & MAP >= 0.170) -> Glucose >= 0.138)
",0.138,0.138,0.000,0.000,1.000,11,0,0,5,16,0,11,5,0.6875,0,0,1.0,0.6875,0.3125
"((MAP >= 66.805) U[1,1] (SBP <= 107.176))
",107.176,107.176,0.000,0.000,1.000,11,0,0,5,16,0,11,5,0.6875,0,0,1.0,0.6875,0.3125
"((PTT >= 0.374) U[1,2] (HR <= 52.734))
",-9999999.000,-9999999.000,0.000,0.000,1.000,11,0,0,5,16,0,11,5,0.6875,0,0,1.0,0.6875,0.3125
"F[0,0]((Calcium <= 4.618 -> Resp >= 2.812) -> O2Sat <= 17.436)
",2.216,30.439,0.000,0.000,1.000,9,0,0,7,16,0,9,7,0.5625,0,0,1.0,0.5625,0.4375
"F[0,1](((Hct <= 25.896 & PTT <= 17.717) & Hct >= 0.469) | Temp >= 0.419)
",-9999999.000,-9999999.000,0.000,0.000,1.000,9,0,0,7,16,0,9,7,0.5625,0,0,1.0,0.5625,0.4375
"F[1,1]((Phosphate >= 0.127 | Temp >= 4.190) | Phosphate >= 1.887)
",-0.127,-0.127,0.000,0.000,1.000,8,0,0,8,16,0,8,8,0.5,0,0,1.0,0.5,0.5
"((HR <= 60.248) U[0,1] (MAP <= 73.294))
",-9999999.000,-9999999.000,0.000,0.000,1.000,7,0,0,9,16,0,7,9,0.4375,0,0,1.0,0.4375,0.5625
"((PTT <= 0.754) U[0,0] (Resp >= 4.348))
",3.353,49.783,0.000,0.000,1.000,7,0,0,9,16,0,7,9,0.4375,0,0,1.0,0.4375,0.5625
"((Resp <= 18.045) U[1,1] (WBC <= 1.799))
",18.045,18.045,0.000,0.000,1.000,7,0,0,9,16,0,7,9,0.4375,0,0,1.0,0.4375,0.5625
"((BUN >= 2.294) U[1,2] (Glucose >= 9.495))
",-9999999.000,-9999999.000,0.000,0.000,1.000,6,0,0,10,16,0,6,10,0.375,0,0,1.0,0.375,0.625
"F[1,1](Bilirubin_total <= 0.690 & Glucose <= 59.544)
",0.690,0.690,0.000,0.000,1.000,6,0,0,10,16,0,6,10,0.375,0,0,1.0,0.375,0.625
"F[1,1](Glucose >= 0.139 -> HR <= 48.390)
",-48.390,-48.390,0.000,0.000,1.000,4,0,0,12,16,0,4,12,0.25,0,0,1.0,0.25,0.75
"((BUN <= 47.966) U[0,1] (MAP <= 80.692))
",-9999999.000,-9999999.000,0.000,0.000,1.000,4,0,0,12,16,0,4,12,0.25,0,0,1.0,0.25,0.75
"((MAP >= 10.455) U[0,1] (SBP <= 124.059))
",-9999999.000,-9999999.000,0.000,0.000,1.000,4,0,0,12,16,0,4,12,0.25,0,0,1.0,0.25,0.75
"F[0,1](MAP < 86.829 & SepsisLabel = 0.000)
",-9999999.000,-9999999.000,0.000,0.000,1.000,3,0,0,13,16,0,3,13,0.1875,0,0,1.0,0.1875,0.8125
"((HR > 0.200) U[1,2] (SepsisLabel = 0.000))
",-9999999.000,-9999999.000,0.000,0.000,1.000,2,0,0,14,16,0,2,14,0.125,0,0,1.0,0.125,0.875
"((MAP >= 11.794) U[0,0] (SBP <= 159.164))
",12.917,154.639,0.000,0.000,1.000,2,0,0,14,16,0,2,14,0.125,0,0,1.0,0.125,0.875
"F[0,0](((BUN >= 2.324 -> Hgb >= 0.186) -> HR <= 7.819) -> BaseExcess >= 0.682)
",0.186,0.186,0.000,0.000,1.000,2,0,0,14,16,0,2,14,0.125,0,0,1.0,0.125,0.875
"((MAP >= 32.232) U[1,2] (SBP <= 143.877))
",-9999999.000,-9999999.000,0.000,0.000,1.000,2,0,0,14,16,0,2,14,0.125,0,0,1.0,0.125,0.875
"F[0,1](((PTT <= 8.228 -> Temp <= 21.292) -> Resp <= 19.425) | Creatinine >= 5.734)
",-9999999.000,-9999999.000,0.000,0.000,1.000,2,0,0,14,16,0,2,14,0.125,0,0,1.0,0.125,0.875
"((Platelets <= 92.258) U[1,1] (Hct <= 14.249))
",92.258,92.258,0.000,0.000,1.000,2,0,0,14,16,0,2,14,0.125,0,0,1.0,0.125,0.875
"F[0,0](((Hgb <= 6.460 -> SBP >= 74.966) | Chloride >= 45.401) | Chloride >= 55.594)
",-6.460,-6.460,0.000,0.000,1.000,2,0,0,14,16,0,2,14,0.125,0,0,1.0,0.125,0.875
"F[0,0]((Glucose <= 128.401 -> SBP <= 155.367) | WBC >= 59.246)
",-59.246,-59.246,0.000,0.000,1.000,2,0,0,14,16,0,2,14,0.125,0,0,1.0,0.125,0.875
"((Magnesium <= 0.135) U[1,2] (SepsisLabel = 0.000))
",-9999999.000,-9999999.000,0.000,0.000,1.000,1,0,0,15,16,0,1,15,0.0625,0,0,1.0,0.0625,0.9375
"F[1,1]((Phosphate >= 0.140 & Magnesium > 0.100) -> Calcium < 3.096)
",-3.096,-3.096,0.000,0.000,1.000,1,0,0,15,16,0,1,15,0.0625,0,0,1.0,0.0625,0.9375
"((MAP >= 42.552) U[1,2] (WBC >= 0.277))
",-9999999.000,-9999999.000,0.000,0.000,1.000,1,0,0,15,16,0,1,15,0.0625,0,0,1.0,0.0625,0.9375
"F[1,1]((Calcium >= 0.454 & PTT >= 0.506) -> BUN <= 15.944)
",-15.944,-15.944,0.000,0.000,1.000,1,0,0,15,16,0,1,15,0.0625,0,0,1.0,0.0625,0.9375
"F[1,1](((O2Sat >= 8.431 -> Potassium <= 4.132) | Bilirubin_direct >= 0.245) | Hct <= 3.122)
",3.122,3.122,0.000,0.000,1.000,1,0,0,15,16,0,1,15,0.0625,0,0,1.0,0.0625,0.9375
"((Platelets <= 153.624) U[1,2] (pH >= 0.000))
",-9999999.000,-9999999.000,0.000,0.000,1.000,1,0,0,15,16,0,1,15,0.0625,0,0,1.0,0.0625,0.9375
"F[1,1](Hgb <= 12.217 | Hct <= 28.715)
",28.715,28.715,0.000,0.000,1.000,1,0,0,15,16,0,1,15,0.0625,0,0,1.0,0.0625,0.9375
"F[0,0]((O2Sat >= 33.190 -> Bilirubin_direct <= 0.075) & Calcium <= 0.042)
",-2.271,-16.764,0.000,0.000,1.000,1,0,0,15,16,0,1,15,0.0625,0,0,1.0,0.0625,0.9375
"F[1,1](Hgb <= 4.268 | Hct <= 14.195)
",14.195,14.195,0.000,0.000,1.000,1,0,0,15,16,0,1,15,0.0625,0,0,1.0,0.0625,0.9375
"((AST <= 16.550) U[1,1] (SaO2 <= 0.000))
",16.550,16.550,0.000,0.000,1.000,1,0,0,15,16,0,1,15,0.0625,0,0,1.0,0.0625,0.9375
"F[0,0](Platelets >= 8.396 -> Potassium <= 2.911)
",-2.911,-2.911,0.000,0.000,1.000,1,0,0,15,16,0,1,15,0.0625,0,0,1.0,0.0625,0.9375
"F[0,0](((Calcium < 3.559 & Potassium < 3.147) & Magnesium < 1.813) & Phosphate < 1.655)
",1.655,1.655,0.000,0.000,1.000,1,0,0,15,16,0,1,15,0.0625,0,0,1.0,0.0625,0.9375
"F[0,0](((AST >= 0.002 -> Platelets >= 2.994) -> EtCO2 <= 81.951) & Glucose <= 116.226)
",-6.854,-70.639,0.000,0.000,1.000,1,0,0,15,16,0,1,15,0.0625,0,0,1.0,0.0625,0.9375
"F[0,0]((Phosphate >= 0.140 & Magnesium > 0.003) -> Calcium < 3.650)
",-3.650,-3.650,0.000,0.000,1.000,1,0,0,15,16,0,1,15,0.0625,0,0,1.0,0.0625,0.9375
"F[0,1](Bilirubin_direct <= 0.091 -> DBP <= 65.605)
",-9999999.000,-9999999.000,0.000,0.000,1.000,1,0,0,15,16,0,1,15,0.0625,0,0,1.0,0.0625,0.9375
"F[0,0](((Calcium < 7.310 & Potassium < 0.924) & Magnesium < 1.494) & Phosphate < 0.285)
",0.285,0.285,0.000,0.000,1.000,1,0,0,15,16,0,1,15,0.0625,0,0,1.0,0.0625,0.9375
"F[1,1](AST >= 0.824 -> WBC <= 1.106)
",-1.106,-1.106,0.000,0.000,1.000,1,0,0,15,16,0,1,15,0.0625,0,0,1.0,0.0625,0.9375
"F[1,1](Hgb <= 9.537 | Hct <= 9.648)
",9.648,9.648,0.000,0.000,1.000,1,0,0,15,16,0,1,15,0.0625,0,0,1.0,0.0625,0.9375
"((AST < 16.701) U[1,2] (SepsisLabel = 0.000))
",-9999999.000,-9999999.000,0.000,0.000,1.000,1,0,0,15,16,0,1,15,0.0625,0,0,1.0,0.0625,0.9375
"F[1,1](((Bilirubin_direct <= 0.077 & WBC >= 0.299) & Temp >= 0.357) | Platelets <= 5.084)
",5.084,5.084,0.000,0.000,1.000,1,0,0,15,16,0,1,15,0.0625,0,0,1.0,0.0625,0.9375
"((Potassium <= 1.715) U[1,2] (SBP <= 143.722))
",-9999999.000,-9999999.000,0.000,0.000,1.000,1,0,0,15,16,0,1,15,0.0625,0,0,1.0,0.0625,0.9375
"((Calcium >= 0.495) U[1,2] (Phosphate >= 0.192))
",-9999999.000,-9999999.000,0.000,0.000,1.000,1,0,0,15,16,0,1,15,0.0625,0,0,1.0,0.0625,0.9375
"F[0,0](((Glucose >= 26.693 -> Resp <= 21.035) | PaCO2 >= 4.772) | BaseExcess >= 1.003)
",3.688,24.729,0.000,0.000,1.000,1,0,0,15,16,0,1,15,0.0625,0,0,1.0,0.0625,0.9375
"((Hct >= 0.123) U[0,2] (O2Sat >= 29.260))
",-9999999.000,-9999999.000,0.000,0.000,1.000,0,0,0,16,16,0,0,16,0.0,0,0,0.0,0.0,1.0
"F[0,2](((Hgb >= 0.354 | O2Sat <= 82.589) -> BUN <= 83.447) -> Bilirubin_total >= 2.470)
",-9999999.000,-9999999.000,0.000,0.000,1.000,0,0,0,16,16,0,0,16,0.0,0,0,0.0,0.0,1.0
"F[1,2]((DBP <= 64.217 -> WBC >= 0.231) | SBP <= 3.300)
",-9999999.000,-9999999.000,0.000,0.000,1.000,0,0,0,16,16,0,0,16,0.0,0,0,0.0,0.0,1.0
"F[1,2](Alkalinephos >= 0.690 | O2Sat <= 85.444)
",-9999999.000,-9999999.000,0.000,0.000,1.000,0,0,0,16,16,0,0,16,0.0,0,0,0.0,0.0,1.0
"F[2,2](((O2Sat <= 88.158 -> Platelets <= 168.947) & Creatinine <= 106.966) & AST <= 122.553)
",-168.947,-168.947,0.000,0.000,1.000,0,0,0,16,16,0,0,16,0.0,0,0,0.0,0.0,1.0
"F[0,2](DBP >= 32.423 & DBP <= 70.797)
",-9999999.000,-9999999.000,0.000,0.000,1.000,0,0,0,16,16,0,0,16,0.0,0,0,0.0,0.0,1.0
"F[0,2](((Calcium >= 0.294 & O2Sat <= 90.321) & DBP >= 57.632) & BUN <= 93.545)
",-9999999.000,-9999999.000,0.000,0.000,1.000,0,0,0,16,16,0,0,16,0.0,0,0,0.0,0.0,1.0
"F[1,1](((Hct >= 0.936 | Potassium >= 0.021) & BUN >= 0.066) | WBC <= 0.748)
",0.748,0.748,0.000,0.000,1.000,0,0,0,16,16,0,0,16,0.0,0,0,0.0,0.0,1.0
"F[2,2](((Alkalinephos <= 24.819 | Alkalinephos <= 8.214) -> Bilirubin_total >= 0.395) | Fibrinogen >= 1.863)
",-1.863,-1.863,0.000,0.000,1.000,0,0,0,16,16,0,0,16,0.0,0,0,0.0,0.0,1.0
"F[0,1](((SaO2 >= 0.000 -> Fibrinogen >= 0.000) | Hgb >= 0.000) | DBP >= 0.000)
",-9999999.000,-9999999.000,0.000,0.000,1.000,0,0,0,16,16,0,0,16,0.0,0,0,0.0,0.0,1.0
"((HCO3 <= 0.000) U[0,1] (SBP <= 162.260))
",-9999999.000,-9999999.000,0.000,0.000,1.000,0,0,0,16,16,0,0,16,0.0,0,0,0.0,0.0,1.0
"F[0,2]((HCO3 >= 0.000 | HR <= 61.220) & DBP >= 20.863)
",-9999999.000,-9999999.000,0.000,0.000,1.000,0,0,0,16,16,0,0,16,0.0,0,0,0.0,0.0,1.0
"F[2,2]((Hgb >= 0.670 -> Creatinine <= 0.967) | Creatinine <= 0.292)
",0.292,0.292,0.000,0.000,1.000,0,0,0,16,16,0,0,16,0.0,0,0,0.0,0.0,1.0
"F[0,1]((Bilirubin_total >= 0.038 -> O2Sat <= 92.868) | Bilirubin_total >= 74.675)
",-9999999.000,-9999999.000,0.000,0.000,1.000,0,0,0,16,16,0,0,16,0.0,0,0,0.0,0.0,1.0
"F[0,2]((SepsisLabel >= 0.000 & Resp >= 0.688) | Resp <= 16.086)
",-9999999.000,-9999999.000,0.000,0.000,1.000,0,0,0,16,16,0,0,16,0.0,0,0,0.0,0.0,1.0
"F[0,1](Calcium <= 6.395 -> HR >= 13.084)
",-9999999.000,-9999999.000,0.000,0.000,1.000,0,0,0,16,16,0,0,16,0.0,0,0,0.0,0.0,1.0
"((Fibrinogen <= 0.000) U[0,1] (Bilirubin_direct >= 0.000))
",-9999999.000,-9999999.000,0.000,0.000,1.000,0,0,0,16,16,0,0,16,0.0,0,0,0.0,0.0,1.0
"F[0,1]((Glucose >= 26.604 | BaseExcess <= 0.000) -> FiO2 >= 0.000)
",-9999999.000,-9999999.000,0.000,0.000,1.000,0,0,0,16,16,0,0,16,0.0,0,0,0.0,0.0,1.0
"F[1,1](((BUN <= 15.668 | O2Sat <= 85.136) & BUN >= 55.199) | AST <= 86.066)
",86.066,86.066,0.000,0.000,1.000,0,0,0,16,16,0,0,16,0.0,0,0,0.0,0.0,1.0
"F[1,2](((Glucose <= 77.932 | O2Sat <= 89.195) -> Bilirubin_direct >= 8.849) | Potassium <= 88.193)
",-9999999.000,-9999999.000,0.000,0.000,1.000,0,0,0,16,16,0,0,16,0.0,0,0,0.0,0.0,1.0
"F[2,2](((Bilirubin_direct >= 0.003 -> MAP >= 54.564) | FiO2 <= 80.849) -> Potassium >= 14.869)
",-80.849,-80.849,0.000,0.000,1.000,0,0,0,16,16,0,0,16,0.0,0,0,0.0,0.0,1.0
"F[2,2](((Bilirubin_total >= 0.006 -> HR >= 28.276) & EtCO2 >= 5.928) | SaO2 >= 3.757)
",-3.757,-3.757,0.000,0.000,1.000,0,0,0,16,16,0,0,16,0.0,0,0,0.0,0.0,1.0
"F[2,2]((Alkalinephos >= 2.587 & HR <= 49.213) & HCO3 >= 41.691)
",-41.691,-41.691,0.000,0.000,1.000,0,0,0,16,16,0,0,16,0.0,0,0,0.0,0.0,1.0
"F[1,2](((AST >= 0.255 -> HR <= 56.959) -> SBP >= 17.694) -> Temp <= 63.007)
",-9999999.000,-9999999.000,0.000,0.000,1.000,0,0,0,16,16,0,0,16,0.0,0,0,0.0,0.0,1.0
"F[1,2]((Bilirubin_direct >= 0.002 | SBP >= 26.880) | Platelets >= 86.676)
",-9999999.000,-9999999.000,0.000,0.000,1.000,0,0,0,16,16,0,0,16,0.0,0,0,0.0,0.0,1.0
"((DBP <= 55.295) U[0,2] (PTT >= 0.197))
",-9999999.000,-9999999.000,0.000,0.000,1.000,0,0,0,16,16,0,0,16,0.0,0,0,0.0,0.0,1.0
"F[0,2](((SBP <= 138.995 -> TroponinI <= 0.146) -> Fibrinogen >= 0.004) -> BaseExcess >= 0.009)
",-9999999.000,-9999999.000,0.000,0.000,1.000,0,0,0,16,16,0,0,16,0.0,0,0,0.0,0.0,1.0
"((HR >= 2.372) U[2,2] (WBC >= 0.098))
",-0.098,-0.098,0.000,0.000,1.000,0,0,0,16,16,0,0,16,0.0,0,0,0.0,0.0,1.0
"F[1,1]((Resp <= 23.517 -> TroponinI >= 0.000) | BaseExcess >= 0.005)
",-0.005,-0.005,0.000,0.000,1.000,0,0,0,16,16,0,0,16,0.0,0,0,0.0,0.0,1.0
"F[2,2](Calcium <= 6.966 & Platelets >= 5.152)
",-5.152,-5.152,0.000,0.000,1.000,0,0,0,16,16,0,0,16,0.0,0,0,0.0,0.0,1.0
"F[1,2](((Resp >= 1.264 | Temp <= 30.559) & Potassium >= 1.370) -> Platelets >= 6.477)
",-9999999.000,-9999999.000,0.000,0.000,1.000,0,0,0,16,16,0,0,16,0.0,0,0,0.0,0.0,1.0
"F[1,2](((Hct <= 24.743 | Calcium <= 3.316) | SaO2 >= 0.495) | Platelets <= 6.533)
",-9999999.000,-9999999.000,0.000,0.000,1.000,0,0,0,16,16,0,0,16,0.0,0,0,0.0,0.0,1.0
"F[0,2](((Temp <= 22.782 & PTT >= 0.138) -> Calcium <= 2.382) & Resp <= 10.503)
",-9999999.000,-9999999.000,0.000,0.000,1.000,0,0,0,16,16,0,0,16,0.0,0,0,0.0,0.0,1.0
"F[1,2]((Glucose >= 0.023 & EtCO2 <= 0.000) & Calcium <= 0.000)
",-9999999.000,-9999999.000,0.000,0.000,1.000,0,0,0,16,16,0,0,16,0.0,0,0,0.0,0.0,1.0
"F[1,1](((O2Sat >= 0.475 -> Phosphate <= 2.109) & Fibrinogen >= 0.188) -> Resp <= 3.621)
",-3.621,-3.621,0.000,0.000,1.000,0,0,0,16,16,0,0,16,0.0,0,0,0.0,0.0,1.0
"F[1,2]((HR <= 51.892 | Magnesium >= 0.047) | Glucose <= 1.471)
",-9999999.000,-9999999.000,0.000,0.000,1.000,0,0,0,16,16,0,0,16,0.0,0,0,0.0,0.0,1.0
"F[0,2](HR >= 28.239 | Chloride <= 0.000)
",-9999999.000,-9999999.000,0.000,0.000,1.000,0,0,0,16,16,0,0,16,0.0,0,0,0.0,0.0,1.0
"F[0,2]((HR >= 12.327 -> Phosphate <= 2.287) & WBC >= 0.020)
",-9999999.000,-9999999.000,0.000,0.000,1.000,0,0,0,16,16,0,0,16,0.0,0,0,0.0,0.0,1.0
"((Potassium >= 0.209) U[0,2] (Lactate <= 0.000))
",-9999999.000,-9999999.000,0.000,0.000,1.000,0,0,0,16,16,0,0,16,0.0,0,0,0.0,0.0,1.0
"F[2,2]((Bilirubin_direct >= 0.001 & Resp <= 15.317) & AST >= 2.728)
",-2.728,-2.728,0.000,0.000,1.000,0,0,0,16,16,0,0,16,0.0,0,0,0.0,0.0,1.0
"F[0,1]((Bilirubin_direct <= 0.092 -> BaseExcess <= 0.000) & Hct >= 0.000)
",-9999999.000,-9999999.000,0.000,0.000,1.000,0,0,0,16,16,0,0,16,0.0,0,0,0.0,0.0,1.0
"((Creatinine <= 1.245) U[0,2] (Potassium <= 1.449))
",-9999999.000,-9999999.000,0.000,0.000,1.000,0,0,0,16,16,0,0,16,0.0,0,0,0.0,0.0,1.0
"F[1,2](Hgb <= 6.470 | Hct <= 30.200)
",-9999999.000,-9999999.000,0.000,0.000,1.000,0,0,0,16,16,0,0,16,0.0,0,0,0.0,0.0,1.0
"F[0,1](((SBP <= 148.733 & SaO2 >= 0.000) -> SepsisLabel >= 0.000) & WBC <= 0.000)
",-9999999.000,-9999999.000,0.000,0.000,1.000,0,0,0,16,16,0,0,16,0.0,0,0,0.0,0.0,1.0
"((Alkalinephos >= 0.891) U[0,2] (WBC >= 0.055))
",-9999999.000,-9999999.000,0.000,0.000,1.000,0,0,0,16,16,0,0,16,0.0,0,0,0.0,0.0,1.0
"F[0,1]((Lactate >= 0.000 -> Platelets <= 154.678) & TroponinI <= 174.625)
",-9999999.000,-9999999.000,0.000,0.000,1.000,0,0,0,16,16,0,0,16,0.0,0,0,0.0,0.0,1.0
"F[0,1]((Temp <= 20.517 -> DBP <= 60.423) | HR <= 58.154)
",-9999999.000,-9999999.000,0.000,0.000,1.000,0,0,0,16,16,0,0,16,0.0,0,0,0.0,0.0,1.0
"F[1,2](Magnesium <= 1.721 -> MAP <= 95.400)
",-9999999.000,-9999999.000,0.000,0.000,1.000,0,0,0,16,16,0,0,16,0.0,0,0,0.0,0.0,1.0
"F[1,2](((Hct >= 0.974 | Fibrinogen >= 0.000) & Platelets >= 0.000) -> SBP >= 0.000)
",-9999999.000,-9999999.000,0.000,0.000,1.000,0,0,0,16,16,0,0,16,0.0,0,0,0.0,0.0,1.0
"F[0,1](Bilirubin_total <= 0.144 | Calcium >= 0.449)
",-9999999.000,-9999999.000,0.000,0.000,1.000,0,0,0,16,16,0,0,16,0.0,0,0,0.0,0.0,1.0
"F[0,1]((BUN >= 2.119 -> BaseExcess <= 0.000) & Hct >= 0.000)
",-9999999.000,-9999999.000,0.000,0.000,1.000,0,0,0,16,16,0,0,16,0.0,0,0,0.0,0.0,1.0
"((BUN <= 38.428) U[1,2] (FiO2 >= 0.000))
",-9999999.000,-9999999.000,0.000,0.000,1.000,0,0,0,16,16,0,0,16,0.0,0,0,0.0,0.0,1.0
"F[1,1]((Temp <= 12.266 | Chloride <= 0.000) | Potassium <= 0.000)
",12.266,12.266,0.000,0.000,1.000,0,0,0,16,16,0,0,16,0.0,0,0,0.0,0.0,1.0
"F[0,1](SepsisLabel >= 0.000 -> Glucose <= 85.976)
",-9999999.000,-9999999.000,0.000,0.000,1.000,0,0,0,16,16,0,0,16,0.0,0,0,0.0,0.0,1.0
"((PTT <= 2.680) U[2,2] (Fibrinogen >= 0.000))
",2.680,2.680,0.000,0.000,1.000,0,0,0,16,16,0,0,16,0.0,0,0,0.0,0.0,1.0
"F[0,2](((AST <= 17.847 & O2Sat <= 94.858) & PaCO2 <= 91.125) | AST >= 51.224)
",-9999999.000,-9999999.000,0.000,0.000,1.000,0,0,0,16,16,0,0,16,0.0,0,0,0.0,0.0,1.0
"F[1,2](((FiO2 >= 0.000 & AST >= 0.271) -> Potassium <= 18.046) -> Hgb >= 1.061)
",-9999999.000,-9999999.000,0.000,0.000,1.000,0,0,0,16,16,0,0,16,0.0,0,0,0.0,0.0,1.0
"F[1,1]((Alkalinephos <= 28.559 & SepsisLabel <= 0.000) | MAP >= 0.000)
",0.000,0.000,0.000,0.000,1.000,0,0,0,16,16,0,0,16,0.0,0,0,0.0,0.0,1.0
"F[0,2](Lactate >= 0.000 & Fibrinogen <= 0.000)
",-9999999.000,-9999999.000,0.000,0.000,1.000,0,0,0,16,16,0,0,16,0.0,0,0,0.0,0.0,1.0
"((PaCO2 <= 0.000) U[0,1] (TroponinI <= 0.145))
",-9999999.000,-9999999.000,0.000,0.000,1.000,0,0,0,16,16,0,0,16,0.0,0,0,0.0,0.0,1.0
"F[0,0](((pH >= 0.000 & Potassium <= 3.775) -> HR <= 2.535) -> PTT <= 2.805)
",-2.805,-2.805,0.000,0.000,1.000,0,0,0,16,16,0,0,16,0.0,0,0,0.0,0.0,1.0
"F[0,2]((Bilirubin_direct <= 0.089 & FiO2 <= 0.000) | MAP <= 0.000)
",-9999999.000,-9999999.000,0.000,0.000,1.000,0,0,0,16,16,0,0,16,0.0,0,0,0.0,0.0,1.0
"F[2,2]((BaseExcess >= 0.000 & Fibrinogen <= 0.000) & HR <= 0.000)
",0.000,0.000,0.000,0.000,1.000,0,0,0,16,16,0,0,16,0.0,0,0,0.0,0.0,1.0
"F[0,1](((Hgb >= 0.175 | MAP >= 66.827) -> Bilirubin_total <= 77.073) & HR >= 22.392)
",-9999999.000,-9999999.000,0.000,0.000,1.000,0,0,0,16,16,0,0,16,0.0,0,0,0.0,0.0,1.0
"F[1,2](BUN >= 0.106 & O2Sat >= 56.056)
",-9999999.000,-9999999.000,0.000,0.000,1.000,0,0,0,16,16,0,0,16,0.0,0,0,0.0,0.0,1.0
"F[1,2]((BUN >= 0.350 & HR >= 6.642) | Bilirubin_direct <= 56.505)
",-9999999.000,-9999999.000,0.000,0.000,1.000,0,0,0,16,16,0,0,16,0.0,0,0,0.0,0.0,1.0
"F[1,2]((Chloride <= 0.000 | SaO2 <= 0.000) | DBP <= 0.000)
",-9999999.000,-9999999.000,0.000,0.000,1.000,0,0,0,16,16,0,0,16,0.0,0,0,0.0,0.0,1.0
"((PTT >= 0.383) U[0,2] (Lactate >= 0.000))
",-9999999.000,-9999999.000,0.000,0.000,1.000,0,0,0,16,16,0,0,16,0.0,0,0,0.0,0.0,1.0
"F[0,1]((Potassium >= 0.017 -> HCO3 <= 0.000) | Potassium >= 0.000)
",-9999999.000,-9999999.000,0.000,0.000,1.000,0,0,0,16,16,0,0,16,0.0,0,0,0.0,0.0,1.0
"F[0,1]((Glucose <= 114.681 -> Calcium <= 6.210) -> Hgb <= 2.798)
",-9999999.000,-9999999.000,0.000,0.000,1.000,0,0,0,16,16,0,0,16,0.0,0,0,0.0,0.0,1.0
"F[0,2]((Creatinine >= 0.031 -> Phosphate <= 1.688) & WBC >= 0.150)
",-9999999.000,-9999999.000,0.000,0.000,1.000,0,0,0,16,16,0,0,16,0.0,0,0,0.0,0.0,1.0
"F[0,2]((Resp >= 7.133 | pH <= 0.000) -> BUN >= 0.000)
",-9999999.000,-9999999.000,0.000,0.000,1.000,0,0,0,16,16,0,0,16,0.0,0,0,0.0,0.0,1.0
"F[1,2](((Hct <= 28.456 & Temp <= 20.439) -> TroponinI >= 4.765) | HR >= 6.443)
",-9999999.000,-9999999.000,0.000,0.000,1.000,0,0,0,16,16,0,0,16,0.0,0,0,0.0,0.0,1.0
"F[1,1](((BUN >= 0.748 | PTT <= 19.806) & EtCO2 >= 0.395) -> SepsisLabel <= 16.352)
",-16.352,-16.352,0.000,0.000,1.000,0,0,0,16,16,0,0,16,0.0,0,0,0.0,0.0,1.0
"((Alkalinephos <= 18.481) U[0,2] (Bilirubin_direct >= 0.001))
",-9999999.000,-9999999.000,0.000,0.000,1.000,0,0,0,16,16,0,0,16,0.0,0,0,0.0,0.0,1.0
"F[2,2](((BaseExcess >= 0.000 | Phosphate >= 0.069) & Glucose >= 0.067) | WBC >= 0.186)
",-0.067,-0.067,0.000,0.000,1.000,0,0,0,16,16,0,0,16,0.0,0,0,0.0,0.0,1.0
"F[2,2]((Bilirubin_total >= 0.019 -> Temp <= 16.256) & Bilirubin_total >= 5.431)
",-16.256,-16.256,0.000,0.000,1.000,0,0,0,16,16,0,0,16,0.0,0,0,0.0,0.0,1.0
"F[1,2](((MAP <= 85.957 | PaCO2 <= 0.000) & Temp <= 0.000) -> TroponinI <= 0.000)
",-9999999.000,-9999999.000,0.000,0.000,1.000,0,0,0,16,16,0,0,16,0.0,0,0,0.0,0.0,1.0
"F[1,2]((BUN <= 9.898 -> TroponinI <= 0.094) & Resp <= 0.066)
",-9999999.000,-9999999.000,0.000,0.000,1.000,0,0,0,16,16,0,0,16,0.0,0,0,0.0,0.0,1.0
"((Phosphate <= 1.001) U[0,1] (BaseExcess <= 0.000))
",-9999999.000,-9999999.000,0.000,0.000,1.000,0,0,0,16,16,0,0,16,0.0,0,0,0.0,0.0,1.0
"F[1,2](((FiO2 >= 0.000 & SaO2 <= 0.000) | TroponinI >= 0.000) & FiO2 >= 0.000)
",-9999999.000,-9999999.000,0.000,0.000,1.000,0,0,0,16,16,0,0,16,0.0,0,0,0.0,0.0,1.0
"F[0,2](((MAP <= 77.828 & FiO2 <= 0.000) | Resp >= 0.000) -> Fibrinogen >= 0.000)
",-9999999.000,-9999999.000,0.000,0.000,1.000,0,0,0,16,16,0,0,16,0.0,0,0,0.0,0.0,1.0
"F[0,1](((SaO2 >= 0.000 & BUN >= 0.225) -> FiO2 >= 2.569) | Bilirubin_total <= 8.172)
",-9999999.000,-9999999.000,0.000,0.000,1.000,0,0,0,16,16,0,0,16,0.0,0,0,0.0,0.0,1.0
"F[0,2](FiO2 <= 0.000 -> Bilirubin_direct >= 0.002)
",-9999999.000,-9999999.000,0.000,0.000,1.000,0,0,0,16,16,0,0,16,0.0,0,0,0.0,0.0,1.0
"((SepsisLabel <= 0.000) U[0,2] (HR >= 20.276))
",-9999999.000,-9999999.000,0.000,0.000,1.000,0,0,0,16,16,0,0,16,0.0,0,0,0.0,0.0,1.0
"F[1,2](((SepsisLabel <= 0.000 & Bilirubin_total >= 0.016) | Chloride <= 0.447) & Platelets >= 0.032)
",-9999999.000,-9999999.000,0.000,0.000,1.000,0,0,0,16,16,0,0,16,0.0,0,0,0.0,0.0,1.0
"((Magnesium >= 0.048) U[0,2] (Fibrinogen <= 0.000))
",-9999999.000,-9999999.000,0.000,0.000,1.000,0,0,0,16,16,0,0,16,0.0,0,0,0.0,0.0,1.0
"F[0,1](((FiO2 >= 0.000 -> Phosphate <= 1.842) | Lactate >= 0.163) -> Temp <= 1.118)
",-9999999.000,-9999999.000,0.000,0.000,1.000,0,0,0,16,16,0,0,16,0.0,0,0,0.0,0.0,1.0
"F[0,0]((Fibrinogen >= 0.000 | SBP <= 131.283) | MAP <= 130.839)
",10.588,126.758,0.000,0.000,1.000,0,0,0,16,16,0,0,16,0.0,0,0,0.0,0.0,1.0
"F[0,0](((SBP >= 30.199 | PaCO2 <= 0.000) -> MAP <= 0.000) | PaCO2 <= 0.000)
",0.000,0.000,0.000,0.000,1.000,0,0,0,16,16,0,0,16,0.0,0,0,0.0,0.0,1.0
"F[0,2](((pH <= 0.000 & SBP <= 150.360) | Magnesium >= 0.679) -> TroponinI >= 82.751)
",-9999999.000,-9999999.000,0.000,0.000,1.000,0,0,0,16,16,0,0,16,0.0,0,0,0.0,0.0,1.0
"F[2,2]((Creatinine <= 0.403 & DBP >= 2.984) -> Alkalinephos <= 53.725)
",-53.725,-53.725,0.000,0.000,1.000,0,0,0,16,16,0,0,16,0.0,0,0,0.0,0.0,1.0
"F[1,2](((Chloride >= 0.000 & SBP <= 130.252) & Glucose >= 93.001) | AST >= 71.981)
",-9999999.000,-9999999.000,0.000,0.000,1.000,0,0,0,16,16,0,0,16,0.0,0,0,0.0,0.0,1.0
"F[0,2](BaseExcess <= 0.000 & Creatinine >= 0.066)
",-9999999.000,-9999999.000,0.000,0.000,1.000,0,0,0,16,16,0,0,16,0.0,0,0,0.0,0.0,1.0
"F[0,1]((AST <= 9.891 -> MAP >= 68.384) | AST <= 75.690)
",-9999999.000,-9999999.000,0.000,0.000,1.000,0,0,0,16,16,0,0,16,0.0,0,0,0.0,0.0,1.0
"F[2,2](((Creatinine <= 1.881 -> Bilirubin_total <= 0.378) -> Resp >= 0.026) -> AST <= 0.313)
",-0.313,-0.313,0.000,0.000,1.000,0,0,0,16,16,0,0,16,0.0,0,0,0.0,0.0,1.0
"F[0,1](((O2Sat <= 94.536 & Fibrinogen >= 0.000) -> PTT <= 0.000) -> Fibrinogen >= 0.000)
",-9999999.000,-9999999.000,0.000,0.000,1.000,0,0,0,16,16,0,0,16,0.0,0,0,0.0,0.0,1.0
"((MAP <= 90.573) U[1,2] (Hct >= 0.120))
",-9999999.000,-9999999.000,0.000,0.000,1.000,0,0,0,16,16,0,0,16,0.0,0,0,0.0,0.0,1.0
"F[1,2](((SBP >= 4.975 | Temp >= 7.147) & Hgb >= 5.760) & Glucose <= 23.187)
",-9999999.000,-9999999.000,0.000,0.000,1.000,0,0,0,16,16,0,0,16,0.0,0,0,0.0,0.0,1.0
"F[0,2](((FiO2 >= 0.000 | SBP <= 137.616) -> SBP <= 140.524) -> SepsisLabel >= 11.461)
",-9999999.000,-9999999.000,0.000,0.000,1.000,0,0,0,16,16,0,0,16,0.0,0,0,0.0,0.0,1.0
"((TroponinI <= 0.158) U[1,2] (Bilirubin_direct <= 0.047))
",-9999999.000,-9999999.000,0.000,0.000,1.000,0,0,0,16,16,0,0,16,0.0,0,0,0.0,0.0,1.0
"F[0,1](BaseExcess <= 0.000 -> pH <= 0.000)
",-9999999.000,-9999999.000,0.000,0.000,1.000,0,0,0,16,16,0,0,16,0.0,0,0,0.0,0.0,1.0
"F[1,1]((Bilirubin_direct <= 0.014 -> HCO3 <= 0.000) & EtCO2 >= 0.000)
",-0.014,-0.014,0.000,0.000,1.000,0,0,0,16,16,0,0,16,0.0,0,0,0.0,0.0,1.0
"F[1,2](((PTT >= 0.626 & Creatinine <= 0.780) | pH <= 1.110) | SaO2 >= 0.016)
",-9999999.000,-9999999.000,0.000,0.000,1.000,0,0,0,16,16,0,0,16,0.0,0,0,0.0,0.0,1.0
"F[0,2](WBC >= 0.033 & Glucose >= 29.227)
",-9999999.000,-9999999.000,0.000,0.000,1.000,0,0,0,16,16,0,0,16,0.0,0,0,0.0,0.0,1.0
"F[0,1](((SBP >= 80.489 & FiO2 <= 0.000) -> SepsisLabel >= 0.000) -> Bilirubin_total <= 0.000)
",-9999999.000,-9999999.000,0.000,0.000,1.000,0,0,0,16,16,0,0,16,0.0,0,0,0.0,0.0,1.0
"F[0,2](((Hgb >= 0.619 & Hgb >= 0.191) -> Alkalinephos >= 0.736) & WBC >= 0.376)
",-9999999.000,-9999999.000,0.000,0.000,1.000,0,0,0,16,16,0,0,16,0.0,0,0,0.0,0.0,1.0
"F[0,0](Calcium >= 0.220 -> FiO2 >= 0.000)
",0.000,0.000,0.000,0.000,1.000,0,0,0,16,16,0,0,16,0.0,0,0,0.0,0.0,1.0
"F[2,2](((SaO2 <= 0.000 | EtCO2 <= 0.000) & PaCO2 <= 0.000) -> SBP <= 0.000)
",0.000,0.000,0.000,0.000,1.000,0,0,0,16,16,0,0,16,0.0,0,0,0.0,0.0,1.0
"F[1,2](HR >= 7.115 | Bilirubin_direct >= 0.002)
",-9999999.000,-9999999.000,0.000,0.000,1.000,0,0,0,16,16,0,0,16,0.0,0,0,0.0,0.0,1.0
"((Magnesium >= 0.047) U[0,1] (FiO2 <= 0.000))
",-9999999.000,-9999999.000,0.000,0.000,1.000,0,0,0,16,16,0,0,16,0.0,0,0,0.0,0.0,1.0
"F[0,2](Hgb >= 0.027 -> PaCO2 <= 0.000)
",-9999999.000,-9999999.000,0.000,0.000,1.000,0,0,0,16,16,0,0,16,0.0,0,0,0.0,0.0,1.0
"F[1,2](((SBP <= 161.388 & SaO2 <= 0.000) | Bilirubin_direct >= 0.000) & SBP >= 0.000)
",-9999999.000,-9999999.000,0.000,0.000,1.000,0,0,0,16,16,0,0,16,0.0,0,0,0.0,0.0,1.0
"F[0,2](((Platelets >= 9.394 | Bilirubin_total >= 0.040) | Magnesium >= 0.026) | HCO3 >= 0.011)
",-9999999.000,-9999999.000,0.000,0.000,1.000,0,0,0,16,16,0,0,16,0.0,0,0,0.0,0.0,1.0
"F[1,2](Alkalinephos >= 2.320 -> AST >= 0.625)
",-9999999.000,-9999999.000,0.000,0.000,1.000,0,0,0,16,16,0,0,16,0.0,0,0,0.0,0.0,1.0
"((DBP >= 0.102) U[0,2] (FiO2 <= 0.000))
",-9999999.000,-9999999.000,0.000,0.000,1.000,0,0,0,16,16,0,0,16,0.0,0,0,0.0,0.0,1.0
"((DBP >= 15.025) U[0,1] (Magnesium <= 0.402))
",-9999999.000,-9999999.000,0.000,0.000,1.000,0,0,0,16,16,0,0,16,0.0,0,0,0.0,0.0,1.0
"F[2,2](Phosphate >= 0.010 -> Chloride <= 0.000)
",0.000,0.000,0.000,0.000,1.000,0,0,0,16,16,0,0,16,0.0,0,0,0.0,0.0,1.0
"F[0,1]((Platelets <= 78.401 & Hct >= 2.115) | Creatinine <= 6.958)
",-9999999.000,-9999999.000,0.000,0.000,1.000,0,0,0,16,16,0,0,16,0.0,0,0,0.0,0.0,1.0
"F[2,2](((pH <= 0.000 -> HCO3 <= 0.000) -> Resp >= 0.000) & pH >= 0.000)
",0.000,0.000,0.000,0.000,1.000,0,0,0,16,16,0,0,16,0.0,0,0,0.0,0.0,1.0
"F[1,2](((Potassium <= 4.074 | Magnesium <= 0.508) & AST <= 0.300) -> Creatinine <= 0.643)
",-9999999.000,-9999999.000,0.000,0.000,1.000,0,0,0,16,16,0,0,16,0.0,0,0,0.0,0.0,1.0
"((Hct <= 36.072) U[0,0] (Bilirubin_direct <= 0.098))
",1241.591,36.065,0.000,0.000,1.000,0,0,0,16,16,0,0,16,0.0,0,0,0.0,0.0,1.0
"F[0,1](((FiO2 <= 0.000 | Magnesium <= 1.702) & BUN <= 1.527) | Chloride <= 0.637)
",-9999999.000,-9999999.000,0.000,0.000,1.000,0,0,0,16,16,0,0,16,0.0,0,0,0.0,0.0,1.0
"F[1,2]((HR <= 48.821 | Temp >= 7.649) & MAP >= 2.956)
",-9999999.000,-9999999.000,0.000,0.000,1.000,0,0,0,16,16,0,0,16,0.0,0,0,0.0,0.0,1.0
"F[0,1](((DBP >= 3.136 & WBC <= 2.053) | Lactate >= 0.113) -> Platelets <= 3.186)
",-9999999.000,-9999999.000,0.000,0.000,1.000,0,0,0,16,16,0,0,16,0.0,0,0,0.0,0.0,1.0
"F[1,2]((Hgb >= 0.730 & Resp <= 20.014) | Lactate <= 19.313)
",-9999999.000,-9999999.000,0.000,0.000,1.000,0,0,0,16,16,0,0,16,0.0,0,0,0.0,0.0,1.0
"F[0,2]((BUN >= 0.344 -> DBP >= 23.444) -> FiO2 >= 9.745)
",-9999999.000,-9999999.000,0.000,0.000,1.000,0,0,0,16,16,0,0,16,0.0,0,0,0.0,0.0,1.0
"((Hgb > 0.022) U[0,2] (SepsisLabel = 0.000))
",-9999999.000,-9999999.000,0.000,0.000,1.000,0,0,0,16,16,0,0,16,0.0,0,0,0.0,0.0,1.0
"F[1,2](EtCO2 >= 0.000 & SepsisLabel = 0.000)
",-9999999.000,-9999999.000,0.000,0.000,1.000,0,0,0,16,16,0,0,16,0.0,0,0,0.0,0.0,1.0
"F[1,2](WBC > 0.224 -> SepsisLabel = 0.000)
",-9999999.000,-9999999.000,0.000,0.000,1.000,0,0,0,16,16,0,0,16,0.0,0,0,0.0,0.0,1.0
"((AST < 3.564) U[0,2] (SepsisLabel = 0.000))
",-9999999.000,-9999999.000,0.000,0.000,1.000,0,0,0,16,16,0,0,16,0.0,0,0,0.0,0.0,1.0
"((Bilirubin_direct <= 0.040) U[0,0] (SepsisLabel = 0.000))
",0.040,0.040,0.000,0.000,1.000,0,0,0,16,16,0,0,16,0.0,0,0,0.0,0.0,1.0
"((Fibrinogen <= 0.000) U[0,1] (SepsisLabel = 0.000))
",-9999999.000,-9999999.000,0.000,0.000,1.000,0,0,0,16,16,0,0,16,0.0,0,0,0.0,0.0,1.0
"((DBP >= 16.183) U[2,2] (SepsisLabel = 0.000))
",0.000,0.000,0.000,0.000,1.000,0,0,0,16,16,0,0,16,0.0,0,0,0.0,0.0,1.0
"F[1,2](MAP >= 48.835 & SepsisLabel = 0.000)
",-9999999.000,-9999999.000,0.000,0.000,1.000,0,0,0,16,16,0,0,16,0.0,0,0,0.0,0.0,1.0
"((Platelets <= 20.494) U[0,1] (SepsisLabel = 0.000))
",-9999999.000,-9999999.000,0.000,0.000,1.000,0,0,0,16,16,0,0,16,0.0,0,0,0.0,0.0,1.0
"((BaseExcess <= 0.000) U[0,2] (SepsisLabel = 0.000))
",-9999999.000,-9999999.000,0.000,0.000,1.000,0,0,0,16,16,0,0,16,0.0,0,0,0.0,0.0,1.0
"F[0,2](Glucose < 43.393 -> SepsisLabel = 0.000)
",-9999999.000,-9999999.000,0.000,0.000,1.000,0,0,0,16,16,0,0,16,0.0,0,0,0.0,0.0,1.0
"F[1,1](Bilirubin_direct >= 0.002 -> SepsisLabel = 0.000)
",0.000,0.000,0.000,0.000,1.000,0,0,0,16,16,0,0,16,0.0,0,0,0.0,0.0,1.0
"((WBC > 0.066) U[0,1] (SepsisLabel = 0.000))
",-9999999.000,-9999999.000,0.000,0.000,1.000,0,0,0,16,16,0,0,16,0.0,0,0,0.0,0.0,1.0
"((BUN > 0.578) U[0,1] (SepsisLabel = 0.000))
",-9999999.000,-9999999.000,0.000,0.000,1.000,0,0,0,16,16,0,0,16,0.0,0,0,0.0,0.0,1.0
"F[1,2](Hgb < 3.391 -> SepsisLabel = 0.000)
",-9999999.000,-9999999.000,0.000,0.000,1.000,0,0,0,16,16,0,0,16,0.0,0,0,0.0,0.0,1.0
"F[0,2](WBC <= 2.317 -> SepsisLabel = 0.000)
",-9999999.000,-9999999.000,0.000,0.000,1.000,0,0,0,16,16,0,0,16,0.0,0,0,0.0,0.0,1.0
"F[1,2](MAP > 7.818 & SepsisLabel = 0.000)
",-9999999.000,-9999999.000,0.000,0.000,1.000,0,0,0,16,16,0,0,16,0.0,0,0,0.0,0.0,1.0
"((BaseExcess >= 0.000) U[1,1] (SepsisLabel = 0.000))
",0.000,0.000,0.000,0.000,1.000,0,0,0,16,16,0,0,16,0.0,0,0,0.0,0.0,1.0
"((O2Sat <= 87.551) U[0,1] (SepsisLabel = 0.000))
",-9999999.000,-9999999.000,0.000,0.000,1.000,0,0,0,16,16,0,0,16,0.0,0,0,0.0,0.0,1.0
"F[0,2](Temp >= 2.094 & SepsisLabel = 0.000)
",-9999999.000,-9999999.000,0.000,0.000,1.000,0,0,0,16,16,0,0,16,0.0,0,0,0.0,0.0,1.0
"F[1,2]((Calcium >= 0.157 | Magnesium >= 0.114) & BUN >= 0.091)
",-9999999.000,-9999999.000,0.000,0.000,1.000,0,0,0,16,16,0,0,16,0.0,0,0,0.0,0.0,1.0
"F[2,2](((Hct <= 34.814 -> Magnesium >= 0.007) & Lactate <= 0.205) | SepsisLabel >= 0.068)
",-0.068,-0.068,0.000,0.000,1.000,0,0,0,16,16,0,0,16,0.0,0,0,0.0,0.0,1.0
"F[1,2]((Alkalinephos >= 1.671 & BUN >= 1.443) -> Temp <= 16.787)
",-9999999.000,-9999999.000,0.000,0.000,1.000,0,0,0,16,16,0,0,16,0.0,0,0,0.0,0.0,1.0
"F[1,2]((Bilirubin_total >= 0.024 | Calcium >= 0.459) | Platelets >= 0.377)
",-9999999.000,-9999999.000,0.000,0.000,1.000,0,0,0,16,16,0,0,16,0.0,0,0,0.0,0.0,1.0
"F[0,2]((Hgb >= 0.206 -> Platelets <= 27.686) & Creatinine >= 1.805)
",-9999999.000,-9999999.000,0.000,0.000,1.000,0,0,0,16,16,0,0,16,0.0,0,0,0.0,0.0,1.0
"F[0,1]((Creatinine <= 1.145 -> Hgb >= 0.706) -> Potassium >= 0.105)
",-9999999.000,-9999999.000,0.000,0.000,1.000,0,0,0,16,16,0,0,16,0.0,0,0,0.0,0.0,1.0
"F[0,2]((Hct >= 0.303 & WBC <= 6.037) | Glucose >= 8.294946192047986e-05)
",-9999999.000,-9999999.000,0.000,0.000,1.000,0,0,0,16,16,0,0,16,0.0,0,0,0.0,0.0,1.0
"F[0,2](Alkalinephos <= 12.249 & Hct <= 8.505)
",-9999999.000,-9999999.000,0.000,0.000,1.000,0,0,0,16,16,0,0,16,0.0,0,0,0.0,0.0,1.0
"F[1,1]((Alkalinephos >= 1.237 -> Hgb <= 12.449) | Platelets >= 0.647)
",-0.647,-0.647,0.000,0.000,1.000,0,0,0,16,16,0,0,16,0.0,0,0,0.0,0.0,1.0
"F[2,2]((Alkalinephos <= 46.618 -> Calcium <= 8.251) | SaO2 <= 7.504)
",7.504,7.504,0.000,0.000,1.000,0,0,0,16,16,0,0,16,0.0,0,0,0.0,0.0,1.0
"F[1,2](AST >= 0.283 | Bilirubin_total >= 0.010)
",-9999999.000,-9999999.000,0.000,0.000,1.000,0,0,0,16,16,0,0,16,0.0,0,0,0.0,0.0,1.0
"F[0,2](((BUN <= 21.323 -> Hct >= 1.045) | Hct <= 26.503) | Chloride >= 0.055)
",-9999999.000,-9999999.000,0.000,0.000,1.000,0,0,0,16,16,0,0,16,0.0,0,0,0.0,0.0,1.0
"F[0,1]((BUN <= 35.819 & Creatinine <= 2.145) | Chloride <= 0.254)
",-9999999.000,-9999999.000,0.000,0.000,1.000,0,0,0,16,16,0,0,16,0.0,0,0,0.0,0.0,1.0
"F[1,2]((Calcium <= 6.511 & Platelets >= 7.308) & O2Sat <= 61.275)
",-9999999.000,-9999999.000,0.000,0.000,1.000,0,0,0,16,16,0,0,16,0.0,0,0,0.0,0.0,1.0
"F[1,2]((Hct <= 13.825 & Hgb <= 3.995) -> Resp <= 11.950)
",-9999999.000,-9999999.000,0.000,0.000,1.000,0,0,0,16,16,0,0,16,0.0,0,0,0.0,0.0,1.0
"((Creatinine <= 1.494) U[2,2] (WBC >= 0.075))
",1.494,1.494,0.000,0.000,1.000,0,0,0,16,16,0,0,16,0.0,0,0,0.0,0.0,1.0
"((BaseExcess >= 0.000) U[0,2] (SepsisLabel = 0.000))
",-9999999.000,-9999999.000,0.000,0.000,1.000,0,0,0,16,16,0,0,16,0.0,0,0,0.0,0.0,1.0
"F[1,1](Alkalinephos < 22.614 -> SepsisLabel = 0.000)
",-22.614,-22.614,0.000,0.000,1.000,0,0,0,16,16,0,0,16,0.0,0,0,0.0,0.0,1.0
"F[0,2](AST >= 0.428 | Calcium <= 5.574)
",-9999999.000,-9999999.000,0.000,0.000,1.000,0,0,0,16,16,0,0,16,0.0,0,0,0.0,0.0,1.0
"F[0,1](Hgb <= 5.391 | Hct <= 28.597)
",-9999999.000,-9999999.000,0.000,0.000,1.000,0,0,0,16,16,0,0,16,0.0,0,0,0.0,0.0,1.0
"F[2,2]((Phosphate >= 0.000 & Magnesium > 0.017) -> Calcium < 7.098)
",-7.098,-7.098,0.000,0.000,1.000,0,0,0,16,16,0,0,16,0.0,0,0,0.0,0.0,1.0
"F[2,2](((Calcium < 7.156 & Potassium < 2.532) & Magnesium < 0.875) & Phosphate < 2.702)
",0.875,0.875,0.000,0.000,1.000,0,0,0,16,16,0,0,16,0.0,0,0,0.0,0.0,1.0
"F[0,1](Hgb <= 7.231 | Hct <= 35.543)
",-9999999.000,-9999999.000,0.000,0.000,1.000,0,0,0,16,16,0,0,16,0.0,0,0,0.0,0.0,1.0
"((MAP >= 70.002) U[0,2] (SBP <= 127.469))
",-9999999.000,-9999999.000,0.000,0.000,1.000,0,0,0,16,16,0,0,16,0.0,0,0,0.0,0.0,1.0
"F[0,2]((Phosphate >= 0.147 & Magnesium > 0.027) -> Calcium < 6.632)
",-9999999.000,-9999999.000,0.000,0.000,1.000,0,0,0,16,16,0,0,16,0.0,0,0,0.0,0.0,1.0
"F[0,2](((Calcium < 3.821 & Potassium < 3.224) & Magnesium < 0.266) & Phosphate < 1.012)
",-9999999.000,-9999999.000,0.000,0.000,1.000,0,0,0,16,16,0,0,16,0.0,0,0,0.0,0.0,1.0
"F[2,2]((Calcium <= 1.326 & Potassium <= 2.791) & Magnesium >= 0.099)
",-0.099,-0.099,0.000,0.000,1.000,0,0,0,16,16,0,0,16,0.0,0,0,0.0,0.0,1.0
"((MAP >= 52.977) U[0,1] (SBP <= 155.847))
",-9999999.000,-9999999.000,0.000,0.000,1.000,0,0,0,16,16,0,0,16,0.0,0,0,0.0,0.0,1.0
"((BaseExcess > 0.000) U[0,1] (SepsisLabel = 0.000))
",-9999999.000,-9999999.000,0.000,0.000,1.000,0,0,0,16,16,0,0,16,0.0,0,0,0.0,0.0,1.0
"F[0,2]((Phosphate >= 0.150 & Magnesium > 0.048) -> Calcium < 3.804)
",-9999999.000,-9999999.000,0.000,0.000,1.000,0,0,0,16,16,0,0,16,0.0,0,0,0.0,0.0,1.0
"F[0,2](((Calcium < 7.657 & Potassium < 2.658) & Magnesium < 1.091) & Phosphate < 0.714)
",-9999999.000,-9999999.000,0.000,0.000,1.000,0,0,0,16,16,0,0,16,0.0,0,0,0.0,0.0,1.0
"F[1,2]((Calcium <= 7.128 & Potassium <= 3.446) & Magnesium >= 0.079)
",-9999999.000,-9999999.000,0.000,0.000,1.000,0,0,0,16,16,0,0,16,0.0,0,0,0.0,0.0,1.0
"F[0,1]((Phosphate >= 0.040 & Magnesium > 0.015) -> Calcium < 6.219)
",-9999999.000,-9999999.000,0.000,0.000,1.000,0,0,0,16,16,0,0,16,0.0,0,0,0.0,0.0,1.0
"((MAP >= 40.062) U[2,2] (SBP <= 122.426))
",122.426,122.426,0.000,0.000,1.000,0,0,0,16,16,0,0,16,0.0,0,0,0.0,0.0,1.0
"F[2,2]((Phosphate >= 0.014 & Magnesium > 0.084) -> Calcium < 0.890)
",-0.890,-0.890,0.000,0.000,1.000,0,0,0,16,16,0,0,16,0.0,0,0,0.0,0.0,1.0
"F[2,2](((Calcium < 4.975 & Potassium < 0.990) & Magnesium < 0.140) & Phosphate < 2.472)
",0.140,0.140,0.000,0.000,1.000,0,0,0,16,16,0,0,16,0.0,0,0,0.0,0.0,1.0
"((MAP >= 65.382) U[0,2] (SBP <= 163.562))
",-9999999.000,-9999999.000,0.000,0.000,1.000,0,0,0,16,16,0,0,16,0.0,0,0,0.0,0.0,1.0
"F[1,2](Hgb <= 6.049 | Hct <= 3.849)
",-9999999.000,-9999999.000,0.000,0.000,1.000,0,0,0,16,16,0,0,16,0.0,0,0,0.0,0.0,1.0
"F[2,2]((Calcium <= 3.645 & Potassium <= 0.663) & Magnesium >= 0.098)
",-0.098,-0.098,0.000,0.000,1.000,0,0,0,16,16,0,0,16,0.0,0,0,0.0,0.0,1.0
"F[0,1](((Calcium < 6.862 & Potassium < 1.805) & Magnesium < 0.160) & Phosphate < 2.919)
",-9999999.000,-9999999.000,0.000,0.000,1.000,0,0,0,16,16,0,0,16,0.0,0,0,0.0,0.0,1.0
"F[0,0](Calcium < 6.062 -> SepsisLabel = 0.000)
",-6.062,-6.062,0.000,0.000,1.000,0,0,0,16,16,0,0,16,0.0,0,0,0.0,0.0,1.0
"((MAP >= 26.575) U[0,2] (SBP <= 137.101))
",-9999999.000,-9999999.000,0.000,0.000,1.000,0,0,0,16,16,0,0,16,0.0,0,0,0.0,0.0,1.0
"F[0,2]((Calcium <= 5.721 & Potassium <= 3.397) & Magnesium >= 0.120)
",-9999999.000,-9999999.000,0.000,0.000,1.000,0,0,0,16,16,0,0,16,0.0,0,0,0.0,0.0,1.0
"F[1,2](Hgb <= 8.132 | Hct <= 14.513)
",-9999999.000,-9999999.000,0.000,0.000,1.000,0,0,0,16,16,0,0,16,0.0,0,0,0.0,0.0,1.0
"F[0,2]((Phosphate >= 0.108 & Magnesium > 0.103) -> Calcium < 2.141)
",-9999999.000,-9999999.000,0.000,0.000,1.000,0,0,0,16,16,0,0,16,0.0,0,0,0.0,0.0,1.0
"F[0,2](((Calcium < 6.601 & Potassium < 0.864) & Magnesium < 0.975) & Phosphate < 1.156)
",-9999999.000,-9999999.000,0.000,0.000,1.000,0,0,0,16,16,0,0,16,0.0,0,0,0.0,0.0,1.0
"F[1,2]((Calcium <= 3.984 & Potassium <= 3.889) & Magnesium >= 0.103)
",-9999999.000,-9999999.000,0.000,0.000,1.000,0,0,0,16,16,0,0,16,0.0,0,0,0.0,0.0,1.0
"F[0,1](Hgb <= 10.356 | Hct <= 27.371)
",-9999999.000,-9999999.000,0.000,0.000,1.000,0,0,0,16,16,0,0,16,0.0,0,0,0.0,0.0,1.0
"((MAP >= 50.894) U[0,1] (SBP <= 153.283))
",-9999999.000,-9999999.000,0.000,0.000,1.000,0,0,0,16,16,0,0,16,0.0,0,0,0.0,0.0,1.0
"F[2,2](((Calcium < 6.457 & Potassium < 2.234) & Magnesium < 1.934) & Phosphate < 1.835)
",1.835,1.835,0.000,0.000,1.000,0,0,0,16,16,0,0,16,0.0,0,0,0.0,0.0,1.0
"F[0,2]((Calcium <= 5.288 & Potassium <= 1.651) & Magnesium >= 0.084)
",-9999999.000,-9999999.000,0.000,0.000,1.000,0,0,0,16,16,0,0,16,0.0,0,0,0.0,0.0,1.0
"F[2,2](Hgb <= 5.372 | Hct <= 14.197)
",14.197,14.197,0.000,0.000,1.000,0,0,0,16,16,0,0,16,0.0,0,0,0.0,0.0,1.0
"F[0,2]((Phosphate >= 0.030 & Magnesium > 0.005) -> Calcium < 1.718)
",-9999999.000,-9999999.000,0.000,0.000,1.000,0,0,0,16,16,0,0,16,0.0,0,0,0.0,0.0,1.0
"F[2,2](((Calcium < 1.703 & Potassium < 3.480) & Magnesium < 1.270) & Phosphate < 2.960)
",1.270,1.270,0.000,0.000,1.000,0,0,0,16,16,0,0,16,0.0,0,0,0.0,0.0,1.0
"F[0,2]((Phosphate >= 0.008 & Magnesium > 0.075) -> Calcium < 1.879)
",-9999999.000,-9999999.000,0.000,0.000,1.000,0,0,0,16,16,0,0,16,0.0,0,0,0.0,0.0,1.0
"F[1,2](((Bilirubin_total <= 0.606 | Platelets >= 9.959) | pH >= 8.291) | Bilirubin_total <= 157.419)
",-9999999.000,-9999999.000,0.000,0.000,1.000,0,0,0,16,16,0,0,16,0.0,0,0,0.0,0.0,1.0
"((AST <= 15.266) U[1,2] (Potassium >= 0.133))
",-9999999.000,-9999999.000,0.000,0.000,1.000,0,0,0,16,16,0,0,16,0.0,0,0,0.0,0.0,1.0
"F[0,0](((DBP >= 21.080 & Hct <= 10.939) & Hgb >= 0.507) -> Bilirubin_total >= 1.033)
",4.234,0.539,0.000,0.000,1.000,0,0,0,16,16,0,0,16,0.0,0,0,0.0,0.0,1.0
"F[1,2](Magnesium <= 0.429 | SBP >= 55.650)
",-9999999.000,-9999999.000,0.000,0.000,1.000,0,0,0,16,16,0,0,16,0.0,0,0,0.0,0.0,1.0
"((Hct <= 4.521) U[2,2] (Resp <= 15.487))
",15.487,15.487,0.000,0.000,1.000,0,0,0,16,16,0,0,16,0.0,0,0,0.0,0.0,1.0
"F[0,2]((Calcium <= 6.574 & Potassium <= 2.287) & Magnesium >= 0.100)
",-9999999.000,-9999999.000,0.000,0.000,1.000,0,0,0,16,16,0,0,16,0.0,0,0,0.0,0.0,1.0
"F[0,2](Alkalinephos <= 8.820 & Resp <= 16.222)
",-9999999.000,-9999999.000,0.000,0.000,1.000,0,0,0,16,16,0,0,16,0.0,0,0,0.0,0.0,1.0
"((Potassium <= 0.293) U[0,2] (Resp >= 0.481))
",-9999999.000,-9999999.000,0.000,0.000,1.000,0,0,0,16,16,0,0,16,0.0,0,0,0.0,0.0,1.0
"F[0,2]((Hct <= 15.952 & SBP >= 8.987) & TroponinI >= 8.802)
",-9999999.000,-9999999.000,0.000,0.000,1.000,0,0,0,16,16,0,0,16,0.0,0,0,0.0,0.0,1.0
"F[0,0]((Alkalinephos >= 2.274 | SBP >= 64.775) | DBP <= 159.700)
",3.835,84.325,0.000,0.000,1.000,0,0,0,16,16,0,0,16,0.0,0,0,0.0,0.0,1.0
"F[0,0]((Platelets >= 9.761 | SBP <= 129.231) | EtCO2 <= 148.307)
",15.166,138.091,0.000,0.000,1.000,0,0,0,16,16,0,0,16,0.0,0,0,0.0,0.0,1.0
"F[1,2]((Glucose <= 101.738 -> TroponinI >= 0.008) | Temp >= 0.003)
",-9999999.000,-9999999.000,0.000,0.000,1.000,0,0,0,16,16,0,0,16,0.0,0,0,0.0,0.0,1.0
"F[2,2]((Platelets >= 5.589 & TroponinI >= 0.008) & Glucose >= 0.006)
",-5.589,-5.589,0.000,0.000,1.000,0,0,0,16,16,0,0,16,0.0,0,0,0.0,0.0,1.0
"F[0,2](((O2Sat <= 81.619 | Temp >= 0.972) & DBP >= 4.001) -> Phosphate <= 27.732)
",-9999999.000,-9999999.000,0.000,0.000,1.000,0,0,0,16,16,0,0,16,0.0,0,0,0.0,0.0,1.0
"F[2,2](((Glucose >= 26.397 -> PTT >= 0.621) & pH >= 0.636) & SBP >= 0.115)
",-0.636,-0.636,0.000,0.000,1.000,0,0,0,16,16,0,0,16,0.0,0,0,0.0,0.0,1.0
"F[2,2](Glucose >= 7.313 | Phosphate >= 0.061)
",-0.061,-0.061,0.000,0.000,1.000,0,0,0,16,16,0,0,16,0.0,0,0,0.0,0.0,1.0
"F[2,2]((Bilirubin_total <= 0.547 | Glucose >= 18.844) -> WBC <= 126.082)
",-126.082,-126.082,0.000,0.000,1.000,0,0,0,16,16,0,0,16,0.0,0,0,0.0,0.0,1.0
"F[0,2]((Glucose >= 11.191 | Hct >= 1.932) & Calcium >= 0.613)
",-9999999.000,-9999999.000,0.000,0.000,1.000,0,0,0,16,16,0,0,16,0.0,0,0,0.0,0.0,1.0
"F[0,2](O2Sat <= 93.069 & Resp >= 10.940)
",-9999999.000,-9999999.000,0.000,0.000,1.000,0,0,0,16,16,0,0,16,0.0,0,0,0.0,0.0,1.0
"F[1,2](Magnesium <= 1.251 | TroponinI <= 0.144)
",-9999999.000,-9999999.000,0.000,0.000,1.000,0,0,0,16,16,0,0,16,0.0,0,0,0.0,0.0,1.0
"((Creatinine <= 0.600) U[0,2] (SBP <= 118.469))
",-9999999.000,-9999999.000,0.000,0.000,1.000,0,0,0,16,16,0,0,16,0.0,0,0,0.0,0.0,1.0
"((Creatinine <= 1.713) U[0,1] (Resp <= 24.066))
",-9999999.000,-9999999.000,0.000,0.000,1.000,0,0,0,16,16,0,0,16,0.0,0,0,0.0,0.0,1.0
"((Resp >= 10.831) U[0,2] (WBC <= 5.835))
",-9999999.000,-9999999.000,0.000,0.000,1.000,0,0,0,16,16,0,0,16,0.0,0,0,0.0,0.0,1.0
"((Calcium >= 0.049) U[0,2] (MAP <= 96.627))
",-9999999.000,-9999999.000,0.000,0.000,1.000,0,0,0,16,16,0,0,16,0.0,0,0,0.0,0.0,1.0
"F[0,0]((DBP <= 60.922 & Hgb <= 9.061) | Bilirubin_total <= 3.522)
",2.885,3.868,0.000,0.000,1.000,0,0,0,16,16,0,0,16,0.0,0,0,0.0,0.0,1.0
"F[0,2]((Alkalinephos >= 0.540 & DBP >= 6.999) & AST <= 59.112)
",-9999999.000,-9999999.000,0.000,0.000,1.000,0,0,0,16,16,0,0,16,0.0,0,0,0.0,0.0,1.0
"((Temp >= 3.876) U[2,2] (TroponinI <= 0.154))
",0.154,0.154,0.000,0.000,1.000,0,0,0,16,16,0,0,16,0.0,0,0,0.0,0.0,1.0
"F[0,2](((HR <= 50.695 & TroponinI <= 0.158) & Resp >= 0.007) & Creatinine <= 0.175)
",-9999999.000,-9999999.000,0.000,0.000,1.000,0,0,0,16,16,0,0,16,0.0,0,0,0.0,0.0,1.0
"F[0,0]((DBP <= 60.057 -> Magnesium <= 1.111) & PTT <= 0.772)
",-0.336,-4.795,0.000,0.000,1.000,0,0,0,16,16,0,0,16,0.0,0,0,0.0,0.0,1.0
"F[1,2](Temp <= 30.688 | WBC <= 1.253)
",-9999999.000,-9999999.000,0.000,0.000,1.000,0,0,0,16,16,0,0,16,0.0,0,0,0.0,0.0,1.0
"F[1,2]((AST >= 0.255 -> Temp <= 11.342) | PaCO2 >= 6.935)
",-9999999.000,-9999999.000,0.000,0.000,1.000,0,0,0,16,16,0,0,16,0.0,0,0,0.0,0.0,1.0
"F[2,2](((Hct <= 25.671 & Temp >= 4.132) -> Hgb >= 0.532) | EtCO2 <= 12.159)
",12.159,12.159,0.000,0.000,1.000,0,0,0,16,16,0,0,16,0.0,0,0,0.0,0.0,1.0
"F[0,2]((Calcium >= 0.412 & Temp >= 7.157) | HR <= 8.045)
",-9999999.000,-9999999.000,0.000,0.000,1.000,0,0,0,16,16,0,0,16,0.0,0,0,0.0,0.0,1.0
"F[0,2](((AST >= 0.204 & DBP <= 71.555) & Creatinine <= 66.416) | PTT >= 5.442)
",-9999999.000,-9999999.000,0.000,0.000,1.000,0,0,0,16,16,0,0,16,0.0,0,0,0.0,0.0,1.0
"F[0,2](((MAP <= 87.793 -> Phosphate <= 3.975) | BaseExcess <= 2.664) & DBP <= 0.556)
",-9999999.000,-9999999.000,0.000,0.000,1.000,0,0,0,16,16,0,0,16,0.0,0,0,0.0,0.0,1.0
"F[2,2](Creatinine <= 0.989 -> MAP <= 95.743)
",-95.743,-95.743,0.000,0.000,1.000,0,0,0,16,16,0,0,16,0.0,0,0,0.0,0.0,1.0
"F[1,2]((Phosphate <= 3.200 -> SBP >= 95.938) -> PTT <= 129.132)
",-9999999.000,-9999999.000,0.000,0.000,1.000,0,0,0,16,16,0,0,16,0.0,0,0,0.0,0.0,1.0
"((SBP >= 8.158) U[0,2] (Temp <= 30.740))
",-9999999.000,-9999999.000,0.000,0.000,1.000,0,0,0,16,16,0,0,16,0.0,0,0,0.0,0.0,1.0
"F[2,2]((Alkalinephos <= 28.710 | MAP >= 42.230) | pH >= 46.338)
",28.710,28.710,0.000,0.000,1.000,0,0,0,16,16,0,0,16,0.0,0,0,0.0,0.0,1.0
"F[0,1](((Calcium <= 7.619 -> TroponinI >= 0.002) -> HCO3 <= 0.020) | HCO3 >= 0.001)
",-9999999.000,-9999999.000,0.000,0.000,1.000,0,0,0,16,16,0,0,16,0.0,0,0,0.0,0.0,1.0
"((Alkalinephos >= 0.622) U[0,1] (TroponinI <= 0.112))
",-9999999.000,-9999999.000,0.000,0.000,1.000,0,0,0,16,16,0,0,16,0.0,0,0,0.0,0.0,1.0
"F[1,1](((Alkalinephos >= 1.174 | Bilirubin_total >= 0.033) -> Chloride >= 0.006) -> WBC <= 0.211)
",-0.211,-0.211,0.000,0.000,1.000,0,0,0,16,16,0,0,16,0.0,0,0,0.0,0.0,1.0
"F[2,2]((DBP <= 69.269 -> MAP >= 66.990) & Glucose <= 76.470)
",-69.269,-69.269,0.000,0.000,1.000,0,0,0,16,16,0,0,16,0.0,0,0,0.0,0.0,1.0
"F[0,2](Phosphate >= 0.148 | Potassium <= 3.608)
",-9999999.000,-9999999.000,0.000,0.000,1.000,0,0,0,16,16,0,0,16,0.0,0,0,0.0,0.0,1.0
"F[1,2]((AST >= 0.849 | BUN >= 1.421) -> TroponinI >= 1.210)
",-9999999.000,-9999999.000,0.000,0.000,1.000,0,0,0,16,16,0,0,16,0.0,0,0,0.0,0.0,1.0
"((Bilirubin_total >= 0.028) U[2,2] (WBC >= 0.096))
",-0.028,-0.028,0.000,0.000,1.000,0,0,0,16,16,0,0,16,0.0,0,0,0.0,0.0,1.0
"F[2,2]((MAP <= 101.372 | SBP >= 88.674) -> AST <= 126.774)
",-126.774,-126.774,0.000,0.000,1.000,0,0,0,16,16,0,0,16,0.0,0,0,0.0,0.0,1.0
"F[2,2](Alkalinephos >= 1.040 | Phosphate >= 0.076)
",-0.076,-0.076,0.000,0.000,1.000,0,0,0,16,16,0,0,16,0.0,0,0,0.0,0.0,1.0
"F[0,1](AST >= 0.825 -> Hct >= 1.248)
",-9999999.000,-9999999.000,0.000,0.000,1.000,0,0,0,16,16,0,0,16,0.0,0,0,0.0,0.0,1.0
"F[2,2](((AST >= 0.651 & Hgb >= 0.037) | Glucose <= 9.086) & PTT <= 3.016)
",3.016,3.016,0.000,0.000,1.000,0,0,0,16,16,0,0,16,0.0,0,0,0.0,0.0,1.0
"F[0,2](Hgb <= 12.940 | Phosphate <= 3.997)
",-9999999.000,-9999999.000,0.000,0.000,1.000,0,0,0,16,16,0,0,16,0.0,0,0,0.0,0.0,1.0
"F[0,1](((Resp >= 7.693 & SBP <= 167.966) | pH <= 114.341) & Temp <= 143.238)
",-9999999.000,-9999999.000,0.000,0.000,1.000,0,0,0,16,16,0,0,16,0.0,0,0,0.0,0.0,1.0
"F[2,2](Alkalinephos <= 11.222 | AST <= 18.552)
",18.552,18.552,0.000,0.000,1.000,0,0,0,16,16,0,0,16,0.0,0,0,0.0,0.0,1.0
"F[1,2](((Calcium <= 7.355 -> WBC >= 0.187) -> Bilirubin_total <= 3.192) | Creatinine >= 0.050)
",-9999999.000,-9999999.000,0.000,0.000,1.000,0,0,0,16,16,0,0,16,0.0,0,0,0.0,0.0,1.0
"F[0,0](((AST >= 0.198 & Platelets <= 72.404) & FiO2 >= 6.149) -> O2Sat >= 2.728)
",-3.286,-45.147,0.000,0.000,1.000,0,0,0,16,16,0,0,16,0.0,0,0,0.0,0.0,1.0
"F[0,2](BUN >= 1.371 -> Phosphate <= 1.709)
",-9999999.000,-9999999.000,0.000,0.000,1.000,0,0,0,16,16,0,0,16,0.0,0,0,0.0,0.0,1.0
"F[0,2]((BUN <= 29.296 -> Calcium >= 0.004) -> Temp >= 0.330)
",-9999999.000,-9999999.000,0.000,0.000,1.000,0,0,0,16,16,0,0,16,0.0,0,0,0.0,0.0,1.0
"F[2,2](((BUN >= 0.832 -> Potassium >= 0.180) | HR <= 2.594) & BUN >= 0.015)
",-0.015,-0.015,0.000,0.000,1.000,0,0,0,16,16,0,0,16,0.0,0,0,0.0,0.0,1.0
"((BUN <= 24.908) U[0,2] (Magnesium >= 0.042))
",-9999999.000,-9999999.000,0.000,0.000,1.000,0,0,0,16,16,0,0,16,0.0,0,0,0.0,0.0,1.0
"F[1,2]((DBP >= 3.022 | SBP <= 110.547) | Temp <= 132.899)
",-9999999.000,-9999999.000,0.000,0.000,1.000,0,0,0,16,16,0,0,16,0.0,0,0,0.0,0.0,1.0
"((AST >= 0.235) U[0,2] (Phosphate >= 0.184))
",-9999999.000,-9999999.000,0.000,0.000,1.000,0,0,0,16,16,0,0,16,0.0,0,0,0.0,0.0,1.0
"((HR <= 48.660) U[0,1] (MAP >= 15.749))
",-9999999.000,-9999999.000,0.000,0.000,1.000,0,0,0,16,16,0,0,16,0.0,0,0,0.0,0.0,1.0
"F[2,2](Bilirubin_direct >= 0.002 | TroponinI <= 0.017)
",0.017,0.017,0.000,0.000,1.000,0,0,0,16,16,0,0,16,0.0,0,0,0.0,0.0,1.0
"F[0,1]((AST <= 15.814 | PTT >= 0.070) -> PTT <= 6.492)
",-9999999.000,-9999999.000,0.000,0.000,1.000,0,0,0,16,16,0,0,16,0.0,0,0,0.0,0.0,1.0
"F[0,2](((Creatinine <= 2.108 -> TroponinI <= 0.128) | Magnesium <= 0.081) -> WBC >= 0.008)
",-9999999.000,-9999999.000,0.000,0.000,1.000,0,0,0,16,16,0,0,16,0.0,0,0,0.0,0.0,1.0
"F[0,0]((TroponinI >= 0.008 -> WBC >= 0.155) & TroponinI <= 2.564)
",0.008,0.008,0.000,0.000,1.000,0,0,0,16,16,0,0,16,0.0,0,0,0.0,0.0,1.0
"F[1,2](((O2Sat >= 31.842 -> SBP >= 40.059) & Platelets <= 149.931) -> Lactate <= 140.149)
",-9999999.000,-9999999.000,0.000,0.000,1.000,0,0,0,16,16,0,0,16,0.0,0,0,0.0,0.0,1.0
"F[1,2](((Bilirubin_direct >= 0.002 & Potassium <= 3.564) & BUN >= 0.044) -> WBC >= 0.058)
",-9999999.000,-9999999.000,0.000,0.000,1.000,0,0,0,16,16,0,0,16,0.0,0,0,0.0,0.0,1.0
"F[0,2](Bilirubin_direct >= 0.003 & Calcium >= 0.404)
",-9999999.000,-9999999.000,0.000,0.000,1.000,0,0,0,16,16,0,0,16,0.0,0,0,0.0,0.0,1.0
"F[2,2](((MAP >= 20.735 -> O2Sat >= 2.222) & Glucose >= 56.547) & Temp <= 89.048)
",-56.547,-56.547,0.000,0.000,1.000,0,0,0,16,16,0,0,16,0.0,0,0,0.0,0.0,1.0
"F[1,1](((Bilirubin_direct >= 0.003 -> Platelets >= 8.447) | SaO2 >= 9.137) -> WBC <= 54.386)
",-54.386,-54.386,0.000,0.000,1.000,0,0,0,16,16,0,0,16,0.0,0,0,0.0,0.0,1.0
"F[0,2]((Platelets <= 59.323 -> PTT >= 0.153) & BUN >= 0.113)
",-9999999.000,-9999999.000,0.000,0.000,1.000,0,0,0,16,16,0,0,16,0.0,0,0,0.0,0.0,1.0
"F[1,2](Alkalinephos >= 3.245 & PTT <= 9.493)
",-9999999.000,-9999999.000,0.000,0.000,1.000,0,0,0,16,16,0,0,16,0.0,0,0,0.0,0.0,1.0
"F[1,2]((Bilirubin_direct >= 0.002 | Hgb >= 0.087) -> SaO2 >= 0.380)
",-9999999.000,-9999999.000,0.000,0.000,1.000,0,0,0,16,16,0,0,16,0.0,0,0,0.0,0.0,1.0
"F[1,2]((Hgb <= 9.672 -> PTT <= 16.960) -> Creatinine >= 0.094)
",-9999999.000,-9999999.000,0.000,0.000,1.000,0,0,0,16,16,0,0,16,0.0,0,0,0.0,0.0,1.0
"F[0,2](Bilirubin_direct <= 0.012 -> BUN <= 38.441)
",-9999999.000,-9999999.000,0.000,0.000,1.000,0,0,0,16,16,0,0,16,0.0,0,0,0.0,0.0,1.0
"F[0,2]((Bilirubin_direct >= 0.002 & Creatinine <= 1.968) | Chloride >= 0.040)
",-9999999.000,-9999999.000,0.000,0.000,1.000,0,0,0,16,16,0,0,16,0.0,0,0,0.0,0.0,1.0
"F[1,2](PTT >= 0.420 & WBC <= 6.494)
",-9999999.000,-9999999.000,0.000,0.000,1.000,0,0,0,16,16,0,0,16,0.0,0,0,0.0,0.0,1.0
"F[0,1]((Glucose <= 78.483 | Bilirubin_total <= 0.592) -> Bilirubin_direct <= 0.511)
",-9999999.000,-9999999.000,0.000,0.000,1.000,0,0,0,16,16,0,0,16,0.0,0,0,0.0,0.0,1.0
