Rule,Discrimination Score,Pos Robustness,Neg Robustness,Percent Class +,Percent Class -,TP,TN,FP,FN,Actual Yes,Actual No,Predicted Yes,Predicted No,TPR/Sens,TNR/Spec,FPR,Precision,Accuracy,MCR,Class
"G[0,0]((Hct >= 1.847 | Lactate <= 0.000) | BUN <= 0.000)
",0.000,0.000,0.000,1.000,0.000,11,0,0,0,11,0,11,0,1.0,0.0,0.0,1.0,1.0476190476190477,-0.04761904761904767,1
"G[0,0](Hgb <= 5.788 -> Bilirubin_total >= 0.000)
",-5.788,-5.788,0.000,1.000,0.000,11,0,0,0,11,0,11,0,1.0,0.0,0.0,1.0,1.0476190476190477,-0.04761904761904767,1
"F[0,0]((MAP <= 109.590 & Potassium >= 0.032) | Bilirubin_total >= 0.078)
",-5608180051999171.000,-0.078,0.000,0.000,1.000,11,0,0,0,11,0,11,0,1.0,0.0,0.0,1.0,1.0476190476190477,-0.04761904761904767,-1
"F[0,0](((Platelets <= 77.644 | Glucose <= 29.667) | HR <= 69.474) & Phosphate >= 17.645)
",-17.645,-17.645,0.000,0.000,1.000,11,0,0,0,11,0,11,0,1.0,0.0,0.0,1.0,1.0476190476190477,-0.04761904761904767,-1
"G[0,0]((Phosphate <= 1.199 -> Resp <= 23.144) | Potassium <= 24.976)
",24.976,24.976,0.000,1.000,0.000,11,0,0,0,11,0,11,0,1.0,0.0,0.0,1.0,1.0476190476190477,-0.04761904761904767,1
"F[0,0](Bilirubin_total < 0.000 & SepsisLabel = 0.000)
",0.000,0.000,0.000,0.000,1.000,11,0,0,0,11,0,11,0,1.0,0.0,0.0,1.0,1.0476190476190477,-0.04761904761904767,-1
"G[0,0]((Lactate >= 0.000 -> Magnesium <= 0.420) -> Calcium <= 1.499)
",-6750926177726931.000,-1.499,0.000,1.000,0.000,11,0,0,0,11,0,11,0,1.0,0.0,0.0,1.0,1.0476190476190477,-0.04761904761904767,1
"G[0,0](((Alkalinephos <= 0.000 | PaCO2 >= 0.000) & AST >= 0.000) -> Potassium >= 0.000)
",0.000,0.000,0.000,1.000,0.000,11,0,0,0,11,0,11,0,1.0,0.0,0.0,1.0,1.0476190476190477,-0.04761904761904767,1
"G[0,0]((BaseExcess <= 0.000 -> EtCO2 <= 0.000) -> SaO2 >= 0.000)
",0.000,0.000,0.000,1.000,0.000,11,0,0,0,11,0,11,0,1.0,0.0,0.0,1.0,1.0476190476190477,-0.04761904761904767,1
"G[0,0](pH >= 0.000 | Resp >= 11.752)
",11.377,82.298,0.000,1.000,0.000,11,0,0,0,11,0,11,0,1.0,0.0,0.0,1.0,1.0476190476190477,-0.04761904761904767,1
"G[0,0](HR >= 19.057 | Platelets <= 101.205)
",37514.943,37514.943,0.000,1.000,0.000,11,0,0,0,11,0,11,0,1.0,0.0,0.0,1.0,1.0476190476190477,-0.04761904761904767,1
"G[0,0]((Glucose <= 99.116 | Lactate <= 0.000) | Resp <= 0.000)
",6974678416481491.000,99.116,0.000,1.000,0.000,11,0,0,0,11,0,11,0,1.0,0.0,0.0,1.0,1.0476190476190477,-0.04761904761904767,1
"F[0,0]((Calcium <= 4.119 | Calcium >= 0.189) -> Lactate >= 0.307)
",-0.434,-17.777,0.000,0.000,1.000,11,0,0,0,11,0,11,0,1.0,0.0,0.0,1.0,1.0476190476190477,-0.04761904761904767,-1
"G[0,0](((BUN <= 15.902 -> BUN <= 8.867) & Alkalinephos <= 3.355) | Hct >= 0.708)
",-117.604,-0.706,0.000,1.000,0.000,11,0,0,0,11,0,11,0,1.0,0.0,0.0,1.0,1.0476190476190477,-0.04761904761904767,1
"G[0,0]((Bilirubin_total <= 0.000 -> EtCO2 <= 0.000) | Lactate >= 0.000)
",0.333,14.100,0.000,1.000,0.000,11,0,0,0,11,0,11,0,1.0,0.0,0.0,1.0,1.0476190476190477,-0.04761904761904767,1
"G[0,0](Chloride >= 0.000 & HCO3 >= 0.000)
",0.000,0.000,0.000,1.000,0.000,11,0,0,0,11,0,11,0,1.0,0.0,0.0,1.0,1.0476190476190477,-0.04761904761904767,1
"G[0,0](Bilirubin_direct >= 0.000 | Hct >= 1.537)
",0.000,0.000,0.000,1.000,0.000,11,0,0,0,11,0,11,0,1.0,0.0,0.0,1.0,1.0476190476190477,-0.04761904761904767,1
"G[0,0](((Magnesium >= 0.055 | Hgb <= 12.710) | Alkalinephos >= 0.017) | SBP >= 0.369)
",12.710,12.710,0.000,1.000,0.000,11,0,0,0,11,0,11,0,1.0,0.0,0.0,1.0,1.0476190476190477,-0.04761904761904767,1
"G[0,0](((MAP <= 109.026 | O2Sat >= 72.559) | SBP <= 99.677) | DBP >= 1.940)
",12.677,113.560,0.000,1.000,0.000,11,0,0,0,11,0,11,0,1.0,0.0,0.0,1.0,1.0476190476190477,-0.04761904761904767,1
"G[0,0]((Phosphate <= 2.791 -> DBP <= 98.469) | O2Sat >= 76.730)
",2.425,17.370,0.000,1.000,0.000,11,0,0,0,11,0,11,0,1.0,0.0,0.0,1.0,1.0476190476190477,-0.04761904761904767,1
"G[0,0]((SaO2 >= 0.000 | EtCO2 >= 0.000) -> EtCO2 >= 0.000)
",-1.220,-12.150,0.000,1.000,0.000,11,0,0,0,11,0,11,0,1.0,0.0,0.0,1.0,1.0476190476190477,-0.04761904761904767,1
"G[0,0](Calcium >= 0.068 | SaO2 <= 0.000)
",0.000,0.000,0.000,1.000,0.000,11,0,0,0,11,0,11,0,1.0,0.0,0.0,1.0,1.0476190476190477,-0.04761904761904767,1
"G[0,0](Lactate > 0.000 -> SepsisLabel = 0.000)
",-0.333,-14.100,0.000,1.000,0.000,11,0,0,0,11,0,11,0,1.0,0.0,0.0,1.0,1.0476190476190477,-0.04761904761904767,1
"G[1,1](Bilirubin_direct <= 0.000 -> SepsisLabel = 0.000)
",0.000,0.000,0.000,1.000,0.000,10,0,1,0,10,1,11,0,1.0,0.0,1.0,0.9090909090909091,0.9523809523809523,0.04761904761904767,1
"F[0,0](TroponinI >= 9.04921851548652e-06 & Hgb >= 0.583)
",-37534.000,-37534.000,0.000,0.000,1.000,10,0,0,1,11,0,10,1,0.9090909090909091,0.0,0.0,1.0,0.9523809523809523,0.04761904761904767,-1
"((FiO2 < 0.000) U[1,1] (SepsisLabel = 0.000))
",0.000,0.000,0.000,0.000,1.000,10,0,0,1,11,0,10,1,0.9090909090909091,0.0,0.0,1.0,0.9523809523809523,0.04761904761904767,-1
"F[0,0](((SaO2 <= 0.000 | Resp >= 3.702) | Temp <= 20.235) -> HR <= 19.771)
",-12.490,-90.348,0.000,0.000,1.000,10,0,0,1,11,0,10,1,0.9090909090909091,0.0,0.0,1.0,0.9523809523809523,0.04761904761904767,-1
"G[1,1](Chloride >= 0.000 & HCO3 >= 0.000)
",0.000,0.000,0.000,1.000,0.000,10,0,1,0,10,1,11,0,1.0,0.0,1.0,0.9090909090909091,0.9523809523809523,0.04761904761904767,1
"G[0,1](Fibrinogen >= 0.000 -> SepsisLabel = 0.000)
",9999999.000,9999999.000,0.000,1.000,0.000,10,0,1,0,10,1,11,0,1.0,0.0,1.0,0.9090909090909091,0.9523809523809523,0.04761904761904767,1
"G[0,1](((SBP <= 154.065 | Lactate >= 0.000) -> Hgb <= 0.000) | Fibrinogen <= 0.000)
",9999999.000,9999999.000,0.000,1.000,0.000,10,0,1,0,10,1,11,0,1.0,0.0,1.0,0.9090909090909091,0.9523809523809523,0.04761904761904767,1
"G[1,1](Phosphate <= 0.263 & SepsisLabel = 0.000)
",0.000,0.000,0.000,1.000,0.000,10,0,1,0,10,1,11,0,1.0,0.0,1.0,0.9090909090909091,0.9523809523809523,0.04761904761904767,1
"G[1,1](Chloride >= 0.000 & HCO3 >= 0.000)
",0.000,0.000,0.000,1.000,0.000,10,0,1,0,10,1,11,0,1.0,0.0,1.0,0.9090909090909091,0.9523809523809523,0.04761904761904767,1
"G[1,1]((HR >= 0.084 & Chloride <= 0.000) -> Magnesium >= 0.000)
",0.000,0.000,0.000,1.000,0.000,10,0,1,0,10,1,11,0,1.0,0.0,1.0,0.9090909090909091,0.9523809523809523,0.04761904761904767,1
"G[0,1]((pH <= 0.000 | FiO2 >= 0.000) & Fibrinogen <= 0.000)
",9999999.000,9999999.000,0.000,1.000,0.000,10,0,1,0,10,1,11,0,1.0,0.0,1.0,0.9090909090909091,0.9523809523809523,0.04761904761904767,1
"F[1,1](((BUN <= 18.123 | WBC <= 3.499) | Chloride >= 0.118) & SBP <= 7.240)
",8151862088452546.000,7.240,0.000,0.000,1.000,10,0,0,1,11,0,10,1,0.9090909090909091,0.0,0.0,1.0,0.9523809523809523,0.04761904761904767,-1
"G[0,0](Potassium >= 0.110 -> Temp >= 4.392)
",-41.506,-90.958,0.000,1.000,0.000,10,0,0,1,11,0,10,1,0.9090909090909091,0.0,0.0,1.0,0.9523809523809523,0.04761904761904767,1
"G[1,1](Hgb <= 8.488 | Hct <= 13.907)
",13.907,13.907,0.000,1.000,0.000,10,0,1,0,10,1,11,0,1.0,0.0,1.0,0.9090909090909091,0.9523809523809523,0.04761904761904767,1
"F[0,1]((Calcium >= 0.179 | Magnesium <= 0.371) -> EtCO2 >= 0.046)
",-9999999.000,-9999999.000,0.000,0.000,1.000,10,0,0,1,11,0,10,1,0.9090909090909091,0.0,0.0,1.0,0.9523809523809523,0.04761904761904767,-1
"((AST <= 0.000) U[1,1] (Hct >= 1.667))
",0.000,0.000,0.000,0.000,1.000,10,0,0,1,11,0,10,1,0.9090909090909091,0.0,0.0,1.0,0.9523809523809523,0.04761904761904767,-1
"F[0,1](Chloride < 0.000 & SepsisLabel = 0.000)
",-9999999.000,-9999999.000,0.000,0.000,1.000,10,0,0,1,11,0,10,1,0.9090909090909091,0.0,0.0,1.0,0.9523809523809523,0.04761904761904767,-1
"F[0,0]((Calcium <= 7.108 -> MAP >= 75.365) -> SBP <= 111.052)
",-7814624018745758.000,-111.052,0.000,0.000,1.000,10,0,0,1,11,0,10,1,0.9090909090909091,0.0,0.0,1.0,0.9523809523809523,0.04761904761904767,-1
"F[0,1]((Hct <= 14.299 & Creatinine >= 0.058) & Calcium >= 0.006)
",-9999999.000,-9999999.000,0.000,0.000,1.000,10,0,0,1,11,0,10,1,0.9090909090909091,0.0,0.0,1.0,0.9523809523809523,0.04761904761904767,-1
"F[0,1](((SepsisLabel <= 0.000 & Hgb <= 13.697) | BaseExcess >= 0.323) & SepsisLabel >= 0.115)
",-9999999.000,-9999999.000,0.000,0.000,1.000,10,0,0,1,11,0,10,1,0.9090909090909091,0.0,0.0,1.0,0.9523809523809523,0.04761904761904767,-1
"F[0,1]((Calcium <= 6.098 & Potassium <= 0.805) & Magnesium >= 0.071)
",-9999999.000,-9999999.000,0.000,0.000,1.000,10,0,0,1,11,0,10,1,0.9090909090909091,0.0,0.0,1.0,0.9523809523809523,0.04761904761904767,-1
"F[1,1]((WBC <= 4.032 | Bilirubin_direct >= 0.000) & MAP <= 0.000)
",0.000,0.000,0.000,0.000,1.000,10,0,0,1,11,0,10,1,0.9090909090909091,0.0,0.0,1.0,0.9523809523809523,0.04761904761904767,-1
"F[0,1]((Calcium <= 5.124 & Potassium <= 1.627) & Magnesium >= 0.048)
",-9999999.000,-9999999.000,0.000,0.000,1.000,10,0,0,1,11,0,10,1,0.9090909090909091,0.0,0.0,1.0,0.9523809523809523,0.04761904761904767,-1
"F[0,1](Hgb <= 1.909 & Phosphate >= 0.146)
",-9999999.000,-9999999.000,0.000,0.000,1.000,10,0,0,1,11,0,10,1,0.9090909090909091,0.0,0.0,1.0,0.9523809523809523,0.04761904761904767,-1
"F[1,1]((HCO3 >= 0.000 | HR <= 92.581) & Potassium >= 10.612)
",-10.612,-10.612,0.000,0.000,1.000,10,0,0,1,11,0,10,1,0.9090909090909091,0.0,0.0,1.0,0.9523809523809523,0.04761904761904767,-1
"F[1,1](((Potassium >= 0.030 & Resp <= 19.008) & Creatinine <= 16.737) & SepsisLabel <= 20.491)
",-0.030,-0.030,0.000,0.000,1.000,10,0,0,1,11,0,10,1,0.9090909090909091,0.0,0.0,1.0,0.9523809523809523,0.04761904761904767,-1
"F[0,0]((DBP <= 105.656 -> Hgb >= 0.520) & Bilirubin_total <= 5.358)
",0.439,0.285,0.000,0.000,1.000,10,0,0,1,11,0,10,1,0.9090909090909091,0.0,0.0,1.0,0.9523809523809523,0.04761904761904767,-1
"F[0,1]((Calcium <= 7.148 & Potassium <= 2.233) & Magnesium >= 0.074)
",-9999999.000,-9999999.000,0.000,0.000,1.000,10,0,0,1,11,0,10,1,0.9090909090909091,0.0,0.0,1.0,0.9523809523809523,0.04761904761904767,-1
"((TroponinI >= 0.001) U[0,0] (TroponinI >= 4.6615074008433835e-05))
",-6341088088895774.000,-0.001,0.000,0.000,1.000,10,0,0,1,11,0,10,1,0.9090909090909091,0.0,0.0,1.0,0.9523809523809523,0.04761904761904767,-1
"F[1,1]((TroponinI <= 0.020 | Hgb >= 0.199) & Phosphate >= 0.356)
",-0.356,-0.356,0.000,0.000,1.000,10,0,0,1,11,0,10,1,0.9090909090909091,0.0,0.0,1.0,0.9523809523809523,0.04761904761904767,-1
"F[0,0](((O2Sat <= 98.095 | HR <= 88.556) | HR >= 47.602) & SBP <= 100.557)
",100.557,100.557,0.000,0.000,1.000,10,0,0,1,11,0,10,1,0.9090909090909091,0.0,0.0,1.0,0.9523809523809523,0.04761904761904767,-1
"F[0,0]((Phosphate >= 0.074 | SBP >= 54.001) -> AST >= 54.028)
",0.074,0.074,0.000,0.000,1.000,10,0,0,1,11,0,10,1,0.9090909090909091,0.0,0.0,1.0,0.9523809523809523,0.04761904761904767,-1
"G[0,1](Fibrinogen <= 0.000 | Chloride >= 0.000)
",9999999.000,9999999.000,0.000,1.000,0.000,10,0,1,0,10,1,11,0,1.0,0.0,1.0,0.9090909090909091,0.9523809523809523,0.04761904761904767,1
"F[1,1]((Calcium <= 5.169 & Potassium <= 2.476) & Magnesium >= 0.050)
",-7261465924752270.000,-0.050,0.000,0.000,1.000,10,0,0,1,11,0,10,1,0.9090909090909091,0.0,0.0,1.0,0.9523809523809523,0.04761904761904767,-1
"G[0,1]((BUN >= 0.503 | pH <= 0.000) | Bilirubin_direct >= 0.000)
",9999999.000,9999999.000,0.000,1.000,0.000,10,0,1,0,10,1,11,0,1.0,0.0,1.0,0.9090909090909091,0.9523809523809523,0.04761904761904767,1
"G[0,1](PaCO2 <= 0.000 | EtCO2 <= 0.000)
",9999999.000,9999999.000,0.000,1.000,0.000,10,0,1,0,10,1,11,0,1.0,0.0,1.0,0.9090909090909091,0.9523809523809523,0.04761904761904767,1
"G[0,1](((SBP <= 150.516 & Fibrinogen <= 0.000) | AST >= 0.000) | pH <= 0.000)
",9999999.000,9999999.000,0.000,1.000,0.000,10,0,1,0,10,1,11,0,1.0,0.0,1.0,0.9090909090909091,0.9523809523809523,0.04761904761904767,1
"G[0,1](((Creatinine >= 0.061 -> Glucose >= 19.560) | DBP >= 24.170) | Creatinine <= 142.402)
",9999999.000,9999999.000,0.000,1.000,0.000,10,0,1,0,10,1,11,0,1.0,0.0,1.0,0.9090909090909091,0.9523809523809523,0.04761904761904767,1
"G[1,1](Magnesium <= 0.092 | SBP >= 15.827)
",6619399862260662.000,0.092,0.000,1.000,0.000,10,0,1,0,10,1,11,0,1.0,0.0,1.0,0.9090909090909091,0.9523809523809523,0.04761904761904767,1
"G[0,1](Magnesium <= 0.178 | O2Sat >= 61.683)
",9999999.000,9999999.000,0.000,1.000,0.000,10,0,1,0,10,1,11,0,1.0,0.0,1.0,0.9090909090909091,0.9523809523809523,0.04761904761904767,1
"G[0,0](Fibrinogen >= 0.000 -> Potassium <= 1.908)
",-8592554160276814.000,-1.908,0.000,1.000,0.000,10,0,0,1,11,0,10,1,0.9090909090909091,0.0,0.0,1.0,0.9523809523809523,0.04761904761904767,1
"G[0,1](((DBP >= 41.846 | O2Sat >= 4.905) -> O2Sat >= 30.418) | FiO2 <= 96.212)
",9999999.000,9999999.000,0.000,1.000,0.000,10,0,1,0,10,1,11,0,1.0,0.0,1.0,0.9090909090909091,0.9523809523809523,0.04761904761904767,1
"G[0,1](Lactate <= 0.000 & SaO2 <= 0.000)
",9999999.000,9999999.000,0.000,1.000,0.000,10,0,1,0,10,1,11,0,1.0,0.0,1.0,0.9090909090909091,0.9523809523809523,0.04761904761904767,1
"G[0,1](((SepsisLabel >= 0.000 & Chloride >= 0.000) -> MAP >= 0.000) -> Lactate >= 0.000)
",9999999.000,9999999.000,0.000,1.000,0.000,10,0,1,0,10,1,11,0,1.0,0.0,1.0,0.9090909090909091,0.9523809523809523,0.04761904761904767,1
"G[0,0](WBC >= 0.035 | SBP <= 162.951)
",162.951,162.951,0.000,1.000,0.000,10,0,0,1,11,0,10,1,0.9090909090909091,0.0,0.0,1.0,0.9523809523809523,0.04761904761904767,1
"G[0,1]((Magnesium >= 0.019 -> HR <= 100.848) & Phosphate <= 93.334)
",9999999.000,9999999.000,0.000,1.000,0.000,10,0,1,0,10,1,11,0,1.0,0.0,1.0,0.9090909090909091,0.9523809523809523,0.04761904761904767,1
"G[1,1](((Alkalinephos <= 0.000 | pH >= 0.000) -> EtCO2 <= 0.000) | O2Sat <= 0.000)
",0.000,0.000,0.000,1.000,0.000,10,0,1,0,10,1,11,0,1.0,0.0,1.0,0.9090909090909091,0.9523809523809523,0.04761904761904767,1
"G[0,1](Potassium <= 1.668 | SaO2 >= 0.000)
",9999999.000,9999999.000,0.000,1.000,0.000,10,0,1,0,10,1,11,0,1.0,0.0,1.0,0.9090909090909091,0.9523809523809523,0.04761904761904767,1
"G[0,1](((Platelets >= 5.721 | SepsisLabel >= 0.000) & Phosphate >= 0.000) | FiO2 <= 0.000)
",9999999.000,9999999.000,0.000,1.000,0.000,10,0,1,0,10,1,11,0,1.0,0.0,1.0,0.9090909090909091,0.9523809523809523,0.04761904761904767,1
"G[0,1](((FiO2 >= 0.000 | MAP <= 124.193) & Alkalinephos >= 7.524) -> SepsisLabel >= 60.041)
",9999999.000,9999999.000,0.000,1.000,0.000,10,0,1,0,10,1,11,0,1.0,0.0,1.0,0.9090909090909091,0.9523809523809523,0.04761904761904767,1
"G[0,1](Hct >= 1.766 -> SaO2 >= 0.000)
",9999999.000,9999999.000,0.000,1.000,0.000,10,0,1,0,10,1,11,0,1.0,0.0,1.0,0.9090909090909091,0.9523809523809523,0.04761904761904767,1
"G[0,1]((Bilirubin_direct <= 0.000 & EtCO2 >= 0.000) & Hgb >= 0.000)
",9999999.000,9999999.000,0.000,1.000,0.000,10,0,1,0,10,1,11,0,1.0,0.0,1.0,0.9090909090909091,0.9523809523809523,0.04761904761904767,1
"G[1,1](SaO2 <= 0.000 | Bilirubin_direct <= 0.000)
",0.000,0.000,0.000,1.000,0.000,10,0,1,0,10,1,11,0,1.0,0.0,1.0,0.9090909090909091,0.9523809523809523,0.04761904761904767,1
"G[0,1]((Potassium >= 0.090 & Hgb <= 9.752) -> EtCO2 <= 6.642)
",9999999.000,9999999.000,0.000,1.000,0.000,10,0,1,0,10,1,11,0,1.0,0.0,1.0,0.9090909090909091,0.9523809523809523,0.04761904761904767,1
"G[1,1](((Resp >= 2.763 & Bilirubin_direct <= 0.000) -> FiO2 <= 0.000) | Fibrinogen <= 0.000)
",0.000,0.000,0.000,1.000,0.000,10,0,1,0,10,1,11,0,1.0,0.0,1.0,0.9090909090909091,0.9523809523809523,0.04761904761904767,1
"G[0,1]((BaseExcess >= 0.000 & pH <= 0.000) | Hgb >= 0.000)
",9999999.000,9999999.000,0.000,1.000,0.000,10,0,1,0,10,1,11,0,1.0,0.0,1.0,0.9090909090909091,0.9523809523809523,0.04761904761904767,1
"G[0,1]((Creatinine >= 0.016 -> EtCO2 >= 0.000) | Fibrinogen >= 0.000)
",9999999.000,9999999.000,0.000,1.000,0.000,10,0,1,0,10,1,11,0,1.0,0.0,1.0,0.9090909090909091,0.9523809523809523,0.04761904761904767,1
"G[1,1](((HCO3 >= 0.000 | Fibrinogen <= 0.000) & Fibrinogen <= 0.000) -> BaseExcess <= 0.000)
",0.000,0.000,0.000,1.000,0.000,10,0,1,0,10,1,11,0,1.0,0.0,1.0,0.9090909090909091,0.9523809523809523,0.04761904761904767,1
"G[1,1](((MAP <= 121.665 -> O2Sat <= 91.396) & BUN <= 98.465) | Calcium <= 95.698)
",6734169229028226.000,95.698,0.000,1.000,0.000,10,0,1,0,10,1,11,0,1.0,0.0,1.0,0.9090909090909091,0.9523809523809523,0.04761904761904767,1
"G[0,1](SaO2 <= 0.000 -> FiO2 <= 0.000)
",9999999.000,9999999.000,0.000,1.000,0.000,10,0,1,0,10,1,11,0,1.0,0.0,1.0,0.9090909090909091,0.9523809523809523,0.04761904761904767,1
"G[0,1](Calcium >= 0.251 | PTT >= 0.000)
",9999999.000,9999999.000,0.000,1.000,0.000,10,0,1,0,10,1,11,0,1.0,0.0,1.0,0.9090909090909091,0.9523809523809523,0.04761904761904767,1
"G[0,1](((PaCO2 >= 0.000 & TroponinI >= 0.000) -> EtCO2 >= 0.000) | HR <= 0.020)
",9999999.000,9999999.000,0.000,1.000,0.000,10,0,1,0,10,1,11,0,1.0,0.0,1.0,0.9090909090909091,0.9523809523809523,0.04761904761904767,1
"G[0,1](((EtCO2 <= 0.000 & Fibrinogen >= 0.000) | WBC <= 0.000) & Fibrinogen <= 0.000)
",9999999.000,9999999.000,0.000,1.000,0.000,10,0,1,0,10,1,11,0,1.0,0.0,1.0,0.9090909090909091,0.9523809523809523,0.04761904761904767,1
"G[0,1]((PTT <= 0.000 & Bilirubin_direct <= 0.000) & MAP >= 0.000)
",9999999.000,9999999.000,0.000,1.000,0.000,10,0,1,0,10,1,11,0,1.0,0.0,1.0,0.9090909090909091,0.9523809523809523,0.04761904761904767,1
"G[0,1](Potassium >= 0.077 -> SBP <= 152.113)
",9999999.000,9999999.000,0.000,1.000,0.000,10,0,1,0,10,1,11,0,1.0,0.0,1.0,0.9090909090909091,0.9523809523809523,0.04761904761904767,1
"G[1,1](((Platelets >= 2.742 -> Magnesium >= 0.011) | SepsisLabel <= 0.490) -> Creatinine <= 0.725)
",-0.725,-0.725,0.000,1.000,0.000,10,0,1,0,10,1,11,0,1.0,0.0,1.0,0.9090909090909091,0.9523809523809523,0.04761904761904767,1
"G[0,1]((pH <= 0.000 -> Alkalinephos >= 0.000) & Creatinine >= 0.000)
",9999999.000,9999999.000,0.000,1.000,0.000,10,0,1,0,10,1,11,0,1.0,0.0,1.0,0.9090909090909091,0.9523809523809523,0.04761904761904767,1
"G[0,1]((Chloride <= 0.000 | Chloride <= 0.000) -> Fibrinogen >= 0.000)
",9999999.000,9999999.000,0.000,1.000,0.000,10,0,1,0,10,1,11,0,1.0,0.0,1.0,0.9090909090909091,0.9523809523809523,0.04761904761904767,1
"G[1,1](((Alkalinephos <= 0.000 | Bilirubin_direct >= 0.000) & AST <= 0.000) | BUN <= 0.000)
",0.000,0.000,0.000,1.000,0.000,10,0,1,0,10,1,11,0,1.0,0.0,1.0,0.9090909090909091,0.9523809523809523,0.04761904761904767,1
"G[0,1](((Temp <= 31.432 | Chloride >= 0.000) -> PaCO2 >= 0.000) & Bilirubin_direct <= 0.000)
",9999999.000,9999999.000,0.000,1.000,0.000,10,0,1,0,10,1,11,0,1.0,0.0,1.0,0.9090909090909091,0.9523809523809523,0.04761904761904767,1
"G[0,1](Lactate >= 0.000 & FiO2 >= 0.000)
",9999999.000,9999999.000,0.000,1.000,0.000,10,0,1,0,10,1,11,0,1.0,0.0,1.0,0.9090909090909091,0.9523809523809523,0.04761904761904767,1
"G[0,1]((MAP <= 109.406 & BUN <= 17.929) | PTT <= 15.864)
",9999999.000,9999999.000,0.000,1.000,0.000,10,0,1,0,10,1,11,0,1.0,0.0,1.0,0.9090909090909091,0.9523809523809523,0.04761904761904767,1
"G[1,1](((SepsisLabel <= 0.000 & pH <= 0.000) | DBP >= 0.000) -> EtCO2 <= 0.000)
",0.000,0.000,0.000,1.000,0.000,10,0,1,0,10,1,11,0,1.0,0.0,1.0,0.9090909090909091,0.9523809523809523,0.04761904761904767,1
"G[0,1]((Bilirubin_total >= 0.000 -> Lactate <= 0.000) | BaseExcess <= 0.000)
",9999999.000,9999999.000,0.000,1.000,0.000,10,0,1,0,10,1,11,0,1.0,0.0,1.0,0.9090909090909091,0.9523809523809523,0.04761904761904767,1
"G[0,1](((Phosphate <= 0.999 -> Chloride <= 0.000) -> MAP <= 0.000) | Fibrinogen >= 0.000)
",9999999.000,9999999.000,0.000,1.000,0.000,10,0,1,0,10,1,11,0,1.0,0.0,1.0,0.9090909090909091,0.9523809523809523,0.04761904761904767,1
"F[0,1]((AST <= 0.000 | Phosphate >= 0.039) & Potassium >= 0.031)
",-9999999.000,-9999999.000,0.000,0.000,1.000,9,0,0,2,11,0,9,2,0.8181818181818182,0.0,0.0,1.0,0.8571428571428571,0.1428571428571429,-1
"((Hct >= 1.875) U[1,2] (Potassium <= 2.175))
",-9999999.000,-9999999.000,0.000,0.000,1.000,9,0,0,2,11,0,9,2,0.8181818181818182,0.0,0.0,1.0,0.8571428571428571,0.1428571428571429,-1
"((Potassium >= 0.070) U[1,2] (Magnesium <= 0.310))
",-9999999.000,-9999999.000,0.000,0.000,1.000,9,0,0,2,11,0,9,2,0.8181818181818182,0.0,0.0,1.0,0.8571428571428571,0.1428571428571429,-1
"F[1,1]((MAP <= 124.334 & Phosphate <= 2.978) -> Hgb >= 0.097)
",-6705758348474850.000,-2.978,0.000,0.000,1.000,9,0,0,2,11,0,9,2,0.8181818181818182,0.0,0.0,1.0,0.8571428571428571,0.1428571428571429,-1
"F[0,1]((DBP <= 96.063 & WBC >= 0.142) | HCO3 >= 0.265)
",-9999999.000,-9999999.000,0.000,0.000,1.000,9,0,0,2,11,0,9,2,0.8181818181818182,0.0,0.0,1.0,0.8571428571428571,0.1428571428571429,-1
"F[0,1]((Calcium <= 1.785 & PTT >= 0.000) & HR <= 0.000)
",-9999999.000,-9999999.000,0.000,0.000,1.000,9,0,0,2,11,0,9,2,0.8181818181818182,0.0,0.0,1.0,0.8571428571428571,0.1428571428571429,-1
"F[0,1]((Lactate <= 0.000 & Alkalinephos >= 0.000) & DBP <= 0.000)
",-9999999.000,-9999999.000,0.000,0.000,1.000,9,0,0,2,11,0,9,2,0.8181818181818182,0.0,0.0,1.0,0.8571428571428571,0.1428571428571429,-1
"((Potassium >= 0.094) U[0,1] (Hgb >= 0.234))
",-9999999.000,-9999999.000,0.000,0.000,1.000,9,0,0,2,11,0,9,2,0.8181818181818182,0.0,0.0,1.0,0.8571428571428571,0.1428571428571429,-1
"F[0,1](((Glucose >= 0.496 | MAP >= 94.116) -> Bilirubin_total >= 82.746) & MAP <= 127.605)
",-9999999.000,-9999999.000,0.000,0.000,1.000,9,0,0,2,11,0,9,2,0.8181818181818182,0.0,0.0,1.0,0.8571428571428571,0.1428571428571429,-1
"((Creatinine <= 0.552) U[0,1] (Phosphate >= 0.017))
",-9999999.000,-9999999.000,0.000,0.000,1.000,9,0,0,2,11,0,9,2,0.8181818181818182,0.0,0.0,1.0,0.8571428571428571,0.1428571428571429,-1
"G[1,1]((Calcium >= 0.035 -> Magnesium >= 0.061) -> Temp <= 1.667)
",-1.667,-1.667,0.000,1.000,0.000,9,0,1,1,10,1,10,1,0.9,0.0,1.0,0.9,0.8571428571428571,0.1428571428571429,1
"G[0,1]((TroponinI >= 0.001 | MAP >= 10.537) & Bilirubin_direct <= 123.950)
",9999999.000,9999999.000,0.000,1.000,0.000,9,0,1,1,10,1,10,1,0.9,0.0,1.0,0.9,0.8571428571428571,0.1428571428571429,1
"G[0,1](((FiO2 <= 0.000 | Temp <= 28.589) | Fibrinogen <= 35.050) & Hct <= 29.511)
",9999999.000,9999999.000,0.000,1.000,0.000,9,0,1,1,10,1,10,1,0.9,0.0,1.0,0.9,0.8571428571428571,0.1428571428571429,1
"G[0,1](Platelets <= 120.283 | Temp >= 4.497)
",9999999.000,9999999.000,0.000,1.000,0.000,9,0,1,1,10,1,10,1,0.9,0.0,1.0,0.9,0.8571428571428571,0.1428571428571429,1
"G[0,1](((pH <= 0.000 | pH <= 0.000) -> Phosphate <= 0.000) & Creatinine >= 0.000)
",9999999.000,9999999.000,0.000,1.000,0.000,9,0,1,1,10,1,10,1,0.9,0.0,1.0,0.9,0.8571428571428571,0.1428571428571429,1
"G[0,1](Creatinine <= 0.307 | Magnesium <= 1.299)
",9999999.000,9999999.000,0.000,1.000,0.000,9,0,1,1,10,1,10,1,0.9,0.0,1.0,0.9,0.8571428571428571,0.1428571428571429,1
"G[0,1](Hct <= 18.665 & SepsisLabel >= 0.000)
",9999999.000,9999999.000,0.000,1.000,0.000,9,0,1,1,10,1,10,1,0.9,0.0,1.0,0.9,0.8571428571428571,0.1428571428571429,1
"G[0,1](HR <= 96.481 | O2Sat <= 97.455)
",9999999.000,9999999.000,0.000,1.000,0.000,9,0,1,1,10,1,10,1,0.9,0.0,1.0,0.9,0.8571428571428571,0.1428571428571429,1
"G[0,1](SBP >= 69.819 & Platelets <= 108.653)
",9999999.000,9999999.000,0.000,1.000,0.000,8,0,1,2,10,1,9,2,0.8,0.0,1.0,0.8888888888888888,0.7619047619047619,0.23809523809523814,1
"G[0,0](Hct <= 9.321 & Temp <= 27.001)
",-31.189,-68.349,0.000,1.000,0.000,8,0,0,3,11,0,8,3,0.7272727272727273,0.0,0.0,1.0,0.7619047619047619,0.23809523809523814,1
"G[0,1](HR >= 7.754 & TroponinI <= 0.006)
",9999999.000,9999999.000,0.000,1.000,0.000,7,0,1,3,10,1,8,3,0.7,0.0,1.0,0.875,0.6666666666666666,0.33333333333333337,1
"((MAP >= 89.890) U[1,1] (SBP <= 140.838))
",4955293165646838.000,140.838,0.000,0.000,1.000,7,0,0,4,11,0,7,4,0.6363636363636364,0.0,0.0,1.0,0.6666666666666666,0.33333333333333337,-1
"((MAP >= 62.428) U[1,1] (SBP <= 140.883))
",4956879750354578.000,140.883,0.000,0.000,1.000,7,0,0,4,11,0,7,4,0.6363636363636364,0.0,0.0,1.0,0.6666666666666666,0.33333333333333337,-1
"F[0,1](Potassium <= 3.490 & Temp >= 2.357)
",-9999999.000,-9999999.000,0.000,0.000,1.000,7,0,0,4,11,0,7,4,0.6363636363636364,0.0,0.0,1.0,0.6666666666666666,0.33333333333333337,-1
"((HR <= 89.550) U[1,1] (PTT >= 0.000))
",89.550,89.550,0.000,0.000,1.000,7,0,0,4,11,0,7,4,0.6363636363636364,0.0,0.0,1.0,0.6666666666666666,0.33333333333333337,-1
"F[0,1](((PaCO2 <= 0.000 -> Glucose <= 81.612) & TroponinI <= 135.849) -> SepsisLabel >= 1.293)
",-9999999.000,-9999999.000,0.000,0.000,1.000,6,0,0,5,11,0,6,5,0.5454545454545454,0.0,0.0,1.0,0.5714285714285714,0.4285714285714286,-1
"G[0,1](Resp >= 4.442 & SepsisLabel = 0.000)
",9999999.000,9999999.000,0.000,1.000,0.000,5,0,0,6,11,0,5,6,0.45454545454545453,0.0,0.0,1.0,0.47619047619047616,0.5238095238095238,1
"F[0,0](HR <= 93.500 & MAP >= 32.153)
",-5145783143709006.000,-37440.500,0.000,0.000,1.000,5,0,0,6,11,0,5,6,0.45454545454545453,0.0,0.0,1.0,0.47619047619047616,0.5238095238095238,-1
"F[0,0](((Hgb <= 7.720 -> HR <= 88.666) -> Magnesium >= 56.924) & Potassium <= 99.988)
",7.720,7.720,0.000,0.000,1.000,5,0,0,6,11,0,5,6,0.45454545454545453,0.0,0.0,1.0,0.47619047619047616,0.5238095238095238,-1
"((MAP >= 73.696) U[0,1] (SBP <= 140.691))
",-9999999.000,-9999999.000,0.000,0.000,1.000,5,0,0,6,11,0,5,6,0.45454545454545453,0.0,0.0,1.0,0.47619047619047616,0.5238095238095238,-1
"((MAP >= 3.829) U[0,1] (SBP <= 143.935))
",-9999999.000,-9999999.000,0.000,0.000,1.000,5,0,0,6,11,0,5,6,0.45454545454545453,0.0,0.0,1.0,0.47619047619047616,0.5238095238095238,-1
"G[0,1](((BaseExcess >= 0.000 & Calcium >= 0.087) | Platelets >= 0.297) | Resp >= 0.285)
",9999999.000,9999999.000,0.000,1.000,0.000,5,0,0,6,11,0,5,6,0.45454545454545453,0.0,0.0,1.0,0.47619047619047616,0.5238095238095238,1
"F[0,1](Bilirubin_total >= 0.000 -> Resp <= 17.432)
",-9999999.000,-9999999.000,0.000,0.000,1.000,5,0,0,6,11,0,5,6,0.45454545454545453,0.0,0.0,1.0,0.47619047619047616,0.5238095238095238,-1
"G[1,1](((Hgb <= 11.636 -> O2Sat <= 94.633) | EtCO2 >= 71.811) & O2Sat <= 98.690)
",-71.811,-71.811,0.000,1.000,0.000,5,0,1,5,10,1,6,5,0.5,0.0,1.0,0.8333333333333334,0.47619047619047616,0.5238095238095238,1
"G[0,1]((Resp >= 0.412 & EtCO2 <= 0.000) & O2Sat >= 0.000)
",9999999.000,9999999.000,0.000,1.000,0.000,5,0,0,6,11,0,5,6,0.45454545454545453,0.0,0.0,1.0,0.47619047619047616,0.5238095238095238,1
"F[0,0]((Hct >= 0.719 | Magnesium >= 0.070) | Resp >= 0.010)
",13.001,94.040,0.000,0.000,1.000,3,0,0,8,11,0,3,8,0.2727272727272727,0.0,0.0,1.0,0.2857142857142857,0.7142857142857143,-1
"F[0,0](Glucose >= 6.948 -> Platelets >= 1.233)
",5552170933892941.000,1.233,0.000,0.000,1.000,2,0,0,9,11,0,2,9,0.18181818181818182,0.0,0.0,1.0,0.19047619047619047,0.8095238095238095,-1
"((Resp > 6.429) U[1,1] (SepsisLabel = 0.000))
",0.000,0.000,0.000,0.000,1.000,2,0,0,9,11,0,2,9,0.18181818181818182,0.0,0.0,1.0,0.19047619047619047,0.8095238095238095,-1
"G[0,1](TroponinI <= 0.002 -> SBP <= 144.677)
",9999999.000,9999999.000,0.000,1.000,0.000,2,0,0,9,11,0,2,9,0.18181818181818182,0.0,0.0,1.0,0.19047619047619047,0.8095238095238095,1
"G[0,0](HR >= 43.109 -> BUN >= 0.127)
",-5152708779417786.000,-37490.891,0.000,1.000,0.000,2,0,0,9,11,0,2,9,0.18181818181818182,0.0,0.0,1.0,0.19047619047619047,0.8095238095238095,1
"G[0,0](SBP <= 156.940 -> Calcium >= 0.068)
",-156.940,-156.940,0.000,1.000,0.000,2,0,0,9,11,0,2,9,0.18181818181818182,0.0,0.0,1.0,0.19047619047619047,0.8095238095238095,1
"((MAP >= 89.117) U[0,0] (SBP <= 148.783))
",5234845585853466.000,148.783,0.000,0.000,1.000,2,0,0,9,11,0,2,9,0.18181818181818182,0.0,0.0,1.0,0.19047619047619047,0.8095238095238095,-1
"((PaCO2 >= 0.000) U[0,0] (Platelets <= 85.665))
",6028153470567939.000,85.665,0.000,0.000,1.000,1,0,0,10,11,0,1,10,0.09090909090909091,0.0,0.0,1.0,0.09523809523809523,0.9047619047619048,-1
"((MAP >= 39.077) U[0,0] (SBP <= 162.426))
",5714861973984013.000,162.426,0.000,0.000,1.000,1,0,0,10,11,0,1,10,0.09090909090909091,0.0,0.0,1.0,0.09523809523809523,0.9047619047619048,-1
"F[0,0]((Chloride <= 0.000 | Fibrinogen <= 0.000) -> TroponinI <= 0.000)
",0.000,0.000,0.000,0.000,1.000,1,0,0,10,11,0,1,10,0.09090909090909091,0.0,0.0,1.0,0.09523809523809523,0.9047619047619048,-1
"((Calcium <= 7.290) U[0,0] (O2Sat >= 86.483))
",2.360,10.504,0.000,0.000,1.000,1,0,0,10,11,0,1,10,0.09090909090909091,0.0,0.0,1.0,0.09523809523809523,0.9047619047619048,-1
"((Platelets >= 1.771) U[0,0] (TroponinI <= 0.003))
",0.003,0.003,0.000,0.000,1.000,1,0,0,10,11,0,1,10,0.09090909090909091,0.0,0.0,1.0,0.09523809523809523,0.9047619047619048,-1
"F[0,0](Hgb <= 10.103 | O2Sat <= 90.738)
",10.103,10.103,0.000,0.000,1.000,1,0,0,10,11,0,1,10,0.09090909090909091,0.0,0.0,1.0,0.09523809523809523,0.9047619047619048,-1
"((MAP >= 28.345) U[0,0] (O2Sat >= 71.383))
",10.024,119.855,0.000,0.000,1.000,1,0,0,10,11,0,1,10,0.09090909090909091,0.0,0.0,1.0,0.09523809523809523,0.9047619047619048,-1
"((MAP >= 51.952) U[0,1] (SBP <= 160.201))
",-9999999.000,-9999999.000,0.000,0.000,1.000,1,0,0,10,11,0,1,10,0.09090909090909091,0.0,0.0,1.0,0.09523809523809523,0.9047619047619048,-1
"G[0,0](Calcium <= 0.523 -> Hgb >= 0.326)
",-0.523,-0.523,0.000,1.000,0.000,1,0,0,10,11,0,1,10,0.09090909090909091,0.0,0.0,1.0,0.09523809523809523,0.9047619047619048,1
"G[0,0](Platelets <= 45.158 -> WBC >= 0.059)
",-6355392745446150.000,-45.158,0.000,1.000,0.000,1,0,0,10,11,0,1,10,0.09090909090909091,0.0,0.0,1.0,0.09523809523809523,0.9047619047619048,1
"G[0,0](DBP <= 104.560 -> Platelets >= 1.507)
",2.093,1.294,0.000,1.000,0.000,1,0,0,10,11,0,1,10,0.09090909090909091,0.0,0.0,1.0,0.09523809523809523,0.9047619047619048,1
"G[0,0](Platelets <= 139.624 -> WBC >= 0.134)
",-139.624,-139.624,0.000,1.000,0.000,1,0,0,10,11,0,1,10,0.09090909090909091,0.0,0.0,1.0,0.09523809523809523,0.9047619047619048,1
"G[0,0]((Fibrinogen >= 0.000 | Hct >= 1.252) & Phosphate >= 0.033)
",-0.033,-0.033,0.000,1.000,0.000,1,0,0,10,11,0,1,10,0.09090909090909091,0.0,0.0,1.0,0.09523809523809523,0.9047619047619048,1
"G[0,1]((Resp <= 20.575 & Temp <= 8.316) -> Alkalinephos >= 0.324)
",9999999.000,9999999.000,0.000,1.000,0.000,1,0,0,10,11,0,1,10,0.09090909090909091,0.0,0.0,1.0,0.09523809523809523,0.9047619047619048,1
"G[0,1]((MAP <= 119.124 | SaO2 <= 0.000) & Resp <= 0.000)
",9999999.000,9999999.000,0.000,1.000,0.000,1,0,1,9,10,1,2,9,0.1,0.0,1.0,0.5,0.09523809523809523,0.9047619047619048,1
"G[0,0]((EtCO2 <= 0.000 -> Potassium >= 0.039) | EtCO2 >= 0.117)
",1.220,12.080,0.000,1.000,0.000,1,0,0,10,11,0,1,10,0.09090909090909091,0.0,0.0,1.0,0.09523809523809523,0.9047619047619048,1
"F[0,0](((Calcium < 6.078 & Potassium < 1.120) & Magnesium < 0.308) & Phosphate < 3.206)
",5543796487306326.000,0.308,0.000,0.000,1.000,1,0,0,10,11,0,1,10,0.09090909090909091,0.0,0.0,1.0,0.09523809523809523,0.9047619047619048,-1
"F[1,1](O2Sat >= 19.871 & TroponinI <= 0.017)
",-19.871,-19.871,0.000,0.000,1.000,1,0,0,10,11,0,1,10,0.09090909090909091,0.0,0.0,1.0,0.09523809523809523,0.9047619047619048,-1
"F[0,1](((pH >= 0.000 | Calcium >= 0.306) | O2Sat >= 0.067) -> Resp >= 0.148)
",-9999999.000,-9999999.000,0.000,0.000,1.000,1,0,0,10,11,0,1,10,0.09090909090909091,0.0,0.0,1.0,0.09523809523809523,0.9047619047619048,-1
"G[0,0]((Platelets >= 2.859 | SBP >= 3.032) -> BaseExcess >= 95.661)
",6437467955592194.000,2.859,0.000,1.000,0.000,1,0,0,10,11,0,1,10,0.09090909090909091,0.0,0.0,1.0,0.09523809523809523,0.9047619047619048,1
"F[0,0](Hgb <= 12.001 | Hct <= 7.986)
",6755834740960186.000,12.001,0.000,0.000,1.000,1,0,0,10,11,0,1,10,0.09090909090909091,0.0,0.0,1.0,0.09523809523809523,0.9047619047619048,-1
"F[1,1]((PaCO2 >= 0.000 & Calcium <= 1.883) & Temp <= 7.880)
",0.000,0.000,0.000,0.000,1.000,1,0,0,10,11,0,1,10,0.09090909090909091,0.0,0.0,1.0,0.09523809523809523,0.9047619047619048,-1
"F[0,0](((HCO3 >= 0.000 | Bilirubin_total >= 0.000) -> Magnesium >= 0.000) & Calcium <= 0.000)
",0.000,0.000,0.000,0.000,1.000,1,0,0,10,11,0,1,10,0.09090909090909091,0.0,0.0,1.0,0.09523809523809523,0.9047619047619048,-1
"((BUN <= 16.758) U[0,1] (DBP <= 96.719))
",-9999999.000,-9999999.000,0.000,0.000,1.000,1,0,0,10,11,0,1,10,0.09090909090909091,0.0,0.0,1.0,0.09523809523809523,0.9047619047619048,-1
"F[0,0](Hgb <= 9.887 | Hct <= 25.882)
",4313.362,25.880,0.000,0.000,1.000,1,0,0,10,11,0,1,10,0.09090909090909091,0.0,0.0,1.0,0.09523809523809523,0.9047619047619048,-1
"F[0,0](((DBP <= 93.640 -> Resp >= 13.286) -> Creatinine <= 17.479) & MAP >= 9.073)
",-17.479,-17.479,0.000,0.000,1.000,1,0,0,10,11,0,1,10,0.09090909090909091,0.0,0.0,1.0,0.09523809523809523,0.9047619047619048,-1
"((Hct <= 13.730) U[1,2] (Resp >= 0.012))
",-9999999.000,-9999999.000,0.000,0.000,1.000,1,0,0,10,11,0,1,10,0.09090909090909091,0.0,0.0,1.0,0.09523809523809523,0.9047619047619048,-1
"F[0,0](Hgb <= 6.838 & SepsisLabel = 0.000)
",0.000,0.000,0.000,0.000,1.000,1,0,0,10,11,0,1,10,0.09090909090909091,0.0,0.0,1.0,0.09523809523809523,0.9047619047619048,-1
"F[1,2]((Platelets <= 109.141 -> Lactate <= 0.000) | Lactate <= 0.000)
",-9999999.000,-9999999.000,0.000,0.000,1.000,0,0,0,11,11,0,0,11,0.0,0.0,0.0,0.0,0.0,1.0,-1
"F[1,1](Temp >= 3.539 | HCO3 >= 0.000)
",0.000,0.000,0.000,0.000,1.000,0,0,0,11,11,0,0,11,0.0,0.0,0.0,0.0,0.0,1.0,-1
"((Lactate >= 0.000) U[1,2] (FiO2 >= 0.000))
",-9999999.000,-9999999.000,0.000,0.000,1.000,0,0,0,11,11,0,0,11,0.0,0.0,0.0,0.0,0.0,1.0,-1
"F[0,1](((Glucose <= 77.270 & Platelets <= 113.285) & TroponinI >= 7.784) | DBP >= 1.292)
",-9999999.000,-9999999.000,0.000,0.000,1.000,0,0,0,11,11,0,0,11,0.0,0.0,0.0,0.0,0.0,1.0,-1
"F[0,1]((Platelets >= 5.665 & PTT >= 0.000) -> Hct <= 0.000)
",-9999999.000,-9999999.000,0.000,0.000,1.000,0,0,0,11,11,0,0,11,0.0,0.0,0.0,0.0,0.0,1.0,-1
"F[0,1](FiO2 >= 0.000 & Bilirubin_direct <= 0.000)
",-9999999.000,-9999999.000,0.000,0.000,1.000,0,0,0,11,11,0,0,11,0.0,0.0,0.0,0.0,0.0,1.0,-1
"F[0,2]((Alkalinephos <= 0.000 | O2Sat >= 2.855) -> Alkalinephos <= 93.717)
",-9999999.000,-9999999.000,0.000,0.000,1.000,0,0,0,11,11,0,0,11,0.0,0.0,0.0,0.0,0.0,1.0,-1
"F[0,2](Bilirubin_total <= 0.000 -> AST <= 0.000)
",-9999999.000,-9999999.000,0.000,0.000,1.000,0,0,0,11,11,0,0,11,0.0,0.0,0.0,0.0,0.0,1.0,-1
"F[0,2](((PTT <= 0.000 -> EtCO2 >= 0.000) -> Alkalinephos >= 0.000) | HCO3 >= 0.000)
",-9999999.000,-9999999.000,0.000,0.000,1.000,0,0,0,11,11,0,0,11,0.0,0.0,0.0,0.0,0.0,1.0,-1
"F[0,0](WBC >= 0.293 | Hct <= 2.186)
",363.986,2.184,0.000,0.000,1.000,0,0,0,11,11,0,0,11,0.0,0.0,0.0,0.0,0.0,1.0,-1
"((Glucose >= 14.512) U[0,2] (SaO2 <= 0.000))
",-9999999.000,-9999999.000,0.000,0.000,1.000,0,0,0,11,11,0,0,11,0.0,0.0,0.0,0.0,0.0,1.0,-1
"F[0,2]((MAP >= 105.590 | Temp <= 14.332) | Chloride >= 0.133)
",-9999999.000,-9999999.000,0.000,0.000,1.000,0,0,0,11,11,0,0,11,0.0,0.0,0.0,0.0,0.0,1.0,-1
"((SBP >= 42.675) U[2,2] (SepsisLabel <= 0.000))
",0.000,0.000,0.000,0.000,1.000,0,0,0,11,11,0,0,11,0.0,0.0,0.0,0.0,0.0,1.0,-1
"F[0,0]((EtCO2 >= 0.000 -> Lactate >= 0.000) & EtCO2 <= 0.000)
",-0.610,-24.450,0.000,0.000,1.000,0,0,0,11,11,0,0,11,0.0,0.0,0.0,0.0,0.0,1.0,-1
"F[0,1](Bilirubin_total <= 0.000 | AST >= 0.000)
",-9999999.000,-9999999.000,0.000,0.000,1.000,0,0,0,11,11,0,0,11,0.0,0.0,0.0,0.0,0.0,1.0,-1
"F[0,2]((Glucose >= 16.680 -> Creatinine >= 0.015) | SaO2 >= 0.039)
",-9999999.000,-9999999.000,0.000,0.000,1.000,0,0,0,11,11,0,0,11,0.0,0.0,0.0,0.0,0.0,1.0,-1
"F[0,1]((Calcium <= 3.452 -> DBP <= 95.676) -> FiO2 <= 104.148)
",-9999999.000,-9999999.000,0.000,0.000,1.000,0,0,0,11,11,0,0,11,0.0,0.0,0.0,0.0,0.0,1.0,-1
"F[0,1](Hgb <= 12.056 | Hct <= 23.986)
",-9999999.000,-9999999.000,0.000,0.000,1.000,0,0,0,11,11,0,0,11,0.0,0.0,0.0,0.0,0.0,1.0,-1
"F[0,0](Chloride >= 0.000 | AST <= 0.000)
",0.000,0.000,0.000,0.000,1.000,0,0,0,11,11,0,0,11,0.0,0.0,0.0,0.0,0.0,1.0,-1
"F[2,2](Hgb <= 9.135 -> SepsisLabel = 0.000)
",-5142780001788446.000,-9.135,0.000,0.000,1.000,0,0,0,11,11,0,0,11,0.0,0.0,0.0,0.0,0.0,1.0,-1
"F[0,1](((Temp >= 3.021 -> EtCO2 >= 0.000) & AST <= 0.000) & Bilirubin_total >= 0.000)
",-9999999.000,-9999999.000,0.000,0.000,1.000,0,0,0,11,11,0,0,11,0.0,0.0,0.0,0.0,0.0,1.0,-1
"F[0,0](((HR <= 93.716 -> Fibrinogen >= 0.000) -> Lactate <= 0.000) -> EtCO2 <= 0.000)
",0.000,0.000,0.000,0.000,1.000,0,0,0,11,11,0,0,11,0.0,0.0,0.0,0.0,0.0,1.0,-1
"((Calcium <= 5.385) U[1,2] (Glucose >= 13.918))
",-9999999.000,-9999999.000,0.000,0.000,1.000,0,0,0,11,11,0,0,11,0.0,0.0,0.0,0.0,0.0,1.0,-1
"((Temp >= 4.322) U[2,2] (Hct <= 35.292))
",35.292,35.292,0.000,0.000,1.000,0,0,0,11,11,0,0,11,0.0,0.0,0.0,0.0,0.0,1.0,-1
"F[0,1](((MAP <= 123.280 -> Fibrinogen >= 0.000) & Potassium >= 0.000) & Magnesium <= 0.000)
",-9999999.000,-9999999.000,0.000,0.000,1.000,0,0,0,11,11,0,0,11,0.0,0.0,0.0,0.0,0.0,1.0,-1
"F[1,2]((MAP <= 129.970 & Hgb >= 0.383) & Chloride >= 0.287)
",-9999999.000,-9999999.000,0.000,0.000,1.000,0,0,0,11,11,0,0,11,0.0,0.0,0.0,0.0,0.0,1.0,-1
"F[1,1](((Temp <= 7.043 & EtCO2 >= 0.000) | Bilirubin_total <= 0.000) -> Alkalinephos >= 0.000)
",0.000,0.000,0.000,0.000,1.000,0,0,0,11,11,0,0,11,0.0,0.0,0.0,0.0,0.0,1.0,-1
"F[0,0](((Platelets <= 134.776 | HR >= 4.227) | SBP <= 93.396) -> SepsisLabel <= 102.871)
",-37529.773,-37529.773,0.000,0.000,1.000,0,0,0,11,11,0,0,11,0.0,0.0,0.0,0.0,0.0,1.0,-1
"F[1,2]((pH <= 0.000 | AST >= 0.000) -> Chloride <= 0.000)
",-9999999.000,-9999999.000,0.000,0.000,1.000,0,0,0,11,11,0,0,11,0.0,0.0,0.0,0.0,0.0,1.0,-1
"F[0,0](((EtCO2 <= 0.000 -> FiO2 <= 0.000) | EtCO2 <= 0.000) | Glucose <= 0.000)
",0.000,0.000,0.000,0.000,1.000,0,0,0,11,11,0,0,11,0.0,0.0,0.0,0.0,0.0,1.0,-1
"F[0,1](Platelets <= 137.635 -> AST <= 0.000)
",-9999999.000,-9999999.000,0.000,0.000,1.000,0,0,0,11,11,0,0,11,0.0,0.0,0.0,0.0,0.0,1.0,-1
"F[0,2]((HCO3 >= 0.000 & PTT <= 0.000) -> Lactate <= 0.000)
",-9999999.000,-9999999.000,0.000,0.000,1.000,0,0,0,11,11,0,0,11,0.0,0.0,0.0,0.0,0.0,1.0,-1
"F[2,2](((Calcium <= 6.278 -> SBP >= 54.956) | PTT >= 90.412) | Platelets <= 153.008)
",153.008,153.008,0.000,0.000,1.000,0,0,0,11,11,0,0,11,0.0,0.0,0.0,0.0,0.0,1.0,-1
"((O2Sat >= 21.001) U[0,2] (Fibrinogen <= 0.000))
",-9999999.000,-9999999.000,0.000,0.000,1.000,0,0,0,11,11,0,0,11,0.0,0.0,0.0,0.0,0.0,1.0,-1
"F[2,2]((pH <= 0.000 & Bilirubin_total <= 0.000) -> BUN >= 0.000)
",0.000,0.000,0.000,0.000,1.000,0,0,0,11,11,0,0,11,0.0,0.0,0.0,0.0,0.0,1.0,-1
"F[2,2](Resp >= 12.397 & DBP <= 104.710)
",-6978846716385318.000,-12.397,0.000,0.000,1.000,0,0,0,11,11,0,0,11,0.0,0.0,0.0,0.0,0.0,1.0,-1
"F[0,1]((Bilirubin_direct <= 0.000 | Fibrinogen <= 0.000) & Calcium >= 0.000)
",-9999999.000,-9999999.000,0.000,0.000,1.000,0,0,0,11,11,0,0,11,0.0,0.0,0.0,0.0,0.0,1.0,-1
"F[0,2](((Glucose >= 22.021 | Creatinine >= 0.045) | Alkalinephos >= 0.037) | Potassium <= 0.863)
",-9999999.000,-9999999.000,0.000,0.000,1.000,0,0,0,11,11,0,0,11,0.0,0.0,0.0,0.0,0.0,1.0,-1
"F[0,0](Hgb >= 0.216 -> HR >= 65.642)
",-37468.358,-37468.358,0.000,0.000,1.000,0,0,0,11,11,0,0,11,0.0,0.0,0.0,0.0,0.0,1.0,-1
"F[0,2](AST <= 0.000 | pH <= 0.000)
",-9999999.000,-9999999.000,0.000,0.000,1.000,0,0,0,11,11,0,0,11,0.0,0.0,0.0,0.0,0.0,1.0,-1
"F[1,2]((HCO3 >= 0.000 | MAP >= 61.592) -> Fibrinogen <= 126.266)
",-9999999.000,-9999999.000,0.000,0.000,1.000,0,0,0,11,11,0,0,11,0.0,0.0,0.0,0.0,0.0,1.0,-1
"F[1,1](((DBP >= 5.038 | EtCO2 <= 0.000) & DBP >= 0.000) & HCO3 <= 0.000)
",0.000,0.000,0.000,0.000,1.000,0,0,0,11,11,0,0,11,0.0,0.0,0.0,0.0,0.0,1.0,-1
"F[0,2](((PaCO2 >= 0.000 | Phosphate >= 0.135) -> FiO2 >= 0.100) -> Hct <= 0.467)
",-9999999.000,-9999999.000,0.000,0.000,1.000,0,0,0,11,11,0,0,11,0.0,0.0,0.0,0.0,0.0,1.0,-1
"G[0,1](BUN <= 5.780 & Creatinine >= 0.079)
",9999999.000,9999999.000,0.000,1.000,0.000,0,0,0,11,11,0,0,11,0.0,0.0,0.0,0.0,0.0,1.0,1
"((HR > 19.480) U[0,2] (SepsisLabel = 0.000))
",-9999999.000,-9999999.000,0.000,0.000,1.000,0,0,0,11,11,0,0,11,0.0,0.0,0.0,0.0,0.0,1.0,-1
"F[1,1](((HR <= 92.370 & SepsisLabel >= 0.000) & Calcium <= 0.000) -> SepsisLabel <= 0.000)
",0.000,0.000,0.000,0.000,1.000,0,0,0,11,11,0,0,11,0.0,0.0,0.0,0.0,0.0,1.0,-1
"F[0,1]((Temp <= 28.215 & HCO3 >= 0.000) -> Lactate >= 0.000)
",-9999999.000,-9999999.000,0.000,0.000,1.000,0,0,0,11,11,0,0,11,0.0,0.0,0.0,0.0,0.0,1.0,-1
"F[0,0](((EtCO2 <= 0.000 & Potassium <= 2.968) & Hct >= 0.122) -> Platelets >= 0.087)
",6245716999203037.000,0.087,0.000,0.000,1.000,0,0,0,11,11,0,0,11,0.0,0.0,0.0,0.0,0.0,1.0,-1
"((Creatinine >= 0.046) U[0,1] (Chloride <= 0.000))
",-9999999.000,-9999999.000,0.000,0.000,1.000,0,0,0,11,11,0,0,11,0.0,0.0,0.0,0.0,0.0,1.0,-1
"F[0,2](((SepsisLabel >= 0.000 -> Glucose <= 142.947) -> BUN <= 131.352) -> Magnesium <= 156.869)
",-9999999.000,-9999999.000,0.000,0.000,1.000,0,0,0,11,11,0,0,11,0.0,0.0,0.0,0.0,0.0,1.0,-1
"F[0,1](((Alkalinephos <= 0.000 & Lactate >= 0.000) | WBC >= 0.000) & PTT <= 0.000)
",-9999999.000,-9999999.000,0.000,0.000,1.000,0,0,0,11,11,0,0,11,0.0,0.0,0.0,0.0,0.0,1.0,-1
"F[1,2](((Magnesium >= 0.003 -> AST >= 0.000) & TroponinI <= 0.000) & Temp >= 0.000)
",-9999999.000,-9999999.000,0.000,0.000,1.000,0,0,0,11,11,0,0,11,0.0,0.0,0.0,0.0,0.0,1.0,-1
"F[1,2]((Temp >= 1.844 | Hct >= 1.448) & BUN >= 1.498)
",-9999999.000,-9999999.000,0.000,0.000,1.000,0,0,0,11,11,0,0,11,0.0,0.0,0.0,0.0,0.0,1.0,-1
"F[0,2](Fibrinogen >= 0.000 & SaO2 >= 0.000)
",-9999999.000,-9999999.000,0.000,0.000,1.000,0,0,0,11,11,0,0,11,0.0,0.0,0.0,0.0,0.0,1.0,-1
"F[0,2]((WBC <= 5.226 | Bilirubin_direct <= 0.000) & Lactate <= 0.000)
",-9999999.000,-9999999.000,0.000,0.000,1.000,0,0,0,11,11,0,0,11,0.0,0.0,0.0,0.0,0.0,1.0,-1
"F[0,2]((Bilirubin_direct <= 0.000 | Temp >= 0.917) & FiO2 <= 23.196)
",-9999999.000,-9999999.000,0.000,0.000,1.000,0,0,0,11,11,0,0,11,0.0,0.0,0.0,0.0,0.0,1.0,-1
"F[0,1]((PTT <= 0.000 | DBP <= 88.448) | BaseExcess >= 36.387)
",-9999999.000,-9999999.000,0.000,0.000,1.000,0,0,0,11,11,0,0,11,0.0,0.0,0.0,0.0,0.0,1.0,-1
"F[0,0](SepsisLabel >= 0.000 | FiO2 >= 0.000)
",0.000,0.000,0.000,0.000,1.000,0,0,0,11,11,0,0,11,0.0,0.0,0.0,0.0,0.0,1.0,-1
"F[1,2](((FiO2 >= 0.000 & EtCO2 >= 0.000) | Temp <= 0.000) | SaO2 <= 0.000)
",-9999999.000,-9999999.000,0.000,0.000,1.000,0,0,0,11,11,0,0,11,0.0,0.0,0.0,0.0,0.0,1.0,-1
"F[0,2](WBC >= 0.099 -> TroponinI >= 0.000)
",-9999999.000,-9999999.000,0.000,0.000,1.000,0,0,0,11,11,0,0,11,0.0,0.0,0.0,0.0,0.0,1.0,-1
"F[2,2](BaseExcess <= 0.000 -> Fibrinogen <= 0.000)
",0.000,0.000,0.000,0.000,1.000,0,0,0,11,11,0,0,11,0.0,0.0,0.0,0.0,0.0,1.0,-1
"F[2,2]((AST >= 0.000 -> Magnesium <= 0.175) & Calcium >= 0.044)
",-0.175,-0.175,0.000,0.000,1.000,0,0,0,11,11,0,0,11,0.0,0.0,0.0,0.0,0.0,1.0,-1
"((FiO2 <= 0.000) U[0,2] (FiO2 >= 0.000))
",-9999999.000,-9999999.000,0.000,0.000,1.000,0,0,0,11,11,0,0,11,0.0,0.0,0.0,0.0,0.0,1.0,-1
"F[0,1]((Resp >= 6.571 | MAP <= 121.278) -> Fibrinogen <= 125.582)
",-9999999.000,-9999999.000,0.000,0.000,1.000,0,0,0,11,11,0,0,11,0.0,0.0,0.0,0.0,0.0,1.0,-1
"F[0,1]((BUN >= 0.195 -> Chloride >= 0.000) & TroponinI >= 0.000)
",-9999999.000,-9999999.000,0.000,0.000,1.000,0,0,0,11,11,0,0,11,0.0,0.0,0.0,0.0,0.0,1.0,-1
"F[1,2](((SepsisLabel >= 0.000 -> Calcium <= 7.298) -> Bilirubin_total >= 0.141) | BaseExcess >= 0.038)
",-9999999.000,-9999999.000,0.000,0.000,1.000,0,0,0,11,11,0,0,11,0.0,0.0,0.0,0.0,0.0,1.0,-1
"F[1,2](SepsisLabel >= 0.000 & Platelets <= 10.964)
",-9999999.000,-9999999.000,0.000,0.000,1.000,0,0,0,11,11,0,0,11,0.0,0.0,0.0,0.0,0.0,1.0,-1
"F[2,2]((Potassium >= 0.165 -> FiO2 >= 0.000) & HR <= 0.000)
",0.000,0.000,0.000,0.000,1.000,0,0,0,11,11,0,0,11,0.0,0.0,0.0,0.0,0.0,1.0,-1
"F[1,2]((Magnesium >= 0.050 | MAP >= 80.185) & Resp >= 22.696)
",-9999999.000,-9999999.000,0.000,0.000,1.000,0,0,0,11,11,0,0,11,0.0,0.0,0.0,0.0,0.0,1.0,-1
"F[2,2](Chloride <= 0.000 -> Glucose >= 23.909)
",0.000,0.000,0.000,0.000,1.000,0,0,0,11,11,0,0,11,0.0,0.0,0.0,0.0,0.0,1.0,-1
"F[1,1](Alkalinephos <= 0.000 -> EtCO2 >= 0.000)
",0.000,0.000,0.000,0.000,1.000,0,0,0,11,11,0,0,11,0.0,0.0,0.0,0.0,0.0,1.0,-1
"F[1,2](((AST >= 0.000 | Creatinine >= 0.037) | SaO2 <= 1.386) & SaO2 <= 0.318)
",-9999999.000,-9999999.000,0.000,0.000,1.000,0,0,0,11,11,0,0,11,0.0,0.0,0.0,0.0,0.0,1.0,-1
"((Fibrinogen >= 0.000) U[1,1] (Chloride <= 0.000))
",0.000,0.000,0.000,0.000,1.000,0,0,0,11,11,0,0,11,0.0,0.0,0.0,0.0,0.0,1.0,-1
"((SepsisLabel >= 0.000) U[1,2] (Fibrinogen <= 0.000))
",-9999999.000,-9999999.000,0.000,0.000,1.000,0,0,0,11,11,0,0,11,0.0,0.0,0.0,0.0,0.0,1.0,-1
"F[0,2](((SaO2 <= 0.000 -> BaseExcess <= 0.000) | Calcium <= 0.000) | MAP <= 0.000)
",-9999999.000,-9999999.000,0.000,0.000,1.000,0,0,0,11,11,0,0,11,0.0,0.0,0.0,0.0,0.0,1.0,-1
"((EtCO2 <= 0.000) U[0,2] (BaseExcess >= 0.000))
",-9999999.000,-9999999.000,0.000,0.000,1.000,0,0,0,11,11,0,0,11,0.0,0.0,0.0,0.0,0.0,1.0,-1
"F[0,1]((WBC >= 0.249 & BUN <= 8.014) -> BaseExcess <= 1.974)
",-9999999.000,-9999999.000,0.000,0.000,1.000,0,0,0,11,11,0,0,11,0.0,0.0,0.0,0.0,0.0,1.0,-1
"F[0,2](((SepsisLabel >= 0.000 & Calcium <= 1.618) & Phosphate <= 0.774) | TroponinI <= 4.598)
",-9999999.000,-9999999.000,0.000,0.000,1.000,0,0,0,11,11,0,0,11,0.0,0.0,0.0,0.0,0.0,1.0,-1
"F[1,2](((Chloride >= 0.000 & BaseExcess >= 0.000) & PaCO2 >= 0.000) | TroponinI >= 0.000)
",-9999999.000,-9999999.000,0.000,0.000,1.000,0,0,0,11,11,0,0,11,0.0,0.0,0.0,0.0,0.0,1.0,-1
"F[1,1](pH <= 0.000 -> HCO3 <= 0.000)
",0.000,0.000,0.000,0.000,1.000,0,0,0,11,11,0,0,11,0.0,0.0,0.0,0.0,0.0,1.0,-1
"F[0,2]((BUN >= 0.405 & DBP <= 92.260) & HR >= 7.444)
",-9999999.000,-9999999.000,0.000,0.000,1.000,0,0,0,11,11,0,0,11,0.0,0.0,0.0,0.0,0.0,1.0,-1
"F[1,2](((Fibrinogen >= 0.000 | MAP <= 114.743) | Potassium >= 66.097) | Bilirubin_direct <= 121.364)
",-9999999.000,-9999999.000,0.000,0.000,1.000,0,0,0,11,11,0,0,11,0.0,0.0,0.0,0.0,0.0,1.0,-1
"F[1,1]((HCO3 <= 0.000 -> PTT <= 0.000) -> Hct <= 0.000)
",0.000,0.000,0.000,0.000,1.000,0,0,0,11,11,0,0,11,0.0,0.0,0.0,0.0,0.0,1.0,-1
"F[1,1](SepsisLabel <= 0.000 | PTT >= 0.000)
",0.000,0.000,0.000,0.000,1.000,0,0,0,11,11,0,0,11,0.0,0.0,0.0,0.0,0.0,1.0,-1
"((BUN >= 0.716) U[0,1] (Creatinine <= 0.466))
",-9999999.000,-9999999.000,0.000,0.000,1.000,0,0,0,11,11,0,0,11,0.0,0.0,0.0,0.0,0.0,1.0,-1
"F[0,2]((Lactate >= 0.000 | Chloride >= 0.000) -> pH <= 0.000)
",-9999999.000,-9999999.000,0.000,0.000,1.000,0,0,0,11,11,0,0,11,0.0,0.0,0.0,0.0,0.0,1.0,-1
"((Temp >= 0.827) U[0,2] (SepsisLabel = 0.000))
",-9999999.000,-9999999.000,0.000,0.000,1.000,0,0,0,11,11,0,0,11,0.0,0.0,0.0,0.0,0.0,1.0,-1
"F[1,2](BUN <= 6.524 & SepsisLabel = 0.000)
",-9999999.000,-9999999.000,0.000,0.000,1.000,0,0,0,11,11,0,0,11,0.0,0.0,0.0,0.0,0.0,1.0,-1
"F[0,1]((SaO2 >= 0.000 | Hgb <= 9.425) & Lactate <= 2.302)
",-9999999.000,-9999999.000,0.000,0.000,1.000,0,0,0,11,11,0,0,11,0.0,0.0,0.0,0.0,0.0,1.0,-1
"F[1,2]((BUN <= 6.307 | Glucose >= 10.164) -> DBP >= 3.893)
",-9999999.000,-9999999.000,0.000,0.000,1.000,0,0,0,11,11,0,0,11,0.0,0.0,0.0,0.0,0.0,1.0,-1
"F[0,2](((Hct >= 1.505 | BaseExcess <= 0.000) -> PTT <= 0.000) | SaO2 <= 0.000)
",-9999999.000,-9999999.000,0.000,0.000,1.000,0,0,0,11,11,0,0,11,0.0,0.0,0.0,0.0,0.0,1.0,-1
"F[0,1](((PaCO2 <= 0.000 -> Hgb >= 0.018) & SBP <= 4.077) -> Platelets >= 0.387)
",-9999999.000,-9999999.000,0.000,0.000,1.000,0,0,0,11,11,0,0,11,0.0,0.0,0.0,0.0,0.0,1.0,-1
"F[0,2](SepsisLabel >= 0.000 & Lactate >= 0.000)
",-9999999.000,-9999999.000,0.000,0.000,1.000,0,0,0,11,11,0,0,11,0.0,0.0,0.0,0.0,0.0,1.0,-1
"((Hgb <= 2.962) U[0,0] (pH >= 0.000))
",2.962,2.962,0.000,0.000,1.000,0,0,0,11,11,0,0,11,0.0,0.0,0.0,0.0,0.0,1.0,-1
"((DBP <= 96.527) U[0,1] (O2Sat >= 60.680))
",-9999999.000,-9999999.000,0.000,0.000,1.000,0,0,0,11,11,0,0,11,0.0,0.0,0.0,0.0,0.0,1.0,-1
"F[0,1]((Magnesium >= 0.040 | Magnesium <= 0.729) | Magnesium <= 1.204)
",-9999999.000,-9999999.000,0.000,0.000,1.000,0,0,0,11,11,0,0,11,0.0,0.0,0.0,0.0,0.0,1.0,-1
"F[0,2](FiO2 >= 0.000 & AST >= 0.000)
",-9999999.000,-9999999.000,0.000,0.000,1.000,0,0,0,11,11,0,0,11,0.0,0.0,0.0,0.0,0.0,1.0,-1
"F[0,1]((FiO2 >= 0.000 -> O2Sat <= 98.270) -> PTT <= 95.240)
",-9999999.000,-9999999.000,0.000,0.000,1.000,0,0,0,11,11,0,0,11,0.0,0.0,0.0,0.0,0.0,1.0,-1
"F[2,2]((HCO3 >= 0.000 & PaCO2 <= 0.000) -> AST >= 0.000)
",0.000,0.000,0.000,0.000,1.000,0,0,0,11,11,0,0,11,0.0,0.0,0.0,0.0,0.0,1.0,-1
"F[0,1](((AST >= 0.000 -> EtCO2 >= 0.000) -> Bilirubin_total <= 0.000) -> Alkalinephos <= 0.000)
",-9999999.000,-9999999.000,0.000,0.000,1.000,0,0,0,11,11,0,0,11,0.0,0.0,0.0,0.0,0.0,1.0,-1
"F[0,1]((SBP <= 155.119 | MAP <= 114.032) -> PaCO2 <= 117.260)
",-9999999.000,-9999999.000,0.000,0.000,1.000,0,0,0,11,11,0,0,11,0.0,0.0,0.0,0.0,0.0,1.0,-1
"F[0,0]((PaCO2 >= 0.000 & Chloride <= 0.000) | BaseExcess <= 0.000)
",0.000,0.000,0.000,0.000,1.000,0,0,0,11,11,0,0,11,0.0,0.0,0.0,0.0,0.0,1.0,-1
"F[1,2](((O2Sat <= 93.239 -> Temp <= 30.208) & SBP <= 13.344) | Creatinine <= 22.769)
",-9999999.000,-9999999.000,0.000,0.000,1.000,0,0,0,11,11,0,0,11,0.0,0.0,0.0,0.0,0.0,1.0,-1
"((Chloride >= 0.000) U[0,2] (Hct <= 13.859))
",-9999999.000,-9999999.000,0.000,0.000,1.000,0,0,0,11,11,0,0,11,0.0,0.0,0.0,0.0,0.0,1.0,-1
"((AST >= 0.000) U[0,1] (Bilirubin_total <= 0.000))
",-9999999.000,-9999999.000,0.000,0.000,1.000,0,0,0,11,11,0,0,11,0.0,0.0,0.0,0.0,0.0,1.0,-1
"F[2,2](((AST >= 0.000 | PaCO2 <= 0.000) | FiO2 <= 0.000) & FiO2 <= 0.000)
",0.000,0.000,0.000,0.000,1.000,0,0,0,11,11,0,0,11,0.0,0.0,0.0,0.0,0.0,1.0,-1
"F[0,0](((SBP <= 155.101 -> Bilirubin_direct >= 0.000) | Chloride >= 0.000) | Hgb <= 0.000)
",0.000,0.000,0.000,0.000,1.000,0,0,0,11,11,0,0,11,0.0,0.0,0.0,0.0,0.0,1.0,-1
"F[1,2](((SepsisLabel <= 0.000 -> EtCO2 <= 0.000) -> Potassium <= 0.000) | Hgb >= 0.000)
",-9999999.000,-9999999.000,0.000,0.000,1.000,0,0,0,11,11,0,0,11,0.0,0.0,0.0,0.0,0.0,1.0,-1
"((AST >= 0.000) U[1,1] (Bilirubin_total >= 0.000))
",0.000,0.000,0.000,0.000,1.000,0,0,0,11,11,0,0,11,0.0,0.0,0.0,0.0,0.0,1.0,-1
"F[0,2](((Glucose <= 143.246 & O2Sat >= 7.439) -> O2Sat <= 98.076) & Bilirubin_direct >= 62.687)
",-9999999.000,-9999999.000,0.000,0.000,1.000,0,0,0,11,11,0,0,11,0.0,0.0,0.0,0.0,0.0,1.0,-1
"F[1,2]((DBP <= 88.366 | HR >= 62.157) | DBP >= 49.071)
",-9999999.000,-9999999.000,0.000,0.000,1.000,0,0,0,11,11,0,0,11,0.0,0.0,0.0,0.0,0.0,1.0,-1
"F[2,2](FiO2 <= 0.000 | SepsisLabel >= 0.000)
",0.000,0.000,0.000,0.000,1.000,0,0,0,11,11,0,0,11,0.0,0.0,0.0,0.0,0.0,1.0,-1
"F[0,2](((PTT >= 0.000 & HR <= 102.319) -> AST <= 94.335) | SBP <= 100.020)
",-9999999.000,-9999999.000,0.000,0.000,1.000,0,0,0,11,11,0,0,11,0.0,0.0,0.0,0.0,0.0,1.0,-1
"F[1,2](Bilirubin_direct >= 0.000 | Calcium >= 0.278)
",-9999999.000,-9999999.000,0.000,0.000,1.000,0,0,0,11,11,0,0,11,0.0,0.0,0.0,0.0,0.0,1.0,-1
"F[0,2]((Potassium >= 0.081 -> HCO3 >= 0.000) | FiO2 <= 0.000)
",-9999999.000,-9999999.000,0.000,0.000,1.000,0,0,0,11,11,0,0,11,0.0,0.0,0.0,0.0,0.0,1.0,-1
"F[0,1](((Phosphate >= 0.074 | O2Sat <= 99.205) -> Potassium >= 24.734) | PTT <= 95.306)
",-9999999.000,-9999999.000,0.000,0.000,1.000,0,0,0,11,11,0,0,11,0.0,0.0,0.0,0.0,0.0,1.0,-1
"F[0,2]((Calcium <= 5.375 & Potassium <= 1.144) & Magnesium >= 0.052)
",-9999999.000,-9999999.000,0.000,0.000,1.000,0,0,0,11,11,0,0,11,0.0,0.0,0.0,0.0,0.0,1.0,-1
"F[1,2](((Alkalinephos >= 0.000 | DBP <= 104.687) -> BaseExcess <= 96.204) & Platelets >= 25.185)
",-9999999.000,-9999999.000,0.000,0.000,1.000,0,0,0,11,11,0,0,11,0.0,0.0,0.0,0.0,0.0,1.0,-1
"F[0,2](((EtCO2 >= 0.000 -> Phosphate >= 0.089) & AST <= 2.087) -> TroponinI <= 1.301)
",-9999999.000,-9999999.000,0.000,0.000,1.000,0,0,0,11,11,0,0,11,0.0,0.0,0.0,0.0,0.0,1.0,-1
"F[1,2]((SaO2 >= 0.000 -> WBC >= 0.074) & Fibrinogen >= 0.317)
",-9999999.000,-9999999.000,0.000,0.000,1.000,0,0,0,11,11,0,0,11,0.0,0.0,0.0,0.0,0.0,1.0,-1
"F[1,2]((Lactate <= 0.000 | MAP >= 6.485) | SBP <= 120.418)
",-9999999.000,-9999999.000,0.000,0.000,1.000,0,0,0,11,11,0,0,11,0.0,0.0,0.0,0.0,0.0,1.0,-1
"((Hgb >= 0.366) U[2,2] (PaCO2 >= 0.000))
",0.000,0.000,0.000,0.000,1.000,0,0,0,11,11,0,0,11,0.0,0.0,0.0,0.0,0.0,1.0,-1
"((Potassium <= 2.296) U[0,2] (Hgb <= 8.618))
",-9999999.000,-9999999.000,0.000,0.000,1.000,0,0,0,11,11,0,0,11,0.0,0.0,0.0,0.0,0.0,1.0,-1
"F[0,1]((Glucose <= 73.486 & BaseExcess >= 0.000) | WBC >= 0.000)
",-9999999.000,-9999999.000,0.000,0.000,1.000,0,0,0,11,11,0,0,11,0.0,0.0,0.0,0.0,0.0,1.0,-1
"F[0,1]((HR >= 43.399 & Phosphate <= 2.441) | Creatinine >= 0.098)
",-9999999.000,-9999999.000,0.000,0.000,1.000,0,0,0,11,11,0,0,11,0.0,0.0,0.0,0.0,0.0,1.0,-1
"F[0,1]((BaseExcess <= 0.000 -> EtCO2 <= 0.000) | Magnesium >= 0.000)
",-9999999.000,-9999999.000,0.000,0.000,1.000,0,0,0,11,11,0,0,11,0.0,0.0,0.0,0.0,0.0,1.0,-1
"F[1,2](((Calcium <= 5.600 & HR <= 92.337) | SaO2 <= 93.411) -> Magnesium <= 93.218)
",-9999999.000,-9999999.000,0.000,0.000,1.000,0,0,0,11,11,0,0,11,0.0,0.0,0.0,0.0,0.0,1.0,-1
"((EtCO2 >= 0.000) U[1,1] (HR >= 30.181))
",0.000,0.000,0.000,0.000,1.000,0,0,0,11,11,0,0,11,0.0,0.0,0.0,0.0,0.0,1.0,-1
"F[0,2](BUN <= 8.085 & O2Sat <= 90.548)
",-9999999.000,-9999999.000,0.000,0.000,1.000,0,0,0,11,11,0,0,11,0.0,0.0,0.0,0.0,0.0,1.0,-1
"F[0,2](((BUN <= 2.277 & MAP >= 34.129) | Creatinine >= 2.717) & Phosphate <= 116.663)
",-9999999.000,-9999999.000,0.000,0.000,1.000,0,0,0,11,11,0,0,11,0.0,0.0,0.0,0.0,0.0,1.0,-1
"F[0,0](Hgb <= 4.639 | MAP <= 122.604)
",4.639,4.639,0.000,0.000,1.000,0,0,0,11,11,0,0,11,0.0,0.0,0.0,0.0,0.0,1.0,-1
"((MAP >= 88.375) U[0,2] (Platelets <= 21.853))
",-9999999.000,-9999999.000,0.000,0.000,1.000,0,0,0,11,11,0,0,11,0.0,0.0,0.0,0.0,0.0,1.0,-1
"F[0,2](((Magnesium <= 0.904 & MAP >= 39.956) & MAP >= 104.859) & Platelets <= 128.644)
",-9999999.000,-9999999.000,0.000,0.000,1.000,0,0,0,11,11,0,0,11,0.0,0.0,0.0,0.0,0.0,1.0,-1
"F[0,1]((MAP <= 116.334 & WBC >= 0.056) | MAP >= 0.333)
",-9999999.000,-9999999.000,0.000,0.000,1.000,0,0,0,11,11,0,0,11,0.0,0.0,0.0,0.0,0.0,1.0,-1
"((DBP >= 84.685) U[0,2] (Temp >= 0.232))
",-9999999.000,-9999999.000,0.000,0.000,1.000,0,0,0,11,11,0,0,11,0.0,0.0,0.0,0.0,0.0,1.0,-1
"F[0,2]((DBP >= 71.842 | Potassium >= 0.075) | PaCO2 >= 0.044)
",-9999999.000,-9999999.000,0.000,0.000,1.000,0,0,0,11,11,0,0,11,0.0,0.0,0.0,0.0,0.0,1.0,-1
"F[0,1](BUN <= 19.729 -> SBP >= 31.140)
",-9999999.000,-9999999.000,0.000,0.000,1.000,0,0,0,11,11,0,0,11,0.0,0.0,0.0,0.0,0.0,1.0,-1
"F[0,2]((Calcium <= 2.138 & SBP <= 141.460) | BUN >= 88.556)
",-9999999.000,-9999999.000,0.000,0.000,1.000,0,0,0,11,11,0,0,11,0.0,0.0,0.0,0.0,0.0,1.0,-1
"F[1,2](((Glucose >= 10.846 & Temp >= 2.457) & WBC >= 2.543) | Hct >= 4.066)
",-9999999.000,-9999999.000,0.000,0.000,1.000,0,0,0,11,11,0,0,11,0.0,0.0,0.0,0.0,0.0,1.0,-1
"((HR <= 99.438) U[1,2] (Temp >= 3.112))
",-9999999.000,-9999999.000,0.000,0.000,1.000,0,0,0,11,11,0,0,11,0.0,0.0,0.0,0.0,0.0,1.0,-1
"F[0,2]((BUN >= 0.843 & Temp <= 26.191) -> HR <= 30.428)
",-9999999.000,-9999999.000,0.000,0.000,1.000,0,0,0,11,11,0,0,11,0.0,0.0,0.0,0.0,0.0,1.0,-1
"F[1,2](((SBP >= 88.487 | Temp >= 3.389) | Resp <= 14.462) | Temp >= 1.256)
",-9999999.000,-9999999.000,0.000,0.000,1.000,0,0,0,11,11,0,0,11,0.0,0.0,0.0,0.0,0.0,1.0,-1
"F[0,2](((O2Sat <= 99.602 & Temp <= 26.968) | pH >= 1.231) | Resp <= 22.098)
",-9999999.000,-9999999.000,0.000,0.000,1.000,0,0,0,11,11,0,0,11,0.0,0.0,0.0,0.0,0.0,1.0,-1
"F[1,1](MAP >= 60.417 & Bilirubin_total >= 0.000)
",-60.417,-60.417,0.000,0.000,1.000,0,0,0,11,11,0,0,11,0.0,0.0,0.0,0.0,0.0,1.0,-1
"((HR >= 66.810) U[0,1] (Magnesium <= 0.553))
",-9999999.000,-9999999.000,0.000,0.000,1.000,0,0,0,11,11,0,0,11,0.0,0.0,0.0,0.0,0.0,1.0,-1
"((Creatinine >= 0.070) U[0,2] (Resp <= 15.020))
",-9999999.000,-9999999.000,0.000,0.000,1.000,0,0,0,11,11,0,0,11,0.0,0.0,0.0,0.0,0.0,1.0,-1
"F[0,1]((Glucose >= 7.119 | TroponinI <= 0.019) & Bilirubin_total >= 0.000)
",-9999999.000,-9999999.000,0.000,0.000,1.000,0,0,0,11,11,0,0,11,0.0,0.0,0.0,0.0,0.0,1.0,-1
"((MAP >= 73.709) U[1,2] (TroponinI >= 4.277436878213946e-05))
",-9999999.000,-9999999.000,0.000,0.000,1.000,0,0,0,11,11,0,0,11,0.0,0.0,0.0,0.0,0.0,1.0,-1
"F[1,2](((DBP <= 91.355 -> TroponinI >= 0.001) & FiO2 >= 0.001) | DBP >= 0.001)
",-9999999.000,-9999999.000,0.000,0.000,1.000,0,0,0,11,11,0,0,11,0.0,0.0,0.0,0.0,0.0,1.0,-1
"F[2,2]((Temp >= 1.840 & TroponinI <= 0.017) & AST <= 0.013)
",-8288308080206454.000,-1.840,0.000,0.000,1.000,0,0,0,11,11,0,0,11,0.0,0.0,0.0,0.0,0.0,1.0,-1
"F[0,2]((DBP >= 84.109 & Glucose >= 16.782) & pH <= 46.223)
",-9999999.000,-9999999.000,0.000,0.000,1.000,0,0,0,11,11,0,0,11,0.0,0.0,0.0,0.0,0.0,1.0,-1
"F[0,2]((SBP <= 141.627 | TroponinI <= 0.004) -> O2Sat <= 0.012)
",-9999999.000,-9999999.000,0.000,0.000,1.000,0,0,0,11,11,0,0,11,0.0,0.0,0.0,0.0,0.0,1.0,-1
"F[0,2](((Hgb <= 12.122 | Resp >= 7.564) -> Platelets >= 6.151) | Fibrinogen <= 20.495)
",-9999999.000,-9999999.000,0.000,0.000,1.000,0,0,0,11,11,0,0,11,0.0,0.0,0.0,0.0,0.0,1.0,-1
"F[0,2](((Hgb <= 3.848 | HR <= 88.785) | HCO3 >= 85.068) -> PaCO2 >= 43.890)
",-9999999.000,-9999999.000,0.000,0.000,1.000,0,0,0,11,11,0,0,11,0.0,0.0,0.0,0.0,0.0,1.0,-1
"F[0,2]((MAP >= 20.578 -> Resp <= 18.063) | TroponinI <= 14.535)
",-9999999.000,-9999999.000,0.000,0.000,1.000,0,0,0,11,11,0,0,11,0.0,0.0,0.0,0.0,0.0,1.0,-1
"F[2,2]((O2Sat <= 94.692 & Resp >= 10.405) | Alkalinephos >= 13.441)
",-10.405,-10.405,0.000,0.000,1.000,0,0,0,11,11,0,0,11,0.0,0.0,0.0,0.0,0.0,1.0,-1
"F[0,1]((HR <= 95.927 | Resp <= 17.626) | FiO2 <= 21.211)
",-9999999.000,-9999999.000,0.000,0.000,1.000,0,0,0,11,11,0,0,11,0.0,0.0,0.0,0.0,0.0,1.0,-1
"F[0,1]((Potassium >= 0.066 -> TroponinI <= 0.007) & pH >= 0.000)
",-9999999.000,-9999999.000,0.000,0.000,1.000,0,0,0,11,11,0,0,11,0.0,0.0,0.0,0.0,0.0,1.0,-1
"F[1,1](((Creatinine >= 0.019 | TroponinI <= 0.003) | Bilirubin_direct >= 0.001) | PaCO2 <= 0.008)
",0.008,0.008,0.000,0.000,1.000,0,0,0,11,11,0,0,11,0.0,0.0,0.0,0.0,0.0,1.0,-1
"F[0,1]((Platelets <= 139.587 | TroponinI <= 0.013) | O2Sat >= 0.001)
",-9999999.000,-9999999.000,0.000,0.000,1.000,0,0,0,11,11,0,0,11,0.0,0.0,0.0,0.0,0.0,1.0,-1
"F[0,1](((Bilirubin_total >= 0.000 | Hct <= 6.677) -> PTT <= 3.679) -> Hgb <= 14.394)
",-9999999.000,-9999999.000,0.000,0.000,1.000,0,0,0,11,11,0,0,11,0.0,0.0,0.0,0.0,0.0,1.0,-1
"F[0,2](((DBP <= 98.347 & Hct <= 16.917) -> Lactate >= 0.609) -> WBC <= 32.607)
",-9999999.000,-9999999.000,0.000,0.000,1.000,0,0,0,11,11,0,0,11,0.0,0.0,0.0,0.0,0.0,1.0,-1
"F[1,2](EtCO2 <= 0.000 -> SepsisLabel = 0.000)
",-9999999.000,-9999999.000,0.000,0.000,1.000,0,0,0,11,11,0,0,11,0.0,0.0,0.0,0.0,0.0,1.0,-1
"F[1,1](((Calcium < 0.722 & Potassium < 1.322) & Magnesium < 1.192) & Phosphate < 1.323)
",0.722,0.722,0.000,0.000,1.000,0,0,0,11,11,0,0,11,0.0,0.0,0.0,0.0,0.0,1.0,-1
"F[1,2](((DBP <= 104.292 -> SBP <= 152.303) -> WBC <= 155.954) -> BUN <= 139.215)
",-9999999.000,-9999999.000,0.000,0.000,1.000,0,0,0,11,11,0,0,11,0.0,0.0,0.0,0.0,0.0,1.0,-1
"F[1,2]((DBP <= 94.851 -> MAP >= 65.545) -> SaO2 >= 3.210)
",-9999999.000,-9999999.000,0.000,0.000,1.000,0,0,0,11,11,0,0,11,0.0,0.0,0.0,0.0,0.0,1.0,-1
"F[1,2]((BUN <= 18.424 | Creatinine <= 0.206) | AST <= 1.287)
",-9999999.000,-9999999.000,0.000,0.000,1.000,0,0,0,11,11,0,0,11,0.0,0.0,0.0,0.0,0.0,1.0,-1
"((Creatinine <= 0.439) U[0,1] (Hgb <= 8.015))
",-9999999.000,-9999999.000,0.000,0.000,1.000,0,0,0,11,11,0,0,11,0.0,0.0,0.0,0.0,0.0,1.0,-1
"F[1,2]((Magnesium >= 0.032 -> Platelets <= 47.525) & WBC >= 3.703)
",-9999999.000,-9999999.000,0.000,0.000,1.000,0,0,0,11,11,0,0,11,0.0,0.0,0.0,0.0,0.0,1.0,-1
"F[0,1](Hct <= 22.577 -> Magnesium <= 0.204)
",-9999999.000,-9999999.000,0.000,0.000,1.000,0,0,0,11,11,0,0,11,0.0,0.0,0.0,0.0,0.0,1.0,-1
"F[1,2](Alkalinephos < 0.000 -> SepsisLabel = 0.000)
",-9999999.000,-9999999.000,0.000,0.000,1.000,0,0,0,11,11,0,0,11,0.0,0.0,0.0,0.0,0.0,1.0,-1
"F[0,2](PTT <= 0.000 & SepsisLabel = 0.000)
",-9999999.000,-9999999.000,0.000,0.000,1.000,0,0,0,11,11,0,0,11,0.0,0.0,0.0,0.0,0.0,1.0,-1
"F[0,2](SaO2 > 0.000 -> SepsisLabel = 0.000)
",-9999999.000,-9999999.000,0.000,0.000,1.000,0,0,0,11,11,0,0,11,0.0,0.0,0.0,0.0,0.0,1.0,-1
"((FiO2 <= 0.000) U[1,2] (SepsisLabel = 0.000))
",-9999999.000,-9999999.000,0.000,0.000,1.000,0,0,0,11,11,0,0,11,0.0,0.0,0.0,0.0,0.0,1.0,-1
"((AST >= 0.000) U[0,0] (SepsisLabel = 0.000))
",0.000,0.000,0.000,0.000,1.000,0,0,0,11,11,0,0,11,0.0,0.0,0.0,0.0,0.0,1.0,-1
"F[0,1](Phosphate < 1.196 & SepsisLabel = 0.000)
",-9999999.000,-9999999.000,0.000,0.000,1.000,0,0,0,11,11,0,0,11,0.0,0.0,0.0,0.0,0.0,1.0,-1
"((Bilirubin_total < 0.000) U[0,1] (SepsisLabel = 0.000))
",-9999999.000,-9999999.000,0.000,0.000,1.000,0,0,0,11,11,0,0,11,0.0,0.0,0.0,0.0,0.0,1.0,-1
"((Magnesium >= 0.001) U[2,2] (SepsisLabel = 0.000))
",0.000,0.000,0.000,0.000,1.000,0,0,0,11,11,0,0,11,0.0,0.0,0.0,0.0,0.0,1.0,-1
"F[1,2](((Glucose >= 24.943 & WBC >= 0.236) | WBC <= 0.950) & EtCO2 >= 0.092)
",-9999999.000,-9999999.000,0.000,0.000,1.000,0,0,0,11,11,0,0,11,0.0,0.0,0.0,0.0,0.0,1.0,-1
"F[0,1](O2Sat >= 83.625 & SBP >= 12.622)
",-9999999.000,-9999999.000,0.000,0.000,1.000,0,0,0,11,11,0,0,11,0.0,0.0,0.0,0.0,0.0,1.0,-1
"F[0,2](((DBP <= 101.641 -> O2Sat >= 63.920) | MAP <= 97.396) -> Creatinine >= 29.292)
",-9999999.000,-9999999.000,0.000,0.000,1.000,0,0,0,11,11,0,0,11,0.0,0.0,0.0,0.0,0.0,1.0,-1
"F[1,2](((HR >= 70.801 -> SBP >= 74.463) & AST <= 145.908) | BaseExcess >= 15.925)
",-9999999.000,-9999999.000,0.000,0.000,1.000,0,0,0,11,11,0,0,11,0.0,0.0,0.0,0.0,0.0,1.0,-1
"((AST > 0.000) U[0,1] (SepsisLabel = 0.000))
",-9999999.000,-9999999.000,0.000,0.000,1.000,0,0,0,11,11,0,0,11,0.0,0.0,0.0,0.0,0.0,1.0,-1
"((Lactate > 0.000) U[0,1] (SepsisLabel = 0.000))
",-9999999.000,-9999999.000,0.000,0.000,1.000,0,0,0,11,11,0,0,11,0.0,0.0,0.0,0.0,0.0,1.0,-1
"F[0,2](Magnesium > 0.035 & SepsisLabel = 0.000)
",-9999999.000,-9999999.000,0.000,0.000,1.000,0,0,0,11,11,0,0,11,0.0,0.0,0.0,0.0,0.0,1.0,-1
"((Phosphate <= 0.872) U[0,1] (SepsisLabel = 0.000))
",-9999999.000,-9999999.000,0.000,0.000,1.000,0,0,0,11,11,0,0,11,0.0,0.0,0.0,0.0,0.0,1.0,-1
"F[1,2](Hct < 39.656 & SepsisLabel = 0.000)
",-9999999.000,-9999999.000,0.000,0.000,1.000,0,0,0,11,11,0,0,11,0.0,0.0,0.0,0.0,0.0,1.0,-1
"((Chloride <= 0.000) U[2,2] (SepsisLabel = 0.000))
",0.000,0.000,0.000,0.000,1.000,0,0,0,11,11,0,0,11,0.0,0.0,0.0,0.0,0.0,1.0,-1
"((Calcium < 3.320) U[0,2] (SepsisLabel = 0.000))
",-9999999.000,-9999999.000,0.000,0.000,1.000,0,0,0,11,11,0,0,11,0.0,0.0,0.0,0.0,0.0,1.0,-1
"((Potassium >= 0.135) U[0,1] (SepsisLabel = 0.000))
",-9999999.000,-9999999.000,0.000,0.000,1.000,0,0,0,11,11,0,0,11,0.0,0.0,0.0,0.0,0.0,1.0,-1
"((FiO2 > 0.000) U[2,2] (SepsisLabel = 0.000))
",0.000,0.000,0.000,0.000,1.000,0,0,0,11,11,0,0,11,0.0,0.0,0.0,0.0,0.0,1.0,-1
"((DBP <= 104.771) U[2,2] (SepsisLabel = 0.000))
",7372605586658298.000,104.771,0.000,0.000,1.000,0,0,0,11,11,0,0,11,0.0,0.0,0.0,0.0,0.0,1.0,-1
"((DBP < 104.024) U[0,2] (SepsisLabel = 0.000))
",-9999999.000,-9999999.000,0.000,0.000,1.000,0,0,0,11,11,0,0,11,0.0,0.0,0.0,0.0,0.0,1.0,-1
"((TroponinI > 0.000) U[0,2] (SepsisLabel = 0.000))
",-9999999.000,-9999999.000,0.000,0.000,1.000,0,0,0,11,11,0,0,11,0.0,0.0,0.0,0.0,0.0,1.0,-1
"((SaO2 < 0.000) U[0,1] (SepsisLabel = 0.000))
",-9999999.000,-9999999.000,0.000,0.000,1.000,0,0,0,11,11,0,0,11,0.0,0.0,0.0,0.0,0.0,1.0,-1
"((SepsisLabel < 0.000) U[0,2] (SepsisLabel = 0.000))
",-9999999.000,-9999999.000,0.000,0.000,1.000,0,0,0,11,11,0,0,11,0.0,0.0,0.0,0.0,0.0,1.0,-1
"((Hgb < 5.459) U[0,2] (SepsisLabel = 0.000))
",-9999999.000,-9999999.000,0.000,0.000,1.000,0,0,0,11,11,0,0,11,0.0,0.0,0.0,0.0,0.0,1.0,-1
"((MAP >= 27.795) U[1,2] (SBP <= 142.589))
",-9999999.000,-9999999.000,0.000,0.000,1.000,0,0,0,11,11,0,0,11,0.0,0.0,0.0,0.0,0.0,1.0,-1
"F[1,2](Hgb <= 14.375 | Hct <= 16.081)
",-9999999.000,-9999999.000,0.000,0.000,1.000,0,0,0,11,11,0,0,11,0.0,0.0,0.0,0.0,0.0,1.0,-1
"F[2,2](SBP <= 161.083 & O2Sat >= 63.646)
",-8957333655314598.000,-63.646,0.000,0.000,1.000,0,0,0,11,11,0,0,11,0.0,0.0,0.0,0.0,0.0,1.0,-1
"F[1,1]((Phosphate >= 0.016 & Magnesium > 0.064) -> Calcium < 0.862)
",-0.862,-0.862,0.000,0.000,1.000,0,0,0,11,11,0,0,11,0.0,0.0,0.0,0.0,0.0,1.0,-1
"F[0,2]((Calcium <= 1.713 & Potassium <= 2.981) & Magnesium >= 0.001)
",-9999999.000,-9999999.000,0.000,0.000,1.000,0,0,0,11,11,0,0,11,0.0,0.0,0.0,0.0,0.0,1.0,-1
"F[1,1]((Phosphate >= 0.016 & Magnesium > 0.054) -> Calcium < 1.397)
",-1.397,-1.397,0.000,0.000,1.000,0,0,0,11,11,0,0,11,0.0,0.0,0.0,0.0,0.0,1.0,-1
"F[0,1](Hgb <= 8.175 | Hct <= 19.890)
",-9999999.000,-9999999.000,0.000,0.000,1.000,0,0,0,11,11,0,0,11,0.0,0.0,0.0,0.0,0.0,1.0,-1
"F[0,2]((Phosphate >= 0.141 & Magnesium > 0.054) -> Calcium < 4.597)
",-9999999.000,-9999999.000,0.000,0.000,1.000,0,0,0,11,11,0,0,11,0.0,0.0,0.0,0.0,0.0,1.0,-1
"F[0,2](((Calcium < 5.267 & Potassium < 2.261) & Magnesium < 0.423) & Phosphate < 1.583)
",-9999999.000,-9999999.000,0.000,0.000,1.000,0,0,0,11,11,0,0,11,0.0,0.0,0.0,0.0,0.0,1.0,-1
"F[0,2]((Calcium <= 7.779 & Potassium <= 1.344) & Magnesium >= 0.022)
",-9999999.000,-9999999.000,0.000,0.000,1.000,0,0,0,11,11,0,0,11,0.0,0.0,0.0,0.0,0.0,1.0,-1
"F[1,2](Hgb <= 10.869 | Hct <= 29.996)
",-9999999.000,-9999999.000,0.000,0.000,1.000,0,0,0,11,11,0,0,11,0.0,0.0,0.0,0.0,0.0,1.0,-1
"((MAP >= 15.265) U[0,2] (SBP <= 155.524))
",-9999999.000,-9999999.000,0.000,0.000,1.000,0,0,0,11,11,0,0,11,0.0,0.0,0.0,0.0,0.0,1.0,-1
"F[0,1]((Phosphate >= 0.034 & Magnesium > 0.013) -> Calcium < 8.056)
",-9999999.000,-9999999.000,0.000,0.000,1.000,0,0,0,11,11,0,0,11,0.0,0.0,0.0,0.0,0.0,1.0,-1
"F[1,1](((Calcium < 6.106 & Potassium < 2.332) & Magnesium < 1.290) & Phosphate < 2.264)
",1.290,1.290,0.000,0.000,1.000,0,0,0,11,11,0,0,11,0.0,0.0,0.0,0.0,0.0,1.0,-1
"((MAP >= 21.398) U[0,2] (SBP <= 143.389))
",-9999999.000,-9999999.000,0.000,0.000,1.000,0,0,0,11,11,0,0,11,0.0,0.0,0.0,0.0,0.0,1.0,-1
"F[0,2]((Phosphate >= 0.142 & Magnesium > 0.060) -> Calcium < 1.365)
",-9999999.000,-9999999.000,0.000,0.000,1.000,0,0,0,11,11,0,0,11,0.0,0.0,0.0,0.0,0.0,1.0,-1
"F[0,1](((Calcium < 1.630 & Potassium < 1.350) & Magnesium < 0.522) & Phosphate < 1.470)
",-9999999.000,-9999999.000,0.000,0.000,1.000,0,0,0,11,11,0,0,11,0.0,0.0,0.0,0.0,0.0,1.0,-1
"F[2,2](((Glucose <= 74.945 | Hct <= 15.338) | Bilirubin_total >= 0.051) | O2Sat >= 0.268)
",74.945,74.945,0.000,0.000,1.000,0,0,0,11,11,0,0,11,0.0,0.0,0.0,0.0,0.0,1.0,-1
"F[1,2](((Glucose <= 96.139 | Hgb >= 0.576) & Platelets >= 0.143) | Creatinine <= 14.003)
",-9999999.000,-9999999.000,0.000,0.000,1.000,0,0,0,11,11,0,0,11,0.0,0.0,0.0,0.0,0.0,1.0,-1
"F[1,2](((Calcium < 7.003 & Potassium < 1.409) & Magnesium < 1.269) & Phosphate < 2.276)
",-9999999.000,-9999999.000,0.000,0.000,1.000,0,0,0,11,11,0,0,11,0.0,0.0,0.0,0.0,0.0,1.0,-1
"F[0,1]((Phosphate >= 0.135 & Magnesium > 0.066) -> Calcium < 8.084)
",-9999999.000,-9999999.000,0.000,0.000,1.000,0,0,0,11,11,0,0,11,0.0,0.0,0.0,0.0,0.0,1.0,-1
"F[1,2]((Calcium <= 4.909 & Potassium <= 2.226) & Magnesium >= 0.026)
",-9999999.000,-9999999.000,0.000,0.000,1.000,0,0,0,11,11,0,0,11,0.0,0.0,0.0,0.0,0.0,1.0,-1
"F[0,2]((Phosphate >= 0.153 & Magnesium > 0.077) -> Calcium < 1.392)
",-9999999.000,-9999999.000,0.000,0.000,1.000,0,0,0,11,11,0,0,11,0.0,0.0,0.0,0.0,0.0,1.0,-1
"F[1,1](((Calcium < 3.279 & Potassium < 3.387) & Magnesium < 0.683) & Phosphate < 0.957)
",0.683,0.683,0.000,0.000,1.000,0,0,0,11,11,0,0,11,0.0,0.0,0.0,0.0,0.0,1.0,-1
"F[1,2]((Calcium <= 6.140 & Potassium <= 1.650) & Magnesium >= 0.074)
",-9999999.000,-9999999.000,0.000,0.000,1.000,0,0,0,11,11,0,0,11,0.0,0.0,0.0,0.0,0.0,1.0,-1
"F[0,1](Hgb <= 7.876 | Hct <= 4.496)
",-9999999.000,-9999999.000,0.000,0.000,1.000,0,0,0,11,11,0,0,11,0.0,0.0,0.0,0.0,0.0,1.0,-1
"F[2,2]((Phosphate >= 0.044 & Magnesium > 0.013) -> Calcium < 2.037)
",-2.037,-2.037,0.000,0.000,1.000,0,0,0,11,11,0,0,11,0.0,0.0,0.0,0.0,0.0,1.0,-1
"F[0,1](((Calcium < 4.831 & Potassium < 0.278) & Magnesium < 1.299) & Phosphate < 2.317)
",-9999999.000,-9999999.000,0.000,0.000,1.000,0,0,0,11,11,0,0,11,0.0,0.0,0.0,0.0,0.0,1.0,-1
"F[0,1](Hgb <= 10.596 | Hct <= 19.579)
",-9999999.000,-9999999.000,0.000,0.000,1.000,0,0,0,11,11,0,0,11,0.0,0.0,0.0,0.0,0.0,1.0,-1
"F[1,2](((Calcium < 2.051 & Potassium < 2.190) & Magnesium < 1.080) & Phosphate < 1.406)
",-9999999.000,-9999999.000,0.000,0.000,1.000,0,0,0,11,11,0,0,11,0.0,0.0,0.0,0.0,0.0,1.0,-1
"F[0,0](Platelets > 4.846 -> SepsisLabel = 0.000)
",0.000,0.000,0.000,0.000,1.000,0,0,0,11,11,0,0,11,0.0,0.0,0.0,0.0,0.0,1.0,-1
"F[0,2]((Calcium <= 5.649 & Potassium <= 1.415) & Magnesium >= 0.007)
",-9999999.000,-9999999.000,0.000,0.000,1.000,0,0,0,11,11,0,0,11,0.0,0.0,0.0,0.0,0.0,1.0,-1
"F[0,1](Hgb <= 7.761 | Hct <= 14.169)
",-9999999.000,-9999999.000,0.000,0.000,1.000,0,0,0,11,11,0,0,11,0.0,0.0,0.0,0.0,0.0,1.0,-1
"F[2,2]((Phosphate >= 0.040 & Magnesium > 0.076) -> Calcium < 5.908)
",-5.908,-5.908,0.000,0.000,1.000,0,0,0,11,11,0,0,11,0.0,0.0,0.0,0.0,0.0,1.0,-1
"F[2,2](((Calcium < 6.841 & Potassium < 1.634) & Magnesium < 1.073) & Phosphate < 2.769)
",4833801757630906.000,1.073,0.000,0.000,1.000,0,0,0,11,11,0,0,11,0.0,0.0,0.0,0.0,0.0,1.0,-1
"F[2,2]((Phosphate >= 0.133 & Magnesium > 0.003) -> Calcium < 4.971)
",-4.971,-4.971,0.000,0.000,1.000,0,0,0,11,11,0,0,11,0.0,0.0,0.0,0.0,0.0,1.0,-1
"F[1,1](Hgb <= 6.456 | Hct <= 36.706)
",36.706,36.706,0.000,0.000,1.000,0,0,0,11,11,0,0,11,0.0,0.0,0.0,0.0,0.0,1.0,-1
"F[1,2](((MAP >= 81.967 -> Resp <= 17.441) & HR <= 21.821) & DBP <= 15.889)
",-9999999.000,-9999999.000,0.000,0.000,1.000,0,0,0,11,11,0,0,11,0.0,0.0,0.0,0.0,0.0,1.0,-1
"F[0,2](((O2Sat >= 52.864 -> Creatinine >= 0.013) & Resp <= 0.130) | Calcium <= 1.261)
",-9999999.000,-9999999.000,0.000,0.000,1.000,0,0,0,11,11,0,0,11,0.0,0.0,0.0,0.0,0.0,1.0,-1
"F[0,2](((BaseExcess <= 0.000 | Potassium >= 0.151) | pH >= 0.040) | Phosphate <= 2.543)
",-9999999.000,-9999999.000,0.000,0.000,1.000,0,0,0,11,11,0,0,11,0.0,0.0,0.0,0.0,0.0,1.0,-1
"G[1,1](((Hgb <= 14.198 | Hct <= 40.501) -> WBC >= 0.307) & Platelets >= 4.600)
",-40.501,-40.501,0.000,1.000,0.000,0,0,1,10,10,1,1,10,0.0,0.0,1.0,0.0,0.0,1.0,1
"G[1,2](((Potassium <= 1.470 & WBC <= 2.291) | Fibrinogen >= 0.225) & HCO3 <= 1.345)
",9999999.000,9999999.000,0.000,1.000,0.000,0,0,11,0,0,11,11,0,0.0,0.0,1.0,0.0,0.0,1.0,1
"G[1,2](((Platelets >= 7.965 | Alkalinephos <= 0.000) & Bilirubin_total <= 0.000) | Phosphate >= 0.000)
",9999999.000,9999999.000,0.000,1.000,0.000,0,0,11,0,0,11,11,0,0.0,0.0,1.0,0.0,0.0,1.0,1
"G[1,2]((Magnesium <= 1.205 -> WBC <= 3.346) & SBP >= 0.347)
",9999999.000,9999999.000,0.000,1.000,0.000,0,0,11,0,0,11,11,0,0.0,0.0,1.0,0.0,0.0,1.0,1
"G[2,2](Resp >= 9.981 & BaseExcess <= 0.000)
",-9.981,-9.981,0.000,1.000,0.000,0,0,11,0,0,11,11,0,0.0,0.0,1.0,0.0,0.0,1.0,1
"G[1,2](((EtCO2 >= 0.000 & WBC <= 0.888) -> Bilirubin_direct <= 3.407) & Resp <= 5.343)
",9999999.000,9999999.000,0.000,1.000,0.000,0,0,5,6,6,5,5,6,0.0,0.0,1.0,0.0,0.0,1.0,1
"G[1,2](((Glucose >= 15.220 & Fibrinogen >= 0.000) & Platelets >= 0.000) -> PTT <= 0.000)
",9999999.000,9999999.000,0.000,1.000,0.000,0,0,11,0,0,11,11,0,0.0,0.0,1.0,0.0,0.0,1.0,1
"G[0,0]((Creatinine >= 0.057 & HR <= 92.204) & Creatinine >= 19.812)
",-37441.796,-37441.796,0.000,1.000,0.000,0,0,0,11,11,0,0,11,0.0,0.0,0.0,0.0,0.0,1.0,1
"G[0,1](BUN <= 5.140 & Creatinine >= 0.001)
",9999999.000,9999999.000,0.000,1.000,0.000,0,0,0,11,11,0,0,11,0.0,0.0,0.0,0.0,0.0,1.0,1
"G[1,2]((Creatinine >= 0.040 & Bilirubin_total >= 0.000) -> Platelets >= 0.000)
",9999999.000,9999999.000,0.000,1.000,0.000,0,0,11,0,0,11,11,0,0.0,0.0,1.0,0.0,0.0,1.0,1
"G[1,2](BaseExcess >= 0.000 & Creatinine >= 0.036)
",9999999.000,9999999.000,0.000,1.000,0.000,0,0,1,10,10,1,1,10,0.0,0.0,1.0,0.0,0.0,1.0,1
"G[1,2](Platelets <= 136.423 -> WBC >= 0.296)
",9999999.000,9999999.000,0.000,1.000,0.000,0,0,1,10,10,1,1,10,0.0,0.0,1.0,0.0,0.0,1.0,1
"G[2,2]((Bilirubin_direct >= 0.000 & EtCO2 <= 0.000) & AST >= 0.000)
",0.000,0.000,0.000,1.000,0.000,0,0,11,0,0,11,11,0,0.0,0.0,1.0,0.0,0.0,1.0,1
"G[0,2](SaO2 <= 0.000 | Platelets >= 6.614)
",9999999.000,9999999.000,0.000,1.000,0.000,0,0,11,0,0,11,11,0,0.0,0.0,1.0,0.0,0.0,1.0,1
"G[1,2]((SBP >= 30.741 | Glucose <= 122.927) & Fibrinogen <= 74.058)
",9999999.000,9999999.000,0.000,1.000,0.000,0,0,11,0,0,11,11,0,0.0,0.0,1.0,0.0,0.0,1.0,1
"G[0,2](BUN <= 15.094 & Creatinine >= 0.016)
",9999999.000,9999999.000,0.000,1.000,0.000,0,0,0,11,11,0,0,11,0.0,0.0,0.0,0.0,0.0,1.0,1
"G[1,2](Chloride >= 0.000 & HCO3 >= 0.000)
",9999999.000,9999999.000,0.000,1.000,0.000,0,0,11,0,0,11,11,0,0.0,0.0,1.0,0.0,0.0,1.0,1
"G[1,1](Platelets <= 111.363 -> WBC >= 0.336)
",-7836460008059154.000,-111.363,0.000,1.000,0.000,0,0,1,10,10,1,1,10,0.0,0.0,1.0,0.0,0.0,1.0,1
"G[1,2](Calcium >= 0.101 & BaseExcess >= 0.000)
",9999999.000,9999999.000,0.000,1.000,0.000,0,0,1,10,10,1,1,10,0.0,0.0,1.0,0.0,0.0,1.0,1
"G[0,2]((FiO2 >= 0.000 & PTT <= 0.000) -> DBP <= 0.000)
",9999999.000,9999999.000,0.000,1.000,0.000,0,0,0,11,11,0,0,11,0.0,0.0,0.0,0.0,0.0,1.0,1
"G[0,2](((Fibrinogen >= 0.000 & HCO3 >= 0.000) | Calcium <= 0.000) | SaO2 <= 0.000)
",9999999.000,9999999.000,0.000,1.000,0.000,0,0,11,0,0,11,11,0,0.0,0.0,1.0,0.0,0.0,1.0,1
"G[0,1](((Hgb <= 2.723 | Hct <= 21.329) -> WBC >= 0.333) & Platelets >= 6.462)
",9999999.000,9999999.000,0.000,1.000,0.000,0,0,0,11,11,0,0,11,0.0,0.0,0.0,0.0,0.0,1.0,1
"G[2,2](((Calcium >= 0.059 & SBP <= 162.097) & Phosphate <= 152.379) | O2Sat <= 161.117)
",161.117,161.117,0.000,1.000,0.000,0,0,11,0,0,11,11,0,0.0,0.0,1.0,0.0,0.0,1.0,1
"G[2,2]((BaseExcess >= 0.000 -> TroponinI >= 0.001) | WBC >= 0.001)
",0.000,0.000,0.000,1.000,0.000,0,0,11,0,0,11,11,0,0.0,0.0,1.0,0.0,0.0,1.0,1
"G[0,2](Platelets <= 140.961 -> WBC >= 0.205)
",9999999.000,9999999.000,0.000,1.000,0.000,0,0,0,11,11,0,0,11,0.0,0.0,0.0,0.0,0.0,1.0,1
"G[1,2]((SaO2 >= 0.000 | HR <= 93.775) | Fibrinogen <= 98.116)
",9999999.000,9999999.000,0.000,1.000,0.000,0,0,11,0,0,11,11,0,0.0,0.0,1.0,0.0,0.0,1.0,1
"G[0,2](((Hgb <= 13.999 | Hct <= 3.192) -> WBC >= 0.199) & Platelets >= 6.482)
",9999999.000,9999999.000,0.000,1.000,0.000,0,0,0,11,11,0,0,11,0.0,0.0,0.0,0.0,0.0,1.0,1
"G[0,2](Bilirubin_direct <= 0.000 & pH >= 0.000)
",9999999.000,9999999.000,0.000,1.000,0.000,0,0,11,0,0,11,11,0,0.0,0.0,1.0,0.0,0.0,1.0,1
"G[0,1](BaseExcess >= 0.000 & Temp >= 3.687)
",9999999.000,9999999.000,0.000,1.000,0.000,0,0,0,11,11,0,0,11,0.0,0.0,0.0,0.0,0.0,1.0,1
"G[1,2](Creatinine <= 1.633 & Magnesium >= 0.061)
",9999999.000,9999999.000,0.000,1.000,0.000,0,0,1,10,10,1,1,10,0.0,0.0,1.0,0.0,0.0,1.0,1
"G[1,2](((Phosphate >= 0.084 & Platelets >= 4.882) | EtCO2 >= 2.896) -> O2Sat <= 141.878)
",9999999.000,9999999.000,0.000,1.000,0.000,0,0,11,0,0,11,11,0,0.0,0.0,1.0,0.0,0.0,1.0,1
"G[1,2](((Glucose >= 13.024 -> O2Sat >= 31.330) -> FiO2 >= 62.443) -> PaCO2 >= 37.088)
",9999999.000,9999999.000,0.000,1.000,0.000,0,0,11,0,0,11,11,0,0.0,0.0,1.0,0.0,0.0,1.0,1
"G[0,2](Calcium <= 4.282 -> Glucose <= 131.687)
",9999999.000,9999999.000,0.000,1.000,0.000,0,0,9,2,2,9,9,2,0.0,0.0,1.0,0.0,0.0,1.0,1
"G[1,2](((Phosphate >= 0.027 | Resp <= 21.118) | Fibrinogen >= 9.932) -> Alkalinephos >= 1.428)
",9999999.000,9999999.000,0.000,1.000,0.000,0,0,2,9,9,2,2,9,0.0,0.0,1.0,0.0,0.0,1.0,1
"G[2,2]((Glucose >= 23.485 -> SBP >= 54.934) | O2Sat <= 142.797)
",142.797,142.797,0.000,1.000,0.000,0,0,11,0,0,11,11,0,0.0,0.0,1.0,0.0,0.0,1.0,1
"G[1,2]((Resp >= 4.554 & TroponinI <= 0.014) -> Hct <= 0.008)
",9999999.000,9999999.000,0.000,1.000,0.000,0,0,11,0,0,11,11,0,0.0,0.0,1.0,0.0,0.0,1.0,1
"G[2,2]((Resp <= 20.832 | SBP >= 35.722) & HCO3 <= 154.202)
",5863727413850130.000,20.832,0.000,1.000,0.000,0,0,11,0,0,11,11,0,0.0,0.0,1.0,0.0,0.0,1.0,1
"G[0,2](((Hgb <= 5.259 -> TroponinI <= 0.007) -> Glucose <= 0.011) & FiO2 >= 0.001)
",9999999.000,9999999.000,0.000,1.000,0.000,0,0,0,11,11,0,0,11,0.0,0.0,0.0,0.0,0.0,1.0,1
"G[1,2](((Phosphate <= 2.491 -> TroponinI >= 0.001) | EtCO2 >= 0.001) | Creatinine >= 9.131733834666589e-05)
",9999999.000,9999999.000,0.000,1.000,0.000,0,0,2,9,9,2,2,9,0.0,0.0,1.0,0.0,0.0,1.0,1
"G[0,2](((Glucose >= 10.513 | HR <= 96.609) | Chloride >= 70.652) -> HCO3 <= 90.838)
",9999999.000,9999999.000,0.000,1.000,0.000,0,0,11,0,0,11,11,0,0.0,0.0,1.0,0.0,0.0,1.0,1
"G[1,2](((Magnesium <= 0.614 & O2Sat >= 53.053) & Fibrinogen <= 99.464) | Platelets >= 22.111)
",9999999.000,9999999.000,0.000,1.000,0.000,0,0,11,0,0,11,11,0,0.0,0.0,1.0,0.0,0.0,1.0,1
"G[0,2](Hct >= 0.487 -> O2Sat <= 91.083)
",9999999.000,9999999.000,0.000,1.000,0.000,0,0,10,1,1,10,10,1,0.0,0.0,1.0,0.0,0.0,1.0,1
"G[0,2](MAP <= 120.447 | SBP <= 144.113)
",9999999.000,9999999.000,0.000,1.000,0.000,0,0,8,3,3,8,8,3,0.0,0.0,1.0,0.0,0.0,1.0,1
"G[2,2]((Resp >= 11.101 | Alkalinephos >= 0.000) -> EtCO2 <= 0.000)
",0.000,0.000,0.000,1.000,0.000,0,0,11,0,0,11,11,0,0.0,0.0,1.0,0.0,0.0,1.0,1
"G[1,2](Hct < 34.441 -> SepsisLabel = 0.000)
",9999999.000,9999999.000,0.000,1.000,0.000,0,0,11,0,0,11,11,0,0.0,0.0,1.0,0.0,0.0,1.0,1
"G[0,2](AST <= 0.000 -> Fibrinogen >= 0.000)
",9999999.000,9999999.000,0.000,1.000,0.000,0,0,11,0,0,11,11,0,0.0,0.0,1.0,0.0,0.0,1.0,1
"G[1,2]((SaO2 <= 0.000 & FiO2 <= 0.000) -> Lactate >= 0.000)
",9999999.000,9999999.000,0.000,1.000,0.000,0,0,11,0,0,11,11,0,0.0,0.0,1.0,0.0,0.0,1.0,1
"G[1,2](DBP >= 17.112 | PaCO2 <= 0.000)
",9999999.000,9999999.000,0.000,1.000,0.000,0,0,11,0,0,11,11,0,0.0,0.0,1.0,0.0,0.0,1.0,1
"G[2,2]((Alkalinephos <= 0.000 | FiO2 <= 0.000) & BUN >= 0.000)
",0.000,0.000,0.000,1.000,0.000,0,0,11,0,0,11,11,0,0.0,0.0,1.0,0.0,0.0,1.0,1
"G[2,2]((Fibrinogen >= 0.000 -> Glucose >= 2.397) & Lactate >= 0.896)
",-0.896,-0.896,0.000,1.000,0.000,0,0,11,0,0,11,11,0,0.0,0.0,1.0,0.0,0.0,1.0,1
"G[0,1]((PTT >= 0.000 -> DBP <= 91.913) & Lactate >= 9.383)
",9999999.000,9999999.000,0.000,1.000,0.000,0,0,0,11,11,0,0,11,0.0,0.0,0.0,0.0,0.0,1.0,1
"G[0,1](((Bilirubin_total <= 0.000 -> Glucose <= 38.913) | Magnesium >= 12.571) -> Glucose >= 14.635)
",9999999.000,9999999.000,0.000,1.000,0.000,0,0,0,11,11,0,0,11,0.0,0.0,0.0,0.0,0.0,1.0,1
"G[2,2](Hgb >= 0.137 & pH >= 0.000)
",-0.137,-0.137,0.000,1.000,0.000,0,0,11,0,0,11,11,0,0.0,0.0,1.0,0.0,0.0,1.0,1
"G[2,2]((Glucose <= 121.961 -> Resp <= 23.765) & Phosphate >= 0.657)
",-121.961,-121.961,0.000,1.000,0.000,0,0,11,0,0,11,11,0,0.0,0.0,1.0,0.0,0.0,1.0,1
"G[2,2]((Hct >= 1.465 -> Phosphate >= 0.144) -> TroponinI <= 0.324)
",-0.324,-0.324,0.000,1.000,0.000,0,0,11,0,0,11,11,0,0.0,0.0,1.0,0.0,0.0,1.0,1
"G[1,2](((Creatinine <= 0.707 | Potassium <= 1.015) & Calcium >= 0.159) | Resp <= 0.521)
",9999999.000,9999999.000,0.000,1.000,0.000,0,0,5,6,6,5,5,6,0.0,0.0,1.0,0.0,0.0,1.0,1
"G[0,2](Resp >= 12.975 -> MAP <= 116.825)
",9999999.000,9999999.000,0.000,1.000,0.000,0,0,9,2,2,9,9,2,0.0,0.0,1.0,0.0,0.0,1.0,1
"G[0,2]((Lactate <= 0.000 | Magnesium >= 0.047) & Potassium >= 0.040)
",9999999.000,9999999.000,0.000,1.000,0.000,0,0,0,11,11,0,0,11,0.0,0.0,0.0,0.0,0.0,1.0,1
"F[1,1](((HR <= 94.291 | AST >= 0.000) & TroponinI >= 0.000) | Lactate <= 0.000)
",0.000,0.000,0.000,0.000,1.000,0,0,0,11,11,0,0,11,0.0,0.0,0.0,0.0,0.0,1.0,-1
"G[1,2]((HCO3 <= 0.000 -> Temp <= 20.757) & SaO2 >= 4.357)
",9999999.000,9999999.000,0.000,1.000,0.000,0,0,1,10,10,1,1,10,0.0,0.0,1.0,0.0,0.0,1.0,1
"G[0,2]((AST <= 0.000 | WBC <= 5.883) | pH >= 0.089)
",9999999.000,9999999.000,0.000,1.000,0.000,0,0,11,0,0,11,11,0,0.0,0.0,1.0,0.0,0.0,1.0,1
"G[1,2](((BUN <= 9.459 | TroponinI <= 0.012) -> BUN <= 0.002) -> SaO2 <= 0.004)
",9999999.000,9999999.000,0.000,1.000,0.000,0,0,11,0,0,11,11,0,0.0,0.0,1.0,0.0,0.0,1.0,1
"G[0,2](((EtCO2 >= 0.000 & Hgb >= 0.438) & Chloride >= 0.311) & SaO2 <= 6.596)
",9999999.000,9999999.000,0.000,1.000,0.000,0,0,0,11,11,0,0,11,0.0,0.0,0.0,0.0,0.0,1.0,1
"G[1,2]((Resp <= 15.524 | SaO2 <= 0.000) & Hct <= 0.000)
",9999999.000,9999999.000,0.000,1.000,0.000,0,0,11,0,0,11,11,0,0.0,0.0,1.0,0.0,0.0,1.0,1
"G[0,2](Chloride <= 0.000 | Bilirubin_total <= 0.000)
",9999999.000,9999999.000,0.000,1.000,0.000,0,0,11,0,0,11,11,0,0.0,0.0,1.0,0.0,0.0,1.0,1
"G[0,2](Phosphate >= 0.140 & Bilirubin_direct >= 0.000)
",9999999.000,9999999.000,0.000,1.000,0.000,0,0,0,11,11,0,0,11,0.0,0.0,0.0,0.0,0.0,1.0,1
"G[0,2]((Glucose >= 6.040 -> Lactate <= 0.000) | PaCO2 <= 0.000)
",9999999.000,9999999.000,0.000,1.000,0.000,0,0,11,0,0,11,11,0,0.0,0.0,1.0,0.0,0.0,1.0,1
"G[1,2]((SBP <= 160.165 & O2Sat >= 74.329) -> Hgb >= 55.156)
",9999999.000,9999999.000,0.000,1.000,0.000,0,0,3,8,8,3,3,8,0.0,0.0,1.0,0.0,0.0,1.0,1
"G[0,1](((SepsisLabel >= 0.000 & Bilirubin_direct <= 0.000) | Hgb >= 0.000) & O2Sat <= 0.000)
",9999999.000,9999999.000,0.000,1.000,0.000,0,0,0,11,11,0,0,11,0.0,0.0,0.0,0.0,0.0,1.0,1
"G[2,2]((Resp <= 23.621 & O2Sat >= 79.946) & Fibrinogen <= 92.822)
",-79.946,-79.946,0.000,1.000,0.000,0,0,11,0,0,11,11,0,0.0,0.0,1.0,0.0,0.0,1.0,1
"G[0,2](((Fibrinogen >= 0.000 | SepsisLabel >= 0.000) & Resp <= 0.000) | Alkalinephos <= 0.000)
",9999999.000,9999999.000,0.000,1.000,0.000,0,0,11,0,0,11,11,0,0.0,0.0,1.0,0.0,0.0,1.0,1
"G[1,2](((Hgb <= 2.298 | Hct <= 26.846) -> WBC >= 0.203) & Platelets >= 0.321)
",9999999.000,9999999.000,0.000,1.000,0.000,0,0,1,10,10,1,1,10,0.0,0.0,1.0,0.0,0.0,1.0,1
"G[0,2](((Temp >= 4.365 & MAP >= 43.134) -> DBP <= 121.570) & Chloride >= 60.922)
",9999999.000,9999999.000,0.000,1.000,0.000,0,0,0,11,11,0,0,11,0.0,0.0,0.0,0.0,0.0,1.0,1
"G[1,2](BUN <= 5.398 & Creatinine >= 0.041)
",9999999.000,9999999.000,0.000,1.000,0.000,0,0,1,10,10,1,1,10,0.0,0.0,1.0,0.0,0.0,1.0,1
"G[0,2](BUN <= 13.590 & Creatinine >= 0.010)
",9999999.000,9999999.000,0.000,1.000,0.000,0,0,0,11,11,0,0,11,0.0,0.0,0.0,0.0,0.0,1.0,1
"G[2,2](((DBP >= 40.256 | PTT >= 0.000) -> Hgb <= 0.000) | SBP <= 0.000)
",0.000,0.000,0.000,1.000,0.000,0,0,11,0,0,11,11,0,0.0,0.0,1.0,0.0,0.0,1.0,1
"G[0,2]((Phosphate >= 0.074 & SaO2 <= 0.000) & MAP >= 0.000)
",9999999.000,9999999.000,0.000,1.000,0.000,0,0,0,11,11,0,0,11,0.0,0.0,0.0,0.0,0.0,1.0,1
"G[1,1]((Alkalinephos >= 0.000 & Resp <= 25.338) -> HCO3 >= 8.938)
",0.000,0.000,0.000,1.000,0.000,0,0,1,10,10,1,1,10,0.0,0.0,1.0,0.0,0.0,1.0,1
"G[0,1](((PaCO2 >= 0.000 | HR >= 85.475) -> PTT >= 35.852) | FiO2 >= 22.731)
",9999999.000,9999999.000,0.000,1.000,0.000,0,0,0,11,11,0,0,11,0.0,0.0,0.0,0.0,0.0,1.0,1
"G[1,2](BUN >= 0.588 & Calcium >= 0.182)
",9999999.000,9999999.000,0.000,1.000,0.000,0,0,1,10,10,1,1,10,0.0,0.0,1.0,0.0,0.0,1.0,1
"G[1,1]((Hgb >= 0.687 & Temp <= 24.506) & HCO3 >= 0.417)
",-6190359236114733.000,-0.687,0.000,1.000,0.000,0,0,1,10,10,1,1,10,0.0,0.0,1.0,0.0,0.0,1.0,1
"G[0,2](Chloride >= 0.000 & HCO3 >= 0.000)
",9999999.000,9999999.000,0.000,1.000,0.000,0,0,11,0,0,11,11,0,0.0,0.0,1.0,0.0,0.0,1.0,1
"G[1,2](((Bilirubin_total <= 0.000 & Resp <= 22.351) | Platelets >= 0.457) | Temp >= 0.513)
",9999999.000,9999999.000,0.000,1.000,0.000,0,0,11,0,0,11,11,0,0.0,0.0,1.0,0.0,0.0,1.0,1
"G[0,2](Platelets <= 10.780 -> WBC >= 0.037)
",9999999.000,9999999.000,0.000,1.000,0.000,0,0,0,11,11,0,0,11,0.0,0.0,0.0,0.0,0.0,1.0,1
"G[1,2](((PaCO2 >= 0.000 -> pH <= 0.000) -> Temp >= 0.000) & Creatinine >= 0.000)
",9999999.000,9999999.000,0.000,1.000,0.000,0,0,11,0,0,11,11,0,0.0,0.0,1.0,0.0,0.0,1.0,1
"G[2,2](((Hgb <= 12.884 | Hct <= 36.805) -> WBC >= 0.013) & Platelets >= 0.172)
",-36.805,-36.805,0.000,1.000,0.000,0,0,11,0,0,11,11,0,0.0,0.0,1.0,0.0,0.0,1.0,1
"G[1,2]((Lactate >= 0.000 | TroponinI >= 0.001) -> SaO2 <= 0.017)
",9999999.000,9999999.000,0.000,1.000,0.000,0,0,11,0,0,11,11,0,0.0,0.0,1.0,0.0,0.0,1.0,1
"G[0,2](((BUN <= 10.442 | SaO2 <= 0.000) | HR <= 0.000) -> Resp >= 0.000)
",9999999.000,9999999.000,0.000,1.000,0.000,0,0,11,0,0,11,11,0,0.0,0.0,1.0,0.0,0.0,1.0,1
"G[0,2](((Bilirubin_total <= 0.000 & BUN <= 7.582) -> SepsisLabel >= 0.526) & Fibrinogen <= 19.494)
",9999999.000,9999999.000,0.000,1.000,0.000,0,0,0,11,11,0,0,11,0.0,0.0,0.0,0.0,0.0,1.0,1
"G[1,2](Glucose >= 25.439 & Bilirubin_total <= 0.000)
",9999999.000,9999999.000,0.000,1.000,0.000,0,0,2,9,9,2,2,9,0.0,0.0,1.0,0.0,0.0,1.0,1
"G[0,2](Magnesium <= 1.623 -> SepsisLabel >= 0.000)
",9999999.000,9999999.000,0.000,1.000,0.000,0,0,11,0,0,11,11,0,0.0,0.0,1.0,0.0,0.0,1.0,1
"G[1,1](BUN <= 18.145 & Creatinine >= 0.033)
",-4707396233099614.000,-0.033,0.000,1.000,0.000,0,0,1,10,10,1,1,10,0.0,0.0,1.0,0.0,0.0,1.0,1
"G[0,2](Calcium <= 6.920 & Phosphate <= 2.076)
",9999999.000,9999999.000,0.000,1.000,0.000,0,0,10,1,1,10,10,1,0.0,0.0,1.0,0.0,0.0,1.0,1
"G[1,2](Chloride >= 0.000 & HCO3 >= 0.000)
",9999999.000,9999999.000,0.000,1.000,0.000,0,0,11,0,0,11,11,0,0.0,0.0,1.0,0.0,0.0,1.0,1
"G[1,2](Lactate >= 0.000 | O2Sat >= 50.414)
",9999999.000,9999999.000,0.000,1.000,0.000,0,0,11,0,0,11,11,0,0.0,0.0,1.0,0.0,0.0,1.0,1
"G[1,2]((Creatinine >= 0.051 | EtCO2 <= 0.000) | EtCO2 >= 0.000)
",9999999.000,9999999.000,0.000,1.000,0.000,0,0,11,0,0,11,11,0,0.0,0.0,1.0,0.0,0.0,1.0,1
"G[0,2]((PaCO2 <= 0.000 & Resp <= 16.221) -> Magnesium >= 13.770)
",9999999.000,9999999.000,0.000,1.000,0.000,0,0,5,6,6,5,5,6,0.0,0.0,1.0,0.0,0.0,1.0,1
"G[0,1](((Hgb <= 4.047 | Hct <= 35.802) -> WBC >= 0.271) & Platelets >= 4.822)
",9999999.000,9999999.000,0.000,1.000,0.000,0,0,0,11,11,0,0,11,0.0,0.0,0.0,0.0,0.0,1.0,1
"G[0,1]((Creatinine >= 0.030 -> Phosphate <= 2.816) -> Phosphate >= 0.013)
",9999999.000,9999999.000,0.000,1.000,0.000,0,0,0,11,11,0,0,11,0.0,0.0,0.0,0.0,0.0,1.0,1
"G[2,2](BUN <= 1.406 & Creatinine >= 0.081)
",-5832163073220659.000,-0.081,0.000,1.000,0.000,0,0,11,0,0,11,11,0,0.0,0.0,1.0,0.0,0.0,1.0,1
"G[1,2]((TroponinI >= 0.001 | Creatinine <= 1.407) | Temp <= 1.537)
",9999999.000,9999999.000,0.000,1.000,0.000,0,0,11,0,0,11,11,0,0.0,0.0,1.0,0.0,0.0,1.0,1
"G[0,2](Chloride >= 0.000 & HCO3 >= 0.000)
",9999999.000,9999999.000,0.000,1.000,0.000,0,0,11,0,0,11,11,0,0.0,0.0,1.0,0.0,0.0,1.0,1
"G[0,1](Platelets <= 136.589 -> WBC >= 0.272)
",9999999.000,9999999.000,0.000,1.000,0.000,0,0,0,11,11,0,0,11,0.0,0.0,0.0,0.0,0.0,1.0,1
"G[0,1](((Hgb <= 5.337 | Hct <= 11.185) -> WBC >= 0.304) & Platelets >= 2.181)
",9999999.000,9999999.000,0.000,1.000,0.000,0,0,0,11,11,0,0,11,0.0,0.0,0.0,0.0,0.0,1.0,1
"G[1,2](((Platelets >= 7.841 | FiO2 >= 0.000) & Alkalinephos >= 0.000) & PaCO2 >= 0.000)
",9999999.000,9999999.000,0.000,1.000,0.000,0,0,11,0,0,11,11,0,0.0,0.0,1.0,0.0,0.0,1.0,1
"G[0,1](BUN <= 8.899 & Creatinine >= 0.058)
",9999999.000,9999999.000,0.000,1.000,0.000,0,0,0,11,11,0,0,11,0.0,0.0,0.0,0.0,0.0,1.0,1
"G[0,2](Chloride >= 0.000 & HCO3 >= 0.000)
",9999999.000,9999999.000,0.000,1.000,0.000,0,0,11,0,0,11,11,0,0.0,0.0,1.0,0.0,0.0,1.0,1
"G[1,2](((Temp >= 0.839 | Phosphate >= 0.112) & O2Sat >= 0.115) | HR <= 2.968)
",9999999.000,9999999.000,0.000,1.000,0.000,0,0,2,9,9,2,2,9,0.0,0.0,1.0,0.0,0.0,1.0,1
"G[0,2]((Platelets <= 137.371 | SepsisLabel <= 0.000) | Lactate <= 0.000)
",9999999.000,9999999.000,0.000,1.000,0.000,0,0,11,0,0,11,11,0,0.0,0.0,1.0,0.0,0.0,1.0,1
"G[1,2](Platelets <= 33.288 -> WBC >= 0.120)
",9999999.000,9999999.000,0.000,1.000,0.000,0,0,1,10,10,1,1,10,0.0,0.0,1.0,0.0,0.0,1.0,1
"G[0,2](((Hgb <= 5.320 | Hct <= 29.256) -> WBC >= 0.300) & Platelets >= 4.804)
",9999999.000,9999999.000,0.000,1.000,0.000,0,0,0,11,11,0,0,11,0.0,0.0,0.0,0.0,0.0,1.0,1
"G[0,2](BUN <= 9.265 & Creatinine >= 0.021)
",9999999.000,9999999.000,0.000,1.000,0.000,0,0,0,11,11,0,0,11,0.0,0.0,0.0,0.0,0.0,1.0,1
"G[2,2]((AST <= 0.000 -> FiO2 <= 0.000) -> SBP >= 0.000)
",0.000,0.000,0.000,1.000,0.000,0,0,11,0,0,11,11,0,0.0,0.0,1.0,0.0,0.0,1.0,1
"G[0,2](SaO2 >= 0.000 -> Chloride >= 0.000)
",9999999.000,9999999.000,0.000,1.000,0.000,0,0,11,0,0,11,11,0,0.0,0.0,1.0,0.0,0.0,1.0,1
"G[0,2](((Fibrinogen >= 0.000 | AST <= 0.000) & AST <= 0.000) | Fibrinogen >= 0.000)
",9999999.000,9999999.000,0.000,1.000,0.000,0,0,11,0,0,11,11,0,0.0,0.0,1.0,0.0,0.0,1.0,1
"G[0,1]((Calcium >= 0.288 | Temp <= 5.682) & Hgb >= 3.169)
",9999999.000,9999999.000,0.000,1.000,0.000,0,0,0,11,11,0,0,11,0.0,0.0,0.0,0.0,0.0,1.0,1
"G[0,2](((Phosphate >= 0.092 -> Temp <= 14.156) -> Alkalinephos >= 2.318) | Potassium <= 34.824)
",9999999.000,9999999.000,0.000,1.000,0.000,0,0,11,0,0,11,11,0,0.0,0.0,1.0,0.0,0.0,1.0,1
"G[1,2](MAP >= 1.968 | Temp >= 0.360)
",9999999.000,9999999.000,0.000,1.000,0.000,0,0,11,0,0,11,11,0,0.0,0.0,1.0,0.0,0.0,1.0,1
"G[1,2](((TroponinI <= 0.020 | Glucose <= 123.403) -> PaCO2 >= 10.547) -> PaCO2 <= 97.134)
",9999999.000,9999999.000,0.000,1.000,0.000,0,0,11,0,0,11,11,0,0.0,0.0,1.0,0.0,0.0,1.0,1
"F[0,1](((Magnesium >= 0.033 | Chloride >= 0.000) | FiO2 <= 0.000) -> WBC <= 0.000)
",-9999999.000,-9999999.000,0.000,0.000,1.000,0,0,0,11,11,0,0,11,0.0,0.0,0.0,0.0,0.0,1.0,-1
"F[1,1](Temp >= 3.045 | AST >= 0.000)
",0.000,0.000,0.000,0.000,1.000,0,0,0,11,11,0,0,11,0.0,0.0,0.0,0.0,0.0,1.0,-1
"((PTT <= 0.000) U[2,2] (PaCO2 >= 0.000))
",0.000,0.000,0.000,0.000,1.000,0,0,0,11,11,0,0,11,0.0,0.0,0.0,0.0,0.0,1.0,-1
"F[0,0]((Bilirubin_direct <= 0.000 | Platelets >= 4.459) | SaO2 >= 7.166)
",0.000,0.000,0.000,0.000,1.000,0,0,0,11,11,0,0,11,0.0,0.0,0.0,0.0,0.0,1.0,-1
"F[0,2](((HCO3 <= 0.000 | Phosphate <= 2.118) | Chloride <= 0.341) -> HR <= 0.887)
",-9999999.000,-9999999.000,0.000,0.000,1.000,0,0,0,11,11,0,0,11,0.0,0.0,0.0,0.0,0.0,1.0,-1
"((Temp <= 16.344) U[0,2] (Magnesium <= 1.603))
",-9999999.000,-9999999.000,0.000,0.000,1.000,0,0,0,11,11,0,0,11,0.0,0.0,0.0,0.0,0.0,1.0,-1
"F[0,2](SaO2 >= 0.000 & pH <= 0.000)
",-9999999.000,-9999999.000,0.000,0.000,1.000,0,0,0,11,11,0,0,11,0.0,0.0,0.0,0.0,0.0,1.0,-1
"((O2Sat >= 6.832) U[0,2] (Platelets <= 117.616))
",-9999999.000,-9999999.000,0.000,0.000,1.000,0,0,0,11,11,0,0,11,0.0,0.0,0.0,0.0,0.0,1.0,-1
"((PTT <= 0.000) U[0,2] (Hgb <= 13.834))
",-9999999.000,-9999999.000,0.000,0.000,1.000,0,0,0,11,11,0,0,11,0.0,0.0,0.0,0.0,0.0,1.0,-1
"F[0,0](FiO2 >= 0.000 | BaseExcess >= 0.000)
",0.000,0.000,0.000,0.000,1.000,0,0,0,11,11,0,0,11,0.0,0.0,0.0,0.0,0.0,1.0,-1
"F[0,2](Glucose >= 19.023 & SBP <= 142.005)
",-9999999.000,-9999999.000,0.000,0.000,1.000,0,0,0,11,11,0,0,11,0.0,0.0,0.0,0.0,0.0,1.0,-1
"G[1,2]((Bilirubin_direct <= 0.000 -> PaCO2 <= 0.000) -> Bilirubin_total <= 0.000)
",9999999.000,9999999.000,0.000,1.000,0.000,0,0,11,0,0,11,11,0,0.0,0.0,1.0,0.0,0.0,1.0,1
"G[1,2](((Bilirubin_direct <= 0.000 & Glucose >= 8.497) & Temp >= 8.748) & TroponinI >= 25.075)
",9999999.000,9999999.000,0.000,1.000,0.000,0,0,1,10,10,1,1,10,0.0,0.0,1.0,0.0,0.0,1.0,1
"G[1,2](((O2Sat >= 47.907 -> Potassium <= 3.025) & SaO2 <= 1.986) & FiO2 >= 0.021)
",9999999.000,9999999.000,0.000,1.000,0.000,0,0,1,10,10,1,1,10,0.0,0.0,1.0,0.0,0.0,1.0,1
"G[2,2](((HR <= 93.243 & Platelets <= 129.106) -> Fibrinogen <= 143.302) | PTT <= 31.070)
",31.070,31.070,0.000,1.000,0.000,0,0,11,0,0,11,11,0,0.0,0.0,1.0,0.0,0.0,1.0,1
"G[0,2]((Resp >= 8.604 & Hgb >= 0.689) | Creatinine <= 12.486)
",9999999.000,9999999.000,0.000,1.000,0.000,0,0,11,0,0,11,11,0,0.0,0.0,1.0,0.0,0.0,1.0,1
"G[0,1](((Hgb <= 0.999 | Hct <= 24.659) -> WBC >= 0.127) & Platelets >= 0.853)
",9999999.000,9999999.000,0.000,1.000,0.000,0,0,0,11,11,0,0,11,0.0,0.0,0.0,0.0,0.0,1.0,1
"G[1,1]((Calcium >= 0.121 & PaCO2 >= 0.000) & Magnesium >= 0.000)
",-0.121,-0.121,0.000,1.000,0.000,0,0,1,10,10,1,1,10,0.0,0.0,1.0,0.0,0.0,1.0,1
"G[0,2](((Bilirubin_direct >= 0.000 | SBP >= 20.393) -> Fibrinogen <= 158.689) & Phosphate <= 143.343)
",9999999.000,9999999.000,0.000,1.000,0.000,0,0,11,0,0,11,11,0,0.0,0.0,1.0,0.0,0.0,1.0,1
"G[1,2](Chloride >= 0.000 & HCO3 >= 0.000)
",9999999.000,9999999.000,0.000,1.000,0.000,0,0,11,0,0,11,11,0,0.0,0.0,1.0,0.0,0.0,1.0,1
"G[1,2](((Creatinine >= 0.006 | HCO3 >= 0.000) -> Magnesium >= 0.000) -> BUN <= 0.000)
",9999999.000,9999999.000,0.000,1.000,0.000,0,0,11,0,0,11,11,0,0.0,0.0,1.0,0.0,0.0,1.0,1
"G[1,2](Chloride >= 0.000 & HCO3 >= 0.000)
",9999999.000,9999999.000,0.000,1.000,0.000,0,0,11,0,0,11,11,0,0.0,0.0,1.0,0.0,0.0,1.0,1
"G[2,2]((Calcium <= 0.418 | AST >= 0.000) & PTT >= 0.000)
",0.000,0.000,0.000,1.000,0.000,0,0,11,0,0,11,11,0,0.0,0.0,1.0,0.0,0.0,1.0,1
"G[1,2](Creatinine <= 1.402 -> Resp <= 24.694)
",9999999.000,9999999.000,0.000,1.000,0.000,0,0,11,0,0,11,11,0,0.0,0.0,1.0,0.0,0.0,1.0,1
"G[2,2](((WBC <= 3.201 & Glucose >= 0.179) & Fibrinogen >= 3.957) | Creatinine >= 18.067)
",-3.957,-3.957,0.000,1.000,0.000,0,0,11,0,0,11,11,0,0.0,0.0,1.0,0.0,0.0,1.0,1
"G[0,2](Fibrinogen >= 0.000 & SepsisLabel = 0.000)
",9999999.000,9999999.000,0.000,1.000,0.000,0,0,11,0,0,11,11,0,0.0,0.0,1.0,0.0,0.0,1.0,1
"((HCO3 >= 0.000) U[2,2] (SaO2 <= 0.000))
",0.000,0.000,0.000,0.000,1.000,0,0,0,11,11,0,0,11,0.0,0.0,0.0,0.0,0.0,1.0,-1
"G[0,2](((HR >= 68.080 & HCO3 <= 0.000) | MAP <= 0.000) | Temp <= 0.000)
",9999999.000,9999999.000,0.000,1.000,0.000,0,0,11,0,0,11,11,0,0.0,0.0,1.0,0.0,0.0,1.0,1
"F[0,1](SaO2 >= 0.000 -> PTT >= 0.000)
",-9999999.000,-9999999.000,0.000,0.000,1.000,0,0,0,11,11,0,0,11,0.0,0.0,0.0,0.0,0.0,1.0,-1
"F[1,1]((Alkalinephos >= 0.000 & Fibrinogen >= 0.000) -> Hgb <= 0.000)
",0.000,0.000,0.000,0.000,1.000,0,0,0,11,11,0,0,11,0.0,0.0,0.0,0.0,0.0,1.0,-1
"F[0,2]((Resp >= 0.124 | MAP <= 121.429) -> Lactate >= 80.875)
",-9999999.000,-9999999.000,0.000,0.000,1.000,0,0,0,11,11,0,0,11,0.0,0.0,0.0,0.0,0.0,1.0,-1
"F[1,1](SaO2 <= 0.000 | Magnesium <= 0.160)
",0.160,0.160,0.000,0.000,1.000,0,0,0,11,11,0,0,11,0.0,0.0,0.0,0.0,0.0,1.0,-1
"F[1,2](((HCO3 <= 0.000 -> Lactate >= 0.000) & Creatinine <= 0.000) | BaseExcess >= 0.000)
",-9999999.000,-9999999.000,0.000,0.000,1.000,0,0,0,11,11,0,0,11,0.0,0.0,0.0,0.0,0.0,1.0,-1
"((Phosphate <= 0.327) U[2,2] (Alkalinephos <= 0.000))
",0.327,0.327,0.000,0.000,1.000,0,0,0,11,11,0,0,11,0.0,0.0,0.0,0.0,0.0,1.0,-1
"F[1,1](((Platelets >= 0.808 | WBC >= 0.251) & TroponinI <= 7.062) -> Lactate >= 0.036)
",5188284570909606.000,0.036,0.000,0.000,1.000,0,0,0,11,11,0,0,11,0.0,0.0,0.0,0.0,0.0,1.0,-1
"F[1,2](DBP <= 102.900 & Potassium <= 1.478)
",-9999999.000,-9999999.000,0.000,0.000,1.000,0,0,0,11,11,0,0,11,0.0,0.0,0.0,0.0,0.0,1.0,-1
"((Creatinine >= 0.038) U[0,1] (Hct <= 2.724))
",-9999999.000,-9999999.000,0.000,0.000,1.000,0,0,0,11,11,0,0,11,0.0,0.0,0.0,0.0,0.0,1.0,-1
"((Chloride <= 0.000) U[1,2] (Hgb <= 1.266))
",-9999999.000,-9999999.000,0.000,0.000,1.000,0,0,0,11,11,0,0,11,0.0,0.0,0.0,0.0,0.0,1.0,-1
"((TroponinI >= 0.000) U[1,2] (Temp >= 1.493))
",-9999999.000,-9999999.000,0.000,0.000,1.000,0,0,0,11,11,0,0,11,0.0,0.0,0.0,0.0,0.0,1.0,-1
"((Resp >= 5.145) U[0,1] (PTT <= 0.000))
",-9999999.000,-9999999.000,0.000,0.000,1.000,0,0,0,11,11,0,0,11,0.0,0.0,0.0,0.0,0.0,1.0,-1
"((PaCO2 >= 0.000) U[1,1] (Bilirubin_total <= 0.000))
",0.000,0.000,0.000,0.000,1.000,0,0,0,11,11,0,0,11,0.0,0.0,0.0,0.0,0.0,1.0,-1
"F[0,2]((SaO2 >= 0.000 | Creatinine <= 1.005) & Calcium <= 1.550)
",-9999999.000,-9999999.000,0.000,0.000,1.000,0,0,0,11,11,0,0,11,0.0,0.0,0.0,0.0,0.0,1.0,-1
"F[0,0](MAP <= 118.433 -> Chloride <= 0.000)
",0.000,0.000,0.000,0.000,1.000,0,0,0,11,11,0,0,11,0.0,0.0,0.0,0.0,0.0,1.0,-1
"F[1,1](pH >= 0.000 -> SaO2 >= 0.000)
",0.000,0.000,0.000,0.000,1.000,0,0,0,11,11,0,0,11,0.0,0.0,0.0,0.0,0.0,1.0,-1
"F[1,2](Potassium >= 0.137 | AST >= 0.000)
",-9999999.000,-9999999.000,0.000,0.000,1.000,0,0,0,11,11,0,0,11,0.0,0.0,0.0,0.0,0.0,1.0,-1
"((Glucose >= 13.938) U[0,2] (Chloride <= 0.000))
",-9999999.000,-9999999.000,0.000,0.000,1.000,0,0,0,11,11,0,0,11,0.0,0.0,0.0,0.0,0.0,1.0,-1
"F[1,1](((WBC <= 3.870 & SaO2 <= 0.000) -> Hgb <= 0.000) & WBC <= 0.000)
",0.000,0.000,0.000,0.000,1.000,0,0,0,11,11,0,0,11,0.0,0.0,0.0,0.0,0.0,1.0,-1
"F[1,2]((Hct >= 0.706 & Phosphate >= 0.124) | Bilirubin_direct <= 1.182)
",-9999999.000,-9999999.000,0.000,0.000,1.000,0,0,0,11,11,0,0,11,0.0,0.0,0.0,0.0,0.0,1.0,-1
"((BaseExcess <= 0.000) U[1,2] (BUN <= 10.725))
",-9999999.000,-9999999.000,0.000,0.000,1.000,0,0,0,11,11,0,0,11,0.0,0.0,0.0,0.0,0.0,1.0,-1
"F[0,2](Resp <= 15.262 & Fibrinogen >= 0.000)
",-9999999.000,-9999999.000,0.000,0.000,1.000,0,0,0,11,11,0,0,11,0.0,0.0,0.0,0.0,0.0,1.0,-1
"F[0,0]((O2Sat <= 95.708 & Hgb <= 2.451) -> PaCO2 <= 3.520)
",-3.520,-3.520,0.000,0.000,1.000,0,0,0,11,11,0,0,11,0.0,0.0,0.0,0.0,0.0,1.0,-1
"F[2,2]((Hgb >= 0.555 -> Fibrinogen <= 0.000) | Platelets >= 0.000)
",0.000,0.000,0.000,0.000,1.000,0,0,0,11,11,0,0,11,0.0,0.0,0.0,0.0,0.0,1.0,-1
"((Hct <= 15.838) U[2,2] (HR <= 99.221))
",6982030522860926.000,99.221,0.000,0.000,1.000,0,0,0,11,11,0,0,11,0.0,0.0,0.0,0.0,0.0,1.0,-1
"F[1,1](((Hct >= 0.700 -> SepsisLabel >= 0.000) -> SBP <= 0.000) -> Chloride <= 0.000)
",0.000,0.000,0.000,0.000,1.000,0,0,0,11,11,0,0,11,0.0,0.0,0.0,0.0,0.0,1.0,-1
"F[0,1]((Magnesium <= 1.526 | BUN <= 16.295) | BaseExcess >= 0.842)
",-9999999.000,-9999999.000,0.000,0.000,1.000,0,0,0,11,11,0,0,11,0.0,0.0,0.0,0.0,0.0,1.0,-1
"G[1,2](FiO2 >= 0.000 | BaseExcess >= 0.000)
",9999999.000,9999999.000,0.000,1.000,0.000,0,0,11,0,0,11,11,0,0.0,0.0,1.0,0.0,0.0,1.0,1
"G[1,1]((Bilirubin_total >= 0.000 & Phosphate >= 0.123) & WBC >= 0.012)
",-0.123,-0.123,0.000,1.000,0.000,0,0,1,10,10,1,1,10,0.0,0.0,1.0,0.0,0.0,1.0,1
"G[2,2]((MAP <= 126.983 -> DBP >= 10.034) & Temp <= 101.016)
",-8935612897388758.000,-126.983,0.000,1.000,0.000,0,0,11,0,0,11,11,0,0.0,0.0,1.0,0.0,0.0,1.0,1
"G[0,2]((SaO2 <= 0.000 | Chloride >= 0.000) -> SaO2 <= 0.000)
",9999999.000,9999999.000,0.000,1.000,0.000,0,0,11,0,0,11,11,0,0.0,0.0,1.0,0.0,0.0,1.0,1
"G[1,2](((SepsisLabel <= 0.000 & Bilirubin_total >= 0.000) | pH <= 0.000) | MAP <= 0.000)
",9999999.000,9999999.000,0.000,1.000,0.000,0,0,11,0,0,11,11,0,0.0,0.0,1.0,0.0,0.0,1.0,1
"G[1,2](Resp > 0.450 -> SepsisLabel = 0.000)
",9999999.000,9999999.000,0.000,1.000,0.000,0,0,11,0,0,11,11,0,0.0,0.0,1.0,0.0,0.0,1.0,1
"G[2,2]((Magnesium <= 1.076 | BUN <= 4.001) | BaseExcess <= 9.040)
",9.040,9.040,0.000,1.000,0.000,0,0,11,0,0,11,11,0,0.0,0.0,1.0,0.0,0.0,1.0,1
"G[0,2](((AST >= 0.000 -> HR >= 75.721) | Platelets >= 86.392) | Magnesium >= 32.987)
",9999999.000,9999999.000,0.000,1.000,0.000,0,0,10,1,1,10,10,1,0.0,0.0,1.0,0.0,0.0,1.0,1
"G[2,2](((DBP <= 89.746 | O2Sat >= 68.226) & Platelets <= 93.071) | Fibrinogen <= 90.682)
",90.682,90.682,0.000,1.000,0.000,0,0,11,0,0,11,11,0,0.0,0.0,1.0,0.0,0.0,1.0,1
"G[1,1](Potassium >= 0.152 | Creatinine >= 0.073)
",-5239546247109278.000,-0.073,0.000,1.000,0.000,0,0,1,10,10,1,1,10,0.0,0.0,1.0,0.0,0.0,1.0,1
"G[0,2](((EtCO2 <= 0.000 -> PTT >= 0.000) -> Bilirubin_total <= 0.000) -> FiO2 >= 0.000)
",9999999.000,9999999.000,0.000,1.000,0.000,0,0,11,0,0,11,11,0,0.0,0.0,1.0,0.0,0.0,1.0,1
"G[1,2](((Hgb <= 4.807 & Resp >= 4.330) -> Calcium >= 5.728) | Bilirubin_direct >= 11.576)
",9999999.000,9999999.000,0.000,1.000,0.000,0,0,5,6,6,5,5,6,0.0,0.0,1.0,0.0,0.0,1.0,1
"G[0,2]((TroponinI >= 0.001 -> SBP <= 145.041) & PTT <= 151.586)
",9999999.000,9999999.000,0.000,1.000,0.000,0,0,9,2,2,9,9,2,0.0,0.0,1.0,0.0,0.0,1.0,1
"G[2,2](((DBP <= 106.335 & Bilirubin_total >= 0.000) -> Phosphate <= 0.000) & Hct <= 0.000)
",0.000,0.000,0.000,1.000,0.000,0,0,11,0,0,11,11,0,0.0,0.0,1.0,0.0,0.0,1.0,1
"G[0,2](Chloride <= 0.000 -> AST <= 0.000)
",9999999.000,9999999.000,0.000,1.000,0.000,0,0,11,0,0,11,11,0,0.0,0.0,1.0,0.0,0.0,1.0,1
"G[1,2](((TroponinI <= 0.016 | BUN <= 7.448) | Fibrinogen <= 17.054) & Lactate <= 11.030)
",9999999.000,9999999.000,0.000,1.000,0.000,0,0,11,0,0,11,11,0,0.0,0.0,1.0,0.0,0.0,1.0,1
"G[2,2]((SaO2 <= 0.000 & HR <= 98.457) & SepsisLabel >= 75.326)
",-75.326,-75.326,0.000,1.000,0.000,0,0,11,0,0,11,11,0,0.0,0.0,1.0,0.0,0.0,1.0,1
"G[0,2]((Temp >= 4.681 & O2Sat >= 33.658) & Creatinine >= 51.130)
",9999999.000,9999999.000,0.000,1.000,0.000,0,0,0,11,11,0,0,11,0.0,0.0,0.0,0.0,0.0,1.0,1
"G[1,2](Phosphate >= 0.150 & Hct >= 0.222)
",9999999.000,9999999.000,0.000,1.000,0.000,0,0,1,10,10,1,1,10,0.0,0.0,1.0,0.0,0.0,1.0,1
"G[1,2](Creatinine <= 0.402 -> O2Sat >= 84.096)
",9999999.000,9999999.000,0.000,1.000,0.000,0,0,11,0,0,11,11,0,0.0,0.0,1.0,0.0,0.0,1.0,1
"G[0,2](((O2Sat >= 55.335 & Platelets >= 3.570) -> Phosphate <= 42.483) | Potassium >= 2.343)
",9999999.000,9999999.000,0.000,1.000,0.000,0,0,11,0,0,11,11,0,0.0,0.0,1.0,0.0,0.0,1.0,1
"G[0,2](((Hgb <= 14.435 & O2Sat <= 93.234) | Creatinine <= 90.737) | Hct >= 25.939)
",9999999.000,9999999.000,0.000,1.000,0.000,0,0,11,0,0,11,11,0,0.0,0.0,1.0,0.0,0.0,1.0,1
"G[0,2]((DBP <= 103.164 & HR <= 104.954) & Calcium <= 97.319)
",9999999.000,9999999.000,0.000,1.000,0.000,0,0,9,2,2,9,9,2,0.0,0.0,1.0,0.0,0.0,1.0,1
"G[0,2]((Hct <= 37.455 & MAP >= 29.458) & HR >= 93.575)
",9999999.000,9999999.000,0.000,1.000,0.000,0,0,3,8,8,3,3,8,0.0,0.0,1.0,0.0,0.0,1.0,1
"G[0,2](DBP >= 81.973 | Hgb >= 0.404)
",9999999.000,9999999.000,0.000,1.000,0.000,0,0,10,1,1,10,10,1,0.0,0.0,1.0,0.0,0.0,1.0,1
"G[2,2](DBP <= 95.073 | Hct <= 34.840)
",95.073,95.073,0.000,1.000,0.000,0,0,11,0,0,11,11,0,0.0,0.0,1.0,0.0,0.0,1.0,1
"G[0,2]((Creatinine <= 0.308 -> DBP >= 86.066) & O2Sat <= 96.498)
",9999999.000,9999999.000,0.000,1.000,0.000,0,0,5,6,6,5,5,6,0.0,0.0,1.0,0.0,0.0,1.0,1
"G[1,1](Calcium >= 0.001 & DBP <= 92.957)
",-6122589947807466.000,-0.001,0.000,1.000,0.000,0,0,1,10,10,1,1,10,0.0,0.0,1.0,0.0,0.0,1.0,1
"G[1,2](((HR >= 56.804 & O2Sat <= 98.002) & Hct >= 30.020) & PaCO2 <= 94.653)
",9999999.000,9999999.000,0.000,1.000,0.000,0,0,1,10,10,1,1,10,0.0,0.0,1.0,0.0,0.0,1.0,1
"G[0,2]((DBP <= 98.527 | SBP <= 142.244) | SepsisLabel <= 139.951)
",9999999.000,9999999.000,0.000,1.000,0.000,0,0,11,0,0,11,11,0,0.0,0.0,1.0,0.0,0.0,1.0,1
"G[0,2](((BUN <= 12.651 & Lactate >= 0.000) & Potassium >= 0.000) -> Fibrinogen >= 0.000)
",9999999.000,9999999.000,0.000,1.000,0.000,0,0,11,0,0,11,11,0,0.0,0.0,1.0,0.0,0.0,1.0,1
"G[1,2](Potassium <= 2.450 -> SepsisLabel = 0.000)
",9999999.000,9999999.000,0.000,1.000,0.000,0,0,11,0,0,11,11,0,0.0,0.0,1.0,0.0,0.0,1.0,1
"G[2,2]((Chloride >= 0.000 | SBP >= 1.256) -> DBP <= 150.550)
",-150.550,-150.550,0.000,1.000,0.000,0,0,11,0,0,11,11,0,0.0,0.0,1.0,0.0,0.0,1.0,1
"G[0,1](Platelets <= 132.749 -> WBC >= 0.168)
",9999999.000,9999999.000,0.000,1.000,0.000,0,0,0,11,11,0,0,11,0.0,0.0,0.0,0.0,0.0,1.0,1
"G[0,2](EtCO2 <= 0.000 -> SepsisLabel = 0.000)
",9999999.000,9999999.000,0.000,1.000,0.000,0,0,11,0,0,11,11,0,0.0,0.0,1.0,0.0,0.0,1.0,1
"G[1,2](((Fibrinogen <= 0.000 | HR <= 101.377) | HR <= 92.749) & Platelets <= 91.381)
",9999999.000,9999999.000,0.000,1.000,0.000,0,0,11,0,0,11,11,0,0.0,0.0,1.0,0.0,0.0,1.0,1
"G[0,2](((O2Sat >= 17.728 | MAP >= 22.377) -> Hct <= 119.053) -> BaseExcess >= 7.646)
",9999999.000,9999999.000,0.000,1.000,0.000,0,0,0,11,11,0,0,11,0.0,0.0,0.0,0.0,0.0,1.0,1
"G[2,2](Magnesium <= 0.597 & WBC <= 6.949)
",0.597,0.597,0.000,1.000,0.000,0,0,11,0,0,11,11,0,0.0,0.0,1.0,0.0,0.0,1.0,1
"G[1,2](BUN <= 6.606 -> O2Sat >= 12.120)
",9999999.000,9999999.000,0.000,1.000,0.000,0,0,11,0,0,11,11,0,0.0,0.0,1.0,0.0,0.0,1.0,1
"G[2,2]((WBC <= 4.104 & Creatinine >= 0.045) | MAP >= 0.044)
",-6400245561621362.000,-0.044,0.000,1.000,0.000,0,0,11,0,0,11,11,0,0.0,0.0,1.0,0.0,0.0,1.0,1
"G[1,2]((EtCO2 >= 0.000 & PTT <= 0.000) -> Chloride >= 0.000)
",9999999.000,9999999.000,0.000,1.000,0.000,0,0,11,0,0,11,11,0,0.0,0.0,1.0,0.0,0.0,1.0,1
"G[0,2](EtCO2 >= 0.000 & Fibrinogen >= 0.000)
",9999999.000,9999999.000,0.000,1.000,0.000,0,0,11,0,0,11,11,0,0.0,0.0,1.0,0.0,0.0,1.0,1
"G[1,1](Creatinine >= 0.062 & SepsisLabel = 0.000)
",-4433513493480381.000,-0.062,0.000,1.000,0.000,0,0,1,10,10,1,1,10,0.0,0.0,1.0,0.0,0.0,1.0,1
"G[1,2]((PaCO2 <= 0.000 & SepsisLabel <= 0.000) & Lactate <= 0.000)
",9999999.000,9999999.000,0.000,1.000,0.000,0,0,11,0,0,11,11,0,0.0,0.0,1.0,0.0,0.0,1.0,1
"G[0,1]((SepsisLabel >= 0.000 & HR <= 100.599) & Bilirubin_direct >= 81.934)
",9999999.000,9999999.000,0.000,1.000,0.000,0,0,0,11,11,0,0,11,0.0,0.0,0.0,0.0,0.0,1.0,1
"G[0,2](pH <= 0.000 & SepsisLabel = 0.000)
",9999999.000,9999999.000,0.000,1.000,0.000,0,0,11,0,0,11,11,0,0.0,0.0,1.0,0.0,0.0,1.0,1
"G[1,2]((Hct >= 0.077 | Resp <= 24.449) | Hgb >= 4.375)
",9999999.000,9999999.000,0.000,1.000,0.000,0,0,11,0,0,11,11,0,0.0,0.0,1.0,0.0,0.0,1.0,1
"G[0,2](SepsisLabel <= 0.000 -> SepsisLabel = 0.000)
",9999999.000,9999999.000,0.000,1.000,0.000,0,0,11,0,0,11,11,0,0.0,0.0,1.0,0.0,0.0,1.0,1
"G[1,2](BUN <= 5.666 & SepsisLabel = 0.000)
",9999999.000,9999999.000,0.000,1.000,0.000,0,0,11,0,0,11,11,0,0.0,0.0,1.0,0.0,0.0,1.0,1
"G[1,2](((HR <= 92.270 -> pH >= 0.000) | Bilirubin_total >= 0.000) | DBP <= 0.000)
",9999999.000,9999999.000,0.000,1.000,0.000,0,0,11,0,0,11,11,0,0.0,0.0,1.0,0.0,0.0,1.0,1
"G[0,2](Hgb > 0.446 -> SepsisLabel = 0.000)
",9999999.000,9999999.000,0.000,1.000,0.000,0,0,11,0,0,11,11,0,0.0,0.0,1.0,0.0,0.0,1.0,1
"G[0,2](BUN <= 19.330 & Creatinine >= 0.018)
",9999999.000,9999999.000,0.000,1.000,0.000,0,0,0,11,11,0,0,11,0.0,0.0,0.0,0.0,0.0,1.0,1
"G[0,2](Platelets <= 125.192 -> WBC >= 0.104)
",9999999.000,9999999.000,0.000,1.000,0.000,0,0,0,11,11,0,0,11,0.0,0.0,0.0,0.0,0.0,1.0,1
"G[1,2](((Potassium >= 0.036 | Hct >= 0.487) | Calcium <= 16.217) -> Calcium <= 15.754)
",9999999.000,9999999.000,0.000,1.000,0.000,0,0,11,0,0,11,11,0,0.0,0.0,1.0,0.0,0.0,1.0,1
"G[0,2](((Hgb <= 7.725 | Hct <= 2.218) -> WBC >= 0.249) & Platelets >= 6.207)
",9999999.000,9999999.000,0.000,1.000,0.000,0,0,0,11,11,0,0,11,0.0,0.0,0.0,0.0,0.0,1.0,1
"G[1,2](MAP <= 108.978 | DBP >= 57.497)
",9999999.000,9999999.000,0.000,1.000,0.000,0,0,11,0,0,11,11,0,0.0,0.0,1.0,0.0,0.0,1.0,1
"G[1,1]((Bilirubin_total >= 0.000 -> Hct <= 16.590) & PTT >= 0.712)
",-4669703188776650.000,-16.590,0.000,1.000,0.000,0,0,1,10,10,1,1,10,0.0,0.0,1.0,0.0,0.0,1.0,1
"G[0,1](Calcium <= 4.055 -> TroponinI >= 0.001)
",9999999.000,9999999.000,0.000,1.000,0.000,0,0,0,11,11,0,0,11,0.0,0.0,0.0,0.0,0.0,1.0,1
"F[0,2](((Alkalinephos >= 0.000 -> Alkalinephos >= 0.000) -> Hgb <= 0.000) -> Glucose >= 0.000)
",-9999999.000,-9999999.000,0.000,0.000,1.000,0,0,0,11,11,0,0,11,0.0,0.0,0.0,0.0,0.0,1.0,-1
