Rule,Discrimination Score,Pos Robustness,Neg Robustness,Percent Class +,Percent Class -,TP,TN,FP,FN,Actual Yes,Actual No,Predicted Yes,Predicted No,TPR/Sens,TNR/Spec,FPR,Precision,Accuracy,MCR,Class
"G[0,0](Chloride >= 0.000 & HCO3 >= 0.000)
",0.000,0.000,0.000,1.000,0.000,12,0,0,0,12,0,12,0,1.0,0.0,0.0,1.0,1.0,0.0,1
"G[0,1](Platelets <= 0.000 -> WBC >= 0.000)
",9999999.000,9999999.000,0.000,1.000,0.000,12,0,0,0,12,0,12,0,1.0,0.0,0.0,1.0,1.0,0.0,1
"G[1,1](Chloride >= 0.000 & HCO3 >= 0.000)
",0.000,0.000,0.000,1.000,0.000,12,0,0,0,12,0,12,0,1.0,0.0,0.0,1.0,1.0,0.0,1
"G[0,1](((Hgb <= 0.000 | Hct <= 0.000) -> WBC >= 0.000) & Platelets >= 0.000)
",9999999.000,9999999.000,0.000,1.000,0.000,12,0,0,0,12,0,12,0,1.0,0.0,0.0,1.0,1.0,0.0,1
"G[0,0](PaCO2 >= 0.000 -> SepsisLabel = 0.000)
",0.000,0.000,0.000,1.000,0.000,12,0,0,0,12,0,12,0,1.0,0.0,0.0,1.0,1.0,0.0,1
"G[1,1]((Alkalinephos >= 1.461 & Bilirubin_total >= 0.021) -> Chloride >= 0.012)
",0.012,0.012,0.000,1.000,0.000,12,0,0,0,12,0,12,0,1.0,0.0,0.0,1.0,1.0,0.0,1
"G[0,1](Chloride >= 0.000 & HCO3 >= 0.000)
",9999999.000,9999999.000,0.000,1.000,0.000,12,0,0,0,12,0,12,0,1.0,0.0,0.0,1.0,1.0,0.0,1
"G[0,0](Platelets <= 0.000 -> WBC >= 0.000)
",0.000,0.000,0.000,1.000,0.000,12,0,0,0,12,0,12,0,1.0,0.0,0.0,1.0,1.0,0.0,1
"G[1,1](((Hgb <= 0.000 | Hct <= 0.000) -> WBC >= 0.000) & Platelets >= 0.000)
",0.000,0.000,0.000,1.000,0.000,12,0,0,0,12,0,12,0,1.0,0.0,0.0,1.0,1.0,0.0,1
"G[1,1](((Hgb <= 0.000 | Hct <= 0.000) -> WBC >= 0.000) & Platelets >= 0.000)
",0.000,0.000,0.000,1.000,0.000,12,0,0,0,12,0,12,0,1.0,0.0,0.0,1.0,1.0,0.0,1
"G[0,0](Chloride >= 0.000 & HCO3 >= 0.000)
",0.000,0.000,0.000,1.000,0.000,12,0,0,0,12,0,12,0,1.0,0.0,0.0,1.0,1.0,0.0,1
"G[0,1](((Hgb <= 0.000 | Hct <= 0.000) -> WBC >= 0.000) & Platelets >= 0.000)
",9999999.000,9999999.000,0.000,1.000,0.000,12,0,0,0,12,0,12,0,1.0,0.0,0.0,1.0,1.0,0.0,1
"G[0,1](Lactate > 0.000 -> SepsisLabel = 0.000)
",9999999.000,9999999.000,0.000,1.000,0.000,12,0,0,0,12,0,12,0,1.0,0.0,0.0,1.0,1.0,0.0,1
"G[0,0]((Magnesium >= 0.176 | Fibrinogen <= 0.000) & Chloride >= 0.000)
",0.000,0.000,0.000,1.000,0.000,12,0,0,0,12,0,12,0,1.0,0.0,0.0,1.0,1.0,0.0,1
"G[0,0](Platelets <= 0.000 -> WBC >= 0.000)
",0.000,0.000,0.000,1.000,0.000,12,0,0,0,12,0,12,0,1.0,0.0,0.0,1.0,1.0,0.0,1
"F[0,0]((Calcium <= 5.468 & Potassium <= 2.908) & Magnesium >= 0.025)
",-7322819536942159.000,-0.025,0.000,0.000,1.000,12,0,0,0,12,0,12,0,1.0,0.0,0.0,1.0,1.0,0.0,-1
"G[0,0](Chloride >= 0.000 & HCO3 >= 0.000)
",0.000,0.000,0.000,1.000,0.000,12,0,0,0,12,0,12,0,1.0,0.0,0.0,1.0,1.0,0.0,1
"G[1,1]((Alkalinephos >= 2.423 | Phosphate >= 0.000) & HCO3 >= 0.000)
",0.000,0.000,0.000,1.000,0.000,12,0,0,0,12,0,12,0,1.0,0.0,0.0,1.0,1.0,0.0,1
"G[0,1](((Resp <= 19.917 & Temp <= 22.173) & pH >= 3.893) -> TroponinI >= 1.487)
",9999999.000,9999999.000,0.000,1.000,0.000,12,0,0,0,12,0,12,0,1.0,0.0,0.0,1.0,1.0,0.0,1
"G[0,1](((PaCO2 <= 0.000 | Glucose >= 4.226) -> SaO2 >= 5.560) -> PTT >= 5.684)
",9999999.000,9999999.000,0.000,1.000,0.000,12,0,0,0,12,0,12,0,1.0,0.0,0.0,1.0,1.0,0.0,1
"G[1,1](FiO2 >= 0.006 -> Temp >= 4.472)
",7204347773825335.000,0.006,0.000,1.000,0.000,12,0,0,0,12,0,12,0,1.0,0.0,0.0,1.0,1.0,0.0,1
"G[0,1](((SepsisLabel >= 0.000 -> SepsisLabel <= 0.000) & Bilirubin_direct <= 0.000) -> Bilirubin_total >= 0.000)
",9999999.000,9999999.000,0.000,1.000,0.000,12,0,0,0,12,0,12,0,1.0,0.0,0.0,1.0,1.0,0.0,1
"G[0,0](((HCO3 >= 0.000 & Resp <= 24.387) -> Platelets <= 18.953) -> Platelets <= 18.713)
",-5267358811647495.000,-18.713,0.000,1.000,0.000,12,0,0,0,12,0,12,0,1.0,0.0,0.0,1.0,1.0,0.0,1
"G[0,1]((EtCO2 >= 0.000 & SepsisLabel >= 0.000) -> PaCO2 >= 0.000)
",9999999.000,9999999.000,0.000,1.000,0.000,12,0,0,0,12,0,12,0,1.0,0.0,0.0,1.0,1.0,0.0,1
"G[1,1](Chloride >= 0.000 & HCO3 >= 0.000)
",0.000,0.000,0.000,1.000,0.000,12,0,0,0,12,0,12,0,1.0,0.0,0.0,1.0,1.0,0.0,1
"G[0,0](((Alkalinephos >= 2.286 & WBC <= 0.000) -> BUN >= 0.000) -> SepsisLabel <= 0.000)
",0.000,0.000,0.000,1.000,0.000,12,0,0,0,12,0,12,0,1.0,0.0,0.0,1.0,1.0,0.0,1
"F[0,1](((Calcium < 6.961 & Potassium < 0.810) & Magnesium < 0.552) & Phosphate < 0.000)
",-9999999.000,-9999999.000,0.000,0.000,1.000,12,0,0,0,12,0,12,0,1.0,0.0,0.0,1.0,1.0,0.0,-1
"F[0,1](((Bilirubin_total <= 0.583 -> Calcium <= 4.981) & O2Sat >= 0.048) & Bilirubin_direct >= 0.546)
",-9999999.000,-9999999.000,0.000,0.000,1.000,12,0,0,0,12,0,12,0,1.0,0.0,0.0,1.0,1.0,0.0,-1
"F[0,1](((Calcium <= 1.059 | Calcium <= 5.147) -> PTT <= 3.624) & SepsisLabel >= 0.125)
",-9999999.000,-9999999.000,0.000,0.000,1.000,12,0,0,0,12,0,12,0,1.0,0.0,0.0,1.0,1.0,0.0,-1
"F[0,0](((Calcium < 7.083 & Potassium < 3.693) & Magnesium < 0.813) & Phosphate < 0.000)
",-0.302,-0.175,0.000,0.000,1.000,12,0,0,0,12,0,12,0,1.0,0.0,0.0,1.0,1.0,0.0,-1
"F[1,1](((Resp <= 26.371 | DBP <= 74.147) & Bilirubin_total >= 53.220) & Lactate >= 41.272)
",-7490002025553637.000,-53.220,0.000,0.000,1.000,12,0,0,0,12,0,12,0,1.0,0.0,0.0,1.0,1.0,0.0,-1
"F[1,1]((Calcium <= 2.789 & Potassium <= 1.236) & Magnesium >= 0.218)
",-0.218,-0.218,0.000,0.000,1.000,12,0,0,0,12,0,12,0,1.0,0.0,0.0,1.0,1.0,0.0,-1
"F[1,1](Hgb <= 0.000 & BUN >= 0.128)
",-0.128,-0.128,0.000,0.000,1.000,12,0,0,0,12,0,12,0,1.0,0.0,0.0,1.0,1.0,0.0,-1
"F[0,1]((Calcium <= 7.017 & Potassium <= 3.382) & Magnesium >= 0.020)
",-9999999.000,-9999999.000,0.000,0.000,1.000,12,0,0,0,12,0,12,0,1.0,0.0,0.0,1.0,1.0,0.0,-1
"F[0,1]((Calcium <= 4.119 & Potassium <= 1.855) & Magnesium >= 0.101)
",-9999999.000,-9999999.000,0.000,0.000,1.000,12,0,0,0,12,0,12,0,1.0,0.0,0.0,1.0,1.0,0.0,-1
"F[1,1](Glucose >= 3.578 & MAP >= 3.760)
",-4232869734049666.500,-3.760,0.000,0.000,1.000,12,0,0,0,12,0,12,0,1.0,0.0,0.0,1.0,1.0,0.0,-1
"F[1,1]((BUN <= 7.759 -> Magnesium <= 1.585) -> PaCO2 >= 0.237)
",0.237,0.237,0.000,0.000,1.000,12,0,0,0,12,0,12,0,1.0,0.0,0.0,1.0,1.0,0.0,-1
"F[0,1](((Calcium < 6.360 & Potassium < 1.357) & Magnesium < 1.400) & Phosphate < 0.000)
",-9999999.000,-9999999.000,0.000,0.000,1.000,12,0,0,0,12,0,12,0,1.0,0.0,0.0,1.0,1.0,0.0,-1
"F[0,0]((Calcium <= 6.124 & Potassium <= 1.749) & Magnesium >= 0.256)
",-4611281524529969.000,-0.256,0.000,0.000,1.000,12,0,0,0,12,0,12,0,1.0,0.0,0.0,1.0,1.0,0.0,-1
"F[0,1](((Calcium < 8.989 & Potassium < 1.490) & Magnesium < 1.036) & Phosphate < 0.000)
",-9999999.000,-9999999.000,0.000,0.000,1.000,12,0,0,0,12,0,12,0,1.0,0.0,0.0,1.0,1.0,0.0,-1
"F[0,0](((BUN <= 10.296 & DBP >= 40.933) | BUN <= 71.992) & Magnesium >= 55.789)
",-7851634407528481.000,-55.789,0.000,0.000,1.000,12,0,0,0,12,0,12,0,1.0,0.0,0.0,1.0,1.0,0.0,-1
"F[0,0](((Fibrinogen <= 0.000 -> Potassium <= 3.884) & Temp >= 0.480) & Calcium >= 0.458)
",-8745151602524719.000,-3.884,0.000,0.000,1.000,12,0,0,0,12,0,12,0,1.0,0.0,0.0,1.0,1.0,0.0,-1
"F[0,1](((Calcium < 3.869 & Potassium < 2.451) & Magnesium < 0.955) & Phosphate < 0.000)
",-9999999.000,-9999999.000,0.000,0.000,1.000,12,0,0,0,12,0,12,0,1.0,0.0,0.0,1.0,1.0,0.0,-1
"F[0,1]((DBP >= 19.284 | Temp <= 17.015) -> Bilirubin_total >= 5.069)
",-9999999.000,-9999999.000,0.000,0.000,1.000,12,0,0,0,12,0,12,0,1.0,0.0,0.0,1.0,1.0,0.0,-1
"F[1,1]((Magnesium <= 2.038 & O2Sat >= 7.905) & Lactate >= 29.890)
",-29.890,-29.890,0.000,0.000,1.000,12,0,0,0,12,0,12,0,1.0,0.0,0.0,1.0,1.0,0.0,-1
"F[0,1](((MAP >= 18.709 | O2Sat >= 33.075) | Bilirubin_total <= 80.121) -> Calcium >= 35.312)
",-9999999.000,-9999999.000,0.000,0.000,1.000,12,0,0,0,12,0,12,0,1.0,0.0,0.0,1.0,1.0,0.0,-1
"F[0,1](((Calcium < 3.924 & Potassium < 1.659) & Magnesium < 0.610) & Phosphate < 0.000)
",-9999999.000,-9999999.000,0.000,0.000,1.000,12,0,0,0,12,0,12,0,1.0,0.0,0.0,1.0,1.0,0.0,-1
"F[0,0](((Bilirubin_total >= 0.018 | Creatinine <= 0.671) & BaseExcess >= 0.052) | Phosphate >= 0.071)
",0.212,0.122,0.000,0.000,1.000,12,0,0,0,12,0,12,0,1.0,0.0,0.0,1.0,1.0,0.0,-1
"F[0,0]((BUN >= 0.723 | Potassium >= 0.436) & SaO2 >= 0.175)
",-7855678184448975.000,-0.436,0.000,0.000,1.000,12,0,0,0,12,0,12,0,1.0,0.0,0.0,1.0,1.0,0.0,-1
"G[1,1](((Fibrinogen <= 0.000 & BaseExcess >= 0.000) -> SaO2 <= 0.000) | Bilirubin_total >= 0.000)
",0.000,0.000,0.000,1.000,0.000,12,0,0,0,12,0,12,0,1.0,0.0,0.0,1.0,1.0,0.0,1
"G[1,1](Platelets <= 0.000 -> WBC >= 0.000)
",0.000,0.000,0.000,1.000,0.000,12,0,0,0,12,0,12,0,1.0,0.0,0.0,1.0,1.0,0.0,1
"G[1,1](HCO3 <= 0.000 -> Potassium <= 3.819)
",-8598651757202916.000,-3.819,0.000,1.000,0.000,12,0,0,0,12,0,12,0,1.0,0.0,0.0,1.0,1.0,0.0,1
"G[1,1](((Creatinine <= 0.929 -> HR <= 60.627) & Bilirubin_total >= 45.535) -> FiO2 >= 40.720)
",5730867060054595.000,40.720,0.000,1.000,0.000,12,0,0,0,12,0,12,0,1.0,0.0,0.0,1.0,1.0,0.0,1
"G[1,1]((Bilirubin_total >= 0.020 -> DBP <= 64.624) | SBP >= 12.375)
",-6966774017363763.000,-12.375,0.000,1.000,0.000,12,0,0,0,12,0,12,0,1.0,0.0,0.0,1.0,1.0,0.0,1
"G[0,1](((AST >= 0.077 | MAP >= 70.131) & Bilirubin_total <= 102.813) | SBP <= 92.272)
",9999999.000,9999999.000,0.000,1.000,0.000,12,0,0,0,12,0,12,0,1.0,0.0,0.0,1.0,1.0,0.0,1
"G[0,1]((Bilirubin_total <= 0.619 -> MAP >= 28.888) -> SaO2 <= 81.612)
",9999999.000,9999999.000,0.000,1.000,0.000,12,0,0,0,12,0,12,0,1.0,0.0,0.0,1.0,1.0,0.0,1
"G[1,1](((Glucose <= 29.878 -> SBP <= 141.016) -> SepsisLabel >= 33.095) | Bilirubin_direct <= 132.070)
",132.070,132.070,0.000,1.000,0.000,12,0,0,0,12,0,12,0,1.0,0.0,0.0,1.0,1.0,0.0,1
"G[0,0](((BUN >= 1.349 -> FiO2 <= 0.065) & Creatinine <= 0.197) | FiO2 <= 0.146)
",5269880631613289.000,0.146,0.000,1.000,0.000,12,0,0,0,12,0,12,0,1.0,0.0,0.0,1.0,1.0,0.0,1
"G[1,1](((AST <= 28.077 | FiO2 >= 0.012) -> BaseExcess <= 0.105) | Lactate >= 0.008)
",-4503827002180573.000,-0.008,0.000,1.000,0.000,12,0,0,0,12,0,12,0,1.0,0.0,0.0,1.0,1.0,0.0,1
"G[0,1](((AST >= 0.101 & AST >= 1.257) & WBC >= 0.088) -> BaseExcess >= 0.641)
",9999999.000,9999999.000,0.000,1.000,0.000,12,0,0,0,12,0,12,0,1.0,0.0,0.0,1.0,1.0,0.0,1
"G[1,1]((PTT >= 0.000 -> pH >= 0.000) & Bilirubin_total >= 0.000)
",0.000,0.000,0.000,1.000,0.000,12,0,0,0,12,0,12,0,1.0,0.0,0.0,1.0,1.0,0.0,1
"G[0,1](((SepsisLabel <= 0.000 | Bilirubin_direct >= 0.000) | WBC <= 0.000) -> BaseExcess <= 0.000)
",9999999.000,9999999.000,0.000,1.000,0.000,12,0,0,0,12,0,12,0,1.0,0.0,0.0,1.0,1.0,0.0,1
"G[0,1](((SBP <= 140.898 | Temp <= 29.555) & Potassium <= 19.995) -> Platelets <= 36.433)
",9999999.000,9999999.000,0.000,1.000,0.000,12,0,0,0,12,0,12,0,1.0,0.0,0.0,1.0,1.0,0.0,1
"G[1,1]((Alkalinephos <= 4.202 | Bilirubin_direct <= 0.000) -> Chloride >= 0.000)
",-4731293881845906.000,-4.202,0.000,1.000,0.000,12,0,0,0,12,0,12,0,1.0,0.0,0.0,1.0,1.0,0.0,1
"G[0,1]((MAP >= 33.774 -> HR >= 47.632) & BaseExcess <= 71.825)
",9999999.000,9999999.000,0.000,1.000,0.000,12,0,0,0,12,0,12,0,1.0,0.0,0.0,1.0,1.0,0.0,1
"G[0,1](((DBP <= 67.351 -> Bilirubin_direct >= 0.000) -> AST <= 0.000) | FiO2 >= 0.000)
",9999999.000,9999999.000,0.000,1.000,0.000,12,0,0,0,12,0,12,0,1.0,0.0,0.0,1.0,1.0,0.0,1
"G[0,1](((WBC >= 0.000 -> BUN >= 1.138) | Glucose <= 18.741) & Bilirubin_total <= 13.498)
",9999999.000,9999999.000,0.000,1.000,0.000,12,0,0,0,12,0,12,0,1.0,0.0,0.0,1.0,1.0,0.0,1
"G[0,1](Platelets <= 0.000 -> WBC >= 0.000)
",9999999.000,9999999.000,0.000,1.000,0.000,12,0,0,0,12,0,12,0,1.0,0.0,0.0,1.0,1.0,0.0,1
"G[0,1](PaCO2 >= 0.000 & EtCO2 >= 0.000)
",9999999.000,9999999.000,0.000,1.000,0.000,12,0,0,0,12,0,12,0,1.0,0.0,0.0,1.0,1.0,0.0,1
"G[0,1](WBC <= 0.000 | Alkalinephos <= 52.458)
",9999999.000,9999999.000,0.000,1.000,0.000,12,0,0,0,12,0,12,0,1.0,0.0,0.0,1.0,1.0,0.0,1
"G[0,1](((O2Sat >= 33.314 -> Hgb >= 0.000) | BUN >= 0.000) | Bilirubin_direct >= 0.000)
",9999999.000,9999999.000,0.000,1.000,0.000,12,0,0,0,12,0,12,0,1.0,0.0,0.0,1.0,1.0,0.0,1
"G[1,1](Fibrinogen >= 0.000 -> Lactate >= 0.000)
",0.000,0.000,0.000,1.000,0.000,12,0,0,0,12,0,12,0,1.0,0.0,0.0,1.0,1.0,0.0,1
"G[0,1]((Chloride >= 0.000 & HR <= 66.854) -> Platelets <= 65.545)
",9999999.000,9999999.000,0.000,1.000,0.000,12,0,0,0,12,0,12,0,1.0,0.0,0.0,1.0,1.0,0.0,1
"G[0,0]((Hct >= 0.000 | AST <= 9.051) | EtCO2 <= 4.092)
",9.051,9.051,0.000,1.000,0.000,12,0,0,0,12,0,12,0,1.0,0.0,0.0,1.0,1.0,0.0,1
"G[0,0](((SBP >= 57.666 -> TroponinI <= 0.000) | Hct <= 0.000) & Alkalinephos >= 0.000)
",0.000,0.000,0.000,1.000,0.000,12,0,0,0,12,0,12,0,1.0,0.0,0.0,1.0,1.0,0.0,1
"G[0,1]((HCO3 <= 0.000 -> EtCO2 <= 0.000) | Creatinine >= 0.000)
",9999999.000,9999999.000,0.000,1.000,0.000,12,0,0,0,12,0,12,0,1.0,0.0,0.0,1.0,1.0,0.0,1
"G[0,0](((O2Sat <= 53.912 -> Alkalinephos >= 1.973) | PTT <= 21.432) | TroponinI >= 0.476)
",21.432,21.432,0.000,1.000,0.000,12,0,0,0,12,0,12,0,1.0,0.0,0.0,1.0,1.0,0.0,1
"F[0,1](((TroponinI >= 0.000 | AST >= 0.581) & FiO2 >= 0.702) & pH <= 22.100)
",-9999999.000,-9999999.000,0.000,0.000,1.000,12,0,0,0,12,0,12,0,1.0,0.0,0.0,1.0,1.0,0.0,-1
"G[1,1]((Creatinine <= 0.562 | Temp <= 26.020) & Glucose <= 7.729)
",8702406207905663.000,7.729,0.000,1.000,0.000,12,0,0,0,12,0,12,0,1.0,0.0,0.0,1.0,1.0,0.0,1
"G[0,1](((SBP >= 83.312 & Hgb <= 0.000) | BaseExcess <= 0.000) & FiO2 >= 0.000)
",9999999.000,9999999.000,0.000,1.000,0.000,12,0,0,0,12,0,12,0,1.0,0.0,0.0,1.0,1.0,0.0,1
"G[0,0]((Potassium <= 2.544 -> Resp >= 14.200) -> Creatinine <= 26.622)
",-26.622,-26.622,0.000,1.000,0.000,12,0,0,0,12,0,12,0,1.0,0.0,0.0,1.0,1.0,0.0,1
"G[0,0](BaseExcess >= 0.000 -> WBC >= 0.000)
",0.000,0.000,0.000,1.000,0.000,12,0,0,0,12,0,12,0,1.0,0.0,0.0,1.0,1.0,0.0,1
"G[0,0](((O2Sat <= 61.578 | Bilirubin_direct <= 0.000) & EtCO2 >= 0.000) -> Calcium >= 0.000)
",-0.771,-1.456,0.000,1.000,0.000,12,0,0,0,12,0,12,0,1.0,0.0,0.0,1.0,1.0,0.0,1
"G[0,0]((AST >= 1.367 | HCO3 >= 0.000) & SaO2 <= 0.000)
",0.000,0.000,0.000,1.000,0.000,12,0,0,0,12,0,12,0,1.0,0.0,0.0,1.0,1.0,0.0,1
"G[0,1](((MAP >= 41.088 & Calcium >= 0.293) -> SBP >= 0.598) | pH <= 7.387)
",9999999.000,9999999.000,0.000,1.000,0.000,12,0,0,0,12,0,12,0,1.0,0.0,0.0,1.0,1.0,0.0,1
"G[0,0](Temp <= 31.110 | PaCO2 >= 0.000)
",1.183,18.147,0.000,1.000,0.000,12,0,0,0,12,0,12,0,1.0,0.0,0.0,1.0,1.0,0.0,1
"G[1,1](Creatinine <= 1.057 & Creatinine <= 0.092)
",6618306287715599.000,0.092,0.000,1.000,0.000,12,0,0,0,12,0,12,0,1.0,0.0,0.0,1.0,1.0,0.0,1
"G[1,1]((SaO2 >= 0.000 | Platelets <= 0.000) -> HR >= 0.000)
",0.000,0.000,0.000,1.000,0.000,12,0,0,0,12,0,12,0,1.0,0.0,0.0,1.0,1.0,0.0,1
"G[1,1]((TroponinI <= 0.000 | Phosphate >= 0.000) -> Magnesium <= 0.000)
",0.000,0.000,0.000,1.000,0.000,12,0,0,0,12,0,12,0,1.0,0.0,0.0,1.0,1.0,0.0,1
"G[1,1](((TroponinI <= 0.000 -> Platelets <= 0.000) & Fibrinogen <= 0.000) & AST >= 0.000)
",0.000,0.000,0.000,1.000,0.000,12,0,0,0,12,0,12,0,1.0,0.0,0.0,1.0,1.0,0.0,1
"G[0,0](((Alkalinephos <= 16.927 & O2Sat <= 94.213) & SaO2 <= 86.720) | PTT <= 49.368)
",49.368,49.368,0.000,1.000,0.000,12,0,0,0,12,0,12,0,1.0,0.0,0.0,1.0,1.0,0.0,1
"G[0,0](PaCO2 <= 0.000 | Hct <= 0.000)
",0.000,0.000,0.000,1.000,0.000,12,0,0,0,12,0,12,0,1.0,0.0,0.0,1.0,1.0,0.0,1
"G[0,1](((pH <= 0.000 | Hgb >= 0.000) | DBP <= 0.000) -> Hgb <= 0.000)
",9999999.000,9999999.000,0.000,1.000,0.000,12,0,0,0,12,0,12,0,1.0,0.0,0.0,1.0,1.0,0.0,1
"G[1,1]((FiO2 <= 0.199 | TroponinI >= 0.000) -> Resp >= 0.000)
",-7159670636200903.000,-0.199,0.000,1.000,0.000,12,0,0,0,12,0,12,0,1.0,0.0,0.0,1.0,1.0,0.0,1
"G[0,1](((HCO3 >= 0.000 -> Platelets <= 0.000) & BUN >= 0.000) & O2Sat >= 0.000)
",9999999.000,9999999.000,0.000,1.000,0.000,12,0,0,0,12,0,12,0,1.0,0.0,0.0,1.0,1.0,0.0,1
"G[0,1](Bilirubin_total >= 0.027 | Phosphate >= 0.000)
",9999999.000,9999999.000,0.000,1.000,0.000,12,0,0,0,12,0,12,0,1.0,0.0,0.0,1.0,1.0,0.0,1
"G[1,1]((HR >= 10.075 | Glucose >= 7.968) | Resp <= 47.548)
",6691786041380633.000,47.548,0.000,1.000,0.000,12,0,0,0,12,0,12,0,1.0,0.0,0.0,1.0,1.0,0.0,1
"G[1,1](((Fibrinogen >= 0.000 & Hgb >= 0.000) | Magnesium <= 0.000) -> BUN <= 0.000)
",0.000,0.000,0.000,1.000,0.000,12,0,0,0,12,0,12,0,1.0,0.0,0.0,1.0,1.0,0.0,1
"G[1,1]((SaO2 >= 0.000 | TroponinI >= 0.000) | SaO2 >= 0.000)
",0.000,0.000,0.000,1.000,0.000,12,0,0,0,12,0,12,0,1.0,0.0,0.0,1.0,1.0,0.0,1
"G[0,0](((AST >= 0.765 & Bilirubin_direct <= 0.000) -> AST >= 0.000) & Hgb <= 0.000)
",0.000,0.000,0.000,1.000,0.000,12,0,0,0,12,0,12,0,1.0,0.0,0.0,1.0,1.0,0.0,1
"G[1,1](MAP >= 0.662 | Alkalinephos >= 0.933)
",-5966955492679433.000,-0.662,0.000,1.000,0.000,11,0,0,1,12,0,11,1,0.9166666666666666,0.0,0.0,1.0,0.9166666666666666,0.08333333333333337,1
"F[0,1](Platelets <= 0.000 & Bilirubin_total >= 0.019)
",-9999999.000,-9999999.000,0.000,0.000,1.000,11,0,0,1,12,0,11,1,0.9166666666666666,0.0,0.0,1.0,0.9166666666666666,0.08333333333333337,-1
"F[0,1]((Bilirubin_total >= 0.019 & Resp <= 23.588) & PaCO2 <= 26.278)
",-9999999.000,-9999999.000,0.000,0.000,1.000,11,0,0,1,12,0,11,1,0.9166666666666666,0.0,0.0,1.0,0.9166666666666666,0.08333333333333337,-1
"((Alkalinephos >= 2.091) U[1,1] (Bilirubin_total <= 0.605))
",5450620912440035.000,0.605,0.000,0.000,1.000,11,0,0,1,12,0,11,1,0.9166666666666666,0.0,0.0,1.0,0.9166666666666666,0.08333333333333337,-1
"F[1,1](((Potassium <= 1.508 -> Temp <= 10.871) & Hct <= 34.513) -> HCO3 >= 2.164)
",4873209260525479.000,2.164,0.000,0.000,1.000,11,0,0,1,12,0,11,1,0.9166666666666666,0.0,0.0,1.0,0.9166666666666666,0.08333333333333337,-1
"F[0,1](Bilirubin_total >= 0.005 & Chloride <= 0.000)
",-9999999.000,-9999999.000,0.000,0.000,1.000,11,0,0,1,12,0,11,1,0.9166666666666666,0.0,0.0,1.0,0.9166666666666666,0.08333333333333337,-1
"F[0,1]((Calcium <= 8.071 & Potassium <= 4.262) & Magnesium >= 0.261)
",-9999999.000,-9999999.000,0.000,0.000,1.000,11,0,0,1,12,0,11,1,0.9166666666666666,0.0,0.0,1.0,0.9166666666666666,0.08333333333333337,-1
"((AST >= 0.685) U[1,1] (Bilirubin_total <= 0.593))
",5340959145241255.000,0.593,0.000,0.000,1.000,11,0,0,1,12,0,11,1,0.9166666666666666,0.0,0.0,1.0,0.9166666666666666,0.08333333333333337,-1
"F[0,1]((Calcium <= 4.225 & Potassium <= 4.111) & Magnesium >= 0.293)
",-9999999.000,-9999999.000,0.000,0.000,1.000,11,0,0,1,12,0,11,1,0.9166666666666666,0.0,0.0,1.0,0.9166666666666666,0.08333333333333337,-1
"((Glucose <= 39.467) U[0,1] (AST >= 0.509))
",-9999999.000,-9999999.000,0.000,0.000,1.000,11,0,0,1,12,0,11,1,0.9166666666666666,0.0,0.0,1.0,0.9166666666666666,0.08333333333333337,-1
"G[0,1](TroponinI >= 0.000 -> Alkalinephos <= 37.017)
",9999999.000,9999999.000,0.000,1.000,0.000,11,0,0,1,12,0,11,1,0.9166666666666666,0.0,0.0,1.0,0.9166666666666666,0.08333333333333337,1
"((Magnesium <= 1.280) U[0,1] (Alkalinephos >= 1.991))
",-9999999.000,-9999999.000,0.000,0.000,1.000,11,0,0,1,12,0,11,1,0.9166666666666666,0.0,0.0,1.0,0.9166666666666666,0.08333333333333337,-1
"G[1,1](DBP >= 32.972 | FiO2 >= 0.006)
",-6842907867184953.000,-0.006,0.000,1.000,0.000,11,0,0,1,12,0,11,1,0.9166666666666666,0.0,0.0,1.0,0.9166666666666666,0.08333333333333337,1
"((SepsisLabel >= 0.000) U[0,1] (Calcium >= 0.007))
",-9999999.000,-9999999.000,0.000,0.000,1.000,10,0,0,2,12,0,10,2,0.8333333333333334,0.0,0.0,1.0,0.8333333333333334,0.16666666666666663,-1
"((SaO2 <= 0.000) U[1,1] (HR <= 56.499))
",56.499,56.499,0.000,0.000,1.000,10,0,0,2,12,0,10,2,0.8333333333333334,0.0,0.0,1.0,0.8333333333333334,0.16666666666666663,-1
"F[0,1](FiO2 >= 0.009 & HCO3 <= 0.000)
",-9999999.000,-9999999.000,0.000,0.000,1.000,10,0,0,2,12,0,10,2,0.8333333333333334,0.0,0.0,1.0,0.8333333333333334,0.16666666666666663,-1
"F[0,0](MAP >= 23.634 & Calcium >= 0.228)
",-0.473,-4.129,0.000,0.000,1.000,10,0,0,2,12,0,10,2,0.8333333333333334,0.0,0.0,1.0,0.8333333333333334,0.16666666666666663,-1
"((MAP >= 39.837) U[1,1] (SBP <= 111.255))
",7828895179694715.000,111.255,0.000,0.000,1.000,10,0,0,2,12,0,10,2,0.8333333333333334,0.0,0.0,1.0,0.8333333333333334,0.16666666666666663,-1
"((Glucose > 5.892) U[1,1] (SepsisLabel = 0.000))
",0.000,0.000,0.000,0.000,1.000,10,0,0,2,12,0,10,2,0.8333333333333334,0.0,0.0,1.0,0.8333333333333334,0.16666666666666663,-1
"((Hgb <= 0.000) U[0,1] (BUN >= 1.317))
",-9999999.000,-9999999.000,0.000,0.000,1.000,10,0,0,2,12,0,10,2,0.8333333333333334,0.0,0.0,1.0,0.8333333333333334,0.16666666666666663,-1
"F[0,1](BUN >= 0.549 & HR >= 48.112)
",-9999999.000,-9999999.000,0.000,0.000,1.000,10,0,0,2,12,0,10,2,0.8333333333333334,0.0,0.0,1.0,0.8333333333333334,0.16666666666666663,-1
"F[0,1](Calcium >= 0.612 & HR >= 43.767)
",-9999999.000,-9999999.000,0.000,0.000,1.000,10,0,0,2,12,0,10,2,0.8333333333333334,0.0,0.0,1.0,0.8333333333333334,0.16666666666666663,-1
"G[0,1]((Calcium <= 8.091 | Temp >= 0.247) & BaseExcess <= 7.196)
",9999999.000,9999999.000,0.000,1.000,0.000,10,0,0,2,12,0,10,2,0.8333333333333334,0.0,0.0,1.0,0.8333333333333334,0.16666666666666663,1
"G[0,1](((WBC <= 0.000 -> Glucose <= 90.756) & Chloride <= 20.002) & BaseExcess <= 27.560)
",9999999.000,9999999.000,0.000,1.000,0.000,10,0,0,2,12,0,10,2,0.8333333333333334,0.0,0.0,1.0,0.8333333333333334,0.16666666666666663,1
"G[0,1]((Hgb <= 0.000 & Phosphate <= 0.000) & Calcium <= 0.000)
",9999999.000,9999999.000,0.000,1.000,0.000,10,0,0,2,12,0,10,2,0.8333333333333334,0.0,0.0,1.0,0.8333333333333334,0.16666666666666663,1
"G[0,1](MAP <= 93.322 | Temp <= 9.750)
",9999999.000,9999999.000,0.000,1.000,0.000,10,0,0,2,12,0,10,2,0.8333333333333334,0.0,0.0,1.0,0.8333333333333334,0.16666666666666663,1
"G[1,1](((O2Sat <= 74.326 | SBP <= 100.763) -> SBP >= 85.819) -> MAP >= 77.097)
",77.097,77.097,0.000,1.000,0.000,10,0,0,2,12,0,10,2,0.8333333333333334,0.0,0.0,1.0,0.8333333333333334,0.16666666666666663,1
"G[0,0]((Bilirubin_total <= 0.043 -> Resp >= 15.216) | Calcium >= 5.156)
",-2.259,-4.303,0.000,1.000,0.000,9,0,0,3,12,0,9,3,0.75,0.0,0.0,1.0,0.75,0.25,1
"((Creatinine >= 0.003) U[1,2] (DBP <= 74.988))
",-9999999.000,-9999999.000,0.000,0.000,1.000,9,0,0,3,12,0,9,3,0.75,0.0,0.0,1.0,0.75,0.25,-1
"((MAP < 74.843) U[1,1] (SepsisLabel = 0.000))
",5266590829551406.000,74.843,0.000,0.000,1.000,9,0,0,3,12,0,9,3,0.75,0.0,0.0,1.0,0.75,0.25,-1
"F[0,0](((WBC >= 0.000 -> Resp >= 1.350) -> Hgb >= 14.502) | MAP <= 21.024)
",6.413,15.589,0.000,0.000,1.000,9,0,0,3,12,0,9,3,0.75,0.0,0.0,1.0,0.75,0.25,-1
"G[0,0](Temp < 13.228 & SepsisLabel = 0.000)
",-0.845,-34.738,0.000,1.000,0.000,9,0,0,3,12,0,9,3,0.75,0.0,0.0,1.0,0.75,0.25,1
"G[1,1](((FiO2 >= 0.001 & Resp <= 23.033) & Bilirubin_total >= 6.154) | Resp >= 16.769)
",-6928563928254355.000,-6.154,0.000,1.000,0.000,9,0,0,3,12,0,9,3,0.75,0.0,0.0,1.0,0.75,0.25,1
"G[0,0]((Glucose >= 5.609 | O2Sat >= 7.791) | Resp >= 29.162)
",1.962,44.042,0.000,1.000,0.000,8,0,0,4,12,0,8,4,0.6666666666666666,0.0,0.0,1.0,0.6666666666666666,0.33333333333333337,1
"((O2Sat >= 23.601) U[1,1] (Resp <= 21.937))
",6174689944973511.000,21.937,0.000,0.000,1.000,8,0,0,4,12,0,8,4,0.6666666666666666,0.0,0.0,1.0,0.6666666666666666,0.33333333333333337,-1
"F[0,1]((O2Sat >= 3.379 -> Bilirubin_total <= 0.650) & Magnesium >= 0.022)
",-9999999.000,-9999999.000,0.000,0.000,1.000,8,0,0,4,12,0,8,4,0.6666666666666666,0.0,0.0,1.0,0.6666666666666666,0.33333333333333337,-1
"((Bilirubin_total >= 0.029) U[0,1] (Temp >= 1.790))
",-9999999.000,-9999999.000,0.000,0.000,1.000,8,0,0,4,12,0,8,4,0.6666666666666666,0.0,0.0,1.0,0.6666666666666666,0.33333333333333337,-1
"G[0,1]((O2Sat <= 93.437 | SBP >= 78.148) -> DBP >= 43.365)
",9999999.000,9999999.000,0.000,1.000,0.000,8,0,0,4,12,0,8,4,0.6666666666666666,0.0,0.0,1.0,0.6666666666666666,0.33333333333333337,1
"((MAP >= 40.177) U[0,0] (SBP <= 114.175))
",12.019,110.200,0.000,0.000,1.000,7,0,0,5,12,0,7,5,0.5833333333333334,0.0,0.0,1.0,0.5833333333333334,0.41666666666666663,-1
"((O2Sat <= 52.053) U[1,2] (SepsisLabel = 0.000))
",-9999999.000,-9999999.000,0.000,0.000,1.000,7,0,0,5,12,0,7,5,0.5833333333333334,0.0,0.0,1.0,0.5833333333333334,0.41666666666666663,-1
"G[0,1]((Glucose >= 6.959 -> Potassium <= 2.415) & SBP >= 0.396)
",9999999.000,9999999.000,0.000,1.000,0.000,6,0,0,6,12,0,6,6,0.5,0.0,0.0,1.0,0.5,0.5,1
"F[0,0]((Alkalinephos <= 6.352 & FiO2 <= 0.136) -> SBP <= 0.063)
",-4882028591272506.000,-0.136,0.000,0.000,1.000,6,0,0,6,12,0,6,6,0.5,0.0,0.0,1.0,0.5,0.5,-1
"F[0,0](HR >= 2.538 & Temp <= 6.793)
",-0.702,-33.457,0.000,0.000,1.000,6,0,0,6,12,0,6,6,0.5,0.0,0.0,1.0,0.5,0.5,-1
"F[0,1](MAP >= 6.921 -> Potassium >= 0.683)
",-9999999.000,-9999999.000,0.000,0.000,1.000,5,0,0,7,12,0,5,7,0.4166666666666667,0.0,0.0,1.0,0.4166666666666667,0.5833333333333333,-1
"G[0,1](((BUN >= 1.836 | MAP <= 89.621) & Lactate <= 105.605) & PTT <= 101.006)
",9999999.000,9999999.000,0.000,1.000,0.000,5,0,0,7,12,0,5,7,0.4166666666666667,0.0,0.0,1.0,0.4166666666666667,0.5833333333333333,1
"((Platelets <= 0.000) U[1,1] (HR <= 62.849))
",4422624296033965.500,62.849,0.000,0.000,1.000,4,0,0,8,12,0,4,8,0.3333333333333333,0.0,0.0,1.0,0.3333333333333333,0.6666666666666667,-1
"((MAP >= 8.979) U[0,1] (SBP <= 116.471))
",-9999999.000,-9999999.000,0.000,0.000,1.000,4,0,0,8,12,0,4,8,0.3333333333333333,0.0,0.0,1.0,0.3333333333333333,0.6666666666666667,-1
"((SaO2 >= 0.000) U[0,0] (SBP >= 58.210))
",0.000,0.000,0.000,0.000,1.000,3,0,0,9,12,0,3,9,0.25,0.0,0.0,1.0,0.25,0.75,-1
"((MAP >= 43.938) U[1,2] (SBP <= 138.578))
",-9999999.000,-9999999.000,0.000,0.000,1.000,3,0,0,9,12,0,3,9,0.25,0.0,0.0,1.0,0.25,0.75,-1
"((Resp >= 9.945) U[1,2] (SepsisLabel >= 0.000))
",-9999999.000,-9999999.000,0.000,0.000,1.000,3,0,0,9,12,0,3,9,0.25,0.0,0.0,1.0,0.25,0.75,-1
"((Hgb >= 0.000) U[0,0] (Resp >= 0.430))
",2.147,59.475,0.000,0.000,1.000,3,0,0,9,12,0,3,9,0.25,0.0,0.0,1.0,0.25,0.75,-1
"((MAP >= 42.667) U[1,2] (SBP <= 127.314))
",-9999999.000,-9999999.000,0.000,0.000,1.000,3,0,0,9,12,0,3,9,0.25,0.0,0.0,1.0,0.25,0.75,-1
"F[0,0](((Chloride <= 0.000 | Temp >= 3.373) | Lactate <= 24.719) -> Resp >= 5.408)
",-2.869,-69.545,0.000,0.000,1.000,3,0,0,9,12,0,3,9,0.25,0.0,0.0,1.0,0.25,0.75,-1
"((PaCO2 >= 0.000) U[0,0] (SBP >= 98.452))
",0.000,0.000,0.000,0.000,1.000,3,0,0,9,12,0,3,9,0.25,0.0,0.0,1.0,0.25,0.75,-1
"((Bilirubin_total >= 0.026) U[1,2] (O2Sat >= 34.280))
",-9999999.000,-9999999.000,0.000,0.000,1.000,3,0,0,9,12,0,3,9,0.25,0.0,0.0,1.0,0.25,0.75,-1
"((Potassium <= 1.957) U[1,2] (SBP >= 6.489))
",-9999999.000,-9999999.000,0.000,0.000,1.000,3,0,0,9,12,0,3,9,0.25,0.0,0.0,1.0,0.25,0.75,-1
"F[0,0]((HR >= 12.629 -> Alkalinephos <= 24.929) -> MAP >= 0.167)
",-2.188,-102.041,0.000,0.000,1.000,3,0,0,9,12,0,3,9,0.25,0.0,0.0,1.0,0.25,0.75,-1
"((MAP >= 36.443) U[1,2] (SBP <= 128.901))
",-9999999.000,-9999999.000,0.000,0.000,1.000,3,0,0,9,12,0,3,9,0.25,0.0,0.0,1.0,0.25,0.75,-1
"((MAP >= 46.262) U[1,2] (SBP <= 130.347))
",-9999999.000,-9999999.000,0.000,0.000,1.000,3,0,0,9,12,0,3,9,0.25,0.0,0.0,1.0,0.25,0.75,-1
"F[0,0](((Alkalinephos <= 31.300 | Glucose >= 5.743) | HR >= 2.065) & SBP >= 6.286)
",-0.017,-0.236,0.000,0.000,1.000,3,0,0,9,12,0,3,9,0.25,0.0,0.0,1.0,0.25,0.75,-1
"G[0,0](((Phosphate >= 0.000 & Lactate <= 0.000) & TroponinI <= 0.000) -> MAP <= 0.000)
",0.000,0.000,0.000,1.000,0.000,3,0,0,9,12,0,3,9,0.25,0.0,0.0,1.0,0.25,0.75,1
"G[1,1]((SBP >= 47.187 & O2Sat >= 23.261) | Temp >= 38.403)
",-38.403,-38.403,0.000,1.000,0.000,3,0,0,9,12,0,3,9,0.25,0.0,0.0,1.0,0.25,0.75,1
"F[0,0](((Alkalinephos >= 1.924 & BUN <= 13.285) -> MAP <= 2.136) & DBP >= 0.394)
",0.825,1.248,0.000,0.000,1.000,3,0,0,9,12,0,3,9,0.25,0.0,0.0,1.0,0.25,0.75,-1
"F[0,0]((Phosphate >= 0.000 & Magnesium > 0.029) -> Calcium < 0.873)
",-0.873,-0.873,0.000,0.000,1.000,2,0,0,10,12,0,2,10,0.16666666666666666,0.0,0.0,1.0,0.16666666666666666,0.8333333333333334,-1
"((O2Sat <= 71.976) U[0,1] (DBP <= 74.017))
",-9999999.000,-9999999.000,0.000,0.000,1.000,2,0,0,10,12,0,2,10,0.16666666666666666,0.0,0.0,1.0,0.16666666666666666,0.8333333333333334,-1
"F[0,0](Glucose >= 4.423 -> Glucose <= 75.441)
",-5308666634949327.000,-75.441,0.000,0.000,1.000,2,0,0,10,12,0,2,10,0.16666666666666666,0.0,0.0,1.0,0.16666666666666666,0.8333333333333334,-1
"F[0,0]((HCO3 >= 0.000 -> Calcium >= 0.571) -> HR <= 1.732)
",0.000,0.000,0.000,0.000,1.000,2,0,0,10,12,0,2,10,0.16666666666666666,0.0,0.0,1.0,0.16666666666666666,0.8333333333333334,-1
"F[0,0]((Glucose >= 2.942 | Magnesium <= 0.720) & FiO2 <= 0.760)
",6489223689659313.000,0.720,0.000,0.000,1.000,2,0,0,10,12,0,2,10,0.16666666666666666,0.0,0.0,1.0,0.16666666666666666,0.8333333333333334,-1
"F[0,0]((FiO2 >= 0.007 -> TroponinI <= 0.000) & FiO2 <= 0.000)
",0.000,0.000,0.000,0.000,1.000,2,0,0,10,12,0,2,10,0.16666666666666666,0.0,0.0,1.0,0.16666666666666666,0.8333333333333334,-1
"F[0,0](FiO2 <= 0.121 -> Temp <= 22.585)
",-1.194,-13.225,0.000,0.000,1.000,2,0,0,10,12,0,2,10,0.16666666666666666,0.0,0.0,1.0,0.16666666666666666,0.8333333333333334,-1
"F[0,0](((Calcium >= 0.510 -> Creatinine >= 0.013) | MAP >= 0.062) & Calcium <= 0.648)
",2.293,0.542,0.000,0.000,1.000,2,0,0,10,12,0,2,10,0.16666666666666666,0.0,0.0,1.0,0.16666666666666666,0.8333333333333334,-1
"F[0,0](BUN <= 4.027 | Temp >= 3.310)
",0.936,41.220,0.000,0.000,1.000,2,0,0,10,12,0,2,10,0.16666666666666666,0.0,0.0,1.0,0.16666666666666666,0.8333333333333334,-1
"((HR >= 32.667) U[0,0] (Calcium <= 4.138))
",5207745159849670.000,37891.333,0.000,0.000,1.000,2,0,0,10,12,0,2,10,0.16666666666666666,0.0,0.0,1.0,0.16666666666666666,0.8333333333333334,-1
"F[1,1](SBP >= 74.816 & SepsisLabel = 0.000)
",-5264697503706611.000,-74.816,0.000,0.000,1.000,1,0,0,11,12,0,1,11,0.08333333333333333,0.0,0.0,1.0,0.08333333333333333,0.9166666666666666,-1
"F[1,1](((Hct <= 0.000 | FiO2 >= 0.003) & Resp <= 0.173) -> SepsisLabel >= 0.004)
",0.000,0.000,0.000,0.000,1.000,1,0,0,11,12,0,1,11,0.08333333333333333,0.0,0.0,1.0,0.08333333333333333,0.9166666666666666,-1
"F[0,0]((WBC <= 0.000 & AST <= 2.818) | Temp >= 0.069)
",0.845,40.221,0.000,0.000,1.000,1,0,0,11,12,0,1,11,0.08333333333333333,0.0,0.0,1.0,0.08333333333333333,0.9166666666666666,-1
"F[0,1]((Alkalinephos >= 0.870 | DBP <= 80.937) & WBC <= 73.309)
",-9999999.000,-9999999.000,0.000,0.000,1.000,1,0,0,11,12,0,1,11,0.08333333333333333,0.0,0.0,1.0,0.08333333333333333,0.9166666666666666,-1
"F[0,1](Platelets > 0.000 -> SepsisLabel = 0.000)
",-9999999.000,-9999999.000,0.000,0.000,1.000,0,0,0,12,12,0,0,12,0.0,0.0,0.0,0.0,0.0,1.0,-1
"((Creatinine >= 0.024) U[0,2] (Phosphate >= 0.000))
",-9999999.000,-9999999.000,0.000,0.000,1.000,0,0,0,12,12,0,0,12,0.0,0.0,0.0,0.0,0.0,1.0,-1
"F[0,2](((BUN >= 0.704 & SepsisLabel <= 0.000) & PTT >= 0.000) -> Resp >= 0.000)
",-9999999.000,-9999999.000,0.000,0.000,1.000,0,0,0,12,12,0,0,12,0.0,0.0,0.0,0.0,0.0,1.0,-1
"((PTT <= 0.000) U[1,2] (Magnesium <= 1.981))
",-9999999.000,-9999999.000,0.000,0.000,1.000,0,0,0,12,12,0,0,12,0.0,0.0,0.0,0.0,0.0,1.0,-1
"F[1,1](Hgb <= 0.000 | Hct <= 0.000)
",0.000,0.000,0.000,0.000,1.000,0,0,0,12,12,0,0,12,0.0,0.0,0.0,0.0,0.0,1.0,-1
"F[1,2]((Magnesium >= 0.281 & HR >= 7.446) & Glucose >= 29.739)
",-9999999.000,-9999999.000,0.000,0.000,1.000,0,0,0,12,12,0,0,12,0.0,0.0,0.0,0.0,0.0,1.0,-1
"F[0,0]((Potassium <= 1.995 -> Glucose <= 94.424) | TroponinI <= 33.106)
",4659260262537155.000,33.106,0.000,0.000,1.000,0,0,0,12,12,0,0,12,0.0,0.0,0.0,0.0,0.0,1.0,-1
"F[1,2](Fibrinogen >= 0.000 -> SepsisLabel = 0.000)
",-9999999.000,-9999999.000,0.000,0.000,1.000,0,0,0,12,12,0,0,12,0.0,0.0,0.0,0.0,0.0,1.0,-1
"F[1,2](SaO2 > 0.000 -> SepsisLabel = 0.000)
",-9999999.000,-9999999.000,0.000,0.000,1.000,0,0,0,12,12,0,0,12,0.0,0.0,0.0,0.0,0.0,1.0,-1
"((FiO2 > 0.013) U[0,1] (SepsisLabel = 0.000))
",-9999999.000,-9999999.000,0.000,0.000,1.000,0,0,0,12,12,0,0,12,0.0,0.0,0.0,0.0,0.0,1.0,-1
"F[0,2](Bilirubin_direct > 0.000 & SepsisLabel = 0.000)
",-9999999.000,-9999999.000,0.000,0.000,1.000,0,0,0,12,12,0,0,12,0.0,0.0,0.0,0.0,0.0,1.0,-1
"F[1,2](SBP <= 140.576 & SepsisLabel = 0.000)
",-9999999.000,-9999999.000,0.000,0.000,1.000,0,0,0,12,12,0,0,12,0.0,0.0,0.0,0.0,0.0,1.0,-1
"((AST >= 0.241) U[0,2] (SepsisLabel = 0.000))
",-9999999.000,-9999999.000,0.000,0.000,1.000,0,0,0,12,12,0,0,12,0.0,0.0,0.0,0.0,0.0,1.0,-1
"F[1,2](Potassium > 0.291 -> SepsisLabel = 0.000)
",-9999999.000,-9999999.000,0.000,0.000,1.000,0,0,0,12,12,0,0,12,0.0,0.0,0.0,0.0,0.0,1.0,-1
"F[2,2](HCO3 <= 0.000 -> SepsisLabel = 0.000)
",0.000,0.000,0.000,0.000,1.000,0,0,0,12,12,0,0,12,0.0,0.0,0.0,0.0,0.0,1.0,-1
"F[1,1]((SepsisLabel >= 0.000 | PaCO2 <= 0.000) | Calcium <= 0.000)
",0.000,0.000,0.000,0.000,1.000,0,0,0,12,12,0,0,12,0.0,0.0,0.0,0.0,0.0,1.0,-1
"F[1,2](Lactate <= 0.000 -> SepsisLabel = 0.000)
",-9999999.000,-9999999.000,0.000,0.000,1.000,0,0,0,12,12,0,0,12,0.0,0.0,0.0,0.0,0.0,1.0,-1
"((Temp < 11.812) U[0,0] (SepsisLabel = 0.000))
",1.183,6.890,0.000,0.000,1.000,0,0,0,12,12,0,0,12,0.0,0.0,0.0,0.0,0.0,1.0,-1
"((Alkalinephos <= 32.986) U[0,1] (SepsisLabel <= 0.000))
",-9999999.000,-9999999.000,0.000,0.000,1.000,0,0,0,12,12,0,0,12,0.0,0.0,0.0,0.0,0.0,1.0,-1
"F[0,2]((SaO2 >= 0.000 & DBP >= 58.067) | BaseExcess <= 65.392)
",-9999999.000,-9999999.000,0.000,0.000,1.000,0,0,0,12,12,0,0,12,0.0,0.0,0.0,0.0,0.0,1.0,-1
"F[0,1](Glucose <= 78.288 -> Bilirubin_direct <= 0.000)
",-9999999.000,-9999999.000,0.000,0.000,1.000,0,0,0,12,12,0,0,12,0.0,0.0,0.0,0.0,0.0,1.0,-1
"F[0,2](((WBC >= 0.000 | MAP >= 42.503) -> Alkalinephos >= 63.344) | Lactate >= 20.278)
",-9999999.000,-9999999.000,0.000,0.000,1.000,0,0,0,12,12,0,0,12,0.0,0.0,0.0,0.0,0.0,1.0,-1
"F[2,2]((HR <= 58.266 & Potassium <= 0.792) -> MAP <= 3.478)
",-7832721357394849.000,-3.478,0.000,0.000,1.000,0,0,0,12,12,0,0,12,0.0,0.0,0.0,0.0,0.0,1.0,-1
"F[1,2](((Hgb >= 0.000 | Fibrinogen <= 0.000) | Lactate <= 0.000) | Temp <= 0.000)
",-9999999.000,-9999999.000,0.000,0.000,1.000,0,0,0,12,12,0,0,12,0.0,0.0,0.0,0.0,0.0,1.0,-1
"F[1,1](((Lactate <= 0.000 | Fibrinogen >= 0.000) & SepsisLabel <= 0.000) & HCO3 >= 0.000)
",0.000,0.000,0.000,0.000,1.000,0,0,0,12,12,0,0,12,0.0,0.0,0.0,0.0,0.0,1.0,-1
"F[0,2](Lactate >= 0.000 & Fibrinogen <= 0.000)
",-9999999.000,-9999999.000,0.000,0.000,1.000,0,0,0,12,12,0,0,12,0.0,0.0,0.0,0.0,0.0,1.0,-1
"F[2,2]((Chloride <= 0.000 | Hgb >= 0.000) -> Chloride >= 0.000)
",0.000,0.000,0.000,0.000,1.000,0,0,0,12,12,0,0,12,0.0,0.0,0.0,0.0,0.0,1.0,-1
"F[0,2]((Chloride <= 0.000 -> Creatinine <= 0.679) | Phosphate >= 0.047)
",-9999999.000,-9999999.000,0.000,0.000,1.000,0,0,0,12,12,0,0,12,0.0,0.0,0.0,0.0,0.0,1.0,-1
"F[0,1]((Bilirubin_total >= 0.005 & FiO2 <= 0.029) -> Hgb <= 0.051)
",-9999999.000,-9999999.000,0.000,0.000,1.000,0,0,0,12,12,0,0,12,0.0,0.0,0.0,0.0,0.0,1.0,-1
"F[0,0](((Lactate >= 0.000 & Glucose <= 37.894) & Platelets >= 7.982) -> Glucose >= 6.614)
",7447087064654165.000,6.614,0.000,0.000,1.000,0,0,0,12,12,0,0,12,0.0,0.0,0.0,0.0,0.0,1.0,-1
"F[2,2](Alkalinephos >= 0.367 | SepsisLabel <= 0.000)
",0.000,0.000,0.000,0.000,1.000,0,0,0,12,12,0,0,12,0.0,0.0,0.0,0.0,0.0,1.0,-1
"((Phosphate <= 0.000) U[1,2] (Hct <= 0.000))
",-9999999.000,-9999999.000,0.000,0.000,1.000,0,0,0,12,12,0,0,12,0.0,0.0,0.0,0.0,0.0,1.0,-1
"F[2,2](((Chloride <= 0.000 -> Hct >= 0.000) -> HCO3 >= 0.000) -> WBC <= 0.000)
",0.000,0.000,0.000,0.000,1.000,0,0,0,12,12,0,0,12,0.0,0.0,0.0,0.0,0.0,1.0,-1
"F[1,1]((SaO2 <= 0.000 -> HR >= 43.439) | Calcium <= 71.071)
",5001183811139997.000,71.071,0.000,0.000,1.000,0,0,0,12,12,0,0,12,0.0,0.0,0.0,0.0,0.0,1.0,-1
"F[2,2]((Bilirubin_direct <= 0.000 | BaseExcess <= 0.000) -> Lactate <= 0.000)
",0.000,0.000,0.000,0.000,1.000,0,0,0,12,12,0,0,12,0.0,0.0,0.0,0.0,0.0,1.0,-1
"F[0,1](((Alkalinephos <= 3.427 -> BaseExcess >= 0.000) -> O2Sat >= 0.000) | Temp >= 0.000)
",-9999999.000,-9999999.000,0.000,0.000,1.000,0,0,0,12,12,0,0,12,0.0,0.0,0.0,0.0,0.0,1.0,-1
"F[0,0](((BUN <= 5.297 & Lactate <= 0.000) -> FiO2 >= 0.000) & Temp >= 0.000)
",0.000,0.000,0.000,0.000,1.000,0,0,0,12,12,0,0,12,0.0,0.0,0.0,0.0,0.0,1.0,-1
"F[1,1](((Chloride >= 0.000 | HCO3 >= 0.000) & HCO3 <= 0.000) | Alkalinephos <= 0.000)
",0.000,0.000,0.000,0.000,1.000,0,0,0,12,12,0,0,12,0.0,0.0,0.0,0.0,0.0,1.0,-1
"F[1,1]((PaCO2 <= 0.000 -> Chloride <= 0.000) -> Lactate >= 0.000)
",0.000,0.000,0.000,0.000,1.000,0,0,0,12,12,0,0,12,0.0,0.0,0.0,0.0,0.0,1.0,-1
"G[2,2](BUN <= 20.159 & Creatinine >= 0.069)
",-0.069,-0.069,0.000,1.000,0.000,0,0,12,0,0,12,12,0,0.0,0.0,1.0,0.0,0.0,1.0,1
"((SaO2 <= 0.000) U[2,2] (SepsisLabel = 0.000))
",0.000,0.000,0.000,0.000,1.000,0,0,0,12,12,0,0,12,0.0,0.0,0.0,0.0,0.0,1.0,-1
"F[0,2](((Chloride >= 0.000 & HR <= 55.351) -> Magnesium >= 31.105) & Bilirubin_total <= 66.772)
",-9999999.000,-9999999.000,0.000,0.000,1.000,0,0,0,12,12,0,0,12,0.0,0.0,0.0,0.0,0.0,1.0,-1
"F[2,2](((Bilirubin_total <= 0.565 -> Calcium >= 0.157) | BaseExcess <= 3.062) & Hgb >= 0.603)
",-5434365357185031.000,-0.603,0.000,0.000,1.000,0,0,0,12,12,0,0,12,0.0,0.0,0.0,0.0,0.0,1.0,-1
"F[1,1](((MAP <= 95.317 & SepsisLabel >= 0.000) -> AST >= 0.000) & FiO2 <= 0.000)
",0.000,0.000,0.000,0.000,1.000,0,0,0,12,12,0,0,12,0.0,0.0,0.0,0.0,0.0,1.0,-1
"F[0,2](((HR >= 16.234 & Platelets <= 0.000) | BUN <= 0.000) -> Alkalinephos <= 0.000)
",-9999999.000,-9999999.000,0.000,0.000,1.000,0,0,0,12,12,0,0,12,0.0,0.0,0.0,0.0,0.0,1.0,-1
"((HCO3 <= 0.000) U[1,2] (HR >= 0.426))
",-9999999.000,-9999999.000,0.000,0.000,1.000,0,0,0,12,12,0,0,12,0.0,0.0,0.0,0.0,0.0,1.0,-1
"F[1,2](Magnesium >= 0.046 & SBP <= 129.804)
",-9999999.000,-9999999.000,0.000,0.000,1.000,0,0,0,12,12,0,0,12,0.0,0.0,0.0,0.0,0.0,1.0,-1
"F[0,2]((Phosphate >= 0.000 | O2Sat >= 31.459) -> FiO2 >= 13.607)
",-9999999.000,-9999999.000,0.000,0.000,1.000,0,0,0,12,12,0,0,12,0.0,0.0,0.0,0.0,0.0,1.0,-1
"F[0,1]((Creatinine >= 0.050 -> Chloride >= 0.000) -> Bilirubin_total >= 0.000)
",-9999999.000,-9999999.000,0.000,0.000,1.000,0,0,0,12,12,0,0,12,0.0,0.0,0.0,0.0,0.0,1.0,-1
"F[0,0](EtCO2 >= 0.000 & Hct <= 0.000)
",0.000,0.000,0.000,0.000,1.000,0,0,0,12,12,0,0,12,0.0,0.0,0.0,0.0,0.0,1.0,-1
"F[0,2]((Phosphate <= 0.000 -> pH <= 0.000) -> Hct <= 0.000)
",-9999999.000,-9999999.000,0.000,0.000,1.000,0,0,0,12,12,0,0,12,0.0,0.0,0.0,0.0,0.0,1.0,-1
"F[0,1]((Resp <= 23.324 | pH >= 0.000) & Fibrinogen >= 0.000)
",-9999999.000,-9999999.000,0.000,0.000,1.000,0,0,0,12,12,0,0,12,0.0,0.0,0.0,0.0,0.0,1.0,-1
"F[1,2]((BUN >= 1.882 & PTT >= 0.000) & HR <= 0.000)
",-9999999.000,-9999999.000,0.000,0.000,1.000,0,0,0,12,12,0,0,12,0.0,0.0,0.0,0.0,0.0,1.0,-1
"F[1,2]((SaO2 >= 0.000 & SaO2 >= 0.000) & Platelets >= 0.000)
",-9999999.000,-9999999.000,0.000,0.000,1.000,0,0,0,12,12,0,0,12,0.0,0.0,0.0,0.0,0.0,1.0,-1
"F[0,1]((Potassium <= 1.928 -> Platelets <= 0.000) & Hgb <= 0.000)
",-9999999.000,-9999999.000,0.000,0.000,1.000,0,0,0,12,12,0,0,12,0.0,0.0,0.0,0.0,0.0,1.0,-1
"((Creatinine >= 0.066) U[0,2] (O2Sat <= 42.225))
",-9999999.000,-9999999.000,0.000,0.000,1.000,0,0,0,12,12,0,0,12,0.0,0.0,0.0,0.0,0.0,1.0,-1
"F[1,2]((SBP >= 89.643 & Platelets >= 0.000) & Magnesium <= 0.000)
",-9999999.000,-9999999.000,0.000,0.000,1.000,0,0,0,12,12,0,0,12,0.0,0.0,0.0,0.0,0.0,1.0,-1
"F[0,2](Platelets >= 0.000 & WBC <= 0.000)
",-9999999.000,-9999999.000,0.000,0.000,1.000,0,0,0,12,12,0,0,12,0.0,0.0,0.0,0.0,0.0,1.0,-1
"F[1,2](((Platelets >= 0.000 & Temp >= 4.256) | Chloride <= 16.085) & SepsisLabel <= 10.386)
",-9999999.000,-9999999.000,0.000,0.000,1.000,0,0,0,12,12,0,0,12,0.0,0.0,0.0,0.0,0.0,1.0,-1
"F[0,1]((SaO2 <= 0.000 -> Hct >= 0.000) -> Phosphate <= 0.000)
",-9999999.000,-9999999.000,0.000,0.000,1.000,0,0,0,12,12,0,0,12,0.0,0.0,0.0,0.0,0.0,1.0,-1
"F[1,2]((Potassium <= 1.531 -> MAP >= 9.002) -> AST >= 45.915)
",-9999999.000,-9999999.000,0.000,0.000,1.000,0,0,0,12,12,0,0,12,0.0,0.0,0.0,0.0,0.0,1.0,-1
"F[0,0](Glucose <= 67.912 | Hgb >= 0.000)
",67.912,67.912,0.000,0.000,1.000,0,0,0,12,12,0,0,12,0.0,0.0,0.0,0.0,0.0,1.0,-1
"((Chloride >= 0.000) U[2,2] (pH >= 0.000))
",0.000,0.000,0.000,0.000,1.000,0,0,0,12,12,0,0,12,0.0,0.0,0.0,0.0,0.0,1.0,-1
"F[1,2](Hct >= 0.000 | BaseExcess >= 0.000)
",-9999999.000,-9999999.000,0.000,0.000,1.000,0,0,0,12,12,0,0,12,0.0,0.0,0.0,0.0,0.0,1.0,-1
"F[1,1](((Glucose <= 62.128 | Fibrinogen >= 0.000) -> PaCO2 <= 0.000) & Platelets >= 0.000)
",-8743690613213313.000,-62.128,0.000,0.000,1.000,0,0,0,12,12,0,0,12,0.0,0.0,0.0,0.0,0.0,1.0,-1
"F[0,1]((Chloride <= 0.000 | Temp <= 25.723) | HCO3 >= 1.771)
",-9999999.000,-9999999.000,0.000,0.000,1.000,0,0,0,12,12,0,0,12,0.0,0.0,0.0,0.0,0.0,1.0,-1
"F[1,2]((pH <= 0.000 & EtCO2 <= 0.000) -> Lactate <= 0.000)
",-9999999.000,-9999999.000,0.000,0.000,1.000,0,0,0,12,12,0,0,12,0.0,0.0,0.0,0.0,0.0,1.0,-1
"((PTT >= 0.000) U[0,2] (Bilirubin_direct >= 0.000))
",-9999999.000,-9999999.000,0.000,0.000,1.000,0,0,0,12,12,0,0,12,0.0,0.0,0.0,0.0,0.0,1.0,-1
"F[1,2]((Fibrinogen <= 0.000 -> HCO3 >= 0.000) | Chloride >= 0.000)
",-9999999.000,-9999999.000,0.000,0.000,1.000,0,0,0,12,12,0,0,12,0.0,0.0,0.0,0.0,0.0,1.0,-1
"((Fibrinogen <= 0.000) U[1,1] (PTT >= 0.000))
",0.000,0.000,0.000,0.000,1.000,0,0,0,12,12,0,0,12,0.0,0.0,0.0,0.0,0.0,1.0,-1
"F[0,1]((EtCO2 >= 0.000 -> BaseExcess >= 0.000) & HR >= 0.000)
",-9999999.000,-9999999.000,0.000,0.000,1.000,0,0,0,12,12,0,0,12,0.0,0.0,0.0,0.0,0.0,1.0,-1
"((Platelets >= 0.000) U[0,2] (SepsisLabel >= 0.000))
",-9999999.000,-9999999.000,0.000,0.000,1.000,0,0,0,12,12,0,0,12,0.0,0.0,0.0,0.0,0.0,1.0,-1
"F[0,2]((HCO3 >= 0.000 & SBP >= 82.487) | Hct >= 43.629)
",-9999999.000,-9999999.000,0.000,0.000,1.000,0,0,0,12,12,0,0,12,0.0,0.0,0.0,0.0,0.0,1.0,-1
"F[0,2](((HR <= 70.063 | SaO2 >= 0.000) -> Hgb <= 0.000) -> Magnesium <= 0.000)
",-9999999.000,-9999999.000,0.000,0.000,1.000,0,0,0,12,12,0,0,12,0.0,0.0,0.0,0.0,0.0,1.0,-1
"F[1,2](Resp >= 12.929 -> HR <= 56.788)
",-9999999.000,-9999999.000,0.000,0.000,1.000,0,0,0,12,12,0,0,12,0.0,0.0,0.0,0.0,0.0,1.0,-1
"((BaseExcess <= 0.000) U[0,2] (BUN <= 5.038))
",-9999999.000,-9999999.000,0.000,0.000,1.000,0,0,0,12,12,0,0,12,0.0,0.0,0.0,0.0,0.0,1.0,-1
"F[2,2](((BUN >= 0.593 | Calcium >= 0.416) -> SaO2 >= 0.010) | SaO2 <= 8.334)
",8.334,8.334,0.000,0.000,1.000,0,0,0,12,12,0,0,12,0.0,0.0,0.0,0.0,0.0,1.0,-1
"((SaO2 <= 0.000) U[1,2] (Magnesium <= 0.839))
",-9999999.000,-9999999.000,0.000,0.000,1.000,0,0,0,12,12,0,0,12,0.0,0.0,0.0,0.0,0.0,1.0,-1
"F[0,1](((FiO2 >= 0.008 | PTT >= 0.000) | Hgb <= 0.000) & HR >= 0.000)
",-9999999.000,-9999999.000,0.000,0.000,1.000,0,0,0,12,12,0,0,12,0.0,0.0,0.0,0.0,0.0,1.0,-1
"F[0,2](((Hct >= 0.000 | MAP >= 15.341) | Fibrinogen >= 20.080) | FiO2 <= 96.309)
",-9999999.000,-9999999.000,0.000,0.000,1.000,0,0,0,12,12,0,0,12,0.0,0.0,0.0,0.0,0.0,1.0,-1
"F[2,2](((PTT >= 0.000 -> Bilirubin_total >= 0.017) | O2Sat >= 0.023) -> Hgb <= 0.307)
",-5536595981834423.000,-0.307,0.000,0.000,1.000,0,0,0,12,12,0,0,12,0.0,0.0,0.0,0.0,0.0,1.0,-1
"F[0,0](Hgb <= 0.000 & SaO2 <= 0.000)
",0.000,0.000,0.000,0.000,1.000,0,0,0,12,12,0,0,12,0.0,0.0,0.0,0.0,0.0,1.0,-1
"F[1,2](Chloride >= 0.000 -> Creatinine >= 0.005)
",-9999999.000,-9999999.000,0.000,0.000,1.000,0,0,0,12,12,0,0,12,0.0,0.0,0.0,0.0,0.0,1.0,-1
"F[0,2](Platelets >= 0.000 | Hct <= 0.000)
",-9999999.000,-9999999.000,0.000,0.000,1.000,0,0,0,12,12,0,0,12,0.0,0.0,0.0,0.0,0.0,1.0,-1
"F[1,2](((Creatinine <= 0.306 & Hct >= 0.000) -> SepsisLabel >= 0.000) | Platelets >= 0.000)
",-9999999.000,-9999999.000,0.000,0.000,1.000,0,0,0,12,12,0,0,12,0.0,0.0,0.0,0.0,0.0,1.0,-1
"F[1,2]((Glucose <= 17.855 -> Hgb <= 0.000) -> PaCO2 <= 0.000)
",-9999999.000,-9999999.000,0.000,0.000,1.000,0,0,0,12,12,0,0,12,0.0,0.0,0.0,0.0,0.0,1.0,-1
"((EtCO2 >= 0.000) U[0,2] (SepsisLabel = 0.000))
",-9999999.000,-9999999.000,0.000,0.000,1.000,0,0,0,12,12,0,0,12,0.0,0.0,0.0,0.0,0.0,1.0,-1
"((pH >= 0.000) U[1,1] (SepsisLabel = 0.000))
",0.000,0.000,0.000,0.000,1.000,0,0,0,12,12,0,0,12,0.0,0.0,0.0,0.0,0.0,1.0,-1
"F[0,0](SepsisLabel <= 0.000 & Hgb >= 0.000)
",0.000,0.000,0.000,0.000,1.000,0,0,0,12,12,0,0,12,0.0,0.0,0.0,0.0,0.0,1.0,-1
"F[1,2](FiO2 >= 0.002 & AST >= 0.432)
",-9999999.000,-9999999.000,0.000,0.000,1.000,0,0,0,12,12,0,0,12,0.0,0.0,0.0,0.0,0.0,1.0,-1
"F[0,1](Hgb >= 0.000 -> Resp >= 2.758)
",-9999999.000,-9999999.000,0.000,0.000,1.000,0,0,0,12,12,0,0,12,0.0,0.0,0.0,0.0,0.0,1.0,-1
"F[1,1]((EtCO2 <= 0.000 & Hct <= 0.000) & Platelets >= 0.000)
",0.000,0.000,0.000,0.000,1.000,0,0,0,12,12,0,0,12,0.0,0.0,0.0,0.0,0.0,1.0,-1
"F[0,2]((pH >= 0.000 -> Glucose <= 8.153) & Bilirubin_total <= 64.730)
",-9999999.000,-9999999.000,0.000,0.000,1.000,0,0,0,12,12,0,0,12,0.0,0.0,0.0,0.0,0.0,1.0,-1
"F[0,1](((Platelets >= 0.000 -> HR <= 53.425) | SepsisLabel >= 12.935) | PaCO2 <= 55.439)
",-9999999.000,-9999999.000,0.000,0.000,1.000,0,0,0,12,12,0,0,12,0.0,0.0,0.0,0.0,0.0,1.0,-1
"F[0,1](Platelets >= 0.000 -> HR <= 65.066)
",-9999999.000,-9999999.000,0.000,0.000,1.000,0,0,0,12,12,0,0,12,0.0,0.0,0.0,0.0,0.0,1.0,-1
"F[2,2]((Platelets >= 0.000 | WBC >= 0.000) | Glucose >= 0.000)
",0.000,0.000,0.000,0.000,1.000,0,0,0,12,12,0,0,12,0.0,0.0,0.0,0.0,0.0,1.0,-1
"F[1,2](((Phosphate >= 0.000 -> O2Sat <= 85.563) & Hct <= 67.922) & Chloride <= 78.533)
",-9999999.000,-9999999.000,0.000,0.000,1.000,0,0,0,12,12,0,0,12,0.0,0.0,0.0,0.0,0.0,1.0,-1
"F[0,1](((Phosphate <= 0.000 & SepsisLabel >= 0.000) & MAP <= 0.000) | Resp >= 0.000)
",-9999999.000,-9999999.000,0.000,0.000,1.000,0,0,0,12,12,0,0,12,0.0,0.0,0.0,0.0,0.0,1.0,-1
"F[1,2](PTT >= 0.000 -> O2Sat >= 39.828)
",-9999999.000,-9999999.000,0.000,0.000,1.000,0,0,0,12,12,0,0,12,0.0,0.0,0.0,0.0,0.0,1.0,-1
"F[0,1](MAP >= 47.461 | Lactate <= 0.000)
",-9999999.000,-9999999.000,0.000,0.000,1.000,0,0,0,12,12,0,0,12,0.0,0.0,0.0,0.0,0.0,1.0,-1
"F[1,2](((Magnesium <= 0.635 & O2Sat >= 35.054) -> SBP <= 40.817) | HCO3 >= 5.397)
",-9999999.000,-9999999.000,0.000,0.000,1.000,0,0,0,12,12,0,0,12,0.0,0.0,0.0,0.0,0.0,1.0,-1
"F[1,1](((HR >= 36.611 | Temp >= 0.696) & AST >= 5.960) | BaseExcess <= 20.823)
",5861247390009367.000,20.823,0.000,0.000,1.000,0,0,0,12,12,0,0,12,0.0,0.0,0.0,0.0,0.0,1.0,-1
"F[1,2](((EtCO2 <= 0.000 & HR <= 58.205) | Phosphate <= 56.470) -> Alkalinephos >= 14.495)
",-9999999.000,-9999999.000,0.000,0.000,1.000,0,0,0,12,12,0,0,12,0.0,0.0,0.0,0.0,0.0,1.0,-1
"F[0,1](((Calcium <= 4.853 & Potassium >= 0.228) & WBC <= 3.289) -> TroponinI >= 0.271)
",-9999999.000,-9999999.000,0.000,0.000,1.000,0,0,0,12,12,0,0,12,0.0,0.0,0.0,0.0,0.0,1.0,-1
"((pH >= 0.000) U[0,1] (HCO3 <= 0.000))
",-9999999.000,-9999999.000,0.000,0.000,1.000,0,0,0,12,12,0,0,12,0.0,0.0,0.0,0.0,0.0,1.0,-1
"F[0,2](((AST >= 1.087 -> HCO3 >= 0.000) & pH >= 0.000) & FiO2 >= 0.000)
",-9999999.000,-9999999.000,0.000,0.000,1.000,0,0,0,12,12,0,0,12,0.0,0.0,0.0,0.0,0.0,1.0,-1
"F[0,2](Glucose <= 61.962 -> HR <= 55.033)
",-9999999.000,-9999999.000,0.000,0.000,1.000,0,0,0,12,12,0,0,12,0.0,0.0,0.0,0.0,0.0,1.0,-1
"F[0,2](((HCO3 <= 0.000 -> Bilirubin_direct >= 0.000) -> Calcium <= 0.000) -> Calcium >= 0.000)
",-9999999.000,-9999999.000,0.000,0.000,1.000,0,0,0,12,12,0,0,12,0.0,0.0,0.0,0.0,0.0,1.0,-1
"F[0,2]((Glucose >= 0.747 | Potassium <= 1.697) | Creatinine <= 1.046)
",-9999999.000,-9999999.000,0.000,0.000,1.000,0,0,0,12,12,0,0,12,0.0,0.0,0.0,0.0,0.0,1.0,-1
"F[1,2]((Potassium <= 3.703 | Creatinine >= 0.011) & pH <= 0.394)
",-9999999.000,-9999999.000,0.000,0.000,1.000,0,0,0,12,12,0,0,12,0.0,0.0,0.0,0.0,0.0,1.0,-1
"F[0,1]((Fibrinogen <= 0.000 & DBP >= 18.636) & Phosphate <= 79.124)
",-9999999.000,-9999999.000,0.000,0.000,1.000,0,0,0,12,12,0,0,12,0.0,0.0,0.0,0.0,0.0,1.0,-1
"F[2,2](Fibrinogen >= 0.000 & Resp >= 13.573)
",-13.573,-13.573,0.000,0.000,1.000,0,0,0,12,12,0,0,12,0.0,0.0,0.0,0.0,0.0,1.0,-1
"F[1,2](((SaO2 >= 0.000 -> Bilirubin_total >= 0.017) & Hgb <= 0.228) | WBC <= 0.508)
",-9999999.000,-9999999.000,0.000,0.000,1.000,0,0,0,12,12,0,0,12,0.0,0.0,0.0,0.0,0.0,1.0,-1
"F[2,2]((SepsisLabel <= 0.000 -> Hct >= 0.000) | WBC >= 0.000)
",0.000,0.000,0.000,0.000,1.000,0,0,0,12,12,0,0,12,0.0,0.0,0.0,0.0,0.0,1.0,-1
"F[2,2](((DBP <= 59.949 & HCO3 <= 0.000) | Hct <= 0.000) | MAP <= 0.000)
",0.000,0.000,0.000,0.000,1.000,0,0,0,12,12,0,0,12,0.0,0.0,0.0,0.0,0.0,1.0,-1
"((MAP <= 80.486) U[0,2] (TroponinI >= 0.000))
",-9999999.000,-9999999.000,0.000,0.000,1.000,0,0,0,12,12,0,0,12,0.0,0.0,0.0,0.0,0.0,1.0,-1
"F[0,2](((MAP >= 9.231 | HR <= 52.169) & Platelets >= 14.083) -> SaO2 >= 22.604)
",-9999999.000,-9999999.000,0.000,0.000,1.000,0,0,0,12,12,0,0,12,0.0,0.0,0.0,0.0,0.0,1.0,-1
"((EtCO2 <= 0.000) U[0,1] (Creatinine <= 0.432))
",-9999999.000,-9999999.000,0.000,0.000,1.000,0,0,0,12,12,0,0,12,0.0,0.0,0.0,0.0,0.0,1.0,-1
"F[0,2](((PaCO2 >= 0.000 -> Creatinine >= 0.014) -> O2Sat >= 0.045) -> EtCO2 <= 0.526)
",-9999999.000,-9999999.000,0.000,0.000,1.000,0,0,0,12,12,0,0,12,0.0,0.0,0.0,0.0,0.0,1.0,-1
"((Alkalinephos <= 5.687) U[0,1] (HCO3 >= 0.000))
",-9999999.000,-9999999.000,0.000,0.000,1.000,0,0,0,12,12,0,0,12,0.0,0.0,0.0,0.0,0.0,1.0,-1
"F[2,2](pH <= 0.000 -> Hct >= 0.000)
",0.000,0.000,0.000,0.000,1.000,0,0,0,12,12,0,0,12,0.0,0.0,0.0,0.0,0.0,1.0,-1
"F[2,2]((Lactate >= 0.000 -> Resp >= 15.407) & BUN >= 1.633)
",-3677220830024474.500,-1.633,0.000,0.000,1.000,0,0,0,12,12,0,0,12,0.0,0.0,0.0,0.0,0.0,1.0,-1
"((Magnesium <= 1.641) U[0,2] (MAP <= 80.996))
",-9999999.000,-9999999.000,0.000,0.000,1.000,0,0,0,12,12,0,0,12,0.0,0.0,0.0,0.0,0.0,1.0,-1
"((Creatinine <= 0.481) U[0,2] (Resp >= 16.259))
",-9999999.000,-9999999.000,0.000,0.000,1.000,0,0,0,12,12,0,0,12,0.0,0.0,0.0,0.0,0.0,1.0,-1
"((PTT < 0.000) U[0,1] (SepsisLabel = 0.000))
",-9999999.000,-9999999.000,0.000,0.000,1.000,0,0,0,12,12,0,0,12,0.0,0.0,0.0,0.0,0.0,1.0,-1
"((Creatinine <= 1.079) U[2,2] (MAP <= 97.698))
",97.698,97.698,0.000,0.000,1.000,0,0,0,12,12,0,0,12,0.0,0.0,0.0,0.0,0.0,1.0,-1
"F[0,2](Alkalinephos >= 0.425 & FiO2 >= 0.010)
",-9999999.000,-9999999.000,0.000,0.000,1.000,0,0,0,12,12,0,0,12,0.0,0.0,0.0,0.0,0.0,1.0,-1
"F[0,1](((Creatinine >= 0.010 | FiO2 >= 0.014) | Temp >= 0.000) | Platelets >= 0.009)
",-9999999.000,-9999999.000,0.000,0.000,1.000,0,0,0,12,12,0,0,12,0.0,0.0,0.0,0.0,0.0,1.0,-1
"F[0,1](((Calcium >= 0.021 & FiO2 >= 0.007) | O2Sat >= 0.013) | Chloride <= 0.208)
",-9999999.000,-9999999.000,0.000,0.000,1.000,0,0,0,12,12,0,0,12,0.0,0.0,0.0,0.0,0.0,1.0,-1
"F[1,2](AST >= 1.059 -> Temp >= 4.184)
",-9999999.000,-9999999.000,0.000,0.000,1.000,0,0,0,12,12,0,0,12,0.0,0.0,0.0,0.0,0.0,1.0,-1
"F[0,2]((Alkalinephos >= 0.968 | Temp >= 2.775) -> Magnesium <= 20.589)
",-9999999.000,-9999999.000,0.000,0.000,1.000,0,0,0,12,12,0,0,12,0.0,0.0,0.0,0.0,0.0,1.0,-1
"((BUN >= 0.551) U[0,1] (SBP >= 22.301))
",-9999999.000,-9999999.000,0.000,0.000,1.000,0,0,0,12,12,0,0,12,0.0,0.0,0.0,0.0,0.0,1.0,-1
"((Bilirubin_total <= 0.561) U[0,2] (HR >= 30.048))
",-9999999.000,-9999999.000,0.000,0.000,1.000,0,0,0,12,12,0,0,12,0.0,0.0,0.0,0.0,0.0,1.0,-1
"F[2,2](((AST <= 23.520 & Resp >= 12.527) -> Platelets <= 17.982) | EtCO2 <= 23.926)
",6734589093778393.000,23.926,0.000,0.000,1.000,0,0,0,12,12,0,0,12,0.0,0.0,0.0,0.0,0.0,1.0,-1
"F[1,1](((AST >= 0.609 -> HR <= 60.507) | BaseExcess >= 7.175) | AST >= 43.396)
",-8078094754415940.000,-7.175,0.000,0.000,1.000,0,0,0,12,12,0,0,12,0.0,0.0,0.0,0.0,0.0,1.0,-1
"F[1,2](Alkalinephos >= 2.221 & HR <= 65.386)
",-9999999.000,-9999999.000,0.000,0.000,1.000,0,0,0,12,12,0,0,12,0.0,0.0,0.0,0.0,0.0,1.0,-1
"F[2,2]((Calcium <= 7.297 | MAP >= 18.759) & Hgb <= 79.019)
",8215938164257652.000,7.297,0.000,0.000,1.000,0,0,0,12,12,0,0,12,0.0,0.0,0.0,0.0,0.0,1.0,-1
"F[0,0](((FiO2 >= 0.015 | HR <= 56.189) -> Hct >= 10.049) -> Resp <= 70.384)
",-0.536,-13.677,0.000,0.000,1.000,0,0,0,12,12,0,0,12,0.0,0.0,0.0,0.0,0.0,1.0,-1
"F[1,2](((Alkalinephos >= 1.122 -> MAP >= 9.346) | Alkalinephos >= 19.571) -> BaseExcess <= 88.647)
",-9999999.000,-9999999.000,0.000,0.000,1.000,0,0,0,12,12,0,0,12,0.0,0.0,0.0,0.0,0.0,1.0,-1
"F[1,2](((Bilirubin_total >= 0.026 | SBP >= 33.404) | Potassium <= 132.618) -> Temp <= 121.578)
",-9999999.000,-9999999.000,0.000,0.000,1.000,0,0,0,12,12,0,0,12,0.0,0.0,0.0,0.0,0.0,1.0,-1
"F[0,1](Bilirubin_total <= 0.304 & FiO2 <= 0.060)
",-9999999.000,-9999999.000,0.000,0.000,1.000,0,0,0,12,12,0,0,12,0.0,0.0,0.0,0.0,0.0,1.0,-1
"F[1,2](Alkalinephos <= 33.027 | Resp >= 16.113)
",-9999999.000,-9999999.000,0.000,0.000,1.000,0,0,0,12,12,0,0,12,0.0,0.0,0.0,0.0,0.0,1.0,-1
"F[0,2](BUN <= 10.764 | Resp >= 15.594)
",-9999999.000,-9999999.000,0.000,0.000,1.000,0,0,0,12,12,0,0,12,0.0,0.0,0.0,0.0,0.0,1.0,-1
"F[1,2](((DBP <= 79.840 | O2Sat >= 35.689) | EtCO2 <= 93.538) | SBP <= 78.819)
",-9999999.000,-9999999.000,0.000,0.000,1.000,0,0,0,12,12,0,0,12,0.0,0.0,0.0,0.0,0.0,1.0,-1
"F[1,1](FiO2 >= 0.006 -> SBP >= 62.614)
",6743434379349159.000,0.006,0.000,0.000,1.000,0,0,0,12,12,0,0,12,0.0,0.0,0.0,0.0,0.0,1.0,-1
"F[0,1](Alkalinephos >= 0.646 -> O2Sat >= 5.983)
",-9999999.000,-9999999.000,0.000,0.000,1.000,0,0,0,12,12,0,0,12,0.0,0.0,0.0,0.0,0.0,1.0,-1
"F[1,2](HR <= 69.702 -> Temp >= 0.646)
",-9999999.000,-9999999.000,0.000,0.000,1.000,0,0,0,12,12,0,0,12,0.0,0.0,0.0,0.0,0.0,1.0,-1
"F[1,1](MAP >= 36.862 | Potassium <= 0.706)
",0.706,0.706,0.000,0.000,1.000,0,0,0,12,12,0,0,12,0.0,0.0,0.0,0.0,0.0,1.0,-1
"F[0,2](((MAP <= 81.222 | O2Sat >= 36.704) & Alkalinephos >= 40.223) & WBC >= 30.680)
",-9999999.000,-9999999.000,0.000,0.000,1.000,0,0,0,12,12,0,0,12,0.0,0.0,0.0,0.0,0.0,1.0,-1
"F[1,2]((BUN >= 0.459 & O2Sat <= 73.016) -> Glucose <= 50.026)
",-9999999.000,-9999999.000,0.000,0.000,1.000,0,0,0,12,12,0,0,12,0.0,0.0,0.0,0.0,0.0,1.0,-1
"F[1,2](((AST <= 6.277 & Potassium <= 4.240) & PTT <= 2.485) | Resp <= 0.763)
",-9999999.000,-9999999.000,0.000,0.000,1.000,0,0,0,12,12,0,0,12,0.0,0.0,0.0,0.0,0.0,1.0,-1
"F[0,1]((Calcium >= 0.213 | DBP <= 88.618) -> SepsisLabel <= 66.485)
",-9999999.000,-9999999.000,0.000,0.000,1.000,0,0,0,12,12,0,0,12,0.0,0.0,0.0,0.0,0.0,1.0,-1
"F[1,2]((Bilirubin_total >= 0.016 & Potassium >= 0.605) | Glucose <= 1.564)
",-9999999.000,-9999999.000,0.000,0.000,1.000,0,0,0,12,12,0,0,12,0.0,0.0,0.0,0.0,0.0,1.0,-1
"F[0,0]((AST >= 1.193 & Magnesium >= 0.281) -> BUN >= 0.291)
",0.291,0.291,0.000,0.000,1.000,0,0,0,12,12,0,0,12,0.0,0.0,0.0,0.0,0.0,1.0,-1
"F[2,2]((O2Sat <= 80.011 | Temp >= 0.423) & BUN >= 5.734)
",-5.734,-5.734,0.000,0.000,1.000,0,0,0,12,12,0,0,12,0.0,0.0,0.0,0.0,0.0,1.0,-1
"F[1,2](((BUN >= 1.903 -> Potassium <= 3.544) | PaCO2 >= 0.466) & pH <= 3.044)
",-9999999.000,-9999999.000,0.000,0.000,1.000,0,0,0,12,12,0,0,12,0.0,0.0,0.0,0.0,0.0,1.0,-1
"F[2,2]((Creatinine <= 0.830 | Potassium >= 0.240) -> Bilirubin_total >= 0.338)
",-7478021019106501.000,-0.830,0.000,0.000,1.000,0,0,0,12,12,0,0,12,0.0,0.0,0.0,0.0,0.0,1.0,-1
"F[0,2](DBP >= 44.702 | Glucose <= 20.483)
",-9999999.000,-9999999.000,0.000,0.000,1.000,0,0,0,12,12,0,0,12,0.0,0.0,0.0,0.0,0.0,1.0,-1
"((Potassium <= 1.867) U[0,1] (WBC >= 0.000))
",-9999999.000,-9999999.000,0.000,0.000,1.000,0,0,0,12,12,0,0,12,0.0,0.0,0.0,0.0,0.0,1.0,-1
"F[0,2]((Fibrinogen <= 0.000 -> HR >= 47.739) | HCO3 >= 24.889)
",-9999999.000,-9999999.000,0.000,0.000,1.000,0,0,0,12,12,0,0,12,0.0,0.0,0.0,0.0,0.0,1.0,-1
"((BaseExcess <= 0.000) U[1,2] (Hct >= 0.000))
",-9999999.000,-9999999.000,0.000,0.000,1.000,0,0,0,12,12,0,0,12,0.0,0.0,0.0,0.0,0.0,1.0,-1
"((Temp <= 19.752) U[0,0] (SepsisLabel = 0.000))
",1.183,11.522,0.000,0.000,1.000,0,0,0,12,12,0,0,12,0.0,0.0,0.0,0.0,0.0,1.0,-1
"F[0,1]((BUN <= 20.159 -> Calcium >= 0.128) -> AST >= 0.602)
",-9999999.000,-9999999.000,0.000,0.000,1.000,0,0,0,12,12,0,0,12,0.0,0.0,0.0,0.0,0.0,1.0,-1
"F[2,2](((MAP <= 90.767 -> SBP >= 8.374) | HR <= 132.529) & Platelets >= 30.380)
",-30.380,-30.380,0.000,0.000,1.000,0,0,0,12,12,0,0,12,0.0,0.0,0.0,0.0,0.0,1.0,-1
"F[1,2]((Creatinine <= 0.482 -> Glucose <= 82.312) -> Potassium >= 4.696)
",-9999999.000,-9999999.000,0.000,0.000,1.000,0,0,0,12,12,0,0,12,0.0,0.0,0.0,0.0,0.0,1.0,-1
"F[0,1]((BUN <= 12.530 -> Glucose <= 46.425) -> MAP >= 1.518)
",-9999999.000,-9999999.000,0.000,0.000,1.000,0,0,0,12,12,0,0,12,0.0,0.0,0.0,0.0,0.0,1.0,-1
"F[2,2](AST <= 28.829 -> SepsisLabel = 0.000)
",-8114643242185407.000,-28.829,0.000,0.000,1.000,0,0,0,12,12,0,0,12,0.0,0.0,0.0,0.0,0.0,1.0,-1
"((Fibrinogen >= 0.000) U[2,2] (SepsisLabel = 0.000))
",0.000,0.000,0.000,0.000,1.000,0,0,0,12,12,0,0,12,0.0,0.0,0.0,0.0,0.0,1.0,-1
"F[1,2](Hgb <= 0.000 | Hct <= 0.000)
",-9999999.000,-9999999.000,0.000,0.000,1.000,0,0,0,12,12,0,0,12,0.0,0.0,0.0,0.0,0.0,1.0,-1
"F[0,1]((DBP >= 16.887 | SBP <= 120.028) | DBP >= 72.991)
",-9999999.000,-9999999.000,0.000,0.000,1.000,0,0,0,12,12,0,0,12,0.0,0.0,0.0,0.0,0.0,1.0,-1
"F[1,2]((Calcium <= 6.903 & Potassium <= 2.414) & Magnesium >= 0.221)
",-9999999.000,-9999999.000,0.000,0.000,1.000,0,0,0,12,12,0,0,12,0.0,0.0,0.0,0.0,0.0,1.0,-1
"F[0,1](Hgb <= 0.000 | Hct <= 0.000)
",-9999999.000,-9999999.000,0.000,0.000,1.000,0,0,0,12,12,0,0,12,0.0,0.0,0.0,0.0,0.0,1.0,-1
"F[0,2]((Phosphate >= 0.000 & Magnesium > 0.171) -> Calcium < 2.536)
",-9999999.000,-9999999.000,0.000,0.000,1.000,0,0,0,12,12,0,0,12,0.0,0.0,0.0,0.0,0.0,1.0,-1
"F[1,2]((Calcium <= 4.378 & Potassium <= 2.246) & Magnesium >= 0.060)
",-9999999.000,-9999999.000,0.000,0.000,1.000,0,0,0,12,12,0,0,12,0.0,0.0,0.0,0.0,0.0,1.0,-1
"F[0,2](Hgb <= 0.000 | Hct <= 0.000)
",-9999999.000,-9999999.000,0.000,0.000,1.000,0,0,0,12,12,0,0,12,0.0,0.0,0.0,0.0,0.0,1.0,-1
"F[0,2]((Phosphate >= 0.000 & Magnesium > 0.194) -> Calcium < 8.615)
",-9999999.000,-9999999.000,0.000,0.000,1.000,0,0,0,12,12,0,0,12,0.0,0.0,0.0,0.0,0.0,1.0,-1
"F[0,2]((DBP <= 81.905 | MAP >= 28.032) -> Bilirubin_direct >= 71.739)
",-9999999.000,-9999999.000,0.000,0.000,1.000,0,0,0,12,12,0,0,12,0.0,0.0,0.0,0.0,0.0,1.0,-1
"F[1,2]((HR >= 42.413 & Resp <= 17.744) & DBP >= 2.525)
",-9999999.000,-9999999.000,0.000,0.000,1.000,0,0,0,12,12,0,0,12,0.0,0.0,0.0,0.0,0.0,1.0,-1
"F[0,1](((WBC >= 0.000 & SepsisLabel <= 0.000) & EtCO2 >= 0.000) | MAP <= 0.000)
",-9999999.000,-9999999.000,0.000,0.000,1.000,0,0,0,12,12,0,0,12,0.0,0.0,0.0,0.0,0.0,1.0,-1
"F[0,2](((Calcium >= 0.622 & Magnesium >= 0.254) | FiO2 <= 1.254) -> DBP >= 0.113)
",-9999999.000,-9999999.000,0.000,0.000,1.000,0,0,0,12,12,0,0,12,0.0,0.0,0.0,0.0,0.0,1.0,-1
"F[2,2](EtCO2 < 0.000 -> SepsisLabel = 0.000)
",0.000,0.000,0.000,0.000,1.000,0,0,0,12,12,0,0,12,0.0,0.0,0.0,0.0,0.0,1.0,-1
"F[0,1](pH <= 0.000 -> SepsisLabel = 0.000)
",-9999999.000,-9999999.000,0.000,0.000,1.000,0,0,0,12,12,0,0,12,0.0,0.0,0.0,0.0,0.0,1.0,-1
"F[0,1](SBP >= 20.019 & SepsisLabel = 0.000)
",-9999999.000,-9999999.000,0.000,0.000,1.000,0,0,0,12,12,0,0,12,0.0,0.0,0.0,0.0,0.0,1.0,-1
"F[2,2](((AST <= 25.486 & Bilirubin_total <= 0.178) | Hgb >= 0.015) | Magnesium <= 0.341)
",0.341,0.341,0.000,0.000,1.000,0,0,0,12,12,0,0,12,0.0,0.0,0.0,0.0,0.0,1.0,-1
"((SaO2 <= 0.000) U[0,2] (Hct >= 0.000))
",-9999999.000,-9999999.000,0.000,0.000,1.000,0,0,0,12,12,0,0,12,0.0,0.0,0.0,0.0,0.0,1.0,-1
"F[0,2]((MAP <= 102.000 & Resp >= 7.900) | HCO3 <= 21.721)
",-9999999.000,-9999999.000,0.000,0.000,1.000,0,0,0,12,12,0,0,12,0.0,0.0,0.0,0.0,0.0,1.0,-1
"F[0,2](AST >= 0.772 | Calcium <= 4.981)
",-9999999.000,-9999999.000,0.000,0.000,1.000,0,0,0,12,12,0,0,12,0.0,0.0,0.0,0.0,0.0,1.0,-1
"F[0,0](Magnesium <= 1.619 | Potassium >= 0.328)
",1.619,1.619,0.000,0.000,1.000,0,0,0,12,12,0,0,12,0.0,0.0,0.0,0.0,0.0,1.0,-1
"F[0,2](((Alkalinephos >= 1.593 | Calcium <= 7.511) | DBP <= 6.712) -> TroponinI >= 0.321)
",-9999999.000,-9999999.000,0.000,0.000,1.000,0,0,0,12,12,0,0,12,0.0,0.0,0.0,0.0,0.0,1.0,-1
"F[1,2]((Bilirubin_total >= 0.009 | Glucose <= 47.041) & PaCO2 >= 6.937)
",-9999999.000,-9999999.000,0.000,0.000,1.000,0,0,0,12,12,0,0,12,0.0,0.0,0.0,0.0,0.0,1.0,-1
"F[0,1]((AST <= 4.344 | BUN <= 19.514) | HCO3 >= 0.066)
",-9999999.000,-9999999.000,0.000,0.000,1.000,0,0,0,12,12,0,0,12,0.0,0.0,0.0,0.0,0.0,1.0,-1
"F[0,2]((Bilirubin_total <= 0.348 | BUN <= 7.179) | HCO3 <= 23.886)
",-9999999.000,-9999999.000,0.000,0.000,1.000,0,0,0,12,12,0,0,12,0.0,0.0,0.0,0.0,0.0,1.0,-1
"F[0,0](DBP <= 69.400 | Resp <= 24.753)
",-0.170,-5.850,0.000,0.000,1.000,0,0,0,12,12,0,0,12,0.0,0.0,0.0,0.0,0.0,1.0,-1
"F[0,0](Resp >= 2.476 -> SBP >= 85.583)
",-2.059,-57.358,0.000,0.000,1.000,0,0,0,12,12,0,0,12,0.0,0.0,0.0,0.0,0.0,1.0,-1
"F[2,2](((Calcium < 2.871 & Potassium < 3.320) & Magnesium < 1.115) & Phosphate < 0.000)
",0.000,0.000,0.000,0.000,1.000,0,0,0,12,12,0,0,12,0.0,0.0,0.0,0.0,0.0,1.0,-1
"F[0,2]((Phosphate >= 0.000 & Magnesium > 0.207) -> Calcium < 4.397)
",-9999999.000,-9999999.000,0.000,0.000,1.000,0,0,0,12,12,0,0,12,0.0,0.0,0.0,0.0,0.0,1.0,-1
"((FiO2 > 0.006) U[0,0] (SepsisLabel = 0.000))
",0.000,0.000,0.000,0.000,1.000,0,0,0,12,12,0,0,12,0.0,0.0,0.0,0.0,0.0,1.0,-1
"F[0,0](Hgb <= 0.000 | Hct <= 0.000)
",0.000,0.000,0.000,0.000,1.000,0,0,0,12,12,0,0,12,0.0,0.0,0.0,0.0,0.0,1.0,-1
"F[1,2]((Phosphate >= 0.000 & Magnesium > 0.303) -> Calcium < 1.580)
",-9999999.000,-9999999.000,0.000,0.000,1.000,0,0,0,12,12,0,0,12,0.0,0.0,0.0,0.0,0.0,1.0,-1
"F[1,2](((Calcium < 9.077 & Potassium < 1.561) & Magnesium < 1.001) & Phosphate < 0.000)
",-9999999.000,-9999999.000,0.000,0.000,1.000,0,0,0,12,12,0,0,12,0.0,0.0,0.0,0.0,0.0,1.0,-1
"F[1,2](Hgb <= 0.000 | Hct <= 0.000)
",-9999999.000,-9999999.000,0.000,0.000,1.000,0,0,0,12,12,0,0,12,0.0,0.0,0.0,0.0,0.0,1.0,-1
"((MAP >= 24.850) U[2,2] (SBP <= 114.923))
",8086998501260244.000,114.923,0.000,0.000,1.000,0,0,0,12,12,0,0,12,0.0,0.0,0.0,0.0,0.0,1.0,-1
"F[1,2]((Phosphate >= 0.000 & Magnesium > 0.008) -> Calcium < 2.219)
",-9999999.000,-9999999.000,0.000,0.000,1.000,0,0,0,12,12,0,0,12,0.0,0.0,0.0,0.0,0.0,1.0,-1
"F[2,2](((Calcium < 8.556 & Potassium < 3.869) & Magnesium < 1.969) & Phosphate < 0.000)
",0.000,0.000,0.000,0.000,1.000,0,0,0,12,12,0,0,12,0.0,0.0,0.0,0.0,0.0,1.0,-1
"F[0,2]((Phosphate >= 0.000 & Magnesium > 0.279) -> Calcium < 6.805)
",-9999999.000,-9999999.000,0.000,0.000,1.000,0,0,0,12,12,0,0,12,0.0,0.0,0.0,0.0,0.0,1.0,-1
"F[1,1](Hgb <= 0.000 | Hct <= 0.000)
",0.000,0.000,0.000,0.000,1.000,0,0,0,12,12,0,0,12,0.0,0.0,0.0,0.0,0.0,1.0,-1
"F[1,2]((Creatinine <= 0.422 & Magnesium >= 0.188) & Lactate >= 0.136)
",-9999999.000,-9999999.000,0.000,0.000,1.000,0,0,0,12,12,0,0,12,0.0,0.0,0.0,0.0,0.0,1.0,-1
"F[0,2]((BUN >= 0.653 | Magnesium >= 0.224) & BUN >= 0.112)
",-9999999.000,-9999999.000,0.000,0.000,1.000,0,0,0,12,12,0,0,12,0.0,0.0,0.0,0.0,0.0,1.0,-1
"F[0,2]((AST >= 0.456 -> Creatinine >= 0.046) -> pH >= 0.031)
",-9999999.000,-9999999.000,0.000,0.000,1.000,0,0,0,12,12,0,0,12,0.0,0.0,0.0,0.0,0.0,1.0,-1
"F[0,2](((Temp >= 4.322 -> pH <= 0.000) | AST >= 0.000) & Hct <= 0.000)
",-9999999.000,-9999999.000,0.000,0.000,1.000,0,0,0,12,12,0,0,12,0.0,0.0,0.0,0.0,0.0,1.0,-1
"F[1,1]((Glucose >= 6.103 -> SepsisLabel >= 0.000) | Alkalinephos >= 0.000)
",0.000,0.000,0.000,0.000,1.000,0,0,0,12,12,0,0,12,0.0,0.0,0.0,0.0,0.0,1.0,-1
"F[1,2](((Glucose <= 20.569 | DBP <= 66.320) -> pH >= 47.098) | MAP >= 33.932)
",-9999999.000,-9999999.000,0.000,0.000,1.000,0,0,0,12,12,0,0,12,0.0,0.0,0.0,0.0,0.0,1.0,-1
"((Calcium <= 5.612) U[0,0] (SepsisLabel = 0.000))
",5.612,5.612,0.000,0.000,1.000,0,0,0,12,12,0,0,12,0.0,0.0,0.0,0.0,0.0,1.0,-1
"((Phosphate >= 0.000) U[0,2] (SepsisLabel = 0.000))
",-9999999.000,-9999999.000,0.000,0.000,1.000,0,0,0,12,12,0,0,12,0.0,0.0,0.0,0.0,0.0,1.0,-1
"((Bilirubin_total >= 0.027) U[0,1] (SepsisLabel = 0.000))
",-9999999.000,-9999999.000,0.000,0.000,1.000,0,0,0,12,12,0,0,12,0.0,0.0,0.0,0.0,0.0,1.0,-1
"F[0,2](Platelets <= 0.000 & SepsisLabel = 0.000)
",-9999999.000,-9999999.000,0.000,0.000,1.000,0,0,0,12,12,0,0,12,0.0,0.0,0.0,0.0,0.0,1.0,-1
"((BUN >= 0.919) U[0,2] (SepsisLabel = 0.000))
",-9999999.000,-9999999.000,0.000,0.000,1.000,0,0,0,12,12,0,0,12,0.0,0.0,0.0,0.0,0.0,1.0,-1
"F[1,1](BaseExcess > 0.000 -> SepsisLabel = 0.000)
",0.000,0.000,0.000,0.000,1.000,0,0,0,12,12,0,0,12,0.0,0.0,0.0,0.0,0.0,1.0,-1
"F[0,1](SBP < 103.143 -> SepsisLabel = 0.000)
",-9999999.000,-9999999.000,0.000,0.000,1.000,0,0,0,12,12,0,0,12,0.0,0.0,0.0,0.0,0.0,1.0,-1
"F[1,2](((Calcium < 8.956 & Potassium < 1.287) & Magnesium < 0.906) & Phosphate < 0.000)
",-9999999.000,-9999999.000,0.000,0.000,1.000,0,0,0,12,12,0,0,12,0.0,0.0,0.0,0.0,0.0,1.0,-1
"F[0,2](Hgb <= 0.000 | Hct <= 0.000)
",-9999999.000,-9999999.000,0.000,0.000,1.000,0,0,0,12,12,0,0,12,0.0,0.0,0.0,0.0,0.0,1.0,-1
"((MAP >= 63.572) U[2,2] (SBP <= 133.681))
",4703476357756489.000,133.681,0.000,0.000,1.000,0,0,0,12,12,0,0,12,0.0,0.0,0.0,0.0,0.0,1.0,-1
"F[0,1]((Phosphate >= 0.000 & Magnesium > 0.308) -> Calcium < 6.383)
",-9999999.000,-9999999.000,0.000,0.000,1.000,0,0,0,12,12,0,0,12,0.0,0.0,0.0,0.0,0.0,1.0,-1
"F[0,2]((Phosphate >= 0.000 & Magnesium > 0.030) -> Calcium < 6.220)
",-9999999.000,-9999999.000,0.000,0.000,1.000,0,0,0,12,12,0,0,12,0.0,0.0,0.0,0.0,0.0,1.0,-1
"F[1,1](Hgb <= 0.000 | Hct <= 0.000)
",0.000,0.000,0.000,0.000,1.000,0,0,0,12,12,0,0,12,0.0,0.0,0.0,0.0,0.0,1.0,-1
"F[1,1](Hgb <= 0.000 | Hct <= 0.000)
",0.000,0.000,0.000,0.000,1.000,0,0,0,12,12,0,0,12,0.0,0.0,0.0,0.0,0.0,1.0,-1
"F[1,2]((Calcium <= 4.267 & Potassium <= 3.014) & Magnesium >= 0.118)
",-9999999.000,-9999999.000,0.000,0.000,1.000,0,0,0,12,12,0,0,12,0.0,0.0,0.0,0.0,0.0,1.0,-1
"F[2,2]((Phosphate >= 0.000 & Magnesium > 0.233) -> Calcium < 7.452)
",-7.452,-7.452,0.000,0.000,1.000,0,0,0,12,12,0,0,12,0.0,0.0,0.0,0.0,0.0,1.0,-1
"((MAP >= 35.568) U[0,2] (SBP <= 114.553))
",-9999999.000,-9999999.000,0.000,0.000,1.000,0,0,0,12,12,0,0,12,0.0,0.0,0.0,0.0,0.0,1.0,-1
"F[1,2]((Hgb <= 0.000 & Hct >= 0.000) | Phosphate <= 0.000)
",-9999999.000,-9999999.000,0.000,0.000,1.000,0,0,0,12,12,0,0,12,0.0,0.0,0.0,0.0,0.0,1.0,-1
"F[0,2]((Hgb <= 0.000 & EtCO2 >= 0.000) | EtCO2 <= 0.000)
",-9999999.000,-9999999.000,0.000,0.000,1.000,0,0,0,12,12,0,0,12,0.0,0.0,0.0,0.0,0.0,1.0,-1
"F[0,1](TroponinI <= 0.000 & Lactate <= 0.000)
",-9999999.000,-9999999.000,0.000,0.000,1.000,0,0,0,12,12,0,0,12,0.0,0.0,0.0,0.0,0.0,1.0,-1
"G[0,2](FiO2 >= 0.012 & Potassium >= 0.233)
",9999999.000,9999999.000,0.000,1.000,0.000,0,0,0,12,12,0,0,12,0.0,0.0,0.0,0.0,0.0,1.0,1
"G[1,2](((DBP >= 51.875 | HR <= 62.053) | DBP >= 38.272) | Calcium >= 23.244)
",9999999.000,9999999.000,0.000,1.000,0.000,0,0,12,0,0,12,12,0,0.0,0.0,1.0,0.0,0.0,1.0,1
"G[1,2](HR <= 56.000 & SBP >= 63.937)
",9999999.000,9999999.000,0.000,1.000,0.000,0,0,1,11,11,1,1,11,0.0,0.0,1.0,0.0,0.0,1.0,1
"G[1,2]((Calcium >= 0.599 | Resp <= 17.950) | HR <= 24.879)
",9999999.000,9999999.000,0.000,1.000,0.000,0,0,5,7,7,5,5,7,0.0,0.0,1.0,0.0,0.0,1.0,1
"G[1,2](((AST <= 19.770 | SaO2 <= 0.000) & SaO2 <= 0.000) | EtCO2 >= 0.000)
",9999999.000,9999999.000,0.000,1.000,0.000,0,0,12,0,0,12,12,0,0.0,0.0,1.0,0.0,0.0,1.0,1
"G[2,2](((Glucose <= 88.925 | Temp >= 4.772) | Hct <= 22.230) & Phosphate <= 28.157)
",7925479046252789.000,28.157,0.000,1.000,0.000,0,0,12,0,0,12,12,0,0.0,0.0,1.0,0.0,0.0,1.0,1
"G[0,2](Bilirubin_direct < 0.000 & SepsisLabel = 0.000)
",9999999.000,9999999.000,0.000,1.000,0.000,0,0,0,12,12,0,0,12,0.0,0.0,0.0,0.0,0.0,1.0,1
"G[2,2](((TroponinI <= 0.000 -> Chloride <= 0.000) & O2Sat <= 0.000) -> Temp >= 0.000)
",0.000,0.000,0.000,1.000,0.000,0,0,12,0,0,12,12,0,0.0,0.0,1.0,0.0,0.0,1.0,1
"G[2,2](Lactate < 0.000 -> SepsisLabel = 0.000)
",0.000,0.000,0.000,1.000,0.000,0,0,12,0,0,12,12,0,0.0,0.0,1.0,0.0,0.0,1.0,1
"G[2,2](Lactate <= 0.000 -> pH <= 0.000)
",0.000,0.000,0.000,1.000,0.000,0,0,12,0,0,12,12,0,0.0,0.0,1.0,0.0,0.0,1.0,1
"G[1,2](Resp >= 0.755 & SepsisLabel = 0.000)
",9999999.000,9999999.000,0.000,1.000,0.000,0,0,11,1,1,11,11,1,0.0,0.0,1.0,0.0,0.0,1.0,1
"G[1,2](FiO2 <= 0.096 -> Resp <= 21.848)
",9999999.000,9999999.000,0.000,1.000,0.000,0,0,7,5,5,7,7,5,0.0,0.0,1.0,0.0,0.0,1.0,1
"G[0,2](((Calcium <= 7.681 -> O2Sat <= 94.460) & Bilirubin_direct >= 27.264) & Phosphate >= 37.616)
",9999999.000,9999999.000,0.000,1.000,0.000,0,0,0,12,12,0,0,12,0.0,0.0,0.0,0.0,0.0,1.0,1
"G[1,1]((Creatinine >= 0.064 -> O2Sat <= 90.244) -> Platelets >= 21.228)
",5975014822321778.000,21.228,0.000,1.000,0.000,0,0,0,12,12,0,0,12,0.0,0.0,0.0,0.0,0.0,1.0,1
"G[2,2](Bilirubin_total < 0.167 & SepsisLabel = 0.000)
",0.000,0.000,0.000,1.000,0.000,0,0,12,0,0,12,12,0,0.0,0.0,1.0,0.0,0.0,1.0,1
"G[0,2](DBP <= 65.650 -> SepsisLabel = 0.000)
",9999999.000,9999999.000,0.000,1.000,0.000,0,0,12,0,0,12,12,0,0.0,0.0,1.0,0.0,0.0,1.0,1
"G[0,2](((FiO2 >= 0.006 | Glucose <= 17.089) | Calcium <= 61.896) & FiO2 <= 12.213)
",9999999.000,9999999.000,0.000,1.000,0.000,0,0,12,0,0,12,12,0,0.0,0.0,1.0,0.0,0.0,1.0,1
"G[0,2]((Creatinine >= 0.081 | SBP >= 61.593) | Resp <= 121.911)
",9999999.000,9999999.000,0.000,1.000,0.000,0,0,12,0,0,12,12,0,0.0,0.0,1.0,0.0,0.0,1.0,1
"G[0,1]((Calcium >= 0.622 | SBP >= 1.525) -> Lactate >= 13.479)
",9999999.000,9999999.000,0.000,1.000,0.000,0,0,0,12,12,0,0,12,0.0,0.0,0.0,0.0,0.0,1.0,1
"G[2,2](Glucose > 4.031 -> SepsisLabel = 0.000)
",0.000,0.000,0.000,1.000,0.000,0,0,12,0,0,12,12,0,0.0,0.0,1.0,0.0,0.0,1.0,1
"G[0,2](((Magnesium <= 0.452 -> Temp <= 32.914) | Fibrinogen >= 2.635) | Bilirubin_total <= 15.878)
",9999999.000,9999999.000,0.000,1.000,0.000,0,0,12,0,0,12,12,0,0.0,0.0,1.0,0.0,0.0,1.0,1
"G[0,1](Temp >= 1.092 & SepsisLabel = 0.000)
",9999999.000,9999999.000,0.000,1.000,0.000,0,0,0,12,12,0,0,12,0.0,0.0,0.0,0.0,0.0,1.0,1
"G[1,2](EtCO2 >= 0.000 & SepsisLabel = 0.000)
",9999999.000,9999999.000,0.000,1.000,0.000,0,0,12,0,0,12,12,0,0.0,0.0,1.0,0.0,0.0,1.0,1
"G[1,2]((Alkalinephos <= 59.697 -> SBP >= 0.614) -> HR >= 47.991)
",9999999.000,9999999.000,0.000,1.000,0.000,0,0,12,0,0,12,12,0,0.0,0.0,1.0,0.0,0.0,1.0,1
"G[2,2](AST <= 32.430 & SBP >= 52.364)
",-7369529926931985.000,-52.364,0.000,1.000,0.000,0,0,12,0,0,12,12,0,0.0,0.0,1.0,0.0,0.0,1.0,1
"G[0,2](Alkalinephos >= 2.376 | DBP >= 40.197)
",9999999.000,9999999.000,0.000,1.000,0.000,0,0,8,4,4,8,8,4,0.0,0.0,1.0,0.0,0.0,1.0,1
"G[1,1](AST >= 1.052 & Glucose <= 98.636)
",-4738226330343699.000,-1.052,0.000,1.000,0.000,0,0,0,12,12,0,0,12,0.0,0.0,0.0,0.0,0.0,1.0,1
"G[1,1]((FiO2 >= 0.015 & Magnesium <= 1.897) & DBP >= 0.286)
",-5157056411285758.000,-0.286,0.000,1.000,0.000,0,0,0,12,12,0,0,12,0.0,0.0,0.0,0.0,0.0,1.0,1
"G[2,2](BUN > 0.292 & SepsisLabel = 0.000)
",-0.292,-0.292,0.000,1.000,0.000,0,0,12,0,0,12,12,0,0.0,0.0,1.0,0.0,0.0,1.0,1
"G[1,2](Bilirubin_total <= 0.584 | Magnesium <= 0.567)
",9999999.000,9999999.000,0.000,1.000,0.000,0,0,12,0,0,12,12,0,0.0,0.0,1.0,0.0,0.0,1.0,1
"G[1,2](Glucose >= 5.851 | Platelets >= 0.000)
",9999999.000,9999999.000,0.000,1.000,0.000,0,0,12,0,0,12,12,0,0.0,0.0,1.0,0.0,0.0,1.0,1
"G[1,2]((SBP <= 142.266 | pH <= 0.000) & Bilirubin_total >= 0.000)
",9999999.000,9999999.000,0.000,1.000,0.000,0,0,12,0,0,12,12,0,0.0,0.0,1.0,0.0,0.0,1.0,1
"G[2,2](((BaseExcess <= 0.000 | Potassium >= 0.049) -> PTT <= 2.250) | Chloride <= 3.495)
",7869405742081173.000,3.495,0.000,1.000,0.000,0,0,12,0,0,12,12,0,0.0,0.0,1.0,0.0,0.0,1.0,1
"G[0,2](((Chloride <= 0.000 | Platelets >= 0.000) -> Potassium <= 0.000) | SBP >= 0.000)
",9999999.000,9999999.000,0.000,1.000,0.000,0,0,12,0,0,12,12,0,0.0,0.0,1.0,0.0,0.0,1.0,1
"G[0,2]((Phosphate <= 0.000 -> TroponinI >= 0.000) | Alkalinephos <= 0.000)
",9999999.000,9999999.000,0.000,1.000,0.000,0,0,12,0,0,12,12,0,0.0,0.0,1.0,0.0,0.0,1.0,1
"G[0,2](BUN <= 6.840 & Creatinine >= 0.014)
",9999999.000,9999999.000,0.000,1.000,0.000,0,0,0,12,12,0,0,12,0.0,0.0,0.0,0.0,0.0,1.0,1
"G[0,2](EtCO2 < 0.000 -> SepsisLabel = 0.000)
",9999999.000,9999999.000,0.000,1.000,0.000,0,0,12,0,0,12,12,0,0.0,0.0,1.0,0.0,0.0,1.0,1
"G[0,2](((SaO2 <= 0.000 | Alkalinephos <= 22.603) | Lactate <= 46.802) & Fibrinogen <= 14.612)
",9999999.000,9999999.000,0.000,1.000,0.000,0,0,12,0,0,12,12,0,0.0,0.0,1.0,0.0,0.0,1.0,1
"G[0,2](Creatinine <= 0.385 -> Hct <= 0.000)
",9999999.000,9999999.000,0.000,1.000,0.000,0,0,12,0,0,12,12,0,0.0,0.0,1.0,0.0,0.0,1.0,1
"G[1,2](Temp >= 5.756 | WBC <= 0.000)
",9999999.000,9999999.000,0.000,1.000,0.000,0,0,12,0,0,12,12,0,0.0,0.0,1.0,0.0,0.0,1.0,1
"G[1,2]((Bilirubin_total >= 0.019 | Bilirubin_total <= 0.594) | Lactate <= 0.407)
",9999999.000,9999999.000,0.000,1.000,0.000,0,0,12,0,0,12,12,0,0.0,0.0,1.0,0.0,0.0,1.0,1
"G[1,2](Glucose <= 82.670 | Resp <= 17.997)
",9999999.000,9999999.000,0.000,1.000,0.000,0,0,12,0,0,12,12,0,0.0,0.0,1.0,0.0,0.0,1.0,1
"G[0,2](((AST <= 17.394 | O2Sat >= 12.448) -> O2Sat <= 46.826) -> Alkalinephos <= 70.682)
",9999999.000,9999999.000,0.000,1.000,0.000,0,0,12,0,0,12,12,0,0.0,0.0,1.0,0.0,0.0,1.0,1
"G[2,2](HR >= 50.643 | Magnesium >= 0.238)
",-0.238,-0.238,0.000,1.000,0.000,0,0,12,0,0,12,12,0,0.0,0.0,1.0,0.0,0.0,1.0,1
"G[0,2](HR >= 2.457 -> Potassium <= 2.464)
",9999999.000,9999999.000,0.000,1.000,0.000,0,0,8,4,4,8,8,4,0.0,0.0,1.0,0.0,0.0,1.0,1
"G[0,1]((FiO2 >= 0.008 | MAP <= 98.969) & Chloride >= 31.642)
",9999999.000,9999999.000,0.000,1.000,0.000,0,0,0,12,12,0,0,12,0.0,0.0,0.0,0.0,0.0,1.0,1
"G[0,2](Magnesium <= 1.906 & SBP >= 32.592)
",9999999.000,9999999.000,0.000,1.000,0.000,0,0,5,7,7,5,5,7,0.0,0.0,1.0,0.0,0.0,1.0,1
"G[1,2](DBP <= 89.990 & Potassium <= 4.122)
",9999999.000,9999999.000,0.000,1.000,0.000,0,0,12,0,0,12,12,0,0.0,0.0,1.0,0.0,0.0,1.0,1
"G[1,2]((DBP <= 65.120 -> Magnesium >= 0.336) & HR >= 0.309)
",9999999.000,9999999.000,0.000,1.000,0.000,0,0,8,4,4,8,8,4,0.0,0.0,1.0,0.0,0.0,1.0,1
"G[0,1](((Calcium <= 8.603 -> Glucose >= 1.428) & Calcium <= 75.258) & Bilirubin_total >= 2.828)
",9999999.000,9999999.000,0.000,1.000,0.000,0,0,0,12,12,0,0,12,0.0,0.0,0.0,0.0,0.0,1.0,1
"G[1,2]((MAP >= 68.247 & Temp <= 35.758) | Phosphate >= 0.268)
",9999999.000,9999999.000,0.000,1.000,0.000,0,0,10,2,2,10,10,2,0.0,0.0,1.0,0.0,0.0,1.0,1
"G[2,2](FiO2 <= 0.161 & Temp <= 28.577)
",5793648579564385.000,0.161,0.000,1.000,0.000,0,0,12,0,0,12,12,0,0.0,0.0,1.0,0.0,0.0,1.0,1
"G[0,2](((O2Sat <= 52.481 -> Potassium <= 0.709) -> Alkalinephos <= 2.302) -> pH >= 0.486)
",9999999.000,9999999.000,0.000,1.000,0.000,0,0,0,12,12,0,0,12,0.0,0.0,0.0,0.0,0.0,1.0,1
"G[0,2]((FiO2 <= 0.070 & O2Sat >= 4.726) -> DBP <= 56.985)
",9999999.000,9999999.000,0.000,1.000,0.000,0,0,4,8,8,4,4,8,0.0,0.0,1.0,0.0,0.0,1.0,1
"G[1,2]((HR >= 26.154 | O2Sat <= 95.629) -> Phosphate <= 93.045)
",9999999.000,9999999.000,0.000,1.000,0.000,0,0,12,0,0,12,12,0,0.0,0.0,1.0,0.0,0.0,1.0,1
"G[0,0]((AST >= 0.299 & DBP <= 82.031) & BaseExcess >= 32.915)
",-4632326399161719.000,-32.915,0.000,1.000,0.000,0,0,0,12,12,0,0,12,0.0,0.0,0.0,0.0,0.0,1.0,1
"G[2,2](((Magnesium >= 0.276 -> Resp >= 8.995) & HCO3 >= 3.953) & PaCO2 >= 8.676)
",-8.676,-8.676,0.000,1.000,0.000,0,0,12,0,0,12,12,0,0.0,0.0,1.0,0.0,0.0,1.0,1
"F[0,1](pH <= 0.000 | Bilirubin_total >= 0.018)
",-9999999.000,-9999999.000,0.000,0.000,1.000,0,0,0,12,12,0,0,12,0.0,0.0,0.0,0.0,0.0,1.0,-1
"G[2,2]((FiO2 <= 0.046 & Glucose <= 72.219) & MAP >= 7.199)
",-7.199,-7.199,0.000,1.000,0.000,0,0,12,0,0,12,12,0,0.0,0.0,1.0,0.0,0.0,1.0,1
"G[0,2]((Calcium <= 7.600 | AST <= 21.408) & EtCO2 >= 1.297)
",9999999.000,9999999.000,0.000,1.000,0.000,0,0,0,12,12,0,0,12,0.0,0.0,0.0,0.0,0.0,1.0,1
"G[0,2](((Bilirubin_total >= 0.023 & Creatinine >= 0.085) -> Glucose <= 0.519) | Hct >= 0.035)
",9999999.000,9999999.000,0.000,1.000,0.000,0,0,11,1,1,11,11,1,0.0,0.0,1.0,0.0,0.0,1.0,1
"G[1,2](((WBC >= 0.000 & Glucose >= 0.208) -> AST >= 6.842) | Lactate >= 3.070)
",9999999.000,9999999.000,0.000,1.000,0.000,0,0,12,0,0,12,12,0,0.0,0.0,1.0,0.0,0.0,1.0,1
"G[1,2](((Hct >= 0.000 & Lactate <= 0.000) | Bilirubin_total >= 0.000) -> SBP <= 0.000)
",9999999.000,9999999.000,0.000,1.000,0.000,0,0,1,11,11,1,1,11,0.0,0.0,1.0,0.0,0.0,1.0,1
"G[2,2](((BUN <= 2.201 | pH <= 0.000) & SBP >= 0.000) -> Temp >= 0.000)
",0.000,0.000,0.000,1.000,0.000,0,0,12,0,0,12,12,0,0.0,0.0,1.0,0.0,0.0,1.0,1
"G[2,2](((Temp >= 2.134 -> BaseExcess <= 0.000) & BUN >= 0.000) -> Bilirubin_direct >= 0.000)
",0.000,0.000,0.000,1.000,0.000,0,0,12,0,0,12,12,0,0.0,0.0,1.0,0.0,0.0,1.0,1
"G[2,2](((Hgb <= 0.000 | Hct <= 0.000) -> WBC >= 0.000) & Platelets >= 0.000)
",0.000,0.000,0.000,1.000,0.000,0,0,12,0,0,12,12,0,0.0,0.0,1.0,0.0,0.0,1.0,1
"G[0,2]((Chloride >= 0.000 & Bilirubin_total >= 0.027) & Magnesium <= 0.032)
",9999999.000,9999999.000,0.000,1.000,0.000,0,0,0,12,12,0,0,12,0.0,0.0,0.0,0.0,0.0,1.0,1
"G[0,2](((Lactate >= 0.000 -> Fibrinogen <= 0.000) -> MAP <= 0.000) | Alkalinephos <= 0.000)
",9999999.000,9999999.000,0.000,1.000,0.000,0,0,11,1,1,11,11,1,0.0,0.0,1.0,0.0,0.0,1.0,1
"G[0,2](BUN <= 20.885 & Creatinine >= 0.084)
",9999999.000,9999999.000,0.000,1.000,0.000,0,0,0,12,12,0,0,12,0.0,0.0,0.0,0.0,0.0,1.0,1
"G[0,2](Fibrinogen >= 0.000 | FiO2 <= 0.022)
",9999999.000,9999999.000,0.000,1.000,0.000,0,0,12,0,0,12,12,0,0.0,0.0,1.0,0.0,0.0,1.0,1
"G[1,2]((O2Sat >= 18.774 | Temp <= 12.466) -> Platelets <= 29.681)
",9999999.000,9999999.000,0.000,1.000,0.000,0,0,12,0,0,12,12,0,0.0,0.0,1.0,0.0,0.0,1.0,1
"G[1,2]((pH <= 0.000 | PTT <= 0.000) -> Temp <= 0.000)
",9999999.000,9999999.000,0.000,1.000,0.000,0,0,11,1,1,11,11,1,0.0,0.0,1.0,0.0,0.0,1.0,1
"G[2,2](Platelets <= 0.000 -> WBC >= 0.000)
",0.000,0.000,0.000,1.000,0.000,0,0,12,0,0,12,12,0,0.0,0.0,1.0,0.0,0.0,1.0,1
"G[0,2](((SaO2 >= 0.000 -> Hgb >= 0.000) & O2Sat >= 0.000) -> Temp >= 0.000)
",9999999.000,9999999.000,0.000,1.000,0.000,0,0,12,0,0,12,12,0,0.0,0.0,1.0,0.0,0.0,1.0,1
"G[1,2](((AST >= 0.089 | SBP <= 123.033) | SepsisLabel <= 111.305) -> TroponinI >= 89.181)
",9999999.000,9999999.000,0.000,1.000,0.000,0,0,0,12,12,0,0,12,0.0,0.0,0.0,0.0,0.0,1.0,1
"G[0,2](BUN <= 13.030 & Creatinine >= 0.078)
",9999999.000,9999999.000,0.000,1.000,0.000,0,0,0,12,12,0,0,12,0.0,0.0,0.0,0.0,0.0,1.0,1
"G[1,2]((Bilirubin_total <= 0.580 | Alkalinephos <= 7.663) & Resp <= 7.847)
",9999999.000,9999999.000,0.000,1.000,0.000,0,0,1,11,11,1,1,11,0.0,0.0,1.0,0.0,0.0,1.0,1
"G[0,2](Chloride >= 0.000 & HCO3 >= 0.000)
",9999999.000,9999999.000,0.000,1.000,0.000,0,0,12,0,0,12,12,0,0.0,0.0,1.0,0.0,0.0,1.0,1
"G[0,2](Platelets <= 0.000 -> WBC >= 0.000)
",9999999.000,9999999.000,0.000,1.000,0.000,0,0,12,0,0,12,12,0,0.0,0.0,1.0,0.0,0.0,1.0,1
"G[0,2](((Chloride <= 0.000 & Chloride <= 0.000) & PaCO2 >= 0.000) -> BaseExcess >= 0.000)
",9999999.000,9999999.000,0.000,1.000,0.000,0,0,12,0,0,12,12,0,0.0,0.0,1.0,0.0,0.0,1.0,1
"G[2,2]((Phosphate <= 0.000 -> HR <= 60.502) | HR <= 59.268)
",2780404514350825.000,59.268,0.000,1.000,0.000,0,0,12,0,0,12,12,0,0.0,0.0,1.0,0.0,0.0,1.0,1
"G[1,2](Calcium <= 1.198 & Calcium >= 0.727)
",9999999.000,9999999.000,0.000,1.000,0.000,0,0,0,12,12,0,0,12,0.0,0.0,0.0,0.0,0.0,1.0,1
"G[0,2](((Hgb <= 0.000 | Hct <= 0.000) -> WBC >= 0.000) & Platelets >= 0.000)
",9999999.000,9999999.000,0.000,1.000,0.000,0,0,12,0,0,12,12,0,0.0,0.0,1.0,0.0,0.0,1.0,1
"G[0,2]((HCO3 >= 0.000 & Bilirubin_total <= 0.331) | SepsisLabel >= 0.007)
",9999999.000,9999999.000,0.000,1.000,0.000,0,0,11,1,1,11,11,1,0.0,0.0,1.0,0.0,0.0,1.0,1
"G[0,1](BUN <= 19.873 & Creatinine >= 0.076)
",9999999.000,9999999.000,0.000,1.000,0.000,0,0,0,12,12,0,0,12,0.0,0.0,0.0,0.0,0.0,1.0,1
"G[1,2]((BaseExcess >= 0.000 & BaseExcess >= 0.000) -> Temp >= 0.000)
",9999999.000,9999999.000,0.000,1.000,0.000,0,0,12,0,0,12,12,0,0.0,0.0,1.0,0.0,0.0,1.0,1
"G[2,2]((BaseExcess <= 0.000 & DBP >= 1.945) | Bilirubin_direct <= 88.509)
",88.509,88.509,0.000,1.000,0.000,0,0,12,0,0,12,12,0,0.0,0.0,1.0,0.0,0.0,1.0,1
"G[2,2](((Hgb <= 0.000 | Hct <= 0.000) -> WBC >= 0.000) & Platelets >= 0.000)
",0.000,0.000,0.000,1.000,0.000,0,0,12,0,0,12,12,0,0.0,0.0,1.0,0.0,0.0,1.0,1
"G[0,1](((Lactate <= 0.000 | Glucose <= 26.518) | pH >= 2.381) -> SepsisLabel >= 5.572)
",9999999.000,9999999.000,0.000,1.000,0.000,0,0,0,12,12,0,0,12,0.0,0.0,0.0,0.0,0.0,1.0,1
"G[1,2](((MAP <= 105.439 -> Alkalinephos <= 53.673) -> DBP >= 2.395) & Platelets <= 18.741)
",9999999.000,9999999.000,0.000,1.000,0.000,0,0,11,1,1,11,11,1,0.0,0.0,1.0,0.0,0.0,1.0,1
"G[2,2](((Creatinine >= 0.016 | MAP <= 99.949) -> Chloride <= 81.203) | WBC <= 77.795)
",5474311184460723.000,77.795,0.000,1.000,0.000,0,0,12,0,0,12,12,0,0.0,0.0,1.0,0.0,0.0,1.0,1
"G[2,2](((PaCO2 >= 0.000 -> PaCO2 >= 0.000) -> Bilirubin_direct >= 0.000) -> MAP >= 0.000)
",0.000,0.000,0.000,1.000,0.000,0,0,12,0,0,12,12,0,0.0,0.0,1.0,0.0,0.0,1.0,1
"G[2,2]((Hct <= 0.000 | TroponinI >= 0.000) & Hgb <= 0.000)
",0.000,0.000,0.000,1.000,0.000,0,0,12,0,0,12,12,0,0.0,0.0,1.0,0.0,0.0,1.0,1
"G[2,2]((SepsisLabel >= 0.000 -> Alkalinephos <= 31.387) | BUN >= 1.304)
",-5872762682907874.000,-1.304,0.000,1.000,0.000,0,0,12,0,0,12,12,0,0.0,0.0,1.0,0.0,0.0,1.0,1
"G[0,1](BUN <= 13.640 & Creatinine >= 0.063)
",9999999.000,9999999.000,0.000,1.000,0.000,0,0,0,12,12,0,0,12,0.0,0.0,0.0,0.0,0.0,1.0,1
"G[0,2](Hct >= 0.000 | Hgb >= 0.000)
",9999999.000,9999999.000,0.000,1.000,0.000,0,0,12,0,0,12,12,0,0.0,0.0,1.0,0.0,0.0,1.0,1
"G[0,2](Hgb >= 0.000 -> Temp >= 0.908)
",9999999.000,9999999.000,0.000,1.000,0.000,0,0,0,12,12,0,0,12,0.0,0.0,0.0,0.0,0.0,1.0,1
"G[2,2](((SaO2 <= 0.000 & Bilirubin_direct <= 0.000) | Temp <= 0.000) | HR >= 0.000)
",0.000,0.000,0.000,1.000,0.000,0,0,12,0,0,12,12,0,0.0,0.0,1.0,0.0,0.0,1.0,1
"G[0,2](Chloride >= 0.000 & HCO3 >= 0.000)
",9999999.000,9999999.000,0.000,1.000,0.000,0,0,12,0,0,12,12,0,0.0,0.0,1.0,0.0,0.0,1.0,1
"G[2,2]((O2Sat >= 32.093 & WBC >= 0.000) | Bilirubin_direct >= 0.000)
",0.000,0.000,0.000,1.000,0.000,0,0,12,0,0,12,12,0,0.0,0.0,1.0,0.0,0.0,1.0,1
"G[0,2]((Calcium <= 2.392 | Bilirubin_total >= 0.006) & Creatinine <= 0.431)
",9999999.000,9999999.000,0.000,1.000,0.000,0,0,10,2,2,10,10,2,0.0,0.0,1.0,0.0,0.0,1.0,1
"G[0,2]((SBP >= 11.321 -> EtCO2 <= 0.000) & HCO3 >= 0.000)
",9999999.000,9999999.000,0.000,1.000,0.000,0,0,12,0,0,12,12,0,0.0,0.0,1.0,0.0,0.0,1.0,1
"G[0,2]((SBP >= 10.529 | pH >= 0.000) -> BUN >= 0.000)
",9999999.000,9999999.000,0.000,1.000,0.000,0,0,12,0,0,12,12,0,0.0,0.0,1.0,0.0,0.0,1.0,1
"G[1,2](((HR >= 14.152 | Potassium <= 0.761) -> Creatinine <= 1.998) & PaCO2 <= 3.439)
",9999999.000,9999999.000,0.000,1.000,0.000,0,0,12,0,0,12,12,0,0.0,0.0,1.0,0.0,0.0,1.0,1
"G[1,2](AST <= 20.397 | Lactate >= 0.000)
",9999999.000,9999999.000,0.000,1.000,0.000,0,0,12,0,0,12,12,0,0.0,0.0,1.0,0.0,0.0,1.0,1
"G[2,2](Platelets <= 0.000 -> WBC >= 0.000)
",0.000,0.000,0.000,1.000,0.000,0,0,12,0,0,12,12,0,0.0,0.0,1.0,0.0,0.0,1.0,1
"G[1,2](((Alkalinephos >= 0.032 & pH <= 0.000) & SBP <= 0.000) -> pH <= 0.000)
",9999999.000,9999999.000,0.000,1.000,0.000,0,0,12,0,0,12,12,0,0.0,0.0,1.0,0.0,0.0,1.0,1
"G[0,1]((SepsisLabel >= 0.000 & FiO2 <= 0.094) -> FiO2 >= 0.011)
",9999999.000,9999999.000,0.000,1.000,0.000,0,0,0,12,12,0,0,12,0.0,0.0,0.0,0.0,0.0,1.0,1
"G[0,2]((PaCO2 >= 0.000 -> Bilirubin_total >= 0.013) & Temp >= 0.025)
",9999999.000,9999999.000,0.000,1.000,0.000,0,0,0,12,12,0,0,12,0.0,0.0,0.0,0.0,0.0,1.0,1
"G[0,2]((Fibrinogen >= 0.000 | SepsisLabel >= 0.000) | Glucose <= 0.000)
",9999999.000,9999999.000,0.000,1.000,0.000,0,0,12,0,0,12,12,0,0.0,0.0,1.0,0.0,0.0,1.0,1
"G[2,2](((SepsisLabel >= 0.000 -> Temp >= 0.518) -> Alkalinephos <= 12.720) & Bilirubin_total >= 2.070)
",-12.720,-12.720,0.000,1.000,0.000,0,0,12,0,0,12,12,0,0.0,0.0,1.0,0.0,0.0,1.0,1
"G[0,2]((PaCO2 >= 0.000 & Resp >= 7.362) -> SaO2 >= 12.704)
",9999999.000,9999999.000,0.000,1.000,0.000,0,0,0,12,12,0,0,12,0.0,0.0,0.0,0.0,0.0,1.0,1
"G[0,2](((Bilirubin_total >= 0.012 | Hgb >= 0.000) -> Hct <= 0.000) | DBP <= 0.000)
",9999999.000,9999999.000,0.000,1.000,0.000,0,0,12,0,0,12,12,0,0.0,0.0,1.0,0.0,0.0,1.0,1
"G[2,2](((Temp <= 35.633 & WBC >= 0.000) -> SaO2 >= 0.000) -> SaO2 <= 0.000)
",0.000,0.000,0.000,1.000,0.000,0,0,12,0,0,12,12,0,0.0,0.0,1.0,0.0,0.0,1.0,1
"G[2,2](SepsisLabel <= 0.000 -> Bilirubin_total >= 0.017)
",0.000,0.000,0.000,1.000,0.000,0,0,12,0,0,12,12,0,0.0,0.0,1.0,0.0,0.0,1.0,1
"G[0,2]((EtCO2 <= 0.000 -> Calcium <= 2.811) & TroponinI >= 0.054)
",9999999.000,9999999.000,0.000,1.000,0.000,0,0,0,12,12,0,0,12,0.0,0.0,0.0,0.0,0.0,1.0,1
"F[1,2](((Phosphate >= 0.000 -> Temp <= 28.364) -> TroponinI <= 16.302) | AST <= 28.888)
",-9999999.000,-9999999.000,0.000,0.000,1.000,0,0,0,12,12,0,0,12,0.0,0.0,0.0,0.0,0.0,1.0,-1
"F[0,2]((Hct >= 0.000 -> HCO3 >= 0.000) -> pH <= 0.000)
",-9999999.000,-9999999.000,0.000,0.000,1.000,0,0,0,12,12,0,0,12,0.0,0.0,0.0,0.0,0.0,1.0,-1
"F[0,1]((SBP >= 65.643 | BaseExcess >= 0.000) -> pH >= 0.000)
",-9999999.000,-9999999.000,0.000,0.000,1.000,0,0,0,12,12,0,0,12,0.0,0.0,0.0,0.0,0.0,1.0,-1
"((Alkalinephos <= 56.993) U[0,2] (PaCO2 <= 0.000))
",-9999999.000,-9999999.000,0.000,0.000,1.000,0,0,0,12,12,0,0,12,0.0,0.0,0.0,0.0,0.0,1.0,-1
"F[1,2](SepsisLabel <= 0.000 | HR <= 51.575)
",-9999999.000,-9999999.000,0.000,0.000,1.000,0,0,0,12,12,0,0,12,0.0,0.0,0.0,0.0,0.0,1.0,-1
"((WBC <= 0.000) U[0,2] (SBP <= 104.818))
",-9999999.000,-9999999.000,0.000,0.000,1.000,0,0,0,12,12,0,0,12,0.0,0.0,0.0,0.0,0.0,1.0,-1
"F[0,2](((Chloride <= 0.000 & Hgb >= 0.000) | AST >= 0.000) | FiO2 <= 0.000)
",-9999999.000,-9999999.000,0.000,0.000,1.000,0,0,0,12,12,0,0,12,0.0,0.0,0.0,0.0,0.0,1.0,-1
"F[0,1](Bilirubin_direct <= 0.000 & Magnesium <= 1.238)
",-9999999.000,-9999999.000,0.000,0.000,1.000,0,0,0,12,12,0,0,12,0.0,0.0,0.0,0.0,0.0,1.0,-1
"F[2,2](((Platelets <= 0.000 -> PTT >= 0.000) -> HCO3 <= 0.000) -> SaO2 <= 0.000)
",0.000,0.000,0.000,0.000,1.000,0,0,0,12,12,0,0,12,0.0,0.0,0.0,0.0,0.0,1.0,-1
"((Phosphate >= 0.000) U[1,2] (Resp <= 21.219))
",-9999999.000,-9999999.000,0.000,0.000,1.000,0,0,0,12,12,0,0,12,0.0,0.0,0.0,0.0,0.0,1.0,-1
"((Calcium >= 0.659) U[0,1] (Bilirubin_total <= 0.515))
",-9999999.000,-9999999.000,0.000,0.000,1.000,0,0,0,12,12,0,0,12,0.0,0.0,0.0,0.0,0.0,1.0,-1
"F[1,2]((pH <= 0.000 & Bilirubin_total <= 0.291) & Bilirubin_total <= 0.268)
",-9999999.000,-9999999.000,0.000,0.000,1.000,0,0,0,12,12,0,0,12,0.0,0.0,0.0,0.0,0.0,1.0,-1
"F[0,2](((Glucose >= 5.549 & Phosphate >= 0.000) & Magnesium <= 0.000) & DBP >= 0.000)
",-9999999.000,-9999999.000,0.000,0.000,1.000,0,0,0,12,12,0,0,12,0.0,0.0,0.0,0.0,0.0,1.0,-1
"F[0,1]((Chloride >= 0.000 & PaCO2 >= 0.000) & Calcium >= 0.000)
",-9999999.000,-9999999.000,0.000,0.000,1.000,0,0,0,12,12,0,0,12,0.0,0.0,0.0,0.0,0.0,1.0,-1
"F[1,1](((Platelets >= 0.000 | AST <= 3.430) & MAP <= 28.411) -> O2Sat <= 7.246)
",-4079285667892730.500,-7.246,0.000,0.000,1.000,0,0,0,12,12,0,0,12,0.0,0.0,0.0,0.0,0.0,1.0,-1
"F[0,1](AST <= 29.789 | Temp >= 3.589)
",-9999999.000,-9999999.000,0.000,0.000,1.000,0,0,0,12,12,0,0,12,0.0,0.0,0.0,0.0,0.0,1.0,-1
"((SBP >= 34.726) U[0,1] (TroponinI >= 0.000))
",-9999999.000,-9999999.000,0.000,0.000,1.000,0,0,0,12,12,0,0,12,0.0,0.0,0.0,0.0,0.0,1.0,-1
"G[1,2](((BaseExcess <= 0.000 & O2Sat >= 35.668) | TroponinI >= 26.316) & SBP >= 33.982)
",9999999.000,9999999.000,0.000,1.000,0.000,0,0,3,9,9,3,3,9,0.0,0.0,1.0,0.0,0.0,1.0,1
"G[0,2](((SaO2 <= 0.000 -> HR >= 0.798) -> SaO2 <= 57.971) & Resp >= 28.929)
",9999999.000,9999999.000,0.000,1.000,0.000,0,0,0,12,12,0,0,12,0.0,0.0,0.0,0.0,0.0,1.0,1
"G[1,2]((Hct >= 0.000 -> Fibrinogen <= 0.000) | SBP >= 0.000)
",9999999.000,9999999.000,0.000,1.000,0.000,0,0,12,0,0,12,12,0,0.0,0.0,1.0,0.0,0.0,1.0,1
"G[0,2]((BUN <= 25.519 -> BaseExcess >= 0.000) | EtCO2 <= 0.000)
",9999999.000,9999999.000,0.000,1.000,0.000,0,0,12,0,0,12,12,0,0.0,0.0,1.0,0.0,0.0,1.0,1
"G[1,2](Chloride >= 0.000 & HCO3 >= 0.000)
",9999999.000,9999999.000,0.000,1.000,0.000,0,0,12,0,0,12,12,0,0.0,0.0,1.0,0.0,0.0,1.0,1
"G[1,2]((TroponinI >= 0.000 & PTT <= 0.000) | HR <= 0.000)
",9999999.000,9999999.000,0.000,1.000,0.000,0,0,12,0,0,12,12,0,0.0,0.0,1.0,0.0,0.0,1.0,1
"G[0,2](((Hgb <= 0.000 | Hct <= 0.000) -> WBC >= 0.000) & Platelets >= 0.000)
",9999999.000,9999999.000,0.000,1.000,0.000,0,0,12,0,0,12,12,0,0.0,0.0,1.0,0.0,0.0,1.0,1
"G[0,2]((TroponinI <= 0.000 | SBP <= 126.668) | Hct >= 13.322)
",9999999.000,9999999.000,0.000,1.000,0.000,0,0,12,0,0,12,12,0,0.0,0.0,1.0,0.0,0.0,1.0,1
"G[2,2](((Hct >= 0.000 -> Alkalinephos >= 0.739) & PaCO2 <= 17.398) -> MAP <= 3.905)
",-3.905,-3.905,0.000,1.000,0.000,0,0,12,0,0,12,12,0,0.0,0.0,1.0,0.0,0.0,1.0,1
"F[0,2](((Bilirubin_total <= 0.468 -> Hgb <= 0.000) | MAP <= 0.000) | Resp >= 0.000)
",-9999999.000,-9999999.000,0.000,0.000,1.000,0,0,0,12,12,0,0,12,0.0,0.0,0.0,0.0,0.0,1.0,-1
"F[0,1](HR <= 57.219 | Hct >= 0.000)
",-9999999.000,-9999999.000,0.000,0.000,1.000,0,0,0,12,12,0,0,12,0.0,0.0,0.0,0.0,0.0,1.0,-1
"G[1,2](((SBP <= 143.173 & EtCO2 >= 0.000) -> TroponinI >= 0.000) -> BaseExcess <= 0.000)
",9999999.000,9999999.000,0.000,1.000,0.000,0,0,12,0,0,12,12,0,0.0,0.0,1.0,0.0,0.0,1.0,1
"G[2,2]((WBC <= 0.000 -> HR >= 39.529) -> SBP <= 64.000)
",-64.000,-64.000,0.000,1.000,0.000,0,0,12,0,0,12,12,0,0.0,0.0,1.0,0.0,0.0,1.0,1
"F[0,2](((Resp >= 9.174 -> Fibrinogen >= 0.000) & Platelets <= 0.000) -> Bilirubin_direct >= 0.000)
",-9999999.000,-9999999.000,0.000,0.000,1.000,0,0,0,12,12,0,0,12,0.0,0.0,0.0,0.0,0.0,1.0,-1
"F[0,0](((MAP <= 103.630 | BUN <= 6.551) -> Fibrinogen >= 0.232) -> Lactate >= 1.502)
",6765780807116701.000,1.502,0.000,0.000,1.000,0,0,0,12,12,0,0,12,0.0,0.0,0.0,0.0,0.0,1.0,-1
"F[1,2]((Calcium >= 0.348 -> pH >= 0.000) & Bilirubin_direct >= 0.000)
",-9999999.000,-9999999.000,0.000,0.000,1.000,0,0,0,12,12,0,0,12,0.0,0.0,0.0,0.0,0.0,1.0,-1
"F[2,2](((Phosphate <= 0.000 -> PTT >= 0.000) -> Potassium >= 0.000) -> FiO2 <= 0.000)
",0.000,0.000,0.000,0.000,1.000,0,0,0,12,12,0,0,12,0.0,0.0,0.0,0.0,0.0,1.0,-1
"F[1,2]((Chloride >= 0.000 | Alkalinephos >= 0.852) & SaO2 >= 1.519)
",-9999999.000,-9999999.000,0.000,0.000,1.000,0,0,0,12,12,0,0,12,0.0,0.0,0.0,0.0,0.0,1.0,-1
"F[0,1](Alkalinephos >= 0.454 | TroponinI >= 0.000)
",-9999999.000,-9999999.000,0.000,0.000,1.000,0,0,0,12,12,0,0,12,0.0,0.0,0.0,0.0,0.0,1.0,-1
"F[2,2]((Alkalinephos <= 2.583 -> Phosphate >= 0.000) & Hct >= 0.000)
",-5815591122878898.000,-2.583,0.000,0.000,1.000,0,0,0,12,12,0,0,12,0.0,0.0,0.0,0.0,0.0,1.0,-1
"F[0,2](((AST <= 25.260 & MAP >= 67.762) | HCO3 <= 79.812) | O2Sat >= 39.621)
",-9999999.000,-9999999.000,0.000,0.000,1.000,0,0,0,12,12,0,0,12,0.0,0.0,0.0,0.0,0.0,1.0,-1
"((TroponinI <= 0.000) U[1,2] (Fibrinogen <= 0.000))
",-9999999.000,-9999999.000,0.000,0.000,1.000,0,0,0,12,12,0,0,12,0.0,0.0,0.0,0.0,0.0,1.0,-1
"((Chloride <= 0.000) U[1,2] (TroponinI >= 0.000))
",-9999999.000,-9999999.000,0.000,0.000,1.000,0,0,0,12,12,0,0,12,0.0,0.0,0.0,0.0,0.0,1.0,-1
"F[0,1](((WBC >= 0.000 | Alkalinephos >= 1.975) & Calcium >= 0.575) -> DBP <= 57.250)
",-9999999.000,-9999999.000,0.000,0.000,1.000,0,0,0,12,12,0,0,12,0.0,0.0,0.0,0.0,0.0,1.0,-1
"F[0,2](((SaO2 >= 0.000 | BaseExcess <= 0.000) & HR >= 0.000) | EtCO2 >= 0.000)
",-9999999.000,-9999999.000,0.000,0.000,1.000,0,0,0,12,12,0,0,12,0.0,0.0,0.0,0.0,0.0,1.0,-1
"F[0,1]((Resp <= 21.046 & pH >= 0.000) | Calcium >= 0.000)
",-9999999.000,-9999999.000,0.000,0.000,1.000,0,0,0,12,12,0,0,12,0.0,0.0,0.0,0.0,0.0,1.0,-1
"F[0,0](Hct <= 0.000 -> Chloride <= 0.000)
",0.000,0.000,0.000,0.000,1.000,0,0,0,12,12,0,0,12,0.0,0.0,0.0,0.0,0.0,1.0,-1
"F[2,2](((Platelets >= 0.000 -> HCO3 >= 0.000) & Glucose <= 0.000) & TroponinI <= 0.000)
",0.000,0.000,0.000,0.000,1.000,0,0,0,12,12,0,0,12,0.0,0.0,0.0,0.0,0.0,1.0,-1
"F[2,2](Temp <= 24.102 & Potassium >= 0.257)
",-4634452554575910.000,-0.257,0.000,0.000,1.000,0,0,0,12,12,0,0,12,0.0,0.0,0.0,0.0,0.0,1.0,-1
"F[0,0](((SBP >= 27.838 | HCO3 >= 0.000) -> SepsisLabel >= 0.000) -> MAP >= 0.000)
",-2.191,-102.208,0.000,0.000,1.000,0,0,0,12,12,0,0,12,0.0,0.0,0.0,0.0,0.0,1.0,-1
"F[1,1]((DBP >= 7.529 | Temp >= 0.411) | SBP <= 10.741)
",6046745247095967.000,10.741,0.000,0.000,1.000,0,0,0,12,12,0,0,12,0.0,0.0,0.0,0.0,0.0,1.0,-1
"((Resp <= 24.731) U[1,2] (AST >= 0.998))
",-9999999.000,-9999999.000,0.000,0.000,1.000,0,0,0,12,12,0,0,12,0.0,0.0,0.0,0.0,0.0,1.0,-1
"F[1,2](((Potassium >= 0.457 & Lactate <= 0.000) -> SaO2 <= 0.000) -> EtCO2 <= 0.000)
",-9999999.000,-9999999.000,0.000,0.000,1.000,0,0,0,12,12,0,0,12,0.0,0.0,0.0,0.0,0.0,1.0,-1
"F[1,2]((FiO2 >= 0.003 -> Glucose <= 79.957) -> Phosphate <= 61.621)
",-9999999.000,-9999999.000,0.000,0.000,1.000,0,0,0,12,12,0,0,12,0.0,0.0,0.0,0.0,0.0,1.0,-1
"F[2,2](((WBC <= 0.000 & Platelets <= 0.000) & DBP >= 0.000) & BaseExcess <= 0.000)
",0.000,0.000,0.000,0.000,1.000,0,0,0,12,12,0,0,12,0.0,0.0,0.0,0.0,0.0,1.0,-1
"((Bilirubin_direct <= 0.000) U[1,2] (Potassium <= 4.249))
",-9999999.000,-9999999.000,0.000,0.000,1.000,0,0,0,12,12,0,0,12,0.0,0.0,0.0,0.0,0.0,1.0,-1
"F[1,2]((Phosphate <= 0.000 & SBP <= 111.591) -> Temp >= 50.646)
",-9999999.000,-9999999.000,0.000,0.000,1.000,0,0,0,12,12,0,0,12,0.0,0.0,0.0,0.0,0.0,1.0,-1
"F[0,2](((HCO3 >= 0.000 -> BUN <= 10.027) -> Creatinine >= 0.520) & Glucose >= 1.587)
",-9999999.000,-9999999.000,0.000,0.000,1.000,0,0,0,12,12,0,0,12,0.0,0.0,0.0,0.0,0.0,1.0,-1
"G[1,2](((Alkalinephos >= 0.544 -> O2Sat >= 35.700) -> HCO3 >= 35.191) | Creatinine >= 35.838)
",9999999.000,9999999.000,0.000,1.000,0.000,0,0,0,12,12,0,0,12,0.0,0.0,0.0,0.0,0.0,1.0,1
"G[1,2](BUN <= 6.163 & Creatinine >= 0.068)
",9999999.000,9999999.000,0.000,1.000,0.000,0,0,0,12,12,0,0,12,0.0,0.0,0.0,0.0,0.0,1.0,1
"G[1,2](((Potassium <= 2.836 | DBP <= 67.902) & SepsisLabel <= 79.822) & Creatinine <= 79.639)
",9999999.000,9999999.000,0.000,1.000,0.000,0,0,12,0,0,12,12,0,0.0,0.0,1.0,0.0,0.0,1.0,1
"G[1,2](((BUN >= 0.291 & Creatinine >= 0.083) & Chloride >= 0.041) -> BaseExcess >= 0.055)
",9999999.000,9999999.000,0.000,1.000,0.000,0,0,12,0,0,12,12,0,0.0,0.0,1.0,0.0,0.0,1.0,1
"G[1,2](SaO2 <= 0.000 & SaO2 <= 0.000)
",9999999.000,9999999.000,0.000,1.000,0.000,0,0,12,0,0,12,12,0,0.0,0.0,1.0,0.0,0.0,1.0,1
"G[1,2](Creatinine < 0.093 & SepsisLabel = 0.000)
",9999999.000,9999999.000,0.000,1.000,0.000,0,0,12,0,0,12,12,0,0.0,0.0,1.0,0.0,0.0,1.0,1
"G[0,2](((Platelets <= 0.000 | SaO2 <= 0.000) & AST <= 0.000) | Phosphate <= 0.000)
",9999999.000,9999999.000,0.000,1.000,0.000,0,0,12,0,0,12,12,0,0.0,0.0,1.0,0.0,0.0,1.0,1
"G[2,2](FiO2 <= 0.071 -> PaCO2 <= 0.000)
",-0.071,-0.071,0.000,1.000,0.000,0,0,12,0,0,12,12,0,0.0,0.0,1.0,0.0,0.0,1.0,1
"G[0,2](SaO2 < 0.000 -> SepsisLabel = 0.000)
",9999999.000,9999999.000,0.000,1.000,0.000,0,0,12,0,0,12,12,0,0.0,0.0,1.0,0.0,0.0,1.0,1
"G[2,2](((Glucose <= 57.292 | AST >= 0.020) & Potassium >= 0.540) & MAP <= 6.093)
",-0.540,-0.540,0.000,1.000,0.000,0,0,12,0,0,12,12,0,0.0,0.0,1.0,0.0,0.0,1.0,1
"G[0,1](((Potassium <= 1.013 | Magnesium <= 0.601) | Fibrinogen >= 0.121) -> BUN >= 0.050)
",9999999.000,9999999.000,0.000,1.000,0.000,0,0,0,12,12,0,0,12,0.0,0.0,0.0,0.0,0.0,1.0,1
"G[0,2](O2Sat >= 15.658 | EtCO2 >= 0.000)
",9999999.000,9999999.000,0.000,1.000,0.000,0,0,12,0,0,12,12,0,0.0,0.0,1.0,0.0,0.0,1.0,1
"G[2,2]((EtCO2 >= 0.000 -> SBP <= 112.300) | SBP >= 76.661)
",-5394553852834490.000,-76.661,0.000,1.000,0.000,0,0,12,0,0,12,12,0,0.0,0.0,1.0,0.0,0.0,1.0,1
"G[2,2](Bilirubin_total <= 0.642 | Temp >= 5.996)
",5780307981732850.000,0.642,0.000,1.000,0.000,0,0,12,0,0,12,12,0,0.0,0.0,1.0,0.0,0.0,1.0,1
"G[0,1](BUN > 1.918 & SepsisLabel = 0.000)
",9999999.000,9999999.000,0.000,1.000,0.000,0,0,0,12,12,0,0,12,0.0,0.0,0.0,0.0,0.0,1.0,1
"G[0,2](Chloride >= 0.000 & HCO3 >= 0.000)
",9999999.000,9999999.000,0.000,1.000,0.000,0,0,12,0,0,12,12,0,0.0,0.0,1.0,0.0,0.0,1.0,1
"G[1,2]((Platelets >= 0.000 | Resp <= 19.622) -> pH <= 21.412)
",9999999.000,9999999.000,0.000,1.000,0.000,0,0,12,0,0,12,12,0,0.0,0.0,1.0,0.0,0.0,1.0,1
"G[1,2](Fibrinogen <= 0.000 | Lactate >= 0.000)
",9999999.000,9999999.000,0.000,1.000,0.000,0,0,12,0,0,12,12,0,0.0,0.0,1.0,0.0,0.0,1.0,1
"G[0,2]((AST >= 0.705 & Bilirubin_direct >= 0.000) -> O2Sat >= 0.000)
",9999999.000,9999999.000,0.000,1.000,0.000,0,0,12,0,0,12,12,0,0.0,0.0,1.0,0.0,0.0,1.0,1
"G[1,2](Platelets <= 0.000 -> WBC >= 0.000)
",9999999.000,9999999.000,0.000,1.000,0.000,0,0,12,0,0,12,12,0,0.0,0.0,1.0,0.0,0.0,1.0,1
"G[0,2](((Hgb <= 0.000 | Hct <= 0.000) -> WBC >= 0.000) & Platelets >= 0.000)
",9999999.000,9999999.000,0.000,1.000,0.000,0,0,12,0,0,12,12,0,0.0,0.0,1.0,0.0,0.0,1.0,1
"G[0,1](BUN <= 15.485 & Creatinine >= 0.083)
",9999999.000,9999999.000,0.000,1.000,0.000,0,0,0,12,12,0,0,12,0.0,0.0,0.0,0.0,0.0,1.0,1
"G[0,2](((HR >= 11.591 | Magnesium <= 1.824) -> Creatinine >= 0.197) -> O2Sat <= 0.951)
",9999999.000,9999999.000,0.000,1.000,0.000,0,0,11,1,1,11,11,1,0.0,0.0,1.0,0.0,0.0,1.0,1
"G[2,2](((HR <= 64.193 | MAP >= 64.069) | Platelets >= 3.730) & Lactate <= 85.789)
",64.193,64.193,0.000,1.000,0.000,0,0,12,0,0,12,12,0,0.0,0.0,1.0,0.0,0.0,1.0,1
"G[1,2]((Alkalinephos >= 1.899 & MAP >= 56.690) -> Temp <= 78.535)
",9999999.000,9999999.000,0.000,1.000,0.000,0,0,12,0,0,12,12,0,0.0,0.0,1.0,0.0,0.0,1.0,1
"G[0,2](Alkalinephos <= 25.402 -> PTT <= 0.000)
",9999999.000,9999999.000,0.000,1.000,0.000,0,0,12,0,0,12,12,0,0.0,0.0,1.0,0.0,0.0,1.0,1
"G[2,2]((MAP <= 81.347 | Hgb >= 0.000) & Creatinine <= 0.000)
",0.000,0.000,0.000,1.000,0.000,0,0,12,0,0,12,12,0,0.0,0.0,1.0,0.0,0.0,1.0,1
"G[1,2](Bilirubin_direct >= 0.000 & pH >= 0.000)
",9999999.000,9999999.000,0.000,1.000,0.000,0,0,12,0,0,12,12,0,0.0,0.0,1.0,0.0,0.0,1.0,1
"G[1,1]((FiO2 >= 0.007 & SaO2 <= 0.000) & FiO2 <= 0.000)
",-8140492146745423.000,-0.007,0.000,1.000,0.000,0,0,0,12,12,0,0,12,0.0,0.0,0.0,0.0,0.0,1.0,1
"G[1,2](Platelets >= 0.000 | O2Sat >= 0.128)
",9999999.000,9999999.000,0.000,1.000,0.000,0,0,12,0,0,12,12,0,0.0,0.0,1.0,0.0,0.0,1.0,1
"G[1,2](((FiO2 <= 0.061 -> Alkalinephos >= 2.502) | Bilirubin_total >= 1.625) -> SepsisLabel >= 0.179)
",9999999.000,9999999.000,0.000,1.000,0.000,0,0,12,0,0,12,12,0,0.0,0.0,1.0,0.0,0.0,1.0,1
"G[1,2]((Potassium <= 2.737 | O2Sat <= 61.151) & Temp >= 21.214)
",9999999.000,9999999.000,0.000,1.000,0.000,0,0,1,11,11,1,1,11,0.0,0.0,1.0,0.0,0.0,1.0,1
"G[1,2]((HR >= 35.458 & SaO2 <= 0.000) | WBC <= 0.000)
",9999999.000,9999999.000,0.000,1.000,0.000,0,0,12,0,0,12,12,0,0.0,0.0,1.0,0.0,0.0,1.0,1
"G[0,2]((BUN >= 0.261 & Fibrinogen <= 0.000) -> Resp >= 0.000)
",9999999.000,9999999.000,0.000,1.000,0.000,0,0,12,0,0,12,12,0,0.0,0.0,1.0,0.0,0.0,1.0,1
"G[0,2](((Hgb <= 0.000 | Hct <= 0.000) -> WBC >= 0.000) & Platelets >= 0.000)
",9999999.000,9999999.000,0.000,1.000,0.000,0,0,12,0,0,12,12,0,0.0,0.0,1.0,0.0,0.0,1.0,1
"G[2,2](SepsisLabel <= 0.000 -> Calcium <= 6.752)
",-7602442702570949.000,-6.752,0.000,1.000,0.000,0,0,12,0,0,12,12,0,0.0,0.0,1.0,0.0,0.0,1.0,1
"G[1,2]((SepsisLabel >= 0.000 | O2Sat >= 30.605) | SaO2 >= 17.100)
",9999999.000,9999999.000,0.000,1.000,0.000,0,0,12,0,0,12,12,0,0.0,0.0,1.0,0.0,0.0,1.0,1
"G[1,2](BUN <= 2.058 & Creatinine >= 0.008)
",9999999.000,9999999.000,0.000,1.000,0.000,0,0,0,12,12,0,0,12,0.0,0.0,0.0,0.0,0.0,1.0,1
"G[1,2](Hgb <= 0.000 & Bilirubin_direct <= 0.000)
",9999999.000,9999999.000,0.000,1.000,0.000,0,0,12,0,0,12,12,0,0.0,0.0,1.0,0.0,0.0,1.0,1
"G[1,2]((Hgb >= 0.000 & Creatinine <= 0.945) | BUN <= 0.959)
",9999999.000,9999999.000,0.000,1.000,0.000,0,0,12,0,0,12,12,0,0.0,0.0,1.0,0.0,0.0,1.0,1
"G[0,2](PTT <= 0.000 & Alkalinephos >= 1.655)
",9999999.000,9999999.000,0.000,1.000,0.000,0,0,0,12,12,0,0,12,0.0,0.0,0.0,0.0,0.0,1.0,1
"G[0,2](Glucose <= 90.519 & Alkalinephos <= 25.721)
",9999999.000,9999999.000,0.000,1.000,0.000,0,0,10,2,2,10,10,2,0.0,0.0,1.0,0.0,0.0,1.0,1
"G[2,2](O2Sat >= 1.256 -> AST >= 1.028)
",4628499089512473.000,1.028,0.000,1.000,0.000,0,0,12,0,0,12,12,0,0.0,0.0,1.0,0.0,0.0,1.0,1
"G[0,2](Platelets <= 0.000 -> WBC >= 0.000)
",9999999.000,9999999.000,0.000,1.000,0.000,0,0,12,0,0,12,12,0,0.0,0.0,1.0,0.0,0.0,1.0,1
"G[2,2]((Bilirubin_direct <= 0.000 | Platelets >= 0.000) & WBC <= 0.000)
",0.000,0.000,0.000,1.000,0.000,0,0,12,0,0,12,12,0,0.0,0.0,1.0,0.0,0.0,1.0,1
"G[1,2](((SaO2 >= 0.000 | HCO3 <= 0.000) | Magnesium <= 0.000) | SBP <= 0.000)
",9999999.000,9999999.000,0.000,1.000,0.000,0,0,12,0,0,12,12,0,0.0,0.0,1.0,0.0,0.0,1.0,1
"G[1,2](WBC >= 0.000 & Creatinine <= 1.075)
",9999999.000,9999999.000,0.000,1.000,0.000,0,0,12,0,0,12,12,0,0.0,0.0,1.0,0.0,0.0,1.0,1
"G[2,2]((Chloride >= 0.000 & Resp <= 20.766) -> AST >= 2.867)
",0.000,0.000,0.000,1.000,0.000,0,0,12,0,0,12,12,0,0.0,0.0,1.0,0.0,0.0,1.0,1
"G[1,2](((Glucose <= 98.454 & Chloride >= 0.000) -> FiO2 >= 0.000) & Magnesium <= 0.000)
",9999999.000,9999999.000,0.000,1.000,0.000,0,0,12,0,0,12,12,0,0.0,0.0,1.0,0.0,0.0,1.0,1
"G[1,2](BaseExcess >= 0.000 | Creatinine <= 0.595)
",9999999.000,9999999.000,0.000,1.000,0.000,0,0,12,0,0,12,12,0,0.0,0.0,1.0,0.0,0.0,1.0,1
"G[1,2]((pH <= 0.000 -> Bilirubin_direct <= 0.000) | TroponinI >= 0.000)
",9999999.000,9999999.000,0.000,1.000,0.000,0,0,12,0,0,12,12,0,0.0,0.0,1.0,0.0,0.0,1.0,1
"G[0,2]((SaO2 >= 0.000 -> PaCO2 <= 0.000) -> BUN <= 0.000)
",9999999.000,9999999.000,0.000,1.000,0.000,0,0,10,2,2,10,10,2,0.0,0.0,1.0,0.0,0.0,1.0,1
"G[0,2]((Calcium >= 0.440 | BaseExcess <= 0.000) -> Platelets <= 0.000)
",9999999.000,9999999.000,0.000,1.000,0.000,0,0,12,0,0,12,12,0,0.0,0.0,1.0,0.0,0.0,1.0,1
"G[1,2]((BaseExcess <= 0.000 | SaO2 <= 0.000) -> SaO2 >= 0.000)
",9999999.000,9999999.000,0.000,1.000,0.000,0,0,12,0,0,12,12,0,0.0,0.0,1.0,0.0,0.0,1.0,1
"G[0,2](BUN <= 8.141 & Creatinine >= 0.006)
",9999999.000,9999999.000,0.000,1.000,0.000,0,0,0,12,12,0,0,12,0.0,0.0,0.0,0.0,0.0,1.0,1
"G[2,2]((SBP <= 140.393 | WBC >= 0.000) -> Hgb <= 0.000)
",-4939650496090295.000,-140.393,0.000,1.000,0.000,0,0,12,0,0,12,12,0,0.0,0.0,1.0,0.0,0.0,1.0,1
"G[0,2](HR <= 62.279 & HR <= 59.138)
",9999999.000,9999999.000,0.000,1.000,0.000,0,0,3,9,9,3,3,9,0.0,0.0,1.0,0.0,0.0,1.0,1
"F[1,2](((Glucose >= 7.826 & SBP >= 46.569) | HR >= 69.425) -> Platelets >= 60.294)
",-9999999.000,-9999999.000,0.000,0.000,1.000,0,0,0,12,12,0,0,12,0.0,0.0,0.0,0.0,0.0,1.0,-1
