Rule,Discrimination Score,Pos Robustness,Neg Robustness,Percent Class +,Percent Class -,TP,TN,FP,FN,Actual Yes,Actual No,Predicted Yes,Predicted No,TPR/Sens,TNR/Spec,FPR,Precision,Accuracy,MCR
"G[0,0]((Fibrinogen <= 0.000 & Creatinine <= 5.910) | MAP >= 0.241)
",2.148,110.028,0.000,1.000,0.000,24,0,0,0,24,0,24,0,1.0,0.0,0.0,1.0,1.0,0.0
"G[0,0](((Hct <= 5.032 & Alkalinephos >= 0.000) & Phosphate <= 0.000) | Hgb >= 0.000)
",0.209,1.246,0.000,1.000,0.000,24,0,0,0,24,0,24,0,1.0,0.0,0.0,1.0,1.0,0.0
"G[0,1]((Creatinine <= 6.126 -> Magnesium <= 2.307) | SaO2 <= 2.276)
",9999999.000,9999999.000,0.000,1.000,0.000,24,0,0,0,24,0,24,0,1.0,0.0,0.0,1.0,1.0,0.0
"G[0,1](((SBP >= 91.839 & AST <= 0.000) -> EtCO2 <= 0.000) | SaO2 >= 0.000)
",9999999.000,9999999.000,0.000,1.000,0.000,24,0,0,0,24,0,24,0,1.0,0.0,0.0,1.0,1.0,0.0
"G[0,1](Creatinine <= 1.054 | WBC >= 0.217)
",9999999.000,9999999.000,0.000,1.000,0.000,24,0,0,0,24,0,24,0,1.0,0.0,0.0,1.0,1.0,0.0
"G[1,1](((MAP <= 111.242 & Chloride >= 0.000) -> BUN >= 0.000) & Potassium >= 0.000)
",0.000,0.000,0.000,1.000,0.000,24,0,0,0,24,0,24,0,1.0,0.0,0.0,1.0,1.0,0.0
"G[0,0](((BUN <= 43.296 -> Potassium <= 0.362) -> Fibrinogen <= 1.046) | SaO2 <= 1.413)
",1.146,1.727,0.000,1.000,0.000,24,0,0,0,24,0,24,0,1.0,0.0,0.0,1.0,1.0,0.0
"G[0,1](Resp >= 11.782 | WBC <= 2.309)
",9999999.000,9999999.000,0.000,1.000,0.000,24,0,0,0,24,0,24,0,1.0,0.0,0.0,1.0,1.0,0.0
"G[0,1](Hgb <= 6.155 | Platelets >= 11.428)
",9999999.000,9999999.000,0.000,1.000,0.000,24,0,0,0,24,0,24,0,1.0,0.0,0.0,1.0,1.0,0.0
"G[0,1]((DBP <= 84.187 & TroponinI >= 0.000) | HCO3 >= 0.000)
",9999999.000,9999999.000,0.000,1.000,0.000,24,0,0,0,24,0,24,0,1.0,0.0,0.0,1.0,1.0,0.0
"G[0,0](((Creatinine >= 0.256 | Hct <= 5.242) & Magnesium <= 24.261) | Magnesium <= 15.732)
",15.732,15.732,0.000,1.000,0.000,24,0,0,0,24,0,24,0,1.0,0.0,0.0,1.0,1.0,0.0
"G[0,0]((DBP >= 6.931 & Magnesium >= 0.090) -> SepsisLabel <= 1.997)
",-4.580,-1.910,0.000,1.000,0.000,24,0,0,0,24,0,24,0,1.0,0.0,0.0,1.0,1.0,0.0
"G[0,1](Resp > 12.961 -> SepsisLabel = 0.000)
",9999999.000,9999999.000,0.000,1.000,0.000,24,0,0,0,24,0,24,0,1.0,0.0,0.0,1.0,1.0,0.0
"G[1,1](Fibrinogen >= 0.000 -> SepsisLabel = 0.000)
",0.000,0.000,0.000,1.000,0.000,24,0,0,0,24,0,24,0,1.0,0.0,0.0,1.0,1.0,0.0
"G[0,1](((Magnesium <= 2.897 | PaCO2 <= 0.000) | SBP <= 0.000) & Alkalinephos >= 0.000)
",9999999.000,9999999.000,0.000,1.000,0.000,24,0,0,0,24,0,24,0,1.0,0.0,0.0,1.0,1.0,0.0
"G[0,1]((SBP <= 149.836 & Hct <= 4.631) | Magnesium <= 14.283)
",9999999.000,9999999.000,0.000,1.000,0.000,24,0,0,0,24,0,24,0,1.0,0.0,0.0,1.0,1.0,0.0
"G[1,1](Potassium <= 2.572 -> TroponinI <= 0.000)
",-2.572,-2.572,0.000,1.000,0.000,24,0,0,0,24,0,24,0,1.0,0.0,0.0,1.0,1.0,0.0
"G[1,1](((MAP >= 67.454 | BaseExcess >= 0.000) | Lactate <= 0.000) | SepsisLabel <= 0.000)
",0.000,0.000,0.000,1.000,0.000,24,0,0,0,24,0,24,0,1.0,0.0,0.0,1.0,1.0,0.0
"G[0,1]((DBP <= 83.559 & MAP <= 104.291) -> Lactate <= 83.619)
",9999999.000,9999999.000,0.000,1.000,0.000,24,0,0,0,24,0,24,0,1.0,0.0,0.0,1.0,1.0,0.0
"G[0,1]((Lactate <= 0.000 | Bilirubin_direct >= 0.000) | Lactate >= 0.000)
",9999999.000,9999999.000,0.000,1.000,0.000,24,0,0,0,24,0,24,0,1.0,0.0,0.0,1.0,1.0,0.0
"G[1,1](Resp < 18.992 -> SepsisLabel = 0.000)
",-18.992,-18.992,0.000,1.000,0.000,24,0,0,0,24,0,24,0,1.0,0.0,0.0,1.0,1.0,0.0
"G[0,1](((Fibrinogen >= 0.000 & EtCO2 >= 0.000) & Alkalinephos >= 0.000) | Bilirubin_total <= 0.000)
",9999999.000,9999999.000,0.000,1.000,0.000,24,0,0,0,24,0,24,0,1.0,0.0,0.0,1.0,1.0,0.0
"G[0,0](((Creatinine <= 2.892 & DBP <= 92.770) | HR >= 31.599) -> WBC <= 94.340)
",-38015.401,-38015.401,0.000,1.000,0.000,24,0,0,0,24,0,24,0,1.0,0.0,0.0,1.0,1.0,0.0
"G[0,1](((BaseExcess <= 0.000 & Lactate >= 0.000) & pH >= 0.000) | Calcium >= 0.000)
",9999999.000,9999999.000,0.000,1.000,0.000,24,0,0,0,24,0,24,0,1.0,0.0,0.0,1.0,1.0,0.0
"G[0,1](((BUN >= 0.893 -> DBP <= 89.902) -> PaCO2 <= 75.990) | Hct >= 41.072)
",9999999.000,9999999.000,0.000,1.000,0.000,24,0,0,0,24,0,24,0,1.0,0.0,0.0,1.0,1.0,0.0
"G[0,0]((Hgb >= 0.362 -> BaseExcess <= 0.000) | DBP >= 0.000)
",2.166,80.875,0.000,1.000,0.000,24,0,0,0,24,0,24,0,1.0,0.0,0.0,1.0,1.0,0.0
"G[0,0](pH <= 0.000 -> Creatinine <= 0.536)
",-0.536,-0.536,0.000,1.000,0.000,24,0,0,0,24,0,24,0,1.0,0.0,0.0,1.0,1.0,0.0
"G[0,1]((Platelets >= 15.962 | SBP <= 133.516) -> Temp <= 146.838)
",9999999.000,9999999.000,0.000,1.000,0.000,24,0,0,0,24,0,24,0,1.0,0.0,0.0,1.0,1.0,0.0
"G[0,1](((Magnesium <= 1.997 & SBP >= 91.709) -> HCO3 <= 136.348) & HR <= 147.811)
",9999999.000,9999999.000,0.000,1.000,0.000,24,0,0,0,24,0,24,0,1.0,0.0,0.0,1.0,1.0,0.0
"G[0,1](((Creatinine <= 1.321 & SBP <= 131.220) -> AST <= 141.438) | Alkalinephos >= 42.507)
",9999999.000,9999999.000,0.000,1.000,0.000,24,0,0,0,24,0,24,0,1.0,0.0,0.0,1.0,1.0,0.0
"G[1,1]((BUN <= 47.194 -> Potassium <= 1.168) -> AST <= 3.186)
",-7173356715363553.000,-3.186,0.000,1.000,0.000,24,0,0,0,24,0,24,0,1.0,0.0,0.0,1.0,1.0,0.0
"G[0,1](Calcium <= 2.478 | HR <= 75.967)
",9999999.000,9999999.000,0.000,1.000,0.000,24,0,0,0,24,0,24,0,1.0,0.0,0.0,1.0,1.0,0.0
"G[0,1](MAP >= 75.910 | Platelets <= 387.681)
",9999999.000,9999999.000,0.000,1.000,0.000,24,0,0,0,24,0,24,0,1.0,0.0,0.0,1.0,1.0,0.0
"G[0,1]((HR <= 70.112 -> Magnesium <= 2.098) -> Alkalinephos <= 1.245)
",9999999.000,9999999.000,0.000,1.000,0.000,24,0,0,0,24,0,24,0,1.0,0.0,0.0,1.0,1.0,0.0
"G[1,1](((TroponinI <= 0.000 -> PTT <= 0.000) & Phosphate <= 0.000) -> Lactate <= 0.000)
",0.000,0.000,0.000,1.000,0.000,24,0,0,0,24,0,24,0,1.0,0.0,0.0,1.0,1.0,0.0
"G[0,1]((Resp >= 1.016 | PTT <= 0.000) | Hct <= 0.000)
",9999999.000,9999999.000,0.000,1.000,0.000,24,0,0,0,24,0,24,0,1.0,0.0,0.0,1.0,1.0,0.0
"G[0,1](AST >= 0.000 & Chloride <= 0.000)
",9999999.000,9999999.000,0.000,1.000,0.000,24,0,0,0,24,0,24,0,1.0,0.0,0.0,1.0,1.0,0.0
"G[0,0]((HR >= 64.091 | MAP <= 117.516) | Fibrinogen >= 32.722)
",37982.909,37982.909,0.000,1.000,0.000,24,0,0,0,24,0,24,0,1.0,0.0,0.0,1.0,1.0,0.0
"G[0,0](((BaseExcess <= 0.000 & Hct >= 0.464) | SaO2 <= 22.045) -> Hct <= 10.098)
",-22.045,-22.045,0.000,1.000,0.000,24,0,0,0,24,0,24,0,1.0,0.0,0.0,1.0,1.0,0.0
"G[0,1]((EtCO2 >= 0.000 | Fibrinogen <= 0.000) | pH >= 0.000)
",9999999.000,9999999.000,0.000,1.000,0.000,24,0,0,0,24,0,24,0,1.0,0.0,0.0,1.0,1.0,0.0
"G[0,1]((Bilirubin_direct <= 0.000 | TroponinI <= 0.000) | HCO3 >= 0.000)
",9999999.000,9999999.000,0.000,1.000,0.000,24,0,0,0,24,0,24,0,1.0,0.0,0.0,1.0,1.0,0.0
"G[0,0](Chloride >= 0.000 & HCO3 >= 0.000)
",0.000,0.000,0.000,1.000,0.000,24,0,0,0,24,0,24,0,1.0,0.0,0.0,1.0,1.0,0.0
"G[0,1]((Fibrinogen >= 0.000 | PaCO2 >= 0.000) -> Fibrinogen >= 0.000)
",9999999.000,9999999.000,0.000,1.000,0.000,24,0,0,0,24,0,24,0,1.0,0.0,0.0,1.0,1.0,0.0
"G[0,1](Temp >= 1.492 -> Lactate >= 0.000)
",9999999.000,9999999.000,0.000,1.000,0.000,24,0,0,0,24,0,24,0,1.0,0.0,0.0,1.0,1.0,0.0
"G[0,1]((FiO2 >= 0.000 | FiO2 >= 0.000) | Fibrinogen >= 0.000)
",9999999.000,9999999.000,0.000,1.000,0.000,24,0,0,0,24,0,24,0,1.0,0.0,0.0,1.0,1.0,0.0
"G[0,1](((Glucose <= 18.903 | Lactate >= 0.000) & BUN >= 0.000) -> BUN >= 0.000)
",9999999.000,9999999.000,0.000,1.000,0.000,24,0,0,0,24,0,24,0,1.0,0.0,0.0,1.0,1.0,0.0
"G[0,1]((BaseExcess >= 0.000 | FiO2 >= 0.000) | Magnesium >= 0.000)
",9999999.000,9999999.000,0.000,1.000,0.000,24,0,0,0,24,0,24,0,1.0,0.0,0.0,1.0,1.0,0.0
"G[0,1]((Magnesium >= 0.097 | Glucose <= 72.782) | AST <= 92.900)
",9999999.000,9999999.000,0.000,1.000,0.000,24,0,0,0,24,0,24,0,1.0,0.0,0.0,1.0,1.0,0.0
"G[0,1]((MAP <= 95.125 -> AST <= 0.000) | HR >= 0.000)
",9999999.000,9999999.000,0.000,1.000,0.000,24,0,0,0,24,0,24,0,1.0,0.0,0.0,1.0,1.0,0.0
"G[1,1](((O2Sat >= 1.135 -> TroponinI >= 0.000) -> Potassium >= 0.000) | SBP <= 0.000)
",0.000,0.000,0.000,1.000,0.000,24,0,0,0,24,0,24,0,1.0,0.0,0.0,1.0,1.0,0.0
"G[0,1]((PaCO2 >= 0.000 & Hct >= 0.493) -> AST <= 2.312)
",9999999.000,9999999.000,0.000,1.000,0.000,24,0,0,0,24,0,24,0,1.0,0.0,0.0,1.0,1.0,0.0
"G[0,1](((PTT >= 0.000 | O2Sat >= 33.772) & HR >= 20.703) | HR <= 88.131)
",9999999.000,9999999.000,0.000,1.000,0.000,24,0,0,0,24,0,24,0,1.0,0.0,0.0,1.0,1.0,0.0
"G[0,1]((Magnesium >= 0.014 -> Bilirubin_total >= 0.000) | SepsisLabel <= 0.000)
",9999999.000,9999999.000,0.000,1.000,0.000,24,0,0,0,24,0,24,0,1.0,0.0,0.0,1.0,1.0,0.0
"G[0,0]((HCO3 >= 0.000 & Calcium <= 4.635) | PTT >= 0.358)
",0.209,0.381,0.000,1.000,0.000,24,0,0,0,24,0,24,0,1.0,0.0,0.0,1.0,1.0,0.0
"G[0,1](Chloride >= 0.000 & HCO3 >= 0.000)
",9999999.000,9999999.000,0.000,1.000,0.000,24,0,0,0,24,0,24,0,1.0,0.0,0.0,1.0,1.0,0.0
"G[0,1](Bilirubin_direct >= 0.000 -> SaO2 >= 0.000)
",9999999.000,9999999.000,0.000,1.000,0.000,24,0,0,0,24,0,24,0,1.0,0.0,0.0,1.0,1.0,0.0
"G[0,0](((SBP <= 147.008 -> pH <= 0.000) & Potassium <= 0.000) -> Glucose >= 0.000)
",0.000,0.000,0.000,1.000,0.000,24,0,0,0,24,0,24,0,1.0,0.0,0.0,1.0,1.0,0.0
"G[0,0](Chloride >= 0.000 & HCO3 >= 0.000)
",0.000,0.000,0.000,1.000,0.000,24,0,0,0,24,0,24,0,1.0,0.0,0.0,1.0,1.0,0.0
"G[1,1]((Bilirubin_total <= 0.000 & SaO2 >= 0.000) -> Lactate <= 0.000)
",0.000,0.000,0.000,1.000,0.000,24,0,0,0,24,0,24,0,1.0,0.0,0.0,1.0,1.0,0.0
"G[0,0](((Lactate <= 0.000 -> BaseExcess >= 0.000) & Fibrinogen >= 0.000) & Bilirubin_total <= 0.000)
",-0.209,-0.154,0.000,1.000,0.000,24,0,0,0,24,0,24,0,1.0,0.0,0.0,1.0,1.0,0.0
"G[1,1](O2Sat <= 98.109 -> Platelets <= 175.638)
",-175.638,-175.638,0.000,1.000,0.000,23,0,0,1,24,0,23,1,0.9583333333333334,0.0,0.0,1.0,0.9583333333333334,0.04166666666666663
"G[0,1](BUN <= 60.566 | WBC <= 0.840)
",9999999.000,9999999.000,0.000,1.000,0.000,23,0,0,1,24,0,23,1,0.9583333333333334,0.0,0.0,1.0,0.9583333333333334,0.04166666666666663
"G[1,1]((EtCO2 >= 0.000 -> HR >= 36.058) | Glucose <= 81.426)
",81.426,81.426,0.000,1.000,0.000,23,0,0,1,24,0,23,1,0.9583333333333334,0.0,0.0,1.0,0.9583333333333334,0.04166666666666663
"G[1,1](((Creatinine >= 0.190 -> Potassium <= 3.452) | Phosphate <= 0.845) & Lactate <= 2.117)
",0.845,0.845,0.000,1.000,0.000,22,0,0,2,24,0,22,2,0.9166666666666666,0.0,0.0,1.0,0.9166666666666666,0.08333333333333337
"G[1,1]((Glucose >= 0.218 -> SBP <= 126.227) | Chloride >= 89.785)
",-89.785,-89.785,0.000,1.000,0.000,22,0,0,2,24,0,22,2,0.9166666666666666,0.0,0.0,1.0,0.9166666666666666,0.08333333333333337
"G[0,1]((Hgb <= 6.551 -> Phosphate <= 3.384) -> BUN <= 4.227)
",9999999.000,9999999.000,0.000,1.000,0.000,22,0,0,2,24,0,22,2,0.9166666666666666,0.0,0.0,1.0,0.9166666666666666,0.08333333333333337
"G[0,1]((O2Sat >= 34.849 & Fibrinogen >= 0.000) -> WBC <= 0.000)
",9999999.000,9999999.000,0.000,1.000,0.000,22,0,0,2,24,0,22,2,0.9166666666666666,0.0,0.0,1.0,0.9166666666666666,0.08333333333333337
"G[0,1](Hct < 18.587 & SepsisLabel = 0.000)
",9999999.000,9999999.000,0.000,1.000,0.000,22,0,0,2,24,0,22,2,0.9166666666666666,0.0,0.0,1.0,0.9166666666666666,0.08333333333333337
"G[0,1]((Platelets <= 163.718 & Calcium <= 7.416) | Hct <= 8.152)
",9999999.000,9999999.000,0.000,1.000,0.000,22,0,0,2,24,0,22,2,0.9166666666666666,0.0,0.0,1.0,0.9166666666666666,0.08333333333333337
"G[0,1](HCO3 >= 0.000 & Potassium <= 2.635)
",9999999.000,9999999.000,0.000,1.000,0.000,22,0,0,2,24,0,22,2,0.9166666666666666,0.0,0.0,1.0,0.9166666666666666,0.08333333333333337
"G[0,1]((Magnesium >= 0.102 | AST >= 0.000) & Phosphate <= 0.000)
",9999999.000,9999999.000,0.000,1.000,0.000,22,0,0,2,24,0,22,2,0.9166666666666666,0.0,0.0,1.0,0.9166666666666666,0.08333333333333337
"G[0,0](Hgb <= 8.295 & HR <= 80.633)
",-37966.367,-37966.367,0.000,1.000,0.000,19,0,0,5,24,0,19,5,0.7916666666666666,0.0,0.0,1.0,0.7916666666666666,0.20833333333333337
"G[0,1]((Phosphate <= 2.909 -> Hct <= 28.959) -> SBP >= 1.143)
",9999999.000,9999999.000,0.000,1.000,0.000,18,0,0,6,24,0,18,6,0.75,0.0,0.0,1.0,0.75,0.25
"G[0,1](HR >= 49.798 & Potassium <= 1.112)
",9999999.000,9999999.000,0.000,1.000,0.000,17,0,0,7,24,0,17,7,0.7083333333333334,0.0,0.0,1.0,0.7083333333333334,0.29166666666666663
"G[0,1]((DBP <= 75.720 -> SBP >= 7.162) & Platelets <= 116.479)
",9999999.000,9999999.000,0.000,1.000,0.000,16,0,0,8,24,0,16,8,0.6666666666666666,0.0,0.0,1.0,0.6666666666666666,0.33333333333333337
"G[0,0]((WBC <= 8.869 -> DBP <= 79.964) -> Bilirubin_total >= 28.578)
",1.655,12.153,0.000,1.000,0.000,13,0,0,11,24,0,13,11,0.5416666666666666,0.0,0.0,1.0,0.5416666666666666,0.45833333333333337
"G[0,0]((MAP <= 86.013 & Resp <= 19.270) | Phosphate >= 3.816)
",0.018,0.152,0.000,1.000,0.000,8,0,0,16,24,0,8,16,0.3333333333333333,0.0,0.0,1.0,0.3333333333333333,0.6666666666666667
"G[0,0](O2Sat <= 96.912 & SepsisLabel = 0.000)
",-0.209,-16.625,0.000,1.000,0.000,5,0,0,19,24,0,5,19,0.20833333333333334,0.0,0.0,1.0,0.20833333333333334,0.7916666666666666
"G[1,1]((Temp >= 4.555 -> HR <= 74.497) -> PaCO2 >= 4.463)
",4.463,4.463,0.000,1.000,0.000,4,0,0,20,24,0,4,20,0.16666666666666666,0.0,0.0,1.0,0.16666666666666666,0.8333333333333334
"G[1,1](BUN > 0.987 & SepsisLabel = 0.000)
",-8894507479433281.000,-0.987,0.000,1.000,0.000,2,0,0,22,24,0,2,22,0.08333333333333333,0.0,0.0,1.0,0.08333333333333333,0.9166666666666666
"G[1,1](((Hgb <= 8.086 | Hct <= 18.991) -> WBC >= 0.284) & Platelets >= 4.251)
",-18.991,-18.991,0.000,1.000,0.000,2,0,0,22,24,0,2,22,0.08333333333333333,0.0,0.0,1.0,0.08333333333333333,0.9166666666666666
"G[1,1](((AST <= 0.000 | DBP <= 75.915) -> SBP >= 11.349) -> FiO2 >= 66.759)
",66.759,66.759,0.000,1.000,0.000,2,0,0,22,24,0,2,22,0.08333333333333333,0.0,0.0,1.0,0.08333333333333333,0.9166666666666666
"G[1,1](((Hgb <= 1.082 | Hct <= 15.928) -> WBC >= 0.193) & Platelets >= 15.395)
",-15.928,-15.928,0.000,1.000,0.000,2,0,0,22,24,0,2,22,0.08333333333333333,0.0,0.0,1.0,0.08333333333333333,0.9166666666666666
"G[0,1]((Magnesium <= 2.203 & Phosphate <= 0.949) -> HR <= 1.854)
",9999999.000,9999999.000,0.000,1.000,0.000,1,0,0,23,24,0,1,23,0.041666666666666664,0.0,0.0,1.0,0.041666666666666664,0.9583333333333334
"G[0,0](((DBP >= 55.732 -> HR >= 63.988) -> PTT >= 25.993) | Platelets >= 0.451)
",13.484,25.597,0.000,1.000,0.000,1,0,0,23,24,0,1,23,0.041666666666666664,0.0,0.0,1.0,0.041666666666666664,0.9583333333333334
"G[0,2](((Creatinine <= 6.375 & Temp >= 5.570) -> Bilirubin_total <= 21.486) & Lactate >= 3.146)
",9999999.000,9999999.000,0.000,1.000,0.000,0,0,0,24,24,0,0,24,0.0,0.0,0.0,0.0,0.0,1.0
"G[2,2]((Platelets <= 123.809 & Chloride >= 0.000) -> O2Sat >= 0.000)
",0.000,0.000,0.000,1.000,0.000,0,0,24,0,0,24,24,0,0.0,0.0,1.0,0.0,0.0,1.0
"G[1,2](((Potassium <= 0.576 -> HR <= 75.132) -> Resp >= 1.842) & pH <= 72.218)
",9999999.000,9999999.000,0.000,1.000,0.000,0,0,22,2,2,22,22,2,0.0,0.0,1.0,0.0,0.0,1.0
"G[2,2](HR >= 7.313 -> O2Sat >= 66.211)
",8233403052186837.000,7.313,0.000,1.000,0.000,0,0,24,0,0,24,24,0,0.0,0.0,1.0,0.0,0.0,1.0
"G[0,2](Hgb <= 4.912 -> BaseExcess <= 0.000)
",9999999.000,9999999.000,0.000,1.000,0.000,0,0,24,0,0,24,24,0,0.0,0.0,1.0,0.0,0.0,1.0
"G[0,2]((Glucose >= 12.914 & HR <= 71.289) | DBP >= 49.237)
",9999999.000,9999999.000,0.000,1.000,0.000,0,0,18,6,6,18,18,6,0.0,0.0,1.0,0.0,0.0,1.0
"G[2,2](((Hgb >= 0.373 | Magnesium <= 0.781) | O2Sat >= 0.021) & Alkalinephos <= 0.145)
",0.145,0.145,0.000,1.000,0.000,0,0,24,0,0,24,24,0,0.0,0.0,1.0,0.0,0.0,1.0
"G[0,2]((Glucose <= 103.106 | Potassium <= 2.048) -> Bilirubin_direct >= 0.016)
",9999999.000,9999999.000,0.000,1.000,0.000,0,0,0,24,24,0,0,24,0.0,0.0,0.0,0.0,0.0,1.0
"G[0,2]((AST >= 0.000 | Lactate >= 0.000) & Glucose >= 0.000)
",9999999.000,9999999.000,0.000,1.000,0.000,0,0,24,0,0,24,24,0,0.0,0.0,1.0,0.0,0.0,1.0
"G[0,2](Potassium <= 3.007 & Fibrinogen <= 0.000)
",9999999.000,9999999.000,0.000,1.000,0.000,0,0,22,2,2,22,22,2,0.0,0.0,1.0,0.0,0.0,1.0
"G[0,2]((Calcium >= 0.290 -> Lactate <= 0.000) & Calcium >= 0.000)
",9999999.000,9999999.000,0.000,1.000,0.000,0,0,24,0,0,24,24,0,0.0,0.0,1.0,0.0,0.0,1.0
"G[0,2](((Phosphate >= 0.124 & SBP >= 97.189) -> HR <= 150.026) & EtCO2 <= 120.381)
",9999999.000,9999999.000,0.000,1.000,0.000,0,0,24,0,0,24,24,0,0.0,0.0,1.0,0.0,0.0,1.0
"G[2,2]((AST >= 0.000 | Chloride <= 0.000) & SepsisLabel >= 0.000)
",0.000,0.000,0.000,1.000,0.000,0,0,24,0,0,24,24,0,0.0,0.0,1.0,0.0,0.0,1.0
"G[1,2]((Calcium <= 7.401 | Temp >= 4.682) & Bilirubin_total <= 21.853)
",9999999.000,9999999.000,0.000,1.000,0.000,0,0,22,2,2,22,22,2,0.0,0.0,1.0,0.0,0.0,1.0
"G[1,2](((Temp >= 2.058 -> DBP <= 83.675) | DBP <= 84.657) -> Lactate >= 21.772)
",9999999.000,9999999.000,0.000,1.000,0.000,0,0,1,23,23,1,1,23,0.0,0.0,1.0,0.0,0.0,1.0
"G[2,2](((Temp <= 13.731 & PaCO2 <= 0.000) & Magnesium <= 0.000) & Temp >= 0.000)
",0.000,0.000,0.000,1.000,0.000,0,0,24,0,0,24,24,0,0.0,0.0,1.0,0.0,0.0,1.0
"G[1,2]((SBP <= 125.493 | Magnesium <= 1.990) -> Fibrinogen <= 0.448)
",9999999.000,9999999.000,0.000,1.000,0.000,0,0,24,0,0,24,24,0,0.0,0.0,1.0,0.0,0.0,1.0
"G[1,2](((Bilirubin_total >= 0.000 | Lactate <= 0.000) | BaseExcess <= 0.000) -> PaCO2 >= 0.000)
",9999999.000,9999999.000,0.000,1.000,0.000,0,0,24,0,0,24,24,0,0.0,0.0,1.0,0.0,0.0,1.0
"G[0,2](SaO2 <= 0.000 -> O2Sat >= 50.833)
",9999999.000,9999999.000,0.000,1.000,0.000,0,0,19,5,5,19,19,5,0.0,0.0,1.0,0.0,0.0,1.0
"G[0,2](Platelets >= 1.647 -> AST >= 0.000)
",9999999.000,9999999.000,0.000,1.000,0.000,0,0,24,0,0,24,24,0,0.0,0.0,1.0,0.0,0.0,1.0
"G[2,2](Chloride >= 0.000 & HCO3 >= 0.000)
",0.000,0.000,0.000,1.000,0.000,0,0,24,0,0,24,24,0,0.0,0.0,1.0,0.0,0.0,1.0
"G[2,2](Bilirubin_total <= 0.000 | SepsisLabel >= 0.000)
",0.000,0.000,0.000,1.000,0.000,0,0,24,0,0,24,24,0,0.0,0.0,1.0,0.0,0.0,1.0
"G[2,2]((AST <= 0.000 -> Phosphate <= 0.429) -> O2Sat <= 6.791)
",-6.791,-6.791,0.000,1.000,0.000,0,0,24,0,0,24,24,0,0.0,0.0,1.0,0.0,0.0,1.0
"G[0,2]((Bilirubin_direct <= 0.000 -> pH <= 0.000) & O2Sat <= 0.000)
",9999999.000,9999999.000,0.000,1.000,0.000,0,0,1,23,23,1,1,23,0.0,0.0,1.0,0.0,0.0,1.0
"G[0,2](((Hgb >= 0.032 | AST <= 0.000) | FiO2 >= 0.000) | BUN >= 0.000)
",9999999.000,9999999.000,0.000,1.000,0.000,0,0,24,0,0,24,24,0,0.0,0.0,1.0,0.0,0.0,1.0
"G[0,2](((Hgb <= 7.234 & TroponinI <= 0.000) -> Chloride >= 0.000) & FiO2 <= 0.000)
",9999999.000,9999999.000,0.000,1.000,0.000,0,0,24,0,0,24,24,0,0.0,0.0,1.0,0.0,0.0,1.0
"G[1,2](Temp >= 0.579 -> MAP <= 106.322)
",9999999.000,9999999.000,0.000,1.000,0.000,0,0,23,1,1,23,23,1,0.0,0.0,1.0,0.0,0.0,1.0
"G[2,2]((Hct <= 25.353 | Calcium <= 5.891) & FiO2 <= 8.958)
",8.958,8.958,0.000,1.000,0.000,0,0,24,0,0,24,24,0,0.0,0.0,1.0,0.0,0.0,1.0
"G[2,2](((SepsisLabel <= 0.000 | DBP <= 81.687) | DBP >= 67.869) & Potassium >= 44.153)
",-44.153,-44.153,0.000,1.000,0.000,0,0,24,0,0,24,24,0,0.0,0.0,1.0,0.0,0.0,1.0
"G[0,2](PaCO2 <= 0.000 & HCO3 >= 0.000)
",9999999.000,9999999.000,0.000,1.000,0.000,0,0,24,0,0,24,24,0,0.0,0.0,1.0,0.0,0.0,1.0
"G[1,2]((Platelets <= 264.520 | HR <= 76.319) -> Phosphate >= 56.947)
",9999999.000,9999999.000,0.000,1.000,0.000,0,0,0,24,24,0,0,24,0.0,0.0,0.0,0.0,0.0,1.0
"G[1,2](SaO2 <= 0.000 | TroponinI >= 0.000)
",9999999.000,9999999.000,0.000,1.000,0.000,0,0,24,0,0,24,24,0,0.0,0.0,1.0,0.0,0.0,1.0
"G[0,2](Platelets <= 102.089 | PaCO2 >= 0.000)
",9999999.000,9999999.000,0.000,1.000,0.000,0,0,24,0,0,24,24,0,0.0,0.0,1.0,0.0,0.0,1.0
"G[1,2](((WBC <= 6.971 | Potassium <= 3.332) -> Alkalinephos >= 0.099) | BaseExcess >= 0.033)
",9999999.000,9999999.000,0.000,1.000,0.000,0,0,2,22,22,2,2,22,0.0,0.0,1.0,0.0,0.0,1.0
"G[0,2](((Potassium <= 3.517 & HR >= 34.948) -> MAP >= 0.063) | Hct >= 36.417)
",9999999.000,9999999.000,0.000,1.000,0.000,0,0,23,1,1,23,23,1,0.0,0.0,1.0,0.0,0.0,1.0
"G[1,2](pH >= 0.000 & Alkalinephos <= 0.000)
",9999999.000,9999999.000,0.000,1.000,0.000,0,0,24,0,0,24,24,0,0.0,0.0,1.0,0.0,0.0,1.0
"G[0,2](((AST >= 0.000 | Resp <= 21.567) & Resp <= 17.845) -> Phosphate >= 4.639)
",9999999.000,9999999.000,0.000,1.000,0.000,0,0,6,18,18,6,6,18,0.0,0.0,1.0,0.0,0.0,1.0
"G[0,1](SaO2 <= 0.000 & Potassium >= 0.024)
",9999999.000,9999999.000,0.000,1.000,0.000,0,0,0,24,24,0,0,24,0.0,0.0,0.0,0.0,0.0,1.0
"G[1,2](Phosphate >= 0.204 & AST <= 0.000)
",9999999.000,9999999.000,0.000,1.000,0.000,0,0,2,22,22,2,2,22,0.0,0.0,1.0,0.0,0.0,1.0
"G[0,1]((Calcium <= 8.564 -> Hgb >= 0.361) | Bilirubin_direct >= 0.001)
",9999999.000,9999999.000,0.000,1.000,0.000,0,0,0,24,24,0,0,24,0.0,0.0,0.0,0.0,0.0,1.0
"G[0,1](Temp >= 4.039 & SBP <= 129.894)
",9999999.000,9999999.000,0.000,1.000,0.000,0,0,0,24,24,0,0,24,0.0,0.0,0.0,0.0,0.0,1.0
"G[0,2](((HR <= 82.109 -> PaCO2 <= 0.000) -> PTT <= 0.000) -> PTT >= 0.000)
",9999999.000,9999999.000,0.000,1.000,0.000,0,0,24,0,0,24,24,0,0.0,0.0,1.0,0.0,0.0,1.0
"G[2,2](((Hgb <= 8.649 & Potassium >= 0.018) & Bilirubin_total >= 0.020) -> Calcium >= 0.049)
",0.020,0.020,0.000,1.000,0.000,0,0,24,0,0,24,24,0,0.0,0.0,1.0,0.0,0.0,1.0
"G[1,2](((O2Sat >= 64.024 -> AST <= 0.000) & DBP <= 0.000) | Platelets >= 0.000)
",9999999.000,9999999.000,0.000,1.000,0.000,0,0,24,0,0,24,24,0,0.0,0.0,1.0,0.0,0.0,1.0
"G[0,2](WBC >= 0.119 -> BaseExcess >= 0.000)
",9999999.000,9999999.000,0.000,1.000,0.000,0,0,24,0,0,24,24,0,0.0,0.0,1.0,0.0,0.0,1.0
"G[1,2](((Phosphate >= 0.163 -> Temp <= 20.240) & AST <= 16.164) | Creatinine >= 2.544)
",9999999.000,9999999.000,0.000,1.000,0.000,0,0,24,0,0,24,24,0,0.0,0.0,1.0,0.0,0.0,1.0
"G[1,2](Platelets <= 241.613 | Phosphate >= 0.009)
",9999999.000,9999999.000,0.000,1.000,0.000,0,0,24,0,0,24,24,0,0.0,0.0,1.0,0.0,0.0,1.0
"G[0,2]((BUN <= 22.557 -> TroponinI >= 0.000) | PTT >= 0.000)
",9999999.000,9999999.000,0.000,1.000,0.000,0,0,24,0,0,24,24,0,0.0,0.0,1.0,0.0,0.0,1.0
"G[0,2](((SBP >= 70.513 -> BaseExcess >= 0.000) & Bilirubin_direct <= 0.000) | Chloride <= 0.000)
",9999999.000,9999999.000,0.000,1.000,0.000,0,0,24,0,0,24,24,0,0.0,0.0,1.0,0.0,0.0,1.0
"G[0,1](((PTT <= 0.000 | O2Sat >= 56.074) | Temp <= 96.003) & Potassium >= 60.303)
",9999999.000,9999999.000,0.000,1.000,0.000,0,0,0,24,24,0,0,24,0.0,0.0,0.0,0.0,0.0,1.0
"G[1,2]((AST <= 0.000 & Potassium <= 1.635) & Lactate >= 0.153)
",9999999.000,9999999.000,0.000,1.000,0.000,0,0,0,24,24,0,0,24,0.0,0.0,0.0,0.0,0.0,1.0
"G[0,2]((BaseExcess >= 0.000 & HCO3 <= 0.000) | Alkalinephos >= 0.000)
",9999999.000,9999999.000,0.000,1.000,0.000,0,0,24,0,0,24,24,0,0.0,0.0,1.0,0.0,0.0,1.0
"G[0,2](((O2Sat >= 22.404 | PaCO2 <= 0.000) | WBC >= 0.000) | Platelets >= 0.000)
",9999999.000,9999999.000,0.000,1.000,0.000,0,0,24,0,0,24,24,0,0.0,0.0,1.0,0.0,0.0,1.0
"G[0,2]((Calcium <= 8.835 -> Lactate <= 0.000) & BUN <= 0.000)
",9999999.000,9999999.000,0.000,1.000,0.000,0,0,22,2,2,22,22,2,0.0,0.0,1.0,0.0,0.0,1.0
"G[1,2]((TroponinI <= 0.000 -> AST >= 0.000) & HCO3 >= 0.000)
",9999999.000,9999999.000,0.000,1.000,0.000,0,0,24,0,0,24,24,0,0.0,0.0,1.0,0.0,0.0,1.0
"G[1,2](SBP >= 99.076 & SBP >= 84.362)
",9999999.000,9999999.000,0.000,1.000,0.000,0,0,22,2,2,22,22,2,0.0,0.0,1.0,0.0,0.0,1.0
"G[0,2](((Chloride <= 0.000 & SepsisLabel >= 0.000) & Creatinine <= 0.000) | PaCO2 <= 0.000)
",9999999.000,9999999.000,0.000,1.000,0.000,0,0,24,0,0,24,24,0,0.0,0.0,1.0,0.0,0.0,1.0
"G[1,2]((SepsisLabel >= 0.000 | PaCO2 <= 0.000) & Creatinine <= 0.000)
",9999999.000,9999999.000,0.000,1.000,0.000,0,0,22,2,2,22,22,2,0.0,0.0,1.0,0.0,0.0,1.0
"G[0,2]((Hgb <= 0.615 & MAP <= 91.807) | TroponinI <= 106.186)
",9999999.000,9999999.000,0.000,1.000,0.000,0,0,24,0,0,24,24,0,0.0,0.0,1.0,0.0,0.0,1.0
"G[0,2](Creatinine >= 0.136 | Hct <= 11.644)
",9999999.000,9999999.000,0.000,1.000,0.000,0,0,24,0,0,24,24,0,0.0,0.0,1.0,0.0,0.0,1.0
"G[0,2](DBP >= 25.573 | TroponinI >= 0.000)
",9999999.000,9999999.000,0.000,1.000,0.000,0,0,24,0,0,24,24,0,0.0,0.0,1.0,0.0,0.0,1.0
"G[1,2](EtCO2 >= 0.000 -> Hgb >= 0.313)
",9999999.000,9999999.000,0.000,1.000,0.000,0,0,2,22,22,2,2,22,0.0,0.0,1.0,0.0,0.0,1.0
"G[2,2]((WBC <= 3.415 -> Lactate >= 0.000) -> Phosphate <= 0.000)
",0.000,0.000,0.000,1.000,0.000,0,0,24,0,0,24,24,0,0.0,0.0,1.0,0.0,0.0,1.0
"G[1,2](((MAP >= 11.029 | FiO2 <= 0.000) & Glucose >= 0.000) -> PTT <= 0.000)
",9999999.000,9999999.000,0.000,1.000,0.000,0,0,24,0,0,24,24,0,0.0,0.0,1.0,0.0,0.0,1.0
"G[1,2](MAP >= 56.896 -> WBC <= 7.701)
",9999999.000,9999999.000,0.000,1.000,0.000,0,0,22,2,2,22,22,2,0.0,0.0,1.0,0.0,0.0,1.0
"G[1,2](SBP <= 125.180 | O2Sat >= 10.952)
",9999999.000,9999999.000,0.000,1.000,0.000,0,0,24,0,0,24,24,0,0.0,0.0,1.0,0.0,0.0,1.0
"G[1,2]((Lactate <= 0.000 | HCO3 >= 0.000) -> FiO2 <= 0.000)
",9999999.000,9999999.000,0.000,1.000,0.000,0,0,24,0,0,24,24,0,0.0,0.0,1.0,0.0,0.0,1.0
"G[1,2]((Phosphate <= 6.036 -> SBP <= 121.240) -> Magnesium >= 70.732)
",9999999.000,9999999.000,0.000,1.000,0.000,0,0,13,11,11,13,13,11,0.0,0.0,1.0,0.0,0.0,1.0
"G[1,1](((EtCO2 >= 0.000 & Platelets <= 193.360) | Hct <= 191.706) -> SaO2 >= 14.564)
",-191.706,-191.706,0.000,1.000,0.000,0,0,0,24,24,0,0,24,0.0,0.0,0.0,0.0,0.0,1.0
"G[0,2](((HR >= 27.842 & Creatinine >= 0.025) | Temp >= 0.172) -> Bilirubin_direct >= 0.217)
",9999999.000,9999999.000,0.000,1.000,0.000,0,0,14,10,10,14,14,10,0.0,0.0,1.0,0.0,0.0,1.0
"G[2,2](((Phosphate <= 4.814 -> HCO3 <= 0.000) & AST <= 0.000) -> PTT >= 0.000)
",0.000,0.000,0.000,1.000,0.000,0,0,24,0,0,24,24,0,0.0,0.0,1.0,0.0,0.0,1.0
"G[1,2](O2Sat >= 9.217 | SBP <= 134.095)
",9999999.000,9999999.000,0.000,1.000,0.000,0,0,24,0,0,24,24,0,0.0,0.0,1.0,0.0,0.0,1.0
"G[0,2]((Lactate <= 0.000 -> BUN >= 1.420) | Phosphate >= 2.889)
",9999999.000,9999999.000,0.000,1.000,0.000,0,0,0,24,24,0,0,24,0.0,0.0,0.0,0.0,0.0,1.0
"G[1,2](((SepsisLabel >= 0.000 | O2Sat >= 55.820) & Platelets >= 47.402) & DBP <= 87.504)
",9999999.000,9999999.000,0.000,1.000,0.000,0,0,1,23,23,1,1,23,0.0,0.0,1.0,0.0,0.0,1.0
"G[0,1]((SaO2 >= 0.000 -> Hgb <= 2.254) & PTT >= 0.089)
",9999999.000,9999999.000,0.000,1.000,0.000,0,0,0,24,24,0,0,24,0.0,0.0,0.0,0.0,0.0,1.0
"G[0,2](Potassium >= 0.066 | Bilirubin_total <= 0.000)
",9999999.000,9999999.000,0.000,1.000,0.000,0,0,24,0,0,24,24,0,0.0,0.0,1.0,0.0,0.0,1.0
"G[1,2](O2Sat <= 93.759 -> MAP >= 60.876)
",9999999.000,9999999.000,0.000,1.000,0.000,0,0,22,2,2,22,22,2,0.0,0.0,1.0,0.0,0.0,1.0
"G[2,2](Hct < 19.043 -> SepsisLabel = 0.000)
",-19.043,-19.043,0.000,1.000,0.000,0,0,24,0,0,24,24,0,0.0,0.0,1.0,0.0,0.0,1.0
"G[0,2](BUN <= 59.098 & Creatinine >= 0.126)
",9999999.000,9999999.000,0.000,1.000,0.000,0,0,0,24,24,0,0,24,0.0,0.0,0.0,0.0,0.0,1.0
"G[0,2](Chloride >= 0.000 & HCO3 >= 0.000)
",9999999.000,9999999.000,0.000,1.000,0.000,0,0,24,0,0,24,24,0,0.0,0.0,1.0,0.0,0.0,1.0
"G[0,2](Platelets <= 40.285 -> WBC >= 0.097)
",9999999.000,9999999.000,0.000,1.000,0.000,0,0,0,24,24,0,0,24,0.0,0.0,0.0,0.0,0.0,1.0
"G[0,2](((Hgb <= 3.029 | Hct <= 13.420) -> WBC >= 0.381) & Platelets >= 3.247)
",9999999.000,9999999.000,0.000,1.000,0.000,0,0,0,24,24,0,0,24,0.0,0.0,0.0,0.0,0.0,1.0
"G[1,2](BUN <= 64.479 & Creatinine >= 0.130)
",9999999.000,9999999.000,0.000,1.000,0.000,0,0,1,23,23,1,1,23,0.0,0.0,1.0,0.0,0.0,1.0
"G[1,2](Bilirubin_direct < 0.000 & SepsisLabel = 0.000)
",9999999.000,9999999.000,0.000,1.000,0.000,0,0,0,24,24,0,0,24,0.0,0.0,0.0,0.0,0.0,1.0
"G[1,2](Glucose < 32.170 -> SepsisLabel = 0.000)
",9999999.000,9999999.000,0.000,1.000,0.000,0,0,24,0,0,24,24,0,0.0,0.0,1.0,0.0,0.0,1.0
"G[1,2](Calcium > 0.302 & SepsisLabel = 0.000)
",9999999.000,9999999.000,0.000,1.000,0.000,0,0,2,22,22,2,2,22,0.0,0.0,1.0,0.0,0.0,1.0
"G[0,0](TroponinI < 0.000 & SepsisLabel = 0.000)
",-0.209,-16.625,0.000,1.000,0.000,0,0,0,24,24,0,0,24,0.0,0.0,0.0,0.0,0.0,1.0
"G[0,2](AST <= 0.000 -> SepsisLabel = 0.000)
",9999999.000,9999999.000,0.000,1.000,0.000,0,0,24,0,0,24,24,0,0.0,0.0,1.0,0.0,0.0,1.0
"G[0,2](HR <= 73.158 & SepsisLabel = 0.000)
",9999999.000,9999999.000,0.000,1.000,0.000,0,0,3,21,21,3,3,21,0.0,0.0,1.0,0.0,0.0,1.0
"G[0,2](Resp < 18.608 & SepsisLabel = 0.000)
",9999999.000,9999999.000,0.000,1.000,0.000,0,0,15,9,9,15,15,9,0.0,0.0,1.0,0.0,0.0,1.0
"G[1,2](Platelets <= 382.495 -> WBC >= 0.211)
",9999999.000,9999999.000,0.000,1.000,0.000,0,0,2,22,22,2,2,22,0.0,0.0,1.0,0.0,0.0,1.0
"G[1,2](Alkalinephos <= 0.000 & SepsisLabel = 0.000)
",9999999.000,9999999.000,0.000,1.000,0.000,0,0,24,0,0,24,24,0,0.0,0.0,1.0,0.0,0.0,1.0
"G[2,2](Temp > 1.908 -> SepsisLabel = 0.000)
",0.000,0.000,0.000,1.000,0.000,0,0,24,0,0,24,24,0,0.0,0.0,1.0,0.0,0.0,1.0
"G[0,2](Hct <= 5.610 & SepsisLabel = 0.000)
",9999999.000,9999999.000,0.000,1.000,0.000,0,0,22,2,2,22,22,2,0.0,0.0,1.0,0.0,0.0,1.0
"G[1,2]((Hgb <= 8.449 & Potassium >= 0.043) & Bilirubin_total <= 0.302)
",9999999.000,9999999.000,0.000,1.000,0.000,0,0,0,24,24,0,0,24,0.0,0.0,0.0,0.0,0.0,1.0
"G[2,2]((Calcium <= 1.138 | Platelets >= 0.150) & Fibrinogen >= 4.518)
",-4.518,-4.518,0.000,1.000,0.000,0,0,24,0,0,24,24,0,0.0,0.0,1.0,0.0,0.0,1.0
"G[1,2]((Platelets <= 40.040 -> Potassium <= 0.239) & Platelets >= 0.052)
",9999999.000,9999999.000,0.000,1.000,0.000,0,0,2,22,22,2,2,22,0.0,0.0,1.0,0.0,0.0,1.0
"G[0,1](((Magnesium >= 0.098 | Platelets >= 10.985) & HR >= 12.485) | BaseExcess >= 12.463)
",9999999.000,9999999.000,0.000,1.000,0.000,0,0,0,24,24,0,0,24,0.0,0.0,0.0,0.0,0.0,1.0
"G[2,2](Hct <= 21.495 | Magnesium <= 2.762)
",21.495,21.495,0.000,1.000,0.000,0,0,24,0,0,24,24,0,0.0,0.0,1.0,0.0,0.0,1.0
"G[1,2](((Magnesium <= 0.415 -> Potassium >= 0.072) -> EtCO2 >= 0.047) -> pH <= 3.036)
",9999999.000,9999999.000,0.000,1.000,0.000,0,0,24,0,0,24,24,0,0.0,0.0,1.0,0.0,0.0,1.0
"G[1,2](Platelets >= 1.332 & WBC >= 0.088)
",9999999.000,9999999.000,0.000,1.000,0.000,0,0,2,22,22,2,2,22,0.0,0.0,1.0,0.0,0.0,1.0
"G[2,2]((Phosphate >= 0.169 & WBC <= 7.490) -> DBP <= 1.729)
",-1.729,-1.729,0.000,1.000,0.000,0,0,24,0,0,24,24,0,0.0,0.0,1.0,0.0,0.0,1.0
"G[0,2](((Hgb <= 8.803 | Hct <= 24.422) -> WBC >= 0.245) & Platelets >= 3.681)
",9999999.000,9999999.000,0.000,1.000,0.000,0,0,0,24,24,0,0,24,0.0,0.0,0.0,0.0,0.0,1.0
"G[1,2](BUN <= 82.582 & Creatinine >= 0.088)
",9999999.000,9999999.000,0.000,1.000,0.000,0,0,1,23,23,1,1,23,0.0,0.0,1.0,0.0,0.0,1.0
"G[1,1](((Chloride <= 0.000 | Resp <= 15.493) & Calcium >= 10.574) & FiO2 <= 15.167)
",-10.574,-10.574,0.000,1.000,0.000,0,0,0,24,24,0,0,24,0.0,0.0,0.0,0.0,0.0,1.0
"G[2,2](Chloride >= 0.000 & HCO3 >= 0.000)
",0.000,0.000,0.000,1.000,0.000,0,0,24,0,0,24,24,0,0.0,0.0,1.0,0.0,0.0,1.0
"G[0,2](((Hgb <= 3.255 | Hct <= 9.179) -> WBC >= 0.046) & Platelets >= 12.443)
",9999999.000,9999999.000,0.000,1.000,0.000,0,0,0,24,24,0,0,24,0.0,0.0,0.0,0.0,0.0,1.0
"G[0,0](BUN <= 77.282 & Creatinine >= 0.180)
",-0.180,-0.180,0.000,1.000,0.000,0,0,0,24,24,0,0,24,0.0,0.0,0.0,0.0,0.0,1.0
"G[0,1](Platelets <= 48.519 -> WBC >= 0.207)
",9999999.000,9999999.000,0.000,1.000,0.000,0,0,0,24,24,0,0,24,0.0,0.0,0.0,0.0,0.0,1.0
"G[0,2](((Hgb <= 3.882 | Hct <= 27.020) -> WBC >= 0.096) & Platelets >= 6.499)
",9999999.000,9999999.000,0.000,1.000,0.000,0,0,0,24,24,0,0,24,0.0,0.0,0.0,0.0,0.0,1.0
"G[0,2](BUN <= 73.422 & Creatinine >= 0.176)
",9999999.000,9999999.000,0.000,1.000,0.000,0,0,0,24,24,0,0,24,0.0,0.0,0.0,0.0,0.0,1.0
"G[0,2](Platelets <= 132.141 -> WBC >= 0.337)
",9999999.000,9999999.000,0.000,1.000,0.000,0,0,0,24,24,0,0,24,0.0,0.0,0.0,0.0,0.0,1.0
"G[2,2](((Hgb <= 2.488 | Hct <= 25.289) -> WBC >= 0.304) & Platelets >= 0.727)
",-25.289,-25.289,0.000,1.000,0.000,0,0,24,0,0,24,24,0,0.0,0.0,1.0,0.0,0.0,1.0
"G[0,2](BUN <= 79.746 & Creatinine >= 0.092)
",9999999.000,9999999.000,0.000,1.000,0.000,0,0,0,24,24,0,0,24,0.0,0.0,0.0,0.0,0.0,1.0
"G[0,2](Chloride >= 0.000 & HCO3 >= 0.000)
",9999999.000,9999999.000,0.000,1.000,0.000,0,0,24,0,0,24,24,0,0.0,0.0,1.0,0.0,0.0,1.0
"G[1,2](Platelets <= 366.124 -> WBC >= 0.245)
",9999999.000,9999999.000,0.000,1.000,0.000,0,0,2,22,22,2,2,22,0.0,0.0,1.0,0.0,0.0,1.0
"G[0,1](BUN <= 74.518 & Creatinine >= 0.045)
",9999999.000,9999999.000,0.000,1.000,0.000,0,0,0,24,24,0,0,24,0.0,0.0,0.0,0.0,0.0,1.0
"G[0,1](Platelets <= 243.993 -> WBC >= 0.020)
",9999999.000,9999999.000,0.000,1.000,0.000,0,0,0,24,24,0,0,24,0.0,0.0,0.0,0.0,0.0,1.0
"G[2,2](((Hgb <= 7.639 | Hct <= 28.386) -> WBC >= 0.164) & Platelets >= 6.075)
",-28.386,-28.386,0.000,1.000,0.000,0,0,24,0,0,24,24,0,0.0,0.0,1.0,0.0,0.0,1.0
"G[0,2](BUN <= 52.715 & Creatinine >= 0.187)
",9999999.000,9999999.000,0.000,1.000,0.000,0,0,0,24,24,0,0,24,0.0,0.0,0.0,0.0,0.0,1.0
"G[1,2](Chloride >= 0.000 & HCO3 >= 0.000)
",9999999.000,9999999.000,0.000,1.000,0.000,0,0,24,0,0,24,24,0,0.0,0.0,1.0,0.0,0.0,1.0
"G[0,1](Platelets <= 264.770 -> WBC >= 0.339)
",9999999.000,9999999.000,0.000,1.000,0.000,0,0,0,24,24,0,0,24,0.0,0.0,0.0,0.0,0.0,1.0
"G[0,0](((Hgb <= 7.802 | Hct <= 1.440) -> WBC >= 0.053) & Platelets >= 7.543)
",-150.433,-7.791,0.000,1.000,0.000,0,0,0,24,24,0,0,24,0.0,0.0,0.0,0.0,0.0,1.0
"G[0,2](BUN <= 20.885 & Creatinine >= 0.234)
",9999999.000,9999999.000,0.000,1.000,0.000,0,0,0,24,24,0,0,24,0.0,0.0,0.0,0.0,0.0,1.0
"G[2,2](Chloride >= 0.000 & HCO3 >= 0.000)
",0.000,0.000,0.000,1.000,0.000,0,0,24,0,0,24,24,0,0.0,0.0,1.0,0.0,0.0,1.0
"G[0,2](Platelets <= 378.040 -> WBC >= 0.154)
",9999999.000,9999999.000,0.000,1.000,0.000,0,0,0,24,24,0,0,24,0.0,0.0,0.0,0.0,0.0,1.0
"G[0,2](((Hgb <= 4.466 | Hct <= 20.509) -> WBC >= 0.022) & Platelets >= 5.593)
",9999999.000,9999999.000,0.000,1.000,0.000,0,0,0,24,24,0,0,24,0.0,0.0,0.0,0.0,0.0,1.0
"G[0,2](BUN <= 56.429 & Creatinine >= 0.016)
",9999999.000,9999999.000,0.000,1.000,0.000,0,0,0,24,24,0,0,24,0.0,0.0,0.0,0.0,0.0,1.0
"G[0,2](Chloride >= 0.000 & HCO3 >= 0.000)
",9999999.000,9999999.000,0.000,1.000,0.000,0,0,24,0,0,24,24,0,0.0,0.0,1.0,0.0,0.0,1.0
"G[1,2](Platelets <= 360.252 -> WBC >= 0.371)
",9999999.000,9999999.000,0.000,1.000,0.000,0,0,2,22,22,2,2,22,0.0,0.0,1.0,0.0,0.0,1.0
"G[1,2](((Magnesium <= 2.210 | Phosphate >= 0.209) -> Alkalinephos <= 0.709) & HCO3 >= 0.053)
",9999999.000,9999999.000,0.000,1.000,0.000,0,0,0,24,24,0,0,24,0.0,0.0,0.0,0.0,0.0,1.0
"G[2,2](((Phosphate <= 2.062 -> Platelets >= 12.004) & pH >= 4.756) -> PTT >= 11.806)
",4.756,4.756,0.000,1.000,0.000,0,0,24,0,0,24,24,0,0.0,0.0,1.0,0.0,0.0,1.0
"G[2,2](Creatinine >= 0.209 | Platelets >= 9.961)
",-7527798815100607.000,-0.209,0.000,1.000,0.000,0,0,24,0,0,24,24,0,0.0,0.0,1.0,0.0,0.0,1.0
"G[2,2]((Bilirubin_total <= 0.000 -> HR <= 72.352) | SepsisLabel <= 71.692)
",71.692,71.692,0.000,1.000,0.000,0,0,24,0,0,24,24,0,0.0,0.0,1.0,0.0,0.0,1.0
"G[0,2]((DBP >= 23.475 & Calcium <= 7.597) -> Bilirubin_total <= 1.627)
",9999999.000,9999999.000,0.000,1.000,0.000,0,0,24,0,0,24,24,0,0.0,0.0,1.0,0.0,0.0,1.0
"G[0,2](((PaCO2 >= 0.000 & PaCO2 >= 0.000) -> HCO3 <= 0.000) & HR <= 0.000)
",9999999.000,9999999.000,0.000,1.000,0.000,0,0,1,23,23,1,1,23,0.0,0.0,1.0,0.0,0.0,1.0
"G[1,2](MAP >= 10.259 -> Fibrinogen >= 0.000)
",9999999.000,9999999.000,0.000,1.000,0.000,0,0,24,0,0,24,24,0,0.0,0.0,1.0,0.0,0.0,1.0
"G[1,1]((AST <= 0.000 -> Temp <= 11.199) & Alkalinephos >= 5.806)
",-6304553890428721.000,-11.199,0.000,1.000,0.000,0,0,0,24,24,0,0,24,0.0,0.0,0.0,0.0,0.0,1.0
"G[0,2](((BaseExcess >= 0.000 -> EtCO2 <= 0.000) -> AST >= 0.000) & Potassium <= 0.000)
",9999999.000,9999999.000,0.000,1.000,0.000,0,0,22,2,2,22,22,2,0.0,0.0,1.0,0.0,0.0,1.0
"G[1,2](((Bilirubin_direct <= 0.000 | Bilirubin_direct >= 0.000) & Creatinine <= 0.000) -> Fibrinogen <= 0.000)
",9999999.000,9999999.000,0.000,1.000,0.000,0,0,24,0,0,24,24,0,0.0,0.0,1.0,0.0,0.0,1.0
"G[2,2](Platelets >= 2.428 & Bilirubin_direct <= 0.000)
",-2.428,-2.428,0.000,1.000,0.000,0,0,24,0,0,24,24,0,0.0,0.0,1.0,0.0,0.0,1.0
"G[1,2](Platelets <= 323.915 -> WBC >= 0.016)
",9999999.000,9999999.000,0.000,1.000,0.000,0,0,2,22,22,2,2,22,0.0,0.0,1.0,0.0,0.0,1.0
"G[1,2]((Resp <= 18.522 & Potassium >= 0.034) | DBP >= 0.076)
",9999999.000,9999999.000,0.000,1.000,0.000,0,0,22,2,2,22,22,2,0.0,0.0,1.0,0.0,0.0,1.0
"G[0,2](Platelets >= 1.164 & BUN <= 73.470)
",9999999.000,9999999.000,0.000,1.000,0.000,0,0,0,24,24,0,0,24,0.0,0.0,0.0,0.0,0.0,1.0
"G[2,2](((Magnesium >= 0.081 & pH <= 0.000) & SBP <= 0.000) | MAP >= 0.000)
",0.000,0.000,0.000,1.000,0.000,0,0,24,0,0,24,24,0,0.0,0.0,1.0,0.0,0.0,1.0
"G[0,2]((Potassium <= 1.739 -> FiO2 >= 0.000) -> SepsisLabel <= 0.000)
",9999999.000,9999999.000,0.000,1.000,0.000,0,0,24,0,0,24,24,0,0.0,0.0,1.0,0.0,0.0,1.0
"G[0,2](((Creatinine <= 3.463 & Hgb >= 0.321) & SaO2 >= 0.194) & SBP >= 0.075)
",9999999.000,9999999.000,0.000,1.000,0.000,0,0,0,24,24,0,0,24,0.0,0.0,0.0,0.0,0.0,1.0
"G[0,2](((EtCO2 <= 0.000 | Resp >= 13.478) & Bilirubin_direct >= 7.288) & Magnesium >= 12.285)
",9999999.000,9999999.000,0.000,1.000,0.000,0,0,0,24,24,0,0,24,0.0,0.0,0.0,0.0,0.0,1.0
"G[0,2](((Glucose <= 68.670 | pH <= 0.000) -> Glucose >= 0.000) -> O2Sat >= 0.000)
",9999999.000,9999999.000,0.000,1.000,0.000,0,0,24,0,0,24,24,0,0.0,0.0,1.0,0.0,0.0,1.0
"G[0,2](((Bilirubin_direct <= 0.000 & Bilirubin_total <= 0.000) -> AST <= 0.000) -> SBP <= 0.000)
",9999999.000,9999999.000,0.000,1.000,0.000,0,0,1,23,23,1,1,23,0.0,0.0,1.0,0.0,0.0,1.0
"G[2,2](((Calcium >= 0.074 & pH <= 0.000) -> Lactate <= 0.000) | Hgb >= 0.000)
",0.000,0.000,0.000,1.000,0.000,0,0,24,0,0,24,24,0,0.0,0.0,1.0,0.0,0.0,1.0
"G[1,2](EtCO2 >= 0.000 & DBP >= 69.466)
",9999999.000,9999999.000,0.000,1.000,0.000,0,0,22,2,2,22,22,2,0.0,0.0,1.0,0.0,0.0,1.0
"G[1,2](((DBP >= 12.539 & pH >= 0.000) | pH >= 0.000) -> Bilirubin_direct <= 0.000)
",9999999.000,9999999.000,0.000,1.000,0.000,0,0,24,0,0,24,24,0,0.0,0.0,1.0,0.0,0.0,1.0
"G[0,2]((EtCO2 <= 0.000 | Temp >= 0.381) | MAP >= 3.482)
",9999999.000,9999999.000,0.000,1.000,0.000,0,0,24,0,0,24,24,0,0.0,0.0,1.0,0.0,0.0,1.0
"G[2,2]((BUN <= 32.439 | TroponinI <= 0.000) -> Calcium <= 0.000)
",-32.439,-32.439,0.000,1.000,0.000,0,0,24,0,0,24,24,0,0.0,0.0,1.0,0.0,0.0,1.0
"G[1,2](((Potassium <= 1.406 -> SaO2 <= 0.000) | BUN <= 0.000) | Alkalinephos >= 0.000)
",9999999.000,9999999.000,0.000,1.000,0.000,0,0,24,0,0,24,24,0,0.0,0.0,1.0,0.0,0.0,1.0
"G[0,2](((BUN >= 1.061 | Alkalinephos <= 0.000) & AST <= 0.000) | AST <= 0.000)
",9999999.000,9999999.000,0.000,1.000,0.000,0,0,24,0,0,24,24,0,0.0,0.0,1.0,0.0,0.0,1.0
"G[0,2]((Calcium >= 0.333 -> FiO2 <= 0.000) -> Resp <= 0.000)
",9999999.000,9999999.000,0.000,1.000,0.000,0,0,1,23,23,1,1,23,0.0,0.0,1.0,0.0,0.0,1.0
"G[0,2]((AST <= 0.000 -> Chloride >= 0.000) & SBP >= 0.000)
",9999999.000,9999999.000,0.000,1.000,0.000,0,0,24,0,0,24,24,0,0.0,0.0,1.0,0.0,0.0,1.0
"G[0,1](Resp >= 1.173 & WBC >= 0.384)
",9999999.000,9999999.000,0.000,1.000,0.000,0,0,0,24,24,0,0,24,0.0,0.0,0.0,0.0,0.0,1.0
"G[1,2]((Glucose <= 39.354 -> MAP <= 86.811) & SBP <= 88.142)
",9999999.000,9999999.000,0.000,1.000,0.000,0,0,2,22,22,2,2,22,0.0,0.0,1.0,0.0,0.0,1.0
"G[0,1](((BUN >= 2.842 & O2Sat <= 92.025) & DBP >= 42.541) & Bilirubin_direct >= 47.492)
",9999999.000,9999999.000,0.000,1.000,0.000,0,0,0,24,24,0,0,24,0.0,0.0,0.0,0.0,0.0,1.0
"G[0,0](((BUN <= 69.346 | Hct >= 0.027) | pH <= 6.716) -> Chloride >= 1.169)
",-69.346,-69.346,0.000,1.000,0.000,0,0,0,24,24,0,0,24,0.0,0.0,0.0,0.0,0.0,1.0
"G[2,2](((HR <= 76.814 | Resp >= 9.714) -> SaO2 <= 20.337) | HCO3 <= 16.201)
",16.201,16.201,0.000,1.000,0.000,0,0,24,0,0,24,24,0,0.0,0.0,1.0,0.0,0.0,1.0
"G[2,2](HR >= 51.789 -> SBP <= 129.421)
",-129.421,-129.421,0.000,1.000,0.000,0,0,24,0,0,24,24,0,0.0,0.0,1.0,0.0,0.0,1.0
"G[2,2](DBP >= 32.971 & Resp <= 21.900)
",-32.971,-32.971,0.000,1.000,0.000,0,0,24,0,0,24,24,0,0.0,0.0,1.0,0.0,0.0,1.0
"G[2,2](Glucose >= 4.007 | Hgb <= 1.983)
",8929964174497411.000,1.983,0.000,1.000,0.000,0,0,24,0,0,24,24,0,0.0,0.0,1.0,0.0,0.0,1.0
"G[1,2](Glucose <= 48.472 -> Potassium <= 1.618)
",9999999.000,9999999.000,0.000,1.000,0.000,0,0,24,0,0,24,24,0,0.0,0.0,1.0,0.0,0.0,1.0
"G[2,2]((BUN >= 1.415 -> Glucose >= 4.873) & FiO2 <= 71.547)
",1.415,1.415,0.000,1.000,0.000,0,0,24,0,0,24,24,0,0.0,0.0,1.0,0.0,0.0,1.0
"G[0,1]((Resp <= 20.132 | Temp >= 4.820) -> SaO2 >= 3.344)
",9999999.000,9999999.000,0.000,1.000,0.000,0,0,0,24,24,0,0,24,0.0,0.0,0.0,0.0,0.0,1.0
"G[1,2](MAP <= 107.483 & Potassium >= 0.080)
",9999999.000,9999999.000,0.000,1.000,0.000,0,0,1,23,23,1,1,23,0.0,0.0,1.0,0.0,0.0,1.0
"G[0,1]((Creatinine <= 1.988 | MAP >= 4.839) -> Potassium >= 34.459)
",9999999.000,9999999.000,0.000,1.000,0.000,0,0,0,24,24,0,0,24,0.0,0.0,0.0,0.0,0.0,1.0
"G[1,2](((SBP <= 119.617 | WBC >= 0.028) | EtCO2 >= 0.325) -> BUN >= 0.295)
",9999999.000,9999999.000,0.000,1.000,0.000,0,0,19,5,5,19,19,5,0.0,0.0,1.0,0.0,0.0,1.0
"G[2,2]((Hgb <= 3.065 & SBP >= 107.156) & BUN <= 151.068)
",-107.156,-107.156,0.000,1.000,0.000,0,0,24,0,0,24,24,0,0.0,0.0,1.0,0.0,0.0,1.0
"G[2,2](((Hct >= 0.162 -> SBP >= 40.528) & MAP >= 1.475) -> Creatinine <= 151.996)
",-151.996,-151.996,0.000,1.000,0.000,0,0,24,0,0,24,24,0,0.0,0.0,1.0,0.0,0.0,1.0
"G[2,2](((Magnesium <= 0.471 & Temp <= 30.572) | SBP <= 20.416) -> Phosphate >= 5.063)
",-20.416,-20.416,0.000,1.000,0.000,0,0,24,0,0,24,24,0,0.0,0.0,1.0,0.0,0.0,1.0
"G[1,2]((Calcium >= 0.112 -> SBP >= 85.420) | PTT >= 10.125)
",9999999.000,9999999.000,0.000,1.000,0.000,0,0,24,0,0,24,24,0,0.0,0.0,1.0,0.0,0.0,1.0
"G[2,2](Potassium >= 0.088 & SBP <= 153.591)
",-0.088,-0.088,0.000,1.000,0.000,0,0,24,0,0,24,24,0,0.0,0.0,1.0,0.0,0.0,1.0
"G[1,2](((Temp >= 4.352 & WBC <= 8.510) -> HR >= 0.087) | Resp >= 0.197)
",9999999.000,9999999.000,0.000,1.000,0.000,0,0,24,0,0,24,24,0,0.0,0.0,1.0,0.0,0.0,1.0
"G[1,2](((DBP <= 92.949 -> Phosphate >= 0.246) & TroponinI <= 3.791) & Calcium <= 6.641)
",9999999.000,9999999.000,0.000,1.000,0.000,0,0,5,19,19,5,5,19,0.0,0.0,1.0,0.0,0.0,1.0
"G[1,2](((Glucose >= 10.342 & Resp <= 16.656) -> BUN <= 22.728) -> DBP <= 20.179)
",9999999.000,9999999.000,0.000,1.000,0.000,0,0,3,21,21,3,3,21,0.0,0.0,1.0,0.0,0.0,1.0
"G[2,2](((DBP >= 62.337 & WBC >= 0.044) -> Lactate >= 0.280) | BaseExcess >= 0.361)
",0.280,0.280,0.000,1.000,0.000,0,0,24,0,0,24,24,0,0.0,0.0,1.0,0.0,0.0,1.0
"G[0,2]((DBP <= 77.193 -> Hgb >= 0.210) -> EtCO2 <= 8.876)
",9999999.000,9999999.000,0.000,1.000,0.000,0,0,24,0,0,24,24,0,0.0,0.0,1.0,0.0,0.0,1.0
"G[1,2](((Calcium <= 1.325 & DBP <= 81.662) -> SepsisLabel >= 52.103) & Hgb >= 40.168)
",9999999.000,9999999.000,0.000,1.000,0.000,0,0,0,24,24,0,0,24,0.0,0.0,0.0,0.0,0.0,1.0
"G[1,2](((O2Sat >= 55.448 -> Potassium >= 0.091) -> Resp >= 0.044) -> O2Sat >= 0.098)
",9999999.000,9999999.000,0.000,1.000,0.000,0,0,24,0,0,24,24,0,0.0,0.0,1.0,0.0,0.0,1.0
"G[0,2](((FiO2 >= 0.000 | FiO2 >= 0.000) & Fibrinogen <= 0.000) | Fibrinogen >= 0.000)
",9999999.000,9999999.000,0.000,1.000,0.000,0,0,24,0,0,24,24,0,0.0,0.0,1.0,0.0,0.0,1.0
