Rule,Discrimination Score,Pos Robustness,Neg Robustness,Percent Class +,Percent Class -,TP,TN,FP,FN,Actual Yes,Actual No,Predicted Yes,Predicted No,TPR/Sens,TNR/Spec,FPR,Precision,Accuracy,MCR,Class
"G[0,1](Chloride >= 0.000 & HCO3 >= 0.000)
",9999999.000,9999999.000,0.000,1.000,0.000,21,0,0,0,21,0,21,0,1.0,0.0,0.0,1.0,1.0,0.0,1
"G[0,0](Chloride >= 0.000 & HCO3 >= 0.000)
",0.000,0.000,0.000,1.000,0.000,21,0,0,0,21,0,21,0,1.0,0.0,0.0,1.0,1.0,0.0,1
"F[1,1](((Calcium < 0.606 & Potassium < 1.595) & Magnesium < 2.196) & Phosphate < 0.000)
",0.000,0.000,0.000,0.000,1.000,21,0,0,0,21,0,21,0,1.0,0.0,0.0,1.0,1.0,0.0,-1
"G[1,1](Resp >= 15.349 -> Bilirubin_total >= 0.000)
",0.000,0.000,0.000,1.000,0.000,21,0,0,0,21,0,21,0,1.0,0.0,0.0,1.0,1.0,0.0,1
"F[0,1](((Calcium < 0.871 & Potassium < 3.181) & Magnesium < 2.376) & Phosphate < 0.000)
",-9999999.000,-9999999.000,0.000,0.000,1.000,21,0,0,0,21,0,21,0,1.0,0.0,0.0,1.0,1.0,0.0,-1
"G[0,1]((FiO2 >= 4.514608058043189e-05 & WBC >= 0.282) -> Potassium <= 1.282)
",9999999.000,9999999.000,0.000,1.000,0.000,21,0,0,0,21,0,21,0,1.0,0.0,0.0,1.0,1.0,0.0,1
"G[0,1](Chloride >= 0.000 & HCO3 >= 0.000)
",9999999.000,9999999.000,0.000,1.000,0.000,21,0,0,0,21,0,21,0,1.0,0.0,0.0,1.0,1.0,0.0,1
"G[0,0]((HR >= 1.599 & Fibrinogen <= 0.000) -> Creatinine >= 0.000)
",0.000,0.000,0.000,1.000,0.000,21,0,0,0,21,0,21,0,1.0,0.0,0.0,1.0,1.0,0.0,1
"G[0,1](Hgb >= 0.045 -> BUN >= 0.289)
",9999999.000,9999999.000,0.000,1.000,0.000,21,0,0,0,21,0,21,0,1.0,0.0,0.0,1.0,1.0,0.0,1
"G[0,0](((TroponinI <= 0.000 -> Phosphate >= 0.000) | Fibrinogen >= 0.000) & BaseExcess >= 0.000)
",0.000,0.000,0.000,1.000,0.000,21,0,0,0,21,0,21,0,1.0,0.0,0.0,1.0,1.0,0.0,1
"G[1,1](pH >= 0.045 -> AST >= 0.000)
",0.000,0.000,0.000,1.000,0.000,21,0,0,0,21,0,21,0,1.0,0.0,0.0,1.0,1.0,0.0,1
"G[0,1](Chloride >= 0.000 & HCO3 >= 0.000)
",9999999.000,9999999.000,0.000,1.000,0.000,21,0,0,0,21,0,21,0,1.0,0.0,0.0,1.0,1.0,0.0,1
"G[1,1](((Phosphate >= 0.000 & Phosphate >= 0.000) -> PaCO2 <= 0.000) & PaCO2 <= 0.000)
",0.000,0.000,0.000,1.000,0.000,21,0,0,0,21,0,21,0,1.0,0.0,0.0,1.0,1.0,0.0,1
"G[0,0](((Temp >= 28.532 | Chloride >= 0.000) & MAP <= 0.000) | BaseExcess <= 0.000)
",0.000,0.000,0.000,1.000,0.000,21,0,0,0,21,0,21,0,1.0,0.0,0.0,1.0,1.0,0.0,1
"G[0,1](Chloride >= 0.000 & HCO3 >= 0.000)
",9999999.000,9999999.000,0.000,1.000,0.000,21,0,0,0,21,0,21,0,1.0,0.0,0.0,1.0,1.0,0.0,1
"G[1,1](Chloride >= 0.000 & HCO3 >= 0.000)
",0.000,0.000,0.000,1.000,0.000,21,0,0,0,21,0,21,0,1.0,0.0,0.0,1.0,1.0,0.0,1
"F[1,1]((HR <= 93.404 -> MAP <= 77.232) & Bilirubin_direct >= 25.616)
",-93.404,-93.404,0.000,0.000,1.000,21,0,0,0,21,0,21,0,1.0,0.0,0.0,1.0,1.0,0.0,-1
"F[0,0]((DBP <= 46.520 -> Hgb >= 0.396) & Alkalinephos >= 0.290)
",-0.339,-3.782,0.000,0.000,1.000,21,0,0,0,21,0,21,0,1.0,0.0,0.0,1.0,1.0,0.0,-1
"F[1,1](Bilirubin_direct <= 0.000 & PaCO2 >= 0.896)
",-8068802632510621.000,-0.896,0.000,0.000,1.000,21,0,0,0,21,0,21,0,1.0,0.0,0.0,1.0,1.0,0.0,-1
"F[0,0]((Calcium <= 0.993 & Potassium <= 2.456) & Magnesium >= 0.108)
",-0.238,-0.056,0.000,0.000,1.000,21,0,0,0,21,0,21,0,1.0,0.0,0.0,1.0,1.0,0.0,-1
"F[0,1](((Calcium >= 0.184 | pH <= 6.324) | pH <= 0.576) & Fibrinogen >= 0.072)
",-9999999.000,-9999999.000,0.000,0.000,1.000,21,0,0,0,21,0,21,0,1.0,0.0,0.0,1.0,1.0,0.0,-1
"F[0,0](BaseExcess < 0.000 & SepsisLabel = 0.000)
",-0.224,-5.619,0.000,0.000,1.000,21,0,0,0,21,0,21,0,1.0,0.0,0.0,1.0,1.0,0.0,-1
"F[0,1](((Calcium < 6.640 & Potassium < 2.852) & Magnesium < 1.802) & Phosphate < 0.000)
",-9999999.000,-9999999.000,0.000,0.000,1.000,21,0,0,0,21,0,21,0,1.0,0.0,0.0,1.0,1.0,0.0,-1
"F[0,1](Bilirubin_total < 0.000 & SepsisLabel = 0.000)
",-9999999.000,-9999999.000,0.000,0.000,1.000,21,0,0,0,21,0,21,0,1.0,0.0,0.0,1.0,1.0,0.0,-1
"F[0,0]((Hct <= 22.187 -> Potassium <= 2.923) & Fibrinogen >= 0.097)
",-22.187,-22.187,0.000,0.000,1.000,21,0,0,0,21,0,21,0,1.0,0.0,0.0,1.0,1.0,0.0,-1
"F[0,1]((Calcium <= 5.453 & Potassium <= 0.639) & Magnesium >= 0.050)
",-9999999.000,-9999999.000,0.000,0.000,1.000,21,0,0,0,21,0,21,0,1.0,0.0,0.0,1.0,1.0,0.0,-1
"F[0,1](((pH <= 1.313 -> Temp <= 35.819) -> Creatinine >= 23.507) & FiO2 >= 18.745)
",-9999999.000,-9999999.000,0.000,0.000,1.000,21,0,0,0,21,0,21,0,1.0,0.0,0.0,1.0,1.0,0.0,-1
"F[0,1]((Hct >= 0.641 | Resp <= 21.604) & EtCO2 >= 7.204)
",-9999999.000,-9999999.000,0.000,0.000,1.000,21,0,0,0,21,0,21,0,1.0,0.0,0.0,1.0,1.0,0.0,-1
"F[0,1](((Calcium < 3.789 & Potassium < 1.342) & Magnesium < 0.303) & Phosphate < 0.000)
",-9999999.000,-9999999.000,0.000,0.000,1.000,21,0,0,0,21,0,21,0,1.0,0.0,0.0,1.0,1.0,0.0,-1
"F[0,1](((DBP >= 18.152 | Resp <= 17.278) | WBC <= 15.931) -> SepsisLabel >= 8.366)
",-9999999.000,-9999999.000,0.000,0.000,1.000,21,0,0,0,21,0,21,0,1.0,0.0,0.0,1.0,1.0,0.0,-1
"F[0,1]((Calcium <= 8.810 & Potassium <= 1.308) & Magnesium >= 0.018)
",-9999999.000,-9999999.000,0.000,0.000,1.000,21,0,0,0,21,0,21,0,1.0,0.0,0.0,1.0,1.0,0.0,-1
"F[0,1]((Calcium <= 1.257 & Potassium <= 2.259) & Magnesium >= 0.052)
",-9999999.000,-9999999.000,0.000,0.000,1.000,21,0,0,0,21,0,21,0,1.0,0.0,0.0,1.0,1.0,0.0,-1
"F[0,1]((Hct >= 0.175 & Hgb >= 0.360) & Bilirubin_total >= 0.221)
",-9999999.000,-9999999.000,0.000,0.000,1.000,21,0,0,0,21,0,21,0,1.0,0.0,0.0,1.0,1.0,0.0,-1
"G[0,1](Temp >= 31.894 -> Bilirubin_direct <= 0.000)
",9999999.000,9999999.000,0.000,1.000,0.000,21,0,0,0,21,0,21,0,1.0,0.0,0.0,1.0,1.0,0.0,1
"F[1,1]((DBP >= 26.369 & SaO2 >= 1.985) & Magnesium >= 1.992)
",-7422109670243214.000,-26.369,0.000,0.000,1.000,21,0,0,0,21,0,21,0,1.0,0.0,0.0,1.0,1.0,0.0,-1
"G[0,1](Chloride >= 0.000 & HCO3 >= 0.000)
",9999999.000,9999999.000,0.000,1.000,0.000,21,0,0,0,21,0,21,0,1.0,0.0,0.0,1.0,1.0,0.0,1
"G[1,1](((Hct <= 25.103 -> MAP >= 16.875) -> Glucose <= 76.052) | FiO2 <= 69.437)
",69.437,69.437,0.000,1.000,0.000,21,0,0,0,21,0,21,0,1.0,0.0,0.0,1.0,1.0,0.0,1
"G[0,1](((Hgb <= 5.869 | SaO2 <= 14.994) | O2Sat <= 9.869) -> EtCO2 <= 61.398)
",9999999.000,9999999.000,0.000,1.000,0.000,21,0,0,0,21,0,21,0,1.0,0.0,0.0,1.0,1.0,0.0,1
"G[0,1](((FiO2 >= 0.006 | Hct >= 0.830) -> Potassium <= 16.594) & PTT <= 22.898)
",9999999.000,9999999.000,0.000,1.000,0.000,21,0,0,0,21,0,21,0,1.0,0.0,0.0,1.0,1.0,0.0,1
"G[1,1](Lactate >= 0.006 -> Magnesium <= 1.803)
",-4060224505342513.500,-1.803,0.000,1.000,0.000,21,0,0,0,21,0,21,0,1.0,0.0,0.0,1.0,1.0,0.0,1
"G[1,1](Calcium >= 0.305 | AST <= 0.000)
",0.000,0.000,0.000,1.000,0.000,21,0,0,0,21,0,21,0,1.0,0.0,0.0,1.0,1.0,0.0,1
"G[0,0]((Alkalinephos <= 0.000 & Bilirubin_direct >= 0.000) -> WBC >= 0.000)
",0.000,0.000,0.000,1.000,0.000,21,0,0,0,21,0,21,0,1.0,0.0,0.0,1.0,1.0,0.0,1
"G[1,1](((SaO2 <= 5.774 & Phosphate >= 0.000) & pH <= 0.000) -> DBP >= 0.000)
",0.000,0.000,0.000,1.000,0.000,21,0,0,0,21,0,21,0,1.0,0.0,0.0,1.0,1.0,0.0,1
"G[0,1]((BaseExcess <= 0.000 & Fibrinogen <= 0.000) | O2Sat >= 0.000)
",9999999.000,9999999.000,0.000,1.000,0.000,21,0,0,0,21,0,21,0,1.0,0.0,0.0,1.0,1.0,0.0,1
"G[1,1](Lactate >= 0.035 -> SepsisLabel = 0.000)
",0.000,0.000,0.000,1.000,0.000,21,0,0,0,21,0,21,0,1.0,0.0,0.0,1.0,1.0,0.0,1
"G[0,0](SBP > 55.653 -> SepsisLabel = 0.000)
",0.224,0.907,0.000,1.000,0.000,21,0,0,0,21,0,21,0,1.0,0.0,0.0,1.0,1.0,0.0,1
"G[0,0]((O2Sat >= 58.375 -> pH >= 0.087) | pH <= 1.212)
",14.001,1.193,0.000,1.000,0.000,21,0,0,0,21,0,21,0,1.0,0.0,0.0,1.0,1.0,0.0,1
"G[0,1]((O2Sat >= 11.773 | WBC >= 0.609) -> Potassium <= 17.125)
",9999999.000,9999999.000,0.000,1.000,0.000,21,0,0,0,21,0,21,0,1.0,0.0,0.0,1.0,1.0,0.0,1
"G[0,1](FiO2 <= 0.067 -> AST >= 0.000)
",9999999.000,9999999.000,0.000,1.000,0.000,21,0,0,0,21,0,21,0,1.0,0.0,0.0,1.0,1.0,0.0,1
"G[0,1](((Bilirubin_direct >= 0.000 | TroponinI >= 0.000) -> PaCO2 <= 0.000) | BUN <= 0.000)
",9999999.000,9999999.000,0.000,1.000,0.000,21,0,0,0,21,0,21,0,1.0,0.0,0.0,1.0,1.0,0.0,1
"G[1,1](((pH >= 0.138 | Resp >= 13.685) & Fibrinogen >= 8.021) -> Chloride <= 16.301)
",-4588296160899595.000,-16.301,0.000,1.000,0.000,21,0,0,0,21,0,21,0,1.0,0.0,0.0,1.0,1.0,0.0,1
"G[0,1]((BUN <= 11.356 | Temp <= 36.398) -> Magnesium <= 35.805)
",9999999.000,9999999.000,0.000,1.000,0.000,21,0,0,0,21,0,21,0,1.0,0.0,0.0,1.0,1.0,0.0,1
"G[0,0](((Potassium <= 2.317 & HCO3 >= 0.000) -> Potassium <= 0.000) & Hgb >= 0.000)
",0.000,0.000,0.000,1.000,0.000,21,0,0,0,21,0,21,0,1.0,0.0,0.0,1.0,1.0,0.0,1
"G[0,1]((Calcium <= 5.966 -> Hgb <= 3.336) | PTT >= 0.264)
",9999999.000,9999999.000,0.000,1.000,0.000,21,0,0,0,21,0,21,0,1.0,0.0,0.0,1.0,1.0,0.0,1
"G[0,0](((BUN >= 0.773 & Alkalinephos <= 0.000) | SaO2 <= 0.000) | Alkalinephos <= 0.000)
",0.000,0.000,0.000,1.000,0.000,21,0,0,0,21,0,21,0,1.0,0.0,0.0,1.0,1.0,0.0,1
"G[1,1]((FiO2 <= 0.089 & Calcium >= 0.262) -> PaCO2 <= 7.918)
",-7.918,-7.918,0.000,1.000,0.000,21,0,0,0,21,0,21,0,1.0,0.0,0.0,1.0,1.0,0.0,1
"G[0,0](Hct >= 1.057 | WBC <= 5.583)
",5.583,5.583,0.000,1.000,0.000,21,0,0,0,21,0,21,0,1.0,0.0,0.0,1.0,1.0,0.0,1
"G[0,1](Magnesium >= 0.002 -> Resp <= 18.733)
",9999999.000,9999999.000,0.000,1.000,0.000,21,0,0,0,21,0,21,0,1.0,0.0,0.0,1.0,1.0,0.0,1
"G[0,0](((BUN >= 0.410 & O2Sat >= 49.149) & PaCO2 >= 62.269) | Resp <= 96.438)
",5.308,53.628,0.000,1.000,0.000,21,0,0,0,21,0,21,0,1.0,0.0,0.0,1.0,1.0,0.0,1
"G[0,1](((EtCO2 >= 0.000 | PTT >= 0.000) | EtCO2 >= 0.000) | Resp <= 0.000)
",9999999.000,9999999.000,0.000,1.000,0.000,21,0,0,0,21,0,21,0,1.0,0.0,0.0,1.0,1.0,0.0,1
"G[0,1](Chloride >= 0.000 & HCO3 >= 0.000)
",9999999.000,9999999.000,0.000,1.000,0.000,21,0,0,0,21,0,21,0,1.0,0.0,0.0,1.0,1.0,0.0,1
"G[0,1](((Bilirubin_direct >= 0.000 | pH <= 6.865) -> Magnesium >= 0.083) -> Hgb >= 0.174)
",9999999.000,9999999.000,0.000,1.000,0.000,21,0,0,0,21,0,21,0,1.0,0.0,0.0,1.0,1.0,0.0,1
"G[0,0](((Magnesium <= 0.830 & O2Sat >= 65.047) -> WBC <= 94.924) & TroponinI <= 92.568)
",-3339832147465053.500,-94.924,0.000,1.000,0.000,21,0,0,0,21,0,21,0,1.0,0.0,0.0,1.0,1.0,0.0,1
"G[0,0](Potassium <= 2.479 -> WBC <= 6.770)
",-7621943782391422.000,-6.770,0.000,1.000,0.000,21,0,0,0,21,0,21,0,1.0,0.0,0.0,1.0,1.0,0.0,1
"G[1,1]((MAP <= 68.856 -> Temp >= 0.314) -> HR >= 26.661)
",26.661,26.661,0.000,1.000,0.000,21,0,0,0,21,0,21,0,1.0,0.0,0.0,1.0,1.0,0.0,1
"G[0,1]((EtCO2 >= 0.000 | Bilirubin_direct <= 0.000) -> Bilirubin_direct >= 0.000)
",9999999.000,9999999.000,0.000,1.000,0.000,21,0,0,0,21,0,21,0,1.0,0.0,0.0,1.0,1.0,0.0,1
"G[0,1]((Platelets >= 4.283 -> Phosphate >= 0.000) | Bilirubin_direct >= 0.000)
",9999999.000,9999999.000,0.000,1.000,0.000,21,0,0,0,21,0,21,0,1.0,0.0,0.0,1.0,1.0,0.0,1
"G[0,0]((BUN >= 0.194 | Chloride >= 0.000) & Phosphate >= 0.000)
",0.224,0.124,0.000,1.000,0.000,21,0,0,0,21,0,21,0,1.0,0.0,0.0,1.0,1.0,0.0,1
"((TroponinI >= 0.000) U[0,0] (FiO2 >= 0.002))
",0.000,0.000,0.000,0.000,1.000,20,0,0,1,21,0,20,1,0.9523809523809523,0.0,0.0,1.0,0.9523809523809523,0.04761904761904767,-1
"((Calcium <= 4.958) U[0,0] (Lactate >= 0.013))
",1.297,92.285,0.000,0.000,1.000,20,0,0,1,21,0,20,1,0.9523809523809523,0.0,0.0,1.0,0.9523809523809523,0.04761904761904767,-1
"F[0,0](Hct <= 16.729 -> Platelets >= 3.291)
",-16.729,-16.729,0.000,0.000,1.000,20,0,0,1,21,0,20,1,0.9523809523809523,0.0,0.0,1.0,0.9523809523809523,0.04761904761904767,-1
"((Phosphate >= 0.000) U[1,1] (BUN >= 0.704))
",0.000,0.000,0.000,0.000,1.000,20,0,0,1,21,0,20,1,0.9523809523809523,0.0,0.0,1.0,0.9523809523809523,0.04761904761904767,-1
"((BUN >= 0.070) U[1,2] (AST >= 0.000))
",-9999999.000,-9999999.000,0.000,0.000,1.000,20,0,0,1,21,0,20,1,0.9523809523809523,0.0,0.0,1.0,0.9523809523809523,0.04761904761904767,-1
"((Magnesium >= 0.030) U[0,0] (PaCO2 >= 0.722))
",0.202,0.287,0.000,0.000,1.000,20,0,0,1,21,0,20,1,0.9523809523809523,0.0,0.0,1.0,0.9523809523809523,0.04761904761904767,-1
"((pH >= 0.027) U[1,1] (SBP >= 32.305))
",-0.027,-0.027,0.000,0.000,1.000,20,0,0,1,21,0,20,1,0.9523809523809523,0.0,0.0,1.0,0.9523809523809523,0.04761904761904767,-1
"((FiO2 >= 0.001) U[1,2] (Bilirubin_total <= 0.000))
",-9999999.000,-9999999.000,0.000,0.000,1.000,20,0,0,1,21,0,20,1,0.9523809523809523,0.0,0.0,1.0,0.9523809523809523,0.04761904761904767,-1
"F[0,0]((BUN >= 0.440 & HR >= 14.876) & HR <= 94.413)
",-5345356402798956.000,-38892.587,0.000,0.000,1.000,20,0,0,1,21,0,20,1,0.9523809523809523,0.0,0.0,1.0,0.9523809523809523,0.04761904761904767,-1
"F[0,1](((Calcium <= 7.676 & Creatinine >= 0.038) | Bilirubin_direct <= 0.764) & Lactate >= 0.042)
",-9999999.000,-9999999.000,0.000,0.000,1.000,20,0,0,1,21,0,20,1,0.9523809523809523,0.0,0.0,1.0,0.9523809523809523,0.04761904761904767,-1
"F[0,1](AST <= 0.000 -> pH >= 0.007)
",-9999999.000,-9999999.000,0.000,0.000,1.000,20,0,0,1,21,0,20,1,0.9523809523809523,0.0,0.0,1.0,0.9523809523809523,0.04761904761904767,-1
"G[1,1]((FiO2 >= 0.007 | HR >= 28.850) & AST <= 93.625)
",-4018263192510742.000,-0.007,0.000,1.000,0.000,20,0,0,1,21,0,20,1,0.9523809523809523,0.0,0.0,1.0,0.9523809523809523,0.04761904761904767,1
"((SaO2 >= 0.543) U[1,2] (SepsisLabel = 0.000))
",-9999999.000,-9999999.000,0.000,0.000,1.000,20,0,0,1,21,0,20,1,0.9523809523809523,0.0,0.0,1.0,0.9523809523809523,0.04761904761904767,-1
"G[1,1](((Magnesium <= 1.840 | SBP <= 112.349) & Hct <= 115.720) & Fibrinogen <= 139.889)
",3952931201298189.500,112.349,0.000,1.000,0.000,20,0,0,1,21,0,20,1,0.9523809523809523,0.0,0.0,1.0,0.9523809523809523,0.04761904761904767,1
"G[1,1](DBP >= 3.369 & MAP >= 7.915)
",-8911617484862621.000,-7.915,0.000,1.000,0.000,20,0,0,1,21,0,20,1,0.9523809523809523,0.0,0.0,1.0,0.9523809523809523,0.04761904761904767,1
"G[0,1](((O2Sat <= 98.362 & Temp >= 24.164) | Hgb >= 10.382) | Platelets <= 34.947)
",9999999.000,9999999.000,0.000,1.000,0.000,20,0,0,1,21,0,20,1,0.9523809523809523,0.0,0.0,1.0,0.9523809523809523,0.04761904761904767,1
"G[0,0]((Hct <= 26.236 -> Magnesium <= 0.739) -> SaO2 <= 1.233)
",0.013,0.075,0.000,1.000,0.000,20,0,0,1,21,0,20,1,0.9523809523809523,0.0,0.0,1.0,0.9523809523809523,0.04761904761904767,1
"G[0,0](((AST >= 0.000 | Bilirubin_direct >= 0.000) -> SaO2 <= 0.000) & Fibrinogen <= 0.000)
",-0.255,-5.100,0.000,1.000,0.000,20,0,0,1,21,0,20,1,0.9523809523809523,0.0,0.0,1.0,0.9523809523809523,0.04761904761904767,1
"G[0,1]((FiO2 >= 0.002 -> pH <= 4.235) | SBP <= 6.873)
",9999999.000,9999999.000,0.000,1.000,0.000,20,0,0,1,21,0,20,1,0.9523809523809523,0.0,0.0,1.0,0.9523809523809523,0.04761904761904767,1
"G[1,1](((BUN >= 0.444 & FiO2 >= 0.009) -> PaCO2 <= 0.181) & Creatinine <= 0.271)
",-3265393867901005.500,-0.181,0.000,1.000,0.000,20,0,0,1,21,0,20,1,0.9523809523809523,0.0,0.0,1.0,0.9523809523809523,0.04761904761904767,1
"G[1,1](WBC <= 7.734 & SepsisLabel = 0.000)
",0.000,0.000,0.000,1.000,0.000,20,0,0,1,21,0,20,1,0.9523809523809523,0.0,0.0,1.0,0.9523809523809523,0.04761904761904767,1
"G[0,0]((Platelets <= 16.045 & Chloride >= 0.000) & Bilirubin_total >= 0.000)
",0.283,0.255,0.000,1.000,0.000,20,0,0,1,21,0,20,1,0.9523809523809523,0.0,0.0,1.0,0.9523809523809523,0.04761904761904767,1
"G[0,0](EtCO2 >= 0.000 -> Magnesium <= 1.444)
",-3.927,-16.045,0.000,1.000,0.000,20,0,0,1,21,0,20,1,0.9523809523809523,0.0,0.0,1.0,0.9523809523809523,0.04761904761904767,1
"F[0,1](WBC > 0.370 & SepsisLabel = 0.000)
",-9999999.000,-9999999.000,0.000,0.000,1.000,19,0,0,2,21,0,19,2,0.9047619047619048,0.0,0.0,1.0,0.9047619047619048,0.09523809523809523,-1
"((FiO2 >= 0.001) U[0,1] (Platelets >= 1.318))
",-9999999.000,-9999999.000,0.000,0.000,1.000,19,0,0,2,21,0,19,2,0.9047619047619048,0.0,0.0,1.0,0.9047619047619048,0.09523809523809523,-1
"((WBC >= 0.116) U[1,2] (Resp <= 21.724))
",-9999999.000,-9999999.000,0.000,0.000,1.000,19,0,0,2,21,0,19,2,0.9047619047619048,0.0,0.0,1.0,0.9047619047619048,0.09523809523809523,-1
"((Platelets <= 13.617) U[0,1] (WBC >= 0.515))
",-9999999.000,-9999999.000,0.000,0.000,1.000,19,0,0,2,21,0,19,2,0.9047619047619048,0.0,0.0,1.0,0.9047619047619048,0.09523809523809523,-1
"G[0,1](Magnesium < 2.374 & SepsisLabel = 0.000)
",9999999.000,9999999.000,0.000,1.000,0.000,19,0,0,2,21,0,19,2,0.9047619047619048,0.0,0.0,1.0,0.9047619047619048,0.09523809523809523,1
"((Lactate <= 0.060) U[1,1] (Temp <= 35.710))
",5025787961767362.000,35.710,0.000,0.000,1.000,19,0,0,2,21,0,19,2,0.9047619047619048,0.0,0.0,1.0,0.9047619047619048,0.09523809523809523,-1
"G[0,1]((EtCO2 >= 0.000 -> Hgb >= 0.394) -> Resp <= 5.185)
",9999999.000,9999999.000,0.000,1.000,0.000,19,0,0,2,21,0,19,2,0.9047619047619048,0.0,0.0,1.0,0.9047619047619048,0.09523809523809523,1
"G[1,1](HR <= 88.263 -> pH >= 0.070)
",-6210940131333490.000,-88.263,0.000,1.000,0.000,19,0,0,2,21,0,19,2,0.9047619047619048,0.0,0.0,1.0,0.9047619047619048,0.09523809523809523,1
"F[0,0]((Calcium <= 0.499 -> WBC <= 3.879) & SBP <= 12.803)
",-5.380,-22.803,0.000,0.000,1.000,19,0,0,2,21,0,19,2,0.9047619047619048,0.0,0.0,1.0,0.9047619047619048,0.09523809523809523,-1
"G[0,0]((Lactate >= 0.010 -> SBP >= 42.809) -> O2Sat >= 35.283)
",-4.165,-55.922,0.000,1.000,0.000,19,0,0,2,21,0,19,2,0.9047619047619048,0.0,0.0,1.0,0.9047619047619048,0.09523809523809523,1
"G[0,1](Temp <= 36.447 | WBC <= 2.926)
",9999999.000,9999999.000,0.000,1.000,0.000,19,0,0,2,21,0,19,2,0.9047619047619048,0.0,0.0,1.0,0.9047619047619048,0.09523809523809523,1
"G[0,0](HR <= 98.647 | HR <= 89.138)
",-38888.353,-38888.353,0.000,1.000,0.000,19,0,0,2,21,0,19,2,0.9047619047619048,0.0,0.0,1.0,0.9047619047619048,0.09523809523809523,1
"G[0,0](BUN <= 17.384 -> DBP >= 21.063)
",-6.200,-45.958,0.000,1.000,0.000,19,0,0,2,21,0,19,2,0.9047619047619048,0.0,0.0,1.0,0.9047619047619048,0.09523809523809523,1
"G[0,0]((Calcium >= 0.021 | Platelets >= 1.589) | SBP >= 1.871)
",4.467,33.029,0.000,1.000,0.000,19,0,0,2,21,0,19,2,0.9047619047619048,0.0,0.0,1.0,0.9047619047619048,0.09523809523809523,1
"F[0,1]((O2Sat >= 12.455 | WBC >= 0.419) -> Fibrinogen >= 0.181)
",-9999999.000,-9999999.000,0.000,0.000,1.000,18,0,0,3,21,0,18,3,0.8571428571428571,0.0,0.0,1.0,0.8571428571428571,0.1428571428571429,-1
"F[0,1](((O2Sat <= 99.873 & Platelets >= 1.758) -> WBC <= 65.511) -> SBP <= 94.805)
",-9999999.000,-9999999.000,0.000,0.000,1.000,18,0,0,3,21,0,18,3,0.8571428571428571,0.0,0.0,1.0,0.8571428571428571,0.1428571428571429,-1
"G[0,1](((BaseExcess >= 0.000 | HR >= 31.604) -> MAP >= 12.058) | Creatinine >= 17.338)
",9999999.000,9999999.000,0.000,1.000,0.000,18,0,0,3,21,0,18,3,0.8571428571428571,0.0,0.0,1.0,0.8571428571428571,0.1428571428571429,1
"G[0,1](Temp <= 34.649 -> Potassium >= 0.052)
",9999999.000,9999999.000,0.000,1.000,0.000,18,0,0,3,21,0,18,3,0.8571428571428571,0.0,0.0,1.0,0.8571428571428571,0.1428571428571429,1
"G[0,1]((O2Sat <= 99.254 & Lactate <= 0.888) & TroponinI <= 1.364)
",9999999.000,9999999.000,0.000,1.000,0.000,18,0,0,3,21,0,18,3,0.8571428571428571,0.0,0.0,1.0,0.8571428571428571,0.1428571428571429,1
"G[0,1](Temp >= 15.550 & SepsisLabel >= 0.000)
",9999999.000,9999999.000,0.000,1.000,0.000,18,0,0,3,21,0,18,3,0.8571428571428571,0.0,0.0,1.0,0.8571428571428571,0.1428571428571429,1
"F[0,1](((Resp >= 5.441 -> AST >= 0.000) & O2Sat <= 0.000) & Temp >= 0.000)
",-9999999.000,-9999999.000,0.000,0.000,1.000,18,0,0,3,21,0,18,3,0.8571428571428571,0.0,0.0,1.0,0.8571428571428571,0.1428571428571429,-1
"G[0,1](Calcium >= 0.224 | Temp >= 15.430)
",9999999.000,9999999.000,0.000,1.000,0.000,18,0,0,3,21,0,18,3,0.8571428571428571,0.0,0.0,1.0,0.8571428571428571,0.1428571428571429,1
"F[0,1](((Hct <= 4.019 -> PaCO2 <= 26.167) & HR >= 0.722) -> BaseExcess >= 0.947)
",-9999999.000,-9999999.000,0.000,0.000,1.000,17,0,0,4,21,0,17,4,0.8095238095238095,0.0,0.0,1.0,0.8095238095238095,0.19047619047619047,-1
"G[0,1]((MAP >= 27.645 & Hct <= 23.653) & Alkalinephos <= 11.291)
",9999999.000,9999999.000,0.000,1.000,0.000,16,0,0,5,21,0,16,5,0.7619047619047619,0.0,0.0,1.0,0.7619047619047619,0.23809523809523814,1
"((PaCO2 >= 0.257) U[1,2] (Resp <= 19.469))
",-9999999.000,-9999999.000,0.000,0.000,1.000,16,0,0,5,21,0,16,5,0.7619047619047619,0.0,0.0,1.0,0.7619047619047619,0.23809523809523814,-1
"F[0,0]((O2Sat <= 93.448 | FiO2 >= 0.006) & Hgb <= 0.262)
",-0.202,-1.189,0.000,0.000,1.000,16,0,0,5,21,0,16,5,0.7619047619047619,0.0,0.0,1.0,0.7619047619047619,0.23809523809523814,-1
"F[0,1]((Alkalinephos >= 0.000 -> Creatinine <= 0.604) -> SBP <= 0.397)
",-9999999.000,-9999999.000,0.000,0.000,1.000,16,0,0,5,21,0,16,5,0.7619047619047619,0.0,0.0,1.0,0.7619047619047619,0.23809523809523814,-1
"((MAP >= 55.543) U[0,1] (SBP <= 108.791))
",-9999999.000,-9999999.000,0.000,0.000,1.000,14,0,0,7,21,0,14,7,0.6666666666666666,0.0,0.0,1.0,0.6666666666666666,0.33333333333333337,-1
"F[0,1](Hct <= 27.466 -> HR <= 88.482)
",-9999999.000,-9999999.000,0.000,0.000,1.000,13,0,0,8,21,0,13,8,0.6190476190476191,0.0,0.0,1.0,0.6190476190476191,0.38095238095238093,-1
"F[1,1]((MAP <= 67.009 & Creatinine <= 0.287) | PTT >= 0.034)
",5161800015355858.000,0.287,0.000,0.000,1.000,11,0,0,10,21,0,11,10,0.5238095238095238,0.0,0.0,1.0,0.5238095238095238,0.47619047619047616,-1
"G[0,0](((Bilirubin_total >= 0.000 & Alkalinephos <= 0.000) | Lactate <= 0.000) & Glucose <= 0.000)
",-0.224,-0.810,0.000,1.000,0.000,10,0,0,11,21,0,10,11,0.47619047619047616,0.0,0.0,1.0,0.47619047619047616,0.5238095238095238,1
"F[1,1](Glucose <= 127.651 & SaO2 <= 14.971)
",4213950684783317.500,14.971,0.000,0.000,1.000,9,0,0,12,21,0,9,12,0.42857142857142855,0.0,0.0,1.0,0.42857142857142855,0.5714285714285714,-1
"G[0,1](Glucose >= 63.433 & SepsisLabel = 0.000)
",9999999.000,9999999.000,0.000,1.000,0.000,9,0,0,12,21,0,9,12,0.42857142857142855,0.0,0.0,1.0,0.42857142857142855,0.5714285714285714,1
"F[1,1]((DBP <= 51.147 & Glucose >= 89.165) -> Glucose <= 135.320)
",-2380568264150333.000,-135.320,0.000,0.000,1.000,9,0,0,12,21,0,9,12,0.42857142857142855,0.0,0.0,1.0,0.42857142857142855,0.5714285714285714,-1
"G[0,1](((HR <= 91.184 & O2Sat >= 77.641) & MAP >= 28.535) | O2Sat <= 91.426)
",9999999.000,9999999.000,0.000,1.000,0.000,8,0,0,13,21,0,8,13,0.38095238095238093,0.0,0.0,1.0,0.38095238095238093,0.6190476190476191,1
"((MAP >= 44.111) U[1,1] (SBP <= 122.625))
",122.625,122.625,0.000,0.000,1.000,7,0,0,14,21,0,7,14,0.3333333333333333,0.0,0.0,1.0,0.3333333333333333,0.6666666666666667,-1
"G[1,1]((Glucose >= 43.222 -> Magnesium >= 0.061) | Fibrinogen >= 0.117)
",8770400430018845.000,0.061,0.000,1.000,0.000,6,0,0,15,21,0,6,15,0.2857142857142857,0.0,0.0,1.0,0.2857142857142857,0.7142857142857143,1
"((TroponinI <= 0.000) U[0,1] (Glucose <= 134.563))
",-9999999.000,-9999999.000,0.000,0.000,1.000,6,0,0,15,21,0,6,15,0.2857142857142857,0.0,0.0,1.0,0.2857142857142857,0.7142857142857143,-1
"F[0,1]((Creatinine >= 0.007 | Resp <= 16.456) | Bilirubin_direct >= 15.030)
",-9999999.000,-9999999.000,0.000,0.000,1.000,5,0,0,16,21,0,5,16,0.23809523809523808,0.0,0.0,1.0,0.23809523809523808,0.7619047619047619,-1
"((Glucose <= 150.232) U[1,1] (MAP >= 6.056))
",5285809090845522.000,150.232,0.000,0.000,1.000,5,0,0,16,21,0,5,16,0.23809523809523808,0.0,0.0,1.0,0.23809523809523808,0.7619047619047619,-1
"((MAP >= 1.885) U[1,1] (SBP <= 130.886))
",4605155446354523.000,130.886,0.000,0.000,1.000,4,0,0,17,21,0,4,17,0.19047619047619047,0.0,0.0,1.0,0.19047619047619047,0.8095238095238095,-1
"((MAP >= 8.257) U[1,1] (SBP <= 134.679))
",134.679,134.679,0.000,0.000,1.000,2,0,0,19,21,0,2,19,0.09523809523809523,0.0,0.0,1.0,0.09523809523809523,0.9047619047619048,-1
"((MAP >= 45.243) U[0,0] (SBP <= 124.676))
",11.539,89.864,0.000,0.000,1.000,2,0,0,19,21,0,2,19,0.09523809523809523,0.0,0.0,1.0,0.09523809523809523,0.9047619047619048,-1
"((MAP >= 23.986) U[1,1] (pH <= 4.197))
",4725380800886555.000,4.197,0.000,0.000,1.000,2,0,0,19,21,0,2,19,0.09523809523809523,0.0,0.0,1.0,0.09523809523809523,0.9047619047619048,-1
"((HR >= 72.200) U[1,2] (SepsisLabel = 0.000))
",-9999999.000,-9999999.000,0.000,0.000,1.000,2,0,0,19,21,0,2,19,0.09523809523809523,0.0,0.0,1.0,0.09523809523809523,0.9047619047619048,-1
"G[0,0](((SaO2 <= 78.364 | Resp <= 18.914) | PaCO2 >= 0.738) & Temp <= 19.757)
",-3.506,-72.672,0.000,1.000,0.000,2,0,0,19,21,0,2,19,0.09523809523809523,0.0,0.0,1.0,0.09523809523809523,0.9047619047619048,1
"F[1,1](Creatinine >= 0.026 -> Hct <= 20.436)
",-5752239392997397.000,-20.436,0.000,0.000,1.000,1,0,0,20,21,0,1,20,0.047619047619047616,0.0,0.0,1.0,0.047619047619047616,0.9523809523809523,-1
"G[1,1]((Magnesium >= 0.024 | Resp >= 3.792) -> Alkalinephos >= 12.361)
",7000578219590530.000,0.024,0.000,1.000,0.000,1,0,0,20,21,0,1,20,0.047619047619047616,0.0,0.0,1.0,0.047619047619047616,0.9523809523809523,1
"F[0,0]((Phosphate >= 0.000 & Magnesium > 0.106) -> Calcium < 7.612)
",-2856729217393721.500,-7.612,0.000,0.000,1.000,1,0,0,20,21,0,1,20,0.047619047619047616,0.0,0.0,1.0,0.047619047619047616,0.9523809523809523,-1
"G[0,1](MAP <= 71.634 -> PaCO2 >= 0.705)
",9999999.000,9999999.000,0.000,1.000,0.000,1,0,0,20,21,0,1,20,0.047619047619047616,0.0,0.0,1.0,0.047619047619047616,0.9523809523809523,1
"((Platelets <= 58.943) U[1,2] (SBP >= 15.181))
",-9999999.000,-9999999.000,0.000,0.000,1.000,1,0,0,20,21,0,1,20,0.047619047619047616,0.0,0.0,1.0,0.047619047619047616,0.9523809523809523,-1
"G[1,1](((Hct >= 0.322 -> Potassium <= 3.835) & Alkalinephos <= 1.482) -> Potassium >= 0.164)
",2953336906437730.500,0.164,0.000,1.000,0.000,1,0,0,20,21,0,1,20,0.047619047619047616,0.0,0.0,1.0,0.047619047619047616,0.9523809523809523,1
"G[1,1]((BUN >= 0.355 & Resp >= 11.780) | Lactate >= 13.576)
",-11.780,-11.780,0.000,1.000,0.000,1,0,0,20,21,0,1,20,0.047619047619047616,0.0,0.0,1.0,0.047619047619047616,0.9523809523809523,1
"G[1,1](((Resp <= 18.931 | Alkalinephos >= 0.000) & HR <= 0.000) & FiO2 >= 0.000)
",0.000,0.000,0.000,1.000,0.000,1,0,0,20,21,0,1,20,0.047619047619047616,0.0,0.0,1.0,0.047619047619047616,0.9523809523809523,1
"G[1,1](((Resp <= 16.287 | Temp <= 34.629) -> Temp >= 11.858) -> SepsisLabel >= 9.624)
",5417884260110405.000,9.624,0.000,1.000,0.000,1,0,0,20,21,0,1,20,0.047619047619047616,0.0,0.0,1.0,0.047619047619047616,0.9523809523809523,1
"G[1,1](((Hgb <= 7.020 | Hct <= 6.798) -> WBC >= 0.397) & Platelets >= 3.430)
",-7.020,-7.020,0.000,1.000,0.000,1,0,0,20,21,0,1,20,0.047619047619047616,0.0,0.0,1.0,0.047619047619047616,0.9523809523809523,1
"G[0,0](BUN <= 17.621 & Creatinine >= 0.044)
",-6366014948044684.000,-0.044,0.000,1.000,0.000,1,0,0,20,21,0,1,20,0.047619047619047616,0.0,0.0,1.0,0.047619047619047616,0.9523809523809523,1
"G[0,0](BUN <= 18.810 & Platelets >= 0.066)
",-0.066,-0.066,0.000,1.000,0.000,1,0,0,20,21,0,1,20,0.047619047619047616,0.0,0.0,1.0,0.047619047619047616,0.9523809523809523,1
"F[0,0](Hgb <= 7.181 | Hct <= 6.529)
",51.511,7.150,0.000,0.000,1.000,1,0,0,20,21,0,1,20,0.047619047619047616,0.0,0.0,1.0,0.047619047619047616,0.9523809523809523,-1
"((BUN >= 0.252) U[1,2] (Potassium >= 0.070))
",-9999999.000,-9999999.000,0.000,0.000,1.000,1,0,0,20,21,0,1,20,0.047619047619047616,0.0,0.0,1.0,0.047619047619047616,0.9523809523809523,-1
"G[1,1](Alkalinephos <= 0.000 & BUN >= 0.706)
",-0.706,-0.706,0.000,1.000,0.000,1,0,0,20,21,0,1,20,0.047619047619047616,0.0,0.0,1.0,0.047619047619047616,0.9523809523809523,1
"F[1,1](HR >= 38.260 & Phosphate <= 0.000)
",-5384597561616004.000,-38.260,0.000,0.000,1.000,1,0,0,20,21,0,1,20,0.047619047619047616,0.0,0.0,1.0,0.047619047619047616,0.9523809523809523,-1
"F[1,1](O2Sat >= 29.619 & SepsisLabel = 0.000)
",-4168446971436858.000,-29.619,0.000,0.000,1.000,1,0,0,20,21,0,1,20,0.047619047619047616,0.0,0.0,1.0,0.047619047619047616,0.9523809523809523,-1
"((FiO2 <= 0.310) U[1,1] (AST >= 0.000))
",5583658495120788.000,0.310,0.000,0.000,1.000,1,0,0,20,21,0,1,20,0.047619047619047616,0.0,0.0,1.0,0.047619047619047616,0.9523809523809523,-1
"F[0,0]((PaCO2 >= 0.504 -> pH <= 7.134) & HCO3 <= 1.749)
",-116.121,-7.120,0.000,0.000,1.000,1,0,0,20,21,0,1,20,0.047619047619047616,0.0,0.0,1.0,0.047619047619047616,0.9523809523809523,-1
"F[1,1](Hgb <= 7.835 | Hct <= 4.392)
",7.835,7.835,0.000,0.000,1.000,1,0,0,20,21,0,1,20,0.047619047619047616,0.0,0.0,1.0,0.047619047619047616,0.9523809523809523,-1
"F[1,1](Hgb <= 1.016 | Hct <= 17.303)
",4870458623385906.000,17.303,0.000,0.000,1.000,1,0,0,20,21,0,1,20,0.047619047619047616,0.0,0.0,1.0,0.047619047619047616,0.9523809523809523,-1
"F[0,0](((BUN <= 8.007 -> Creatinine >= 0.012) & Resp >= 0.046) -> HCO3 >= 0.028)
",8102822041393227.000,0.028,0.000,0.000,1.000,1,0,0,20,21,0,1,20,0.047619047619047616,0.0,0.0,1.0,0.047619047619047616,0.9523809523809523,-1
"F[1,1]((Temp <= 34.322 | Bilirubin_direct >= 0.000) & Hgb <= 0.000)
",0.000,0.000,0.000,0.000,1.000,1,0,0,20,21,0,1,20,0.047619047619047616,0.0,0.0,1.0,0.047619047619047616,0.9523809523809523,-1
"F[0,0]((Phosphate >= 0.000 & Magnesium > 0.101) -> Calcium < 7.991)
",-8997009037180674.000,-7.991,0.000,0.000,1.000,1,0,0,20,21,0,1,20,0.047619047619047616,0.0,0.0,1.0,0.047619047619047616,0.9523809523809523,-1
"F[1,1](((Resp <= 16.854 | Hgb <= 1.748) & EtCO2 <= 8.650) & Chloride <= 1.000)
",2252057506169581.500,1.000,0.000,0.000,1.000,1,0,0,20,21,0,1,20,0.047619047619047616,0.0,0.0,1.0,0.047619047619047616,0.9523809523809523,-1
"((EtCO2 >= 0.000) U[0,1] (HR <= 98.576))
",-9999999.000,-9999999.000,0.000,0.000,1.000,1,0,0,20,21,0,1,20,0.047619047619047616,0.0,0.0,1.0,0.047619047619047616,0.9523809523809523,-1
"F[0,0]((Phosphate >= 0.000 & Magnesium > 0.107) -> Calcium < 7.926)
",-8923800066230595.000,-7.926,0.000,0.000,1.000,1,0,0,20,21,0,1,20,0.047619047619047616,0.0,0.0,1.0,0.047619047619047616,0.9523809523809523,-1
"F[0,0](((Calcium <= 8.574 | Hct <= 12.317) | MAP <= 19.598) | DBP <= 16.996)
",8.167,12.664,0.000,0.000,1.000,1,0,0,20,21,0,1,20,0.047619047619047616,0.0,0.0,1.0,0.047619047619047616,0.9523809523809523,-1
"F[1,1](((Resp >= 12.213 & SepsisLabel >= 0.000) & Bilirubin_direct <= 0.000) & HCO3 <= 0.000)
",-6875522021195919.000,-12.213,0.000,0.000,1.000,1,0,0,20,21,0,1,20,0.047619047619047616,0.0,0.0,1.0,0.047619047619047616,0.9523809523809523,-1
"F[1,1]((Phosphate >= 0.000 & Magnesium > 0.021) -> Calcium < 3.898)
",-2925972041179844.000,-3.898,0.000,0.000,1.000,1,0,0,20,21,0,1,20,0.047619047619047616,0.0,0.0,1.0,0.047619047619047616,0.9523809523809523,-1
"((Platelets >= 3.343) U[0,1] (Resp <= 19.630))
",-9999999.000,-9999999.000,0.000,0.000,1.000,1,0,0,20,21,0,1,20,0.047619047619047616,0.0,0.0,1.0,0.047619047619047616,0.9523809523809523,-1
"((PaCO2 >= 0.312) U[1,2] (WBC >= 0.053))
",-9999999.000,-9999999.000,0.000,0.000,1.000,1,0,0,20,21,0,1,20,0.047619047619047616,0.0,0.0,1.0,0.047619047619047616,0.9523809523809523,-1
"G[1,1](Platelets <= 34.280 -> WBC >= 0.299)
",-2412265058136701.000,-34.280,0.000,1.000,0.000,1,0,0,20,21,0,1,20,0.047619047619047616,0.0,0.0,1.0,0.047619047619047616,0.9523809523809523,1
"G[1,1](Platelets <= 29.657 -> WBC >= 0.039)
",-4173810211930382.500,-29.657,0.000,1.000,0.000,1,0,0,20,21,0,1,20,0.047619047619047616,0.0,0.0,1.0,0.047619047619047616,0.9523809523809523,1
"F[1,1]((Phosphate >= 0.000 & Magnesium > 0.036) -> Calcium < 1.923)
",-4330672670431822.500,-1.923,0.000,0.000,1.000,1,0,0,20,21,0,1,20,0.047619047619047616,0.0,0.0,1.0,0.047619047619047616,0.9523809523809523,-1
"G[1,1](((Calcium >= 0.398 -> Hct <= 12.087) & Magnesium <= 4.076) -> BaseExcess >= 0.198)
",0.198,0.198,0.000,1.000,0.000,1,0,0,20,21,0,1,20,0.047619047619047616,0.0,0.0,1.0,0.047619047619047616,0.9523809523809523,1
"F[0,1](Glucose >= 34.053 | Resp <= 19.868)
",-9999999.000,-9999999.000,0.000,0.000,1.000,1,0,0,20,21,0,1,20,0.047619047619047616,0.0,0.0,1.0,0.047619047619047616,0.9523809523809523,-1
"F[0,2]((O2Sat <= 94.778 -> DBP >= 4.596) | PTT <= 44.516)
",-9999999.000,-9999999.000,0.000,0.000,1.000,0,0,0,21,21,0,0,21,0.0,0.0,0.0,0.0,0.0,1.0,-1
"((PTT <= 0.000) U[1,1] (FiO2 <= 0.212))
",7637823293321053.000,0.212,0.000,0.000,1.000,0,0,0,21,21,0,0,21,0.0,0.0,0.0,0.0,0.0,1.0,-1
"((Bilirubin_total > 0.000) U[0,1] (SepsisLabel = 0.000))
",-9999999.000,-9999999.000,0.000,0.000,1.000,0,0,0,21,21,0,0,21,0.0,0.0,0.0,0.0,0.0,1.0,-1
"F[0,2](Temp >= 33.011 & SepsisLabel = 0.000)
",-9999999.000,-9999999.000,0.000,0.000,1.000,0,0,0,21,21,0,0,21,0.0,0.0,0.0,0.0,0.0,1.0,-1
"F[1,2](Calcium < 3.121 & SepsisLabel = 0.000)
",-9999999.000,-9999999.000,0.000,0.000,1.000,0,0,0,21,21,0,0,21,0.0,0.0,0.0,0.0,0.0,1.0,-1
"((Phosphate <= 0.000) U[0,2] (SepsisLabel = 0.000))
",-9999999.000,-9999999.000,0.000,0.000,1.000,0,0,0,21,21,0,0,21,0.0,0.0,0.0,0.0,0.0,1.0,-1
"((Fibrinogen > 0.000) U[0,2] (SepsisLabel = 0.000))
",-9999999.000,-9999999.000,0.000,0.000,1.000,0,0,0,21,21,0,0,21,0.0,0.0,0.0,0.0,0.0,1.0,-1
"((Bilirubin_direct > 0.000) U[0,1] (SepsisLabel = 0.000))
",-9999999.000,-9999999.000,0.000,0.000,1.000,0,0,0,21,21,0,0,21,0.0,0.0,0.0,0.0,0.0,1.0,-1
"((HCO3 >= 0.000) U[1,2] (SepsisLabel = 0.000))
",-9999999.000,-9999999.000,0.000,0.000,1.000,0,0,0,21,21,0,0,21,0.0,0.0,0.0,0.0,0.0,1.0,-1
"((PTT <= 0.000) U[0,0] (SepsisLabel = 0.000))
",-0.224,-0.419,0.000,0.000,1.000,0,0,0,21,21,0,0,21,0.0,0.0,0.0,0.0,0.0,1.0,-1
"F[1,2](Lactate >= 0.014 & SepsisLabel = 0.000)
",-9999999.000,-9999999.000,0.000,0.000,1.000,0,0,0,21,21,0,0,21,0.0,0.0,0.0,0.0,0.0,1.0,-1
"F[1,2](BaseExcess >= 0.000 & SepsisLabel = 0.000)
",-9999999.000,-9999999.000,0.000,0.000,1.000,0,0,0,21,21,0,0,21,0.0,0.0,0.0,0.0,0.0,1.0,-1
"F[1,2](SaO2 >= 1.932 & SepsisLabel = 0.000)
",-9999999.000,-9999999.000,0.000,0.000,1.000,0,0,0,21,21,0,0,21,0.0,0.0,0.0,0.0,0.0,1.0,-1
"((Creatinine >= 0.005) U[0,1] (SepsisLabel = 0.000))
",-9999999.000,-9999999.000,0.000,0.000,1.000,0,0,0,21,21,0,0,21,0.0,0.0,0.0,0.0,0.0,1.0,-1
"F[2,2](HCO3 < 0.000 -> SepsisLabel = 0.000)
",0.000,0.000,0.000,0.000,1.000,0,0,0,21,21,0,0,21,0.0,0.0,0.0,0.0,0.0,1.0,-1
"((MAP > 43.129) U[0,2] (SepsisLabel = 0.000))
",-9999999.000,-9999999.000,0.000,0.000,1.000,0,0,0,21,21,0,0,21,0.0,0.0,0.0,0.0,0.0,1.0,-1
"F[0,2](BUN <= 2.356 & SepsisLabel = 0.000)
",-9999999.000,-9999999.000,0.000,0.000,1.000,0,0,0,21,21,0,0,21,0.0,0.0,0.0,0.0,0.0,1.0,-1
"F[0,2](((Resp <= 18.628 & Resp <= 17.385) | HCO3 >= 10.190) -> Lactate >= 10.193)
",-9999999.000,-9999999.000,0.000,0.000,1.000,0,0,0,21,21,0,0,21,0.0,0.0,0.0,0.0,0.0,1.0,-1
"F[1,1](((Creatinine >= 0.016 | Lactate <= 1.135) -> Lactate >= 0.034) | Alkalinephos <= 1.402)
",6313675333658738.000,1.402,0.000,0.000,1.000,0,0,0,21,21,0,0,21,0.0,0.0,0.0,0.0,0.0,1.0,-1
"F[0,2]((Chloride <= 0.000 -> Calcium <= 5.341) & WBC >= 0.087)
",-9999999.000,-9999999.000,0.000,0.000,1.000,0,0,0,21,21,0,0,21,0.0,0.0,0.0,0.0,0.0,1.0,-1
"F[0,2]((SaO2 >= 0.327 -> Temp >= 25.495) & Alkalinephos >= 11.805)
",-9999999.000,-9999999.000,0.000,0.000,1.000,0,0,0,21,21,0,0,21,0.0,0.0,0.0,0.0,0.0,1.0,-1
"F[1,2]((Fibrinogen <= 0.000 | Phosphate <= 0.000) -> Bilirubin_total <= 0.000)
",-9999999.000,-9999999.000,0.000,0.000,1.000,0,0,0,21,21,0,0,21,0.0,0.0,0.0,0.0,0.0,1.0,-1
"F[1,2](Creatinine >= 0.044 -> AST <= 0.000)
",-9999999.000,-9999999.000,0.000,0.000,1.000,0,0,0,21,21,0,0,21,0.0,0.0,0.0,0.0,0.0,1.0,-1
"F[1,1](((Temp >= 17.061 | Platelets <= 95.971) -> EtCO2 >= 4.865) | PaCO2 <= 71.232)
",5012534385116491.000,71.232,0.000,0.000,1.000,0,0,0,21,21,0,0,21,0.0,0.0,0.0,0.0,0.0,1.0,-1
"F[0,0](BaseExcess >= 0.000 | Potassium <= 3.962)
",4460317787732414.500,3.962,0.000,0.000,1.000,0,0,0,21,21,0,0,21,0.0,0.0,0.0,0.0,0.0,1.0,-1
"F[1,2]((Bilirubin_total <= 0.000 | DBP <= 43.852) -> Chloride >= 14.678)
",-9999999.000,-9999999.000,0.000,0.000,1.000,0,0,0,21,21,0,0,21,0.0,0.0,0.0,0.0,0.0,1.0,-1
"F[0,1]((Phosphate <= 0.000 -> Resp >= 14.033) -> Chloride <= 16.037)
",-9999999.000,-9999999.000,0.000,0.000,1.000,0,0,0,21,21,0,0,21,0.0,0.0,0.0,0.0,0.0,1.0,-1
"F[1,2](((BaseExcess >= 0.000 & TroponinI >= 0.000) -> Alkalinephos <= 0.000) -> TroponinI <= 0.000)
",-9999999.000,-9999999.000,0.000,0.000,1.000,0,0,0,21,21,0,0,21,0.0,0.0,0.0,0.0,0.0,1.0,-1
"F[1,1]((Phosphate >= 0.000 & SaO2 >= 2.211) -> Potassium <= 34.231)
",-34.231,-34.231,0.000,0.000,1.000,0,0,0,21,21,0,0,21,0.0,0.0,0.0,0.0,0.0,1.0,-1
"F[1,2]((Platelets >= 4.508 & Glucose >= 5.329) & Phosphate >= 60.952)
",-9999999.000,-9999999.000,0.000,0.000,1.000,0,0,0,21,21,0,0,21,0.0,0.0,0.0,0.0,0.0,1.0,-1
"F[2,2](AST >= 0.000 | Creatinine <= 0.554)
",4988377952033563.000,0.554,0.000,0.000,1.000,0,0,0,21,21,0,0,21,0.0,0.0,0.0,0.0,0.0,1.0,-1
"((TroponinI <= 0.000) U[1,2] (Lactate <= 0.912))
",-9999999.000,-9999999.000,0.000,0.000,1.000,0,0,0,21,21,0,0,21,0.0,0.0,0.0,0.0,0.0,1.0,-1
"F[1,1]((Phosphate >= 0.000 -> Bilirubin_total >= 0.000) -> FiO2 >= 0.000)
",0.000,0.000,0.000,0.000,1.000,0,0,0,21,21,0,0,21,0.0,0.0,0.0,0.0,0.0,1.0,-1
"F[2,2]((Potassium >= 0.109 & SBP >= 84.017) -> BaseExcess >= 10.171)
",5725513928062900.000,10.171,0.000,0.000,1.000,0,0,0,21,21,0,0,21,0.0,0.0,0.0,0.0,0.0,1.0,-1
"F[1,2]((Phosphate <= 0.000 | Temp >= 9.858) | Potassium <= 36.521)
",-9999999.000,-9999999.000,0.000,0.000,1.000,0,0,0,21,21,0,0,21,0.0,0.0,0.0,0.0,0.0,1.0,-1
"F[0,1]((MAP <= 81.465 & SepsisLabel >= 0.000) & Alkalinephos <= 0.000)
",-9999999.000,-9999999.000,0.000,0.000,1.000,0,0,0,21,21,0,0,21,0.0,0.0,0.0,0.0,0.0,1.0,-1
"G[2,2]((Fibrinogen >= 0.000 | AST >= 0.000) | O2Sat >= 0.000)
",0.000,0.000,0.000,1.000,0.000,0,0,21,0,0,21,21,0,0.0,0.0,1.0,0.0,0.0,1.0,1
"((EtCO2 >= 0.000) U[1,2] (SepsisLabel = 0.000))
",-9999999.000,-9999999.000,0.000,0.000,1.000,0,0,0,21,21,0,0,21,0.0,0.0,0.0,0.0,0.0,1.0,-1
"F[2,2](((SepsisLabel >= 0.000 & pH <= 6.345) | BaseExcess >= 0.014) & Magnesium >= 0.058)
",-8303878086089661.000,-0.058,0.000,0.000,1.000,0,0,0,21,21,0,0,21,0.0,0.0,0.0,0.0,0.0,1.0,-1
"F[0,2]((SepsisLabel <= 0.000 & EtCO2 <= 0.000) | Temp <= 0.000)
",-9999999.000,-9999999.000,0.000,0.000,1.000,0,0,0,21,21,0,0,21,0.0,0.0,0.0,0.0,0.0,1.0,-1
"F[2,2](((Bilirubin_direct <= 0.000 | HR >= 10.373) | HR <= 89.173) -> TroponinI <= 95.213)
",-3349999177033942.000,-95.213,0.000,0.000,1.000,0,0,0,21,21,0,0,21,0.0,0.0,0.0,0.0,0.0,1.0,-1
"F[0,2](((Bilirubin_total >= 0.000 -> SaO2 <= 26.636) & Resp >= 1.524) | Creatinine <= 24.388)
",-9999999.000,-9999999.000,0.000,0.000,1.000,0,0,0,21,21,0,0,21,0.0,0.0,0.0,0.0,0.0,1.0,-1
"F[1,1]((HCO3 <= 0.000 -> Bilirubin_direct <= 0.000) | FiO2 >= 0.000)
",0.000,0.000,0.000,0.000,1.000,0,0,0,21,21,0,0,21,0.0,0.0,0.0,0.0,0.0,1.0,-1
"F[2,2]((Platelets <= 31.881 | FiO2 <= 0.195) | Glucose <= 0.046)
",31.881,31.881,0.000,0.000,1.000,0,0,0,21,21,0,0,21,0.0,0.0,0.0,0.0,0.0,1.0,-1
"((EtCO2 <= 0.000) U[0,2] (Chloride <= 0.000))
",-9999999.000,-9999999.000,0.000,0.000,1.000,0,0,0,21,21,0,0,21,0.0,0.0,0.0,0.0,0.0,1.0,-1
"F[1,2](Chloride <= 0.000 -> Creatinine <= 0.522)
",-9999999.000,-9999999.000,0.000,0.000,1.000,0,0,0,21,21,0,0,21,0.0,0.0,0.0,0.0,0.0,1.0,-1
"F[0,2](((Creatinine >= 0.028 -> Phosphate <= 0.000) -> Fibrinogen >= 0.000) & HCO3 >= 0.000)
",-9999999.000,-9999999.000,0.000,0.000,1.000,0,0,0,21,21,0,0,21,0.0,0.0,0.0,0.0,0.0,1.0,-1
"F[0,1](((O2Sat <= 91.252 | Chloride >= 0.000) & EtCO2 >= 0.000) -> SBP >= 0.000)
",-9999999.000,-9999999.000,0.000,0.000,1.000,0,0,0,21,21,0,0,21,0.0,0.0,0.0,0.0,0.0,1.0,-1
"F[0,1]((HCO3 <= 0.000 | SBP <= 141.812) | EtCO2 >= 42.585)
",-9999999.000,-9999999.000,0.000,0.000,1.000,0,0,0,21,21,0,0,21,0.0,0.0,0.0,0.0,0.0,1.0,-1
"F[0,1](((EtCO2 <= 0.000 -> Bilirubin_direct >= 0.000) -> Bilirubin_direct >= 0.000) & SaO2 <= 0.000)
",-9999999.000,-9999999.000,0.000,0.000,1.000,0,0,0,21,21,0,0,21,0.0,0.0,0.0,0.0,0.0,1.0,-1
"F[1,1](((TroponinI <= 0.000 & AST >= 0.000) & Phosphate <= 0.000) & Chloride <= 0.000)
",0.000,0.000,0.000,0.000,1.000,0,0,0,21,21,0,0,21,0.0,0.0,0.0,0.0,0.0,1.0,-1
"F[0,2]((BUN <= 18.224 & O2Sat <= 93.975) | PaCO2 <= 98.063)
",-9999999.000,-9999999.000,0.000,0.000,1.000,0,0,0,21,21,0,0,21,0.0,0.0,0.0,0.0,0.0,1.0,-1
"((Hct <= 16.093) U[2,2] (Resp <= 20.582))
",20.582,20.582,0.000,0.000,1.000,0,0,0,21,21,0,0,21,0.0,0.0,0.0,0.0,0.0,1.0,-1
"F[0,1]((PaCO2 >= 0.215 | Alkalinephos <= 0.000) -> pH >= 0.000)
",-9999999.000,-9999999.000,0.000,0.000,1.000,0,0,0,21,21,0,0,21,0.0,0.0,0.0,0.0,0.0,1.0,-1
"F[1,2]((Magnesium >= 0.058 & FiO2 >= 0.006) & Fibrinogen >= 0.008)
",-9999999.000,-9999999.000,0.000,0.000,1.000,0,0,0,21,21,0,0,21,0.0,0.0,0.0,0.0,0.0,1.0,-1
"((BUN <= 5.976) U[2,2] (Hct <= 7.791))
",2923848000895097.500,7.791,0.000,0.000,1.000,0,0,0,21,21,0,0,21,0.0,0.0,0.0,0.0,0.0,1.0,-1
"F[0,2](((PaCO2 <= 9.492 -> SBP <= 139.238) | FiO2 <= 113.461) & Hct >= 69.893)
",-9999999.000,-9999999.000,0.000,0.000,1.000,0,0,0,21,21,0,0,21,0.0,0.0,0.0,0.0,0.0,1.0,-1
"F[0,2]((BaseExcess >= 0.000 & WBC <= 1.410) & AST <= 7.689)
",-9999999.000,-9999999.000,0.000,0.000,1.000,0,0,0,21,21,0,0,21,0.0,0.0,0.0,0.0,0.0,1.0,-1
"F[0,2](((HR >= 67.361 -> Bilirubin_direct <= 0.000) -> Calcium >= 0.000) -> SaO2 >= 0.000)
",-9999999.000,-9999999.000,0.000,0.000,1.000,0,0,0,21,21,0,0,21,0.0,0.0,0.0,0.0,0.0,1.0,-1
"F[0,1](Lactate <= 0.336 -> Phosphate <= 0.000)
",-9999999.000,-9999999.000,0.000,0.000,1.000,0,0,0,21,21,0,0,21,0.0,0.0,0.0,0.0,0.0,1.0,-1
"F[2,2]((EtCO2 >= 0.000 & Hct >= 0.203) & SepsisLabel <= 15.160)
",-0.203,-0.203,0.000,0.000,1.000,0,0,0,21,21,0,0,21,0.0,0.0,0.0,0.0,0.0,1.0,-1
"((WBC <= 13.317) U[0,1] (Resp >= 8.331))
",-9999999.000,-9999999.000,0.000,0.000,1.000,0,0,0,21,21,0,0,21,0.0,0.0,0.0,0.0,0.0,1.0,-1
"F[0,2]((BaseExcess <= 0.000 & HR >= 39.320) | Creatinine <= 91.469)
",-9999999.000,-9999999.000,0.000,0.000,1.000,0,0,0,21,21,0,0,21,0.0,0.0,0.0,0.0,0.0,1.0,-1
"F[0,2]((MAP <= 76.189 -> EtCO2 <= 0.000) -> DBP >= 0.000)
",-9999999.000,-9999999.000,0.000,0.000,1.000,0,0,0,21,21,0,0,21,0.0,0.0,0.0,0.0,0.0,1.0,-1
"((WBC <= 14.045) U[2,2] (AST <= 0.000))
",7906725470787950.000,14.045,0.000,0.000,1.000,0,0,0,21,21,0,0,21,0.0,0.0,0.0,0.0,0.0,1.0,-1
"F[0,1](((Bilirubin_direct >= 0.000 | DBP >= 34.035) -> Glucose >= 19.538) -> Calcium <= 46.873)
",-9999999.000,-9999999.000,0.000,0.000,1.000,0,0,0,21,21,0,0,21,0.0,0.0,0.0,0.0,0.0,1.0,-1
"F[0,2](Bilirubin_total >= 0.000 | Creatinine <= 0.318)
",-9999999.000,-9999999.000,0.000,0.000,1.000,0,0,0,21,21,0,0,21,0.0,0.0,0.0,0.0,0.0,1.0,-1
"((O2Sat >= 57.929) U[0,0] (DBP <= 53.153))
",6.045,36.884,0.000,0.000,1.000,0,0,0,21,21,0,0,21,0.0,0.0,0.0,0.0,0.0,1.0,-1
"F[0,2](Platelets >= 4.045 | Bilirubin_direct <= 0.000)
",-9999999.000,-9999999.000,0.000,0.000,1.000,0,0,0,21,21,0,0,21,0.0,0.0,0.0,0.0,0.0,1.0,-1
"F[0,0](Alkalinephos >= 0.000 | BaseExcess >= 0.000)
",0.224,0.810,0.000,0.000,1.000,0,0,0,21,21,0,0,21,0.0,0.0,0.0,0.0,0.0,1.0,-1
"F[1,1](((Glucose <= 178.962 -> DBP >= 5.752) | Resp <= 52.808) | Platelets >= 40.648)
",52.808,52.808,0.000,0.000,1.000,0,0,0,21,21,0,0,21,0.0,0.0,0.0,0.0,0.0,1.0,-1
"F[0,1]((HR >= 26.061 -> Chloride >= 0.000) | Lactate <= 0.000)
",-9999999.000,-9999999.000,0.000,0.000,1.000,0,0,0,21,21,0,0,21,0.0,0.0,0.0,0.0,0.0,1.0,-1
"F[1,2](AST >= 0.000 | PTT <= 0.000)
",-9999999.000,-9999999.000,0.000,0.000,1.000,0,0,0,21,21,0,0,21,0.0,0.0,0.0,0.0,0.0,1.0,-1
"F[1,2](PTT <= 0.000 | Bilirubin_direct <= 0.000)
",-9999999.000,-9999999.000,0.000,0.000,1.000,0,0,0,21,21,0,0,21,0.0,0.0,0.0,0.0,0.0,1.0,-1
"F[1,2](((O2Sat <= 98.973 | Lactate <= 1.455) | BaseExcess <= 0.185) | Bilirubin_direct >= 0.018)
",-9999999.000,-9999999.000,0.000,0.000,1.000,0,0,0,21,21,0,0,21,0.0,0.0,0.0,0.0,0.0,1.0,-1
"F[1,2](((Hct <= 12.955 -> O2Sat <= 91.897) & Potassium <= 95.565) | Bilirubin_direct >= 26.017)
",-9999999.000,-9999999.000,0.000,0.000,1.000,0,0,0,21,21,0,0,21,0.0,0.0,0.0,0.0,0.0,1.0,-1
"((Hct >= 0.300) U[2,2] (Hgb <= 5.837))
",5.837,5.837,0.000,0.000,1.000,0,0,0,21,21,0,0,21,0.0,0.0,0.0,0.0,0.0,1.0,-1
"F[0,0]((HCO3 >= 0.000 & Bilirubin_direct >= 0.000) | Magnesium >= 0.000)
",0.224,0.082,0.000,0.000,1.000,0,0,0,21,21,0,0,21,0.0,0.0,0.0,0.0,0.0,1.0,-1
"F[0,2](((Alkalinephos >= 0.000 -> FiO2 <= 0.056) | Bilirubin_total <= 0.361) & Hct >= 0.001)
",-9999999.000,-9999999.000,0.000,0.000,1.000,0,0,0,21,21,0,0,21,0.0,0.0,0.0,0.0,0.0,1.0,-1
"F[0,2]((SaO2 <= 48.238 | Magnesium >= 0.044) -> Fibrinogen <= 1.638)
",-9999999.000,-9999999.000,0.000,0.000,1.000,0,0,0,21,21,0,0,21,0.0,0.0,0.0,0.0,0.0,1.0,-1
"((AST >= 0.000) U[1,2] (Calcium <= 3.915))
",-9999999.000,-9999999.000,0.000,0.000,1.000,0,0,0,21,21,0,0,21,0.0,0.0,0.0,0.0,0.0,1.0,-1
"((Resp <= 21.663) U[0,2] (SBP >= 56.730))
",-9999999.000,-9999999.000,0.000,0.000,1.000,0,0,0,21,21,0,0,21,0.0,0.0,0.0,0.0,0.0,1.0,-1
"F[0,2]((AST <= 0.000 | WBC >= 0.416) -> WBC <= 8.986)
",-9999999.000,-9999999.000,0.000,0.000,1.000,0,0,0,21,21,0,0,21,0.0,0.0,0.0,0.0,0.0,1.0,-1
"((Bilirubin_total >= 0.000) U[1,2] (AST >= 0.000))
",-9999999.000,-9999999.000,0.000,0.000,1.000,0,0,0,21,21,0,0,21,0.0,0.0,0.0,0.0,0.0,1.0,-1
"F[0,2]((Potassium >= 0.152 & EtCO2 <= 0.000) -> Bilirubin_total <= 0.000)
",-9999999.000,-9999999.000,0.000,0.000,1.000,0,0,0,21,21,0,0,21,0.0,0.0,0.0,0.0,0.0,1.0,-1
"F[0,1](((O2Sat >= 17.180 -> Bilirubin_total <= 0.000) -> Hgb <= 0.000) | Lactate >= 0.000)
",-9999999.000,-9999999.000,0.000,0.000,1.000,0,0,0,21,21,0,0,21,0.0,0.0,0.0,0.0,0.0,1.0,-1
"F[0,2](((HR <= 93.926 & BaseExcess <= 0.000) | Resp >= 0.000) | PTT >= 0.000)
",-9999999.000,-9999999.000,0.000,0.000,1.000,0,0,0,21,21,0,0,21,0.0,0.0,0.0,0.0,0.0,1.0,-1
"F[2,2]((Chloride <= 0.000 -> SepsisLabel <= 0.000) -> WBC <= 0.000)
",0.000,0.000,0.000,0.000,1.000,0,0,0,21,21,0,0,21,0.0,0.0,0.0,0.0,0.0,1.0,-1
"F[1,2](((MAP >= 24.967 & Resp >= 4.186) & MAP >= 8.810) | pH <= 17.909)
",-9999999.000,-9999999.000,0.000,0.000,1.000,0,0,0,21,21,0,0,21,0.0,0.0,0.0,0.0,0.0,1.0,-1
"F[1,2]((BUN >= 0.224 -> MAP >= 12.221) & SaO2 <= 74.412)
",-9999999.000,-9999999.000,0.000,0.000,1.000,0,0,0,21,21,0,0,21,0.0,0.0,0.0,0.0,0.0,1.0,-1
"F[0,2](((HCO3 <= 0.000 & Bilirubin_direct <= 0.000) | Bilirubin_total >= 0.000) -> Platelets <= 0.000)
",-9999999.000,-9999999.000,0.000,0.000,1.000,0,0,0,21,21,0,0,21,0.0,0.0,0.0,0.0,0.0,1.0,-1
"F[1,2](AST >= 0.000 -> Alkalinephos <= 0.000)
",-9999999.000,-9999999.000,0.000,0.000,1.000,0,0,0,21,21,0,0,21,0.0,0.0,0.0,0.0,0.0,1.0,-1
"F[0,2](((AST >= 0.000 | PTT >= 0.000) -> Resp <= 0.000) -> Creatinine <= 0.000)
",-9999999.000,-9999999.000,0.000,0.000,1.000,0,0,0,21,21,0,0,21,0.0,0.0,0.0,0.0,0.0,1.0,-1
"((SepsisLabel >= 0.000) U[1,2] (SepsisLabel = 0.000))
",-9999999.000,-9999999.000,0.000,0.000,1.000,0,0,0,21,21,0,0,21,0.0,0.0,0.0,0.0,0.0,1.0,-1
"F[1,1](Lactate < 0.602 & SepsisLabel = 0.000)
",0.000,0.000,0.000,0.000,1.000,0,0,0,21,21,0,0,21,0.0,0.0,0.0,0.0,0.0,1.0,-1
"F[0,0]((PTT <= 0.000 -> Phosphate >= 0.000) -> TroponinI >= 0.000)
",0.000,0.000,0.000,0.000,1.000,0,0,0,21,21,0,0,21,0.0,0.0,0.0,0.0,0.0,1.0,-1
"F[1,2]((Lactate <= 1.390 -> O2Sat <= 90.120) & Hgb <= 99.533)
",-9999999.000,-9999999.000,0.000,0.000,1.000,0,0,0,21,21,0,0,21,0.0,0.0,0.0,0.0,0.0,1.0,-1
"F[0,2]((HR >= 47.796 -> Potassium <= 1.642) | MAP >= 0.220)
",-9999999.000,-9999999.000,0.000,0.000,1.000,0,0,0,21,21,0,0,21,0.0,0.0,0.0,0.0,0.0,1.0,-1
"F[1,2](((HR <= 88.048 & Lactate <= 1.539) & PaCO2 >= 0.036) & BaseExcess >= 0.035)
",-9999999.000,-9999999.000,0.000,0.000,1.000,0,0,0,21,21,0,0,21,0.0,0.0,0.0,0.0,0.0,1.0,-1
"F[1,2](HR >= 16.150 & PaCO2 <= 23.038)
",-9999999.000,-9999999.000,0.000,0.000,1.000,0,0,0,21,21,0,0,21,0.0,0.0,0.0,0.0,0.0,1.0,-1
"F[0,2]((Potassium >= 0.209 & Resp >= 1.185) & Glucose >= 8.138)
",-9999999.000,-9999999.000,0.000,0.000,1.000,0,0,0,21,21,0,0,21,0.0,0.0,0.0,0.0,0.0,1.0,-1
"F[0,1]((pH <= 7.333 | WBC <= 3.371) -> SepsisLabel <= 3.913)
",-9999999.000,-9999999.000,0.000,0.000,1.000,0,0,0,21,21,0,0,21,0.0,0.0,0.0,0.0,0.0,1.0,-1
"F[1,2]((O2Sat >= 29.351 -> PaCO2 <= 26.576) & HCO3 <= 33.428)
",-9999999.000,-9999999.000,0.000,0.000,1.000,0,0,0,21,21,0,0,21,0.0,0.0,0.0,0.0,0.0,1.0,-1
"F[2,2](BUN <= 1.372 | pH <= 4.418)
",4.418,4.418,0.000,0.000,1.000,0,0,0,21,21,0,0,21,0.0,0.0,0.0,0.0,0.0,1.0,-1
"F[0,2](SaO2 <= 68.272 & Temp <= 34.529)
",-9999999.000,-9999999.000,0.000,0.000,1.000,0,0,0,21,21,0,0,21,0.0,0.0,0.0,0.0,0.0,1.0,-1
"F[2,2]((BUN <= 11.362 & Lactate >= 0.021) & PaCO2 >= 0.019)
",-5962458780878677.000,-0.021,0.000,0.000,1.000,0,0,0,21,21,0,0,21,0.0,0.0,0.0,0.0,0.0,1.0,-1
"F[1,2]((Calcium >= 0.130 & DBP <= 53.191) | SaO2 >= 22.191)
",-9999999.000,-9999999.000,0.000,0.000,1.000,0,0,0,21,21,0,0,21,0.0,0.0,0.0,0.0,0.0,1.0,-1
"F[2,2]((DBP >= 23.590 & Platelets <= 27.634) -> BaseExcess <= 9.089)
",-5116583726637643.000,-9.089,0.000,0.000,1.000,0,0,0,21,21,0,0,21,0.0,0.0,0.0,0.0,0.0,1.0,-1
"F[0,1]((HR <= 102.524 | SBP >= 97.286) | Resp <= 133.402)
",-9999999.000,-9999999.000,0.000,0.000,1.000,0,0,0,21,21,0,0,21,0.0,0.0,0.0,0.0,0.0,1.0,-1
"F[0,0](FiO2 <= 0.195 | Potassium >= 0.206)
",3503907200829042.500,0.195,0.000,0.000,1.000,0,0,0,21,21,0,0,21,0.0,0.0,0.0,0.0,0.0,1.0,-1
"F[1,2](((Glucose >= 75.955 | WBC <= 5.737) -> Lactate <= 17.709) & HR >= 0.398)
",-9999999.000,-9999999.000,0.000,0.000,1.000,0,0,0,21,21,0,0,21,0.0,0.0,0.0,0.0,0.0,1.0,-1
"F[1,2]((DBP <= 50.832 | PaCO2 >= 0.548) -> HCO3 <= 31.913)
",-9999999.000,-9999999.000,0.000,0.000,1.000,0,0,0,21,21,0,0,21,0.0,0.0,0.0,0.0,0.0,1.0,-1
"F[1,2](((DBP <= 45.071 | Lactate <= 1.561) -> Alkalinephos >= 0.017) & Glucose >= 0.024)
",-9999999.000,-9999999.000,0.000,0.000,1.000,0,0,0,21,21,0,0,21,0.0,0.0,0.0,0.0,0.0,1.0,-1
"F[1,1](((DBP <= 51.908 | FiO2 >= 0.003) & Chloride <= 0.281) | MAP >= 0.004)
",5062242777392261.000,0.281,0.000,0.000,1.000,0,0,0,21,21,0,0,21,0.0,0.0,0.0,0.0,0.0,1.0,-1
"((HR <= 101.281) U[2,2] (Platelets >= 3.744))
",7127027937645438.000,101.281,0.000,0.000,1.000,0,0,0,21,21,0,0,21,0.0,0.0,0.0,0.0,0.0,1.0,-1
"F[1,2]((PaCO2 <= 23.153 -> SBP <= 118.642) -> SaO2 <= 134.930)
",-9999999.000,-9999999.000,0.000,0.000,1.000,0,0,0,21,21,0,0,21,0.0,0.0,0.0,0.0,0.0,1.0,-1
"F[2,2]((pH <= 0.871 & SBP <= 131.327) & WBC <= 110.301)
",3923219521777033.000,0.871,0.000,0.000,1.000,0,0,0,21,21,0,0,21,0.0,0.0,0.0,0.0,0.0,1.0,-1
"((BUN <= 9.173) U[2,2] (PaCO2 <= 18.369))
",18.369,18.369,0.000,0.000,1.000,0,0,0,21,21,0,0,21,0.0,0.0,0.0,0.0,0.0,1.0,-1
"F[0,2]((Hgb <= 6.320 -> pH >= 0.046) | Fibrinogen >= 0.062)
",-9999999.000,-9999999.000,0.000,0.000,1.000,0,0,0,21,21,0,0,21,0.0,0.0,0.0,0.0,0.0,1.0,-1
"F[2,2](((FiO2 >= 0.007 & Hgb <= 3.473) -> MAP >= 0.263) -> Glucose >= 0.362)
",-8589385780575555.000,-0.007,0.000,0.000,1.000,0,0,0,21,21,0,0,21,0.0,0.0,0.0,0.0,0.0,1.0,-1
"((Creatinine <= 0.342) U[0,2] (PaCO2 >= 0.360))
",-9999999.000,-9999999.000,0.000,0.000,1.000,0,0,0,21,21,0,0,21,0.0,0.0,0.0,0.0,0.0,1.0,-1
"((DBP <= 50.861) U[1,2] (Hct >= 0.785))
",-9999999.000,-9999999.000,0.000,0.000,1.000,0,0,0,21,21,0,0,21,0.0,0.0,0.0,0.0,0.0,1.0,-1
"F[0,2](((FiO2 <= 0.126 -> Resp <= 20.218) & DBP >= 8.753) | DBP <= 20.274)
",-9999999.000,-9999999.000,0.000,0.000,1.000,0,0,0,21,21,0,0,21,0.0,0.0,0.0,0.0,0.0,1.0,-1
"((Lactate <= 1.484) U[0,2] (Resp >= 12.053))
",-9999999.000,-9999999.000,0.000,0.000,1.000,0,0,0,21,21,0,0,21,0.0,0.0,0.0,0.0,0.0,1.0,-1
"F[0,2](((Resp >= 1.023 | SaO2 >= 0.690) -> pH >= 0.479) & EtCO2 >= 1.356)
",-9999999.000,-9999999.000,0.000,0.000,1.000,0,0,0,21,21,0,0,21,0.0,0.0,0.0,0.0,0.0,1.0,-1
"F[0,2](((pH <= 3.887 | Resp <= 19.286) -> Hct >= 5.684) | Calcium >= 3.606)
",-9999999.000,-9999999.000,0.000,0.000,1.000,0,0,0,21,21,0,0,21,0.0,0.0,0.0,0.0,0.0,1.0,-1
"F[0,2](DBP >= 2.688 -> WBC >= 0.224)
",-9999999.000,-9999999.000,0.000,0.000,1.000,0,0,0,21,21,0,0,21,0.0,0.0,0.0,0.0,0.0,1.0,-1
"F[1,2]((PaCO2 <= 2.499 | Temp <= 35.039) -> Bilirubin_direct >= 14.905)
",-9999999.000,-9999999.000,0.000,0.000,1.000,0,0,0,21,21,0,0,21,0.0,0.0,0.0,0.0,0.0,1.0,-1
"F[0,1](Creatinine <= 0.352 | Glucose <= 122.856)
",-9999999.000,-9999999.000,0.000,0.000,1.000,0,0,0,21,21,0,0,21,0.0,0.0,0.0,0.0,0.0,1.0,-1
"F[1,2](Glucose >= 81.780 & Hct <= 6.666)
",-9999999.000,-9999999.000,0.000,0.000,1.000,0,0,0,21,21,0,0,21,0.0,0.0,0.0,0.0,0.0,1.0,-1
"((Glucose <= 189.275) U[0,1] (Hgb <= 4.368))
",-9999999.000,-9999999.000,0.000,0.000,1.000,0,0,0,21,21,0,0,21,0.0,0.0,0.0,0.0,0.0,1.0,-1
"((SBP >= 37.241) U[2,2] (WBC <= 17.861))
",17.861,17.861,0.000,0.000,1.000,0,0,0,21,21,0,0,21,0.0,0.0,0.0,0.0,0.0,1.0,-1
"F[0,0]((Potassium >= 0.026 | Temp <= 35.638) | PaCO2 <= 36.733)
",23.244,36.383,0.000,0.000,1.000,0,0,0,21,21,0,0,21,0.0,0.0,0.0,0.0,0.0,1.0,-1
"F[0,1]((Hgb >= 0.216 -> Resp >= 5.161) | PaCO2 <= 15.731)
",-9999999.000,-9999999.000,0.000,0.000,1.000,0,0,0,21,21,0,0,21,0.0,0.0,0.0,0.0,0.0,1.0,-1
"F[0,2](((Resp >= 2.022 & WBC <= 6.847) -> Alkalinephos <= 10.248) & Temp <= 13.091)
",-9999999.000,-9999999.000,0.000,0.000,1.000,0,0,0,21,21,0,0,21,0.0,0.0,0.0,0.0,0.0,1.0,-1
"F[2,2]((Calcium >= 0.418 -> FiO2 >= 0.005) & WBC >= 0.008)
",-8695056431167773.000,-0.008,0.000,0.000,1.000,0,0,0,21,21,0,0,21,0.0,0.0,0.0,0.0,0.0,1.0,-1
"F[1,2]((Magnesium <= 1.891 -> Temp >= 1.630) -> FiO2 <= 36.296)
",-9999999.000,-9999999.000,0.000,0.000,1.000,0,0,0,21,21,0,0,21,0.0,0.0,0.0,0.0,0.0,1.0,-1
"F[0,1]((Calcium >= 0.267 -> Resp >= 15.311) -> TroponinI <= 21.402)
",-9999999.000,-9999999.000,0.000,0.000,1.000,0,0,0,21,21,0,0,21,0.0,0.0,0.0,0.0,0.0,1.0,-1
"F[1,2](Calcium >= 0.403 | MAP >= 29.779)
",-9999999.000,-9999999.000,0.000,0.000,1.000,0,0,0,21,21,0,0,21,0.0,0.0,0.0,0.0,0.0,1.0,-1
"((Hgb <= 4.001) U[1,2] (MAP <= 65.565))
",-9999999.000,-9999999.000,0.000,0.000,1.000,0,0,0,21,21,0,0,21,0.0,0.0,0.0,0.0,0.0,1.0,-1
"((MAP <= 77.476) U[0,2] (Potassium >= 0.063))
",-9999999.000,-9999999.000,0.000,0.000,1.000,0,0,0,21,21,0,0,21,0.0,0.0,0.0,0.0,0.0,1.0,-1
"F[0,2]((Hct >= 0.950 -> SBP >= 14.012) | TroponinI <= 126.198)
",-9999999.000,-9999999.000,0.000,0.000,1.000,0,0,0,21,21,0,0,21,0.0,0.0,0.0,0.0,0.0,1.0,-1
"F[1,2](Calcium >= 0.087 -> SBP <= 126.606)
",-9999999.000,-9999999.000,0.000,0.000,1.000,0,0,0,21,21,0,0,21,0.0,0.0,0.0,0.0,0.0,1.0,-1
"F[1,2](BUN >= 0.492 & SBP >= 22.996)
",-9999999.000,-9999999.000,0.000,0.000,1.000,0,0,0,21,21,0,0,21,0.0,0.0,0.0,0.0,0.0,1.0,-1
"F[2,2]((Creatinine <= 0.710 | MAP >= 10.820) | WBC >= 7.136)
",3196888360001106.500,0.710,0.000,0.000,1.000,0,0,0,21,21,0,0,21,0.0,0.0,0.0,0.0,0.0,1.0,-1
"F[0,2]((BUN <= 17.549 | MAP >= 36.223) -> AST >= 32.106)
",-9999999.000,-9999999.000,0.000,0.000,1.000,0,0,0,21,21,0,0,21,0.0,0.0,0.0,0.0,0.0,1.0,-1
"F[1,1](((Hct <= 20.595 & O2Sat <= 93.898) -> SepsisLabel >= 80.814) | DBP <= 90.788)
",90.788,90.788,0.000,0.000,1.000,0,0,0,21,21,0,0,21,0.0,0.0,0.0,0.0,0.0,1.0,-1
"F[0,2]((Glucose >= 30.064 -> Platelets >= 4.820) | Fibrinogen >= 4.793)
",-9999999.000,-9999999.000,0.000,0.000,1.000,0,0,0,21,21,0,0,21,0.0,0.0,0.0,0.0,0.0,1.0,-1
"F[2,2](O2Sat >= 34.754 | Potassium <= 2.811)
",3165191760782534.000,2.811,0.000,0.000,1.000,0,0,0,21,21,0,0,21,0.0,0.0,0.0,0.0,0.0,1.0,-1
"F[0,2](Glucose >= 45.658 & PaCO2 >= 0.242)
",-9999999.000,-9999999.000,0.000,0.000,1.000,0,0,0,21,21,0,0,21,0.0,0.0,0.0,0.0,0.0,1.0,-1
"F[0,1](Glucose <= 167.286 -> HR >= 12.576)
",-9999999.000,-9999999.000,0.000,0.000,1.000,0,0,0,21,21,0,0,21,0.0,0.0,0.0,0.0,0.0,1.0,-1
"F[0,1](MAP <= 63.084 | Resp >= 6.476)
",-9999999.000,-9999999.000,0.000,0.000,1.000,0,0,0,21,21,0,0,21,0.0,0.0,0.0,0.0,0.0,1.0,-1
"F[1,2](((HR <= 98.843 & Resp >= 13.297) | pH <= 16.646) & Temp >= 9.691)
",-9999999.000,-9999999.000,0.000,0.000,1.000,0,0,0,21,21,0,0,21,0.0,0.0,0.0,0.0,0.0,1.0,-1
"F[1,2]((O2Sat <= 98.304 | Resp >= 5.181) | HR >= 6.126)
",-9999999.000,-9999999.000,0.000,0.000,1.000,0,0,0,21,21,0,0,21,0.0,0.0,0.0,0.0,0.0,1.0,-1
"F[0,2](((Magnesium >= 0.008 & Potassium <= 0.463) -> Magnesium <= 1.135) & DBP <= 1.513)
",-9999999.000,-9999999.000,0.000,0.000,1.000,0,0,0,21,21,0,0,21,0.0,0.0,0.0,0.0,0.0,1.0,-1
"F[1,2](Hgb >= 0.390 | Potassium >= 0.234)
",-9999999.000,-9999999.000,0.000,0.000,1.000,0,0,0,21,21,0,0,21,0.0,0.0,0.0,0.0,0.0,1.0,-1
"F[1,2]((Creatinine >= 0.013 & Potassium <= 2.515) | BaseExcess >= 0.205)
",-9999999.000,-9999999.000,0.000,0.000,1.000,0,0,0,21,21,0,0,21,0.0,0.0,0.0,0.0,0.0,1.0,-1
"F[0,2]((Platelets >= 1.974 -> Potassium >= 0.285) & PaCO2 <= 1.259)
",-9999999.000,-9999999.000,0.000,0.000,1.000,0,0,0,21,21,0,0,21,0.0,0.0,0.0,0.0,0.0,1.0,-1
"F[0,2](MAP >= 49.852 -> WBC >= 0.581)
",-9999999.000,-9999999.000,0.000,0.000,1.000,0,0,0,21,21,0,0,21,0.0,0.0,0.0,0.0,0.0,1.0,-1
"F[2,2](PaCO2 >= 0.952 & Potassium <= 3.553)
",-8573647514537783.000,-0.952,0.000,0.000,1.000,0,0,0,21,21,0,0,21,0.0,0.0,0.0,0.0,0.0,1.0,-1
"F[0,1]((Potassium >= 0.231 -> SaO2 >= 1.120) & Chloride <= 27.389)
",-9999999.000,-9999999.000,0.000,0.000,1.000,0,0,0,21,21,0,0,21,0.0,0.0,0.0,0.0,0.0,1.0,-1
"F[1,2]((Glucose >= 45.016 -> O2Sat >= 2.437) & PTT <= 95.157)
",-9999999.000,-9999999.000,0.000,0.000,1.000,0,0,0,21,21,0,0,21,0.0,0.0,0.0,0.0,0.0,1.0,-1
"F[0,2]((Potassium <= 3.979 -> SBP >= 29.763) -> Platelets >= 42.171)
",-9999999.000,-9999999.000,0.000,0.000,1.000,0,0,0,21,21,0,0,21,0.0,0.0,0.0,0.0,0.0,1.0,-1
"F[1,2](((FiO2 >= 0.008 | Magnesium <= 1.432) & AST >= 0.012) -> Hct >= 0.006)
",-9999999.000,-9999999.000,0.000,0.000,1.000,0,0,0,21,21,0,0,21,0.0,0.0,0.0,0.0,0.0,1.0,-1
"((HR <= 97.952) U[0,2] (SepsisLabel = 0.000))
",-9999999.000,-9999999.000,0.000,0.000,1.000,0,0,0,21,21,0,0,21,0.0,0.0,0.0,0.0,0.0,1.0,-1
"((MAP >= 49.038) U[0,2] (SBP <= 129.606))
",-9999999.000,-9999999.000,0.000,0.000,1.000,0,0,0,21,21,0,0,21,0.0,0.0,0.0,0.0,0.0,1.0,-1
"((PTT < 0.000) U[0,1] (SepsisLabel = 0.000))
",-9999999.000,-9999999.000,0.000,0.000,1.000,0,0,0,21,21,0,0,21,0.0,0.0,0.0,0.0,0.0,1.0,-1
"((HR >= 65.006) U[2,2] (SepsisLabel = 0.000))
",0.000,0.000,0.000,0.000,1.000,0,0,0,21,21,0,0,21,0.0,0.0,0.0,0.0,0.0,1.0,-1
"((DBP <= 49.072) U[0,2] (SBP >= 32.446))
",-9999999.000,-9999999.000,0.000,0.000,1.000,0,0,0,21,21,0,0,21,0.0,0.0,0.0,0.0,0.0,1.0,-1
"F[2,2]((Calcium <= 7.321 & Potassium <= 0.586) & Magnesium >= 0.009)
",-0.009,-0.009,0.000,0.000,1.000,0,0,0,21,21,0,0,21,0.0,0.0,0.0,0.0,0.0,1.0,-1
"F[2,2](((Calcium < 2.556 & Potassium < 2.585) & Magnesium < 2.065) & Phosphate < 0.000)
",0.000,0.000,0.000,0.000,1.000,0,0,0,21,21,0,0,21,0.0,0.0,0.0,0.0,0.0,1.0,-1
"F[0,1](Hgb <= 3.297 | Hct <= 20.463)
",-9999999.000,-9999999.000,0.000,0.000,1.000,0,0,0,21,21,0,0,21,0.0,0.0,0.0,0.0,0.0,1.0,-1
"F[2,2]((Phosphate >= 0.000 & Magnesium > 0.023) -> Calcium < 1.165)
",-2623665528543805.000,-1.165,0.000,0.000,1.000,0,0,0,21,21,0,0,21,0.0,0.0,0.0,0.0,0.0,1.0,-1
"F[1,2](Magnesium <= 1.166 -> pH <= 5.283)
",-9999999.000,-9999999.000,0.000,0.000,1.000,0,0,0,21,21,0,0,21,0.0,0.0,0.0,0.0,0.0,1.0,-1
"F[2,2]((Calcium <= 6.209 & Potassium <= 1.272) & Magnesium >= 0.070)
",-0.070,-0.070,0.000,0.000,1.000,0,0,0,21,21,0,0,21,0.0,0.0,0.0,0.0,0.0,1.0,-1
"F[0,2](Hgb <= 2.197 | Hct <= 19.340)
",-9999999.000,-9999999.000,0.000,0.000,1.000,0,0,0,21,21,0,0,21,0.0,0.0,0.0,0.0,0.0,1.0,-1
"F[0,2]((Phosphate >= 0.000 & Magnesium > 0.104) -> Calcium < 3.127)
",-9999999.000,-9999999.000,0.000,0.000,1.000,0,0,0,21,21,0,0,21,0.0,0.0,0.0,0.0,0.0,1.0,-1
"((MAP >= 9.179) U[0,2] (SBP <= 113.300))
",-9999999.000,-9999999.000,0.000,0.000,1.000,0,0,0,21,21,0,0,21,0.0,0.0,0.0,0.0,0.0,1.0,-1
"((Calcium >= 0.434) U[2,2] (SepsisLabel = 0.000))
",0.000,0.000,0.000,0.000,1.000,0,0,0,21,21,0,0,21,0.0,0.0,0.0,0.0,0.0,1.0,-1
"F[2,2](((Calcium < 6.482 & Potassium < 1.004) & Magnesium < 1.609) & Phosphate < 0.000)
",0.000,0.000,0.000,0.000,1.000,0,0,0,21,21,0,0,21,0.0,0.0,0.0,0.0,0.0,1.0,-1
"F[1,2](Lactate >= 0.040 | SaO2 >= 0.683)
",-9999999.000,-9999999.000,0.000,0.000,1.000,0,0,0,21,21,0,0,21,0.0,0.0,0.0,0.0,0.0,1.0,-1
"F[1,2]((FiO2 >= 0.002 | Lactate <= 0.608) | O2Sat <= 1.578)
",-9999999.000,-9999999.000,0.000,0.000,1.000,0,0,0,21,21,0,0,21,0.0,0.0,0.0,0.0,0.0,1.0,-1
"F[0,2](((PaCO2 <= 21.795 -> SaO2 >= 1.657) | AST >= 1.276) -> MAP >= 0.155)
",-9999999.000,-9999999.000,0.000,0.000,1.000,0,0,0,21,21,0,0,21,0.0,0.0,0.0,0.0,0.0,1.0,-1
"((Lactate <= 0.360) U[2,2] (pH >= 0.077))
",0.360,0.360,0.000,0.000,1.000,0,0,0,21,21,0,0,21,0.0,0.0,0.0,0.0,0.0,1.0,-1
"F[2,2](Hct >= 0.058 | Hgb <= 4.837)
",2723244608295922.500,4.837,0.000,0.000,1.000,0,0,0,21,21,0,0,21,0.0,0.0,0.0,0.0,0.0,1.0,-1
"F[0,1]((Hgb >= 0.054 | Magnesium <= 1.959) | FiO2 >= 0.049)
",-9999999.000,-9999999.000,0.000,0.000,1.000,0,0,0,21,21,0,0,21,0.0,0.0,0.0,0.0,0.0,1.0,-1
"F[0,1]((Creatinine <= 0.414 -> Magnesium <= 2.499) | SepsisLabel <= 0.976)
",-9999999.000,-9999999.000,0.000,0.000,1.000,0,0,0,21,21,0,0,21,0.0,0.0,0.0,0.0,0.0,1.0,-1
"((BUN <= 11.845) U[2,2] (Magnesium <= 2.419))
",11.845,11.845,0.000,0.000,1.000,0,0,0,21,21,0,0,21,0.0,0.0,0.0,0.0,0.0,1.0,-1
"F[0,2](((BUN <= 5.874 & WBC <= 9.113) -> BaseExcess >= 0.229) -> FiO2 <= 16.451)
",-9999999.000,-9999999.000,0.000,0.000,1.000,0,0,0,21,21,0,0,21,0.0,0.0,0.0,0.0,0.0,1.0,-1
"F[0,1]((BUN <= 12.256 | Hct >= 0.834) | Lactate >= 0.913)
",-9999999.000,-9999999.000,0.000,0.000,1.000,0,0,0,21,21,0,0,21,0.0,0.0,0.0,0.0,0.0,1.0,-1
"F[1,2]((BUN >= 0.589 -> Hgb <= 7.880) -> PaCO2 >= 0.274)
",-9999999.000,-9999999.000,0.000,0.000,1.000,0,0,0,21,21,0,0,21,0.0,0.0,0.0,0.0,0.0,1.0,-1
"F[1,2]((Magnesium <= 0.213 & Platelets <= 87.047) | pH <= 30.115)
",-9999999.000,-9999999.000,0.000,0.000,1.000,0,0,0,21,21,0,0,21,0.0,0.0,0.0,0.0,0.0,1.0,-1
"F[0,2](((Calcium <= 2.434 -> Creatinine >= 0.017) | Hgb <= 0.268) & BUN >= 0.043)
",-9999999.000,-9999999.000,0.000,0.000,1.000,0,0,0,21,21,0,0,21,0.0,0.0,0.0,0.0,0.0,1.0,-1
"F[0,0](((MAP >= 30.054 & SBP >= 24.575) -> Calcium >= 89.075) | Magnesium <= 119.839)
",326.947,119.757,0.000,0.000,1.000,0,0,0,21,21,0,0,21,0.0,0.0,0.0,0.0,0.0,1.0,-1
"((Creatinine >= 0.048) U[0,1] (Platelets <= 65.002))
",-9999999.000,-9999999.000,0.000,0.000,1.000,0,0,0,21,21,0,0,21,0.0,0.0,0.0,0.0,0.0,1.0,-1
"F[0,2]((PaCO2 <= 40.364 | pH >= 0.139) | WBC >= 0.000)
",-9999999.000,-9999999.000,0.000,0.000,1.000,0,0,0,21,21,0,0,21,0.0,0.0,0.0,0.0,0.0,1.0,-1
"F[0,2](Platelets >= 1.618 & SepsisLabel = 0.000)
",-9999999.000,-9999999.000,0.000,0.000,1.000,0,0,0,21,21,0,0,21,0.0,0.0,0.0,0.0,0.0,1.0,-1
"F[2,2]((Calcium <= 6.971 & Potassium <= 2.085) & Magnesium >= 0.056)
",-4044928709509386.500,-0.056,0.000,0.000,1.000,0,0,0,21,21,0,0,21,0.0,0.0,0.0,0.0,0.0,1.0,-1
"F[2,2](Hgb <= 1.820 | Hct <= 9.127)
",9.127,9.127,0.000,0.000,1.000,0,0,0,21,21,0,0,21,0.0,0.0,0.0,0.0,0.0,1.0,-1
"((MAP >= 48.551) U[0,2] (SBP <= 139.300))
",-9999999.000,-9999999.000,0.000,0.000,1.000,0,0,0,21,21,0,0,21,0.0,0.0,0.0,0.0,0.0,1.0,-1
"F[2,2](((Calcium < 5.658 & Potassium < 3.540) & Magnesium < 1.556) & Phosphate < 0.000)
",0.000,0.000,0.000,0.000,1.000,0,0,0,21,21,0,0,21,0.0,0.0,0.0,0.0,0.0,1.0,-1
"F[0,2](Hct >= 0.716 & Lactate >= 0.009)
",-9999999.000,-9999999.000,0.000,0.000,1.000,0,0,0,21,21,0,0,21,0.0,0.0,0.0,0.0,0.0,1.0,-1
"F[1,2](Hct <= 20.633 -> SaO2 >= 0.573)
",-9999999.000,-9999999.000,0.000,0.000,1.000,0,0,0,21,21,0,0,21,0.0,0.0,0.0,0.0,0.0,1.0,-1
"F[0,2](Hct >= 0.522 | pH >= 0.156)
",-9999999.000,-9999999.000,0.000,0.000,1.000,0,0,0,21,21,0,0,21,0.0,0.0,0.0,0.0,0.0,1.0,-1
"F[1,2]((Creatinine <= 1.079 -> FiO2 <= 0.129) -> SBP <= 0.191)
",-9999999.000,-9999999.000,0.000,0.000,1.000,0,0,0,21,21,0,0,21,0.0,0.0,0.0,0.0,0.0,1.0,-1
"((Creatinine <= 0.809) U[0,1] (pH <= 4.859))
",-9999999.000,-9999999.000,0.000,0.000,1.000,0,0,0,21,21,0,0,21,0.0,0.0,0.0,0.0,0.0,1.0,-1
"F[0,2](((FiO2 >= 0.005 | Temp <= 35.658) | Potassium <= 34.866) & O2Sat <= 35.968)
",-9999999.000,-9999999.000,0.000,0.000,1.000,0,0,0,21,21,0,0,21,0.0,0.0,0.0,0.0,0.0,1.0,-1
"F[0,2]((SaO2 >= 1.413 & SBP <= 133.476) | HCO3 <= 124.212)
",-9999999.000,-9999999.000,0.000,0.000,1.000,0,0,0,21,21,0,0,21,0.0,0.0,0.0,0.0,0.0,1.0,-1
"F[0,2](SBP <= 143.737 & Temp >= 29.250)
",-9999999.000,-9999999.000,0.000,0.000,1.000,0,0,0,21,21,0,0,21,0.0,0.0,0.0,0.0,0.0,1.0,-1
"F[0,2]((Hgb <= 5.891 & WBC >= 0.503) | Phosphate <= 5.461)
",-9999999.000,-9999999.000,0.000,0.000,1.000,0,0,0,21,21,0,0,21,0.0,0.0,0.0,0.0,0.0,1.0,-1
"F[1,2](Hgb <= 8.056 | Hct <= 12.050)
",-9999999.000,-9999999.000,0.000,0.000,1.000,0,0,0,21,21,0,0,21,0.0,0.0,0.0,0.0,0.0,1.0,-1
"F[0,2](((Calcium < 7.764 & Potassium < 2.778) & Magnesium < 2.391) & Phosphate < 0.000)
",-9999999.000,-9999999.000,0.000,0.000,1.000,0,0,0,21,21,0,0,21,0.0,0.0,0.0,0.0,0.0,1.0,-1
"F[0,1]((Phosphate >= 0.000 & Magnesium > 0.056) -> Calcium < 4.044)
",-9999999.000,-9999999.000,0.000,0.000,1.000,0,0,0,21,21,0,0,21,0.0,0.0,0.0,0.0,0.0,1.0,-1
"F[2,2](Hgb <= 2.808 | Hct <= 23.626)
",6650091607556175.000,23.626,0.000,0.000,1.000,0,0,0,21,21,0,0,21,0.0,0.0,0.0,0.0,0.0,1.0,-1
"F[2,2]((Calcium <= 2.223 & Potassium <= 2.384) & Magnesium >= 0.062)
",-4440725834230006.000,-0.062,0.000,0.000,1.000,0,0,0,21,21,0,0,21,0.0,0.0,0.0,0.0,0.0,1.0,-1
"F[0,1]((Phosphate >= 0.000 & Magnesium > 0.118) -> Calcium < 8.591)
",-9999999.000,-9999999.000,0.000,0.000,1.000,0,0,0,21,21,0,0,21,0.0,0.0,0.0,0.0,0.0,1.0,-1
"F[1,2](((Calcium < 1.909 & Potassium < 1.351) & Magnesium < 2.496) & Phosphate < 0.000)
",-9999999.000,-9999999.000,0.000,0.000,1.000,0,0,0,21,21,0,0,21,0.0,0.0,0.0,0.0,0.0,1.0,-1
"((MAP >= 47.198) U[0,1] (SBP <= 135.853))
",-9999999.000,-9999999.000,0.000,0.000,1.000,0,0,0,21,21,0,0,21,0.0,0.0,0.0,0.0,0.0,1.0,-1
"((FiO2 <= 0.288) U[0,2] (SepsisLabel = 0.000))
",-9999999.000,-9999999.000,0.000,0.000,1.000,0,0,0,21,21,0,0,21,0.0,0.0,0.0,0.0,0.0,1.0,-1
"F[1,2](SepsisLabel <= 0.000 -> SepsisLabel = 0.000)
",-9999999.000,-9999999.000,0.000,0.000,1.000,0,0,0,21,21,0,0,21,0.0,0.0,0.0,0.0,0.0,1.0,-1
"F[0,1](PaCO2 < 23.956 & SepsisLabel = 0.000)
",-9999999.000,-9999999.000,0.000,0.000,1.000,0,0,0,21,21,0,0,21,0.0,0.0,0.0,0.0,0.0,1.0,-1
"((SBP <= 138.766) U[1,2] (SepsisLabel = 0.000))
",-9999999.000,-9999999.000,0.000,0.000,1.000,0,0,0,21,21,0,0,21,0.0,0.0,0.0,0.0,0.0,1.0,-1
"F[0,2](PaCO2 >= 0.302 & SepsisLabel = 0.000)
",-9999999.000,-9999999.000,0.000,0.000,1.000,0,0,0,21,21,0,0,21,0.0,0.0,0.0,0.0,0.0,1.0,-1
"F[1,1](TroponinI >= 0.000 -> SepsisLabel = 0.000)
",0.000,0.000,0.000,0.000,1.000,0,0,0,21,21,0,0,21,0.0,0.0,0.0,0.0,0.0,1.0,-1
"F[1,2](Hct > 0.825 & SepsisLabel = 0.000)
",-9999999.000,-9999999.000,0.000,0.000,1.000,0,0,0,21,21,0,0,21,0.0,0.0,0.0,0.0,0.0,1.0,-1
"F[0,2]((Phosphate >= 0.000 & Magnesium > 0.092) -> Calcium < 4.704)
",-9999999.000,-9999999.000,0.000,0.000,1.000,0,0,0,21,21,0,0,21,0.0,0.0,0.0,0.0,0.0,1.0,-1
"F[1,2]((Calcium <= 5.609 & Potassium <= 3.779) & Magnesium >= 0.072)
",-9999999.000,-9999999.000,0.000,0.000,1.000,0,0,0,21,21,0,0,21,0.0,0.0,0.0,0.0,0.0,1.0,-1
"F[2,2](Hgb <= 6.182 | Hct <= 18.833)
",5300966768796276.000,18.833,0.000,0.000,1.000,0,0,0,21,21,0,0,21,0.0,0.0,0.0,0.0,0.0,1.0,-1
"((MAP >= 37.723) U[0,2] (SBP <= 128.864))
",-9999999.000,-9999999.000,0.000,0.000,1.000,0,0,0,21,21,0,0,21,0.0,0.0,0.0,0.0,0.0,1.0,-1
"F[2,2](((Calcium < 0.638 & Potassium < 3.136) & Magnesium < 1.909) & Phosphate < 0.000)
",0.000,0.000,0.000,0.000,1.000,0,0,0,21,21,0,0,21,0.0,0.0,0.0,0.0,0.0,1.0,-1
"F[1,2]((Calcium <= 7.783 & Potassium <= 4.046) & Magnesium >= 0.073)
",-9999999.000,-9999999.000,0.000,0.000,1.000,0,0,0,21,21,0,0,21,0.0,0.0,0.0,0.0,0.0,1.0,-1
"F[0,1](((DBP <= 46.702 | HCO3 >= 0.000) -> Platelets <= 0.000) -> FiO2 >= 0.000)
",-9999999.000,-9999999.000,0.000,0.000,1.000,0,0,0,21,21,0,0,21,0.0,0.0,0.0,0.0,0.0,1.0,-1
"((Phosphate <= 0.000) U[0,1] (Chloride <= 0.000))
",-9999999.000,-9999999.000,0.000,0.000,1.000,0,0,0,21,21,0,0,21,0.0,0.0,0.0,0.0,0.0,1.0,-1
"F[2,2](Magnesium <= 1.082 & FiO2 >= 0.008)
",-4684851941354446.000,-0.008,0.000,0.000,1.000,0,0,0,21,21,0,0,21,0.0,0.0,0.0,0.0,0.0,1.0,-1
"G[0,2]((Magnesium <= 2.058 -> SaO2 <= 33.911) | TroponinI <= 91.410)
",9999999.000,9999999.000,0.000,1.000,0.000,0,0,21,0,0,21,21,0,0.0,0.0,1.0,0.0,0.0,1.0,1
"G[2,2]((Resp >= 2.157 & SBP >= 19.760) | DBP <= 132.060)
",4646448503894427.000,132.060,0.000,1.000,0.000,0,0,21,0,0,21,21,0,0.0,0.0,1.0,0.0,0.0,1.0,1
"G[0,2](DBP >= 39.189 & HR >= 67.458)
",9999999.000,9999999.000,0.000,1.000,0.000,0,0,16,5,5,16,16,5,0.0,0.0,1.0,0.0,0.0,1.0,1
"G[1,2](((HR >= 38.204 & MAP <= 63.723) | O2Sat <= 81.797) | WBC >= 32.667)
",9999999.000,9999999.000,0.000,1.000,0.000,0,0,5,16,16,5,5,16,0.0,0.0,1.0,0.0,0.0,1.0,1
"G[0,0](BUN <= 14.882 & Creatinine >= 0.014)
",-8104553704766069.000,-0.014,0.000,1.000,0.000,0,0,0,21,21,0,0,21,0.0,0.0,0.0,0.0,0.0,1.0,1
"G[0,2](((Hgb <= 5.680 | Hct <= 23.270) -> WBC >= 0.447) & Platelets >= 2.778)
",9999999.000,9999999.000,0.000,1.000,0.000,0,0,0,21,21,0,0,21,0.0,0.0,0.0,0.0,0.0,1.0,1
"G[1,1](BUN <= 13.623 & Creatinine >= 0.011)
",-6489484348519330.000,-0.011,0.000,1.000,0.000,0,0,0,21,21,0,0,21,0.0,0.0,0.0,0.0,0.0,1.0,1
"G[0,2](((Hgb <= 0.718 | Hct <= 16.756) -> WBC >= 0.532) & Platelets >= 1.913)
",9999999.000,9999999.000,0.000,1.000,0.000,0,0,0,21,21,0,0,21,0.0,0.0,0.0,0.0,0.0,1.0,1
"G[0,2](Platelets <= 18.987 -> WBC >= 0.459)
",9999999.000,9999999.000,0.000,1.000,0.000,0,0,0,21,21,0,0,21,0.0,0.0,0.0,0.0,0.0,1.0,1
"G[0,1](BUN <= 9.906 & Creatinine >= 0.020)
",9999999.000,9999999.000,0.000,1.000,0.000,0,0,0,21,21,0,0,21,0.0,0.0,0.0,0.0,0.0,1.0,1
"G[0,1](Platelets <= 49.573 -> WBC >= 0.585)
",9999999.000,9999999.000,0.000,1.000,0.000,0,0,0,21,21,0,0,21,0.0,0.0,0.0,0.0,0.0,1.0,1
"G[1,2](BUN <= 5.952 & Creatinine >= 0.019)
",9999999.000,9999999.000,0.000,1.000,0.000,0,0,0,21,21,0,0,21,0.0,0.0,0.0,0.0,0.0,1.0,1
"G[1,2](((Hgb <= 4.835 | Hct <= 25.293) -> WBC >= 0.355) & Platelets >= 1.470)
",9999999.000,9999999.000,0.000,1.000,0.000,0,0,1,20,20,1,1,20,0.0,0.0,1.0,0.0,0.0,1.0,1
"G[0,2](Platelets <= 11.083 -> WBC >= 0.417)
",9999999.000,9999999.000,0.000,1.000,0.000,0,0,0,21,21,0,0,21,0.0,0.0,0.0,0.0,0.0,1.0,1
"G[1,2](Chloride >= 0.000 & HCO3 >= 0.000)
",9999999.000,9999999.000,0.000,1.000,0.000,0,0,21,0,0,21,21,0,0.0,0.0,1.0,0.0,0.0,1.0,1
"G[0,1](((Hgb <= 3.701 | Hct <= 6.178) -> WBC >= 0.487) & Platelets >= 4.384)
",9999999.000,9999999.000,0.000,1.000,0.000,0,0,0,21,21,0,0,21,0.0,0.0,0.0,0.0,0.0,1.0,1
"G[2,2](BUN <= 11.733 & Creatinine >= 0.045)
",-0.045,-0.045,0.000,1.000,0.000,0,0,21,0,0,21,21,0,0.0,0.0,1.0,0.0,0.0,1.0,1
"G[0,1](((Hgb <= 1.674 | Hct <= 12.668) -> WBC >= 0.636) & Platelets >= 0.821)
",9999999.000,9999999.000,0.000,1.000,0.000,0,0,0,21,21,0,0,21,0.0,0.0,0.0,0.0,0.0,1.0,1
"G[2,2](Platelets <= 88.751 -> WBC >= 0.492)
",-6245295593943636.000,-88.751,0.000,1.000,0.000,0,0,21,0,0,21,21,0,0.0,0.0,1.0,0.0,0.0,1.0,1
"G[1,1](BUN <= 5.256 & Creatinine >= 0.044)
",-0.044,-0.044,0.000,1.000,0.000,0,0,0,21,21,0,0,21,0.0,0.0,0.0,0.0,0.0,1.0,1
"G[0,2](((Hgb <= 3.546 | Hct <= 14.970) -> WBC >= 0.004) & Platelets >= 4.010)
",9999999.000,9999999.000,0.000,1.000,0.000,0,0,0,21,21,0,0,21,0.0,0.0,0.0,0.0,0.0,1.0,1
"G[0,2](Platelets <= 63.919 -> WBC >= 0.574)
",9999999.000,9999999.000,0.000,1.000,0.000,0,0,0,21,21,0,0,21,0.0,0.0,0.0,0.0,0.0,1.0,1
"G[1,1](BUN <= 12.373 & Creatinine >= 0.048)
",-6899353279759628.000,-0.048,0.000,1.000,0.000,0,0,0,21,21,0,0,21,0.0,0.0,0.0,0.0,0.0,1.0,1
"G[0,1](((Hgb <= 1.648 | Hct <= 14.089) -> WBC >= 0.397) & Platelets >= 0.091)
",9999999.000,9999999.000,0.000,1.000,0.000,0,0,0,21,21,0,0,21,0.0,0.0,0.0,0.0,0.0,1.0,1
"G[1,2](Platelets <= 83.248 -> WBC >= 0.306)
",9999999.000,9999999.000,0.000,1.000,0.000,0,0,1,20,20,1,1,20,0.0,0.0,1.0,0.0,0.0,1.0,1
"G[1,1](BUN <= 6.510 & Creatinine >= 0.048)
",-6942729049603601.000,-0.048,0.000,1.000,0.000,0,0,0,21,21,0,0,21,0.0,0.0,0.0,0.0,0.0,1.0,1
"G[0,1]((Calcium <= 0.637 & Potassium >= 0.227) & Chloride >= 0.138)
",9999999.000,9999999.000,0.000,1.000,0.000,0,0,0,21,21,0,0,21,0.0,0.0,0.0,0.0,0.0,1.0,1
"G[2,2]((Hgb >= 0.334 -> Lactate >= 0.018) -> O2Sat >= 0.019)
",-2534060565840709.500,-0.018,0.000,1.000,0.000,0,0,21,0,0,21,21,0,0.0,0.0,1.0,0.0,0.0,1.0,1
"G[0,2](Chloride >= 0.000 & HCO3 >= 0.000)
",9999999.000,9999999.000,0.000,1.000,0.000,0,0,21,0,0,21,21,0,0.0,0.0,1.0,0.0,0.0,1.0,1
"G[2,2]((BUN >= 0.255 | SaO2 >= 0.606) | AST >= 0.746)
",-2292956439528397.500,-0.255,0.000,1.000,0.000,0,0,21,0,0,21,21,0,0.0,0.0,1.0,0.0,0.0,1.0,1
"G[2,2](Potassium >= 0.223 & WBC >= 0.694)
",-3123608609530957.500,-0.694,0.000,1.000,0.000,0,0,21,0,0,21,21,0,0.0,0.0,1.0,0.0,0.0,1.0,1
"G[1,2]((Calcium >= 0.238 | O2Sat <= 98.084) & Potassium <= 95.066)
",9999999.000,9999999.000,0.000,1.000,0.000,0,0,15,6,6,15,15,6,0.0,0.0,1.0,0.0,0.0,1.0,1
"G[1,2](DBP >= 21.203 -> Magnesium <= 1.748)
",9999999.000,9999999.000,0.000,1.000,0.000,0,0,20,1,1,20,20,1,0.0,0.0,1.0,0.0,0.0,1.0,1
"G[1,2](DBP >= 18.232 | Potassium <= 2.193)
",9999999.000,9999999.000,0.000,1.000,0.000,0,0,21,0,0,21,21,0,0.0,0.0,1.0,0.0,0.0,1.0,1
"G[0,2](Creatinine >= 0.012 -> DBP >= 17.801)
",9999999.000,9999999.000,0.000,1.000,0.000,0,0,21,0,0,21,21,0,0.0,0.0,1.0,0.0,0.0,1.0,1
"G[0,2]((PTT >= 0.000 | Hgb >= 0.374) | Hct <= 3.611)
",9999999.000,9999999.000,0.000,1.000,0.000,0,0,21,0,0,21,21,0,0.0,0.0,1.0,0.0,0.0,1.0,1
"G[1,2](HCO3 <= 0.000 & Calcium >= 0.138)
",9999999.000,9999999.000,0.000,1.000,0.000,0,0,1,20,20,1,1,20,0.0,0.0,1.0,0.0,0.0,1.0,1
"G[0,2](pH <= 2.119 & O2Sat <= 92.257)
",9999999.000,9999999.000,0.000,1.000,0.000,0,0,0,21,21,0,0,21,0.0,0.0,0.0,0.0,0.0,1.0,1
"G[1,2](Bilirubin_total >= 0.000 | Platelets <= 11.225)
",9999999.000,9999999.000,0.000,1.000,0.000,0,0,21,0,0,21,21,0,0.0,0.0,1.0,0.0,0.0,1.0,1
"G[1,2](Lactate >= 0.023 & MAP <= 66.993)
",9999999.000,9999999.000,0.000,1.000,0.000,0,0,0,21,21,0,0,21,0.0,0.0,0.0,0.0,0.0,1.0,1
"G[2,2](((Lactate <= 1.091 | BaseExcess <= 0.000) & PTT >= 0.000) -> Alkalinephos <= 0.000)
",0.000,0.000,0.000,1.000,0.000,0,0,21,0,0,21,21,0,0.0,0.0,1.0,0.0,0.0,1.0,1
"G[2,2]((FiO2 >= 0.001 | SBP <= 143.067) -> Calcium <= 110.817)
",-143.067,-143.067,0.000,1.000,0.000,0,0,21,0,0,21,21,0,0.0,0.0,1.0,0.0,0.0,1.0,1
"G[2,2](HR >= 44.444 | WBC >= 0.331)
",-5971633959437314.000,-0.331,0.000,1.000,0.000,0,0,21,0,0,21,21,0,0.0,0.0,1.0,0.0,0.0,1.0,1
"G[1,2](((Creatinine <= 0.532 & HR <= 99.035) & FiO2 <= 96.138) & SBP <= 99.605)
",9999999.000,9999999.000,0.000,1.000,0.000,0,0,1,20,20,1,1,20,0.0,0.0,1.0,0.0,0.0,1.0,1
"G[2,2]((HR <= 93.037 & Magnesium <= 1.388) -> Platelets <= 1.683)
",-7581686237553934.000,-1.683,0.000,1.000,0.000,0,0,21,0,0,21,21,0,0.0,0.0,1.0,0.0,0.0,1.0,1
"G[1,2]((Hgb >= 0.133 & HR >= 62.248) | FiO2 <= 102.109)
",9999999.000,9999999.000,0.000,1.000,0.000,0,0,21,0,0,21,21,0,0.0,0.0,1.0,0.0,0.0,1.0,1
"G[1,2](((Calcium >= 0.413 -> HR <= 98.398) | Glucose >= 41.339) & Magnesium >= 44.594)
",9999999.000,9999999.000,0.000,1.000,0.000,0,0,0,21,21,0,0,21,0.0,0.0,0.0,0.0,0.0,1.0,1
"G[0,2](((Lactate >= 0.004 & MAP <= 70.085) -> Hct <= 76.165) -> Platelets <= 81.568)
",9999999.000,9999999.000,0.000,1.000,0.000,0,0,19,2,2,19,19,2,0.0,0.0,1.0,0.0,0.0,1.0,1
"G[0,2](((Lactate <= 1.055 | WBC >= 0.403) & Resp <= 11.572) | Glucose >= 0.547)
",9999999.000,9999999.000,0.000,1.000,0.000,0,0,11,10,10,11,11,10,0.0,0.0,1.0,0.0,0.0,1.0,1
"G[0,1](((SaO2 <= 53.771 -> WBC <= 6.630) | Lactate >= 0.210) -> pH >= 0.649)
",9999999.000,9999999.000,0.000,1.000,0.000,0,0,0,21,21,0,0,21,0.0,0.0,0.0,0.0,0.0,1.0,1
"G[1,1](((pH >= 0.056 -> Platelets <= 10.055) & EtCO2 >= 3.289) & BaseExcess <= 83.013)
",-10.055,-10.055,0.000,1.000,0.000,0,0,0,21,21,0,0,21,0.0,0.0,0.0,0.0,0.0,1.0,1
"G[0,1](Platelets <= 46.194 -> WBC >= 0.695)
",9999999.000,9999999.000,0.000,1.000,0.000,0,0,0,21,21,0,0,21,0.0,0.0,0.0,0.0,0.0,1.0,1
"G[0,2]((Lactate >= 0.024 -> Platelets >= 4.547) -> BUN >= 0.880)
",9999999.000,9999999.000,0.000,1.000,0.000,0,0,0,21,21,0,0,21,0.0,0.0,0.0,0.0,0.0,1.0,1
"G[0,2](FiO2 >= 0.005 | O2Sat >= 55.246)
",9999999.000,9999999.000,0.000,1.000,0.000,0,0,18,3,3,18,18,3,0.0,0.0,1.0,0.0,0.0,1.0,1
"G[0,2]((O2Sat >= 78.312 -> SaO2 <= 3.717) & Chloride >= 0.340)
",9999999.000,9999999.000,0.000,1.000,0.000,0,0,0,21,21,0,0,21,0.0,0.0,0.0,0.0,0.0,1.0,1
"G[0,2](((Hgb <= 4.898 | Hct <= 24.389) -> WBC >= 0.744) & Platelets >= 2.521)
",9999999.000,9999999.000,0.000,1.000,0.000,0,0,0,21,21,0,0,21,0.0,0.0,0.0,0.0,0.0,1.0,1
"G[1,2]((pH <= 4.591 & Glucose <= 122.229) | BaseExcess <= 176.518)
",9999999.000,9999999.000,0.000,1.000,0.000,0,0,21,0,0,21,21,0,0.0,0.0,1.0,0.0,0.0,1.0,1
"G[2,2](((Glucose <= 134.703 | Temp >= 25.669) & Hgb <= 34.230) | HR >= 32.260)
",4817403629318715.000,34.230,0.000,1.000,0.000,0,0,21,0,0,21,21,0,0.0,0.0,1.0,0.0,0.0,1.0,1
"G[1,2]((TroponinI <= 0.000 -> Bilirubin_total >= 0.000) -> Alkalinephos >= 0.000)
",9999999.000,9999999.000,0.000,1.000,0.000,0,0,21,0,0,21,21,0,0.0,0.0,1.0,0.0,0.0,1.0,1
"G[1,2](((SepsisLabel >= 0.000 | Chloride >= 0.000) | Lactate >= 0.000) & Resp <= 0.000)
",9999999.000,9999999.000,0.000,1.000,0.000,0,0,1,20,20,1,1,20,0.0,0.0,1.0,0.0,0.0,1.0,1
"G[0,2]((DBP >= 31.808 & EtCO2 >= 0.000) -> Temp <= 0.000)
",9999999.000,9999999.000,0.000,1.000,0.000,0,0,0,21,21,0,0,21,0.0,0.0,0.0,0.0,0.0,1.0,1
"G[0,1]((FiO2 <= 0.326 | Potassium >= 0.213) & PTT >= 0.115)
",9999999.000,9999999.000,0.000,1.000,0.000,0,0,0,21,21,0,0,21,0.0,0.0,0.0,0.0,0.0,1.0,1
"G[0,2]((Alkalinephos <= 0.000 & HR <= 91.265) | MAP <= 90.790)
",9999999.000,9999999.000,0.000,1.000,0.000,0,0,21,0,0,21,21,0,0.0,0.0,1.0,0.0,0.0,1.0,1
"G[0,2]((Magnesium <= 2.310 | Chloride <= 0.000) & BaseExcess <= 0.000)
",9999999.000,9999999.000,0.000,1.000,0.000,0,0,21,0,0,21,21,0,0.0,0.0,1.0,0.0,0.0,1.0,1
"G[0,1](((Phosphate <= 0.000 & pH >= 0.128) & MAP <= 4.527) & HR <= 5.700)
",9999999.000,9999999.000,0.000,1.000,0.000,0,0,0,21,21,0,0,21,0.0,0.0,0.0,0.0,0.0,1.0,1
"G[1,2](((DBP >= 29.985 | Bilirubin_direct >= 0.000) & PTT <= 0.000) -> BUN >= 0.000)
",9999999.000,9999999.000,0.000,1.000,0.000,0,0,21,0,0,21,21,0,0.0,0.0,1.0,0.0,0.0,1.0,1
"G[0,1](Potassium >= 0.191 | Hgb >= 0.300)
",9999999.000,9999999.000,0.000,1.000,0.000,0,0,0,21,21,0,0,21,0.0,0.0,0.0,0.0,0.0,1.0,1
"G[0,2](((Phosphate >= 0.000 | Hgb >= 0.227) & Creatinine <= 0.867) | MAP <= 8.676)
",9999999.000,9999999.000,0.000,1.000,0.000,0,0,19,2,2,19,19,2,0.0,0.0,1.0,0.0,0.0,1.0,1
"G[0,2]((AST <= 0.000 & Magnesium <= 1.640) & DBP >= 0.020)
",9999999.000,9999999.000,0.000,1.000,0.000,0,0,16,5,5,16,16,5,0.0,0.0,1.0,0.0,0.0,1.0,1
"G[0,2]((Hct <= 21.763 -> HR >= 3.432) -> pH <= 97.416)
",9999999.000,9999999.000,0.000,1.000,0.000,0,0,21,0,0,21,21,0,0.0,0.0,1.0,0.0,0.0,1.0,1
"G[0,1](((SaO2 >= 0.365 & WBC <= 15.585) | SepsisLabel <= 10.420) -> SaO2 >= 0.400)
",9999999.000,9999999.000,0.000,1.000,0.000,0,0,0,21,21,0,0,21,0.0,0.0,0.0,0.0,0.0,1.0,1
"G[0,2](SepsisLabel >= 0.000 & Alkalinephos <= 0.000)
",9999999.000,9999999.000,0.000,1.000,0.000,0,0,21,0,0,21,21,0,0.0,0.0,1.0,0.0,0.0,1.0,1
"G[1,2](((Magnesium <= 0.456 & PTT <= 0.000) & DBP <= 0.000) & BaseExcess >= 0.000)
",9999999.000,9999999.000,0.000,1.000,0.000,0,0,1,20,20,1,1,20,0.0,0.0,1.0,0.0,0.0,1.0,1
"G[2,2](((EtCO2 >= 0.000 & SBP >= 95.886) -> Bilirubin_direct <= 129.651) & WBC >= 25.563)
",-2280844463209037.500,-129.651,0.000,1.000,0.000,0,0,21,0,0,21,21,0,0.0,0.0,1.0,0.0,0.0,1.0,1
"G[1,2](((Calcium <= 2.769 -> BaseExcess >= 0.000) -> pH >= 0.000) | Phosphate <= 0.000)
",9999999.000,9999999.000,0.000,1.000,0.000,0,0,21,0,0,21,21,0,0.0,0.0,1.0,0.0,0.0,1.0,1
"G[0,2](Phosphate <= 0.000 -> Hct >= 0.379)
",9999999.000,9999999.000,0.000,1.000,0.000,0,0,0,21,21,0,0,21,0.0,0.0,0.0,0.0,0.0,1.0,1
"G[0,2](((O2Sat >= 17.202 | pH <= 6.666) | EtCO2 <= 6.149) | Bilirubin_total <= 2.167)
",9999999.000,9999999.000,0.000,1.000,0.000,0,0,21,0,0,21,21,0,0.0,0.0,1.0,0.0,0.0,1.0,1
"G[0,2]((FiO2 <= 0.204 & AST <= 0.000) | BUN >= 0.000)
",9999999.000,9999999.000,0.000,1.000,0.000,0,0,21,0,0,21,21,0,0.0,0.0,1.0,0.0,0.0,1.0,1
"G[0,1]((Potassium <= 1.816 & FiO2 >= 0.006) & Fibrinogen <= 0.144)
",9999999.000,9999999.000,0.000,1.000,0.000,0,0,0,21,21,0,0,21,0.0,0.0,0.0,0.0,0.0,1.0,1
"G[0,2](((SepsisLabel >= 0.000 & SBP <= 140.658) | pH <= 127.563) -> EtCO2 >= 107.128)
",9999999.000,9999999.000,0.000,1.000,0.000,0,0,0,21,21,0,0,21,0.0,0.0,0.0,0.0,0.0,1.0,1
"G[0,2](((Resp >= 10.989 -> EtCO2 <= 0.000) -> Alkalinephos >= 0.000) -> PaCO2 >= 0.000)
",9999999.000,9999999.000,0.000,1.000,0.000,0,0,21,0,0,21,21,0,0.0,0.0,1.0,0.0,0.0,1.0,1
"G[1,2](((PaCO2 <= 3.657 | PTT >= 0.000) -> Potassium <= 0.000) & pH <= 0.000)
",9999999.000,9999999.000,0.000,1.000,0.000,0,0,20,1,1,20,20,1,0.0,0.0,1.0,0.0,0.0,1.0,1
"G[1,2](Lactate >= 0.040 | Bilirubin_direct <= 0.000)
",9999999.000,9999999.000,0.000,1.000,0.000,0,0,21,0,0,21,21,0,0.0,0.0,1.0,0.0,0.0,1.0,1
"G[2,2](Hgb >= 0.195 | Hct <= 13.555)
",7630608649504670.000,13.555,0.000,1.000,0.000,0,0,21,0,0,21,21,0,0.0,0.0,1.0,0.0,0.0,1.0,1
"G[1,2]((HCO3 <= 0.000 -> TroponinI <= 0.000) & Bilirubin_direct >= 0.000)
",9999999.000,9999999.000,0.000,1.000,0.000,0,0,21,0,0,21,21,0,0.0,0.0,1.0,0.0,0.0,1.0,1
"G[2,2](((PaCO2 >= 0.276 & Platelets >= 4.194) -> Hct >= 0.499) -> Hct >= 4.571)
",-8982359417187523.000,-0.499,0.000,1.000,0.000,0,0,21,0,0,21,21,0,0.0,0.0,1.0,0.0,0.0,1.0,1
"G[1,2](Platelets <= 31.067 -> WBC >= 0.575)
",9999999.000,9999999.000,0.000,1.000,0.000,0,0,1,20,20,1,1,20,0.0,0.0,1.0,0.0,0.0,1.0,1
"G[0,2](((Phosphate <= 0.000 | MAP <= 80.657) & Bilirubin_total >= 45.792) & BUN >= 6.166)
",9999999.000,9999999.000,0.000,1.000,0.000,0,0,0,21,21,0,0,21,0.0,0.0,0.0,0.0,0.0,1.0,1
"G[1,2](BUN <= 16.303 & Creatinine >= 0.013)
",9999999.000,9999999.000,0.000,1.000,0.000,0,0,0,21,21,0,0,21,0.0,0.0,0.0,0.0,0.0,1.0,1
"G[2,2](((DBP >= 21.588 | Temp <= 35.290) | SaO2 >= 18.294) -> Magnesium <= 36.842)
",-2592497525375490.500,-36.842,0.000,1.000,0.000,0,0,21,0,0,21,21,0,0.0,0.0,1.0,0.0,0.0,1.0,1
"G[1,2](DBP >= 23.142 | O2Sat <= 94.491)
",9999999.000,9999999.000,0.000,1.000,0.000,0,0,21,0,0,21,21,0,0.0,0.0,1.0,0.0,0.0,1.0,1
"G[0,2](O2Sat <= 92.617 -> SBP >= 87.073)
",9999999.000,9999999.000,0.000,1.000,0.000,0,0,18,3,3,18,18,3,0.0,0.0,1.0,0.0,0.0,1.0,1
"G[2,2]((MAP <= 77.909 -> O2Sat <= 99.882) | Bilirubin_total <= 90.033)
",6335477308447892.000,90.033,0.000,1.000,0.000,0,0,21,0,0,21,21,0,0.0,0.0,1.0,0.0,0.0,1.0,1
"G[1,2](((HR <= 94.169 -> Temp <= 36.770) | Bilirubin_total >= 23.233) -> Chloride >= 32.232)
",9999999.000,9999999.000,0.000,1.000,0.000,0,0,5,16,16,5,5,16,0.0,0.0,1.0,0.0,0.0,1.0,1
"G[1,2](Magnesium <= 2.418 & WBC >= 0.533)
",9999999.000,9999999.000,0.000,1.000,0.000,0,0,1,20,20,1,1,20,0.0,0.0,1.0,0.0,0.0,1.0,1
"G[1,2](((BUN <= 6.887 -> Calcium >= 0.253) | Magnesium >= 0.267) & O2Sat >= 0.112)
",9999999.000,9999999.000,0.000,1.000,0.000,0,0,1,20,20,1,1,20,0.0,0.0,1.0,0.0,0.0,1.0,1
"G[0,2](((Creatinine <= 0.537 & WBC <= 7.522) -> Alkalinephos >= 0.500) -> Fibrinogen >= 0.516)
",9999999.000,9999999.000,0.000,1.000,0.000,0,0,19,2,2,19,19,2,0.0,0.0,1.0,0.0,0.0,1.0,1
"G[0,0](((Creatinine >= 0.032 & Hgb <= 0.893) & SaO2 <= 5.816) & Hgb <= 7.478)
",-0.324,-3.043,0.000,1.000,0.000,0,0,0,21,21,0,0,21,0.0,0.0,0.0,0.0,0.0,1.0,1
"G[1,2](((Calcium <= 5.311 -> Magnesium <= 1.808) | MAP >= 0.010) -> SaO2 >= 0.083)
",9999999.000,9999999.000,0.000,1.000,0.000,0,0,0,21,21,0,0,21,0.0,0.0,0.0,0.0,0.0,1.0,1
"G[0,1](((Hgb >= 0.277 -> Platelets <= 17.629) | Hct <= 41.865) & Alkalinephos >= 2.221)
",9999999.000,9999999.000,0.000,1.000,0.000,0,0,0,21,21,0,0,21,0.0,0.0,0.0,0.0,0.0,1.0,1
"G[2,2](((pH >= 0.045 | SaO2 >= 0.237) | HCO3 <= 36.226) -> Magnesium <= 35.360)
",-36.226,-36.226,0.000,1.000,0.000,0,0,21,0,0,21,21,0,0.0,0.0,1.0,0.0,0.0,1.0,1
"G[1,2](FiO2 >= 0.002 -> SaO2 >= 2.136)
",9999999.000,9999999.000,0.000,1.000,0.000,0,0,21,0,0,21,21,0,0.0,0.0,1.0,0.0,0.0,1.0,1
"G[2,2]((FiO2 <= 0.330 | PaCO2 >= 0.101) & TroponinI <= 8.054)
",2971740094267146.500,0.330,0.000,1.000,0.000,0,0,21,0,0,21,21,0,0.0,0.0,1.0,0.0,0.0,1.0,1
"G[0,2](((Lactate >= 0.005 -> Lactate >= 0.003) & Alkalinephos <= 1.320) & WBC >= 0.028)
",9999999.000,9999999.000,0.000,1.000,0.000,0,0,0,21,21,0,0,21,0.0,0.0,0.0,0.0,0.0,1.0,1
"G[1,2](Hct < 11.993 -> SepsisLabel = 0.000)
",9999999.000,9999999.000,0.000,1.000,0.000,0,0,21,0,0,21,21,0,0.0,0.0,1.0,0.0,0.0,1.0,1
"G[2,2](Glucose <= 175.718 -> SepsisLabel = 0.000)
",-175.718,-175.718,0.000,1.000,0.000,0,0,21,0,0,21,21,0,0.0,0.0,1.0,0.0,0.0,1.0,1
"G[2,2](Hgb >= 0.186 & SepsisLabel = 0.000)
",-0.186,-0.186,0.000,1.000,0.000,0,0,21,0,0,21,21,0,0.0,0.0,1.0,0.0,0.0,1.0,1
"G[0,2](Platelets >= 0.058 & SepsisLabel = 0.000)
",9999999.000,9999999.000,0.000,1.000,0.000,0,0,0,21,21,0,0,21,0.0,0.0,0.0,0.0,0.0,1.0,1
"G[1,2](Potassium >= 0.215 & SepsisLabel = 0.000)
",9999999.000,9999999.000,0.000,1.000,0.000,0,0,1,20,20,1,1,20,0.0,0.0,1.0,0.0,0.0,1.0,1
"G[0,2](Alkalinephos >= 0.000 -> SepsisLabel = 0.000)
",9999999.000,9999999.000,0.000,1.000,0.000,0,0,21,0,0,21,21,0,0.0,0.0,1.0,0.0,0.0,1.0,1
"G[1,2](HCO3 > 0.000 -> SepsisLabel = 0.000)
",9999999.000,9999999.000,0.000,1.000,0.000,0,0,21,0,0,21,21,0,0.0,0.0,1.0,0.0,0.0,1.0,1
"G[0,2](Temp >= 9.876 -> SepsisLabel = 0.000)
",9999999.000,9999999.000,0.000,1.000,0.000,0,0,21,0,0,21,21,0,0.0,0.0,1.0,0.0,0.0,1.0,1
"G[2,2](((Hgb <= 6.698 | Hct <= 27.601) -> WBC >= 0.315) & Platelets >= 3.178)
",-3884481320734153.000,-27.601,0.000,1.000,0.000,0,0,21,0,0,21,21,0,0.0,0.0,1.0,0.0,0.0,1.0,1
"G[1,2]((Lactate <= 1.053 -> Potassium >= 0.012) | Platelets <= 1.831)
",9999999.000,9999999.000,0.000,1.000,0.000,0,0,21,0,0,21,21,0,0.0,0.0,1.0,0.0,0.0,1.0,1
"G[0,2](((Glucose <= 129.837 | Potassium <= 3.172) & SBP >= 0.175) -> Alkalinephos >= 0.047)
",9999999.000,9999999.000,0.000,1.000,0.000,0,0,0,21,21,0,0,21,0.0,0.0,0.0,0.0,0.0,1.0,1
"F[2,2](Glucose <= 95.949 -> WBC >= 0.485)
",-3375920379963202.000,-95.949,0.000,0.000,1.000,0,0,0,21,21,0,0,21,0.0,0.0,0.0,0.0,0.0,1.0,-1
"F[1,1]((Creatinine <= 0.195 & HCO3 <= 0.000) -> Magnesium <= 0.000)
",0.000,0.000,0.000,0.000,1.000,0,0,0,21,21,0,0,21,0.0,0.0,0.0,0.0,0.0,1.0,-1
"F[1,1]((FiO2 >= 0.009 -> FiO2 <= 0.243) | Glucose <= 0.319)
",0.319,0.319,0.000,0.000,1.000,0,0,0,21,21,0,0,21,0.0,0.0,0.0,0.0,0.0,1.0,-1
"F[1,2]((Alkalinephos <= 0.000 | Phosphate >= 0.000) & PaCO2 >= 0.000)
",-9999999.000,-9999999.000,0.000,0.000,1.000,0,0,0,21,21,0,0,21,0.0,0.0,0.0,0.0,0.0,1.0,-1
"F[2,2]((Lactate <= 0.295 & Phosphate >= 0.000) -> O2Sat >= 0.000)
",0.000,0.000,0.000,0.000,1.000,0,0,0,21,21,0,0,21,0.0,0.0,0.0,0.0,0.0,1.0,-1
"F[1,2](Bilirubin_direct >= 0.000 & BaseExcess >= 0.000)
",-9999999.000,-9999999.000,0.000,0.000,1.000,0,0,0,21,21,0,0,21,0.0,0.0,0.0,0.0,0.0,1.0,-1
"F[0,0](((Temp >= 26.787 -> HCO3 >= 0.000) & Chloride >= 0.000) | Hct >= 0.000)
",0.000,0.000,0.000,0.000,1.000,0,0,0,21,21,0,0,21,0.0,0.0,0.0,0.0,0.0,1.0,-1
"F[0,2](DBP <= 51.385 -> Resp >= 5.455)
",-9999999.000,-9999999.000,0.000,0.000,1.000,0,0,0,21,21,0,0,21,0.0,0.0,0.0,0.0,0.0,1.0,-1
"F[1,1]((HR <= 94.832 | Phosphate <= 0.000) -> PTT >= 0.000)
",-6673181865274414.000,-94.832,0.000,0.000,1.000,0,0,0,21,21,0,0,21,0.0,0.0,0.0,0.0,0.0,1.0,-1
"((Phosphate >= 0.000) U[0,1] (pH <= 3.301))
",-9999999.000,-9999999.000,0.000,0.000,1.000,0,0,0,21,21,0,0,21,0.0,0.0,0.0,0.0,0.0,1.0,-1
"F[0,1](((Resp >= 13.424 -> HCO3 <= 0.000) & WBC >= 0.000) | Glucose <= 0.000)
",-9999999.000,-9999999.000,0.000,0.000,1.000,0,0,0,21,21,0,0,21,0.0,0.0,0.0,0.0,0.0,1.0,-1
"F[1,2](((Hgb <= 4.175 | Alkalinephos >= 0.000) & PaCO2 <= 0.000) -> EtCO2 <= 0.000)
",-9999999.000,-9999999.000,0.000,0.000,1.000,0,0,0,21,21,0,0,21,0.0,0.0,0.0,0.0,0.0,1.0,-1
"F[0,1](Hgb <= 3.422 | Hct <= 19.615)
",-9999999.000,-9999999.000,0.000,0.000,1.000,0,0,0,21,21,0,0,21,0.0,0.0,0.0,0.0,0.0,1.0,-1
"F[2,2](Hct <= 21.751 & Glucose >= 70.098)
",-70.098,-70.098,0.000,0.000,1.000,0,0,0,21,21,0,0,21,0.0,0.0,0.0,0.0,0.0,1.0,-1
"F[0,1]((Fibrinogen >= 0.000 | MAP >= 29.368) & Hct <= 66.398)
",-9999999.000,-9999999.000,0.000,0.000,1.000,0,0,0,21,21,0,0,21,0.0,0.0,0.0,0.0,0.0,1.0,-1
"F[0,0]((WBC <= 11.640 | Bilirubin_total <= 0.000) & TroponinI <= 0.000)
",0.000,0.000,0.000,0.000,1.000,0,0,0,21,21,0,0,21,0.0,0.0,0.0,0.0,0.0,1.0,-1
"F[0,2]((pH <= 1.065 & BaseExcess <= 0.000) | Alkalinephos <= 0.000)
",-9999999.000,-9999999.000,0.000,0.000,1.000,0,0,0,21,21,0,0,21,0.0,0.0,0.0,0.0,0.0,1.0,-1
"F[0,2]((Temp >= 2.141 -> SBP >= 65.163) -> SaO2 >= 99.999)
",-9999999.000,-9999999.000,0.000,0.000,1.000,0,0,0,21,21,0,0,21,0.0,0.0,0.0,0.0,0.0,1.0,-1
"((Fibrinogen >= 0.000) U[1,1] (PTT >= 0.000))
",0.000,0.000,0.000,0.000,1.000,0,0,0,21,21,0,0,21,0.0,0.0,0.0,0.0,0.0,1.0,-1
"F[0,2](((BaseExcess >= 0.000 -> Creatinine <= 0.286) -> SepsisLabel <= 0.055) -> Bilirubin_total >= 0.039)
",-9999999.000,-9999999.000,0.000,0.000,1.000,0,0,0,21,21,0,0,21,0.0,0.0,0.0,0.0,0.0,1.0,-1
"F[0,2]((HCO3 >= 0.000 | pH >= 0.063) | Glucose >= 0.126)
",-9999999.000,-9999999.000,0.000,0.000,1.000,0,0,0,21,21,0,0,21,0.0,0.0,0.0,0.0,0.0,1.0,-1
"F[1,2](Magnesium <= 1.230 | Creatinine >= 0.026)
",-9999999.000,-9999999.000,0.000,0.000,1.000,0,0,0,21,21,0,0,21,0.0,0.0,0.0,0.0,0.0,1.0,-1
"F[1,2]((Platelets <= 86.175 -> DBP <= 45.492) | Lactate >= 9.650)
",-9999999.000,-9999999.000,0.000,0.000,1.000,0,0,0,21,21,0,0,21,0.0,0.0,0.0,0.0,0.0,1.0,-1
"F[1,2](WBC <= 8.954 | Phosphate >= 0.000)
",-9999999.000,-9999999.000,0.000,0.000,1.000,0,0,0,21,21,0,0,21,0.0,0.0,0.0,0.0,0.0,1.0,-1
"((SepsisLabel >= 0.000) U[1,2] (Hct >= 1.103))
",-9999999.000,-9999999.000,0.000,0.000,1.000,0,0,0,21,21,0,0,21,0.0,0.0,0.0,0.0,0.0,1.0,-1
"F[1,2](((Bilirubin_direct >= 0.000 | Phosphate >= 0.000) -> MAP >= 0.000) & Alkalinephos <= 0.000)
",-9999999.000,-9999999.000,0.000,0.000,1.000,0,0,0,21,21,0,0,21,0.0,0.0,0.0,0.0,0.0,1.0,-1
"((PTT <= 0.000) U[0,2] (HCO3 >= 0.000))
",-9999999.000,-9999999.000,0.000,0.000,1.000,0,0,0,21,21,0,0,21,0.0,0.0,0.0,0.0,0.0,1.0,-1
"((MAP <= 74.003) U[2,2] (Hct >= 0.547))
",5207481183642478.000,74.003,0.000,0.000,1.000,0,0,0,21,21,0,0,21,0.0,0.0,0.0,0.0,0.0,1.0,-1
"F[1,2]((pH >= 0.088 -> SepsisLabel <= 0.000) -> PTT <= 0.000)
",-9999999.000,-9999999.000,0.000,0.000,1.000,0,0,0,21,21,0,0,21,0.0,0.0,0.0,0.0,0.0,1.0,-1
"G[0,2]((Alkalinephos >= 0.000 | PaCO2 <= 7.023) | Temp >= 0.282)
",9999999.000,9999999.000,0.000,1.000,0.000,0,0,21,0,0,21,21,0,0.0,0.0,1.0,0.0,0.0,1.0,1
"F[0,1](PaCO2 >= 0.092 | Bilirubin_direct >= 0.000)
",-9999999.000,-9999999.000,0.000,0.000,1.000,0,0,0,21,21,0,0,21,0.0,0.0,0.0,0.0,0.0,1.0,-1
"F[0,1](((TroponinI <= 0.000 -> PaCO2 >= 0.045) -> Platelets >= 0.755) | HR <= 5.053)
",-9999999.000,-9999999.000,0.000,0.000,1.000,0,0,0,21,21,0,0,21,0.0,0.0,0.0,0.0,0.0,1.0,-1
"((Glucose >= 91.081) U[0,1] (pH <= 2.730))
",-9999999.000,-9999999.000,0.000,0.000,1.000,0,0,0,21,21,0,0,21,0.0,0.0,0.0,0.0,0.0,1.0,-1
"((Bilirubin_direct <= 0.000) U[0,0] (Fibrinogen >= 0.000))
",0.224,0.638,0.000,0.000,1.000,0,0,0,21,21,0,0,21,0.0,0.0,0.0,0.0,0.0,1.0,-1
"F[0,2](WBC <= 8.669 | BUN >= 0.316)
",-9999999.000,-9999999.000,0.000,0.000,1.000,0,0,0,21,21,0,0,21,0.0,0.0,0.0,0.0,0.0,1.0,-1
"F[1,1](((PaCO2 >= 0.518 & HR >= 10.229) -> BaseExcess <= 93.307) | DBP <= 98.564)
",98.564,98.564,0.000,0.000,1.000,0,0,0,21,21,0,0,21,0.0,0.0,0.0,0.0,0.0,1.0,-1
"F[2,2]((Calcium >= 0.227 | pH >= 0.038) & DBP >= 0.047)
",-6713029510530068.000,-0.047,0.000,0.000,1.000,0,0,0,21,21,0,0,21,0.0,0.0,0.0,0.0,0.0,1.0,-1
"F[1,2](WBC >= 0.687 & DBP <= 48.457)
",-9999999.000,-9999999.000,0.000,0.000,1.000,0,0,0,21,21,0,0,21,0.0,0.0,0.0,0.0,0.0,1.0,-1
"F[0,1](SaO2 <= 72.197 | MAP >= 22.469)
",-9999999.000,-9999999.000,0.000,0.000,1.000,0,0,0,21,21,0,0,21,0.0,0.0,0.0,0.0,0.0,1.0,-1
"F[0,2]((Resp <= 19.431 -> O2Sat <= 94.953) & PTT >= 53.812)
",-9999999.000,-9999999.000,0.000,0.000,1.000,0,0,0,21,21,0,0,21,0.0,0.0,0.0,0.0,0.0,1.0,-1
"F[1,1](Alkalinephos >= 0.000 | BUN >= 0.680)
",0.000,0.000,0.000,0.000,1.000,0,0,0,21,21,0,0,21,0.0,0.0,0.0,0.0,0.0,1.0,-1
"F[1,1]((EtCO2 <= 0.000 & SaO2 >= 1.388) | AST <= 45.799)
",45.799,45.799,0.000,0.000,1.000,0,0,0,21,21,0,0,21,0.0,0.0,0.0,0.0,0.0,1.0,-1
"F[0,0](((Lactate >= 0.027 | TroponinI <= 0.000) & AST >= 0.000) | Potassium >= 0.000)
",0.224,4.462,0.000,0.000,1.000,0,0,0,21,21,0,0,21,0.0,0.0,0.0,0.0,0.0,1.0,-1
"((Glucose >= 34.410) U[2,2] (PTT <= 0.000))
",0.000,0.000,0.000,0.000,1.000,0,0,0,21,21,0,0,21,0.0,0.0,0.0,0.0,0.0,1.0,-1
"F[0,1]((Potassium <= 3.064 & Chloride <= 0.000) & Bilirubin_total >= 0.000)
",-9999999.000,-9999999.000,0.000,0.000,1.000,0,0,0,21,21,0,0,21,0.0,0.0,0.0,0.0,0.0,1.0,-1
"F[1,1](((PTT <= 0.000 | EtCO2 >= 0.000) | BaseExcess <= 0.000) -> pH >= 0.000)
",0.000,0.000,0.000,0.000,1.000,0,0,0,21,21,0,0,21,0.0,0.0,0.0,0.0,0.0,1.0,-1
"F[0,2]((SBP <= 116.122 | PTT >= 0.000) | Bilirubin_direct >= 0.000)
",-9999999.000,-9999999.000,0.000,0.000,1.000,0,0,0,21,21,0,0,21,0.0,0.0,0.0,0.0,0.0,1.0,-1
"F[0,1](PTT >= 0.000 | BaseExcess <= 0.000)
",-9999999.000,-9999999.000,0.000,0.000,1.000,0,0,0,21,21,0,0,21,0.0,0.0,0.0,0.0,0.0,1.0,-1
"F[1,1](Resp >= 2.588 | Fibrinogen >= 0.000)
",0.000,0.000,0.000,0.000,1.000,0,0,0,21,21,0,0,21,0.0,0.0,0.0,0.0,0.0,1.0,-1
"F[0,2](((Resp <= 19.085 & PaCO2 >= 0.279) -> Hct <= 8.977) & HCO3 >= 0.444)
",-9999999.000,-9999999.000,0.000,0.000,1.000,0,0,0,21,21,0,0,21,0.0,0.0,0.0,0.0,0.0,1.0,-1
"G[1,2](DBP <= 54.104 | pH >= 0.142)
",9999999.000,9999999.000,0.000,1.000,0.000,0,0,20,1,1,20,20,1,0.0,0.0,1.0,0.0,0.0,1.0,1
"((SaO2 <= 18.799) U[0,1] (AST >= 0.000))
",-9999999.000,-9999999.000,0.000,0.000,1.000,0,0,0,21,21,0,0,21,0.0,0.0,0.0,0.0,0.0,1.0,-1
"((MAP >= 35.717) U[0,2] (BUN >= 0.165))
",-9999999.000,-9999999.000,0.000,0.000,1.000,0,0,0,21,21,0,0,21,0.0,0.0,0.0,0.0,0.0,1.0,-1
"F[0,2]((Bilirubin_direct >= 0.000 -> WBC >= 0.489) -> EtCO2 <= 2.043)
",-9999999.000,-9999999.000,0.000,0.000,1.000,0,0,0,21,21,0,0,21,0.0,0.0,0.0,0.0,0.0,1.0,-1
"F[0,1]((Fibrinogen <= 0.000 & Fibrinogen >= 0.000) -> SepsisLabel >= 0.000)
",-9999999.000,-9999999.000,0.000,0.000,1.000,0,0,0,21,21,0,0,21,0.0,0.0,0.0,0.0,0.0,1.0,-1
"F[2,2]((O2Sat <= 95.136 & AST >= 0.000) -> PaCO2 <= 0.000)
",0.000,0.000,0.000,0.000,1.000,0,0,0,21,21,0,0,21,0.0,0.0,0.0,0.0,0.0,1.0,-1
"G[0,2](SBP >= 32.271 | Lactate >= 0.027)
",9999999.000,9999999.000,0.000,1.000,0.000,0,0,18,3,3,18,18,3,0.0,0.0,1.0,0.0,0.0,1.0,1
"G[1,2](((Temp >= 5.915 -> Potassium >= 0.266) -> Creatinine <= 3.358) | Fibrinogen <= 0.392)
",9999999.000,9999999.000,0.000,1.000,0.000,0,0,21,0,0,21,21,0,0.0,0.0,1.0,0.0,0.0,1.0,1
"G[1,2](((Glucose <= 126.054 -> SBP <= 132.295) -> Calcium >= 69.574) | AST <= 128.508)
",9999999.000,9999999.000,0.000,1.000,0.000,0,0,21,0,0,21,21,0,0.0,0.0,1.0,0.0,0.0,1.0,1
"G[0,2](((HCO3 <= 0.000 | Bilirubin_total <= 0.000) -> Phosphate >= 0.000) -> Temp <= 0.000)
",9999999.000,9999999.000,0.000,1.000,0.000,0,0,0,21,21,0,0,21,0.0,0.0,0.0,0.0,0.0,1.0,1
"G[2,2](((Bilirubin_total <= 0.000 -> HCO3 >= 0.000) | Calcium >= 0.000) -> AST >= 0.000)
",0.000,0.000,0.000,1.000,0.000,0,0,21,0,0,21,21,0,0.0,0.0,1.0,0.0,0.0,1.0,1
"G[0,2](DBP <= 44.494 -> Lactate <= 0.720)
",9999999.000,9999999.000,0.000,1.000,0.000,0,0,20,1,1,20,20,1,0.0,0.0,1.0,0.0,0.0,1.0,1
"G[0,2](Hct >= 0.617 & Fibrinogen >= 0.000)
",9999999.000,9999999.000,0.000,1.000,0.000,0,0,0,21,21,0,0,21,0.0,0.0,0.0,0.0,0.0,1.0,1
"G[0,2]((Bilirubin_total <= 0.000 & Alkalinephos <= 0.000) -> Fibrinogen >= 0.000)
",9999999.000,9999999.000,0.000,1.000,0.000,0,0,21,0,0,21,21,0,0.0,0.0,1.0,0.0,0.0,1.0,1
"G[0,2](((Bilirubin_total <= 0.000 & WBC >= 0.670) | Alkalinephos <= 14.488) | FiO2 >= 0.579)
",9999999.000,9999999.000,0.000,1.000,0.000,0,0,21,0,0,21,21,0,0.0,0.0,1.0,0.0,0.0,1.0,1
"G[1,2]((Potassium <= 1.732 -> BaseExcess <= 0.000) & Calcium <= 0.000)
",9999999.000,9999999.000,0.000,1.000,0.000,0,0,20,1,1,20,20,1,0.0,0.0,1.0,0.0,0.0,1.0,1
"G[0,2]((Calcium >= 0.011 & Alkalinephos <= 0.000) -> DBP >= 0.000)
",9999999.000,9999999.000,0.000,1.000,0.000,0,0,21,0,0,21,21,0,0.0,0.0,1.0,0.0,0.0,1.0,1
"G[1,2]((PaCO2 >= 0.081 & Glucose >= 18.272) & EtCO2 <= 171.060)
",9999999.000,9999999.000,0.000,1.000,0.000,0,0,0,21,21,0,0,21,0.0,0.0,0.0,0.0,0.0,1.0,1
"G[1,2](Hgb >= 0.193 & SBP <= 140.381)
",9999999.000,9999999.000,0.000,1.000,0.000,0,0,1,20,20,1,1,20,0.0,0.0,1.0,0.0,0.0,1.0,1
"G[0,1](Magnesium >= 0.061 & MAP >= 36.814)
",9999999.000,9999999.000,0.000,1.000,0.000,0,0,0,21,21,0,0,21,0.0,0.0,0.0,0.0,0.0,1.0,1
"G[1,2](((MAP >= 53.805 | Platelets >= 4.138) | O2Sat >= 3.651) & SaO2 <= 108.646)
",9999999.000,9999999.000,0.000,1.000,0.000,0,0,20,1,1,20,20,1,0.0,0.0,1.0,0.0,0.0,1.0,1
"G[2,2]((Platelets <= 106.136 & Temp >= 26.659) -> HR <= 36.779)
",-5176163618263714.000,-36.779,0.000,1.000,0.000,0,0,21,0,0,21,21,0,0.0,0.0,1.0,0.0,0.0,1.0,1
"G[1,2](Hgb <= 2.257 & Temp <= 35.763)
",9999999.000,9999999.000,0.000,1.000,0.000,0,0,2,19,19,2,2,19,0.0,0.0,1.0,0.0,0.0,1.0,1
"G[0,2](((Hct >= 0.509 | Temp >= 27.513) & Magnesium <= 36.421) -> pH >= 23.485)
",9999999.000,9999999.000,0.000,1.000,0.000,0,0,0,21,21,0,0,21,0.0,0.0,0.0,0.0,0.0,1.0,1
"G[0,0](((Creatinine <= 0.312 -> Temp >= 3.952) & WBC >= 5.143) & Chloride >= 26.496)
",-6.300,-89.927,0.000,1.000,0.000,0,0,0,21,21,0,0,21,0.0,0.0,0.0,0.0,0.0,1.0,1
"G[1,2]((Calcium >= 0.176 & SaO2 >= 1.056) -> PaCO2 <= 44.232)
",9999999.000,9999999.000,0.000,1.000,0.000,0,0,21,0,0,21,21,0,0.0,0.0,1.0,0.0,0.0,1.0,1
"G[1,2](Calcium >= 0.108 -> PaCO2 <= 1.304)
",9999999.000,9999999.000,0.000,1.000,0.000,0,0,21,0,0,21,21,0,0.0,0.0,1.0,0.0,0.0,1.0,1
"G[2,2](((Creatinine <= 0.609 -> O2Sat >= 25.718) & Bilirubin_direct >= 71.743) | HCO3 <= 90.599)
",6375343843162463.000,90.599,0.000,1.000,0.000,0,0,21,0,0,21,21,0,0.0,0.0,1.0,0.0,0.0,1.0,1
"G[0,2](((Creatinine >= 0.002 | SBP <= 109.732) -> Alkalinephos >= 18.690) | FiO2 >= 96.058)
",9999999.000,9999999.000,0.000,1.000,0.000,0,0,12,9,9,12,12,9,0.0,0.0,1.0,0.0,0.0,1.0,1
"G[0,2]((Hgb <= 3.032 | O2Sat <= 92.947) | Magnesium <= 91.432)
",9999999.000,9999999.000,0.000,1.000,0.000,0,0,21,0,0,21,21,0,0.0,0.0,1.0,0.0,0.0,1.0,1
"G[0,2]((Glucose <= 192.638 | pH >= 0.091) & Creatinine >= 0.030)
",9999999.000,9999999.000,0.000,1.000,0.000,0,0,0,21,21,0,0,21,0.0,0.0,0.0,0.0,0.0,1.0,1
"G[1,2]((Glucose >= 32.212 -> Lactate >= 0.038) & Bilirubin_total <= 0.852)
",9999999.000,9999999.000,0.000,1.000,0.000,0,0,5,16,16,5,5,16,0.0,0.0,1.0,0.0,0.0,1.0,1
"G[0,2](((FiO2 >= 0.009 -> Glucose <= 142.820) | FiO2 >= 48.967) & FiO2 >= 33.614)
",9999999.000,9999999.000,0.000,1.000,0.000,0,0,0,21,21,0,0,21,0.0,0.0,0.0,0.0,0.0,1.0,1
"G[1,2](((BUN >= 0.062 | Glucose <= 185.739) & BUN <= 115.626) -> Potassium <= 160.781)
",9999999.000,9999999.000,0.000,1.000,0.000,0,0,21,0,0,21,21,0,0.0,0.0,1.0,0.0,0.0,1.0,1
"G[2,2]((Calcium >= 0.293 | Glucose <= 139.801) -> O2Sat <= 143.798)
",-143.798,-143.798,0.000,1.000,0.000,0,0,21,0,0,21,21,0,0.0,0.0,1.0,0.0,0.0,1.0,1
"G[0,2](Platelets <= 86.345 & HCO3 >= 0.000)
",9999999.000,9999999.000,0.000,1.000,0.000,0,0,19,2,2,19,19,2,0.0,0.0,1.0,0.0,0.0,1.0,1
"G[1,2](((Platelets >= 3.630 & Bilirubin_direct >= 0.000) & Glucose >= 0.000) | Chloride <= 0.000)
",9999999.000,9999999.000,0.000,1.000,0.000,0,0,21,0,0,21,21,0,0.0,0.0,1.0,0.0,0.0,1.0,1
"G[0,2](BaseExcess >= 0.000 -> Hgb >= 0.214)
",9999999.000,9999999.000,0.000,1.000,0.000,0,0,0,21,21,0,0,21,0.0,0.0,0.0,0.0,0.0,1.0,1
"G[0,0]((TroponinI >= 0.000 | Hgb <= 4.652) & Bilirubin_total >= 0.214)
",-0.009,-0.008,0.000,1.000,0.000,0,0,0,21,21,0,0,21,0.0,0.0,0.0,0.0,0.0,1.0,1
"G[0,1](HR >= 9.509 -> Lactate >= 0.037)
",9999999.000,9999999.000,0.000,1.000,0.000,0,0,0,21,21,0,0,21,0.0,0.0,0.0,0.0,0.0,1.0,1
"G[0,2](((Potassium <= 3.651 & MAP <= 75.000) | MAP >= 29.501) | HCO3 <= 74.294)
",9999999.000,9999999.000,0.000,1.000,0.000,0,0,21,0,0,21,21,0,0.0,0.0,1.0,0.0,0.0,1.0,1
"G[0,2](((TroponinI <= 0.000 | PTT >= 0.000) -> Fibrinogen >= 0.000) & Resp <= 0.000)
",9999999.000,9999999.000,0.000,1.000,0.000,0,0,0,21,21,0,0,21,0.0,0.0,0.0,0.0,0.0,1.0,1
"G[0,2](Hgb >= 0.308 -> SaO2 >= 0.008)
",9999999.000,9999999.000,0.000,1.000,0.000,0,0,19,2,2,19,19,2,0.0,0.0,1.0,0.0,0.0,1.0,1
"G[0,2]((PTT <= 0.000 & TroponinI >= 0.000) | BaseExcess <= 0.000)
",9999999.000,9999999.000,0.000,1.000,0.000,0,0,21,0,0,21,21,0,0.0,0.0,1.0,0.0,0.0,1.0,1
"G[0,2](((Platelets >= 1.263 & BUN <= 12.521) & Alkalinephos >= 0.012) | Hct <= 18.048)
",9999999.000,9999999.000,0.000,1.000,0.000,0,0,19,2,2,19,19,2,0.0,0.0,1.0,0.0,0.0,1.0,1
"G[2,2](((Chloride <= 0.000 | SaO2 <= 54.604) | Lactate >= 1.686) -> Chloride <= 78.966)
",-78.966,-78.966,0.000,1.000,0.000,0,0,21,0,0,21,21,0,0.0,0.0,1.0,0.0,0.0,1.0,1
"G[0,1](((Bilirubin_direct >= 0.000 -> HR <= 87.435) & PTT >= 14.014) & Resp <= 101.910)
",9999999.000,9999999.000,0.000,1.000,0.000,0,0,0,21,21,0,0,21,0.0,0.0,0.0,0.0,0.0,1.0,1
"G[1,2](Creatinine <= 0.082 & Hct <= 20.258)
",9999999.000,9999999.000,0.000,1.000,0.000,0,0,20,1,1,20,20,1,0.0,0.0,1.0,0.0,0.0,1.0,1
"G[1,2](((DBP <= 53.681 & Platelets <= 9.899) & TroponinI <= 71.727) -> Potassium <= 91.536)
",9999999.000,9999999.000,0.000,1.000,0.000,0,0,21,0,0,21,21,0,0.0,0.0,1.0,0.0,0.0,1.0,1
"G[0,2](Potassium >= 0.251 -> Chloride <= 0.000)
",9999999.000,9999999.000,0.000,1.000,0.000,0,0,21,0,0,21,21,0,0.0,0.0,1.0,0.0,0.0,1.0,1
"G[1,2](((DBP <= 46.666 & PTT <= 0.000) -> Chloride >= 0.000) | BaseExcess <= 0.000)
",9999999.000,9999999.000,0.000,1.000,0.000,0,0,21,0,0,21,21,0,0.0,0.0,1.0,0.0,0.0,1.0,1
"G[0,2](((Temp <= 35.989 & Bilirubin_direct <= 0.000) & TroponinI >= 0.000) -> Resp >= 0.000)
",9999999.000,9999999.000,0.000,1.000,0.000,0,0,21,0,0,21,21,0,0.0,0.0,1.0,0.0,0.0,1.0,1
"G[2,2]((Hct <= 11.544 | PTT >= 0.000) & Glucose >= 0.000)
",0.000,0.000,0.000,1.000,0.000,0,0,21,0,0,21,21,0,0.0,0.0,1.0,0.0,0.0,1.0,1
"G[1,2](PaCO2 <= 1.507 -> Creatinine >= 0.023)
",9999999.000,9999999.000,0.000,1.000,0.000,0,0,1,20,20,1,1,20,0.0,0.0,1.0,0.0,0.0,1.0,1
"G[0,2]((PTT >= 0.000 -> Resp >= 3.828) | HCO3 >= 7.589)
",9999999.000,9999999.000,0.000,1.000,0.000,0,0,18,3,3,18,18,3,0.0,0.0,1.0,0.0,0.0,1.0,1
"G[0,2]((O2Sat >= 45.303 -> FiO2 <= 0.384) | FiO2 >= 0.002)
",9999999.000,9999999.000,0.000,1.000,0.000,0,0,21,0,0,21,21,0,0.0,0.0,1.0,0.0,0.0,1.0,1
"G[0,2](((PaCO2 >= 0.754 | Lactate <= 0.726) | HR >= 0.001) & Potassium <= 0.595)
",9999999.000,9999999.000,0.000,1.000,0.000,0,0,18,3,3,18,18,3,0.0,0.0,1.0,0.0,0.0,1.0,1
"G[0,2]((DBP <= 41.714 | Chloride <= 0.000) | WBC >= 0.000)
",9999999.000,9999999.000,0.000,1.000,0.000,0,0,21,0,0,21,21,0,0.0,0.0,1.0,0.0,0.0,1.0,1
"G[2,2](((FiO2 >= 0.008 & BUN <= 16.142) -> TroponinI >= 0.130) -> Hct >= 0.275)
",-0.008,-0.008,0.000,1.000,0.000,0,0,21,0,0,21,21,0,0.0,0.0,1.0,0.0,0.0,1.0,1
"G[1,2]((pH <= 6.859 -> TroponinI >= 0.000) -> Hct <= 0.000)
",9999999.000,9999999.000,0.000,1.000,0.000,0,0,20,1,1,20,20,1,0.0,0.0,1.0,0.0,0.0,1.0,1
"G[2,2]((Lactate >= 0.006 -> SBP <= 136.120) -> SBP >= 100.546)
",100.546,100.546,0.000,1.000,0.000,0,0,21,0,0,21,21,0,0.0,0.0,1.0,0.0,0.0,1.0,1
"G[1,2](Potassium >= 0.147 -> EtCO2 >= 0.000)
",9999999.000,9999999.000,0.000,1.000,0.000,0,0,21,0,0,21,21,0,0.0,0.0,1.0,0.0,0.0,1.0,1
"G[1,2](((MAP >= 60.274 & HCO3 <= 0.000) -> O2Sat >= 0.000) | TroponinI >= 0.000)
",9999999.000,9999999.000,0.000,1.000,0.000,0,0,21,0,0,21,21,0,0.0,0.0,1.0,0.0,0.0,1.0,1
"G[1,2](((Lactate >= 0.028 & HCO3 >= 0.000) & MAP >= 0.000) | BUN <= 0.000)
",9999999.000,9999999.000,0.000,1.000,0.000,0,0,20,1,1,20,20,1,0.0,0.0,1.0,0.0,0.0,1.0,1
"F[0,1](((SaO2 <= 92.036 -> SaO2 >= 1.211) -> Magnesium <= 73.933) | SBP >= 1.212)
",-9999999.000,-9999999.000,0.000,0.000,1.000,0,0,0,21,21,0,0,21,0.0,0.0,0.0,0.0,0.0,1.0,-1
