Rule,Discrimination Score,Pos Robustness,Neg Robustness,Percent Class +,Percent Class -,TP,TN,FP,FN,Actual Yes,Actual No,Predicted Yes,Predicted No,TPR/Sens,TNR/Spec,FPR,Precision,Accuracy,MCR,Class
"G[0,1](Chloride >= 0.000 & HCO3 >= 0.000)
",9999999.000,9999999.000,0.000,1.000,0.000,24,0,0,0,24,0,24,0,1.0,0.0,0.0,1.0,1.0,0.0,1
"G[0,1]((Creatinine >= 0.025 | Alkalinephos <= 0.000) -> EtCO2 <= 0.000)
",9999999.000,9999999.000,0.000,1.000,0.000,24,0,0,0,24,0,24,0,1.0,0.0,0.0,1.0,1.0,0.0,1
"G[0,1]((Creatinine <= 0.558 -> Phosphate >= 0.045) | Bilirubin_total <= 2.400)
",9999999.000,9999999.000,0.000,1.000,0.000,24,0,0,0,24,0,24,0,1.0,0.0,0.0,1.0,1.0,0.0,1
"G[0,1]((PaCO2 <= 14.778 | Platelets >= 2.573) | Chloride <= 20.624)
",9999999.000,9999999.000,0.000,1.000,0.000,24,0,0,0,24,0,24,0,1.0,0.0,0.0,1.0,1.0,0.0,1
"G[0,0](Bilirubin_direct >= 0.000 -> SepsisLabel = 0.000)
",-0.209,-0.050,0.000,1.000,0.000,24,0,0,0,24,0,24,0,1.0,0.0,0.0,1.0,1.0,0.0,1
"G[0,0]((Glucose <= 183.165 & pH >= 0.515) | EtCO2 <= 6.753)
",0.451,1.399,0.000,1.000,0.000,24,0,0,0,24,0,24,0,1.0,0.0,0.0,1.0,1.0,0.0,1
"G[0,0](((HCO3 >= 0.000 & Alkalinephos >= 0.000) -> FiO2 >= 0.000) -> HCO3 <= 0.000)
",0.000,0.000,0.000,1.000,0.000,24,0,0,0,24,0,24,0,1.0,0.0,0.0,1.0,1.0,0.0,1
"G[0,1](Chloride >= 0.000 & HCO3 >= 0.000)
",9999999.000,9999999.000,0.000,1.000,0.000,24,0,0,0,24,0,24,0,1.0,0.0,0.0,1.0,1.0,0.0,1
"G[0,1](Chloride >= 0.000 & HCO3 >= 0.000)
",9999999.000,9999999.000,0.000,1.000,0.000,24,0,0,0,24,0,24,0,1.0,0.0,0.0,1.0,1.0,0.0,1
"G[0,1](Chloride >= 0.000 & HCO3 >= 0.000)
",9999999.000,9999999.000,0.000,1.000,0.000,24,0,0,0,24,0,24,0,1.0,0.0,0.0,1.0,1.0,0.0,1
"G[1,1]((pH <= 3.724 & SepsisLabel <= 0.000) | Potassium >= 0.000)
",0.000,0.000,0.000,1.000,0.000,24,0,0,0,24,0,24,0,1.0,0.0,0.0,1.0,1.0,0.0,1
"G[0,1](Chloride >= 0.000 & HCO3 >= 0.000)
",9999999.000,9999999.000,0.000,1.000,0.000,24,0,0,0,24,0,24,0,1.0,0.0,0.0,1.0,1.0,0.0,1
"((Creatinine >= 0.079) U[1,1] (HR <= 83.948))
",83.948,83.948,0.000,0.000,1.000,24,0,0,0,24,0,24,0,1.0,0.0,0.0,1.0,1.0,0.0,-1
"G[1,1]((Glucose <= 55.236 -> Hct >= 0.412) | Magnesium <= 7.036)
",7.036,7.036,0.000,1.000,0.000,24,0,0,0,24,0,24,0,1.0,0.0,0.0,1.0,1.0,0.0,1
"((MAP >= 41.800) U[1,1] (SBP <= 129.317))
",129.317,129.317,0.000,0.000,1.000,24,0,0,0,24,0,24,0,1.0,0.0,0.0,1.0,1.0,0.0,-1
"F[0,0](((Glucose <= 166.063 & Potassium <= 4.418) & AST >= 0.518) & SBP >= 0.171)
",-0.036,-0.049,0.000,0.000,1.000,24,0,0,0,24,0,24,0,1.0,0.0,0.0,1.0,1.0,0.0,-1
"F[0,1](((Platelets >= 8.108 | SBP <= 169.016) | pH >= 8.375) & Potassium >= 40.741)
",-9999999.000,-9999999.000,0.000,0.000,1.000,24,0,0,0,24,0,24,0,1.0,0.0,0.0,1.0,1.0,0.0,-1
"F[0,1](((Calcium <= 1.805 & WBC >= 0.110) -> Platelets <= 0.629) -> EtCO2 >= 0.127)
",-9999999.000,-9999999.000,0.000,0.000,1.000,24,0,0,0,24,0,24,0,1.0,0.0,0.0,1.0,1.0,0.0,-1
"F[0,1](((BUN <= 9.742 -> Phosphate <= 1.230) & AST >= 0.014) & BUN >= 0.034)
",-9999999.000,-9999999.000,0.000,0.000,1.000,24,0,0,0,24,0,24,0,1.0,0.0,0.0,1.0,1.0,0.0,-1
"F[0,0]((Calcium <= 7.898 & Potassium <= 0.912) & Magnesium >= 0.143)
",-0.212,-0.143,0.000,0.000,1.000,24,0,0,0,24,0,24,0,1.0,0.0,0.0,1.0,1.0,0.0,-1
"F[0,0](((BUN >= 0.127 & Glucose <= 100.576) & Magnesium >= 14.491) & Bilirubin_direct <= 147.071)
",-7.085,-13.731,0.000,0.000,1.000,24,0,0,0,24,0,24,0,1.0,0.0,0.0,1.0,1.0,0.0,-1
"F[0,0](FiO2 >= 0.049 & Platelets >= 10.299)
",-10.299,-10.299,0.000,0.000,1.000,24,0,0,0,24,0,24,0,1.0,0.0,0.0,1.0,1.0,0.0,-1
"F[1,1]((SaO2 <= 29.489 & WBC >= 0.198) & AST <= 2.541)
",-0.198,-0.198,0.000,0.000,1.000,24,0,0,0,24,0,24,0,1.0,0.0,0.0,1.0,1.0,0.0,-1
"F[1,1](((SBP >= 21.548 & HR >= 12.025) -> Alkalinephos <= 88.286) -> Fibrinogen >= 42.557)
",42.557,42.557,0.000,0.000,1.000,24,0,0,0,24,0,24,0,1.0,0.0,0.0,1.0,1.0,0.0,-1
"((pH >= 0.446) U[1,1] (Resp <= 23.422))
",6592751734583260.000,23.422,0.000,0.000,1.000,24,0,0,0,24,0,24,0,1.0,0.0,0.0,1.0,1.0,0.0,-1
"F[0,0]((Calcium <= 1.155 & Potassium <= 2.908) & Magnesium >= 0.094)
",0.008,0.004,0.000,0.000,1.000,24,0,0,0,24,0,24,0,1.0,0.0,0.0,1.0,1.0,0.0,-1
"F[0,0]((pH <= 1.197 & BUN <= 9.973) & Alkalinephos >= 0.662)
",-3.651,-0.627,0.000,0.000,1.000,24,0,0,0,24,0,24,0,1.0,0.0,0.0,1.0,1.0,0.0,-1
"F[0,1]((Calcium <= 0.926 & Potassium <= 3.085) & Magnesium >= 0.124)
",-9999999.000,-9999999.000,0.000,0.000,1.000,24,0,0,0,24,0,24,0,1.0,0.0,0.0,1.0,1.0,0.0,-1
"F[0,1](BaseExcess < 0.000 & SepsisLabel = 0.000)
",-9999999.000,-9999999.000,0.000,0.000,1.000,24,0,0,0,24,0,24,0,1.0,0.0,0.0,1.0,1.0,0.0,-1
"((MAP >= 21.165) U[1,1] (Platelets >= 3.007))
",-3.007,-3.007,0.000,0.000,1.000,24,0,0,0,24,0,24,0,1.0,0.0,0.0,1.0,1.0,0.0,-1
"((MAP >= 54.873) U[1,1] (SBP <= 130.818))
",130.818,130.818,0.000,0.000,1.000,24,0,0,0,24,0,24,0,1.0,0.0,0.0,1.0,1.0,0.0,-1
"G[0,1]((Phosphate <= 2.526 | Hct >= 0.151) & FiO2 <= 12.271)
",9999999.000,9999999.000,0.000,1.000,0.000,24,0,0,0,24,0,24,0,1.0,0.0,0.0,1.0,1.0,0.0,1
"((PTT >= 0.311) U[1,1] (WBC <= 8.685))
",8.685,8.685,0.000,0.000,1.000,24,0,0,0,24,0,24,0,1.0,0.0,0.0,1.0,1.0,0.0,-1
"G[0,0](DBP <= 97.726 | PTT <= 19.036)
",1.154,41.612,0.000,1.000,0.000,24,0,0,0,24,0,24,0,1.0,0.0,0.0,1.0,1.0,0.0,1
"G[0,1](BaseExcess <= 0.000 | EtCO2 >= 0.000)
",9999999.000,9999999.000,0.000,1.000,0.000,24,0,0,0,24,0,24,0,1.0,0.0,0.0,1.0,1.0,0.0,1
"G[0,0](((Lactate <= 5.670 -> Phosphate <= 3.861) | Resp <= 1.533) & Magnesium <= 2.751)
",-0.996,-3.060,0.000,1.000,0.000,24,0,0,0,24,0,24,0,1.0,0.0,0.0,1.0,1.0,0.0,1
"G[0,1]((Glucose <= 89.301 | WBC <= 11.262) | Creatinine >= 0.208)
",9999999.000,9999999.000,0.000,1.000,0.000,24,0,0,0,24,0,24,0,1.0,0.0,0.0,1.0,1.0,0.0,1
"G[1,1]((Bilirubin_direct <= 0.000 | pH <= 2.873) | MAP <= 4.344)
",4.344,4.344,0.000,1.000,0.000,24,0,0,0,24,0,24,0,1.0,0.0,0.0,1.0,1.0,0.0,1
"G[1,1](((HR >= 53.720 | Chloride >= 0.000) | Calcium >= 0.000) | Phosphate >= 0.000)
",0.000,0.000,0.000,1.000,0.000,24,0,0,0,24,0,24,0,1.0,0.0,0.0,1.0,1.0,0.0,1
"G[0,1]((Lactate <= 5.257 | MAP >= 83.635) & Hgb <= 99.553)
",9999999.000,9999999.000,0.000,1.000,0.000,24,0,0,0,24,0,24,0,1.0,0.0,0.0,1.0,1.0,0.0,1
"G[1,1](((Phosphate >= 0.064 & TroponinI <= 0.000) & PaCO2 >= 0.000) | Phosphate <= 0.000)
",0.000,0.000,0.000,1.000,0.000,24,0,0,0,24,0,24,0,1.0,0.0,0.0,1.0,1.0,0.0,1
"G[0,0](Phosphate <= 0.719 | Potassium <= 2.950)
",3.577,2.787,0.000,1.000,0.000,24,0,0,0,24,0,24,0,1.0,0.0,0.0,1.0,1.0,0.0,1
"G[0,1](((Platelets >= 6.114 & PTT >= 0.342) | SBP >= 0.413) -> Bilirubin_total <= 19.253)
",9999999.000,9999999.000,0.000,1.000,0.000,24,0,0,0,24,0,24,0,1.0,0.0,0.0,1.0,1.0,0.0,1
"G[0,0]((Resp >= 12.029 -> SBP >= 9.466) | Hgb <= 149.468)
",27.291,148.335,0.000,1.000,0.000,24,0,0,0,24,0,24,0,1.0,0.0,0.0,1.0,1.0,0.0,1
"G[0,1]((FiO2 <= 0.547 | PaCO2 >= 1.780) -> Creatinine <= 8.356)
",9999999.000,9999999.000,0.000,1.000,0.000,24,0,0,0,24,0,24,0,1.0,0.0,0.0,1.0,1.0,0.0,1
"G[0,0](Resp <= 19.434 -> BaseExcess <= 0.000)
",-0.642,-5.668,0.000,1.000,0.000,24,0,0,0,24,0,24,0,1.0,0.0,0.0,1.0,1.0,0.0,1
"G[0,1](Phosphate <= 2.958 -> SepsisLabel = 0.000)
",9999999.000,9999999.000,0.000,1.000,0.000,24,0,0,0,24,0,24,0,1.0,0.0,0.0,1.0,1.0,0.0,1
"G[0,1](((BUN >= 0.052 -> EtCO2 <= 0.000) | pH >= 0.000) | DBP <= 0.000)
",9999999.000,9999999.000,0.000,1.000,0.000,24,0,0,0,24,0,24,0,1.0,0.0,0.0,1.0,1.0,0.0,1
"G[0,1](HCO3 >= 0.000 & SepsisLabel = 0.000)
",9999999.000,9999999.000,0.000,1.000,0.000,24,0,0,0,24,0,24,0,1.0,0.0,0.0,1.0,1.0,0.0,1
"G[0,1](Hct >= 0.988 -> SepsisLabel = 0.000)
",9999999.000,9999999.000,0.000,1.000,0.000,24,0,0,0,24,0,24,0,1.0,0.0,0.0,1.0,1.0,0.0,1
"G[0,0]((Fibrinogen <= 351.487 | Hgb >= 0.019) -> TroponinI <= 8.418)
",-140.508,-350.966,0.000,1.000,0.000,24,0,0,0,24,0,24,0,1.0,0.0,0.0,1.0,1.0,0.0,1
"G[0,1](((Hgb <= 2.345 | HCO3 <= 0.000) & TroponinI >= 0.000) | Magnesium >= 0.000)
",9999999.000,9999999.000,0.000,1.000,0.000,24,0,0,0,24,0,24,0,1.0,0.0,0.0,1.0,1.0,0.0,1
"G[0,1]((Glucose >= 37.043 -> O2Sat >= 2.450) -> Phosphate <= 87.429)
",9999999.000,9999999.000,0.000,1.000,0.000,24,0,0,0,24,0,24,0,1.0,0.0,0.0,1.0,1.0,0.0,1
"G[0,1](((Potassium <= 1.150 -> pH <= 5.481) & Platelets <= 5.011) -> Platelets <= 7.125)
",9999999.000,9999999.000,0.000,1.000,0.000,24,0,0,0,24,0,24,0,1.0,0.0,0.0,1.0,1.0,0.0,1
"G[0,1]((HR >= 3.932 -> Platelets <= 39.448) -> Hct <= 94.238)
",9999999.000,9999999.000,0.000,1.000,0.000,24,0,0,0,24,0,24,0,1.0,0.0,0.0,1.0,1.0,0.0,1
"G[1,1](((FiO2 <= 0.468 | SBP >= 68.868) -> O2Sat <= 162.624) | BUN >= 74.426)
",-74.426,-74.426,0.000,1.000,0.000,24,0,0,0,24,0,24,0,1.0,0.0,0.0,1.0,1.0,0.0,1
"G[0,1]((Calcium <= 1.635 & SBP <= 155.778) | Hct <= 179.025)
",9999999.000,9999999.000,0.000,1.000,0.000,24,0,0,0,24,0,24,0,1.0,0.0,0.0,1.0,1.0,0.0,1
"G[0,0](((MAP >= 71.924 -> Phosphate >= 0.022) | Bilirubin_total <= 3.353) | Calcium <= 3.620)
",3.620,3.620,0.000,1.000,0.000,24,0,0,0,24,0,24,0,1.0,0.0,0.0,1.0,1.0,0.0,1
"G[0,1](Calcium >= 0.550 -> PTT <= 9.372)
",9999999.000,9999999.000,0.000,1.000,0.000,24,0,0,0,24,0,24,0,1.0,0.0,0.0,1.0,1.0,0.0,1
"G[1,1](((Fibrinogen >= 5.614 | pH <= 1.726) -> BaseExcess <= 1.829) & Potassium <= 5.590)
",-1.829,-1.829,0.000,1.000,0.000,24,0,0,0,24,0,24,0,1.0,0.0,0.0,1.0,1.0,0.0,1
"G[1,1](Phosphate <= 0.089 | Temp >= 1.389)
",0.089,0.089,0.000,1.000,0.000,24,0,0,0,24,0,24,0,1.0,0.0,0.0,1.0,1.0,0.0,1
"G[0,0]((PaCO2 <= 33.292 & SBP >= 103.683) -> SaO2 <= 157.551)
",-8.872,-150.064,0.000,1.000,0.000,24,0,0,0,24,0,24,0,1.0,0.0,0.0,1.0,1.0,0.0,1
"G[0,1](((Lactate <= 5.925 | SBP >= 13.824) | TroponinI >= 64.972) | pH >= 121.660)
",9999999.000,9999999.000,0.000,1.000,0.000,24,0,0,0,24,0,24,0,1.0,0.0,0.0,1.0,1.0,0.0,1
"F[1,1](Alkalinephos <= 0.000 & Phosphate >= 0.054)
",-0.054,-0.054,0.000,0.000,1.000,23,0,0,1,24,0,23,1,0.9583333333333334,0.0,0.0,1.0,0.9583333333333334,0.04166666666666663,-1
"((PTT > 0.298) U[1,2] (SepsisLabel = 0.000))
",-9999999.000,-9999999.000,0.000,0.000,1.000,23,0,0,1,24,0,23,1,0.9583333333333334,0.0,0.0,1.0,0.9583333333333334,0.04166666666666663,-1
"F[1,1](((Phosphate <= 3.076 & WBC >= 0.335) -> AST >= 0.092) -> Magnesium >= 0.061)
",-0.092,-0.092,0.000,0.000,1.000,23,0,0,1,24,0,23,1,0.9583333333333334,0.0,0.0,1.0,0.9583333333333334,0.04166666666666663,-1
"F[0,1](((MAP >= 64.413 | PTT <= 27.812) -> TroponinI >= 0.381) & pH <= 26.552)
",-9999999.000,-9999999.000,0.000,0.000,1.000,23,0,0,1,24,0,23,1,0.9583333333333334,0.0,0.0,1.0,0.9583333333333334,0.04166666666666663,-1
"F[0,1](((Lactate <= 4.597 & PTT >= 0.543) & Lactate <= 28.862) | Phosphate >= 0.421)
",-9999999.000,-9999999.000,0.000,0.000,1.000,23,0,0,1,24,0,23,1,0.9583333333333334,0.0,0.0,1.0,0.9583333333333334,0.04166666666666663,-1
"((Resp <= 18.998) U[1,1] (WBC >= 0.299))
",18.998,18.998,0.000,0.000,1.000,23,0,0,1,24,0,23,1,0.9583333333333334,0.0,0.0,1.0,0.9583333333333334,0.04166666666666663,-1
"G[0,1](pH <= 6.151 | WBC <= 11.917)
",9999999.000,9999999.000,0.000,1.000,0.000,23,0,0,1,24,0,23,1,0.9583333333333334,0.0,0.0,1.0,0.9583333333333334,0.04166666666666663,1
"G[1,1](DBP <= 94.070 -> Hgb <= 0.638)
",-94.070,-94.070,0.000,1.000,0.000,23,0,0,1,24,0,23,1,0.9583333333333334,0.0,0.0,1.0,0.9583333333333334,0.04166666666666663,1
"((Fibrinogen >= 8.148) U[1,2] (SepsisLabel = 0.000))
",-9999999.000,-9999999.000,0.000,0.000,1.000,23,0,0,1,24,0,23,1,0.9583333333333334,0.0,0.0,1.0,0.9583333333333334,0.04166666666666663,-1
"F[1,1](Phosphate >= 0.045 & SBP >= 91.880)
",-91.880,-91.880,0.000,0.000,1.000,23,0,0,1,24,0,23,1,0.9583333333333334,0.0,0.0,1.0,0.9583333333333334,0.04166666666666663,-1
"F[0,1](Hct <= 20.421 & Platelets >= 10.398)
",-9999999.000,-9999999.000,0.000,0.000,1.000,23,0,0,1,24,0,23,1,0.9583333333333334,0.0,0.0,1.0,0.9583333333333334,0.04166666666666663,-1
"F[0,0](Creatinine >= 0.034 & HR <= 112.001)
",-38923.999,-38923.999,0.000,0.000,1.000,23,0,0,1,24,0,23,1,0.9583333333333334,0.0,0.0,1.0,0.9583333333333334,0.04166666666666663,-1
"G[0,0](Platelets <= 111.598 | Magnesium >= 0.004)
",7853026529254243.000,111.598,0.000,1.000,0.000,23,0,0,1,24,0,23,1,0.9583333333333334,0.0,0.0,1.0,0.9583333333333334,0.04166666666666663,1
"G[0,1](((HR <= 92.752 & Phosphate <= 0.738) | pH <= 1.190) | BUN <= 3.741)
",9999999.000,9999999.000,0.000,1.000,0.000,23,0,0,1,24,0,23,1,0.9583333333333334,0.0,0.0,1.0,0.9583333333333334,0.04166666666666663,1
"G[0,1](Hct <= 24.361 | Phosphate >= 0.032)
",9999999.000,9999999.000,0.000,1.000,0.000,23,0,0,1,24,0,23,1,0.9583333333333334,0.0,0.0,1.0,0.9583333333333334,0.04166666666666663,1
"G[0,1](WBC < 8.856 & SepsisLabel = 0.000)
",9999999.000,9999999.000,0.000,1.000,0.000,23,0,0,1,24,0,23,1,0.9583333333333334,0.0,0.0,1.0,0.9583333333333334,0.04166666666666663,1
"G[1,1](((Hct >= 0.920 | Magnesium >= 0.143) -> MAP >= 0.042) & WBC <= 1.162)
",0.042,0.042,0.000,1.000,0.000,23,0,0,1,24,0,23,1,0.9583333333333334,0.0,0.0,1.0,0.9583333333333334,0.04166666666666663,1
"G[0,1](((MAP >= 48.675 & Potassium <= 4.182) & Lactate >= 0.173) | Fibrinogen <= 2.207)
",9999999.000,9999999.000,0.000,1.000,0.000,23,0,0,1,24,0,23,1,0.9583333333333334,0.0,0.0,1.0,0.9583333333333334,0.04166666666666663,1
"G[0,1](FiO2 <= 0.410 | Magnesium <= 0.283)
",9999999.000,9999999.000,0.000,1.000,0.000,23,0,0,1,24,0,23,1,0.9583333333333334,0.0,0.0,1.0,0.9583333333333334,0.04166666666666663,1
"((TroponinI <= 0.000) U[1,1] (BUN >= 0.262))
",0.000,0.000,0.000,0.000,1.000,22,0,0,2,24,0,22,2,0.9166666666666666,0.0,0.0,1.0,0.9166666666666666,0.08333333333333337,-1
"((Hct <= 24.421) U[0,1] (Hgb >= 0.268))
",-9999999.000,-9999999.000,0.000,0.000,1.000,22,0,0,2,24,0,22,2,0.9166666666666666,0.0,0.0,1.0,0.9166666666666666,0.08333333333333337,-1
"F[0,0](Fibrinogen <= 32.138 & Lactate >= 0.010)
",0.632,8.845,0.000,0.000,1.000,22,0,0,2,24,0,22,2,0.9166666666666666,0.0,0.0,1.0,0.9166666666666666,0.08333333333333337,-1
"((Creatinine >= 0.028) U[1,2] (SepsisLabel = 0.000))
",-9999999.000,-9999999.000,0.000,0.000,1.000,22,0,0,2,24,0,22,2,0.9166666666666666,0.0,0.0,1.0,0.9166666666666666,0.08333333333333337,-1
"F[0,1](WBC > 0.161 & SepsisLabel = 0.000)
",-9999999.000,-9999999.000,0.000,0.000,1.000,22,0,0,2,24,0,22,2,0.9166666666666666,0.0,0.0,1.0,0.9166666666666666,0.08333333333333337,-1
"G[0,1](Glucose <= 175.141 | PTT >= 0.401)
",9999999.000,9999999.000,0.000,1.000,0.000,22,0,0,2,24,0,22,2,0.9166666666666666,0.0,0.0,1.0,0.9166666666666666,0.08333333333333337,1
"F[0,1]((SBP >= 105.051 & WBC >= 0.116) & TroponinI <= 1.251)
",-9999999.000,-9999999.000,0.000,0.000,1.000,22,0,0,2,24,0,22,2,0.9166666666666666,0.0,0.0,1.0,0.9166666666666666,0.08333333333333337,-1
"((FiO2 <= 0.595) U[0,0] (pH >= 0.280))
",23.933,0.600,0.000,0.000,1.000,22,0,0,2,24,0,22,2,0.9166666666666666,0.0,0.0,1.0,0.9166666666666666,0.08333333333333337,-1
"F[0,0]((FiO2 <= 0.591 -> WBC <= 10.210) & BUN >= 0.291)
",-10.210,-10.210,0.000,0.000,1.000,22,0,0,2,24,0,22,2,0.9166666666666666,0.0,0.0,1.0,0.9166666666666666,0.08333333333333337,-1
"G[0,0](((Platelets <= 37.564 -> AST >= 0.000) | Bilirubin_total <= 0.000) & Creatinine <= 0.000)
",-0.447,-0.714,0.000,1.000,0.000,22,0,0,2,24,0,22,2,0.9166666666666666,0.0,0.0,1.0,0.9166666666666666,0.08333333333333337,1
"G[1,1]((FiO2 >= 0.021 -> Glucose <= 88.771) | Hct >= 23.231)
",-23.231,-23.231,0.000,1.000,0.000,22,0,0,2,24,0,22,2,0.9166666666666666,0.0,0.0,1.0,0.9166666666666666,0.08333333333333337,1
"F[1,1]((Creatinine <= 0.288 & FiO2 >= 0.062) & DBP >= 0.051)
",-0.062,-0.062,0.000,0.000,1.000,21,0,0,3,24,0,21,3,0.875,0.0,0.0,1.0,0.875,0.125,-1
"F[1,1]((Resp <= 17.551 -> TroponinI <= 0.000) -> SBP <= 0.000)
",0.000,0.000,0.000,0.000,1.000,21,0,0,3,24,0,21,3,0.875,0.0,0.0,1.0,0.875,0.125,-1
"F[0,1]((Creatinine >= 0.017 -> Platelets <= 155.786) & BUN >= 1.598)
",-9999999.000,-9999999.000,0.000,0.000,1.000,21,0,0,3,24,0,21,3,0.875,0.0,0.0,1.0,0.875,0.125,-1
"F[0,1](((Platelets <= 182.793 -> Potassium <= 4.460) | PaCO2 >= 0.751) -> Magnesium >= 0.168)
",-9999999.000,-9999999.000,0.000,0.000,1.000,21,0,0,3,24,0,21,3,0.875,0.0,0.0,1.0,0.875,0.125,-1
"F[1,1](((Platelets <= 163.935 | WBC <= 4.717) -> HCO3 <= 5.139) & DBP <= 12.498)
",-163.935,-163.935,0.000,0.000,1.000,21,0,0,3,24,0,21,3,0.875,0.0,0.0,1.0,0.875,0.125,-1
"G[0,1](O2Sat <= 99.941 -> BUN <= 2.028)
",9999999.000,9999999.000,0.000,1.000,0.000,21,0,0,3,24,0,21,3,0.875,0.0,0.0,1.0,0.875,0.125,1
"G[1,1](Magnesium >= 0.049 | O2Sat >= 54.151)
",-0.049,-0.049,0.000,1.000,0.000,21,0,0,3,24,0,21,3,0.875,0.0,0.0,1.0,0.875,0.125,1
"G[0,1]((Resp <= 18.416 | WBC >= 0.049) -> pH <= 3.218)
",9999999.000,9999999.000,0.000,1.000,0.000,21,0,0,3,24,0,21,3,0.875,0.0,0.0,1.0,0.875,0.125,1
"F[1,1](((TroponinI >= 0.000 | Hct <= 6.905) -> O2Sat <= 13.183) & Temp <= 6.977)
",-13.183,-13.183,0.000,0.000,1.000,21,0,0,3,24,0,21,3,0.875,0.0,0.0,1.0,0.875,0.125,-1
"F[0,1]((BUN <= 10.297 | FiO2 <= 0.867) & pH >= 0.026)
",-9999999.000,-9999999.000,0.000,0.000,1.000,20,0,0,4,24,0,20,4,0.8333333333333334,0.0,0.0,1.0,0.8333333333333334,0.16666666666666663,-1
"F[1,1]((Magnesium <= 0.354 & Potassium >= 0.320) | PTT >= 0.218)
",-0.218,-0.218,0.000,0.000,1.000,20,0,0,4,24,0,20,4,0.8333333333333334,0.0,0.0,1.0,0.8333333333333334,0.16666666666666663,-1
"F[1,1](BUN <= 15.132 -> pH >= 0.267)
",-15.132,-15.132,0.000,0.000,1.000,20,0,0,4,24,0,20,4,0.8333333333333334,0.0,0.0,1.0,0.8333333333333334,0.16666666666666663,-1
"G[0,1](Phosphate >= 0.016 | PaCO2 <= 6.773)
",9999999.000,9999999.000,0.000,1.000,0.000,20,0,0,4,24,0,20,4,0.8333333333333334,0.0,0.0,1.0,0.8333333333333334,0.16666666666666663,1
"G[0,0](Calcium >= 0.562 -> O2Sat <= 90.116)
",-0.633,-24.338,0.000,1.000,0.000,20,0,0,4,24,0,20,4,0.8333333333333334,0.0,0.0,1.0,0.8333333333333334,0.16666666666666663,1
"F[0,1](Creatinine >= 0.065 | WBC >= 0.002)
",-9999999.000,-9999999.000,0.000,0.000,1.000,20,0,0,4,24,0,20,4,0.8333333333333334,0.0,0.0,1.0,0.8333333333333334,0.16666666666666663,-1
"((Calcium <= 4.959) U[0,1] (SaO2 >= 7.034))
",-9999999.000,-9999999.000,0.000,0.000,1.000,19,0,0,5,24,0,19,5,0.7916666666666666,0.0,0.0,1.0,0.7916666666666666,0.20833333333333337,-1
"F[0,1](((EtCO2 <= 0.000 -> Chloride >= 0.000) & HR <= 0.000) & Creatinine <= 0.000)
",-9999999.000,-9999999.000,0.000,0.000,1.000,19,0,0,5,24,0,19,5,0.7916666666666666,0.0,0.0,1.0,0.7916666666666666,0.20833333333333337,-1
"F[1,1](Calcium >= 0.069 & SepsisLabel = 0.000)
",-0.069,-0.069,0.000,0.000,1.000,19,0,0,5,24,0,19,5,0.7916666666666666,0.0,0.0,1.0,0.7916666666666666,0.20833333333333337,-1
"((O2Sat >= 11.469) U[0,1] (pH >= 0.862))
",-9999999.000,-9999999.000,0.000,0.000,1.000,19,0,0,5,24,0,19,5,0.7916666666666666,0.0,0.0,1.0,0.7916666666666666,0.20833333333333337,-1
"((Calcium >= 0.402) U[1,2] (Magnesium <= 1.591))
",-9999999.000,-9999999.000,0.000,0.000,1.000,19,0,0,5,24,0,19,5,0.7916666666666666,0.0,0.0,1.0,0.7916666666666666,0.20833333333333337,-1
"((Potassium >= 0.029) U[1,1] (Resp >= 10.911))
",-0.029,-0.029,0.000,0.000,1.000,19,0,0,5,24,0,19,5,0.7916666666666666,0.0,0.0,1.0,0.7916666666666666,0.20833333333333337,-1
"F[1,1]((DBP >= 59.183 & Potassium <= 4.041) -> Phosphate >= 0.821)
",0.821,0.821,0.000,0.000,1.000,19,0,0,5,24,0,19,5,0.7916666666666666,0.0,0.0,1.0,0.7916666666666666,0.20833333333333337,-1
"G[0,0](((BUN <= 6.702 & SaO2 <= 47.868) & TroponinI >= 5.736) | HR >= 5.367)
",39030.633,39030.633,0.000,1.000,0.000,19,0,0,5,24,0,19,5,0.7916666666666666,0.0,0.0,1.0,0.7916666666666666,0.20833333333333337,1
"F[0,0]((O2Sat <= 93.108 -> Phosphate >= 0.018) -> HCO3 >= 0.074)
",0.790,0.036,0.000,0.000,1.000,19,0,0,5,24,0,19,5,0.7916666666666666,0.0,0.0,1.0,0.7916666666666666,0.20833333333333337,-1
"G[0,0]((DBP >= 58.626 & Magnesium <= 2.408) | Creatinine >= 0.067)
",1.119,1.346,0.000,1.000,0.000,18,0,0,6,24,0,18,6,0.75,0.0,0.0,1.0,0.75,0.25,1
"G[0,1]((SBP >= 40.496 | Phosphate >= 0.040) & Bilirubin_total <= 2.065)
",9999999.000,9999999.000,0.000,1.000,0.000,18,0,0,6,24,0,18,6,0.75,0.0,0.0,1.0,0.75,0.25,1
"F[0,1](((DBP >= 35.785 | SaO2 <= 56.664) -> Resp >= 8.406) -> Hgb >= 2.603)
",-9999999.000,-9999999.000,0.000,0.000,1.000,17,0,0,7,24,0,17,7,0.7083333333333334,0.0,0.0,1.0,0.7083333333333334,0.29166666666666663,-1
"F[0,1](((PaCO2 >= 3.228 | PTT <= 4.267) & Potassium >= 0.254) & Hct <= 24.514)
",-9999999.000,-9999999.000,0.000,0.000,1.000,17,0,0,7,24,0,17,7,0.7083333333333334,0.0,0.0,1.0,0.7083333333333334,0.29166666666666663,-1
"G[0,1](MAP >= 63.202 & WBC <= 2.660)
",9999999.000,9999999.000,0.000,1.000,0.000,17,0,0,7,24,0,17,7,0.7083333333333334,0.0,0.0,1.0,0.7083333333333334,0.29166666666666663,1
"G[1,1]((HCO3 <= 0.000 | O2Sat >= 26.994) -> Glucose <= 97.127)
",-97.127,-97.127,0.000,1.000,0.000,17,0,0,7,24,0,17,7,0.7083333333333334,0.0,0.0,1.0,0.7083333333333334,0.29166666666666663,1
"((Hgb <= 5.237) U[0,1] (Calcium >= 0.308))
",-9999999.000,-9999999.000,0.000,0.000,1.000,16,0,0,8,24,0,16,8,0.6666666666666666,0.0,0.0,1.0,0.6666666666666666,0.33333333333333337,-1
"((HR <= 86.626) U[0,0] (SBP <= 128.370))
",6.015,110.074,0.000,0.000,1.000,16,0,0,8,24,0,16,8,0.6666666666666666,0.0,0.0,1.0,0.6666666666666666,0.33333333333333337,-1
"F[0,1](((Creatinine >= 0.025 & Glucose >= 21.155) | O2Sat <= 57.843) | Fibrinogen >= 28.764)
",-9999999.000,-9999999.000,0.000,0.000,1.000,16,0,0,8,24,0,16,8,0.6666666666666666,0.0,0.0,1.0,0.6666666666666666,0.33333333333333337,-1
"F[1,1](Creatinine <= 1.199 -> DBP <= 75.041)
",-75.041,-75.041,0.000,0.000,1.000,15,0,0,9,24,0,15,9,0.625,0.0,0.0,1.0,0.625,0.375,-1
"F[0,1]((Potassium >= 0.759 & pH <= 6.476) | Potassium >= 0.778)
",-9999999.000,-9999999.000,0.000,0.000,1.000,15,0,0,9,24,0,15,9,0.625,0.0,0.0,1.0,0.625,0.375,-1
"((Creatinine <= 0.554) U[0,1] (Potassium >= 0.109))
",-9999999.000,-9999999.000,0.000,0.000,1.000,15,0,0,9,24,0,15,9,0.625,0.0,0.0,1.0,0.625,0.375,-1
"F[0,0](((MAP >= 74.574 -> Resp <= 16.453) & HR >= 3.492) & Creatinine <= 23.897)
",-1.886,-62.038,0.000,0.000,1.000,15,0,0,9,24,0,15,9,0.625,0.0,0.0,1.0,0.625,0.375,-1
"F[0,1](((O2Sat <= 92.056 | SBP <= 131.542) | Calcium >= 80.785) & Creatinine <= 154.514)
",-9999999.000,-9999999.000,0.000,0.000,1.000,14,0,0,10,24,0,14,10,0.5833333333333334,0.0,0.0,1.0,0.5833333333333334,0.41666666666666663,-1
"F[0,1]((SaO2 <= 27.205 & SBP >= 106.300) -> PaCO2 >= 114.340)
",-9999999.000,-9999999.000,0.000,0.000,1.000,14,0,0,10,24,0,14,10,0.5833333333333334,0.0,0.0,1.0,0.5833333333333334,0.41666666666666663,-1
"((DBP <= 84.403) U[1,1] (Resp >= 5.404))
",84.403,84.403,0.000,0.000,1.000,13,0,0,11,24,0,13,11,0.5416666666666666,0.0,0.0,1.0,0.5416666666666666,0.45833333333333337,-1
"((MAP >= 33.749) U[0,1] (SBP <= 142.798))
",-9999999.000,-9999999.000,0.000,0.000,1.000,12,0,0,12,24,0,12,12,0.5,0.0,0.0,1.0,0.5,0.5,-1
"F[1,1](Hct <= 26.136 -> Temp <= 31.111)
",-8757108399438691.000,-31.111,0.000,0.000,1.000,12,0,0,12,24,0,12,12,0.5,0.0,0.0,1.0,0.5,0.5,-1
"F[0,1]((Hct >= 0.887 | DBP >= 56.470) & Glucose >= 62.208)
",-9999999.000,-9999999.000,0.000,0.000,1.000,12,0,0,12,24,0,12,12,0.5,0.0,0.0,1.0,0.5,0.5,-1
"G[0,0]((Calcium >= 0.343 | Temp >= 11.259) -> Temp <= 34.418)
",-3.227,-74.181,0.000,1.000,0.000,12,0,0,12,24,0,12,12,0.5,0.0,0.0,1.0,0.5,0.5,1
"((MAP >= 12.575) U[0,1] (SBP <= 138.553))
",-9999999.000,-9999999.000,0.000,0.000,1.000,12,0,0,12,24,0,12,12,0.5,0.0,0.0,1.0,0.5,0.5,-1
"((Temp <= 24.106) U[1,2] (Magnesium <= 1.224))
",-9999999.000,-9999999.000,0.000,0.000,1.000,12,0,0,12,24,0,12,12,0.5,0.0,0.0,1.0,0.5,0.5,-1
"((Bilirubin_direct <= 0.000) U[0,0] (DBP <= 78.526))
",0.640,22.853,0.000,0.000,1.000,11,0,0,13,24,0,11,13,0.4583333333333333,0.0,0.0,1.0,0.4583333333333333,0.5416666666666667,-1
"((Platelets >= 4.292) U[1,2] (Temp <= 22.303))
",-9999999.000,-9999999.000,0.000,0.000,1.000,11,0,0,13,24,0,11,13,0.4583333333333333,0.0,0.0,1.0,0.4583333333333333,0.5416666666666667,-1
"F[1,1]((TroponinI >= 0.000 -> Hct >= 1.060) | Temp >= 1.136)
",0.000,0.000,0.000,0.000,1.000,11,0,0,13,24,0,11,13,0.4583333333333333,0.0,0.0,1.0,0.4583333333333333,0.5416666666666667,-1
"G[0,1](HR >= 75.597 -> SaO2 >= 7.128)
",9999999.000,9999999.000,0.000,1.000,0.000,9,0,0,15,24,0,9,15,0.375,0.0,0.0,1.0,0.375,0.625,1
"G[0,1](SBP <= 152.101 -> Hgb >= 0.166)
",9999999.000,9999999.000,0.000,1.000,0.000,8,0,0,16,24,0,8,16,0.3333333333333333,0.0,0.0,1.0,0.3333333333333333,0.6666666666666667,1
"F[0,1](DBP <= 84.249 & WBC <= 2.925)
",-9999999.000,-9999999.000,0.000,0.000,1.000,8,0,0,16,24,0,8,16,0.3333333333333333,0.0,0.0,1.0,0.3333333333333333,0.6666666666666667,-1
"F[0,1]((Creatinine <= 1.169 -> Temp >= 6.387) | Bilirubin_total >= 8.796)
",-9999999.000,-9999999.000,0.000,0.000,1.000,8,0,0,16,24,0,8,16,0.3333333333333333,0.0,0.0,1.0,0.3333333333333333,0.6666666666666667,-1
"F[1,1](((pH >= 0.342 & PTT <= 20.489) | TroponinI <= 8.518) -> Glucose <= 9.993)
",-9.993,-9.993,0.000,0.000,1.000,8,0,0,16,24,0,8,16,0.3333333333333333,0.0,0.0,1.0,0.3333333333333333,0.6666666666666667,-1
"G[1,1]((EtCO2 >= 0.000 & HR <= 108.886) -> Resp >= 18.294)
",0.000,0.000,0.000,1.000,0.000,7,0,0,17,24,0,7,17,0.2916666666666667,0.0,0.0,1.0,0.2916666666666667,0.7083333333333333,1
"F[0,0](((Hct <= 3.573 | Magnesium <= 1.918) -> MAP >= 0.036) & Hct <= 0.899)
",-1.573,-111.079,0.000,0.000,1.000,7,0,0,17,24,0,7,17,0.2916666666666667,0.0,0.0,1.0,0.2916666666666667,0.7083333333333333,-1
"((Calcium <= 6.818) U[1,1] (pH <= 2.153))
",7675881649107809.000,6.818,0.000,0.000,1.000,6,0,0,18,24,0,6,18,0.25,0.0,0.0,1.0,0.25,0.75,-1
"F[0,0]((MAP <= 118.129 | Temp <= 22.296) & WBC <= 27.863)
",-0.550,-18.262,0.000,0.000,1.000,6,0,0,18,24,0,6,18,0.25,0.0,0.0,1.0,0.25,0.75,-1
"((MAP >= 45.724) U[0,0] (SBP <= 169.506))
",8.415,151.543,0.000,0.000,1.000,6,0,0,18,24,0,6,18,0.25,0.0,0.0,1.0,0.25,0.75,-1
"F[1,1](((Calcium < 7.614 & Potassium < 1.627) & Magnesium < 0.850) & Phosphate < 2.674)
",0.850,0.850,0.000,0.000,1.000,5,0,0,19,24,0,5,19,0.20833333333333334,0.0,0.0,1.0,0.20833333333333334,0.7916666666666666,-1
"F[0,0](((HR <= 75.657 | Alkalinephos <= 0.000) | Fibrinogen <= 0.000) -> Potassium <= 0.000)
",0.209,0.163,0.000,0.000,1.000,5,0,0,19,24,0,5,19,0.20833333333333334,0.0,0.0,1.0,0.20833333333333334,0.7916666666666666,-1
"F[0,0](((Calcium < 2.776 & Potassium < 3.915) & Magnesium < 0.198) & Phosphate < 0.740)
",-0.290,-0.562,0.000,0.000,1.000,5,0,0,19,24,0,5,19,0.20833333333333334,0.0,0.0,1.0,0.20833333333333334,0.7916666666666666,-1
"((Lactate >= 0.092) U[0,0] (Potassium <= 3.416))
",0.647,49.956,0.000,0.000,1.000,5,0,0,19,24,0,5,19,0.20833333333333334,0.0,0.0,1.0,0.20833333333333334,0.7916666666666666,-1
"((MAP >= 68.030) U[1,2] (SBP <= 174.756))
",-9999999.000,-9999999.000,0.000,0.000,1.000,5,0,0,19,24,0,5,19,0.20833333333333334,0.0,0.0,1.0,0.20833333333333334,0.7916666666666666,-1
"F[0,1](((pH <= 6.001 | Phosphate >= 0.039) & Temp >= 0.037) -> Hgb >= 0.016)
",-9999999.000,-9999999.000,0.000,0.000,1.000,5,0,0,19,24,0,5,19,0.20833333333333334,0.0,0.0,1.0,0.20833333333333334,0.7916666666666666,-1
"G[1,1](AST <= 0.000 & Calcium >= 0.683)
",-0.683,-0.683,0.000,1.000,0.000,5,0,0,19,24,0,5,19,0.20833333333333334,0.0,0.0,1.0,0.20833333333333334,0.7916666666666666,1
"F[1,1](((Calcium < 7.605 & Potassium < 3.186) & Magnesium < 1.041) & Phosphate < 0.549)
",0.549,0.549,0.000,0.000,1.000,5,0,0,19,24,0,5,19,0.20833333333333334,0.0,0.0,1.0,0.20833333333333334,0.7916666666666666,-1
"G[0,1]((Hgb <= 5.857 -> O2Sat <= 99.892) -> Platelets >= 77.309)
",9999999.000,9999999.000,0.000,1.000,0.000,4,0,0,20,24,0,4,20,0.16666666666666666,0.0,0.0,1.0,0.16666666666666666,0.8333333333333334,1
"((Lactate <= 6.473) U[1,1] (pH <= 1.299))
",6.473,6.473,0.000,0.000,1.000,4,0,0,20,24,0,4,20,0.16666666666666666,0.0,0.0,1.0,0.16666666666666666,0.8333333333333334,-1
"G[0,1](((Magnesium >= 0.138 | PTT >= 0.120) | MAP <= 19.232) & WBC <= 13.065)
",9999999.000,9999999.000,0.000,1.000,0.000,4,0,0,20,24,0,4,20,0.16666666666666666,0.0,0.0,1.0,0.16666666666666666,0.8333333333333334,1
"G[0,0](Magnesium >= 0.104 | SaO2 >= 8.032)
",0.433,6.062,0.000,1.000,0.000,4,0,0,20,24,0,4,20,0.16666666666666666,0.0,0.0,1.0,0.16666666666666666,0.8333333333333334,1
"F[0,0](((Glucose >= 25.996 & Lactate >= 0.102) | Calcium >= 0.236) -> Chloride >= 0.201)
",-0.160,-0.182,0.000,0.000,1.000,4,0,0,20,24,0,4,20,0.16666666666666666,0.0,0.0,1.0,0.16666666666666666,0.8333333333333334,-1
"((BUN <= 17.614) U[0,1] (DBP <= 94.813))
",-9999999.000,-9999999.000,0.000,0.000,1.000,4,0,0,20,24,0,4,20,0.16666666666666666,0.0,0.0,1.0,0.16666666666666666,0.8333333333333334,-1
"F[0,1](Hgb <= 7.131 & MAP >= 1.098)
",-9999999.000,-9999999.000,0.000,0.000,1.000,4,0,0,20,24,0,4,20,0.16666666666666666,0.0,0.0,1.0,0.16666666666666666,0.8333333333333334,-1
"G[0,1]((EtCO2 >= 0.000 -> DBP >= 47.888) -> Hgb >= 66.897)
",9999999.000,9999999.000,0.000,1.000,0.000,3,0,0,21,24,0,3,21,0.125,0.0,0.0,1.0,0.125,0.875,1
"F[1,1]((Hgb >= 0.244 -> SaO2 >= 11.528) -> DBP >= 1.602)
",-8793544236377576.000,-0.244,0.000,0.000,1.000,3,0,0,21,24,0,3,21,0.125,0.0,0.0,1.0,0.125,0.875,-1
"F[0,1](O2Sat <= 85.671 -> WBC >= 0.148)
",-9999999.000,-9999999.000,0.000,0.000,1.000,3,0,0,21,24,0,3,21,0.125,0.0,0.0,1.0,0.125,0.875,-1
"((Magnesium <= 1.798) U[0,1] (SBP >= 94.148))
",-9999999.000,-9999999.000,0.000,0.000,1.000,3,0,0,21,24,0,3,21,0.125,0.0,0.0,1.0,0.125,0.875,-1
"F[1,1](((SepsisLabel <= 0.000 -> SaO2 <= 22.436) | EtCO2 >= 10.829) | BUN >= 7.429)
",-7.429,-7.429,0.000,0.000,1.000,3,0,0,21,24,0,3,21,0.125,0.0,0.0,1.0,0.125,0.875,-1
"F[1,1](((PTT >= 0.073 -> SaO2 >= 1.507) & SBP >= 6.240) | Fibrinogen >= 9.222)
",-6.240,-6.240,0.000,0.000,1.000,3,0,0,21,24,0,3,21,0.125,0.0,0.0,1.0,0.125,0.875,-1
"G[1,1](((Alkalinephos <= 0.000 -> WBC <= 2.440) | HR >= 0.273) & HR <= 11.484)
",-0.273,-0.273,0.000,1.000,0.000,3,0,0,21,24,0,3,21,0.125,0.0,0.0,1.0,0.125,0.875,1
"F[0,0](((MAP >= 71.432 & FiO2 >= 0.020) -> Potassium <= 0.350) & pH <= 0.294)
",-5.121,-0.364,0.000,0.000,1.000,2,0,0,22,24,0,2,22,0.08333333333333333,0.0,0.0,1.0,0.08333333333333333,0.9166666666666666,-1
"F[0,0](Bilirubin_direct <= 0.000 -> BUN <= 4.062)
",-4.062,-4.062,0.000,0.000,1.000,2,0,0,22,24,0,2,22,0.08333333333333333,0.0,0.0,1.0,0.08333333333333333,0.9166666666666666,-1
"((PaCO2 < 14.015) U[1,1] (SepsisLabel = 0.000))
",7889735130111017.000,14.015,0.000,0.000,1.000,2,0,0,22,24,0,2,22,0.08333333333333333,0.0,0.0,1.0,0.08333333333333333,0.9166666666666666,-1
"((PaCO2 <= 44.275) U[1,1] (SaO2 <= 98.814))
",98.814,98.814,0.000,0.000,1.000,2,0,0,22,24,0,2,22,0.08333333333333333,0.0,0.0,1.0,0.08333333333333333,0.9166666666666666,-1
"F[0,0](((DBP <= 71.069 -> Platelets <= 24.236) -> Lactate >= 5.796) -> BUN >= 7.121)
",-0.346,-2.029,0.000,0.000,1.000,2,0,0,22,24,0,2,22,0.08333333333333333,0.0,0.0,1.0,0.08333333333333333,0.9166666666666666,-1
"G[0,0](MAP <= 130.547 & PaCO2 >= 2.509)
",-1.047,-18.646,0.000,1.000,0.000,2,0,0,22,24,0,2,22,0.08333333333333333,0.0,0.0,1.0,0.08333333333333333,0.9166666666666666,1
"G[0,0](Platelets <= 72.010 -> WBC >= 0.343)
",-72.010,-72.010,0.000,1.000,0.000,2,0,0,22,24,0,2,22,0.08333333333333333,0.0,0.0,1.0,0.08333333333333333,0.9166666666666666,1
"G[0,0](pH <= 4.739 & BUN >= 0.495)
",-0.495,-0.495,0.000,1.000,0.000,2,0,0,22,24,0,2,22,0.08333333333333333,0.0,0.0,1.0,0.08333333333333333,0.9166666666666666,1
"G[1,1](BUN >= 1.076 & SBP <= 164.845)
",-1.076,-1.076,0.000,1.000,0.000,2,0,0,22,24,0,2,22,0.08333333333333333,0.0,0.0,1.0,0.08333333333333333,0.9166666666666666,1
"G[0,0](Platelets <= 36.824 -> WBC >= 0.127)
",-36.824,-36.824,0.000,1.000,0.000,2,0,0,22,24,0,2,22,0.08333333333333333,0.0,0.0,1.0,0.08333333333333333,0.9166666666666666,1
"G[0,0]((BUN <= 16.560 -> Hct >= 0.421) | BaseExcess >= 0.611)
",-0.611,-0.611,0.000,1.000,0.000,2,0,0,22,24,0,2,22,0.08333333333333333,0.0,0.0,1.0,0.08333333333333333,0.9166666666666666,1
"G[0,0]((Fibrinogen <= 428.271 -> Platelets <= 131.448) -> pH >= 5.642)
",23.140,5.545,0.000,1.000,0.000,2,0,0,22,24,0,2,22,0.08333333333333333,0.0,0.0,1.0,0.08333333333333333,0.9166666666666666,1
"((MAP >= 25.383) U[0,0] (pH <= 6.784))
",1.622,94.061,0.000,0.000,1.000,2,0,0,22,24,0,2,22,0.08333333333333333,0.0,0.0,1.0,0.08333333333333333,0.9166666666666666,-1
"G[1,1](Platelets <= 163.897 -> WBC >= 0.289)
",-163.897,-163.897,0.000,1.000,0.000,1,0,0,23,24,0,1,23,0.041666666666666664,0.0,0.0,1.0,0.041666666666666664,0.9583333333333334,1
"G[0,1]((PaCO2 <= 20.113 -> SaO2 >= 4.311) | Calcium >= 0.149)
",9999999.000,9999999.000,0.000,1.000,0.000,1,0,0,23,24,0,1,23,0.041666666666666664,0.0,0.0,1.0,0.041666666666666664,0.9583333333333334,1
"G[0,1](Platelets <= 149.562 -> WBC >= 0.101)
",9999999.000,9999999.000,0.000,1.000,0.000,1,0,0,23,24,0,1,23,0.041666666666666664,0.0,0.0,1.0,0.041666666666666664,0.9583333333333334,1
"G[1,1](((Hgb <= 7.164 | Hct <= 14.980) -> WBC >= 0.238) & Platelets >= 8.592)
",-14.980,-14.980,0.000,1.000,0.000,1,0,0,23,24,0,1,23,0.041666666666666664,0.0,0.0,1.0,0.041666666666666664,0.9583333333333334,1
"G[1,1](((Hgb <= 3.982 | Hct <= 19.173) -> WBC >= 0.217) & Platelets >= 10.002)
",-19.173,-19.173,0.000,1.000,0.000,1,0,0,23,24,0,1,23,0.041666666666666664,0.0,0.0,1.0,0.041666666666666664,0.9583333333333334,1
"G[1,1]((SepsisLabel >= 0.000 & PaCO2 >= 0.365) & Phosphate >= 1.513)
",-1.513,-1.513,0.000,1.000,0.000,1,0,0,23,24,0,1,23,0.041666666666666664,0.0,0.0,1.0,0.041666666666666664,0.9583333333333334,1
"G[0,1](Platelets <= 77.940 -> WBC >= 0.029)
",9999999.000,9999999.000,0.000,1.000,0.000,1,0,0,23,24,0,1,23,0.041666666666666664,0.0,0.0,1.0,0.041666666666666664,0.9583333333333334,1
"G[1,1](BUN <= 13.537 & Creatinine >= 0.037)
",-0.037,-0.037,0.000,1.000,0.000,1,0,0,23,24,0,1,23,0.041666666666666664,0.0,0.0,1.0,0.041666666666666664,0.9583333333333334,1
"G[0,1](((DBP >= 7.372 -> pH >= 0.396) | Hgb <= 4.247) & pH >= 0.820)
",9999999.000,9999999.000,0.000,1.000,0.000,1,0,0,23,24,0,1,23,0.041666666666666664,0.0,0.0,1.0,0.041666666666666664,0.9583333333333334,1
"G[1,1]((EtCO2 >= 0.000 -> Magnesium >= 0.155) | BaseExcess >= 0.145)
",0.000,0.000,0.000,1.000,0.000,1,0,0,23,24,0,1,23,0.041666666666666664,0.0,0.0,1.0,0.041666666666666664,0.9583333333333334,1
"((PTT <= 25.570) U[1,1] (SepsisLabel = 0.000))
",25.570,25.570,0.000,0.000,1.000,1,0,0,23,24,0,1,23,0.041666666666666664,0.0,0.0,1.0,0.041666666666666664,0.9583333333333334,-1
"F[0,0](Hgb <= 6.832 | Hct <= 13.882)
",13.882,13.882,0.000,0.000,1.000,1,0,0,23,24,0,1,23,0.041666666666666664,0.0,0.0,1.0,0.041666666666666664,0.9583333333333334,-1
"((Lactate >= 0.145) U[1,2] (WBC >= 0.365))
",-9999999.000,-9999999.000,0.000,0.000,1.000,1,0,0,23,24,0,1,23,0.041666666666666664,0.0,0.0,1.0,0.041666666666666664,0.9583333333333334,-1
"((Platelets <= 85.858) U[1,2] (PaCO2 >= 2.314))
",-9999999.000,-9999999.000,0.000,0.000,1.000,1,0,0,23,24,0,1,23,0.041666666666666664,0.0,0.0,1.0,0.041666666666666664,0.9583333333333334,-1
"F[0,0](Hgb <= 1.724 | Hct <= 5.538)
",6235246263091268.000,5.538,0.000,0.000,1.000,1,0,0,23,24,0,1,23,0.041666666666666664,0.0,0.0,1.0,0.041666666666666664,0.9583333333333334,-1
"F[1,1](((Potassium >= 0.828 & SaO2 <= 25.482) | Chloride <= 58.371) -> Platelets <= 22.963)
",-58.371,-58.371,0.000,0.000,1.000,1,0,0,23,24,0,1,23,0.041666666666666664,0.0,0.0,1.0,0.041666666666666664,0.9583333333333334,-1
"((PaCO2 <= 34.846) U[1,2] (Potassium <= 1.761))
",-9999999.000,-9999999.000,0.000,0.000,1.000,1,0,0,23,24,0,1,23,0.041666666666666664,0.0,0.0,1.0,0.041666666666666664,0.9583333333333334,-1
"((pH >= 0.314) U[0,1] (SaO2 <= 28.851))
",-9999999.000,-9999999.000,0.000,0.000,1.000,1,0,0,23,24,0,1,23,0.041666666666666664,0.0,0.0,1.0,0.041666666666666664,0.9583333333333334,-1
"F[0,1]((Lactate <= 4.849 -> PaCO2 >= 3.878) -> SepsisLabel >= 3.330)
",-9999999.000,-9999999.000,0.000,0.000,1.000,1,0,0,23,24,0,1,23,0.041666666666666664,0.0,0.0,1.0,0.041666666666666664,0.9583333333333334,-1
"F[1,1](Hgb <= 5.489 | Hct <= 17.999)
",17.999,17.999,0.000,0.000,1.000,1,0,0,23,24,0,1,23,0.041666666666666664,0.0,0.0,1.0,0.041666666666666664,0.9583333333333334,-1
"((Hct <= 18.156) U[1,2] (Resp <= 19.153))
",-9999999.000,-9999999.000,0.000,0.000,1.000,1,0,0,23,24,0,1,23,0.041666666666666664,0.0,0.0,1.0,0.041666666666666664,0.9583333333333334,-1
"F[0,0](Hgb >= 0.396 -> pH >= 0.722)
",-0.138,-0.752,0.000,0.000,1.000,1,0,0,23,24,0,1,23,0.041666666666666664,0.0,0.0,1.0,0.041666666666666664,0.9583333333333334,-1
"((PTT <= 16.671) U[1,2] (Temp >= 5.140))
",-9999999.000,-9999999.000,0.000,0.000,1.000,1,0,0,23,24,0,1,23,0.041666666666666664,0.0,0.0,1.0,0.041666666666666664,0.9583333333333334,-1
"F[0,0](Glucose <= 214.198 -> SaO2 <= 58.506)
",-214.198,-214.198,0.000,0.000,1.000,1,0,0,23,24,0,1,23,0.041666666666666664,0.0,0.0,1.0,0.041666666666666664,0.9583333333333334,-1
"((SepsisLabel >= 0.000) U[1,1] (FiO2 <= 0.888))
",7999915747729089.000,0.888,0.000,0.000,1.000,1,0,0,23,24,0,1,23,0.041666666666666664,0.0,0.0,1.0,0.041666666666666664,0.9583333333333334,-1
"((PaCO2 <= 44.466) U[1,2] (Hgb <= 10.419))
",-9999999.000,-9999999.000,0.000,0.000,1.000,1,0,0,23,24,0,1,23,0.041666666666666664,0.0,0.0,1.0,0.041666666666666664,0.9583333333333334,-1
"((BUN <= 1.701) U[0,0] (Fibrinogen <= 89.974))
",35.812,89.453,0.000,0.000,1.000,1,0,0,23,24,0,1,23,0.041666666666666664,0.0,0.0,1.0,0.041666666666666664,0.9583333333333334,-1
"((Fibrinogen <= 192.603) U[0,1] (PaCO2 <= 31.756))
",-9999999.000,-9999999.000,0.000,0.000,1.000,1,0,0,23,24,0,1,23,0.041666666666666664,0.0,0.0,1.0,0.041666666666666664,0.9583333333333334,-1
"F[0,1](TroponinI >= 0.000 -> Potassium <= 1.086)
",-9999999.000,-9999999.000,0.000,0.000,1.000,1,0,0,23,24,0,1,23,0.041666666666666664,0.0,0.0,1.0,0.041666666666666664,0.9583333333333334,-1
"F[1,2](((pH <= 2.905 -> SepsisLabel <= 0.000) & TroponinI >= 0.000) & Fibrinogen <= 0.000)
",-9999999.000,-9999999.000,0.000,0.000,1.000,0,0,0,24,24,0,0,24,0.0,0.0,0.0,0.0,0.0,1.0,-1
"F[0,0](Fibrinogen >= 1.044 -> Phosphate <= 2.099)
",-1.331,-2.489,0.000,0.000,1.000,0,0,0,24,24,0,0,24,0.0,0.0,0.0,0.0,0.0,1.0,-1
"F[2,2]((Phosphate <= 2.122 | PTT >= 0.422) & DBP <= 8.658)
",2.122,2.122,0.000,0.000,1.000,0,0,0,24,24,0,0,24,0.0,0.0,0.0,0.0,0.0,1.0,-1
"F[0,2]((Magnesium <= 2.873 & Resp >= 5.258) | Phosphate <= 16.719)
",-9999999.000,-9999999.000,0.000,0.000,1.000,0,0,0,24,24,0,0,24,0.0,0.0,0.0,0.0,0.0,1.0,-1
"F[0,0]((Phosphate >= 0.010 & Magnesium > 0.129) -> Calcium < 1.430)
",-5.112,-1.491,0.000,0.000,1.000,0,0,0,24,24,0,0,24,0.0,0.0,0.0,0.0,0.0,1.0,-1
"F[0,2](Hgb <= 2.450 | Hct <= 1.813)
",-9999999.000,-9999999.000,0.000,0.000,1.000,0,0,0,24,24,0,0,24,0.0,0.0,0.0,0.0,0.0,1.0,-1
"F[1,2](((Calcium < 8.365 & Potassium < 2.947) & Magnesium < 2.108) & Phosphate < 3.486)
",-9999999.000,-9999999.000,0.000,0.000,1.000,0,0,0,24,24,0,0,24,0.0,0.0,0.0,0.0,0.0,1.0,-1
"F[0,2]((PaCO2 <= 40.258 -> WBC >= 0.255) & DBP <= 8.089)
",-9999999.000,-9999999.000,0.000,0.000,1.000,0,0,0,24,24,0,0,24,0.0,0.0,0.0,0.0,0.0,1.0,-1
"F[0,1](Hgb <= 9.499 | Hct <= 12.636)
",-9999999.000,-9999999.000,0.000,0.000,1.000,0,0,0,24,24,0,0,24,0.0,0.0,0.0,0.0,0.0,1.0,-1
"F[0,1]((Phosphate >= 0.035 -> BaseExcess >= 0.000) | DBP <= 0.000)
",-9999999.000,-9999999.000,0.000,0.000,1.000,0,0,0,24,24,0,0,24,0.0,0.0,0.0,0.0,0.0,1.0,-1
"F[0,2]((O2Sat >= 33.018 | Lactate >= 0.400) | SBP >= 0.349)
",-9999999.000,-9999999.000,0.000,0.000,1.000,0,0,0,24,24,0,0,24,0.0,0.0,0.0,0.0,0.0,1.0,-1
"F[0,2]((pH <= 6.146 -> Fibrinogen <= 321.407) -> Potassium <= 29.291)
",-9999999.000,-9999999.000,0.000,0.000,1.000,0,0,0,24,24,0,0,24,0.0,0.0,0.0,0.0,0.0,1.0,-1
"F[0,1](SaO2 <= 33.649 | pH >= 0.033)
",-9999999.000,-9999999.000,0.000,0.000,1.000,0,0,0,24,24,0,0,24,0.0,0.0,0.0,0.0,0.0,1.0,-1
"F[1,2]((SBP <= 163.139 | Potassium >= 0.799) | Resp <= 4.057)
",-9999999.000,-9999999.000,0.000,0.000,1.000,0,0,0,24,24,0,0,24,0.0,0.0,0.0,0.0,0.0,1.0,-1
"F[2,2](Hgb <= 8.427 | Hct <= 28.936)
",8144850454011371.000,28.936,0.000,0.000,1.000,0,0,0,24,24,0,0,24,0.0,0.0,0.0,0.0,0.0,1.0,-1
"F[0,2](((Fibrinogen >= 0.832 | Magnesium >= 0.031) & SepsisLabel <= 2.066) -> DBP >= 0.079)
",-9999999.000,-9999999.000,0.000,0.000,1.000,0,0,0,24,24,0,0,24,0.0,0.0,0.0,0.0,0.0,1.0,-1
"F[0,0](Lactate <= 4.537 -> TroponinI >= 0.000)
",-1.558,-3.214,0.000,0.000,1.000,0,0,0,24,24,0,0,24,0.0,0.0,0.0,0.0,0.0,1.0,-1
"F[0,1]((Phosphate >= 0.040 & Magnesium > 0.050) -> Calcium < 4.504)
",-9999999.000,-9999999.000,0.000,0.000,1.000,0,0,0,24,24,0,0,24,0.0,0.0,0.0,0.0,0.0,1.0,-1
"F[0,1](Phosphate >= 0.000 | MAP >= 59.247)
",-9999999.000,-9999999.000,0.000,0.000,1.000,0,0,0,24,24,0,0,24,0.0,0.0,0.0,0.0,0.0,1.0,-1
"F[2,2](((Calcium < 4.574 & Potassium < 4.415) & Magnesium < 2.139) & Phosphate < 1.116)
",1.116,1.116,0.000,0.000,1.000,0,0,0,24,24,0,0,24,0.0,0.0,0.0,0.0,0.0,1.0,-1
"F[1,2](pH >= 0.896 -> Lactate >= 0.361)
",-9999999.000,-9999999.000,0.000,0.000,1.000,0,0,0,24,24,0,0,24,0.0,0.0,0.0,0.0,0.0,1.0,-1
"F[2,2]((WBC <= 1.810 & Creatinine >= 0.035) | WBC <= 1.187)
",1.187,1.187,0.000,0.000,1.000,0,0,0,24,24,0,0,24,0.0,0.0,0.0,0.0,0.0,1.0,-1
"F[0,2]((Creatinine <= 0.568 -> Fibrinogen <= 274.558) | Bilirubin_total <= 97.917)
",-9999999.000,-9999999.000,0.000,0.000,1.000,0,0,0,24,24,0,0,24,0.0,0.0,0.0,0.0,0.0,1.0,-1
"F[0,1](((O2Sat >= 60.703 | Fibrinogen <= 90.131) | HR <= 37.195) | BaseExcess >= 8.570)
",-9999999.000,-9999999.000,0.000,0.000,1.000,0,0,0,24,24,0,0,24,0.0,0.0,0.0,0.0,0.0,1.0,-1
"F[1,2]((Calcium <= 6.973 & Potassium <= 3.558) & Magnesium >= 0.079)
",-9999999.000,-9999999.000,0.000,0.000,1.000,0,0,0,24,24,0,0,24,0.0,0.0,0.0,0.0,0.0,1.0,-1
"F[1,1](Lactate <= 6.596 | PTT <= 4.645)
",6.596,6.596,0.000,0.000,1.000,0,0,0,24,24,0,0,24,0.0,0.0,0.0,0.0,0.0,1.0,-1
"((SBP <= 143.330) U[0,2] (SepsisLabel >= 0.000))
",-9999999.000,-9999999.000,0.000,0.000,1.000,0,0,0,24,24,0,0,24,0.0,0.0,0.0,0.0,0.0,1.0,-1
"((HCO3 >= 0.000) U[0,1] (Chloride >= 0.000))
",-9999999.000,-9999999.000,0.000,0.000,1.000,0,0,0,24,24,0,0,24,0.0,0.0,0.0,0.0,0.0,1.0,-1
"((Fibrinogen >= 4.197) U[0,2] (Chloride <= 0.000))
",-9999999.000,-9999999.000,0.000,0.000,1.000,0,0,0,24,24,0,0,24,0.0,0.0,0.0,0.0,0.0,1.0,-1
"F[0,2]((Alkalinephos >= 0.000 & WBC <= 7.182) | Alkalinephos <= 1.039)
",-9999999.000,-9999999.000,0.000,0.000,1.000,0,0,0,24,24,0,0,24,0.0,0.0,0.0,0.0,0.0,1.0,-1
"((Bilirubin_direct <= 0.000) U[0,1] (EtCO2 <= 0.000))
",-9999999.000,-9999999.000,0.000,0.000,1.000,0,0,0,24,24,0,0,24,0.0,0.0,0.0,0.0,0.0,1.0,-1
"F[0,2](((Calcium < 7.904 & Potassium < 4.295) & Magnesium < 0.180) & Phosphate < 3.759)
",-9999999.000,-9999999.000,0.000,0.000,1.000,0,0,0,24,24,0,0,24,0.0,0.0,0.0,0.0,0.0,1.0,-1
"F[1,2](Hct <= 1.949 -> Temp <= 24.410)
",-9999999.000,-9999999.000,0.000,0.000,1.000,0,0,0,24,24,0,0,24,0.0,0.0,0.0,0.0,0.0,1.0,-1
"((Platelets >= 1.184) U[0,2] (WBC <= 2.386))
",-9999999.000,-9999999.000,0.000,0.000,1.000,0,0,0,24,24,0,0,24,0.0,0.0,0.0,0.0,0.0,1.0,-1
"F[0,2]((WBC >= 0.141 & Chloride <= 0.000) -> Chloride >= 0.000)
",-9999999.000,-9999999.000,0.000,0.000,1.000,0,0,0,24,24,0,0,24,0.0,0.0,0.0,0.0,0.0,1.0,-1
"F[0,2](BaseExcess >= 0.000 & SBP <= 176.668)
",-9999999.000,-9999999.000,0.000,0.000,1.000,0,0,0,24,24,0,0,24,0.0,0.0,0.0,0.0,0.0,1.0,-1
"F[1,2]((HR <= 92.558 -> Calcium <= 5.017) -> pH >= 0.156)
",-9999999.000,-9999999.000,0.000,0.000,1.000,0,0,0,24,24,0,0,24,0.0,0.0,0.0,0.0,0.0,1.0,-1
"F[1,2]((Phosphate >= 0.021 & Magnesium > 0.035) -> Calcium < 6.432)
",-9999999.000,-9999999.000,0.000,0.000,1.000,0,0,0,24,24,0,0,24,0.0,0.0,0.0,0.0,0.0,1.0,-1
"F[0,2](BaseExcess >= 0.000 & Temp <= 34.946)
",-9999999.000,-9999999.000,0.000,0.000,1.000,0,0,0,24,24,0,0,24,0.0,0.0,0.0,0.0,0.0,1.0,-1
"F[0,2](((PTT <= 0.672 | SBP <= 149.000) -> SaO2 >= 119.962) -> Potassium >= 97.286)
",-9999999.000,-9999999.000,0.000,0.000,1.000,0,0,0,24,24,0,0,24,0.0,0.0,0.0,0.0,0.0,1.0,-1
"F[0,0](((Hct <= 23.269 & SepsisLabel >= 0.000) | Fibrinogen >= 0.000) -> PTT >= 0.000)
",-0.209,-0.970,0.000,0.000,1.000,0,0,0,24,24,0,0,24,0.0,0.0,0.0,0.0,0.0,1.0,-1
"F[0,1](((Temp <= 20.170 | Fibrinogen <= 334.879) & DBP <= 390.329) & Magnesium <= 230.693)
",-9999999.000,-9999999.000,0.000,0.000,1.000,0,0,0,24,24,0,0,24,0.0,0.0,0.0,0.0,0.0,1.0,-1
"((MAP >= 30.047) U[2,2] (SBP <= 130.587))
",130.587,130.587,0.000,0.000,1.000,0,0,0,24,24,0,0,24,0.0,0.0,0.0,0.0,0.0,1.0,-1
"F[1,2](PaCO2 <= 7.833 & SaO2 <= 27.693)
",-9999999.000,-9999999.000,0.000,0.000,1.000,0,0,0,24,24,0,0,24,0.0,0.0,0.0,0.0,0.0,1.0,-1
"F[1,2]((BUN <= 15.253 & BUN <= 11.199) | WBC >= 0.740)
",-9999999.000,-9999999.000,0.000,0.000,1.000,0,0,0,24,24,0,0,24,0.0,0.0,0.0,0.0,0.0,1.0,-1
"F[1,1](((DBP <= 89.781 -> Glucose <= 139.708) -> FiO2 <= 178.897) -> Alkalinephos <= 238.354)
",-238.354,-238.354,0.000,0.000,1.000,0,0,0,24,24,0,0,24,0.0,0.0,0.0,0.0,0.0,1.0,-1
"F[0,2]((Temp >= 11.691 & HCO3 <= 0.000) -> SBP <= 0.000)
",-9999999.000,-9999999.000,0.000,0.000,1.000,0,0,0,24,24,0,0,24,0.0,0.0,0.0,0.0,0.0,1.0,-1
"F[0,2]((Calcium <= 1.170 & Potassium <= 2.245) & Magnesium >= 0.097)
",-9999999.000,-9999999.000,0.000,0.000,1.000,0,0,0,24,24,0,0,24,0.0,0.0,0.0,0.0,0.0,1.0,-1
"F[1,2](((Calcium < 3.111 & Potassium < 2.865) & Magnesium < 2.836) & Phosphate < 2.528)
",-9999999.000,-9999999.000,0.000,0.000,1.000,0,0,0,24,24,0,0,24,0.0,0.0,0.0,0.0,0.0,1.0,-1
"F[0,2]((Alkalinephos >= 0.000 -> Fibrinogen >= 4.534) | Alkalinephos >= 1.137)
",-9999999.000,-9999999.000,0.000,0.000,1.000,0,0,0,24,24,0,0,24,0.0,0.0,0.0,0.0,0.0,1.0,-1
"F[0,2](((AST >= 0.000 | Temp >= 10.433) & pH >= 4.683) | FiO2 <= 28.030)
",-9999999.000,-9999999.000,0.000,0.000,1.000,0,0,0,24,24,0,0,24,0.0,0.0,0.0,0.0,0.0,1.0,-1
"F[0,2](((O2Sat <= 88.716 -> MAP >= 68.038) -> Glucose >= 25.494) -> pH >= 86.282)
",-9999999.000,-9999999.000,0.000,0.000,1.000,0,0,0,24,24,0,0,24,0.0,0.0,0.0,0.0,0.0,1.0,-1
"((Phosphate <= 0.753) U[0,0] (Magnesium <= 2.801))
",2.161,2.393,0.000,0.000,1.000,0,0,0,24,24,0,0,24,0.0,0.0,0.0,0.0,0.0,1.0,-1
"F[0,2]((Alkalinephos <= 0.000 | Lactate >= 0.100) | Bilirubin_direct <= 4.910)
",-9999999.000,-9999999.000,0.000,0.000,1.000,0,0,0,24,24,0,0,24,0.0,0.0,0.0,0.0,0.0,1.0,-1
"F[1,2](Chloride >= 0.000 & Creatinine >= 0.075)
",-9999999.000,-9999999.000,0.000,0.000,1.000,0,0,0,24,24,0,0,24,0.0,0.0,0.0,0.0,0.0,1.0,-1
"((SepsisLabel <= 0.000) U[0,2] (Platelets <= 189.099))
",-9999999.000,-9999999.000,0.000,0.000,1.000,0,0,0,24,24,0,0,24,0.0,0.0,0.0,0.0,0.0,1.0,-1
"F[1,2]((Bilirubin_total >= 0.000 | pH >= 0.089) & EtCO2 <= 6.743)
",-9999999.000,-9999999.000,0.000,0.000,1.000,0,0,0,24,24,0,0,24,0.0,0.0,0.0,0.0,0.0,1.0,-1
"F[1,2]((Phosphate >= 0.031 & Magnesium > 0.079) -> Calcium < 2.897)
",-9999999.000,-9999999.000,0.000,0.000,1.000,0,0,0,24,24,0,0,24,0.0,0.0,0.0,0.0,0.0,1.0,-1
"((MAP >= 53.606) U[2,2] (SBP <= 175.192))
",6164015329008719.000,175.192,0.000,0.000,1.000,0,0,0,24,24,0,0,24,0.0,0.0,0.0,0.0,0.0,1.0,-1
"F[1,1](Hgb <= 8.594 -> SepsisLabel = 0.000)
",-8.594,-8.594,0.000,0.000,1.000,0,0,0,24,24,0,0,24,0.0,0.0,0.0,0.0,0.0,1.0,-1
"F[0,2](Glucose >= 36.686 & SepsisLabel = 0.000)
",-9999999.000,-9999999.000,0.000,0.000,1.000,0,0,0,24,24,0,0,24,0.0,0.0,0.0,0.0,0.0,1.0,-1
"F[0,0](((Lactate >= 0.162 | MAP >= 60.045) & EtCO2 >= 17.722) | Calcium <= 128.564)
",128.564,128.564,0.000,0.000,1.000,0,0,0,24,24,0,0,24,0.0,0.0,0.0,0.0,0.0,1.0,-1
"F[1,2](Temp <= 30.371 -> SepsisLabel = 0.000)
",-9999999.000,-9999999.000,0.000,0.000,1.000,0,0,0,24,24,0,0,24,0.0,0.0,0.0,0.0,0.0,1.0,-1
"((SepsisLabel < 0.000) U[0,2] (SepsisLabel = 0.000))
",-9999999.000,-9999999.000,0.000,0.000,1.000,0,0,0,24,24,0,0,24,0.0,0.0,0.0,0.0,0.0,1.0,-1
"F[1,1](((Hct <= 13.205 | MAP >= 28.861) -> Resp <= 125.262) | Magnesium <= 138.913)
",138.913,138.913,0.000,0.000,1.000,0,0,0,24,24,0,0,24,0.0,0.0,0.0,0.0,0.0,1.0,-1
"F[1,2](Potassium <= 2.389 -> SepsisLabel = 0.000)
",-9999999.000,-9999999.000,0.000,0.000,1.000,0,0,0,24,24,0,0,24,0.0,0.0,0.0,0.0,0.0,1.0,-1
"F[0,2](((Hgb <= 5.332 | SBP >= 5.925) -> MAP <= 181.076) & HR <= 139.643)
",-9999999.000,-9999999.000,0.000,0.000,1.000,0,0,0,24,24,0,0,24,0.0,0.0,0.0,0.0,0.0,1.0,-1
"F[1,2](DBP >= 31.967 & SepsisLabel = 0.000)
",-9999999.000,-9999999.000,0.000,0.000,1.000,0,0,0,24,24,0,0,24,0.0,0.0,0.0,0.0,0.0,1.0,-1
"F[1,2]((Hgb >= 0.205 -> TroponinI >= 0.000) | Creatinine <= 0.000)
",-9999999.000,-9999999.000,0.000,0.000,1.000,0,0,0,24,24,0,0,24,0.0,0.0,0.0,0.0,0.0,1.0,-1
"F[2,2](HR >= 62.989 & Potassium <= 1.763)
",-62.989,-62.989,0.000,0.000,1.000,0,0,0,24,24,0,0,24,0.0,0.0,0.0,0.0,0.0,1.0,-1
"F[0,2](HCO3 >= 0.000 & SepsisLabel = 0.000)
",-9999999.000,-9999999.000,0.000,0.000,1.000,0,0,0,24,24,0,0,24,0.0,0.0,0.0,0.0,0.0,1.0,-1
"((Hct <= 27.648) U[0,2] (O2Sat >= 0.590))
",-9999999.000,-9999999.000,0.000,0.000,1.000,0,0,0,24,24,0,0,24,0.0,0.0,0.0,0.0,0.0,1.0,-1
"F[1,2](Phosphate >= 0.058 -> SepsisLabel = 0.000)
",-9999999.000,-9999999.000,0.000,0.000,1.000,0,0,0,24,24,0,0,24,0.0,0.0,0.0,0.0,0.0,1.0,-1
"F[1,2]((Fibrinogen >= 2.267 -> Potassium >= 0.173) & Hgb >= 0.314)
",-9999999.000,-9999999.000,0.000,0.000,1.000,0,0,0,24,24,0,0,24,0.0,0.0,0.0,0.0,0.0,1.0,-1
"F[0,2](Calcium <= 2.640 -> Resp <= 18.372)
",-9999999.000,-9999999.000,0.000,0.000,1.000,0,0,0,24,24,0,0,24,0.0,0.0,0.0,0.0,0.0,1.0,-1
"F[0,2](AST >= 0.000 -> SepsisLabel = 0.000)
",-9999999.000,-9999999.000,0.000,0.000,1.000,0,0,0,24,24,0,0,24,0.0,0.0,0.0,0.0,0.0,1.0,-1
"F[1,2](MAP >= 46.224 -> SepsisLabel = 0.000)
",-9999999.000,-9999999.000,0.000,0.000,1.000,0,0,0,24,24,0,0,24,0.0,0.0,0.0,0.0,0.0,1.0,-1
"F[0,1]((Creatinine <= 0.440 & MAP <= 114.302) | Phosphate <= 131.507)
",-9999999.000,-9999999.000,0.000,0.000,1.000,0,0,0,24,24,0,0,24,0.0,0.0,0.0,0.0,0.0,1.0,-1
"F[1,2]((BUN >= 0.825 & MAP >= 22.074) | Resp <= 128.801)
",-9999999.000,-9999999.000,0.000,0.000,1.000,0,0,0,24,24,0,0,24,0.0,0.0,0.0,0.0,0.0,1.0,-1
"F[1,2](((Creatinine <= 0.188 -> O2Sat >= 63.464) & Hgb <= 91.162) -> AST <= 82.012)
",-9999999.000,-9999999.000,0.000,0.000,1.000,0,0,0,24,24,0,0,24,0.0,0.0,0.0,0.0,0.0,1.0,-1
"F[1,2](((Hgb <= 4.496 & WBC <= 10.346) | Lactate <= 3.752) & SepsisLabel >= 0.116)
",-9999999.000,-9999999.000,0.000,0.000,1.000,0,0,0,24,24,0,0,24,0.0,0.0,0.0,0.0,0.0,1.0,-1
"F[1,1](Resp >= 4.628 | Temp <= 32.947)
",32.947,32.947,0.000,0.000,1.000,0,0,0,24,24,0,0,24,0.0,0.0,0.0,0.0,0.0,1.0,-1
"F[2,2](((Hct >= 0.755 | WBC >= 0.267) -> Resp >= 0.201) -> BUN >= 0.163)
",-0.201,-0.201,0.000,0.000,1.000,0,0,0,24,24,0,0,24,0.0,0.0,0.0,0.0,0.0,1.0,-1
"F[0,2]((DBP <= 85.871 -> HR <= 102.783) & O2Sat <= 100.425)
",-9999999.000,-9999999.000,0.000,0.000,1.000,0,0,0,24,24,0,0,24,0.0,0.0,0.0,0.0,0.0,1.0,-1
"F[0,1](((HR >= 47.799 & O2Sat >= 1.533) | Bilirubin_direct >= 31.696) | BaseExcess <= 97.812)
",-9999999.000,-9999999.000,0.000,0.000,1.000,0,0,0,24,24,0,0,24,0.0,0.0,0.0,0.0,0.0,1.0,-1
"F[0,2](PaCO2 >= 1.228 | Phosphate <= 3.250)
",-9999999.000,-9999999.000,0.000,0.000,1.000,0,0,0,24,24,0,0,24,0.0,0.0,0.0,0.0,0.0,1.0,-1
"F[2,2]((FiO2 <= 0.708 | PaCO2 >= 1.123) | Magnesium <= 38.581)
",38.581,38.581,0.000,0.000,1.000,0,0,0,24,24,0,0,24,0.0,0.0,0.0,0.0,0.0,1.0,-1
"F[1,1]((FiO2 >= 0.053 | Hct <= 19.281) -> HCO3 <= 12.279)
",-19.281,-19.281,0.000,0.000,1.000,0,0,0,24,24,0,0,24,0.0,0.0,0.0,0.0,0.0,1.0,-1
"F[0,2](Hgb <= 4.358 & Potassium >= 0.364)
",-9999999.000,-9999999.000,0.000,0.000,1.000,0,0,0,24,24,0,0,24,0.0,0.0,0.0,0.0,0.0,1.0,-1
"F[0,2]((PaCO2 <= 37.114 | WBC <= 10.310) | pH <= 9.509)
",-9999999.000,-9999999.000,0.000,0.000,1.000,0,0,0,24,24,0,0,24,0.0,0.0,0.0,0.0,0.0,1.0,-1
"F[1,2](pH >= 0.054 -> SepsisLabel = 0.000)
",-9999999.000,-9999999.000,0.000,0.000,1.000,0,0,0,24,24,0,0,24,0.0,0.0,0.0,0.0,0.0,1.0,-1
"F[0,2](Potassium >= 0.073 & SBP <= 167.852)
",-9999999.000,-9999999.000,0.000,0.000,1.000,0,0,0,24,24,0,0,24,0.0,0.0,0.0,0.0,0.0,1.0,-1
"F[2,2](SBP > 22.795 -> SepsisLabel = 0.000)
",0.000,0.000,0.000,0.000,1.000,0,0,0,24,24,0,0,24,0.0,0.0,0.0,0.0,0.0,1.0,-1
"F[1,1]((pH <= 1.463 & SBP <= 153.430) -> Bilirubin_total <= 170.588)
",-170.588,-170.588,0.000,0.000,1.000,0,0,0,24,24,0,0,24,0.0,0.0,0.0,0.0,0.0,1.0,-1
"F[1,2](FiO2 >= 0.005 | HR <= 107.538)
",-9999999.000,-9999999.000,0.000,0.000,1.000,0,0,0,24,24,0,0,24,0.0,0.0,0.0,0.0,0.0,1.0,-1
"F[0,1]((Fibrinogen <= 61.572 & SaO2 >= 0.806) -> Lactate >= 4.280)
",-9999999.000,-9999999.000,0.000,0.000,1.000,0,0,0,24,24,0,0,24,0.0,0.0,0.0,0.0,0.0,1.0,-1
"F[0,2]((PTT >= 0.209 | SaO2 <= 29.581) | O2Sat >= 10.254)
",-9999999.000,-9999999.000,0.000,0.000,1.000,0,0,0,24,24,0,0,24,0.0,0.0,0.0,0.0,0.0,1.0,-1
"((Bilirubin_total <= 0.000) U[2,2] (SepsisLabel = 0.000))
",0.000,0.000,0.000,0.000,1.000,0,0,0,24,24,0,0,24,0.0,0.0,0.0,0.0,0.0,1.0,-1
"F[1,2]((Temp <= 31.986 -> WBC >= 0.104) | Chloride >= 0.190)
",-9999999.000,-9999999.000,0.000,0.000,1.000,0,0,0,24,24,0,0,24,0.0,0.0,0.0,0.0,0.0,1.0,-1
"((FiO2 <= 0.951) U[1,2] (O2Sat <= 87.304))
",-9999999.000,-9999999.000,0.000,0.000,1.000,0,0,0,24,24,0,0,24,0.0,0.0,0.0,0.0,0.0,1.0,-1
"F[0,2]((BUN <= 9.082 | Lactate >= 0.356) -> DBP <= 5.396)
",-9999999.000,-9999999.000,0.000,0.000,1.000,0,0,0,24,24,0,0,24,0.0,0.0,0.0,0.0,0.0,1.0,-1
"F[1,1](Lactate >= 0.430 -> O2Sat >= 47.328)
",0.430,0.430,0.000,0.000,1.000,0,0,0,24,24,0,0,24,0.0,0.0,0.0,0.0,0.0,1.0,-1
"F[2,2]((Calcium >= 0.297 -> MAP >= 33.705) -> Hgb <= 114.280)
",-114.280,-114.280,0.000,0.000,1.000,0,0,0,24,24,0,0,24,0.0,0.0,0.0,0.0,0.0,1.0,-1
"F[0,1](Hct > 0.281 -> SepsisLabel = 0.000)
",-9999999.000,-9999999.000,0.000,0.000,1.000,0,0,0,24,24,0,0,24,0.0,0.0,0.0,0.0,0.0,1.0,-1
"F[0,2]((Creatinine <= 0.763 | SaO2 >= 2.421) & Fibrinogen <= 31.707)
",-9999999.000,-9999999.000,0.000,0.000,1.000,0,0,0,24,24,0,0,24,0.0,0.0,0.0,0.0,0.0,1.0,-1
"F[0,2]((DBP <= 88.597 & PaCO2 >= 0.609) -> EtCO2 >= 4.757)
",-9999999.000,-9999999.000,0.000,0.000,1.000,0,0,0,24,24,0,0,24,0.0,0.0,0.0,0.0,0.0,1.0,-1
"((Fibrinogen >= 5.044) U[0,2] (Temp <= 28.045))
",-9999999.000,-9999999.000,0.000,0.000,1.000,0,0,0,24,24,0,0,24,0.0,0.0,0.0,0.0,0.0,1.0,-1
"((Resp >= 12.704) U[0,2] (SepsisLabel = 0.000))
",-9999999.000,-9999999.000,0.000,0.000,1.000,0,0,0,24,24,0,0,24,0.0,0.0,0.0,0.0,0.0,1.0,-1
"((Hgb > 0.272) U[0,2] (SepsisLabel = 0.000))
",-9999999.000,-9999999.000,0.000,0.000,1.000,0,0,0,24,24,0,0,24,0.0,0.0,0.0,0.0,0.0,1.0,-1
"((Magnesium >= 0.138) U[0,2] (MAP <= 101.793))
",-9999999.000,-9999999.000,0.000,0.000,1.000,0,0,0,24,24,0,0,24,0.0,0.0,0.0,0.0,0.0,1.0,-1
"F[2,2](((Calcium >= 0.663 | DBP <= 74.280) & DBP >= 55.295) -> SepsisLabel >= 68.875)
",55.295,55.295,0.000,0.000,1.000,0,0,0,24,24,0,0,24,0.0,0.0,0.0,0.0,0.0,1.0,-1
"F[0,2](((BUN <= 11.827 -> SBP <= 131.357) -> AST >= 62.230) & EtCO2 <= 180.317)
",-9999999.000,-9999999.000,0.000,0.000,1.000,0,0,0,24,24,0,0,24,0.0,0.0,0.0,0.0,0.0,1.0,-1
"F[1,2](Phosphate >= 0.051 -> SepsisLabel = 0.000)
",-9999999.000,-9999999.000,0.000,0.000,1.000,0,0,0,24,24,0,0,24,0.0,0.0,0.0,0.0,0.0,1.0,-1
"F[0,2](((BUN >= 0.346 & HR <= 81.041) -> HR >= 12.033) -> Resp >= 50.474)
",-9999999.000,-9999999.000,0.000,0.000,1.000,0,0,0,24,24,0,0,24,0.0,0.0,0.0,0.0,0.0,1.0,-1
"F[1,1](((HR >= 0.261 | Magnesium >= 0.057) -> HCO3 <= 0.730) | BUN <= 0.884)
",0.884,0.884,0.000,0.000,1.000,0,0,0,24,24,0,0,24,0.0,0.0,0.0,0.0,0.0,1.0,-1
"F[1,2]((pH >= 0.872 & Platelets <= 16.165) -> Temp >= 7.025)
",-9999999.000,-9999999.000,0.000,0.000,1.000,0,0,0,24,24,0,0,24,0.0,0.0,0.0,0.0,0.0,1.0,-1
"((PTT >= 0.240) U[0,1] (SepsisLabel = 0.000))
",-9999999.000,-9999999.000,0.000,0.000,1.000,0,0,0,24,24,0,0,24,0.0,0.0,0.0,0.0,0.0,1.0,-1
"F[0,1](Bilirubin_direct >= 0.000 & SepsisLabel = 0.000)
",-9999999.000,-9999999.000,0.000,0.000,1.000,0,0,0,24,24,0,0,24,0.0,0.0,0.0,0.0,0.0,1.0,-1
"F[2,2]((Phosphate >= 0.039 & Magnesium > 0.060) -> Calcium < 4.679)
",-4.679,-4.679,0.000,0.000,1.000,0,0,0,24,24,0,0,24,0.0,0.0,0.0,0.0,0.0,1.0,-1
"F[0,2]((Calcium <= 8.838 -> Fibrinogen <= 73.094) -> pH >= 5.411)
",-9999999.000,-9999999.000,0.000,0.000,1.000,0,0,0,24,24,0,0,24,0.0,0.0,0.0,0.0,0.0,1.0,-1
"F[2,2](((Creatinine <= 0.319 | Hgb <= 2.217) & Magnesium <= 0.413) -> Fibrinogen <= 6.481)
",-6.481,-6.481,0.000,0.000,1.000,0,0,0,24,24,0,0,24,0.0,0.0,0.0,0.0,0.0,1.0,-1
"F[0,2](((DBP <= 73.379 | Lactate <= 4.079) | HCO3 >= 0.078) -> Calcium <= 3.759)
",-9999999.000,-9999999.000,0.000,0.000,1.000,0,0,0,24,24,0,0,24,0.0,0.0,0.0,0.0,0.0,1.0,-1
"((Bilirubin_direct >= 0.000) U[0,1] (SepsisLabel = 0.000))
",-9999999.000,-9999999.000,0.000,0.000,1.000,0,0,0,24,24,0,0,24,0.0,0.0,0.0,0.0,0.0,1.0,-1
"F[1,2]((HR >= 65.017 -> pH >= 0.742) & Phosphate <= 5.775)
",-9999999.000,-9999999.000,0.000,0.000,1.000,0,0,0,24,24,0,0,24,0.0,0.0,0.0,0.0,0.0,1.0,-1
"F[0,2]((HR >= 12.636 & PaCO2 >= 2.995) & Bilirubin_direct >= 1.759)
",-9999999.000,-9999999.000,0.000,0.000,1.000,0,0,0,24,24,0,0,24,0.0,0.0,0.0,0.0,0.0,1.0,-1
"F[0,2](((Hct <= 6.319 & pH <= 6.101) & AST <= 4.892) & SBP <= 4.505)
",-9999999.000,-9999999.000,0.000,0.000,1.000,0,0,0,24,24,0,0,24,0.0,0.0,0.0,0.0,0.0,1.0,-1
"F[2,2]((Calcium <= 6.122 & Potassium <= 3.560) & Magnesium >= 0.032)
",-0.032,-0.032,0.000,0.000,1.000,0,0,0,24,24,0,0,24,0.0,0.0,0.0,0.0,0.0,1.0,-1
"F[0,2](PaCO2 < 12.407 & SepsisLabel = 0.000)
",-9999999.000,-9999999.000,0.000,0.000,1.000,0,0,0,24,24,0,0,24,0.0,0.0,0.0,0.0,0.0,1.0,-1
"F[0,1]((Creatinine >= 0.007 -> Lactate <= 6.424) | Creatinine >= 0.247)
",-9999999.000,-9999999.000,0.000,0.000,1.000,0,0,0,24,24,0,0,24,0.0,0.0,0.0,0.0,0.0,1.0,-1
"F[2,2](Alkalinephos <= 0.000 & SepsisLabel = 0.000)
",0.000,0.000,0.000,0.000,1.000,0,0,0,24,24,0,0,24,0.0,0.0,0.0,0.0,0.0,1.0,-1
"((Hgb <= 8.829) U[0,1] (SepsisLabel = 0.000))
",-9999999.000,-9999999.000,0.000,0.000,1.000,0,0,0,24,24,0,0,24,0.0,0.0,0.0,0.0,0.0,1.0,-1
"F[0,2]((Platelets <= 119.726 | SaO2 >= 11.336) | Potassium >= 10.788)
",-9999999.000,-9999999.000,0.000,0.000,1.000,0,0,0,24,24,0,0,24,0.0,0.0,0.0,0.0,0.0,1.0,-1
"F[0,2](AST <= 0.000 & SepsisLabel = 0.000)
",-9999999.000,-9999999.000,0.000,0.000,1.000,0,0,0,24,24,0,0,24,0.0,0.0,0.0,0.0,0.0,1.0,-1
"F[0,2](((Lactate >= 0.351 | SaO2 <= 56.216) & DBP >= 9.500) | PaCO2 <= 25.191)
",-9999999.000,-9999999.000,0.000,0.000,1.000,0,0,0,24,24,0,0,24,0.0,0.0,0.0,0.0,0.0,1.0,-1
"F[0,1](((Hgb >= 0.296 | Magnesium >= 0.056) & pH >= 0.004) -> Bilirubin_total <= 2.050)
",-9999999.000,-9999999.000,0.000,0.000,1.000,0,0,0,24,24,0,0,24,0.0,0.0,0.0,0.0,0.0,1.0,-1
"F[0,2](((BUN >= 0.336 -> Magnesium <= 1.942) | Bilirubin_total >= 0.077) | BaseExcess <= 2.231)
",-9999999.000,-9999999.000,0.000,0.000,1.000,0,0,0,24,24,0,0,24,0.0,0.0,0.0,0.0,0.0,1.0,-1
"F[2,2]((Bilirubin_total <= 0.000 | EtCO2 <= 0.000) & BUN <= 0.000)
",0.000,0.000,0.000,0.000,1.000,0,0,0,24,24,0,0,24,0.0,0.0,0.0,0.0,0.0,1.0,-1
"((MAP >= 88.899) U[0,2] (SBP <= 135.323))
",-9999999.000,-9999999.000,0.000,0.000,1.000,0,0,0,24,24,0,0,24,0.0,0.0,0.0,0.0,0.0,1.0,-1
"F[1,2]((Phosphate >= 0.004 & Magnesium > 0.067) -> Calcium < 2.462)
",-9999999.000,-9999999.000,0.000,0.000,1.000,0,0,0,24,24,0,0,24,0.0,0.0,0.0,0.0,0.0,1.0,-1
"F[1,2](((PTT <= 23.493 & Potassium <= 0.925) & SBP >= 0.518) -> Fibrinogen <= 3.364)
",-9999999.000,-9999999.000,0.000,0.000,1.000,0,0,0,24,24,0,0,24,0.0,0.0,0.0,0.0,0.0,1.0,-1
"F[1,2]((BUN >= 0.255 & Resp <= 15.503) & Alkalinephos >= 4.354)
",-9999999.000,-9999999.000,0.000,0.000,1.000,0,0,0,24,24,0,0,24,0.0,0.0,0.0,0.0,0.0,1.0,-1
"F[1,2]((Fibrinogen >= 2.370 | FiO2 >= 0.011) & HR <= 0.133)
",-9999999.000,-9999999.000,0.000,0.000,1.000,0,0,0,24,24,0,0,24,0.0,0.0,0.0,0.0,0.0,1.0,-1
"F[1,2]((Calcium <= 7.856 & Potassium <= 3.560) & Magnesium >= 0.010)
",-9999999.000,-9999999.000,0.000,0.000,1.000,0,0,0,24,24,0,0,24,0.0,0.0,0.0,0.0,0.0,1.0,-1
"F[1,2]((DBP >= 15.174 & Fibrinogen >= 8.132) | Lactate <= 371.573)
",-9999999.000,-9999999.000,0.000,0.000,1.000,0,0,0,24,24,0,0,24,0.0,0.0,0.0,0.0,0.0,1.0,-1
"F[0,1](((Glucose <= 157.419 -> Hgb <= 9.882) | BUN <= 6.598) & TroponinI <= 5.432)
",-9999999.000,-9999999.000,0.000,0.000,1.000,0,0,0,24,24,0,0,24,0.0,0.0,0.0,0.0,0.0,1.0,-1
"F[0,1](BUN <= 10.907 | Creatinine >= 0.032)
",-9999999.000,-9999999.000,0.000,0.000,1.000,0,0,0,24,24,0,0,24,0.0,0.0,0.0,0.0,0.0,1.0,-1
"F[2,2](((DBP <= 75.174 & MAP <= 109.451) | Creatinine >= 45.122) -> Resp <= 97.404)
",-97.404,-97.404,0.000,0.000,1.000,0,0,0,24,24,0,0,24,0.0,0.0,0.0,0.0,0.0,1.0,-1
"F[0,2](Lactate <= 0.955 -> Resp <= 21.755)
",-9999999.000,-9999999.000,0.000,0.000,1.000,0,0,0,24,24,0,0,24,0.0,0.0,0.0,0.0,0.0,1.0,-1
"F[0,2]((Fibrinogen <= 385.996 | O2Sat <= 84.365) | PaCO2 <= 83.959)
",-9999999.000,-9999999.000,0.000,0.000,1.000,0,0,0,24,24,0,0,24,0.0,0.0,0.0,0.0,0.0,1.0,-1
"F[1,2](((O2Sat >= 56.510 | PTT >= 0.068) & FiO2 <= 6.435) -> Lactate <= 16.348)
",-9999999.000,-9999999.000,0.000,0.000,1.000,0,0,0,24,24,0,0,24,0.0,0.0,0.0,0.0,0.0,1.0,-1
"((SaO2 >= 8.764) U[0,1] (SepsisLabel = 0.000))
",-9999999.000,-9999999.000,0.000,0.000,1.000,0,0,0,24,24,0,0,24,0.0,0.0,0.0,0.0,0.0,1.0,-1
"F[0,2](((PaCO2 >= 5.109 | Resp <= 21.956) -> Potassium <= 17.289) -> SepsisLabel >= 11.952)
",-9999999.000,-9999999.000,0.000,0.000,1.000,0,0,0,24,24,0,0,24,0.0,0.0,0.0,0.0,0.0,1.0,-1
"F[1,2]((Calcium <= 7.926 & Glucose <= 231.537) -> HR <= 191.966)
",-9999999.000,-9999999.000,0.000,0.000,1.000,0,0,0,24,24,0,0,24,0.0,0.0,0.0,0.0,0.0,1.0,-1
"F[1,1]((WBC >= 0.059 | Alkalinephos >= 0.000) -> Bilirubin_total >= 0.000)
",0.000,0.000,0.000,0.000,1.000,0,0,0,24,24,0,0,24,0.0,0.0,0.0,0.0,0.0,1.0,-1
"F[0,2](((Calcium >= 0.133 & Phosphate >= 0.017) -> Creatinine >= 0.007) & Hgb <= 2.024)
",-9999999.000,-9999999.000,0.000,0.000,1.000,0,0,0,24,24,0,0,24,0.0,0.0,0.0,0.0,0.0,1.0,-1
"F[1,1](Hgb <= 5.493 | Hct <= 29.835)
",29.835,29.835,0.000,0.000,1.000,0,0,0,24,24,0,0,24,0.0,0.0,0.0,0.0,0.0,1.0,-1
"F[1,2](((Temp <= 25.809 & Potassium <= 1.693) & pH >= 0.397) -> BUN >= 0.478)
",-9999999.000,-9999999.000,0.000,0.000,1.000,0,0,0,24,24,0,0,24,0.0,0.0,0.0,0.0,0.0,1.0,-1
"F[0,2](((Calcium < 5.288 & Potassium < 4.392) & Magnesium < 1.591) & Phosphate < 3.101)
",-9999999.000,-9999999.000,0.000,0.000,1.000,0,0,0,24,24,0,0,24,0.0,0.0,0.0,0.0,0.0,1.0,-1
"F[0,1]((Alkalinephos <= 0.000 | Bilirubin_total >= 0.000) -> BaseExcess >= 0.000)
",-9999999.000,-9999999.000,0.000,0.000,1.000,0,0,0,24,24,0,0,24,0.0,0.0,0.0,0.0,0.0,1.0,-1
"F[0,0](Alkalinephos <= 0.000 | Hgb <= 3.495)
",0.689,2.682,0.000,0.000,1.000,0,0,0,24,24,0,0,24,0.0,0.0,0.0,0.0,0.0,1.0,-1
"((Glucose <= 109.338) U[0,2] (Potassium >= 0.218))
",-9999999.000,-9999999.000,0.000,0.000,1.000,0,0,0,24,24,0,0,24,0.0,0.0,0.0,0.0,0.0,1.0,-1
"F[2,2](((Alkalinephos <= 0.000 | TroponinI >= 0.000) | pH >= 0.000) & Resp >= 0.000)
",0.000,0.000,0.000,0.000,1.000,0,0,0,24,24,0,0,24,0.0,0.0,0.0,0.0,0.0,1.0,-1
"F[1,1](Resp <= 18.774 | SBP <= 182.910)
",6435568270999073.000,182.910,0.000,0.000,1.000,0,0,0,24,24,0,0,24,0.0,0.0,0.0,0.0,0.0,1.0,-1
"F[0,2](((Resp >= 5.379 & EtCO2 <= 0.000) & Temp >= 0.000) -> Creatinine >= 0.000)
",-9999999.000,-9999999.000,0.000,0.000,1.000,0,0,0,24,24,0,0,24,0.0,0.0,0.0,0.0,0.0,1.0,-1
"F[2,2](((Temp <= 36.721 -> Phosphate <= 0.682) | PaCO2 >= 0.042) | HR >= 0.028)
",-8119479456290999.000,-0.028,0.000,0.000,1.000,0,0,0,24,24,0,0,24,0.0,0.0,0.0,0.0,0.0,1.0,-1
"F[1,1](Hgb <= 6.507 -> AST >= 0.000)
",-6.507,-6.507,0.000,0.000,1.000,0,0,0,24,24,0,0,24,0.0,0.0,0.0,0.0,0.0,1.0,-1
"F[1,2](((Bilirubin_total >= 0.000 & TroponinI >= 0.000) & PaCO2 >= 0.000) | SBP <= 0.000)
",-9999999.000,-9999999.000,0.000,0.000,1.000,0,0,0,24,24,0,0,24,0.0,0.0,0.0,0.0,0.0,1.0,-1
"F[0,1]((TroponinI >= 0.000 & TroponinI <= 0.000) & WBC >= 0.000)
",-9999999.000,-9999999.000,0.000,0.000,1.000,0,0,0,24,24,0,0,24,0.0,0.0,0.0,0.0,0.0,1.0,-1
"F[2,2](SaO2 <= 32.967 | BaseExcess <= 0.000)
",32.967,32.967,0.000,0.000,1.000,0,0,0,24,24,0,0,24,0.0,0.0,0.0,0.0,0.0,1.0,-1
"F[0,2](((Lactate <= 6.000 & SepsisLabel <= 0.000) -> TroponinI <= 0.000) & Hgb >= 0.000)
",-9999999.000,-9999999.000,0.000,0.000,1.000,0,0,0,24,24,0,0,24,0.0,0.0,0.0,0.0,0.0,1.0,-1
"F[1,2](Hgb >= 0.292 -> Platelets >= 3.633)
",-9999999.000,-9999999.000,0.000,0.000,1.000,0,0,0,24,24,0,0,24,0.0,0.0,0.0,0.0,0.0,1.0,-1
"F[1,2]((Fibrinogen >= 5.954 | HR >= 26.284) & Creatinine <= 98.483)
",-9999999.000,-9999999.000,0.000,0.000,1.000,0,0,0,24,24,0,0,24,0.0,0.0,0.0,0.0,0.0,1.0,-1
"((AST <= 0.000) U[1,2] (SepsisLabel = 0.000))
",-9999999.000,-9999999.000,0.000,0.000,1.000,0,0,0,24,24,0,0,24,0.0,0.0,0.0,0.0,0.0,1.0,-1
"((Potassium <= 2.014) U[1,2] (WBC >= 0.279))
",-9999999.000,-9999999.000,0.000,0.000,1.000,0,0,0,24,24,0,0,24,0.0,0.0,0.0,0.0,0.0,1.0,-1
"((Calcium >= 0.615) U[0,2] (Platelets >= 2.865))
",-9999999.000,-9999999.000,0.000,0.000,1.000,0,0,0,24,24,0,0,24,0.0,0.0,0.0,0.0,0.0,1.0,-1
"((Magnesium <= 1.235) U[1,2] (WBC >= 0.010))
",-9999999.000,-9999999.000,0.000,0.000,1.000,0,0,0,24,24,0,0,24,0.0,0.0,0.0,0.0,0.0,1.0,-1
"F[0,1]((Hgb >= 0.029 -> Platelets <= 82.257) -> Magnesium <= 68.311)
",-9999999.000,-9999999.000,0.000,0.000,1.000,0,0,0,24,24,0,0,24,0.0,0.0,0.0,0.0,0.0,1.0,-1
"F[2,2](Creatinine >= 0.072 & Hct >= 1.052)
",-1.052,-1.052,0.000,0.000,1.000,0,0,0,24,24,0,0,24,0.0,0.0,0.0,0.0,0.0,1.0,-1
"F[0,2](((Calcium >= 0.072 | Potassium >= 0.223) -> SaO2 >= 0.346) | Chloride >= 0.315)
",-9999999.000,-9999999.000,0.000,0.000,1.000,0,0,0,24,24,0,0,24,0.0,0.0,0.0,0.0,0.0,1.0,-1
"F[0,2](((BUN <= 7.769 & Hgb >= 0.347) -> Phosphate >= 0.075) | Magnesium >= 0.071)
",-9999999.000,-9999999.000,0.000,0.000,1.000,0,0,0,24,24,0,0,24,0.0,0.0,0.0,0.0,0.0,1.0,-1
"F[1,2]((Magnesium >= 0.083 -> Phosphate >= 0.010) | Glucose <= 1.840)
",-9999999.000,-9999999.000,0.000,0.000,1.000,0,0,0,24,24,0,0,24,0.0,0.0,0.0,0.0,0.0,1.0,-1
"F[0,0](((Lactate >= 0.355 | Potassium <= 4.168) -> O2Sat <= 3.738) -> AST <= 3.350)
",0.284,9.146,0.000,0.000,1.000,0,0,0,24,24,0,0,24,0.0,0.0,0.0,0.0,0.0,1.0,-1
"F[2,2]((pH <= 1.812 -> Potassium >= 0.495) -> Platelets >= 0.307)
",0.307,0.307,0.000,0.000,1.000,0,0,0,24,24,0,0,24,0.0,0.0,0.0,0.0,0.0,1.0,-1
"F[0,2](BUN <= 7.885 -> WBC <= 5.375)
",-9999999.000,-9999999.000,0.000,0.000,1.000,0,0,0,24,24,0,0,24,0.0,0.0,0.0,0.0,0.0,1.0,-1
"F[1,2](((Hgb <= 8.763 & Phosphate <= 1.554) -> AST >= 0.018) | Hct <= 3.840)
",-9999999.000,-9999999.000,0.000,0.000,1.000,0,0,0,24,24,0,0,24,0.0,0.0,0.0,0.0,0.0,1.0,-1
"F[0,1]((Calcium <= 3.384 -> Hct <= 23.321) | Creatinine <= 3.558)
",-9999999.000,-9999999.000,0.000,0.000,1.000,0,0,0,24,24,0,0,24,0.0,0.0,0.0,0.0,0.0,1.0,-1
"((Glucose <= 126.939) U[0,2] (PaCO2 >= 4.450))
",-9999999.000,-9999999.000,0.000,0.000,1.000,0,0,0,24,24,0,0,24,0.0,0.0,0.0,0.0,0.0,1.0,-1
"((HR <= 104.386) U[2,2] (Temp <= 21.799))
",104.386,104.386,0.000,0.000,1.000,0,0,0,24,24,0,0,24,0.0,0.0,0.0,0.0,0.0,1.0,-1
"F[0,2](((HR <= 84.275 -> Resp >= 1.275) & PaCO2 <= 18.313) -> WBC <= 14.551)
",-9999999.000,-9999999.000,0.000,0.000,1.000,0,0,0,24,24,0,0,24,0.0,0.0,0.0,0.0,0.0,1.0,-1
"F[1,2](BUN <= 12.980 | Potassium >= 0.497)
",-9999999.000,-9999999.000,0.000,0.000,1.000,0,0,0,24,24,0,0,24,0.0,0.0,0.0,0.0,0.0,1.0,-1
"F[0,2]((FiO2 >= 0.059 | PTT <= 21.925) & Bilirubin_total <= 20.849)
",-9999999.000,-9999999.000,0.000,0.000,1.000,0,0,0,24,24,0,0,24,0.0,0.0,0.0,0.0,0.0,1.0,-1
"F[2,2]((DBP <= 95.671 -> SBP <= 181.976) | BUN <= 149.633)
",149.633,149.633,0.000,0.000,1.000,0,0,0,24,24,0,0,24,0.0,0.0,0.0,0.0,0.0,1.0,-1
"F[1,2]((Fibrinogen <= 115.676 | MAP >= 30.834) | FiO2 >= 16.606)
",-9999999.000,-9999999.000,0.000,0.000,1.000,0,0,0,24,24,0,0,24,0.0,0.0,0.0,0.0,0.0,1.0,-1
"F[1,2]((Lactate >= 0.492 & Platelets <= 136.079) -> Temp >= 6.208)
",-9999999.000,-9999999.000,0.000,0.000,1.000,0,0,0,24,24,0,0,24,0.0,0.0,0.0,0.0,0.0,1.0,-1
"F[0,1](Alkalinephos < 0.000 -> SepsisLabel = 0.000)
",-9999999.000,-9999999.000,0.000,0.000,1.000,0,0,0,24,24,0,0,24,0.0,0.0,0.0,0.0,0.0,1.0,-1
"F[0,2]((FiO2 >= 0.025 -> Resp >= 11.706) -> HCO3 <= 15.465)
",-9999999.000,-9999999.000,0.000,0.000,1.000,0,0,0,24,24,0,0,24,0.0,0.0,0.0,0.0,0.0,1.0,-1
"F[1,2]((PaCO2 >= 3.916 -> pH <= 5.345) & MAP <= 1.676)
",-9999999.000,-9999999.000,0.000,0.000,1.000,0,0,0,24,24,0,0,24,0.0,0.0,0.0,0.0,0.0,1.0,-1
"F[1,2](((Lactate >= 0.207 & Temp >= 18.195) & BUN <= 24.059) | Bilirubin_total >= 8.311)
",-9999999.000,-9999999.000,0.000,0.000,1.000,0,0,0,24,24,0,0,24,0.0,0.0,0.0,0.0,0.0,1.0,-1
"F[1,1](Fibrinogen >= 2.490 -> Resp <= 20.463)
",-20.463,-20.463,0.000,0.000,1.000,0,0,0,24,24,0,0,24,0.0,0.0,0.0,0.0,0.0,1.0,-1
"((Calcium >= 0.469) U[0,1] (FiO2 <= 0.722))
",-9999999.000,-9999999.000,0.000,0.000,1.000,0,0,0,24,24,0,0,24,0.0,0.0,0.0,0.0,0.0,1.0,-1
"F[2,2](Phosphate < 1.839 -> SepsisLabel = 0.000)
",-1.839,-1.839,0.000,0.000,1.000,0,0,0,24,24,0,0,24,0.0,0.0,0.0,0.0,0.0,1.0,-1
"F[0,2]((Hgb <= 9.303 & PaCO2 >= 1.619) | WBC <= 5.855)
",-9999999.000,-9999999.000,0.000,0.000,1.000,0,0,0,24,24,0,0,24,0.0,0.0,0.0,0.0,0.0,1.0,-1
"F[1,2](((Magnesium <= 1.052 & PaCO2 >= 4.842) -> EtCO2 <= 27.724) -> BUN <= 15.000)
",-9999999.000,-9999999.000,0.000,0.000,1.000,0,0,0,24,24,0,0,24,0.0,0.0,0.0,0.0,0.0,1.0,-1
"F[2,2](Hct >= 0.099 & Lactate <= 1.877)
",-7167321667041611.000,-0.099,0.000,0.000,1.000,0,0,0,24,24,0,0,24,0.0,0.0,0.0,0.0,0.0,1.0,-1
"F[1,2](Potassium <= 2.329 | Resp >= 4.443)
",-9999999.000,-9999999.000,0.000,0.000,1.000,0,0,0,24,24,0,0,24,0.0,0.0,0.0,0.0,0.0,1.0,-1
"F[1,2](((DBP >= 12.691 & Glucose >= 5.276) & WBC <= 164.564) | HR >= 42.300)
",-9999999.000,-9999999.000,0.000,0.000,1.000,0,0,0,24,24,0,0,24,0.0,0.0,0.0,0.0,0.0,1.0,-1
"F[1,2](((Hgb >= 0.303 & Lactate >= 0.089) | MAP >= 0.068) & TroponinI <= 2.517)
",-9999999.000,-9999999.000,0.000,0.000,1.000,0,0,0,24,24,0,0,24,0.0,0.0,0.0,0.0,0.0,1.0,-1
"F[0,2](((Glucose >= 40.479 | MAP <= 91.954) & Chloride >= 24.114) -> SaO2 >= 43.044)
",-9999999.000,-9999999.000,0.000,0.000,1.000,0,0,0,24,24,0,0,24,0.0,0.0,0.0,0.0,0.0,1.0,-1
"F[0,2](((PaCO2 >= 3.682 | Temp >= 13.230) & Temp >= 19.110) -> O2Sat <= 37.244)
",-9999999.000,-9999999.000,0.000,0.000,1.000,0,0,0,24,24,0,0,24,0.0,0.0,0.0,0.0,0.0,1.0,-1
"F[1,2](((BUN >= 0.687 | Temp <= 31.893) & Resp <= 19.726) -> Alkalinephos <= 20.373)
",-9999999.000,-9999999.000,0.000,0.000,1.000,0,0,0,24,24,0,0,24,0.0,0.0,0.0,0.0,0.0,1.0,-1
"G[0,2](DBP >= 27.715 & SaO2 <= 86.459)
",9999999.000,9999999.000,0.000,1.000,0.000,0,0,14,10,10,14,14,10,0.0,0.0,1.0,0.0,0.0,1.0,1
"F[0,1](Hgb <= 1.573 | Hct <= 26.828)
",-9999999.000,-9999999.000,0.000,0.000,1.000,0,0,0,24,24,0,0,24,0.0,0.0,0.0,0.0,0.0,1.0,-1
"G[1,2]((MAP <= 108.634 -> O2Sat <= 94.558) | HCO3 >= 18.540)
",9999999.000,9999999.000,0.000,1.000,0.000,0,0,15,9,9,15,15,9,0.0,0.0,1.0,0.0,0.0,1.0,1
"G[1,2](Chloride >= 0.000 & HCO3 >= 0.000)
",9999999.000,9999999.000,0.000,1.000,0.000,0,0,24,0,0,24,24,0,0.0,0.0,1.0,0.0,0.0,1.0,1
"G[0,2](BUN <= 17.478 & Creatinine >= 0.027)
",9999999.000,9999999.000,0.000,1.000,0.000,0,0,0,24,24,0,0,24,0.0,0.0,0.0,0.0,0.0,1.0,1
"G[1,2](Platelets <= 66.898 -> WBC >= 0.203)
",9999999.000,9999999.000,0.000,1.000,0.000,0,0,1,23,23,1,1,23,0.0,0.0,1.0,0.0,0.0,1.0,1
"G[2,2](Chloride >= 0.000 & HCO3 >= 0.000)
",0.000,0.000,0.000,1.000,0.000,0,0,24,0,0,24,24,0,0.0,0.0,1.0,0.0,0.0,1.0,1
"G[1,2](BUN <= 10.429 & Creatinine >= 0.082)
",9999999.000,9999999.000,0.000,1.000,0.000,0,0,0,24,24,0,0,24,0.0,0.0,0.0,0.0,0.0,1.0,1
"G[1,2](((Hgb <= 6.285 | Hct <= 24.983) -> WBC >= 0.370) & Platelets >= 6.894)
",9999999.000,9999999.000,0.000,1.000,0.000,0,0,1,23,23,1,1,23,0.0,0.0,1.0,0.0,0.0,1.0,1
"G[0,2](Platelets <= 39.213 -> WBC >= 0.233)
",9999999.000,9999999.000,0.000,1.000,0.000,0,0,1,23,23,1,1,23,0.0,0.0,1.0,0.0,0.0,1.0,1
"G[0,2](((Hgb <= 1.554 | Hct <= 5.128) -> WBC >= 0.344) & Platelets >= 8.460)
",9999999.000,9999999.000,0.000,1.000,0.000,0,0,0,24,24,0,0,24,0.0,0.0,0.0,0.0,0.0,1.0,1
"G[0,2](Platelets <= 24.141 -> WBC >= 0.287)
",9999999.000,9999999.000,0.000,1.000,0.000,0,0,1,23,23,1,1,23,0.0,0.0,1.0,0.0,0.0,1.0,1
"G[0,2](Chloride >= 0.000 & HCO3 >= 0.000)
",9999999.000,9999999.000,0.000,1.000,0.000,0,0,24,0,0,24,24,0,0.0,0.0,1.0,0.0,0.0,1.0,1
"G[1,2](BUN <= 18.982 & Creatinine >= 0.060)
",9999999.000,9999999.000,0.000,1.000,0.000,0,0,2,22,22,2,2,22,0.0,0.0,1.0,0.0,0.0,1.0,1
"G[2,2](Chloride >= 0.000 & HCO3 >= 0.000)
",0.000,0.000,0.000,1.000,0.000,0,0,24,0,0,24,24,0,0.0,0.0,1.0,0.0,0.0,1.0,1
"G[0,1](BUN <= 4.347 & Creatinine >= 0.074)
",9999999.000,9999999.000,0.000,1.000,0.000,0,0,0,24,24,0,0,24,0.0,0.0,0.0,0.0,0.0,1.0,1
"G[0,1](((Hgb <= 2.875 | Hct <= 16.651) -> WBC >= 0.065) & Platelets >= 7.395)
",9999999.000,9999999.000,0.000,1.000,0.000,0,0,0,24,24,0,0,24,0.0,0.0,0.0,0.0,0.0,1.0,1
"G[0,2](BUN <= 4.453 & Creatinine >= 0.004)
",9999999.000,9999999.000,0.000,1.000,0.000,0,0,0,24,24,0,0,24,0.0,0.0,0.0,0.0,0.0,1.0,1
"G[1,2](Phosphate >= 0.038 | Platelets >= 10.064)
",9999999.000,9999999.000,0.000,1.000,0.000,0,0,1,23,23,1,1,23,0.0,0.0,1.0,0.0,0.0,1.0,1
"G[0,2](Platelets <= 125.269 -> WBC >= 0.022)
",9999999.000,9999999.000,0.000,1.000,0.000,0,0,1,23,23,1,1,23,0.0,0.0,1.0,0.0,0.0,1.0,1
"G[0,2](BUN <= 12.034 & Creatinine >= 0.017)
",9999999.000,9999999.000,0.000,1.000,0.000,0,0,0,24,24,0,0,24,0.0,0.0,0.0,0.0,0.0,1.0,1
"G[2,2](((Creatinine >= 0.014 -> Magnesium >= 0.113) & Calcium <= 1.038) | Platelets <= 2.459)
",2.459,2.459,0.000,1.000,0.000,0,0,24,0,0,24,24,0,0.0,0.0,1.0,0.0,0.0,1.0,1
"G[0,2]((Magnesium >= 0.047 | Platelets <= 132.479) -> PTT >= 9.851)
",9999999.000,9999999.000,0.000,1.000,0.000,0,0,0,24,24,0,0,24,0.0,0.0,0.0,0.0,0.0,1.0,1
"G[0,2](((Calcium >= 0.063 | Hgb >= 0.351) -> TroponinI >= 0.189) -> Chloride <= 0.785)
",9999999.000,9999999.000,0.000,1.000,0.000,0,0,24,0,0,24,24,0,0.0,0.0,1.0,0.0,0.0,1.0,1
"G[1,2]((FiO2 >= 0.013 -> Potassium >= 0.461) -> HCO3 <= 2.043)
",9999999.000,9999999.000,0.000,1.000,0.000,0,0,24,0,0,24,24,0,0.0,0.0,1.0,0.0,0.0,1.0,1
"G[0,2](((O2Sat >= 26.585 -> Resp >= 6.978) & WBC <= 18.429) & Bilirubin_direct <= 17.151)
",9999999.000,9999999.000,0.000,1.000,0.000,0,0,23,1,1,23,23,1,0.0,0.0,1.0,0.0,0.0,1.0,1
"G[0,1](((Hgb <= 9.832 | Hct <= 5.724) -> WBC >= 0.171) & Platelets >= 7.016)
",9999999.000,9999999.000,0.000,1.000,0.000,0,0,0,24,24,0,0,24,0.0,0.0,0.0,0.0,0.0,1.0,1
"G[1,2](BUN <= 15.267 & Creatinine >= 0.008)
",9999999.000,9999999.000,0.000,1.000,0.000,0,0,1,23,23,1,1,23,0.0,0.0,1.0,0.0,0.0,1.0,1
"G[0,1](((Hgb <= 6.693 | Hct <= 25.355) -> WBC >= 0.298) & Platelets >= 6.542)
",9999999.000,9999999.000,0.000,1.000,0.000,0,0,0,24,24,0,0,24,0.0,0.0,0.0,0.0,0.0,1.0,1
"G[0,2]((Calcium >= 0.022 & Lactate <= 3.122) | Potassium >= 0.286)
",9999999.000,9999999.000,0.000,1.000,0.000,0,0,1,23,23,1,1,23,0.0,0.0,1.0,0.0,0.0,1.0,1
"G[2,2]((Hct >= 0.095 -> HR <= 104.655) -> Bilirubin_total <= 101.200)
",-7121293879892819.000,-101.200,0.000,1.000,0.000,0,0,24,0,0,24,24,0,0.0,0.0,1.0,0.0,0.0,1.0,1
"G[2,2](Hgb >= 0.168 | HR >= 21.662)
",-0.168,-0.168,0.000,1.000,0.000,0,0,24,0,0,24,24,0,0.0,0.0,1.0,0.0,0.0,1.0,1
"G[2,2](Calcium >= 0.248 | HR >= 30.792)
",-0.248,-0.248,0.000,1.000,0.000,0,0,24,0,0,24,24,0,0.0,0.0,1.0,0.0,0.0,1.0,1
"G[1,2](((BUN <= 7.989 | PaCO2 <= 45.555) | Bilirubin_total >= 5.098) -> Resp >= 1.191)
",9999999.000,9999999.000,0.000,1.000,0.000,0,0,21,3,3,21,21,3,0.0,0.0,1.0,0.0,0.0,1.0,1
"G[2,2](Potassium <= 1.187 -> Temp <= 31.803)
",-8951710453750689.000,-31.803,0.000,1.000,0.000,0,0,24,0,0,24,24,0,0.0,0.0,1.0,0.0,0.0,1.0,1
"G[1,2]((O2Sat <= 90.678 | PaCO2 <= 47.320) | Calcium <= 18.625)
",9999999.000,9999999.000,0.000,1.000,0.000,0,0,24,0,0,24,24,0,0.0,0.0,1.0,0.0,0.0,1.0,1
"G[1,2]((O2Sat >= 35.866 -> SaO2 >= 11.700) -> SBP >= 2.390)
",9999999.000,9999999.000,0.000,1.000,0.000,0,0,21,3,3,21,21,3,0.0,0.0,1.0,0.0,0.0,1.0,1
"G[0,2]((Platelets <= 176.164 & Resp <= 20.160) | Potassium >= 12.383)
",9999999.000,9999999.000,0.000,1.000,0.000,0,0,19,5,5,19,19,5,0.0,0.0,1.0,0.0,0.0,1.0,1
"G[1,2](((Hgb <= 10.528 -> Temp >= 12.745) | Alkalinephos >= 9.298) & HR >= 17.444)
",9999999.000,9999999.000,0.000,1.000,0.000,0,0,13,11,11,13,13,11,0.0,0.0,1.0,0.0,0.0,1.0,1
"G[0,2](((Magnesium >= 0.083 | pH >= 0.562) & Alkalinephos <= 6.955) -> Hgb <= 4.481)
",9999999.000,9999999.000,0.000,1.000,0.000,0,0,22,2,2,22,22,2,0.0,0.0,1.0,0.0,0.0,1.0,1
"G[0,2]((Glucose <= 97.262 -> SBP >= 110.299) -> Phosphate >= 93.574)
",9999999.000,9999999.000,0.000,1.000,0.000,0,0,3,21,21,3,3,21,0.0,0.0,1.0,0.0,0.0,1.0,1
"G[1,2](BUN <= 18.683 & Creatinine >= 0.008)
",9999999.000,9999999.000,0.000,1.000,0.000,0,0,2,22,22,2,2,22,0.0,0.0,1.0,0.0,0.0,1.0,1
"G[0,2]((Calcium >= 0.459 & PaCO2 <= 19.461) | SaO2 >= 0.863)
",9999999.000,9999999.000,0.000,1.000,0.000,0,0,1,23,23,1,1,23,0.0,0.0,1.0,0.0,0.0,1.0,1
"G[1,2](pH <= 5.893 | Temp <= 19.809)
",9999999.000,9999999.000,0.000,1.000,0.000,0,0,21,3,3,21,21,3,0.0,0.0,1.0,0.0,0.0,1.0,1
"G[0,2](Hct <= 18.141 -> SBP >= 68.977)
",9999999.000,9999999.000,0.000,1.000,0.000,0,0,18,6,6,18,18,6,0.0,0.0,1.0,0.0,0.0,1.0,1
"G[0,2]((Creatinine >= 0.029 -> Phosphate >= 0.027) | BaseExcess <= 1.007)
",9999999.000,9999999.000,0.000,1.000,0.000,0,0,24,0,0,24,24,0,0.0,0.0,1.0,0.0,0.0,1.0,1
"G[0,2]((DBP >= 16.628 | Temp <= 19.701) -> O2Sat <= 36.506)
",9999999.000,9999999.000,0.000,1.000,0.000,0,0,3,21,21,3,3,21,0.0,0.0,1.0,0.0,0.0,1.0,1
"G[1,2](((Hgb <= 2.984 | Hct <= 23.402) -> WBC >= 0.093) & Platelets >= 6.947)
",9999999.000,9999999.000,0.000,1.000,0.000,0,0,1,23,23,1,1,23,0.0,0.0,1.0,0.0,0.0,1.0,1
"G[0,2](Platelets <= 44.583 -> WBC >= 0.146)
",9999999.000,9999999.000,0.000,1.000,0.000,0,0,1,23,23,1,1,23,0.0,0.0,1.0,0.0,0.0,1.0,1
"G[1,2](Chloride >= 0.000 & HCO3 >= 0.000)
",9999999.000,9999999.000,0.000,1.000,0.000,0,0,24,0,0,24,24,0,0.0,0.0,1.0,0.0,0.0,1.0,1
"G[0,2](BUN <= 6.123 & Creatinine >= 0.023)
",9999999.000,9999999.000,0.000,1.000,0.000,0,0,0,24,24,0,0,24,0.0,0.0,0.0,0.0,0.0,1.0,1
"G[0,1](((Hgb <= 1.324 | Hct <= 2.265) -> WBC >= 0.196) & Platelets >= 0.628)
",9999999.000,9999999.000,0.000,1.000,0.000,0,0,0,24,24,0,0,24,0.0,0.0,0.0,0.0,0.0,1.0,1
"G[1,2]((DBP <= 104.098 | O2Sat <= 97.591) -> Alkalinephos >= 12.872)
",9999999.000,9999999.000,0.000,1.000,0.000,0,0,0,24,24,0,0,24,0.0,0.0,0.0,0.0,0.0,1.0,1
"G[2,2](((FiO2 <= 0.536 -> Lactate >= 0.164) -> Hgb >= 0.398) | PaCO2 <= 4.036)
",4.036,4.036,0.000,1.000,0.000,0,0,24,0,0,24,24,0,0.0,0.0,1.0,0.0,0.0,1.0,1
"G[1,2]((MAP <= 124.343 | SaO2 <= 63.796) -> FiO2 <= 53.445)
",9999999.000,9999999.000,0.000,1.000,0.000,0,0,24,0,0,24,24,0,0.0,0.0,1.0,0.0,0.0,1.0,1
"G[0,1]((HR >= 16.075 -> MAP <= 131.461) -> Bilirubin_total >= 25.280)
",9999999.000,9999999.000,0.000,1.000,0.000,0,0,0,24,24,0,0,24,0.0,0.0,0.0,0.0,0.0,1.0,1
"G[0,2](((TroponinI <= 0.000 & Lactate >= 0.092) | HR >= 0.158) -> Hgb >= 0.061)
",9999999.000,9999999.000,0.000,1.000,0.000,0,0,4,20,20,4,4,20,0.0,0.0,1.0,0.0,0.0,1.0,1
"G[0,2](((Temp <= 31.404 -> SaO2 >= 7.323) & AST <= 56.818) | Temp <= 86.949)
",9999999.000,9999999.000,0.000,1.000,0.000,0,0,24,0,0,24,24,0,0.0,0.0,1.0,0.0,0.0,1.0,1
"G[2,2]((Fibrinogen >= 9.167 -> HCO3 <= 0.000) | DBP <= 0.000)
",0.000,0.000,0.000,1.000,0.000,0,0,24,0,0,24,24,0,0.0,0.0,1.0,0.0,0.0,1.0,1
"G[0,2]((Creatinine <= 0.315 -> HR >= 50.484) | Calcium <= 77.827)
",9999999.000,9999999.000,0.000,1.000,0.000,0,0,24,0,0,24,24,0,0.0,0.0,1.0,0.0,0.0,1.0,1
"G[1,2]((Potassium <= 4.379 & PTT <= 18.722) | PTT >= 0.380)
",9999999.000,9999999.000,0.000,1.000,0.000,0,0,22,2,2,22,22,2,0.0,0.0,1.0,0.0,0.0,1.0,1
"G[1,2]((Resp >= 7.916 & Potassium >= 0.679) -> Alkalinephos >= 0.046)
",9999999.000,9999999.000,0.000,1.000,0.000,0,0,19,5,5,19,19,5,0.0,0.0,1.0,0.0,0.0,1.0,1
"G[1,2]((Temp >= 11.216 & O2Sat <= 87.044) & EtCO2 <= 89.329)
",9999999.000,9999999.000,0.000,1.000,0.000,0,0,0,24,24,0,0,24,0.0,0.0,0.0,0.0,0.0,1.0,1
"G[1,1](((Potassium <= 3.258 & Platelets >= 7.014) & Platelets <= 20.996) & SaO2 <= 120.590)
",-7.014,-7.014,0.000,1.000,0.000,0,0,0,24,24,0,0,24,0.0,0.0,0.0,0.0,0.0,1.0,1
"G[1,2](((Alkalinephos <= 0.000 | Lactate <= 2.864) -> Bilirubin_direct >= 0.268) -> Calcium >= 0.158)
",9999999.000,9999999.000,0.000,1.000,0.000,0,0,24,0,0,24,24,0,0.0,0.0,1.0,0.0,0.0,1.0,1
"G[0,2](((EtCO2 <= 0.000 & TroponinI >= 0.000) -> pH <= 0.000) -> SBP <= 0.000)
",9999999.000,9999999.000,0.000,1.000,0.000,0,0,5,19,19,5,5,19,0.0,0.0,1.0,0.0,0.0,1.0,1
"G[0,2](((SBP >= 51.086 | HR <= 85.563) | HR <= 89.141) | HR <= 112.552)
",9999999.000,9999999.000,0.000,1.000,0.000,0,0,24,0,0,24,24,0,0.0,0.0,1.0,0.0,0.0,1.0,1
"G[1,2](((BaseExcess <= 0.000 & Glucose <= 83.263) & DBP <= 95.575) | SaO2 <= 73.270)
",9999999.000,9999999.000,0.000,1.000,0.000,0,0,21,3,3,21,21,3,0.0,0.0,1.0,0.0,0.0,1.0,1
"G[0,2](((Bilirubin_direct <= 0.000 | MAP <= 133.563) | SepsisLabel >= 87.212) | SepsisLabel >= 39.740)
",9999999.000,9999999.000,0.000,1.000,0.000,0,0,24,0,0,24,24,0,0.0,0.0,1.0,0.0,0.0,1.0,1
"G[2,2](Chloride <= 0.000 & Magnesium <= 2.033)
",0.000,0.000,0.000,1.000,0.000,0,0,24,0,0,24,24,0,0.0,0.0,1.0,0.0,0.0,1.0,1
"G[1,2](((Calcium <= 7.233 -> HCO3 >= 0.000) -> Alkalinephos <= 0.000) | HCO3 >= 0.000)
",9999999.000,9999999.000,0.000,1.000,0.000,0,0,24,0,0,24,24,0,0.0,0.0,1.0,0.0,0.0,1.0,1
"G[0,2]((AST <= 0.000 | HCO3 >= 0.000) -> Calcium <= 0.000)
",9999999.000,9999999.000,0.000,1.000,0.000,0,0,16,8,8,16,16,8,0.0,0.0,1.0,0.0,0.0,1.0,1
"G[0,2](((SaO2 >= 4.060 & AST <= 0.000) -> Lactate <= 0.000) & Platelets <= 0.000)
",9999999.000,9999999.000,0.000,1.000,0.000,0,0,18,6,6,18,18,6,0.0,0.0,1.0,0.0,0.0,1.0,1
"G[2,2]((Bilirubin_direct >= 0.000 -> Chloride <= 0.000) -> Platelets <= 0.000)
",0.000,0.000,0.000,1.000,0.000,0,0,24,0,0,24,24,0,0.0,0.0,1.0,0.0,0.0,1.0,1
"G[1,2](((Temp >= 8.501 -> Platelets >= 4.410) & MAP >= 3.488) -> BaseExcess <= 82.565)
",9999999.000,9999999.000,0.000,1.000,0.000,0,0,24,0,0,24,24,0,0.0,0.0,1.0,0.0,0.0,1.0,1
"G[0,2]((pH <= 3.421 -> Bilirubin_direct >= 0.000) & SBP <= 0.000)
",9999999.000,9999999.000,0.000,1.000,0.000,0,0,3,21,21,3,3,21,0.0,0.0,1.0,0.0,0.0,1.0,1
"G[1,2]((Potassium <= 4.379 -> Fibrinogen <= 180.372) | Bilirubin_direct >= 0.865)
",9999999.000,9999999.000,0.000,1.000,0.000,0,0,24,0,0,24,24,0,0.0,0.0,1.0,0.0,0.0,1.0,1
"G[1,2]((Glucose <= 46.959 | Fibrinogen <= 326.781) -> Temp >= 8.230)
",9999999.000,9999999.000,0.000,1.000,0.000,0,0,13,11,11,13,13,11,0.0,0.0,1.0,0.0,0.0,1.0,1
"G[1,2]((Potassium <= 2.477 & Hgb >= 0.331) | Bilirubin_direct >= 0.278)
",9999999.000,9999999.000,0.000,1.000,0.000,0,0,0,24,24,0,0,24,0.0,0.0,0.0,0.0,0.0,1.0,1
"G[1,2]((Phosphate <= 2.429 -> Hct >= 1.186) & AST >= 0.046)
",9999999.000,9999999.000,0.000,1.000,0.000,0,0,0,24,24,0,0,24,0.0,0.0,0.0,0.0,0.0,1.0,1
"G[1,2]((Alkalinephos >= 0.000 | EtCO2 <= 0.000) | Phosphate <= 0.000)
",9999999.000,9999999.000,0.000,1.000,0.000,0,0,24,0,0,24,24,0,0.0,0.0,1.0,0.0,0.0,1.0,1
"G[0,2](Platelets >= 6.989 | O2Sat >= 36.424)
",9999999.000,9999999.000,0.000,1.000,0.000,0,0,20,4,4,20,20,4,0.0,0.0,1.0,0.0,0.0,1.0,1
"G[0,2](BaseExcess > 0.000 -> SepsisLabel = 0.000)
",9999999.000,9999999.000,0.000,1.000,0.000,0,0,24,0,0,24,24,0,0.0,0.0,1.0,0.0,0.0,1.0,1
"G[2,2](((Phosphate >= 0.068 & WBC <= 4.248) & TroponinI >= 0.205) & WBC <= 9.208)
",-7394963904603521.000,-0.205,0.000,1.000,0.000,0,0,24,0,0,24,24,0,0.0,0.0,1.0,0.0,0.0,1.0,1
"G[0,2]((FiO2 <= 0.968 | SaO2 >= 11.652) -> BaseExcess >= 8.762)
",9999999.000,9999999.000,0.000,1.000,0.000,0,0,0,24,24,0,0,24,0.0,0.0,0.0,0.0,0.0,1.0,1
"G[0,1](((Calcium <= 3.141 & Creatinine <= 0.164) & SBP >= 0.050) & HCO3 >= 0.064)
",9999999.000,9999999.000,0.000,1.000,0.000,0,0,0,24,24,0,0,24,0.0,0.0,0.0,0.0,0.0,1.0,1
"G[1,2](((BUN <= 11.816 -> Calcium <= 8.433) -> Phosphate >= 0.438) & WBC <= 3.942)
",9999999.000,9999999.000,0.000,1.000,0.000,0,0,0,24,24,0,0,24,0.0,0.0,0.0,0.0,0.0,1.0,1
"G[1,2](MAP <= 131.181 | SBP <= 183.570)
",9999999.000,9999999.000,0.000,1.000,0.000,0,0,24,0,0,24,24,0,0.0,0.0,1.0,0.0,0.0,1.0,1
"G[0,2]((Creatinine <= 0.222 & Creatinine <= 1.123) | Bilirubin_total >= 0.069)
",9999999.000,9999999.000,0.000,1.000,0.000,0,0,20,4,4,20,20,4,0.0,0.0,1.0,0.0,0.0,1.0,1
"G[0,2](HCO3 <= 0.000 -> SepsisLabel = 0.000)
",9999999.000,9999999.000,0.000,1.000,0.000,0,0,24,0,0,24,24,0,0.0,0.0,1.0,0.0,0.0,1.0,1
"G[0,2](BaseExcess >= 0.000 & SepsisLabel = 0.000)
",9999999.000,9999999.000,0.000,1.000,0.000,0,0,24,0,0,24,24,0,0.0,0.0,1.0,0.0,0.0,1.0,1
"G[0,1](PTT > 0.617 & SepsisLabel = 0.000)
",9999999.000,9999999.000,0.000,1.000,0.000,0,0,0,24,24,0,0,24,0.0,0.0,0.0,0.0,0.0,1.0,1
"G[0,2](BaseExcess >= 0.000 & SepsisLabel = 0.000)
",9999999.000,9999999.000,0.000,1.000,0.000,0,0,24,0,0,24,24,0,0.0,0.0,1.0,0.0,0.0,1.0,1
"G[0,2](FiO2 <= 0.645 -> SepsisLabel = 0.000)
",9999999.000,9999999.000,0.000,1.000,0.000,0,0,24,0,0,24,24,0,0.0,0.0,1.0,0.0,0.0,1.0,1
"G[1,2](Platelets >= 4.462 -> WBC >= 0.100)
",9999999.000,9999999.000,0.000,1.000,0.000,0,0,24,0,0,24,24,0,0.0,0.0,1.0,0.0,0.0,1.0,1
"G[2,2](Glucose < 129.707 & SepsisLabel = 0.000)
",0.000,0.000,0.000,1.000,0.000,0,0,24,0,0,24,24,0,0.0,0.0,1.0,0.0,0.0,1.0,1
"G[2,2](BaseExcess < 0.000 -> SepsisLabel = 0.000)
",0.000,0.000,0.000,1.000,0.000,0,0,24,0,0,24,24,0,0.0,0.0,1.0,0.0,0.0,1.0,1
"G[0,2](((Hgb <= 10.329 | Hct <= 8.793) -> WBC >= 0.341) & Platelets >= 0.548)
",9999999.000,9999999.000,0.000,1.000,0.000,0,0,0,24,24,0,0,24,0.0,0.0,0.0,0.0,0.0,1.0,1
"G[1,2]((Fibrinogen <= 258.889 -> Glucose <= 84.682) -> Glucose <= 217.956)
",9999999.000,9999999.000,0.000,1.000,0.000,0,0,24,0,0,24,24,0,0.0,0.0,1.0,0.0,0.0,1.0,1
"G[1,2]((O2Sat >= 16.897 | Platelets >= 5.575) | PaCO2 <= 46.077)
",9999999.000,9999999.000,0.000,1.000,0.000,0,0,24,0,0,24,24,0,0.0,0.0,1.0,0.0,0.0,1.0,1
"G[0,2]((DBP >= 57.120 & Lactate >= 0.074) & MAP >= 0.162)
",9999999.000,9999999.000,0.000,1.000,0.000,0,0,1,23,23,1,1,23,0.0,0.0,1.0,0.0,0.0,1.0,1
"G[2,2](Temp >= 16.909 & MAP >= 1.119)
",-16.909,-16.909,0.000,1.000,0.000,0,0,24,0,0,24,24,0,0.0,0.0,1.0,0.0,0.0,1.0,1
"G[1,2](HR <= 94.512 | Phosphate <= 2.407)
",9999999.000,9999999.000,0.000,1.000,0.000,0,0,24,0,0,24,24,0,0.0,0.0,1.0,0.0,0.0,1.0,1
"G[1,2](((SBP >= 1.304 -> Alkalinephos <= 0.000) | O2Sat >= 0.000) -> PTT >= 0.000)
",9999999.000,9999999.000,0.000,1.000,0.000,0,0,24,0,0,24,24,0,0.0,0.0,1.0,0.0,0.0,1.0,1
"G[0,0](((MAP >= 14.436 -> WBC <= 5.794) | DBP >= 0.241) & Bilirubin_direct >= 0.290)
",-0.992,-0.240,0.000,1.000,0.000,0,0,0,24,24,0,0,24,0.0,0.0,0.0,0.0,0.0,1.0,1
"G[0,2](((Creatinine >= 0.023 | SBP <= 172.798) | Bilirubin_total >= 124.886) -> Magnesium <= 175.370)
",9999999.000,9999999.000,0.000,1.000,0.000,0,0,24,0,0,24,24,0,0.0,0.0,1.0,0.0,0.0,1.0,1
"G[1,2]((Creatinine >= 0.055 & pH <= 3.683) | Resp >= 0.341)
",9999999.000,9999999.000,0.000,1.000,0.000,0,0,21,3,3,21,21,3,0.0,0.0,1.0,0.0,0.0,1.0,1
"F[0,0](Fibrinogen >= 4.112 -> WBC <= 2.093)
",-1.872,-2.355,0.000,0.000,1.000,0,0,0,24,24,0,0,24,0.0,0.0,0.0,0.0,0.0,1.0,-1
"G[0,2](((Fibrinogen >= 0.958 | Hct >= 0.219) | Bilirubin_total >= 0.209) & SepsisLabel >= 0.654)
",9999999.000,9999999.000,0.000,1.000,0.000,0,0,0,24,24,0,0,24,0.0,0.0,0.0,0.0,0.0,1.0,1
"F[0,1]((MAP >= 17.102 | DBP >= 42.736) -> SBP >= 35.570)
",-9999999.000,-9999999.000,0.000,0.000,1.000,0,0,0,24,24,0,0,24,0.0,0.0,0.0,0.0,0.0,1.0,-1
"F[1,2](((PaCO2 >= 0.066 & Phosphate <= 3.644) -> Hct <= 1.376) | Potassium <= 0.415)
",-9999999.000,-9999999.000,0.000,0.000,1.000,0,0,0,24,24,0,0,24,0.0,0.0,0.0,0.0,0.0,1.0,-1
"F[2,2](((Magnesium <= 2.138 | O2Sat <= 94.740) & PTT <= 99.451) & WBC <= 86.799)
",86.799,86.799,0.000,0.000,1.000,0,0,0,24,24,0,0,24,0.0,0.0,0.0,0.0,0.0,1.0,-1
"F[0,2]((pH <= 5.248 -> HR >= 64.022) -> Temp >= 8.361)
",-9999999.000,-9999999.000,0.000,0.000,1.000,0,0,0,24,24,0,0,24,0.0,0.0,0.0,0.0,0.0,1.0,-1
"((MAP >= 88.668) U[0,2] (SBP <= 166.088))
",-9999999.000,-9999999.000,0.000,0.000,1.000,0,0,0,24,24,0,0,24,0.0,0.0,0.0,0.0,0.0,1.0,-1
"F[1,1]((Phosphate >= 0.055 & Magnesium > 0.116) -> Calcium < 9.319)
",-9.319,-9.319,0.000,0.000,1.000,0,0,0,24,24,0,0,24,0.0,0.0,0.0,0.0,0.0,1.0,-1
"F[1,1](((Magnesium <= 1.202 -> EtCO2 >= 0.000) | PTT >= 0.000) | Hgb <= 0.000)
",0.000,0.000,0.000,0.000,1.000,0,0,0,24,24,0,0,24,0.0,0.0,0.0,0.0,0.0,1.0,-1
"F[1,2]((FiO2 <= 0.686 -> Phosphate <= 2.739) -> Temp >= 0.039)
",-9999999.000,-9999999.000,0.000,0.000,1.000,0,0,0,24,24,0,0,24,0.0,0.0,0.0,0.0,0.0,1.0,-1
"F[1,2](((Calcium < 7.625 & Potassium < 3.214) & Magnesium < 0.580) & Phosphate < 2.126)
",-9999999.000,-9999999.000,0.000,0.000,1.000,0,0,0,24,24,0,0,24,0.0,0.0,0.0,0.0,0.0,1.0,-1
"F[1,2](((Magnesium >= 0.003 | Chloride <= 0.000) | BaseExcess >= 0.000) | SaO2 >= 0.000)
",-9999999.000,-9999999.000,0.000,0.000,1.000,0,0,0,24,24,0,0,24,0.0,0.0,0.0,0.0,0.0,1.0,-1
"F[1,2](MAP >= 76.857 -> Hgb >= 0.049)
",-9999999.000,-9999999.000,0.000,0.000,1.000,0,0,0,24,24,0,0,24,0.0,0.0,0.0,0.0,0.0,1.0,-1
"F[1,2]((Calcium <= 1.439 & Potassium <= 4.038) & Magnesium >= 0.135)
",-9999999.000,-9999999.000,0.000,0.000,1.000,0,0,0,24,24,0,0,24,0.0,0.0,0.0,0.0,0.0,1.0,-1
"F[0,2](((Alkalinephos <= 0.000 -> Magnesium >= 0.050) | SBP >= 0.142) | Platelets <= 2.021)
",-9999999.000,-9999999.000,0.000,0.000,1.000,0,0,0,24,24,0,0,24,0.0,0.0,0.0,0.0,0.0,1.0,-1
"G[2,2](((SepsisLabel <= 0.000 | MAP <= 112.132) | Phosphate >= 86.514) -> HCO3 <= 128.565)
",-128.565,-128.565,0.000,1.000,0.000,0,0,24,0,0,24,24,0,0.0,0.0,1.0,0.0,0.0,1.0,1
"G[0,2](((Fibrinogen <= 298.710 | Magnesium <= 2.028) -> Hct >= 0.055) -> Hct >= 0.029)
",9999999.000,9999999.000,0.000,1.000,0.000,0,0,24,0,0,24,24,0,0.0,0.0,1.0,0.0,0.0,1.0,1
"G[0,1](((Resp <= 21.753 -> MAP >= 86.123) -> AST <= 110.263) & Bilirubin_total >= 44.639)
",9999999.000,9999999.000,0.000,1.000,0.000,0,0,0,24,24,0,0,24,0.0,0.0,0.0,0.0,0.0,1.0,1
"G[2,2](Creatinine >= 0.010 -> Resp >= 4.181)
",0.010,0.010,0.000,1.000,0.000,0,0,24,0,0,24,24,0,0.0,0.0,1.0,0.0,0.0,1.0,1
"G[0,2](((Alkalinephos >= 0.000 | BUN >= 1.015) -> HR >= 1.157) & Lactate <= 6.589)
",9999999.000,9999999.000,0.000,1.000,0.000,0,0,18,6,6,18,18,6,0.0,0.0,1.0,0.0,0.0,1.0,1
"G[0,2](((Creatinine <= 0.815 -> PTT >= 0.123) -> Chloride <= 7.411) | Temp <= 25.623)
",9999999.000,9999999.000,0.000,1.000,0.000,0,0,24,0,0,24,24,0,0.0,0.0,1.0,0.0,0.0,1.0,1
"G[1,2](Chloride >= 0.000 -> TroponinI >= 0.000)
",9999999.000,9999999.000,0.000,1.000,0.000,0,0,24,0,0,24,24,0,0.0,0.0,1.0,0.0,0.0,1.0,1
"G[0,2](((EtCO2 >= 0.000 & Magnesium >= 0.030) & TroponinI <= 1.673) -> Magnesium <= 2.619)
",9999999.000,9999999.000,0.000,1.000,0.000,0,0,23,1,1,23,23,1,0.0,0.0,1.0,0.0,0.0,1.0,1
"G[0,2](((Platelets <= 11.353 & SepsisLabel <= 0.000) & O2Sat <= 0.000) -> Hgb <= 0.000)
",9999999.000,9999999.000,0.000,1.000,0.000,0,0,24,0,0,24,24,0,0.0,0.0,1.0,0.0,0.0,1.0,1
"G[0,2](Platelets >= 10.414 | EtCO2 >= 0.000)
",9999999.000,9999999.000,0.000,1.000,0.000,0,0,24,0,0,24,24,0,0.0,0.0,1.0,0.0,0.0,1.0,1
"F[0,0]((PaCO2 <= 18.165 & DBP >= 54.578) -> TroponinI <= 74.915)
",-74.915,-74.915,0.000,0.000,1.000,0,0,0,24,24,0,0,24,0.0,0.0,0.0,0.0,0.0,1.0,-1
"F[0,2]((DBP <= 81.467 -> Calcium >= 0.528) & WBC <= 2.555)
",-9999999.000,-9999999.000,0.000,0.000,1.000,0,0,0,24,24,0,0,24,0.0,0.0,0.0,0.0,0.0,1.0,-1
"F[1,2](Creatinine <= 0.912 | Bilirubin_direct >= 0.000)
",-9999999.000,-9999999.000,0.000,0.000,1.000,0,0,0,24,24,0,0,24,0.0,0.0,0.0,0.0,0.0,1.0,-1
"F[1,2]((PaCO2 <= 40.781 -> Lactate <= 6.581) & Phosphate <= 3.672)
",-9999999.000,-9999999.000,0.000,0.000,1.000,0,0,0,24,24,0,0,24,0.0,0.0,0.0,0.0,0.0,1.0,-1
"F[0,0](((Hgb >= 0.402 & PTT >= 0.333) -> PaCO2 <= 2.817) | Resp <= 23.041)
",0.415,4.883,0.000,0.000,1.000,0,0,0,24,24,0,0,24,0.0,0.0,0.0,0.0,0.0,1.0,-1
"F[1,2]((Calcium <= 1.448 & Potassium <= 0.934) & Magnesium >= 0.057)
",-9999999.000,-9999999.000,0.000,0.000,1.000,0,0,0,24,24,0,0,24,0.0,0.0,0.0,0.0,0.0,1.0,-1
"F[0,2](((Calcium < 5.685 & Potassium < 3.792) & Magnesium < 0.379) & Phosphate < 1.479)
",-9999999.000,-9999999.000,0.000,0.000,1.000,0,0,0,24,24,0,0,24,0.0,0.0,0.0,0.0,0.0,1.0,-1
"F[1,2]((Phosphate >= 0.009 & Magnesium > 0.011) -> Calcium < 7.843)
",-9999999.000,-9999999.000,0.000,0.000,1.000,0,0,0,24,24,0,0,24,0.0,0.0,0.0,0.0,0.0,1.0,-1
"F[2,2]((BUN <= 5.180 | PTT <= 3.158) & Hgb >= 0.618)
",-0.618,-0.618,0.000,0.000,1.000,0,0,0,24,24,0,0,24,0.0,0.0,0.0,0.0,0.0,1.0,-1
"F[1,2](Creatinine >= 0.034 & Fibrinogen >= 1.275)
",-9999999.000,-9999999.000,0.000,0.000,1.000,0,0,0,24,24,0,0,24,0.0,0.0,0.0,0.0,0.0,1.0,-1
"F[1,2]((Phosphate >= 0.020 & Magnesium > 0.132) -> Calcium < 8.268)
",-9999999.000,-9999999.000,0.000,0.000,1.000,0,0,0,24,24,0,0,24,0.0,0.0,0.0,0.0,0.0,1.0,-1
"F[0,2](Hgb <= 3.996 | Hct <= 24.671)
",-9999999.000,-9999999.000,0.000,0.000,1.000,0,0,0,24,24,0,0,24,0.0,0.0,0.0,0.0,0.0,1.0,-1
"F[0,0](SBP <= 150.539 -> AST >= 0.000)
",-7.226,-132.243,0.000,0.000,1.000,0,0,0,24,24,0,0,24,0.0,0.0,0.0,0.0,0.0,1.0,-1
"F[1,2]((Hgb <= 10.757 | SBP <= 157.336) & AST <= 152.505)
",-9999999.000,-9999999.000,0.000,0.000,1.000,0,0,0,24,24,0,0,24,0.0,0.0,0.0,0.0,0.0,1.0,-1
"F[0,2](Bilirubin_total <= 0.000 & EtCO2 >= 0.000)
",-9999999.000,-9999999.000,0.000,0.000,1.000,0,0,0,24,24,0,0,24,0.0,0.0,0.0,0.0,0.0,1.0,-1
"F[0,2](((PTT <= 14.297 & Hgb <= 5.528) -> WBC <= 6.639) & SBP <= 5.210)
",-9999999.000,-9999999.000,0.000,0.000,1.000,0,0,0,24,24,0,0,24,0.0,0.0,0.0,0.0,0.0,1.0,-1
"F[0,2]((Calcium <= 1.566 & Potassium <= 3.641) & Magnesium >= 0.042)
",-9999999.000,-9999999.000,0.000,0.000,1.000,0,0,0,24,24,0,0,24,0.0,0.0,0.0,0.0,0.0,1.0,-1
"F[2,2]((TroponinI >= 0.000 | Hgb <= 9.918) & Bilirubin_direct <= 6.198)
",6.198,6.198,0.000,0.000,1.000,0,0,0,24,24,0,0,24,0.0,0.0,0.0,0.0,0.0,1.0,-1
"F[0,1]((Phosphate >= 0.057 & Magnesium > 0.120) -> Calcium < 5.019)
",-9999999.000,-9999999.000,0.000,0.000,1.000,0,0,0,24,24,0,0,24,0.0,0.0,0.0,0.0,0.0,1.0,-1
"((Phosphate <= 3.114) U[0,2] (Lactate >= 0.019))
",-9999999.000,-9999999.000,0.000,0.000,1.000,0,0,0,24,24,0,0,24,0.0,0.0,0.0,0.0,0.0,1.0,-1
"F[1,2](Magnesium <= 1.434 -> PaCO2 >= 1.751)
",-9999999.000,-9999999.000,0.000,0.000,1.000,0,0,0,24,24,0,0,24,0.0,0.0,0.0,0.0,0.0,1.0,-1
"F[1,2](SepsisLabel >= 0.000 & Hct <= 18.525)
",-9999999.000,-9999999.000,0.000,0.000,1.000,0,0,0,24,24,0,0,24,0.0,0.0,0.0,0.0,0.0,1.0,-1
"F[1,2](Hgb <= 10.247 | Hct <= 21.470)
",-9999999.000,-9999999.000,0.000,0.000,1.000,0,0,0,24,24,0,0,24,0.0,0.0,0.0,0.0,0.0,1.0,-1
"F[0,1](MAP >= 15.423 | FiO2 <= 0.667)
",-9999999.000,-9999999.000,0.000,0.000,1.000,0,0,0,24,24,0,0,24,0.0,0.0,0.0,0.0,0.0,1.0,-1
"F[0,2](Calcium >= 0.364 & O2Sat >= 8.407)
",-9999999.000,-9999999.000,0.000,0.000,1.000,0,0,0,24,24,0,0,24,0.0,0.0,0.0,0.0,0.0,1.0,-1
"F[0,2](O2Sat >= 46.311 & Magnesium <= 1.244)
",-9999999.000,-9999999.000,0.000,0.000,1.000,0,0,0,24,24,0,0,24,0.0,0.0,0.0,0.0,0.0,1.0,-1
"G[2,2]((Hgb >= 0.063 -> Resp <= 14.569) | Resp >= 8.053)
",-8.053,-8.053,0.000,1.000,0.000,0,0,24,0,0,24,24,0,0.0,0.0,1.0,0.0,0.0,1.0,1
"G[0,2](Hct <= 15.847 & PTT <= 3.249)
",9999999.000,9999999.000,0.000,1.000,0.000,0,0,22,2,2,22,22,2,0.0,0.0,1.0,0.0,0.0,1.0,1
"G[2,2]((HR >= 17.231 & Lactate >= 0.476) | MAP <= 4.436)
",4.436,4.436,0.000,1.000,0.000,0,0,24,0,0,24,24,0,0.0,0.0,1.0,0.0,0.0,1.0,1
"G[0,2](SepsisLabel <= 0.000 | Hgb >= 0.183)
",9999999.000,9999999.000,0.000,1.000,0.000,0,0,24,0,0,24,24,0,0.0,0.0,1.0,0.0,0.0,1.0,1
"G[1,2]((HR <= 103.025 & PTT <= 23.910) -> TroponinI >= 0.319)
",9999999.000,9999999.000,0.000,1.000,0.000,0,0,4,20,20,4,4,20,0.0,0.0,1.0,0.0,0.0,1.0,1
"G[2,2](((Resp <= 14.442 -> SaO2 <= 29.746) -> Alkalinephos <= 63.431) -> Temp >= 2.279)
",2.279,2.279,0.000,1.000,0.000,0,0,24,0,0,24,24,0,0.0,0.0,1.0,0.0,0.0,1.0,1
"G[0,2]((Glucose <= 228.357 -> Magnesium <= 1.583) & DBP >= 0.044)
",9999999.000,9999999.000,0.000,1.000,0.000,0,0,16,8,8,16,16,8,0.0,0.0,1.0,0.0,0.0,1.0,1
"G[2,2](((Glucose >= 24.963 -> HR <= 102.679) & BUN <= 113.832) & Lactate <= 91.914)
",-7225378166787412.000,-102.679,0.000,1.000,0.000,0,0,24,0,0,24,24,0,0.0,0.0,1.0,0.0,0.0,1.0,1
"G[0,2]((Phosphate >= 0.080 & SaO2 >= 3.356) & SaO2 >= 3.560)
",9999999.000,9999999.000,0.000,1.000,0.000,0,0,0,24,24,0,0,24,0.0,0.0,0.0,0.0,0.0,1.0,1
"G[0,2](((Glucose <= 156.203 -> Temp <= 25.516) & WBC >= 5.712) -> SaO2 <= 24.737)
",9999999.000,9999999.000,0.000,1.000,0.000,0,0,23,1,1,23,23,1,0.0,0.0,1.0,0.0,0.0,1.0,1
"G[1,2](Glucose >= 7.155 | Phosphate >= 0.015)
",9999999.000,9999999.000,0.000,1.000,0.000,0,0,8,16,16,8,8,16,0.0,0.0,1.0,0.0,0.0,1.0,1
"G[2,2]((Hct >= 1.108 & Potassium <= 1.524) -> Hct >= 0.163)
",0.163,0.163,0.000,1.000,0.000,0,0,24,0,0,24,24,0,0.0,0.0,1.0,0.0,0.0,1.0,1
"G[1,2]((Glucose <= 103.331 | Resp >= 11.203) & Fibrinogen <= 20.896)
",9999999.000,9999999.000,0.000,1.000,0.000,0,0,24,0,0,24,24,0,0.0,0.0,1.0,0.0,0.0,1.0,1
"G[0,2](FiO2 <= 0.283 | Hgb <= 1.850)
",9999999.000,9999999.000,0.000,1.000,0.000,0,0,23,1,1,23,23,1,0.0,0.0,1.0,0.0,0.0,1.0,1
"G[0,2]((O2Sat <= 88.481 -> Temp <= 27.603) -> SaO2 <= 32.658)
",9999999.000,9999999.000,0.000,1.000,0.000,0,0,19,5,5,19,19,5,0.0,0.0,1.0,0.0,0.0,1.0,1
"G[1,2]((BUN <= 18.594 -> Platelets <= 24.051) & Chloride <= 27.885)
",9999999.000,9999999.000,0.000,1.000,0.000,0,0,23,1,1,23,23,1,0.0,0.0,1.0,0.0,0.0,1.0,1
"G[2,2](Calcium >= 0.684 | Glucose <= 60.835)
",60.835,60.835,0.000,1.000,0.000,0,0,24,0,0,24,24,0,0.0,0.0,1.0,0.0,0.0,1.0,1
"G[2,2](((O2Sat <= 83.006 -> Potassium >= 0.795) & SBP >= 0.520) | BUN <= 2.349)
",2.349,2.349,0.000,1.000,0.000,0,0,24,0,0,24,24,0,0.0,0.0,1.0,0.0,0.0,1.0,1
"G[1,2]((SBP >= 74.389 | Temp >= 17.190) | MAP <= 32.414)
",9999999.000,9999999.000,0.000,1.000,0.000,0,0,24,0,0,24,24,0,0.0,0.0,1.0,0.0,0.0,1.0,1
"G[1,2](((SaO2 <= 36.955 | Temp >= 12.895) -> Potassium <= 23.233) | AST <= 19.799)
",9999999.000,9999999.000,0.000,1.000,0.000,0,0,24,0,0,24,24,0,0.0,0.0,1.0,0.0,0.0,1.0,1
"G[1,2](Hct <= 17.508 | SaO2 >= 7.027)
",9999999.000,9999999.000,0.000,1.000,0.000,0,0,24,0,0,24,24,0,0.0,0.0,1.0,0.0,0.0,1.0,1
"G[1,2]((DBP >= 10.273 -> Hct >= 1.041) & Alkalinephos >= 0.572)
",9999999.000,9999999.000,0.000,1.000,0.000,0,0,0,24,24,0,0,24,0.0,0.0,0.0,0.0,0.0,1.0,1
"G[2,2](HR <= 110.470 | WBC <= 6.612)
",7773611246419732.000,110.470,0.000,1.000,0.000,0,0,24,0,0,24,24,0,0.0,0.0,1.0,0.0,0.0,1.0,1
"G[1,2](Platelets <= 129.548 | SBP >= 100.415)
",9999999.000,9999999.000,0.000,1.000,0.000,0,0,24,0,0,24,24,0,0.0,0.0,1.0,0.0,0.0,1.0,1
"G[0,2]((FiO2 <= 0.237 -> MAP >= 52.160) -> MAP <= 124.256)
",9999999.000,9999999.000,0.000,1.000,0.000,0,0,20,4,4,20,20,4,0.0,0.0,1.0,0.0,0.0,1.0,1
"G[0,2](BUN >= 1.110 & O2Sat <= 93.587)
",9999999.000,9999999.000,0.000,1.000,0.000,0,0,0,24,24,0,0,24,0.0,0.0,0.0,0.0,0.0,1.0,1
"G[0,2](((DBP >= 52.816 & FiO2 <= 0.771) -> Fibrinogen >= 0.024) | Bilirubin_direct >= 0.019)
",9999999.000,9999999.000,0.000,1.000,0.000,0,0,4,20,20,4,4,20,0.0,0.0,1.0,0.0,0.0,1.0,1
"G[0,2]((Fibrinogen <= 344.401 | SBP >= 85.139) & Bilirubin_direct <= 158.332)
",9999999.000,9999999.000,0.000,1.000,0.000,0,0,23,1,1,23,23,1,0.0,0.0,1.0,0.0,0.0,1.0,1
"G[0,0](((PTT <= 24.079 | SBP >= 58.001) -> Magnesium <= 176.098) & Bilirubin_direct >= 90.309)
",-90.470,-175.338,0.000,1.000,0.000,0,0,0,24,24,0,0,24,0.0,0.0,0.0,0.0,0.0,1.0,1
"G[1,2](DBP >= 20.938 -> PTT >= 0.407)
",9999999.000,9999999.000,0.000,1.000,0.000,0,0,3,21,21,3,3,21,0.0,0.0,1.0,0.0,0.0,1.0,1
"G[1,2](AST <= 0.000 | pH <= 4.176)
",9999999.000,9999999.000,0.000,1.000,0.000,0,0,24,0,0,24,24,0,0.0,0.0,1.0,0.0,0.0,1.0,1
"G[0,2](((Hgb <= 3.900 -> FiO2 >= 0.032) | EtCO2 >= 0.061) & Calcium >= 0.054)
",9999999.000,9999999.000,0.000,1.000,0.000,0,0,1,23,23,1,1,23,0.0,0.0,1.0,0.0,0.0,1.0,1
"G[0,2](((DBP >= 68.005 | Phosphate >= 0.009) -> Glucose <= 3.135) | BaseExcess >= 0.056)
",9999999.000,9999999.000,0.000,1.000,0.000,0,0,12,12,12,12,12,12,0.0,0.0,1.0,0.0,0.0,1.0,1
"G[0,2](SepsisLabel >= 0.000 | Hct >= 1.054)
",9999999.000,9999999.000,0.000,1.000,0.000,0,0,24,0,0,24,24,0,0.0,0.0,1.0,0.0,0.0,1.0,1
"G[1,2]((Bilirubin_total >= 0.000 -> PTT <= 15.472) | BUN >= 0.429)
",9999999.000,9999999.000,0.000,1.000,0.000,0,0,24,0,0,24,24,0,0.0,0.0,1.0,0.0,0.0,1.0,1
"G[0,2](((BaseExcess <= 0.000 -> O2Sat >= 43.356) -> Phosphate >= 55.943) | Phosphate <= 85.815)
",9999999.000,9999999.000,0.000,1.000,0.000,0,0,24,0,0,24,24,0,0.0,0.0,1.0,0.0,0.0,1.0,1
"G[1,2]((Fibrinogen <= 28.640 & HCO3 <= 0.000) -> DBP <= 0.000)
",9999999.000,9999999.000,0.000,1.000,0.000,0,0,3,21,21,3,3,21,0.0,0.0,1.0,0.0,0.0,1.0,1
"G[0,2]((Phosphate >= 0.022 -> Resp >= 4.879) & SaO2 <= 19.501)
",9999999.000,9999999.000,0.000,1.000,0.000,0,0,19,5,5,19,19,5,0.0,0.0,1.0,0.0,0.0,1.0,1
"G[2,2](((O2Sat <= 95.804 -> Hgb <= 5.458) -> Hgb >= 0.156) & HR <= 8.339)
",0.156,0.156,0.000,1.000,0.000,0,0,24,0,0,24,24,0,0.0,0.0,1.0,0.0,0.0,1.0,1
"G[0,2](Potassium <= 2.747 | PTT <= 23.734)
",9999999.000,9999999.000,0.000,1.000,0.000,0,0,24,0,0,24,24,0,0.0,0.0,1.0,0.0,0.0,1.0,1
"G[0,2]((Bilirubin_direct >= 0.000 | Magnesium >= 0.114) | Magnesium >= 0.063)
",9999999.000,9999999.000,0.000,1.000,0.000,0,0,24,0,0,24,24,0,0.0,0.0,1.0,0.0,0.0,1.0,1
"G[1,2](Hgb >= 0.136 & Magnesium <= 1.779)
",9999999.000,9999999.000,0.000,1.000,0.000,0,0,0,24,24,0,0,24,0.0,0.0,0.0,0.0,0.0,1.0,1
"G[0,2]((PTT <= 17.070 & Resp <= 22.906) -> Alkalinephos <= 18.820)
",9999999.000,9999999.000,0.000,1.000,0.000,0,0,24,0,0,24,24,0,0.0,0.0,1.0,0.0,0.0,1.0,1
"G[0,2](((AST >= 0.000 -> SBP <= 180.504) & BUN <= 152.350) -> Potassium >= 76.153)
",9999999.000,9999999.000,0.000,1.000,0.000,0,0,0,24,24,0,0,24,0.0,0.0,0.0,0.0,0.0,1.0,1
"G[2,2](O2Sat >= 21.202 -> Bilirubin_direct <= 0.000)
",0.000,0.000,0.000,1.000,0.000,0,0,24,0,0,24,24,0,0.0,0.0,1.0,0.0,0.0,1.0,1
"G[1,2](((Magnesium >= 0.137 & WBC >= 0.341) | SepsisLabel <= 2.333) & Chloride >= 0.203)
",9999999.000,9999999.000,0.000,1.000,0.000,0,0,0,24,24,0,0,24,0.0,0.0,0.0,0.0,0.0,1.0,1
"G[1,2]((MAP <= 133.990 -> Phosphate >= 0.062) | Creatinine >= 0.081)
",9999999.000,9999999.000,0.000,1.000,0.000,0,0,2,22,22,2,2,22,0.0,0.0,1.0,0.0,0.0,1.0,1
"G[2,2]((Magnesium <= 2.471 & Temp <= 33.411) -> SBP <= 25.665)
",-25.665,-25.665,0.000,1.000,0.000,0,0,24,0,0,24,24,0,0.0,0.0,1.0,0.0,0.0,1.0,1
"G[1,2](((PaCO2 <= 39.321 -> Platelets >= 6.375) & Hct <= 176.400) -> Glucose <= 179.805)
",9999999.000,9999999.000,0.000,1.000,0.000,0,0,23,1,1,23,23,1,0.0,0.0,1.0,0.0,0.0,1.0,1
"G[1,2]((FiO2 >= 0.045 | Temp >= 16.509) & EtCO2 <= 36.626)
",9999999.000,9999999.000,0.000,1.000,0.000,0,0,14,10,10,14,14,10,0.0,0.0,1.0,0.0,0.0,1.0,1
"G[0,2](Lactate <= 4.949 | Magnesium >= 0.024)
",9999999.000,9999999.000,0.000,1.000,0.000,0,0,22,2,2,22,22,2,0.0,0.0,1.0,0.0,0.0,1.0,1
"G[0,2]((Glucose >= 18.508 & Platelets >= 3.595) & Lactate <= 13.299)
",9999999.000,9999999.000,0.000,1.000,0.000,0,0,0,24,24,0,0,24,0.0,0.0,0.0,0.0,0.0,1.0,1
"G[0,1](((Hct >= 0.922 & PaCO2 >= 4.753) & SepsisLabel <= 31.214) & Lactate <= 52.032)
",9999999.000,9999999.000,0.000,1.000,0.000,0,0,0,24,24,0,0,24,0.0,0.0,0.0,0.0,0.0,1.0,1
"F[1,2](((Creatinine >= 0.016 -> PaCO2 >= 5.103) | SBP <= 39.004) | Platelets <= 14.649)
",-9999999.000,-9999999.000,0.000,0.000,1.000,0,0,0,24,24,0,0,24,0.0,0.0,0.0,0.0,0.0,1.0,-1
