Rule,Discrimination Score,Pos Robustness,Neg Robustness,Percent Class +,Percent Class -,TP,TN,FP,FN,Actual Yes,Actual No,Predicted Yes,Predicted No,TPR/Sens,TNR/Spec,FPR,Precision,Accuracy,MCR
"G[0,0](((SaO2 >= 0.000 & Bilirubin_direct <= 0.000) | Hgb <= 0.000) -> Fibrinogen <= 0.000)
",0.316,0.064,0.000,1.000,0.000,12,0,0,0,12,0,12,0,1.0,0.0,0.0,1.0,1.0434782608695652,-0.04347826086956519
"G[0,0](((Phosphate <= 2.163 -> SepsisLabel <= 0.000) | Alkalinephos >= 0.000) & Alkalinephos >= 0.000)
",0.316,1.273,0.000,1.000,0.000,12,0,0,0,12,0,12,0,1.0,0.0,0.0,1.0,1.0434782608695652,-0.04347826086956519
"G[0,0]((Calcium <= 5.655 | Lactate >= 0.013) | Lactate <= 1.420)
",1.017,53.624,0.000,1.000,0.000,12,0,0,0,12,0,12,0,1.0,0.0,0.0,1.0,1.0434782608695652,-0.04347826086956519
"G[0,0](Alkalinephos >= 0.000 | Glucose <= 88.913)
",6256679724502727.000,88.913,0.000,1.000,0.000,12,0,0,0,12,0,12,0,1.0,0.0,0.0,1.0,1.0434782608695652,-0.04347826086956519
"G[0,0](((Chloride >= 3.466 -> SBP <= 159.177) -> Calcium <= 145.687) & TroponinI <= 163.567)
",-5125896277502089.000,-145.687,0.000,1.000,0.000,12,0,0,0,12,0,12,0,1.0,0.0,0.0,1.0,1.0434782608695652,-0.04347826086956519
"G[0,0](((Creatinine >= 0.008 | EtCO2 <= 0.000) & Potassium <= 0.000) & WBC <= 0.000)
",-0.319,-0.898,0.000,1.000,0.000,12,0,0,0,12,0,12,0,1.0,0.0,0.0,1.0,1.0434782608695652,-0.04347826086956519
"G[0,0]((Hgb >= 0.061 & Magnesium <= 1.278) -> SepsisLabel <= 0.509)
",-2.618,-0.579,0.000,1.000,0.000,12,0,0,0,12,0,12,0,1.0,0.0,0.0,1.0,1.0434782608695652,-0.04347826086956519
"G[0,0](((Resp <= 20.173 | HR >= 48.933) -> Bilirubin_direct <= 87.611) & Temp <= 86.332)
",-5425137011483427.000,-39473.067,0.000,1.000,0.000,12,0,0,0,12,0,12,0,1.0,0.0,0.0,1.0,1.0434782608695652,-0.04347826086956519
"G[0,0]((FiO2 <= 0.399 & PaCO2 <= 45.756) -> PaCO2 <= 9.718)
",-5470527793540301.000,-9.718,0.000,1.000,0.000,12,0,0,0,12,0,12,0,1.0,0.0,0.0,1.0,1.0434782608695652,-0.04347826086956519
"G[0,0](((Creatinine >= 0.011 -> O2Sat >= 15.849) | SaO2 >= 14.906) | Platelets <= 94.272)
",94.272,94.272,0.000,1.000,0.000,12,0,0,0,12,0,12,0,1.0,0.0,0.0,1.0,1.0434782608695652,-0.04347826086956519
"G[0,0](((Chloride >= 0.101 & Glucose >= 35.222) | Creatinine <= 117.543) & SaO2 <= 138.304)
",4135693173987917.000,117.543,0.000,1.000,0.000,12,0,0,0,12,0,12,0,1.0,0.0,0.0,1.0,1.0434782608695652,-0.04347826086956519
"G[0,0]((HCO3 <= 0.000 | Temp <= 32.469) -> Platelets <= 37.698)
",-37.698,-37.698,0.000,1.000,0.000,12,0,0,0,12,0,12,0,1.0,0.0,0.0,1.0,1.0434782608695652,-0.04347826086956519
"G[0,0](((Bilirubin_direct <= 0.000 | Magnesium <= 1.981) -> HCO3 <= 1.543) | BaseExcess >= 0.032)
",-0.032,-0.032,0.000,1.000,0.000,12,0,0,0,12,0,12,0,1.0,0.0,0.0,1.0,1.0434782608695652,-0.04347826086956519
"G[0,0]((Magnesium >= 0.077 & O2Sat <= 98.348) -> Potassium <= 97.912)
",-34.438,-97.021,0.000,1.000,0.000,12,0,0,0,12,0,12,0,1.0,0.0,0.0,1.0,1.0434782608695652,-0.04347826086956519
"G[0,0](((Phosphate >= 0.256 -> Bilirubin_direct <= 0.000) | EtCO2 >= 0.000) | DBP >= 0.000)
",3.079,78.909,0.000,1.000,0.000,12,0,0,0,12,0,12,0,1.0,0.0,0.0,1.0,1.0434782608695652,-0.04347826086956519
"G[1,1](Creatinine <= 0.380 -> Hgb <= 7.469)
",-4204671177003107.000,-7.469,0.000,1.000,0.000,11,0,1,0,11,1,12,0,1.0,0.0,1.0,0.9166666666666666,0.9565217391304348,0.04347826086956519
"G[0,1](((Chloride >= 4.221 -> PaCO2 >= 1.325) & Temp <= 37.140) | Glucose <= 5.640)
",9999999.000,9999999.000,0.000,1.000,0.000,11,0,0,1,12,0,11,1,0.9166666666666666,0.0,0.0,1.0,0.9565217391304348,0.04347826086956519
"G[0,1](((EtCO2 >= 0.000 -> Hgb <= 6.217) -> SepsisLabel >= 0.027) | AST <= 10.911)
",9999999.000,9999999.000,0.000,1.000,0.000,11,0,1,0,11,1,12,0,1.0,0.0,1.0,0.9166666666666666,0.9565217391304348,0.04347826086956519
"G[0,1]((Lactate <= 0.515 | O2Sat >= 32.784) | pH >= 65.956)
",9999999.000,9999999.000,0.000,1.000,0.000,11,0,1,0,11,1,12,0,1.0,0.0,1.0,0.9166666666666666,0.9565217391304348,0.04347826086956519
"G[1,1](((Lactate <= 0.162 -> O2Sat <= 96.973) | Chloride >= 83.014) -> pH <= 93.233)
",-6560700514643763.000,-93.233,0.000,1.000,0.000,11,0,1,0,11,1,12,0,1.0,0.0,1.0,0.9166666666666666,0.9565217391304348,0.04347826086956519
"G[0,1](Lactate <= 0.348 | Fibrinogen >= 0.000)
",9999999.000,9999999.000,0.000,1.000,0.000,11,0,1,0,11,1,12,0,1.0,0.0,1.0,0.9166666666666666,0.9565217391304348,0.04347826086956519
"G[0,1]((Magnesium >= 0.079 & Fibrinogen <= 0.000) -> SaO2 <= 0.000)
",9999999.000,9999999.000,0.000,1.000,0.000,11,0,1,0,11,1,12,0,1.0,0.0,1.0,0.9166666666666666,0.9565217391304348,0.04347826086956519
"G[1,1]((SaO2 >= 0.000 & O2Sat >= 1.490) & BaseExcess <= 94.753)
",-1.490,-1.490,0.000,1.000,0.000,11,0,1,0,11,1,12,0,1.0,0.0,1.0,0.9166666666666666,0.9565217391304348,0.04347826086956519
"G[1,1](HR <= 89.474 -> EtCO2 <= 0.000)
",-89.474,-89.474,0.000,1.000,0.000,11,0,1,0,11,1,12,0,1.0,0.0,1.0,0.9166666666666666,0.9565217391304348,0.04347826086956519
"G[0,0]((SepsisLabel <= 0.000 | Phosphate <= 7.268) -> MAP >= 0.153)
",-3.184,-119.885,0.000,1.000,0.000,11,0,0,1,12,0,11,1,0.9166666666666666,0.0,0.0,1.0,0.9565217391304348,0.04347826086956519
"G[0,1]((Magnesium <= 0.251 | Resp <= 19.117) | MAP >= 3.283)
",9999999.000,9999999.000,0.000,1.000,0.000,11,0,1,0,11,1,12,0,1.0,0.0,1.0,0.9166666666666666,0.9565217391304348,0.04347826086956519
"G[0,1]((Creatinine >= 0.005 & HR >= 73.062) -> Hgb >= 12.214)
",9999999.000,9999999.000,0.000,1.000,0.000,11,0,1,0,11,1,12,0,1.0,0.0,1.0,0.9166666666666666,0.9565217391304348,0.04347826086956519
"G[0,1]((Platelets >= 0.355 | SaO2 >= 0.000) -> WBC >= 0.000)
",9999999.000,9999999.000,0.000,1.000,0.000,11,0,1,0,11,1,12,0,1.0,0.0,1.0,0.9166666666666666,0.9565217391304348,0.04347826086956519
"G[0,1](((BUN >= 0.173 | Bilirubin_direct <= 0.000) & Chloride >= 0.000) | HCO3 >= 0.000)
",9999999.000,9999999.000,0.000,1.000,0.000,11,0,1,0,11,1,12,0,1.0,0.0,1.0,0.9166666666666666,0.9565217391304348,0.04347826086956519
"G[1,1](Potassium >= 0.213 -> O2Sat >= 40.938)
",0.213,0.213,0.000,1.000,0.000,11,0,1,0,11,1,12,0,1.0,0.0,1.0,0.9166666666666666,0.9565217391304348,0.04347826086956519
"G[0,1](((Fibrinogen >= 0.000 -> Alkalinephos <= 0.000) | BUN <= 0.000) | Lactate <= 0.000)
",9999999.000,9999999.000,0.000,1.000,0.000,11,0,1,0,11,1,12,0,1.0,0.0,1.0,0.9166666666666666,0.9565217391304348,0.04347826086956519
"G[1,1](((PTT >= 0.000 | Potassium >= 0.281) & Bilirubin_direct <= 4.326) -> AST <= 4.064)
",-4575916058616985.000,-4.064,0.000,1.000,0.000,11,0,1,0,11,1,12,0,1.0,0.0,1.0,0.9166666666666666,0.9565217391304348,0.04347826086956519
"G[1,1]((DBP <= 70.182 | MAP >= 1.182) & SepsisLabel <= 92.046)
",70.182,70.182,0.000,1.000,0.000,11,0,1,0,11,1,12,0,1.0,0.0,1.0,0.9166666666666666,0.9565217391304348,0.04347826086956519
"G[0,1](((AST >= 0.000 -> Alkalinephos <= 0.000) | HR >= 0.000) | EtCO2 >= 0.000)
",9999999.000,9999999.000,0.000,1.000,0.000,11,0,1,0,11,1,12,0,1.0,0.0,1.0,0.9166666666666666,0.9565217391304348,0.04347826086956519
"G[0,1](((Temp <= 33.859 | FiO2 >= 0.003) & Magnesium <= 0.360) -> Platelets <= 0.300)
",9999999.000,9999999.000,0.000,1.000,0.000,11,0,1,0,11,1,12,0,1.0,0.0,1.0,0.9166666666666666,0.9565217391304348,0.04347826086956519
"G[0,1](((Calcium <= 3.849 | Platelets >= 7.282) | MAP <= 14.975) | Magnesium <= 145.645)
",9999999.000,9999999.000,0.000,1.000,0.000,11,0,1,0,11,1,12,0,1.0,0.0,1.0,0.9166666666666666,0.9565217391304348,0.04347826086956519
"G[0,1](((MAP >= 29.605 & Bilirubin_direct <= 0.000) & Hct <= 0.000) -> O2Sat >= 0.000)
",9999999.000,9999999.000,0.000,1.000,0.000,11,0,1,0,11,1,12,0,1.0,0.0,1.0,0.9166666666666666,0.9565217391304348,0.04347826086956519
"G[0,1]((Magnesium >= 0.045 & PTT >= 0.000) -> Chloride >= 0.000)
",9999999.000,9999999.000,0.000,1.000,0.000,11,0,1,0,11,1,12,0,1.0,0.0,1.0,0.9166666666666666,0.9565217391304348,0.04347826086956519
"G[0,1](((WBC >= 0.290 | Bilirubin_total <= 0.000) -> Hgb >= 0.000) | Creatinine >= 0.000)
",9999999.000,9999999.000,0.000,1.000,0.000,11,0,1,0,11,1,12,0,1.0,0.0,1.0,0.9166666666666666,0.9565217391304348,0.04347826086956519
"G[0,1](((Calcium >= 0.058 & Chloride <= 94.871) & BUN <= 33.639) -> Magnesium >= 0.286)
",9999999.000,9999999.000,0.000,1.000,0.000,11,0,1,0,11,1,12,0,1.0,0.0,1.0,0.9166666666666666,0.9565217391304348,0.04347826086956519
"G[0,1]((Temp >= 19.859 | SepsisLabel <= 0.000) -> Bilirubin_direct <= 0.000)
",9999999.000,9999999.000,0.000,1.000,0.000,11,0,1,0,11,1,12,0,1.0,0.0,1.0,0.9166666666666666,0.9565217391304348,0.04347826086956519
"G[1,1](((Bilirubin_total >= 0.000 & AST <= 0.000) -> BUN >= 0.000) -> Phosphate >= 0.000)
",0.000,0.000,0.000,1.000,0.000,11,0,1,0,11,1,12,0,1.0,0.0,1.0,0.9166666666666666,0.9565217391304348,0.04347826086956519
"G[1,1]((SaO2 >= 0.000 | Fibrinogen >= 0.000) -> PTT >= 0.000)
",0.000,0.000,0.000,1.000,0.000,11,0,1,0,11,1,12,0,1.0,0.0,1.0,0.9166666666666666,0.9565217391304348,0.04347826086956519
"G[1,1]((Resp <= 18.972 | Alkalinephos <= 0.000) | WBC >= 0.000)
",18.972,18.972,0.000,1.000,0.000,11,0,1,0,11,1,12,0,1.0,0.0,1.0,0.9166666666666666,0.9565217391304348,0.04347826086956519
"G[0,1](Temp >= 23.527 | Alkalinephos <= 0.000)
",9999999.000,9999999.000,0.000,1.000,0.000,11,0,1,0,11,1,12,0,1.0,0.0,1.0,0.9166666666666666,0.9565217391304348,0.04347826086956519
"G[1,1](((SBP >= 48.853 -> Chloride >= 1.062) -> Lactate >= 2.912) -> AST <= 91.743)
",-91.743,-91.743,0.000,1.000,0.000,11,0,1,0,11,1,12,0,1.0,0.0,1.0,0.9166666666666666,0.9565217391304348,0.04347826086956519
"G[0,1](((Fibrinogen >= 0.000 | Creatinine >= 0.030) | Lactate <= 0.441) | Chloride <= 0.669)
",9999999.000,9999999.000,0.000,1.000,0.000,11,0,1,0,11,1,12,0,1.0,0.0,1.0,0.9166666666666666,0.9565217391304348,0.04347826086956519
"G[0,1](((Potassium <= 4.395 & PaCO2 <= 27.307) & Hgb <= 24.557) -> Chloride <= 12.221)
",9999999.000,9999999.000,0.000,1.000,0.000,11,0,1,0,11,1,12,0,1.0,0.0,1.0,0.9166666666666666,0.9565217391304348,0.04347826086956519
"G[1,1]((WBC >= 0.356 | Hgb <= 13.675) | Calcium >= 0.446)
",7698305211346273.000,13.675,0.000,1.000,0.000,11,0,1,0,11,1,12,0,1.0,0.0,1.0,0.9166666666666666,0.9565217391304348,0.04347826086956519
"G[0,0](O2Sat >= 27.409 -> SBP <= 143.673)
",-7.947,-113.409,0.000,1.000,0.000,11,0,0,1,12,0,11,1,0.9166666666666666,0.0,0.0,1.0,0.9565217391304348,0.04347826086956519
"G[0,0](((EtCO2 >= 0.000 & HR <= 95.677) -> SepsisLabel >= 64.459) -> Calcium >= 33.383)
",-1.975,-55.564,0.000,1.000,0.000,11,0,0,1,12,0,11,1,0.9166666666666666,0.0,0.0,1.0,0.9565217391304348,0.04347826086956519
"G[0,1](((MAP <= 80.113 -> PaCO2 >= 1.317) -> Alkalinephos <= 8.348) | MAP <= 39.080)
",9999999.000,9999999.000,0.000,1.000,0.000,11,0,1,0,11,1,12,0,1.0,0.0,1.0,0.9166666666666666,0.9565217391304348,0.04347826086956519
"G[1,1](((SaO2 <= 0.000 & BaseExcess >= 0.000) -> Bilirubin_total >= 0.000) -> Glucose >= 0.000)
",0.000,0.000,0.000,1.000,0.000,11,0,1,0,11,1,12,0,1.0,0.0,1.0,0.9166666666666666,0.9565217391304348,0.04347826086956519
"G[0,1]((WBC >= 0.241 -> Lactate <= 1.144) & Hct <= 1.270)
",9999999.000,9999999.000,0.000,1.000,0.000,10,0,1,1,11,1,11,1,0.9090909090909091,0.0,1.0,0.9090909090909091,0.8695652173913043,0.13043478260869568
"G[1,1](Bilirubin_direct >= 0.000 & Platelets <= 108.939)
",0.000,0.000,0.000,1.000,0.000,10,0,1,1,11,1,11,1,0.9090909090909091,0.0,1.0,0.9090909090909091,0.8695652173913043,0.13043478260869568
"G[0,1](((Phosphate >= 0.222 | WBC >= 0.005) -> pH >= 0.556) & Hgb <= 2.038)
",9999999.000,9999999.000,0.000,1.000,0.000,10,0,1,1,11,1,11,1,0.9090909090909091,0.0,1.0,0.9090909090909091,0.8695652173913043,0.13043478260869568
"G[0,1]((DBP >= 14.846 -> Chloride >= 0.821) -> PaCO2 <= 40.575)
",9999999.000,9999999.000,0.000,1.000,0.000,10,0,1,1,11,1,11,1,0.9090909090909091,0.0,1.0,0.9090909090909091,0.8695652173913043,0.13043478260869568
"G[1,1]((Creatinine <= 0.250 -> pH >= 0.130) -> Lactate >= 0.080)
",5750406343702018.000,0.080,0.000,1.000,0.000,10,0,1,1,11,1,11,1,0.9090909090909091,0.0,1.0,0.9090909090909091,0.8695652173913043,0.13043478260869568
"G[0,1]((TroponinI <= 0.000 | Creatinine <= 0.171) & Phosphate <= 0.042)
",9999999.000,9999999.000,0.000,1.000,0.000,10,0,1,1,11,1,11,1,0.9090909090909091,0.0,1.0,0.9090909090909091,0.8695652173913043,0.13043478260869568
"G[0,1]((Alkalinephos >= 0.000 & Resp >= 11.957) & Hgb <= 18.274)
",9999999.000,9999999.000,0.000,1.000,0.000,10,0,1,1,11,1,11,1,0.9090909090909091,0.0,1.0,0.9090909090909091,0.8695652173913043,0.13043478260869568
"G[1,1](((BUN >= 0.311 & HR >= 10.555) | Chloride <= 98.505) | Bilirubin_direct >= 18.556)
",98.505,98.505,0.000,1.000,0.000,10,0,1,1,11,1,11,1,0.9090909090909091,0.0,1.0,0.9090909090909091,0.8695652173913043,0.13043478260869568
"G[0,1]((WBC >= 0.150 -> Alkalinephos >= 0.000) & BUN <= 0.000)
",9999999.000,9999999.000,0.000,1.000,0.000,10,0,1,1,11,1,11,1,0.9090909090909091,0.0,1.0,0.9090909090909091,0.8695652173913043,0.13043478260869568
"G[1,1](FiO2 <= 0.322 -> WBC <= 12.644)
",-12.644,-12.644,0.000,1.000,0.000,10,0,1,1,11,1,11,1,0.9090909090909091,0.0,1.0,0.9090909090909091,0.8695652173913043,0.13043478260869568
"G[1,1]((WBC >= 0.415 | Lactate <= 1.014) | Bilirubin_total >= 0.023)
",1.014,1.014,0.000,1.000,0.000,10,0,1,1,11,1,11,1,0.9090909090909091,0.0,1.0,0.9090909090909091,0.8695652173913043,0.13043478260869568
"G[0,1](BUN <= 2.046 & Creatinine >= 0.000)
",9999999.000,9999999.000,0.000,1.000,0.000,10,0,1,1,11,1,11,1,0.9090909090909091,0.0,1.0,0.9090909090909091,0.8695652173913043,0.13043478260869568
"G[0,1](BUN <= 8.590 & HR >= 72.772)
",9999999.000,9999999.000,0.000,1.000,0.000,9,0,1,2,11,1,10,2,0.8181818181818182,0.0,1.0,0.9,0.782608695652174,0.21739130434782605
"G[1,1]((O2Sat <= 94.755 | Potassium <= 0.647) & Fibrinogen <= 3.383)
",3.383,3.383,0.000,1.000,0.000,9,0,1,2,11,1,10,2,0.8181818181818182,0.0,1.0,0.9,0.782608695652174,0.21739130434782605
"G[0,1](DBP >= 29.345 & Potassium <= 0.915)
",9999999.000,9999999.000,0.000,1.000,0.000,9,0,1,2,11,1,10,2,0.8181818181818182,0.0,1.0,0.9,0.782608695652174,0.21739130434782605
"G[1,1](((AST >= 0.000 -> O2Sat >= 8.785) & Resp <= 93.092) & Glucose >= 41.388)
",-5824876017678122.000,-41.388,0.000,1.000,0.000,8,0,1,3,11,1,9,3,0.7272727272727273,0.0,1.0,0.8888888888888888,0.6956521739130435,0.30434782608695654
"G[0,1]((Temp >= 6.852 & PaCO2 <= 6.689) & HR >= 0.669)
",9999999.000,9999999.000,0.000,1.000,0.000,8,0,1,3,11,1,9,3,0.7272727272727273,0.0,1.0,0.8888888888888888,0.6956521739130435,0.30434782608695654
"G[0,0](O2Sat <= 97.924 & PTT <= 0.000)
",-0.341,-1.416,0.000,1.000,0.000,6,0,0,6,12,0,6,6,0.5,0.0,0.0,1.0,0.5217391304347826,0.4782608695652174
"G[0,1](PaCO2 <= 39.260 & Resp <= 18.627)
",9999999.000,9999999.000,0.000,1.000,0.000,5,0,0,7,12,0,5,7,0.4166666666666667,0.0,0.0,1.0,0.43478260869565216,0.5652173913043479
"G[0,0](((O2Sat <= 94.949 & Hgb <= 3.151) | HR >= 0.548) & Glucose >= 0.026)
",-7632406000956017.000,-0.026,0.000,1.000,0.000,3,0,0,9,12,0,3,9,0.25,0.0,0.0,1.0,0.2608695652173913,0.7391304347826086
"G[0,1]((Lactate <= 1.144 -> Resp <= 16.160) -> SBP <= 16.785)
",9999999.000,9999999.000,0.000,1.000,0.000,3,0,1,8,11,1,4,8,0.2727272727272727,0.0,1.0,0.75,0.2608695652173913,0.7391304347826086
"G[0,1]((Calcium <= 8.322 | O2Sat >= 27.308) -> Glucose >= 38.607)
",9999999.000,9999999.000,0.000,1.000,0.000,2,0,1,9,11,1,3,9,0.18181818181818182,0.0,1.0,0.6666666666666666,0.17391304347826086,0.8260869565217391
"G[0,1]((FiO2 <= 0.155 & Glucose >= 51.856) | BUN >= 32.002)
",9999999.000,9999999.000,0.000,1.000,0.000,2,0,1,9,11,1,3,9,0.18181818181818182,0.0,1.0,0.6666666666666666,0.17391304347826086,0.8260869565217391
"G[1,1]((pH >= 0.158 & pH >= 0.292) | Hgb >= 0.227)
",-0.227,-0.227,0.000,1.000,0.000,2,0,1,9,11,1,3,9,0.18181818181818182,0.0,1.0,0.6666666666666666,0.17391304347826086,0.8260869565217391
"G[0,1](Temp <= 36.412 & Resp >= 15.303)
",9999999.000,9999999.000,0.000,1.000,0.000,1,0,0,11,12,0,1,11,0.08333333333333333,0.0,0.0,1.0,0.08695652173913043,0.9130434782608696
"G[0,0](((FiO2 >= 0.007 & Glucose >= 32.805) -> Potassium >= 10.239) & MAP <= 74.986)
",-2.214,-50.264,0.000,1.000,0.000,1,0,0,11,12,0,1,11,0.08333333333333333,0.0,0.0,1.0,0.08695652173913043,0.9130434782608696
"G[1,1](Platelets <= 10.774 -> WBC >= 0.562)
",-10.774,-10.774,0.000,1.000,0.000,1,0,1,10,11,1,2,10,0.09090909090909091,0.0,1.0,0.5,0.08695652173913043,0.9130434782608696
"G[1,1](Calcium >= 0.184 & FiO2 <= 0.055)
",-0.184,-0.184,0.000,1.000,0.000,1,0,1,10,11,1,2,10,0.09090909090909091,0.0,1.0,0.5,0.08695652173913043,0.9130434782608696
"G[1,1](((Hgb <= 4.129 | Hct <= 14.279) -> WBC >= 0.602) & Platelets >= 8.751)
",-14.279,-14.279,0.000,1.000,0.000,1,0,1,10,11,1,2,10,0.09090909090909091,0.0,1.0,0.5,0.08695652173913043,0.9130434782608696
"G[1,1](((Hgb <= 11.563 | Hct <= 39.369) -> WBC >= 0.414) & Platelets >= 2.221)
",-39.369,-39.369,0.000,1.000,0.000,1,0,1,10,11,1,2,10,0.09090909090909091,0.0,1.0,0.5,0.08695652173913043,0.9130434782608696
"G[1,1](((Hgb <= 9.569 | Hct <= 21.609) -> WBC >= 0.325) & Platelets >= 5.479)
",-6082448696558521.000,-21.609,0.000,1.000,0.000,1,0,1,10,11,1,2,10,0.09090909090909091,0.0,1.0,0.5,0.08695652173913043,0.9130434782608696
"G[1,1]((Magnesium <= 0.309 & PaCO2 >= 0.862) | BaseExcess >= 0.723)
",-6513439942839697.000,-0.723,0.000,1.000,0.000,1,0,1,10,11,1,2,10,0.09090909090909091,0.0,1.0,0.5,0.08695652173913043,0.9130434782608696
"G[0,0]((WBC <= 7.793 & DBP >= 26.437) -> Hct >= 7.433)
",-1.464,-6.409,0.000,1.000,0.000,1,0,0,11,12,0,1,11,0.08333333333333333,0.0,0.0,1.0,0.08695652173913043,0.9130434782608696
"G[1,1](((DBP >= 40.389 & PaCO2 <= 10.255) -> SaO2 >= 1.643) | PTT >= 1.057)
",7400095616136303.000,1.643,0.000,1.000,0.000,1,0,1,10,11,1,2,10,0.09090909090909091,0.0,1.0,0.5,0.08695652173913043,0.9130434782608696
"G[1,2](((Glucose >= 5.444 & Potassium <= 0.515) & PaCO2 >= 0.184) | PTT >= 0.035)
",9999999.000,9999999.000,0.000,1.000,0.000,0,0,1,11,11,1,1,11,0.0,0.0,1.0,0.0,0.0,1.0
"G[1,2]((Bilirubin_total <= 0.000 | pH >= 0.134) & FiO2 <= 3.236)
",9999999.000,9999999.000,0.000,1.000,0.000,0,0,12,0,0,12,12,0,0.0,0.0,1.0,0.0,0.0,1.0
"G[2,2](Hgb <= 5.621 -> Magnesium >= 0.066)
",-6328518090954183.000,-5.621,0.000,1.000,0.000,0,0,12,0,0,12,12,0,0.0,0.0,1.0,0.0,0.0,1.0
"G[0,2](Resp <= 17.717 | FiO2 >= 0.013)
",9999999.000,9999999.000,0.000,1.000,0.000,0,0,5,7,7,5,5,7,0.0,0.0,1.0,0.0,0.0,1.0
"G[0,1]((Potassium >= 0.325 & DBP >= 46.891) & Potassium >= 49.863)
",9999999.000,9999999.000,0.000,1.000,0.000,0,0,0,12,12,0,0,12,0.0,0.0,0.0,0.0,0.0,1.0
"G[0,2]((SaO2 <= 0.000 -> Bilirubin_total >= 0.000) | Resp <= 0.000)
",9999999.000,9999999.000,0.000,1.000,0.000,0,0,12,0,0,12,12,0,0.0,0.0,1.0,0.0,0.0,1.0
"G[2,2]((HR >= 58.985 | Magnesium <= 1.424) & Bilirubin_total >= 0.089)
",-6381218539342983.000,-0.089,0.000,1.000,0.000,0,0,12,0,0,12,12,0,0.0,0.0,1.0,0.0,0.0,1.0
"G[1,2](SepsisLabel <= 0.000 & Calcium <= 4.055)
",9999999.000,9999999.000,0.000,1.000,0.000,0,0,11,1,1,11,11,1,0.0,0.0,1.0,0.0,0.0,1.0
"G[0,2](((O2Sat >= 5.625 | Fibrinogen <= 0.000) -> Resp >= 0.000) -> TroponinI >= 0.000)
",9999999.000,9999999.000,0.000,1.000,0.000,0,0,12,0,0,12,12,0,0.0,0.0,1.0,0.0,0.0,1.0
"G[1,2]((Fibrinogen <= 0.000 & SepsisLabel >= 0.000) | Potassium <= 0.000)
",9999999.000,9999999.000,0.000,1.000,0.000,0,0,12,0,0,12,12,0,0.0,0.0,1.0,0.0,0.0,1.0
"G[1,2](SepsisLabel <= 0.000 | TroponinI <= 0.000)
",9999999.000,9999999.000,0.000,1.000,0.000,0,0,12,0,0,12,12,0,0.0,0.0,1.0,0.0,0.0,1.0
"G[0,2](SBP <= 166.558 -> Alkalinephos <= 0.000)
",9999999.000,9999999.000,0.000,1.000,0.000,0,0,12,0,0,12,12,0,0.0,0.0,1.0,0.0,0.0,1.0
"G[1,2]((Bilirubin_total >= 0.000 | SepsisLabel >= 0.000) -> Creatinine >= 0.000)
",9999999.000,9999999.000,0.000,1.000,0.000,0,0,12,0,0,12,12,0,0.0,0.0,1.0,0.0,0.0,1.0
"G[1,1](EtCO2 <= 0.000 -> Temp <= 34.182)
",-4810730351725927.000,-34.182,0.000,1.000,0.000,0,0,1,11,11,1,1,11,0.0,0.0,1.0,0.0,0.0,1.0
"G[0,2]((Hct <= 14.326 -> PaCO2 >= 0.469) & Temp <= 29.184)
",9999999.000,9999999.000,0.000,1.000,0.000,0,0,0,12,12,0,0,12,0.0,0.0,0.0,0.0,0.0,1.0
"G[1,2](((Resp <= 16.360 -> AST >= 0.000) -> MAP >= 0.000) -> FiO2 >= 0.000)
",9999999.000,9999999.000,0.000,1.000,0.000,0,0,12,0,0,12,12,0,0.0,0.0,1.0,0.0,0.0,1.0
"G[0,0](((Glucose >= 7.252 | Phosphate >= 0.021) | Temp <= 6.965) & PTT >= 0.314)
",-0.122,-0.087,0.000,1.000,0.000,0,0,0,12,12,0,0,12,0.0,0.0,0.0,0.0,0.0,1.0
"G[1,2]((Hct >= 1.877 | Hgb <= 3.497) & Platelets <= 8.187)
",9999999.000,9999999.000,0.000,1.000,0.000,0,0,11,1,1,11,11,1,0.0,0.0,1.0,0.0,0.0,1.0
"G[0,1](((Bilirubin_total >= 0.000 -> Alkalinephos >= 0.000) -> HR <= 0.000) & pH >= 0.000)
",9999999.000,9999999.000,0.000,1.000,0.000,0,0,0,12,12,0,0,12,0.0,0.0,0.0,0.0,0.0,1.0
"G[2,2](((Resp <= 20.342 | Platelets <= 24.835) | SepsisLabel >= 9.326) -> Magnesium <= 106.106)
",-106.106,-106.106,0.000,1.000,0.000,0,0,12,0,0,12,12,0,0.0,0.0,1.0,0.0,0.0,1.0
"G[1,2](((PTT <= 0.000 & Glucose >= 32.465) | pH >= 53.986) | Phosphate <= 115.193)
",9999999.000,9999999.000,0.000,1.000,0.000,0,0,12,0,0,12,12,0,0.0,0.0,1.0,0.0,0.0,1.0
"G[1,2]((HR >= 74.067 | Creatinine >= 0.018) -> O2Sat >= 0.024)
",9999999.000,9999999.000,0.000,1.000,0.000,0,0,12,0,0,12,12,0,0.0,0.0,1.0,0.0,0.0,1.0
"G[1,2](Hgb <= 10.724 & FiO2 <= 0.176)
",9999999.000,9999999.000,0.000,1.000,0.000,0,0,10,2,2,10,10,2,0.0,0.0,1.0,0.0,0.0,1.0
"G[1,2](((SepsisLabel <= 0.000 | Temp >= 6.637) | Fibrinogen <= 32.992) -> Potassium <= 37.427)
",9999999.000,9999999.000,0.000,1.000,0.000,0,0,12,0,0,12,12,0,0.0,0.0,1.0,0.0,0.0,1.0
"G[1,1]((PTT <= 0.000 -> O2Sat >= 31.361) & SBP <= 96.633)
",0.000,0.000,0.000,1.000,0.000,0,0,1,11,11,1,1,11,0.0,0.0,1.0,0.0,0.0,1.0
"G[2,2](Hct >= 0.369 & O2Sat >= 41.874)
",-41.874,-41.874,0.000,1.000,0.000,0,0,12,0,0,12,12,0,0.0,0.0,1.0,0.0,0.0,1.0
"G[0,2](SaO2 <= 0.000 -> Hgb <= 5.194)
",9999999.000,9999999.000,0.000,1.000,0.000,0,0,11,1,1,11,11,1,0.0,0.0,1.0,0.0,0.0,1.0
"G[0,2](SaO2 >= 0.000 & Temp >= 11.895)
",9999999.000,9999999.000,0.000,1.000,0.000,0,0,9,3,3,9,9,3,0.0,0.0,1.0,0.0,0.0,1.0
"G[1,2]((AST <= 0.000 & WBC <= 9.277) -> BUN <= 3.620)
",9999999.000,9999999.000,0.000,1.000,0.000,0,0,12,0,0,12,12,0,0.0,0.0,1.0,0.0,0.0,1.0
"G[2,2](((Hct <= 35.859 & Resp >= 5.983) | Chloride >= 3.777) -> PaCO2 >= 10.252)
",8505956355345983.000,3.777,0.000,1.000,0.000,0,0,12,0,0,12,12,0,0.0,0.0,1.0,0.0,0.0,1.0
"G[0,2]((Hgb >= 0.092 -> Creatinine >= 0.009) | Potassium <= 0.311)
",9999999.000,9999999.000,0.000,1.000,0.000,0,0,12,0,0,12,12,0,0.0,0.0,1.0,0.0,0.0,1.0
"G[0,2](SaO2 <= 0.000 | Potassium <= 1.955)
",9999999.000,9999999.000,0.000,1.000,0.000,0,0,12,0,0,12,12,0,0.0,0.0,1.0,0.0,0.0,1.0
"G[0,2](((Alkalinephos <= 0.000 & EtCO2 >= 0.000) -> DBP <= 0.000) & SBP >= 0.000)
",9999999.000,9999999.000,0.000,1.000,0.000,0,0,0,12,12,0,0,12,0.0,0.0,0.0,0.0,0.0,1.0
"G[1,2](PTT >= 0.000 & Alkalinephos <= 0.000)
",9999999.000,9999999.000,0.000,1.000,0.000,0,0,12,0,0,12,12,0,0.0,0.0,1.0,0.0,0.0,1.0
"G[1,2]((MAP >= 14.858 | PaCO2 <= 7.576) & Platelets <= 35.481)
",9999999.000,9999999.000,0.000,1.000,0.000,0,0,11,1,1,11,11,1,0.0,0.0,1.0,0.0,0.0,1.0
"G[0,2](((SBP <= 127.248 & BaseExcess >= 0.000) -> EtCO2 <= 0.000) | Resp <= 0.000)
",9999999.000,9999999.000,0.000,1.000,0.000,0,0,12,0,0,12,12,0,0.0,0.0,1.0,0.0,0.0,1.0
"G[1,2](((Bilirubin_direct <= 0.000 -> BaseExcess <= 0.000) -> Resp <= 0.000) & FiO2 >= 0.000)
",9999999.000,9999999.000,0.000,1.000,0.000,0,0,1,11,11,1,1,11,0.0,0.0,1.0,0.0,0.0,1.0
"G[0,1]((Resp >= 10.141 & O2Sat <= 96.667) & Hgb >= 57.826)
",9999999.000,9999999.000,0.000,1.000,0.000,0,0,0,12,12,0,0,12,0.0,0.0,0.0,0.0,0.0,1.0
"G[0,2]((WBC >= 0.170 & WBC <= 11.624) | SBP <= 5.048)
",9999999.000,9999999.000,0.000,1.000,0.000,0,0,0,12,12,0,0,12,0.0,0.0,0.0,0.0,0.0,1.0
"G[0,2]((BUN <= 1.975 | Resp >= 12.591) & WBC >= 7.594)
",9999999.000,9999999.000,0.000,1.000,0.000,0,0,0,12,12,0,0,12,0.0,0.0,0.0,0.0,0.0,1.0
"G[1,2]((Alkalinephos >= 0.000 | Hgb <= 12.897) | Calcium <= 5.561)
",9999999.000,9999999.000,0.000,1.000,0.000,0,0,12,0,0,12,12,0,0.0,0.0,1.0,0.0,0.0,1.0
"G[0,2](((Hgb <= 11.324 & Alkalinephos >= 0.000) | O2Sat >= 0.000) | AST <= 0.000)
",9999999.000,9999999.000,0.000,1.000,0.000,0,0,12,0,0,12,12,0,0.0,0.0,1.0,0.0,0.0,1.0
"G[1,2]((HR >= 55.816 & Resp <= 16.010) & FiO2 >= 13.311)
",9999999.000,9999999.000,0.000,1.000,0.000,0,0,1,11,11,1,1,11,0.0,0.0,1.0,0.0,0.0,1.0
"G[0,2]((WBC <= 14.039 | SepsisLabel <= 0.000) & Platelets >= 0.000)
",9999999.000,9999999.000,0.000,1.000,0.000,0,0,12,0,0,12,12,0,0.0,0.0,1.0,0.0,0.0,1.0
"G[2,2]((AST <= 0.000 | HR >= 29.628) -> SBP >= 79.927)
",0.000,0.000,0.000,1.000,0.000,0,0,12,0,0,12,12,0,0.0,0.0,1.0,0.0,0.0,1.0
"G[2,2](((HR <= 83.903 -> O2Sat <= 95.354) -> SBP >= 21.340) | EtCO2 >= 74.758)
",6006651953730761.000,21.340,0.000,1.000,0.000,0,0,12,0,0,12,12,0,0.0,0.0,1.0,0.0,0.0,1.0
"G[0,2](TroponinI >= 0.000 -> MAP <= 87.125)
",9999999.000,9999999.000,0.000,1.000,0.000,0,0,10,2,2,10,10,2,0.0,0.0,1.0,0.0,0.0,1.0
"G[1,2]((FiO2 >= 0.009 -> Calcium >= 0.212) -> Chloride >= 0.263)
",9999999.000,9999999.000,0.000,1.000,0.000,0,0,2,10,10,2,2,10,0.0,0.0,1.0,0.0,0.0,1.0
"G[2,2](Platelets <= 109.335 & pH >= 0.092)
",-6644518380318794.000,-0.092,0.000,1.000,0.000,0,0,12,0,0,12,12,0,0.0,0.0,1.0,0.0,0.0,1.0
"G[0,1](((DBP >= 37.903 -> Potassium >= 0.061) & SaO2 <= 1.170) & Chloride >= 0.349)
",9999999.000,9999999.000,0.000,1.000,0.000,0,0,0,12,12,0,0,12,0.0,0.0,0.0,0.0,0.0,1.0
"G[0,2]((Magnesium >= 0.081 | Platelets <= 203.605) | Hgb >= 4.373)
",9999999.000,9999999.000,0.000,1.000,0.000,0,0,12,0,0,12,12,0,0.0,0.0,1.0,0.0,0.0,1.0
"G[0,2]((Glucose >= 54.226 | Magnesium <= 0.942) | Calcium >= 0.024)
",9999999.000,9999999.000,0.000,1.000,0.000,0,0,12,0,0,12,12,0,0.0,0.0,1.0,0.0,0.0,1.0
"G[1,2](((Calcium <= 4.304 -> SBP <= 131.701) -> O2Sat <= 165.755) & Calcium >= 0.081)
",9999999.000,9999999.000,0.000,1.000,0.000,0,0,3,9,9,3,3,9,0.0,0.0,1.0,0.0,0.0,1.0
"G[1,2](((MAP <= 90.571 | SBP >= 26.423) -> HR >= 43.243) | pH <= 120.790)
",9999999.000,9999999.000,0.000,1.000,0.000,0,0,12,0,0,12,12,0,0.0,0.0,1.0,0.0,0.0,1.0
"G[0,2](((HCO3 >= 0.000 -> Temp >= 29.522) | Temp <= 34.290) & pH >= 2.983)
",9999999.000,9999999.000,0.000,1.000,0.000,0,0,0,12,12,0,0,12,0.0,0.0,0.0,0.0,0.0,1.0
"G[0,2]((Resp <= 18.857 -> Fibrinogen >= 0.000) & PTT >= 0.000)
",9999999.000,9999999.000,0.000,1.000,0.000,0,0,12,0,0,12,12,0,0.0,0.0,1.0,0.0,0.0,1.0
"G[2,2]((Bilirubin_direct <= 0.000 & FiO2 >= 0.005) | Hgb >= 0.016)
",-5793220554023746.000,-0.005,0.000,1.000,0.000,0,0,12,0,0,12,12,0,0.0,0.0,1.0,0.0,0.0,1.0
"G[1,2](Lactate <= 1.308 -> HR >= 82.378)
",9999999.000,9999999.000,0.000,1.000,0.000,0,0,11,1,1,11,11,1,0.0,0.0,1.0,0.0,0.0,1.0
"G[1,2](((TroponinI <= 0.000 | AST <= 0.000) | Bilirubin_total >= 0.000) | Phosphate <= 0.000)
",9999999.000,9999999.000,0.000,1.000,0.000,0,0,12,0,0,12,12,0,0.0,0.0,1.0,0.0,0.0,1.0
"G[0,0](((Temp >= 6.692 & Magnesium <= 0.850) -> EtCO2 <= 0.618) -> FiO2 >= 0.062)
",9001106414952879.000,0.062,0.000,1.000,0.000,0,0,0,12,12,0,0,12,0.0,0.0,0.0,0.0,0.0,1.0
"G[2,2]((SepsisLabel >= 0.000 -> MAP <= 96.585) | WBC <= 99.755)
",99.755,99.755,0.000,1.000,0.000,0,0,12,0,0,12,12,0,0.0,0.0,1.0,0.0,0.0,1.0
"G[1,2]((Fibrinogen <= 0.000 & SepsisLabel <= 0.000) | SepsisLabel <= 0.000)
",9999999.000,9999999.000,0.000,1.000,0.000,0,0,12,0,0,12,12,0,0.0,0.0,1.0,0.0,0.0,1.0
"G[2,2](((Calcium >= 0.047 | SepsisLabel >= 0.000) & Resp >= 0.000) & Potassium >= 0.000)
",0.000,0.000,0.000,1.000,0.000,0,0,12,0,0,12,12,0,0.0,0.0,1.0,0.0,0.0,1.0
"G[1,1]((pH <= 3.575 & BUN <= 5.648) & WBC >= 0.415)
",-7469269308985750.000,-0.415,0.000,1.000,0.000,0,0,1,11,11,1,1,11,0.0,0.0,1.0,0.0,0.0,1.0
"G[0,1](((AST >= 0.000 | PaCO2 <= 26.052) & Creatinine >= 1.318) | Bilirubin_direct >= 1.171)
",9999999.000,9999999.000,0.000,1.000,0.000,0,0,0,12,12,0,0,12,0.0,0.0,0.0,0.0,0.0,1.0
"G[1,2](BaseExcess >= 0.000 & AST >= 0.000)
",9999999.000,9999999.000,0.000,1.000,0.000,0,0,12,0,0,12,12,0,0.0,0.0,1.0,0.0,0.0,1.0
"G[1,2](Chloride >= 1.146 & HCO3 >= 0.000)
",9999999.000,9999999.000,0.000,1.000,0.000,0,0,2,10,10,2,2,10,0.0,0.0,1.0,0.0,0.0,1.0
"G[1,2](((Fibrinogen >= 0.000 & Glucose >= 24.287) & Phosphate <= 93.495) -> BaseExcess <= 105.774)
",9999999.000,9999999.000,0.000,1.000,0.000,0,0,12,0,0,12,12,0,0.0,0.0,1.0,0.0,0.0,1.0
"G[1,2](Calcium > 0.152 -> SepsisLabel = 0.000)
",9999999.000,9999999.000,0.000,1.000,0.000,0,0,12,0,0,12,12,0,0.0,0.0,1.0,0.0,0.0,1.0
"G[0,1](Platelets <= 112.458 -> WBC >= 0.081)
",9999999.000,9999999.000,0.000,1.000,0.000,0,0,0,12,12,0,0,12,0.0,0.0,0.0,0.0,0.0,1.0
"G[1,2](((Hgb <= 2.422 | Hct <= 10.974) -> WBC >= 0.043) & Platelets >= 3.282)
",9999999.000,9999999.000,0.000,1.000,0.000,0,0,2,10,10,2,2,10,0.0,0.0,1.0,0.0,0.0,1.0
"G[1,1](BUN <= 1.635 & Creatinine >= 0.013)
",-7342345938166369.000,-0.013,0.000,1.000,0.000,0,0,1,11,11,1,1,11,0.0,0.0,1.0,0.0,0.0,1.0
"G[0,0](SaO2 > 0.000 & SepsisLabel = 0.000)
",-0.316,-20.455,0.000,1.000,0.000,0,0,0,12,12,0,0,12,0.0,0.0,0.0,0.0,0.0,1.0
"G[0,2](Potassium > 0.040 & SepsisLabel = 0.000)
",9999999.000,9999999.000,0.000,1.000,0.000,0,0,0,12,12,0,0,12,0.0,0.0,0.0,0.0,0.0,1.0
"G[0,2](Platelets > 6.958 -> SepsisLabel = 0.000)
",9999999.000,9999999.000,0.000,1.000,0.000,0,0,12,0,0,12,12,0,0.0,0.0,1.0,0.0,0.0,1.0
"G[0,2](FiO2 < 0.056 -> SepsisLabel = 0.000)
",9999999.000,9999999.000,0.000,1.000,0.000,0,0,12,0,0,12,12,0,0.0,0.0,1.0,0.0,0.0,1.0
"G[2,2](Bilirubin_total >= 0.000 & SepsisLabel = 0.000)
",0.000,0.000,0.000,1.000,0.000,0,0,12,0,0,12,12,0,0.0,0.0,1.0,0.0,0.0,1.0
"G[0,1](BaseExcess > 0.000 & SepsisLabel = 0.000)
",9999999.000,9999999.000,0.000,1.000,0.000,0,0,0,12,12,0,0,12,0.0,0.0,0.0,0.0,0.0,1.0
"G[2,2](Hgb <= 6.626 & SepsisLabel = 0.000)
",0.000,0.000,0.000,1.000,0.000,0,0,12,0,0,12,12,0,0.0,0.0,1.0,0.0,0.0,1.0
"G[0,2](Platelets >= 9.724 & SepsisLabel = 0.000)
",9999999.000,9999999.000,0.000,1.000,0.000,0,0,0,12,12,0,0,12,0.0,0.0,0.0,0.0,0.0,1.0
"G[0,1](BaseExcess > 0.000 & SepsisLabel = 0.000)
",9999999.000,9999999.000,0.000,1.000,0.000,0,0,0,12,12,0,0,12,0.0,0.0,0.0,0.0,0.0,1.0
"G[1,2](SBP <= 137.508 & SepsisLabel = 0.000)
",9999999.000,9999999.000,0.000,1.000,0.000,0,0,12,0,0,12,12,0,0.0,0.0,1.0,0.0,0.0,1.0
"G[1,1](BUN <= 10.545 & Creatinine >= 0.016)
",-0.016,-0.016,0.000,1.000,0.000,0,0,1,11,11,1,1,11,0.0,0.0,1.0,0.0,0.0,1.0
"G[0,2](Potassium < 3.260 & SepsisLabel = 0.000)
",9999999.000,9999999.000,0.000,1.000,0.000,0,0,10,2,2,10,10,2,0.0,0.0,1.0,0.0,0.0,1.0
"G[0,1](O2Sat <= 93.386 & SepsisLabel = 0.000)
",9999999.000,9999999.000,0.000,1.000,0.000,0,0,0,12,12,0,0,12,0.0,0.0,0.0,0.0,0.0,1.0
"G[0,2](pH < 3.366 -> SepsisLabel = 0.000)
",9999999.000,9999999.000,0.000,1.000,0.000,0,0,12,0,0,12,12,0,0.0,0.0,1.0,0.0,0.0,1.0
"G[1,2](O2Sat < 98.706 -> SepsisLabel = 0.000)
",9999999.000,9999999.000,0.000,1.000,0.000,0,0,12,0,0,12,12,0,0.0,0.0,1.0,0.0,0.0,1.0
"G[1,2](((Chloride >= 3.738 & Lactate >= 0.040) -> Hct <= 0.285) -> SBP >= 0.034)
",9999999.000,9999999.000,0.000,1.000,0.000,0,0,12,0,0,12,12,0,0.0,0.0,1.0,0.0,0.0,1.0
"G[0,1](((Creatinine >= 0.008 & WBC >= 0.241) | FiO2 <= 0.760) -> Phosphate >= 0.013)
",9999999.000,9999999.000,0.000,1.000,0.000,0,0,0,12,12,0,0,12,0.0,0.0,0.0,0.0,0.0,1.0
"G[0,2](((Magnesium >= 0.088 -> Phosphate <= 3.558) -> BaseExcess >= 0.125) | MAP >= 0.115)
",9999999.000,9999999.000,0.000,1.000,0.000,0,0,11,1,1,11,11,1,0.0,0.0,1.0,0.0,0.0,1.0
"G[2,2](((Hgb >= 0.185 | WBC <= 2.987) | PaCO2 <= 10.167) -> Potassium >= 0.043)
",-10.167,-10.167,0.000,1.000,0.000,0,0,12,0,0,12,12,0,0.0,0.0,1.0,0.0,0.0,1.0
"G[0,2]((Calcium <= 6.338 -> Phosphate <= 0.671) -> Potassium <= 8.765)
",9999999.000,9999999.000,0.000,1.000,0.000,0,0,12,0,0,12,12,0,0.0,0.0,1.0,0.0,0.0,1.0
"G[0,2](((DBP <= 71.691 & HR <= 90.978) | SepsisLabel >= 34.503) & PTT >= 32.099)
",9999999.000,9999999.000,0.000,1.000,0.000,0,0,0,12,12,0,0,12,0.0,0.0,0.0,0.0,0.0,1.0
"G[1,2](((MAP >= 78.106 -> O2Sat >= 22.648) | Lactate >= 85.881) -> SaO2 <= 94.205)
",9999999.000,9999999.000,0.000,1.000,0.000,0,0,12,0,0,12,12,0,0.0,0.0,1.0,0.0,0.0,1.0
"G[0,2](((HR <= 84.773 & SBP >= 44.900) | Chloride >= 84.076) | PaCO2 <= 138.165)
",9999999.000,9999999.000,0.000,1.000,0.000,0,0,12,0,0,12,12,0,0.0,0.0,1.0,0.0,0.0,1.0
"G[0,1](Chloride >= 1.498 & HCO3 >= 0.000)
",9999999.000,9999999.000,0.000,1.000,0.000,0,0,0,12,12,0,0,12,0.0,0.0,0.0,0.0,0.0,1.0
"G[1,2](Platelets <= 118.652 -> WBC >= 0.428)
",9999999.000,9999999.000,0.000,1.000,0.000,0,0,2,10,10,2,2,10,0.0,0.0,1.0,0.0,0.0,1.0
"G[2,2](((Alkalinephos >= 0.000 | FiO2 >= 0.001) & pH <= 0.368) -> TroponinI >= 0.006)
",0.000,0.000,0.000,1.000,0.000,0,0,12,0,0,12,12,0,0.0,0.0,1.0,0.0,0.0,1.0
"G[0,1](Chloride >= 3.485 & HCO3 >= 0.000)
",9999999.000,9999999.000,0.000,1.000,0.000,0,0,0,12,12,0,0,12,0.0,0.0,0.0,0.0,0.0,1.0
"G[0,2](((Hgb <= 10.748 | Hct <= 28.294) -> WBC >= 0.526) & Platelets >= 8.708)
",9999999.000,9999999.000,0.000,1.000,0.000,0,0,0,12,12,0,0,12,0.0,0.0,0.0,0.0,0.0,1.0
"G[1,2](BUN <= 4.392 & Creatinine >= 0.002)
",9999999.000,9999999.000,0.000,1.000,0.000,0,0,1,11,11,1,1,11,0.0,0.0,1.0,0.0,0.0,1.0
"G[0,0](Chloride >= 4.454 & HCO3 >= 0.000)
",-3.162,-4.049,0.000,1.000,0.000,0,0,0,12,12,0,0,12,0.0,0.0,0.0,0.0,0.0,1.0
"G[0,0](Platelets <= 135.065 -> WBC >= 0.241)
",-4752192721089661.000,-135.065,0.000,1.000,0.000,0,0,0,12,12,0,0,12,0.0,0.0,0.0,0.0,0.0,1.0
"G[1,2](((Hgb <= 5.941 | Hct <= 14.903) -> WBC >= 0.196) & Platelets >= 8.351)
",9999999.000,9999999.000,0.000,1.000,0.000,0,0,2,10,10,2,2,10,0.0,0.0,1.0,0.0,0.0,1.0
"G[0,2](BUN <= 7.085 & Creatinine >= 0.017)
",9999999.000,9999999.000,0.000,1.000,0.000,0,0,0,12,12,0,0,12,0.0,0.0,0.0,0.0,0.0,1.0
"G[0,2](Chloride >= 1.438 & HCO3 >= 0.000)
",9999999.000,9999999.000,0.000,1.000,0.000,0,0,0,12,12,0,0,12,0.0,0.0,0.0,0.0,0.0,1.0
"G[0,2](Platelets <= 111.506 -> WBC >= 0.565)
",9999999.000,9999999.000,0.000,1.000,0.000,0,0,0,12,12,0,0,12,0.0,0.0,0.0,0.0,0.0,1.0
"G[0,0](((Hgb <= 9.733 | Hct <= 15.809) -> WBC >= 0.241) & Platelets >= 4.716)
",-8899567170084042.000,-15.809,0.000,1.000,0.000,0,0,0,12,12,0,0,12,0.0,0.0,0.0,0.0,0.0,1.0
"G[2,2](Chloride >= 1.976 & HCO3 >= 0.000)
",-1.976,-1.976,0.000,1.000,0.000,0,0,12,0,0,12,12,0,0.0,0.0,1.0,0.0,0.0,1.0
"G[0,0](Platelets <= 28.402 -> WBC >= 0.148)
",-7994320472154985.000,-28.402,0.000,1.000,0.000,0,0,0,12,12,0,0,12,0.0,0.0,0.0,0.0,0.0,1.0
"G[1,2](BUN <= 3.526 & Creatinine >= 0.007)
",9999999.000,9999999.000,0.000,1.000,0.000,0,0,1,11,11,1,1,11,0.0,0.0,1.0,0.0,0.0,1.0
"G[1,2](Platelets <= 201.125 -> WBC >= 0.216)
",9999999.000,9999999.000,0.000,1.000,0.000,0,0,2,10,10,2,2,10,0.0,0.0,1.0,0.0,0.0,1.0
"G[1,2](Chloride >= 3.472 & HCO3 >= 0.000)
",9999999.000,9999999.000,0.000,1.000,0.000,0,0,2,10,10,2,2,10,0.0,0.0,1.0,0.0,0.0,1.0
"G[1,2](((Hgb <= 10.752 | Hct <= 29.208) -> WBC >= 0.009) & Platelets >= 6.447)
",9999999.000,9999999.000,0.000,1.000,0.000,0,0,2,10,10,2,2,10,0.0,0.0,1.0,0.0,0.0,1.0
"G[0,1](BUN <= 1.946 & Creatinine >= 0.006)
",9999999.000,9999999.000,0.000,1.000,0.000,0,0,0,12,12,0,0,12,0.0,0.0,0.0,0.0,0.0,1.0
"G[1,2](Chloride >= 4.192 & HCO3 >= 0.000)
",9999999.000,9999999.000,0.000,1.000,0.000,0,0,2,10,10,2,2,10,0.0,0.0,1.0,0.0,0.0,1.0
"G[1,2](Platelets <= 133.753 -> WBC >= 0.036)
",9999999.000,9999999.000,0.000,1.000,0.000,0,0,2,10,10,2,2,10,0.0,0.0,1.0,0.0,0.0,1.0
"G[0,1](((Hgb <= 7.441 | Hct <= 17.872) -> WBC >= 0.384) & Platelets >= 7.391)
",9999999.000,9999999.000,0.000,1.000,0.000,0,0,0,12,12,0,0,12,0.0,0.0,0.0,0.0,0.0,1.0
"G[1,2](BUN <= 12.676 & Creatinine >= 0.018)
",9999999.000,9999999.000,0.000,1.000,0.000,0,0,1,11,11,1,1,11,0.0,0.0,1.0,0.0,0.0,1.0
"G[0,0](Chloride >= 3.913 & HCO3 >= 0.000)
",-3.162,-3.557,0.000,1.000,0.000,0,0,0,12,12,0,0,12,0.0,0.0,0.0,0.0,0.0,1.0
"G[0,0](Platelets <= 224.925 -> WBC >= 0.342)
",-224.925,-224.925,0.000,1.000,0.000,0,0,0,12,12,0,0,12,0.0,0.0,0.0,0.0,0.0,1.0
"G[0,2](((Hgb <= 1.096 | Hct <= 20.727) -> WBC >= 0.474) & Platelets >= 2.967)
",9999999.000,9999999.000,0.000,1.000,0.000,0,0,0,12,12,0,0,12,0.0,0.0,0.0,0.0,0.0,1.0
"G[0,0](BUN <= 10.534 & Creatinine >= 0.021)
",-6044982890616887.000,-0.021,0.000,1.000,0.000,0,0,0,12,12,0,0,12,0.0,0.0,0.0,0.0,0.0,1.0
"G[0,0](Chloride >= 0.544 & HCO3 >= 0.000)
",-3.162,-0.495,0.000,1.000,0.000,0,0,0,12,12,0,0,12,0.0,0.0,0.0,0.0,0.0,1.0
"G[1,2](BUN <= 5.037 & Creatinine >= 0.022)
",9999999.000,9999999.000,0.000,1.000,0.000,0,0,1,11,11,1,1,11,0.0,0.0,1.0,0.0,0.0,1.0
"G[0,2]((O2Sat <= 96.409 | Resp >= 15.579) | BaseExcess >= 15.457)
",9999999.000,9999999.000,0.000,1.000,0.000,0,0,8,4,4,8,8,4,0.0,0.0,1.0,0.0,0.0,1.0
"G[1,2](Creatinine <= 0.166 | Potassium >= 0.219)
",9999999.000,9999999.000,0.000,1.000,0.000,0,0,12,0,0,12,12,0,0.0,0.0,1.0,0.0,0.0,1.0
"G[0,2](((HR <= 98.950 | Temp <= 36.964) -> Lactate <= 33.998) -> BUN >= 22.019)
",9999999.000,9999999.000,0.000,1.000,0.000,0,0,0,12,12,0,0,12,0.0,0.0,0.0,0.0,0.0,1.0
"G[0,2]((MAP <= 93.594 & Platelets <= 145.808) | Calcium <= 125.746)
",9999999.000,9999999.000,0.000,1.000,0.000,0,0,12,0,0,12,12,0,0.0,0.0,1.0,0.0,0.0,1.0
"G[0,1](((Creatinine <= 0.211 | FiO2 <= 0.033) | PTT <= 0.367) & FiO2 >= 0.015)
",9999999.000,9999999.000,0.000,1.000,0.000,0,0,0,12,12,0,0,12,0.0,0.0,0.0,0.0,0.0,1.0
"G[0,2]((Chloride <= 17.787 & Magnesium <= 1.126) | Platelets >= 0.018)
",9999999.000,9999999.000,0.000,1.000,0.000,0,0,11,1,1,11,11,1,0.0,0.0,1.0,0.0,0.0,1.0
"G[0,0]((Creatinine >= 0.011 & PaCO2 >= 0.903) | Lactate >= 1.406)
",0.894,49.414,0.000,1.000,0.000,0,0,0,12,12,0,0,12,0.0,0.0,0.0,0.0,0.0,1.0
"G[0,2](((Hgb <= 13.974 & PaCO2 <= 18.796) & PaCO2 >= 1.145) & BUN <= 39.470)
",9999999.000,9999999.000,0.000,1.000,0.000,0,0,0,12,12,0,0,12,0.0,0.0,0.0,0.0,0.0,1.0
"G[0,1](((Hct >= 0.147 & HR <= 89.875) & HCO3 <= 84.791) & BUN >= 58.744)
",9999999.000,9999999.000,0.000,1.000,0.000,0,0,0,12,12,0,0,12,0.0,0.0,0.0,0.0,0.0,1.0
"G[1,2](((FiO2 >= 0.001 & O2Sat >= 4.835) -> TroponinI >= 71.906) | Calcium <= 95.516)
",9999999.000,9999999.000,0.000,1.000,0.000,0,0,12,0,0,12,12,0,0.0,0.0,1.0,0.0,0.0,1.0
"G[1,2](((DBP >= 13.760 & Magnesium <= 1.574) -> SepsisLabel >= 0.065) | BaseExcess >= 0.057)
",9999999.000,9999999.000,0.000,1.000,0.000,0,0,2,10,10,2,2,10,0.0,0.0,1.0,0.0,0.0,1.0
"G[0,2](DBP >= 35.146 | WBC <= 4.051)
",9999999.000,9999999.000,0.000,1.000,0.000,0,0,12,0,0,12,12,0,0.0,0.0,1.0,0.0,0.0,1.0
"G[1,2]((Calcium <= 2.315 | HR >= 7.205) & AST >= 15.390)
",9999999.000,9999999.000,0.000,1.000,0.000,0,0,1,11,11,1,1,11,0.0,0.0,1.0,0.0,0.0,1.0
"G[2,2](O2Sat <= 95.698 | Platelets <= 180.851)
",6363120768139853.000,180.851,0.000,1.000,0.000,0,0,12,0,0,12,12,0,0.0,0.0,1.0,0.0,0.0,1.0
"G[0,1]((Hct <= 5.884 -> MAP <= 80.894) & Magnesium >= 4.108)
",9999999.000,9999999.000,0.000,1.000,0.000,0,0,0,12,12,0,0,12,0.0,0.0,0.0,0.0,0.0,1.0
"G[1,1]((Magnesium >= 0.004 -> MAP <= 81.929) -> WBC >= 44.263)
",6229522901345049.000,44.263,0.000,1.000,0.000,0,0,1,11,11,1,1,11,0.0,0.0,1.0,0.0,0.0,1.0
"G[1,2](BUN <= 2.039 | MAP >= 12.750)
",9999999.000,9999999.000,0.000,1.000,0.000,0,0,12,0,0,12,12,0,0.0,0.0,1.0,0.0,0.0,1.0
"G[2,2](((DBP <= 72.290 -> Temp <= 34.674) -> EtCO2 >= 8.040) & BUN <= 34.749)
",4526357828737917.000,8.040,0.000,1.000,0.000,0,0,12,0,0,12,12,0,0.0,0.0,1.0,0.0,0.0,1.0
"G[2,2](Platelets <= 196.797 | SBP >= 14.463)
",196.797,196.797,0.000,1.000,0.000,0,0,12,0,0,12,12,0,0.0,0.0,1.0,0.0,0.0,1.0
"G[0,2]((Calcium <= 7.319 | SBP >= 74.621) -> Potassium <= 136.030)
",9999999.000,9999999.000,0.000,1.000,0.000,0,0,12,0,0,12,12,0,0.0,0.0,1.0,0.0,0.0,1.0
"G[0,2]((Calcium <= 4.241 | MAP >= 50.629) & O2Sat <= 84.706)
",9999999.000,9999999.000,0.000,1.000,0.000,0,0,0,12,12,0,0,12,0.0,0.0,0.0,0.0,0.0,1.0
"G[0,1](Platelets <= 131.324 -> WBC >= 0.081)
",9999999.000,9999999.000,0.000,1.000,0.000,0,0,0,12,12,0,0,12,0.0,0.0,0.0,0.0,0.0,1.0
"G[1,2](((TroponinI >= 0.000 & Hgb <= 7.229) | Bilirubin_total <= 14.093) & Bilirubin_total <= 11.209)
",9999999.000,9999999.000,0.000,1.000,0.000,0,0,12,0,0,12,12,0,0.0,0.0,1.0,0.0,0.0,1.0
"G[1,2]((HCO3 <= 0.000 -> EtCO2 <= 0.000) -> WBC >= 0.000)
",9999999.000,9999999.000,0.000,1.000,0.000,0,0,12,0,0,12,12,0,0.0,0.0,1.0,0.0,0.0,1.0
"G[0,1](((Lactate <= 0.793 -> Potassium >= 0.156) | Lactate <= 2.038) -> SBP <= 1.937)
",9999999.000,9999999.000,0.000,1.000,0.000,0,0,0,12,12,0,0,12,0.0,0.0,0.0,0.0,0.0,1.0
"G[0,2]((TroponinI >= 0.000 & Alkalinephos >= 0.000) -> Glucose >= 0.000)
",9999999.000,9999999.000,0.000,1.000,0.000,0,0,12,0,0,12,12,0,0.0,0.0,1.0,0.0,0.0,1.0
"G[1,2](TroponinI >= 0.000 -> SBP >= 50.625)
",9999999.000,9999999.000,0.000,1.000,0.000,0,0,12,0,0,12,12,0,0.0,0.0,1.0,0.0,0.0,1.0
"G[1,2]((Hct <= 3.762 | PaCO2 <= 15.234) | Calcium <= 11.025)
",9999999.000,9999999.000,0.000,1.000,0.000,0,0,12,0,0,12,12,0,0.0,0.0,1.0,0.0,0.0,1.0
"G[0,2](((Bilirubin_total >= 0.000 | Temp <= 36.695) -> Resp >= 25.709) | Resp <= 32.845)
",9999999.000,9999999.000,0.000,1.000,0.000,0,0,12,0,0,12,12,0,0.0,0.0,1.0,0.0,0.0,1.0
"G[1,2]((Resp <= 18.008 | Hct >= 0.831) & Creatinine <= 5.723)
",9999999.000,9999999.000,0.000,1.000,0.000,0,0,10,2,2,10,10,2,0.0,0.0,1.0,0.0,0.0,1.0
"G[1,2](PaCO2 >= 1.294 -> Temp <= 36.050)
",9999999.000,9999999.000,0.000,1.000,0.000,0,0,11,1,1,11,11,1,0.0,0.0,1.0,0.0,0.0,1.0
"G[0,2]((Chloride >= 2.084 | Temp <= 37.503) & Fibrinogen >= 14.654)
",9999999.000,9999999.000,0.000,1.000,0.000,0,0,0,12,12,0,0,12,0.0,0.0,0.0,0.0,0.0,1.0
"G[2,2]((FiO2 <= 0.042 | Temp <= 33.527) | Hgb >= 20.859)
",4718501589627474.000,33.527,0.000,1.000,0.000,0,0,12,0,0,12,12,0,0.0,0.0,1.0,0.0,0.0,1.0
"G[1,1]((Hgb <= 2.060 | Temp <= 37.107) -> Calcium >= 13.748)
",-37.107,-37.107,0.000,1.000,0.000,0,0,1,11,11,1,1,11,0.0,0.0,1.0,0.0,0.0,1.0
"G[0,2](MAP >= 16.641 & Temp <= 33.062)
",9999999.000,9999999.000,0.000,1.000,0.000,0,0,0,12,12,0,0,12,0.0,0.0,0.0,0.0,0.0,1.0
"G[1,2]((Chloride >= 0.979 & Glucose >= 12.714) & EtCO2 >= 40.606)
",9999999.000,9999999.000,0.000,1.000,0.000,0,0,1,11,11,1,1,11,0.0,0.0,1.0,0.0,0.0,1.0
"G[2,2]((SBP >= 51.307 -> Temp <= 36.933) -> Glucose >= 27.256)
",27.256,27.256,0.000,1.000,0.000,0,0,12,0,0,12,12,0,0.0,0.0,1.0,0.0,0.0,1.0
"G[0,2](Calcium >= 0.193 -> Glucose >= 53.273)
",9999999.000,9999999.000,0.000,1.000,0.000,0,0,12,0,0,12,12,0,0.0,0.0,1.0,0.0,0.0,1.0
"G[1,2](((BUN <= 7.487 | Glucose >= 23.948) -> Creatinine <= 107.327) | Fibrinogen >= 51.686)
",9999999.000,9999999.000,0.000,1.000,0.000,0,0,12,0,0,12,12,0,0.0,0.0,1.0,0.0,0.0,1.0
"G[1,2](((Glucose >= 5.616 & Phosphate <= 6.615) -> SaO2 >= 0.278) & BUN <= 2.275)
",9999999.000,9999999.000,0.000,1.000,0.000,0,0,4,8,8,4,4,8,0.0,0.0,1.0,0.0,0.0,1.0
"G[1,2](((DBP >= 46.188 | pH <= 7.311) & AST <= 0.725) | DBP >= 0.317)
",9999999.000,9999999.000,0.000,1.000,0.000,0,0,12,0,0,12,12,0,0.0,0.0,1.0,0.0,0.0,1.0
"G[1,2]((Glucose >= 54.329 & O2Sat >= 37.982) | Phosphate >= 10.392)
",9999999.000,9999999.000,0.000,1.000,0.000,0,0,9,3,3,9,9,3,0.0,0.0,1.0,0.0,0.0,1.0
"G[1,1](((FiO2 >= 0.001 -> HR <= 84.731) -> PaCO2 <= 89.803) & FiO2 >= 7.831)
",-6319308204031023.000,-89.803,0.000,1.000,0.000,0,0,1,11,11,1,1,11,0.0,0.0,1.0,0.0,0.0,1.0
"G[1,2]((Glucose <= 77.056 & Temp <= 36.630) & BaseExcess <= 36.555)
",9999999.000,9999999.000,0.000,1.000,0.000,0,0,2,10,10,2,2,10,0.0,0.0,1.0,0.0,0.0,1.0
"G[0,2](((Chloride <= 16.582 -> SBP >= 103.201) & HCO3 <= 132.939) & Alkalinephos <= 154.329)
",9999999.000,9999999.000,0.000,1.000,0.000,0,0,11,1,1,11,11,1,0.0,0.0,1.0,0.0,0.0,1.0
"G[0,2](((pH <= 3.579 -> SBP <= 158.160) & Alkalinephos >= 36.134) & BaseExcess >= 67.536)
",9999999.000,9999999.000,0.000,1.000,0.000,0,0,0,12,12,0,0,12,0.0,0.0,0.0,0.0,0.0,1.0
"G[1,2]((Resp <= 19.557 -> WBC >= 0.187) & MAP <= 6.960)
",9999999.000,9999999.000,0.000,1.000,0.000,0,0,1,11,11,1,1,11,0.0,0.0,1.0,0.0,0.0,1.0
"G[0,2](Hct >= 1.073 -> Resp <= 19.390)
",9999999.000,9999999.000,0.000,1.000,0.000,0,0,12,0,0,12,12,0,0.0,0.0,1.0,0.0,0.0,1.0
"G[1,2](((Phosphate <= 1.442 -> Resp <= 16.213) & Temp >= 15.383) -> DBP <= 18.438)
",9999999.000,9999999.000,0.000,1.000,0.000,0,0,5,7,7,5,5,7,0.0,0.0,1.0,0.0,0.0,1.0
"G[2,2](((Hgb >= 0.511 & Resp >= 5.765) | Temp >= 7.583) -> HR <= 16.074)
",-4524298812222502.000,-16.074,0.000,1.000,0.000,0,0,12,0,0,12,12,0,0.0,0.0,1.0,0.0,0.0,1.0
"G[0,2](((Chloride >= 1.422 | Resp >= 7.892) | SaO2 <= 17.057) -> Chloride >= 4.991)
",9999999.000,9999999.000,0.000,1.000,0.000,0,0,0,12,12,0,0,12,0.0,0.0,0.0,0.0,0.0,1.0
"G[2,2](((Calcium <= 2.601 -> PaCO2 >= 0.987) | TroponinI <= 21.365) & O2Sat <= 33.582)
",6013659963591459.000,21.365,0.000,1.000,0.000,0,0,12,0,0,12,12,0,0.0,0.0,1.0,0.0,0.0,1.0
"G[1,2](Calcium >= 0.234 | pH <= 4.268)
",9999999.000,9999999.000,0.000,1.000,0.000,0,0,12,0,0,12,12,0,0.0,0.0,1.0,0.0,0.0,1.0
"G[0,1](Calcium >= 0.374 & Temp >= 27.794)
",9999999.000,9999999.000,0.000,1.000,0.000,0,0,0,12,12,0,0,12,0.0,0.0,0.0,0.0,0.0,1.0
"G[1,2](Calcium <= 5.994 | Resp >= 0.648)
",9999999.000,9999999.000,0.000,1.000,0.000,0,0,12,0,0,12,12,0,0.0,0.0,1.0,0.0,0.0,1.0
"G[1,2](((BUN >= 0.013 -> Temp >= 14.402) & pH <= 32.927) | BaseExcess <= 36.896)
",9999999.000,9999999.000,0.000,1.000,0.000,0,0,12,0,0,12,12,0,0.0,0.0,1.0,0.0,0.0,1.0
"G[1,2]((Creatinine <= 0.258 & Temp <= 35.911) | SaO2 <= 36.844)
",9999999.000,9999999.000,0.000,1.000,0.000,0,0,12,0,0,12,12,0,0.0,0.0,1.0,0.0,0.0,1.0
"G[0,1]((Platelets <= 43.574 | Temp <= 36.350) -> Phosphate >= 1.764)
",9999999.000,9999999.000,0.000,1.000,0.000,0,0,0,12,12,0,0,12,0.0,0.0,0.0,0.0,0.0,1.0
"G[1,1](((Hct >= 0.374 -> Temp >= 17.013) & SaO2 <= 36.409) & Calcium >= 10.928)
",-6151872356159103.000,-10.928,0.000,1.000,0.000,0,0,1,11,11,1,1,11,0.0,0.0,1.0,0.0,0.0,1.0
"G[1,2](((Alkalinephos <= 0.000 -> Fibrinogen >= 0.000) -> Magnesium >= 0.000) -> PTT <= 0.000)
",9999999.000,9999999.000,0.000,1.000,0.000,0,0,12,0,0,12,12,0,0.0,0.0,1.0,0.0,0.0,1.0
