Rule,Discrimination Score,Pos Robustness,Neg Robustness,Percent Class +,Percent Class -,TP,TN,FP,FN,Actual Yes,Actual No,Predicted Yes,Predicted No,TPR/Sens,TNR/Spec,FPR,Precision,Accuracy,MCR,Class
"G[0,0](Magnesium >= 0.084 -> Hct >= 0.556)
",-0.172,-0.089,0.000,1.000,0.000,11,0,0,0,11,0,11,0,1.0,0.0,0.0,1.0,1.0476190476190477,-0.04761904761904767,1
"G[0,0](TroponinI <= 0.000 | EtCO2 <= 0.000)
",0.000,0.000,0.000,1.000,0.000,11,0,0,0,11,0,11,0,1.0,0.0,0.0,1.0,1.0476190476190477,-0.04761904761904767,1
"F[0,0](((Magnesium <= 0.790 | MAP <= 95.154) | Creatinine >= 29.691) & Lactate >= 39.385)
",-0.791,-15.453,0.000,0.000,1.000,11,0,0,0,11,0,11,0,1.0,0.0,0.0,1.0,1.0476190476190477,-0.04761904761904767,-1
"F[0,0](((Calcium < 6.737 & Potassium < 3.214) & Magnesium < 1.365) & Phosphate < 0.000)
",-0.396,-0.236,0.000,0.000,1.000,11,0,0,0,11,0,11,0,1.0,0.0,0.0,1.0,1.0476190476190477,-0.04761904761904767,-1
"F[0,0](SaO2 >= 8.696 & SBP <= 142.282)
",-0.360,-4.516,0.000,0.000,1.000,11,0,0,0,11,0,11,0,1.0,0.0,0.0,1.0,1.0476190476190477,-0.04761904761904767,-1
"F[0,0]((FiO2 <= 0.408 -> FiO2 >= 0.023) & SepsisLabel >= 0.041)
",-0.408,-0.408,0.000,0.000,1.000,11,0,0,0,11,0,11,0,1.0,0.0,0.0,1.0,1.0476190476190477,-0.04761904761904767,-1
"F[0,0]((HR <= 81.697 -> Temp >= 11.463) & O2Sat <= 33.575)
",-2.596,-76.137,0.000,0.000,1.000,11,0,0,0,11,0,11,0,1.0,0.0,0.0,1.0,1.0476190476190477,-0.04761904761904767,-1
"F[0,0]((WBC >= 0.284 & Potassium >= 0.563) | Phosphate >= 0.495)
",-0.491,-0.295,0.000,0.000,1.000,11,0,0,0,11,0,11,0,1.0,0.0,0.0,1.0,1.0476190476190477,-0.04761904761904767,-1
"F[0,0]((Calcium <= 6.708 & Potassium <= 1.621) & Magnesium >= 0.061)
",0.213,0.108,0.000,0.000,1.000,11,0,0,0,11,0,11,0,1.0,0.0,0.0,1.0,1.0476190476190477,-0.04761904761904767,-1
"G[0,0](BUN <= 7.757 & Creatinine >= 0.000)
",-0.000,-0.000,0.000,1.000,0.000,11,0,0,0,11,0,11,0,1.0,0.0,0.0,1.0,1.0476190476190477,-0.04761904761904767,1
"((Magnesium <= 0.736) U[0,0] (PaCO2 >= 0.943))
",0.763,1.307,0.000,0.000,1.000,11,0,0,0,11,0,11,0,1.0,0.0,0.0,1.0,1.0476190476190477,-0.04761904761904767,-1
"G[0,0](Potassium <= 1.244 -> SepsisLabel = 0.000)
",-1.244,-1.244,0.000,1.000,0.000,11,0,0,0,11,0,11,0,1.0,0.0,0.0,1.0,1.0476190476190477,-0.04761904761904767,1
"G[0,0](Creatinine >= 0.001 | SaO2 <= 37.769)
",3.000,33.992,0.000,1.000,0.000,11,0,0,0,11,0,11,0,1.0,0.0,0.0,1.0,1.0476190476190477,-0.04761904761904767,1
"G[0,0](PaCO2 <= 45.197 | Phosphate >= 0.000)
",20.053,44.458,0.000,1.000,0.000,11,0,0,0,11,0,11,0,1.0,0.0,0.0,1.0,1.0476190476190477,-0.04761904761904767,1
"G[0,0](Chloride >= 0.000 & HCO3 >= 0.000)
",0.000,0.000,0.000,1.000,0.000,11,0,0,0,11,0,11,0,1.0,0.0,0.0,1.0,1.0476190476190477,-0.04761904761904767,1
"G[0,0](((SepsisLabel >= 0.000 | Glucose >= 58.751) | Bilirubin_total <= 114.020) | SaO2 >= 46.773)
",5.694,120.584,0.000,1.000,0.000,11,0,0,0,11,0,11,0,1.0,0.0,0.0,1.0,1.0476190476190477,-0.04761904761904767,1
"F[0,0]((HCO3 <= 0.000 & Creatinine <= 0.106) & PTT >= 0.018)
",-3.000,-0.016,0.000,0.000,1.000,11,0,0,0,11,0,11,0,1.0,0.0,0.0,1.0,1.0476190476190477,-0.04761904761904767,-1
"G[0,0](TroponinI <= 0.000 | AST <= 0.000)
",0.000,0.000,0.000,1.000,0.000,11,0,0,0,11,0,11,0,1.0,0.0,0.0,1.0,1.0476190476190477,-0.04761904761904767,1
"G[0,0](((Lactate <= 0.193 -> O2Sat <= 94.314) & Chloride >= 56.063) | FiO2 <= 97.563)
",97.563,97.563,0.000,1.000,0.000,11,0,0,0,11,0,11,0,1.0,0.0,0.0,1.0,1.0476190476190477,-0.04761904761904767,1
"G[0,0](((PaCO2 <= 38.654 -> Glucose >= 74.183) -> BUN <= 100.486) | pH >= 7.064)
",-46.761,-7.014,0.000,1.000,0.000,11,0,0,0,11,0,11,0,1.0,0.0,0.0,1.0,1.0476190476190477,-0.04761904761904767,1
"G[0,0](((PaCO2 >= 2.964 | SaO2 >= 3.626) | Phosphate <= 39.077) | pH <= 93.171)
",620.805,93.121,0.000,1.000,0.000,11,0,0,0,11,0,11,0,1.0,0.0,0.0,1.0,1.0476190476190477,-0.04761904761904767,1
"G[0,0](((SaO2 <= 48.742 -> Temp <= 35.094) -> WBC <= 35.697) -> pH <= 33.259)
",-221.395,-33.209,0.000,1.000,0.000,11,0,0,0,11,0,11,0,1.0,0.0,0.0,1.0,1.0476190476190477,-0.04761904761904767,1
"G[0,0]((Hgb >= 0.186 & SBP >= 95.086) -> Hgb <= 142.253)
",-13.332,-138.783,0.000,1.000,0.000,11,0,0,0,11,0,11,0,1.0,0.0,0.0,1.0,1.0476190476190477,-0.04761904761904767,1
"G[0,0](pH >= 0.276 -> Temp >= 24.691)
",-2.964,-65.350,0.000,1.000,0.000,11,0,0,0,11,0,11,0,1.0,0.0,0.0,1.0,1.0476190476190477,-0.04761904761904767,1
"G[0,0](((Chloride >= 0.000 -> Bilirubin_direct <= 0.000) & Magnesium >= 0.000) -> SaO2 <= 0.000)
",0.333,0.120,0.000,1.000,0.000,11,0,0,0,11,0,11,0,1.0,0.0,0.0,1.0,1.0476190476190477,-0.04761904761904767,1
"G[0,0](Lactate >= 0.117 -> Potassium <= 2.532)
",-1.268,-68.843,0.000,1.000,0.000,11,0,0,0,11,0,11,0,1.0,0.0,0.0,1.0,1.0476190476190477,-0.04761904761904767,1
"G[0,0](((Calcium >= 0.369 & pH >= 0.357) -> EtCO2 >= 0.516) | Hct <= 5.757)
",5.757,5.757,0.000,1.000,0.000,11,0,0,0,11,0,11,0,1.0,0.0,0.0,1.0,1.0476190476190477,-0.04761904761904767,1
"G[0,0](Lactate <= 1.285 | AST <= 0.000)
",-0.314,-9.346,0.000,1.000,0.000,11,0,0,0,11,0,11,0,1.0,0.0,0.0,1.0,1.0476190476190477,-0.04761904761904767,1
"G[0,0](pH < 6.160 -> SepsisLabel = 0.000)
",-40.735,-6.110,0.000,1.000,0.000,11,0,0,0,11,0,11,0,1.0,0.0,0.0,1.0,1.0476190476190477,-0.04761904761904767,1
"G[0,0](((Potassium <= 1.530 & SaO2 >= 5.124) | SBP <= 75.160) | Hgb <= 85.266)
",7.857,81.796,0.000,1.000,0.000,11,0,0,0,11,0,11,0,1.0,0.0,0.0,1.0,1.0476190476190477,-0.04761904761904767,1
"G[0,0](Chloride >= 0.000 & HCO3 >= 0.000)
",0.000,0.000,0.000,1.000,0.000,11,0,0,0,11,0,11,0,1.0,0.0,0.0,1.0,1.0476190476190477,-0.04761904761904767,1
"G[0,0]((BUN <= 5.044 & Chloride <= 0.000) | pH <= 0.000)
",-0.333,-0.050,0.000,1.000,0.000,11,0,0,0,11,0,11,0,1.0,0.0,0.0,1.0,1.0476190476190477,-0.04761904761904767,1
"G[1,1](((DBP >= 27.739 -> TroponinI <= 0.000) | HR <= 0.000) & TroponinI >= 0.000)
",0.000,0.000,0.000,1.000,0.000,10,0,1,0,10,1,11,0,1.0,0.0,1.0,0.9090909090909091,0.9523809523809523,0.04761904761904767,1
"F[1,1]((Calcium <= 6.740 & Potassium <= 3.593) & Magnesium >= 0.083)
",-0.083,-0.083,0.000,0.000,1.000,10,0,0,1,11,0,10,1,0.9090909090909091,0.0,0.0,1.0,0.9523809523809523,0.04761904761904767,-1
"F[0,1]((Calcium <= 1.609 & Potassium <= 1.413) & Magnesium >= 0.002)
",-9999999.000,-9999999.000,0.000,0.000,1.000,10,0,0,1,11,0,10,1,0.9090909090909091,0.0,0.0,1.0,0.9523809523809523,0.04761904761904767,-1
"F[1,1]((Calcium <= 1.577 -> Hgb <= 10.293) -> Phosphate >= 0.067)
",4801010886651562.000,0.067,0.000,0.000,1.000,10,0,0,1,11,0,10,1,0.9090909090909091,0.0,0.0,1.0,0.9523809523809523,0.04761904761904767,-1
"F[0,1](((Calcium < 2.420 & Potassium < 2.639) & Magnesium < 1.998) & Phosphate < 0.000)
",-9999999.000,-9999999.000,0.000,0.000,1.000,10,0,0,1,11,0,10,1,0.9090909090909091,0.0,0.0,1.0,0.9523809523809523,0.04761904761904767,-1
"F[1,1](((Calcium < 7.561 & Potassium < 1.402) & Magnesium < 0.644) & Phosphate < 0.000)
",0.000,0.000,0.000,0.000,1.000,10,0,0,1,11,0,10,1,0.9090909090909091,0.0,0.0,1.0,0.9523809523809523,0.04761904761904767,-1
"F[0,1](O2Sat <= 94.122 & pH >= 0.681)
",-9999999.000,-9999999.000,0.000,0.000,1.000,10,0,0,1,11,0,10,1,0.9090909090909091,0.0,0.0,1.0,0.9523809523809523,0.04761904761904767,-1
"F[0,1](((Calcium < 6.987 & Potassium < 3.005) & Magnesium < 1.354) & Phosphate < 0.000)
",-9999999.000,-9999999.000,0.000,0.000,1.000,10,0,0,1,11,0,10,1,0.9090909090909091,0.0,0.0,1.0,0.9523809523809523,0.04761904761904767,-1
"F[0,0]((MAP <= 122.443 -> SaO2 >= 4.433) & BUN <= 33.849)
",-0.324,-12.522,0.000,0.000,1.000,10,0,0,1,11,0,10,1,0.9090909090909091,0.0,0.0,1.0,0.9523809523809523,0.04761904761904767,-1
"((Alkalinephos < 0.000) U[1,2] (SepsisLabel = 0.000))
",-9999999.000,-9999999.000,0.000,0.000,1.000,10,0,0,1,11,0,10,1,0.9090909090909091,0.0,0.0,1.0,0.9523809523809523,0.04761904761904767,-1
"F[0,1](AST < 0.000 & SepsisLabel = 0.000)
",-9999999.000,-9999999.000,0.000,0.000,1.000,10,0,0,1,11,0,10,1,0.9090909090909091,0.0,0.0,1.0,0.9523809523809523,0.04761904761904767,-1
"F[0,0]((PaCO2 <= 30.162 | Resp >= 9.835) & O2Sat <= 15.053)
",-2.367,-60.447,0.000,0.000,1.000,10,0,0,1,11,0,10,1,0.9090909090909091,0.0,0.0,1.0,0.9523809523809523,0.04761904761904767,-1
"F[0,0](((TroponinI <= 0.000 & AST >= 0.000) -> MAP <= 0.000) & Platelets <= 0.000)
",0.000,0.000,0.000,0.000,1.000,10,0,0,1,11,0,10,1,0.9090909090909091,0.0,0.0,1.0,0.9523809523809523,0.04761904761904767,-1
"((PaCO2 >= 1.337) U[1,1] (Potassium <= 4.015))
",4.015,4.015,0.000,0.000,1.000,10,0,0,1,11,0,10,1,0.9090909090909091,0.0,0.0,1.0,0.9523809523809523,0.04761904761904767,-1
"((SaO2 >= 3.129) U[1,2] (SepsisLabel = 0.000))
",-9999999.000,-9999999.000,0.000,0.000,1.000,10,0,0,1,11,0,10,1,0.9090909090909091,0.0,0.0,1.0,0.9523809523809523,0.04761904761904767,-1
"F[0,1]((Calcium <= 1.099 & Potassium <= 4.101) & Magnesium >= 0.014)
",-9999999.000,-9999999.000,0.000,0.000,1.000,10,0,0,1,11,0,10,1,0.9090909090909091,0.0,0.0,1.0,0.9523809523809523,0.04761904761904767,-1
"F[0,1](((EtCO2 <= 0.000 -> Calcium >= 0.450) | WBC <= 1.846) -> Bilirubin_total >= 0.424)
",-9999999.000,-9999999.000,0.000,0.000,1.000,10,0,0,1,11,0,10,1,0.9090909090909091,0.0,0.0,1.0,0.9523809523809523,0.04761904761904767,-1
"G[1,1]((SaO2 >= 7.563 -> MAP >= 18.759) & EtCO2 <= 96.142)
",7.563,7.563,0.000,1.000,0.000,10,0,1,0,10,1,11,0,1.0,0.0,1.0,0.9090909090909091,0.9523809523809523,0.04761904761904767,1
"F[0,1]((Calcium <= 3.180 & Potassium <= 2.236) & Magnesium >= 0.050)
",-9999999.000,-9999999.000,0.000,0.000,1.000,10,0,0,1,11,0,10,1,0.9090909090909091,0.0,0.0,1.0,0.9523809523809523,0.04761904761904767,-1
"((Magnesium >= 0.042) U[1,2] (SBP >= 56.118))
",-9999999.000,-9999999.000,0.000,0.000,1.000,10,0,0,1,11,0,10,1,0.9090909090909091,0.0,0.0,1.0,0.9523809523809523,0.04761904761904767,-1
"F[1,1]((BaseExcess <= 0.000 -> FiO2 <= 0.268) & Bilirubin_total >= 0.036)
",-0.268,-0.268,0.000,0.000,1.000,10,0,0,1,11,0,10,1,0.9090909090909091,0.0,0.0,1.0,0.9523809523809523,0.04761904761904767,-1
"F[1,1](((FiO2 >= 0.022 & Resp <= 19.096) -> Hct >= 7.553) & SepsisLabel >= 14.444)
",-8131063909413038.000,-14.444,0.000,0.000,1.000,10,0,0,1,11,0,10,1,0.9090909090909091,0.0,0.0,1.0,0.9523809523809523,0.04761904761904767,-1
"F[0,1]((Calcium <= 7.181 & Potassium <= 1.383) & Magnesium >= 0.037)
",-9999999.000,-9999999.000,0.000,0.000,1.000,10,0,0,1,11,0,10,1,0.9090909090909091,0.0,0.0,1.0,0.9523809523809523,0.04761904761904767,-1
"F[0,1]((Phosphate >= 0.000 -> DBP <= 77.601) & HCO3 >= 47.724)
",-9999999.000,-9999999.000,0.000,0.000,1.000,10,0,0,1,11,0,10,1,0.9090909090909091,0.0,0.0,1.0,0.9523809523809523,0.04761904761904767,-1
"F[0,0]((DBP <= 85.430 -> FiO2 >= 0.015) | Magnesium >= 0.022)
",0.354,0.180,0.000,0.000,1.000,10,0,0,1,11,0,10,1,0.9090909090909091,0.0,0.0,1.0,0.9523809523809523,0.04761904761904767,-1
"F[0,1](((Calcium < 8.149 & Potassium < 4.075) & Magnesium < 0.246) & Phosphate < 0.000)
",-9999999.000,-9999999.000,0.000,0.000,1.000,10,0,0,1,11,0,10,1,0.9090909090909091,0.0,0.0,1.0,0.9523809523809523,0.04761904761904767,-1
"F[1,1]((Calcium <= 4.749 & Potassium <= 3.963) & Magnesium >= 0.003)
",-7485402278590074.000,-0.003,0.000,0.000,1.000,10,0,0,1,11,0,10,1,0.9090909090909091,0.0,0.0,1.0,0.9523809523809523,0.04761904761904767,-1
"G[1,1]((BaseExcess >= 0.000 -> MAP <= 109.974) | MAP >= 57.502)
",-57.502,-57.502,0.000,1.000,0.000,10,0,1,0,10,1,11,0,1.0,0.0,1.0,0.9090909090909091,0.9523809523809523,0.04761904761904767,1
"G[0,1](Hct <= 12.128 | EtCO2 <= 0.000)
",9999999.000,9999999.000,0.000,1.000,0.000,10,0,1,0,10,1,11,0,1.0,0.0,1.0,0.9090909090909091,0.9523809523809523,0.04761904761904767,1
"G[0,1](Chloride >= 0.000 & HCO3 >= 0.000)
",9999999.000,9999999.000,0.000,1.000,0.000,10,0,1,0,10,1,11,0,1.0,0.0,1.0,0.9090909090909091,0.9523809523809523,0.04761904761904767,1
"G[1,1](DBP <= 94.488 | Bilirubin_total >= 0.000)
",94.488,94.488,0.000,1.000,0.000,10,0,1,0,10,1,11,0,1.0,0.0,1.0,0.9090909090909091,0.9523809523809523,0.04761904761904767,1
"G[0,1]((Glucose <= 126.216 -> O2Sat >= 81.351) | Resp <= 99.297)
",9999999.000,9999999.000,0.000,1.000,0.000,10,0,1,0,10,1,11,0,1.0,0.0,1.0,0.9090909090909091,0.9523809523809523,0.04761904761904767,1
"G[0,1]((SaO2 >= 8.658 -> SBP >= 109.515) -> TroponinI <= 132.657)
",9999999.000,9999999.000,0.000,1.000,0.000,10,0,1,0,10,1,11,0,1.0,0.0,1.0,0.9090909090909091,0.9523809523809523,0.04761904761904767,1
"G[1,1](((HR <= 87.271 | MAP <= 117.896) & SBP >= 54.101) & Chloride <= 99.986)
",-7614101589379018.000,-54.101,0.000,1.000,0.000,10,0,1,0,10,1,11,0,1.0,0.0,1.0,0.9090909090909091,0.9523809523809523,0.04761904761904767,1
"G[0,1]((PaCO2 >= 3.793 -> pH <= 2.850) | Resp >= 0.568)
",9999999.000,9999999.000,0.000,1.000,0.000,10,0,1,0,10,1,11,0,1.0,0.0,1.0,0.9090909090909091,0.9523809523809523,0.04761904761904767,1
"G[0,1](((HR >= 72.004 -> SaO2 <= 26.624) & BUN <= 36.961) -> PTT <= 9.793)
",9999999.000,9999999.000,0.000,1.000,0.000,10,0,1,0,10,1,11,0,1.0,0.0,1.0,0.9090909090909091,0.9523809523809523,0.04761904761904767,1
"G[0,1]((Calcium >= 0.410 & O2Sat >= 64.548) | Hct <= 98.189)
",9999999.000,9999999.000,0.000,1.000,0.000,10,0,1,0,10,1,11,0,1.0,0.0,1.0,0.9090909090909091,0.9523809523809523,0.04761904761904767,1
"G[1,1](((FiO2 >= 0.038 | O2Sat >= 16.219) -> Phosphate <= 97.419) | BaseExcess >= 64.878)
",-64.878,-64.878,0.000,1.000,0.000,10,0,1,0,10,1,11,0,1.0,0.0,1.0,0.9090909090909091,0.9523809523809523,0.04761904761904767,1
"G[0,1](Potassium >= 0.533 -> Temp >= 22.814)
",9999999.000,9999999.000,0.000,1.000,0.000,10,0,1,0,10,1,11,0,1.0,0.0,1.0,0.9090909090909091,0.9523809523809523,0.04761904761904767,1
"G[1,1](((Glucose >= 25.322 & MAP >= 71.624) -> HR >= 61.059) & HCO3 <= 120.714)
",8593301287384238.000,61.059,0.000,1.000,0.000,10,0,1,0,10,1,11,0,1.0,0.0,1.0,0.9090909090909091,0.9523809523809523,0.04761904761904767,1
"G[1,1]((FiO2 >= 0.012 | HR <= 90.938) | Hgb >= 5.089)
",6399199393671939.000,90.938,0.000,1.000,0.000,10,0,1,0,10,1,11,0,1.0,0.0,1.0,0.9090909090909091,0.9523809523809523,0.04761904761904767,1
"G[0,1](SepsisLabel >= 0.000 & SepsisLabel = 0.000)
",9999999.000,9999999.000,0.000,1.000,0.000,10,0,1,0,10,1,11,0,1.0,0.0,1.0,0.9090909090909091,0.9523809523809523,0.04761904761904767,1
"G[0,1]((Hct <= 16.634 & SBP <= 157.541) | HR >= 55.150)
",9999999.000,9999999.000,0.000,1.000,0.000,10,0,1,0,10,1,11,0,1.0,0.0,1.0,0.9090909090909091,0.9523809523809523,0.04761904761904767,1
"G[1,1]((TroponinI >= 0.000 | Hct >= 1.173) -> pH <= 14.398)
",-8105388890079146.000,-14.398,0.000,1.000,0.000,10,0,1,0,10,1,11,0,1.0,0.0,1.0,0.9090909090909091,0.9523809523809523,0.04761904761904767,1
"G[1,1](((FiO2 >= 0.014 | HCO3 >= 0.000) -> Alkalinephos <= 0.000) | TroponinI >= 0.000)
",0.000,0.000,0.000,1.000,0.000,10,0,1,0,10,1,11,0,1.0,0.0,1.0,0.9090909090909091,0.9523809523809523,0.04761904761904767,1
"G[0,1](((Potassium >= 0.411 & Resp >= 10.377) & Hct <= 16.488) -> PTT <= 21.880)
",9999999.000,9999999.000,0.000,1.000,0.000,10,0,1,0,10,1,11,0,1.0,0.0,1.0,0.9090909090909091,0.9523809523809523,0.04761904761904767,1
"G[0,1](((Lactate <= 1.674 -> Bilirubin_direct <= 0.000) & DBP <= 0.000) -> Chloride <= 0.000)
",9999999.000,9999999.000,0.000,1.000,0.000,10,0,1,0,10,1,11,0,1.0,0.0,1.0,0.9090909090909091,0.9523809523809523,0.04761904761904767,1
"G[0,1]((Glucose >= 30.601 | Alkalinephos <= 0.000) | O2Sat <= 0.000)
",9999999.000,9999999.000,0.000,1.000,0.000,10,0,1,0,10,1,11,0,1.0,0.0,1.0,0.9090909090909091,0.9523809523809523,0.04761904761904767,1
"G[0,1](Resp <= 17.875 | FiO2 <= 0.134)
",9999999.000,9999999.000,0.000,1.000,0.000,10,0,1,0,10,1,11,0,1.0,0.0,1.0,0.9090909090909091,0.9523809523809523,0.04761904761904767,1
"G[0,1]((Potassium <= 0.734 | Alkalinephos <= 0.000) -> PaCO2 >= 0.000)
",9999999.000,9999999.000,0.000,1.000,0.000,10,0,1,0,10,1,11,0,1.0,0.0,1.0,0.9090909090909091,0.9523809523809523,0.04761904761904767,1
"G[0,1](((DBP <= 73.771 -> Potassium >= 0.241) & Bilirubin_total >= 0.594) -> Resp >= 0.291)
",9999999.000,9999999.000,0.000,1.000,0.000,10,0,1,0,10,1,11,0,1.0,0.0,1.0,0.9090909090909091,0.9523809523809523,0.04761904761904767,1
"G[0,1](AST <= 0.000 | Potassium >= 0.177)
",9999999.000,9999999.000,0.000,1.000,0.000,10,0,1,0,10,1,11,0,1.0,0.0,1.0,0.9090909090909091,0.9523809523809523,0.04761904761904767,1
"G[1,1]((DBP <= 80.598 & Phosphate >= 0.000) | Resp >= 0.000)
",0.000,0.000,0.000,1.000,0.000,10,0,1,0,10,1,11,0,1.0,0.0,1.0,0.9090909090909091,0.9523809523809523,0.04761904761904767,1
"G[0,1]((Fibrinogen <= 0.000 | PaCO2 >= 2.054) -> PTT <= 9.367)
",9999999.000,9999999.000,0.000,1.000,0.000,10,0,1,0,10,1,11,0,1.0,0.0,1.0,0.9090909090909091,0.9523809523809523,0.04761904761904767,1
"G[0,1](Fibrinogen <= 0.000 & SepsisLabel = 0.000)
",9999999.000,9999999.000,0.000,1.000,0.000,10,0,1,0,10,1,11,0,1.0,0.0,1.0,0.9090909090909091,0.9523809523809523,0.04761904761904767,1
"G[1,1](Lactate <= 0.521 -> SaO2 <= 33.674)
",-33.674,-33.674,0.000,1.000,0.000,10,0,1,0,10,1,11,0,1.0,0.0,1.0,0.9090909090909091,0.9523809523809523,0.04761904761904767,1
"G[1,1]((Creatinine >= 0.024 & Fibrinogen <= 0.000) | Platelets <= 0.000)
",0.000,0.000,0.000,1.000,0.000,10,0,1,0,10,1,11,0,1.0,0.0,1.0,0.9090909090909091,0.9523809523809523,0.04761904761904767,1
"G[0,1](((Temp <= 33.945 | HCO3 <= 0.000) -> TroponinI >= 0.000) | Fibrinogen <= 0.000)
",9999999.000,9999999.000,0.000,1.000,0.000,10,0,1,0,10,1,11,0,1.0,0.0,1.0,0.9090909090909091,0.9523809523809523,0.04761904761904767,1
"G[1,1](((Hct <= 20.221 & AST <= 0.000) | EtCO2 >= 0.000) | SaO2 >= 0.000)
",0.000,0.000,0.000,1.000,0.000,10,0,1,0,10,1,11,0,1.0,0.0,1.0,0.9090909090909091,0.9523809523809523,0.04761904761904767,1
"G[0,1](((WBC <= 7.027 | HCO3 >= 0.000) | Alkalinephos <= 0.000) -> HR >= 0.000)
",9999999.000,9999999.000,0.000,1.000,0.000,10,0,1,0,10,1,11,0,1.0,0.0,1.0,0.9090909090909091,0.9523809523809523,0.04761904761904767,1
"G[0,1]((PTT <= 0.000 & SepsisLabel <= 0.000) & EtCO2 >= 0.000)
",9999999.000,9999999.000,0.000,1.000,0.000,10,0,1,0,10,1,11,0,1.0,0.0,1.0,0.9090909090909091,0.9523809523809523,0.04761904761904767,1
"G[1,1](((Hct <= 22.539 -> Hgb <= 2.952) & SepsisLabel <= 8.682) & PTT <= 7.535)
",-6344095980520979.000,-22.539,0.000,1.000,0.000,10,0,1,0,10,1,11,0,1.0,0.0,1.0,0.9090909090909091,0.9523809523809523,0.04761904761904767,1
"G[1,1]((Chloride >= 0.000 & Phosphate >= 0.000) | Fibrinogen >= 0.000)
",0.000,0.000,0.000,1.000,0.000,10,0,1,0,10,1,11,0,1.0,0.0,1.0,0.9090909090909091,0.9523809523809523,0.04761904761904767,1
"G[0,1](((O2Sat >= 65.302 -> Platelets <= 127.725) & Alkalinephos >= 0.053) -> pH >= 3.482)
",9999999.000,9999999.000,0.000,1.000,0.000,10,0,1,0,10,1,11,0,1.0,0.0,1.0,0.9090909090909091,0.9523809523809523,0.04761904761904767,1
"F[1,1](pH >= 0.564 & Temp <= 36.390)
",-0.564,-0.564,0.000,0.000,1.000,9,0,0,2,11,0,9,2,0.8181818181818182,0.0,0.0,1.0,0.8571428571428571,0.1428571428571429,-1
"F[0,1]((pH <= 2.724 & Potassium >= 0.471) & Fibrinogen <= 0.701)
",-9999999.000,-9999999.000,0.000,0.000,1.000,9,0,0,2,11,0,9,2,0.8181818181818182,0.0,0.0,1.0,0.8571428571428571,0.1428571428571429,-1
"F[1,1](BaseExcess <= 0.000 -> Hgb >= 0.179)
",0.000,0.000,0.000,0.000,1.000,9,0,0,2,11,0,9,2,0.8181818181818182,0.0,0.0,1.0,0.8571428571428571,0.1428571428571429,-1
"((Magnesium >= 0.001) U[0,1] (Magnesium >= 0.043))
",-9999999.000,-9999999.000,0.000,0.000,1.000,9,0,0,2,11,0,9,2,0.8181818181818182,0.0,0.0,1.0,0.8571428571428571,0.1428571428571429,-1
"F[0,1]((Bilirubin_total <= 0.000 -> BaseExcess >= 0.000) & MAP <= 0.000)
",-9999999.000,-9999999.000,0.000,0.000,1.000,9,0,0,2,11,0,9,2,0.8181818181818182,0.0,0.0,1.0,0.8571428571428571,0.1428571428571429,-1
"F[0,1]((Bilirubin_total >= 0.000 | SaO2 <= 12.328) & Platelets >= 9.098)
",-9999999.000,-9999999.000,0.000,0.000,1.000,9,0,0,2,11,0,9,2,0.8181818181818182,0.0,0.0,1.0,0.8571428571428571,0.1428571428571429,-1
"F[1,1](((Potassium <= 3.364 & PaCO2 >= 3.338) -> Alkalinephos <= 25.006) -> Hct >= 3.006)
",6768170527623230.000,3.006,0.000,0.000,1.000,9,0,0,2,11,0,9,2,0.8181818181818182,0.0,0.0,1.0,0.8571428571428571,0.1428571428571429,-1
"F[0,1]((Phosphate <= 0.000 & Alkalinephos <= 0.000) & HR <= 0.000)
",-9999999.000,-9999999.000,0.000,0.000,1.000,9,0,0,2,11,0,9,2,0.8181818181818182,0.0,0.0,1.0,0.8571428571428571,0.1428571428571429,-1
"F[1,1](((pH <= 4.818 & Lactate <= 1.227) -> EtCO2 <= 1.725) & Platelets >= 0.097)
",-7766498321800226.000,-1.725,0.000,0.000,1.000,9,0,0,2,11,0,9,2,0.8181818181818182,0.0,0.0,1.0,0.8571428571428571,0.1428571428571429,-1
"G[1,1]((PaCO2 >= 3.622 | BaseExcess >= 0.000) & WBC <= 0.000)
",0.000,0.000,0.000,1.000,0.000,9,0,1,1,10,1,10,1,0.9,0.0,1.0,0.9,0.8571428571428571,0.1428571428571429,1
"G[0,1](FiO2 <= 0.232 -> Temp >= 4.483)
",9999999.000,9999999.000,0.000,1.000,0.000,9,0,0,2,11,0,9,2,0.8181818181818182,0.0,0.0,1.0,0.8571428571428571,0.1428571428571429,1
"G[1,1](O2Sat >= 6.031 -> WBC <= 2.542)
",-2.542,-2.542,0.000,1.000,0.000,9,0,1,1,10,1,10,1,0.9,0.0,1.0,0.9,0.8571428571428571,0.1428571428571429,1
"G[0,1](Hct <= 29.776 -> Temp >= 0.456)
",9999999.000,9999999.000,0.000,1.000,0.000,9,0,0,2,11,0,9,2,0.8181818181818182,0.0,0.0,1.0,0.8571428571428571,0.1428571428571429,1
"G[0,1](Glucose >= 75.991 | HR >= 37.663)
",9999999.000,9999999.000,0.000,1.000,0.000,9,0,1,1,10,1,10,1,0.9,0.0,1.0,0.9,0.8571428571428571,0.1428571428571429,1
"G[0,1](FiO2 <= 0.320 -> Magnesium <= 0.483)
",9999999.000,9999999.000,0.000,1.000,0.000,9,0,1,1,10,1,10,1,0.9,0.0,1.0,0.9,0.8571428571428571,0.1428571428571429,1
"G[0,0](((Lactate <= 0.543 & O2Sat >= 5.254) -> HR <= 97.849) -> DBP >= 55.447)
",-2.240,-84.216,0.000,1.000,0.000,9,0,0,2,11,0,9,2,0.8181818181818182,0.0,0.0,1.0,0.8571428571428571,0.1428571428571429,1
"G[0,0](MAP <= 110.336 & Fibrinogen <= 0.000)
",-2.004,-29.298,0.000,1.000,0.000,9,0,0,2,11,0,9,2,0.8181818181818182,0.0,0.0,1.0,0.8571428571428571,0.1428571428571429,1
"G[0,1](((Calcium <= 1.533 -> EtCO2 >= 0.000) & Creatinine >= 0.000) & Platelets <= 0.000)
",9999999.000,9999999.000,0.000,1.000,0.000,9,0,1,1,10,1,10,1,0.9,0.0,1.0,0.9,0.8571428571428571,0.1428571428571429,1
"G[0,1](BUN >= 0.359 -> Calcium <= 3.550)
",9999999.000,9999999.000,0.000,1.000,0.000,9,0,1,1,10,1,10,1,0.9,0.0,1.0,0.9,0.8571428571428571,0.1428571428571429,1
"G[1,1](((Lactate <= 0.394 | Magnesium >= 0.045) -> Resp >= 0.072) | WBC >= 0.017)
",-0.017,-0.017,0.000,1.000,0.000,9,0,1,1,10,1,10,1,0.9,0.0,1.0,0.9,0.8571428571428571,0.1428571428571429,1
"F[1,1](((Lactate <= 0.674 & Platelets >= 4.687) -> Magnesium <= 27.294) -> pH >= 6.479)
",7294196177654594.000,6.479,0.000,0.000,1.000,8,0,0,3,11,0,8,3,0.7272727272727273,0.0,0.0,1.0,0.7619047619047619,0.23809523809523814,-1
"((AST <= 0.000) U[1,1] (SaO2 >= 5.467))
",0.000,0.000,0.000,0.000,1.000,8,0,0,3,11,0,8,3,0.7272727272727273,0.0,0.0,1.0,0.7619047619047619,0.23809523809523814,-1
"F[0,1](((BUN <= 8.070 & BUN <= 0.516) & Chloride >= 0.316) | pH >= 0.263)
",-9999999.000,-9999999.000,0.000,0.000,1.000,8,0,0,3,11,0,8,3,0.7272727272727273,0.0,0.0,1.0,0.7619047619047619,0.23809523809523814,-1
"((Calcium >= 0.523) U[0,1] (FiO2 >= 0.015))
",-9999999.000,-9999999.000,0.000,0.000,1.000,8,0,0,3,11,0,8,3,0.7272727272727273,0.0,0.0,1.0,0.7619047619047619,0.23809523809523814,-1
"((SaO2 >= 6.267) U[1,2] (pH <= 7.126))
",-9999999.000,-9999999.000,0.000,0.000,1.000,8,0,0,3,11,0,8,3,0.7272727272727273,0.0,0.0,1.0,0.7619047619047619,0.23809523809523814,-1
"G[0,1](((TroponinI >= 0.000 & Resp >= 2.142) & Alkalinephos <= 19.503) & Calcium <= 14.780)
",9999999.000,9999999.000,0.000,1.000,0.000,8,0,1,2,10,1,9,2,0.8,0.0,1.0,0.8888888888888888,0.7619047619047619,0.23809523809523814,1
"G[0,1](HR <= 86.553 -> FiO2 <= 0.116)
",9999999.000,9999999.000,0.000,1.000,0.000,8,0,1,2,10,1,9,2,0.8,0.0,1.0,0.8888888888888888,0.7619047619047619,0.23809523809523814,1
"G[0,1](((MAP <= 122.006 -> Temp >= 14.318) & SaO2 <= 36.958) | WBC >= 22.069)
",9999999.000,9999999.000,0.000,1.000,0.000,8,0,0,3,11,0,8,3,0.7272727272727273,0.0,0.0,1.0,0.7619047619047619,0.23809523809523814,1
"G[0,1](((Resp >= 8.226 & BaseExcess <= 0.000) & Resp >= 0.000) & PTT >= 0.000)
",9999999.000,9999999.000,0.000,1.000,0.000,8,0,1,2,10,1,9,2,0.8,0.0,1.0,0.8888888888888888,0.7619047619047619,0.23809523809523814,1
"F[1,1]((FiO2 >= 0.036 | Potassium >= 0.353) | SBP <= 2.186)
",2.186,2.186,0.000,0.000,1.000,7,0,0,4,11,0,7,4,0.6363636363636364,0.0,0.0,1.0,0.6666666666666666,0.33333333333333337,-1
"((FiO2 >= 0.010) U[1,2] (SBP <= 150.258))
",-9999999.000,-9999999.000,0.000,0.000,1.000,7,0,0,4,11,0,7,4,0.6363636363636364,0.0,0.0,1.0,0.6666666666666666,0.33333333333333337,-1
"F[0,1](O2Sat <= 93.138 & SepsisLabel = 0.000)
",-9999999.000,-9999999.000,0.000,0.000,1.000,7,0,0,4,11,0,7,4,0.6363636363636364,0.0,0.0,1.0,0.6666666666666666,0.33333333333333337,-1
"((MAP >= 72.676) U[1,1] (SBP <= 132.936))
",132.936,132.936,0.000,0.000,1.000,7,0,0,4,11,0,7,4,0.6363636363636364,0.0,0.0,1.0,0.6666666666666666,0.33333333333333337,-1
"G[0,0](Creatinine <= 0.089 -> MAP <= 107.253)
",-0.336,-10.805,0.000,1.000,0.000,7,0,0,4,11,0,7,4,0.6363636363636364,0.0,0.0,1.0,0.6666666666666666,0.33333333333333337,1
"G[0,0](MAP <= 119.749 & Resp <= 15.130)
",-2.231,-57.420,0.000,1.000,0.000,6,0,0,5,11,0,6,5,0.5454545454545454,0.0,0.0,1.0,0.5714285714285714,0.4285714285714286,1
"G[0,1](EtCO2 <= 0.000 & Resp >= 11.591)
",9999999.000,9999999.000,0.000,1.000,0.000,6,0,1,4,10,1,7,4,0.6,0.0,1.0,0.8571428571428571,0.5714285714285714,0.4285714285714286,1
"G[0,1](Bilirubin_direct <= 0.000 & HR <= 86.856)
",9999999.000,9999999.000,0.000,1.000,0.000,6,0,1,4,10,1,7,4,0.6,0.0,1.0,0.8571428571428571,0.5714285714285714,0.4285714285714286,1
"F[0,1]((MAP >= 42.726 -> Temp <= 36.238) & MAP >= 18.113)
",-9999999.000,-9999999.000,0.000,0.000,1.000,6,0,0,5,11,0,6,5,0.5454545454545454,0.0,0.0,1.0,0.5714285714285714,0.4285714285714286,-1
"G[0,1](Resp <= 19.046 -> SBP >= 120.651)
",9999999.000,9999999.000,0.000,1.000,0.000,6,0,0,5,11,0,6,5,0.5454545454545454,0.0,0.0,1.0,0.5714285714285714,0.4285714285714286,1
"((HR <= 80.133) U[1,1] (Bilirubin_total >= 0.000))
",5638831767131053.000,80.133,0.000,0.000,1.000,5,0,0,6,11,0,5,6,0.45454545454545453,0.0,0.0,1.0,0.47619047619047616,0.5238095238095238,-1
"G[0,1](Resp <= 15.209 & SepsisLabel = 0.000)
",9999999.000,9999999.000,0.000,1.000,0.000,4,0,0,7,11,0,4,7,0.36363636363636365,0.0,0.0,1.0,0.38095238095238093,0.6190476190476191,1
"((HR <= 83.957) U[1,2] (Platelets <= 40.529))
",-9999999.000,-9999999.000,0.000,0.000,1.000,4,0,0,7,11,0,4,7,0.36363636363636365,0.0,0.0,1.0,0.38095238095238093,0.6190476190476191,-1
"((O2Sat >= 68.137) U[1,1] (Potassium <= 2.039))
",2.039,2.039,0.000,0.000,1.000,3,0,0,8,11,0,3,8,0.2727272727272727,0.0,0.0,1.0,0.2857142857142857,0.7142857142857143,-1
"F[0,1]((DBP <= 80.114 | MAP <= 97.559) | Bilirubin_total >= 17.328)
",-9999999.000,-9999999.000,0.000,0.000,1.000,3,0,0,8,11,0,3,8,0.2727272727272727,0.0,0.0,1.0,0.2857142857142857,0.7142857142857143,-1
"F[0,1](Chloride >= 0.000 -> MAP <= 104.266)
",-9999999.000,-9999999.000,0.000,0.000,1.000,3,0,0,8,11,0,3,8,0.2727272727272727,0.0,0.0,1.0,0.2857142857142857,0.7142857142857143,-1
"((Phosphate >= 0.000) U[0,1] (O2Sat <= 97.943))
",-9999999.000,-9999999.000,0.000,0.000,1.000,3,0,0,8,11,0,3,8,0.2727272727272727,0.0,0.0,1.0,0.2857142857142857,0.7142857142857143,-1
"F[0,1](O2Sat <= 97.895 & FiO2 <= 0.107)
",-9999999.000,-9999999.000,0.000,0.000,1.000,3,0,0,8,11,0,3,8,0.2727272727272727,0.0,0.0,1.0,0.2857142857142857,0.7142857142857143,-1
"((Fibrinogen <= 0.000) U[0,1] (O2Sat <= 97.398))
",-9999999.000,-9999999.000,0.000,0.000,1.000,3,0,0,8,11,0,3,8,0.2727272727272727,0.0,0.0,1.0,0.2857142857142857,0.7142857142857143,-1
"F[1,1](((HCO3 >= 0.000 | PaCO2 <= 5.100) | AST >= 2.560) & SaO2 <= 23.634)
",5.100,5.100,0.000,0.000,1.000,2,0,0,9,11,0,2,9,0.18181818181818182,0.0,0.0,1.0,0.19047619047619047,0.8095238095238095,-1
"G[0,0](((HCO3 <= 0.000 & Magnesium <= 1.774) -> Glucose <= 1.001) & Bilirubin_direct <= 1.212)
",-1.001,-1.001,0.000,1.000,0.000,2,0,0,9,11,0,2,9,0.18181818181818182,0.0,0.0,1.0,0.19047619047619047,0.8095238095238095,1
"((PaCO2 >= 0.808) U[1,2] (SaO2 >= 1.704))
",-9999999.000,-9999999.000,0.000,0.000,1.000,2,0,0,9,11,0,2,9,0.18181818181818182,0.0,0.0,1.0,0.19047619047619047,0.8095238095238095,-1
"((DBP <= 87.836) U[0,1] (Resp <= 18.482))
",-9999999.000,-9999999.000,0.000,0.000,1.000,2,0,0,9,11,0,2,9,0.18181818181818182,0.0,0.0,1.0,0.19047619047619047,0.8095238095238095,-1
"((Magnesium >= 0.017) U[0,0] (Resp <= 18.268))
",0.364,1.984,0.000,0.000,1.000,2,0,0,9,11,0,2,9,0.18181818181818182,0.0,0.0,1.0,0.19047619047619047,0.8095238095238095,-1
"((MAP >= 4.325) U[0,1] (SBP <= 143.300))
",-9999999.000,-9999999.000,0.000,0.000,1.000,2,0,0,9,11,0,2,9,0.18181818181818182,0.0,0.0,1.0,0.19047619047619047,0.8095238095238095,-1
"F[1,1](((Potassium <= 3.847 -> SBP <= 139.524) -> Lactate <= 142.779) & SBP >= 126.760)
",-142.779,-142.779,0.000,0.000,1.000,2,0,0,9,11,0,2,9,0.18181818181818182,0.0,0.0,1.0,0.19047619047619047,0.8095238095238095,-1
"((Hgb >= 0.425) U[0,0] (Temp >= 15.113))
",2.964,73.956,0.000,0.000,1.000,2,0,0,9,11,0,2,9,0.18181818181818182,0.0,0.0,1.0,0.19047619047619047,0.8095238095238095,-1
"F[0,0]((Calcium <= 4.155 -> Glucose >= 68.276) | HR >= 25.867)
",39885.133,39885.133,0.000,0.000,1.000,1,0,0,10,11,0,1,10,0.09090909090909091,0.0,0.0,1.0,0.09523809523809523,0.9047619047619048,-1
"G[1,1](Platelets <= 64.470 -> WBC >= 0.109)
",-4536652683176734.000,-64.470,0.000,1.000,0.000,1,0,1,9,10,1,2,9,0.1,0.0,1.0,0.5,0.09523809523809523,0.9047619047619048,1
"G[0,0]((Chloride >= 0.000 | Platelets >= 3.625) -> DBP <= 12.060)
",-0.526,-2.196,0.000,1.000,0.000,1,0,0,10,11,0,1,10,0.09090909090909091,0.0,0.0,1.0,0.09523809523809523,0.9047619047619048,1
"G[0,1](((BUN >= 0.076 | Potassium <= 1.983) & DBP >= 0.541) -> Glucose <= 4.295)
",9999999.000,9999999.000,0.000,1.000,0.000,1,0,1,9,10,1,2,9,0.1,0.0,1.0,0.5,0.09523809523809523,0.9047619047619048,1
"G[0,0]((HR >= 1.533 & Potassium <= 2.497) -> SBP <= 3.642)
",-7.596,-2.611,0.000,1.000,0.000,1,0,0,10,11,0,1,10,0.09090909090909091,0.0,0.0,1.0,0.09523809523809523,0.9047619047619048,1
"F[1,1](Hgb <= 1.389 | Hct <= 26.392)
",26.392,26.392,0.000,0.000,1.000,1,0,0,10,11,0,1,10,0.09090909090909091,0.0,0.0,1.0,0.09523809523809523,0.9047619047619048,-1
"G[0,1]((Glucose <= 94.940 | PaCO2 >= 4.050) | O2Sat <= 36.575)
",9999999.000,9999999.000,0.000,1.000,0.000,1,0,1,9,10,1,2,9,0.1,0.0,1.0,0.5,0.09523809523809523,0.9047619047619048,1
"F[0,1](Resp >= 12.170 & SaO2 <= 96.967)
",-9999999.000,-9999999.000,0.000,0.000,1.000,1,0,0,10,11,0,1,10,0.09090909090909091,0.0,0.0,1.0,0.09523809523809523,0.9047619047619048,-1
"G[1,1](((Hgb <= 11.403 | Hct <= 14.935) -> WBC >= 0.110) & Platelets >= 4.966)
",-14.935,-14.935,0.000,1.000,0.000,1,0,1,9,10,1,2,9,0.1,0.0,1.0,0.5,0.09523809523809523,0.9047619047619048,1
"F[1,1]((Temp <= 33.508 | TroponinI <= 0.000) | DBP >= 0.000)
",33.508,33.508,0.000,0.000,1.000,0,0,0,11,11,0,0,11,0.0,0.0,0.0,0.0,0.0,1.0,-1
"F[1,2](((Calcium >= 0.407 -> Creatinine <= 0.434) | Fibrinogen <= 0.466) & Glucose <= 0.290)
",-9999999.000,-9999999.000,0.000,0.000,1.000,0,0,0,11,11,0,0,11,0.0,0.0,0.0,0.0,0.0,1.0,-1
"((Platelets >= 3.932) U[0,2] (Fibrinogen <= 0.000))
",-9999999.000,-9999999.000,0.000,0.000,1.000,0,0,0,11,11,0,0,11,0.0,0.0,0.0,0.0,0.0,1.0,-1
"F[0,0]((Platelets >= 1.991 -> Magnesium <= 0.548) -> AST <= 1.151)
",-124.203,-1.154,0.000,0.000,1.000,0,0,0,11,11,0,0,11,0.0,0.0,0.0,0.0,0.0,1.0,-1
"F[1,2](((Phosphate <= 0.000 & SBP >= 52.064) & Creatinine <= 163.350) & Alkalinephos <= 128.239)
",-9999999.000,-9999999.000,0.000,0.000,1.000,0,0,0,11,11,0,0,11,0.0,0.0,0.0,0.0,0.0,1.0,-1
"F[1,2](((Magnesium <= 1.498 & TroponinI >= 0.000) & Hct >= 0.000) -> PaCO2 <= 0.000)
",-9999999.000,-9999999.000,0.000,0.000,1.000,0,0,0,11,11,0,0,11,0.0,0.0,0.0,0.0,0.0,1.0,-1
"((BaseExcess >= 0.000) U[2,2] (Platelets >= 0.221))
",0.000,0.000,0.000,0.000,1.000,0,0,0,11,11,0,0,11,0.0,0.0,0.0,0.0,0.0,1.0,-1
"F[1,2]((Magnesium <= 1.425 | HR <= 85.488) | Lactate <= 90.778)
",-9999999.000,-9999999.000,0.000,0.000,1.000,0,0,0,11,11,0,0,11,0.0,0.0,0.0,0.0,0.0,1.0,-1
"F[1,1]((BaseExcess >= 0.000 | Bilirubin_direct <= 0.000) & Glucose >= 0.000)
",0.000,0.000,0.000,0.000,1.000,0,0,0,11,11,0,0,11,0.0,0.0,0.0,0.0,0.0,1.0,-1
"((BaseExcess <= 0.000) U[0,2] (Bilirubin_direct >= 0.000))
",-9999999.000,-9999999.000,0.000,0.000,1.000,0,0,0,11,11,0,0,11,0.0,0.0,0.0,0.0,0.0,1.0,-1
"F[1,2](((Temp <= 35.863 & SBP <= 138.685) -> Alkalinephos >= 101.618) & Alkalinephos <= 138.584)
",-9999999.000,-9999999.000,0.000,0.000,1.000,0,0,0,11,11,0,0,11,0.0,0.0,0.0,0.0,0.0,1.0,-1
"F[0,2](Chloride <= 0.000 | SBP >= 104.264)
",-9999999.000,-9999999.000,0.000,0.000,1.000,0,0,0,11,11,0,0,11,0.0,0.0,0.0,0.0,0.0,1.0,-1
"F[0,1](((Calcium <= 4.183 & AST <= 0.000) | O2Sat >= 0.000) -> Creatinine >= 0.000)
",-9999999.000,-9999999.000,0.000,0.000,1.000,0,0,0,11,11,0,0,11,0.0,0.0,0.0,0.0,0.0,1.0,-1
"F[0,0](TroponinI <= 0.000 -> BaseExcess <= 0.000)
",0.000,0.000,0.000,0.000,1.000,0,0,0,11,11,0,0,11,0.0,0.0,0.0,0.0,0.0,1.0,-1
"((HCO3 <= 0.000) U[1,1] (SepsisLabel = 0.000))
",0.000,0.000,0.000,0.000,1.000,0,0,0,11,11,0,0,11,0.0,0.0,0.0,0.0,0.0,1.0,-1
"((SBP < 152.806) U[0,1] (SepsisLabel = 0.000))
",-9999999.000,-9999999.000,0.000,0.000,1.000,0,0,0,11,11,0,0,11,0.0,0.0,0.0,0.0,0.0,1.0,-1
"F[0,2](Lactate <= 1.377 -> SepsisLabel = 0.000)
",-9999999.000,-9999999.000,0.000,0.000,1.000,0,0,0,11,11,0,0,11,0.0,0.0,0.0,0.0,0.0,1.0,-1
"((pH > 0.040) U[0,0] (SepsisLabel = 0.000))
",0.301,0.042,0.000,0.000,1.000,0,0,0,11,11,0,0,11,0.0,0.0,0.0,0.0,0.0,1.0,-1
"F[0,1](MAP <= 99.211 -> Platelets <= 42.110)
",-9999999.000,-9999999.000,0.000,0.000,1.000,0,0,0,11,11,0,0,11,0.0,0.0,0.0,0.0,0.0,1.0,-1
"F[1,2]((Temp >= 20.433 & Phosphate >= 0.000) | Platelets <= 0.000)
",-9999999.000,-9999999.000,0.000,0.000,1.000,0,0,0,11,11,0,0,11,0.0,0.0,0.0,0.0,0.0,1.0,-1
"F[0,2]((Phosphate <= 0.000 -> WBC <= 9.209) -> O2Sat >= 0.253)
",-9999999.000,-9999999.000,0.000,0.000,1.000,0,0,0,11,11,0,0,11,0.0,0.0,0.0,0.0,0.0,1.0,-1
"F[1,2](((Platelets >= 7.209 | TroponinI >= 0.000) -> Fibrinogen >= 0.000) & O2Sat <= 0.000)
",-9999999.000,-9999999.000,0.000,0.000,1.000,0,0,0,11,11,0,0,11,0.0,0.0,0.0,0.0,0.0,1.0,-1
"F[0,1](((Bilirubin_total <= 0.000 & EtCO2 >= 0.000) -> HR >= 0.000) -> Fibrinogen >= 0.000)
",-9999999.000,-9999999.000,0.000,0.000,1.000,0,0,0,11,11,0,0,11,0.0,0.0,0.0,0.0,0.0,1.0,-1
"F[1,2]((Hgb <= 6.447 & SepsisLabel <= 0.000) -> Bilirubin_total >= 0.000)
",-9999999.000,-9999999.000,0.000,0.000,1.000,0,0,0,11,11,0,0,11,0.0,0.0,0.0,0.0,0.0,1.0,-1
"F[1,2]((SepsisLabel >= 0.000 | Creatinine <= 0.444) & Lactate <= 0.426)
",-9999999.000,-9999999.000,0.000,0.000,1.000,0,0,0,11,11,0,0,11,0.0,0.0,0.0,0.0,0.0,1.0,-1
"F[0,2](((Hct >= 0.506 -> FiO2 >= 0.010) | Temp >= 0.043) & EtCO2 >= 0.007)
",-9999999.000,-9999999.000,0.000,0.000,1.000,0,0,0,11,11,0,0,11,0.0,0.0,0.0,0.0,0.0,1.0,-1
"F[0,2]((Bilirubin_direct <= 0.000 | Creatinine <= 0.038) & AST <= 0.529)
",-9999999.000,-9999999.000,0.000,0.000,1.000,0,0,0,11,11,0,0,11,0.0,0.0,0.0,0.0,0.0,1.0,-1
"((WBC <= 6.184) U[2,2] (Calcium <= 6.552))
",7377443986077678.000,6.552,0.000,0.000,1.000,0,0,0,11,11,0,0,11,0.0,0.0,0.0,0.0,0.0,1.0,-1
"F[2,2](((Resp >= 0.630 & PTT >= 0.000) | Glucose <= 0.000) & HR <= 0.000)
",0.000,0.000,0.000,0.000,1.000,0,0,0,11,11,0,0,11,0.0,0.0,0.0,0.0,0.0,1.0,-1
"F[0,1]((HCO3 <= 0.000 & Temp >= 24.074) & WBC <= 35.616)
",-9999999.000,-9999999.000,0.000,0.000,1.000,0,0,0,11,11,0,0,11,0.0,0.0,0.0,0.0,0.0,1.0,-1
"F[0,0](O2Sat <= 99.190 | Phosphate >= 0.000)
",0.927,23.690,0.000,0.000,1.000,0,0,0,11,11,0,0,11,0.0,0.0,0.0,0.0,0.0,1.0,-1
"F[0,2](Alkalinephos >= 0.000 -> Glucose <= 77.328)
",-9999999.000,-9999999.000,0.000,0.000,1.000,0,0,0,11,11,0,0,11,0.0,0.0,0.0,0.0,0.0,1.0,-1
"F[1,2]((Chloride >= 0.000 | HR <= 87.785) -> Alkalinephos >= 22.590)
",-9999999.000,-9999999.000,0.000,0.000,1.000,0,0,0,11,11,0,0,11,0.0,0.0,0.0,0.0,0.0,1.0,-1
"F[0,2](((Resp <= 21.638 & SaO2 >= 5.236) & AST <= 21.605) | Magnesium <= 16.604)
",-9999999.000,-9999999.000,0.000,0.000,1.000,0,0,0,11,11,0,0,11,0.0,0.0,0.0,0.0,0.0,1.0,-1
"F[1,1]((HR <= 89.411 & SBP <= 141.466) -> Hct <= 130.978)
",-130.978,-130.978,0.000,0.000,1.000,0,0,0,11,11,0,0,11,0.0,0.0,0.0,0.0,0.0,1.0,-1
"((BUN <= 0.457) U[0,2] (Bilirubin_direct <= 0.000))
",-9999999.000,-9999999.000,0.000,0.000,1.000,0,0,0,11,11,0,0,11,0.0,0.0,0.0,0.0,0.0,1.0,-1
"F[2,2]((Bilirubin_direct <= 0.000 & Bilirubin_direct <= 0.000) -> AST >= 0.000)
",0.000,0.000,0.000,0.000,1.000,0,0,0,11,11,0,0,11,0.0,0.0,0.0,0.0,0.0,1.0,-1
"((Temp <= 35.424) U[0,0] (Hgb <= 1.458))
",0.090,1.385,0.000,0.000,1.000,0,0,0,11,11,0,0,11,0.0,0.0,0.0,0.0,0.0,1.0,-1
"((Hgb <= 1.771) U[2,2] (Calcium >= 0.306))
",1.771,1.771,0.000,0.000,1.000,0,0,0,11,11,0,0,11,0.0,0.0,0.0,0.0,0.0,1.0,-1
"F[1,2]((Potassium <= 3.407 -> O2Sat <= 92.399) -> Alkalinephos >= 40.676)
",-9999999.000,-9999999.000,0.000,0.000,1.000,0,0,0,11,11,0,0,11,0.0,0.0,0.0,0.0,0.0,1.0,-1
"((Lactate >= 0.052) U[0,1] (HCO3 <= 0.000))
",-9999999.000,-9999999.000,0.000,0.000,1.000,0,0,0,11,11,0,0,11,0.0,0.0,0.0,0.0,0.0,1.0,-1
"((TroponinI <= 0.000) U[0,2] (Hgb <= 6.931))
",-9999999.000,-9999999.000,0.000,0.000,1.000,0,0,0,11,11,0,0,11,0.0,0.0,0.0,0.0,0.0,1.0,-1
"F[1,2](((Bilirubin_direct <= 0.000 | Bilirubin_direct <= 0.000) -> Phosphate <= 0.000) & Bilirubin_total <= 0.000)
",-9999999.000,-9999999.000,0.000,0.000,1.000,0,0,0,11,11,0,0,11,0.0,0.0,0.0,0.0,0.0,1.0,-1
"F[1,1](((Magnesium <= 1.838 -> AST <= 0.000) | SaO2 <= 0.000) & BaseExcess <= 0.000)
",0.000,0.000,0.000,0.000,1.000,0,0,0,11,11,0,0,11,0.0,0.0,0.0,0.0,0.0,1.0,-1
"F[1,1](((Magnesium <= 1.220 -> HCO3 <= 0.000) | SBP <= 0.000) | Platelets >= 0.000)
",0.000,0.000,0.000,0.000,1.000,0,0,0,11,11,0,0,11,0.0,0.0,0.0,0.0,0.0,1.0,-1
"G[1,2](((EtCO2 >= 0.000 -> HR <= 91.877) -> SepsisLabel <= 84.165) & SBP <= 83.857)
",9999999.000,9999999.000,0.000,1.000,0.000,0,0,1,10,10,1,1,10,0.0,0.0,1.0,0.0,0.0,1.0,1
"F[1,2](WBC <= 9.556 & MAP <= 110.120)
",-9999999.000,-9999999.000,0.000,0.000,1.000,0,0,0,11,11,0,0,11,0.0,0.0,0.0,0.0,0.0,1.0,-1
"F[1,2]((HR >= 26.543 -> Temp <= 34.037) -> BUN >= 21.974)
",-9999999.000,-9999999.000,0.000,0.000,1.000,0,0,0,11,11,0,0,11,0.0,0.0,0.0,0.0,0.0,1.0,-1
"F[0,2]((Bilirubin_total <= 0.000 -> Hct >= 1.538) -> O2Sat >= 0.710)
",-9999999.000,-9999999.000,0.000,0.000,1.000,0,0,0,11,11,0,0,11,0.0,0.0,0.0,0.0,0.0,1.0,-1
"F[1,2](((Fibrinogen >= 0.000 & Temp >= 16.467) | PaCO2 <= 34.554) & Bilirubin_direct >= 19.786)
",-9999999.000,-9999999.000,0.000,0.000,1.000,0,0,0,11,11,0,0,11,0.0,0.0,0.0,0.0,0.0,1.0,-1
"F[0,0]((Hct >= 1.424 & Lactate >= 0.005) | FiO2 <= 0.971)
",0.971,0.971,0.000,0.000,1.000,0,0,0,11,11,0,0,11,0.0,0.0,0.0,0.0,0.0,1.0,-1
"F[0,2](WBC >= 0.367 | Alkalinephos >= 0.000)
",-9999999.000,-9999999.000,0.000,0.000,1.000,0,0,0,11,11,0,0,11,0.0,0.0,0.0,0.0,0.0,1.0,-1
"F[2,2](Creatinine <= 0.278 | HR >= 25.485)
",0.278,0.278,0.000,0.000,1.000,0,0,0,11,11,0,0,11,0.0,0.0,0.0,0.0,0.0,1.0,-1
"F[1,2](Temp >= 0.266 & Hgb >= 0.538)
",-9999999.000,-9999999.000,0.000,0.000,1.000,0,0,0,11,11,0,0,11,0.0,0.0,0.0,0.0,0.0,1.0,-1
"((Hct <= 14.888) U[1,2] (Lactate <= 1.409))
",-9999999.000,-9999999.000,0.000,0.000,1.000,0,0,0,11,11,0,0,11,0.0,0.0,0.0,0.0,0.0,1.0,-1
"F[0,2](FiO2 >= 0.040 & Fibrinogen <= 0.000)
",-9999999.000,-9999999.000,0.000,0.000,1.000,0,0,0,11,11,0,0,11,0.0,0.0,0.0,0.0,0.0,1.0,-1
"((SBP <= 131.375) U[0,1] (MAP <= 116.017))
",-9999999.000,-9999999.000,0.000,0.000,1.000,0,0,0,11,11,0,0,11,0.0,0.0,0.0,0.0,0.0,1.0,-1
"((Phosphate <= 0.000) U[0,0] (Alkalinephos <= 0.000))
",-0.333,-0.200,0.000,0.000,1.000,0,0,0,11,11,0,0,11,0.0,0.0,0.0,0.0,0.0,1.0,-1
"F[1,2](Hct >= 0.741 & PTT <= 0.000)
",-9999999.000,-9999999.000,0.000,0.000,1.000,0,0,0,11,11,0,0,11,0.0,0.0,0.0,0.0,0.0,1.0,-1
"F[0,1]((Alkalinephos <= 0.000 | Phosphate >= 0.000) -> Hct <= 0.000)
",-9999999.000,-9999999.000,0.000,0.000,1.000,0,0,0,11,11,0,0,11,0.0,0.0,0.0,0.0,0.0,1.0,-1
"F[1,2](HR >= 14.156 & SaO2 <= 29.690)
",-9999999.000,-9999999.000,0.000,0.000,1.000,0,0,0,11,11,0,0,11,0.0,0.0,0.0,0.0,0.0,1.0,-1
"F[0,2](Hgb <= 7.145 | Hct <= 25.176)
",-9999999.000,-9999999.000,0.000,0.000,1.000,0,0,0,11,11,0,0,11,0.0,0.0,0.0,0.0,0.0,1.0,-1
"F[0,1](((Resp <= 17.157 | AST <= 0.000) & Temp >= 0.000) | AST >= 0.000)
",-9999999.000,-9999999.000,0.000,0.000,1.000,0,0,0,11,11,0,0,11,0.0,0.0,0.0,0.0,0.0,1.0,-1
"F[1,2](((PTT >= 0.000 & Resp >= 4.711) -> SBP >= 4.198) & Temp <= 19.307)
",-9999999.000,-9999999.000,0.000,0.000,1.000,0,0,0,11,11,0,0,11,0.0,0.0,0.0,0.0,0.0,1.0,-1
"F[2,2](((Fibrinogen <= 0.000 & Platelets <= 136.212) & Glucose <= 119.012) & Temp <= 79.846)
",0.000,0.000,0.000,0.000,1.000,0,0,0,11,11,0,0,11,0.0,0.0,0.0,0.0,0.0,1.0,-1
"F[0,2](((PTT <= 0.000 | SepsisLabel <= 0.000) -> BaseExcess <= 0.000) & DBP >= 0.000)
",-9999999.000,-9999999.000,0.000,0.000,1.000,0,0,0,11,11,0,0,11,0.0,0.0,0.0,0.0,0.0,1.0,-1
"((DBP >= 38.032) U[0,0] (SaO2 <= 62.818))
",9.069,70.073,0.000,0.000,1.000,0,0,0,11,11,0,0,11,0.0,0.0,0.0,0.0,0.0,1.0,-1
"((Alkalinephos >= 0.000) U[0,2] (HCO3 <= 0.000))
",-9999999.000,-9999999.000,0.000,0.000,1.000,0,0,0,11,11,0,0,11,0.0,0.0,0.0,0.0,0.0,1.0,-1
"F[0,1](Hgb >= 0.301 | Creatinine <= 0.445)
",-9999999.000,-9999999.000,0.000,0.000,1.000,0,0,0,11,11,0,0,11,0.0,0.0,0.0,0.0,0.0,1.0,-1
"((SepsisLabel <= 0.000) U[0,0] (AST <= 0.000))
",0.000,0.000,0.000,0.000,1.000,0,0,0,11,11,0,0,11,0.0,0.0,0.0,0.0,0.0,1.0,-1
"F[1,1](((AST <= 0.000 -> Calcium >= 0.199) & Temp <= 8.414) -> Alkalinephos >= 0.304)
",0.000,0.000,0.000,0.000,1.000,0,0,0,11,11,0,0,11,0.0,0.0,0.0,0.0,0.0,1.0,-1
"F[2,2](TroponinI >= 0.000 | Hgb <= 1.882)
",8474780570879550.000,1.882,0.000,0.000,1.000,0,0,0,11,11,0,0,11,0.0,0.0,0.0,0.0,0.0,1.0,-1
"F[1,1](TroponinI <= 0.000 & HR >= 9.561)
",-9.561,-9.561,0.000,0.000,1.000,0,0,0,11,11,0,0,11,0.0,0.0,0.0,0.0,0.0,1.0,-1
"F[0,1](DBP >= 28.509 | Alkalinephos <= 0.000)
",-9999999.000,-9999999.000,0.000,0.000,1.000,0,0,0,11,11,0,0,11,0.0,0.0,0.0,0.0,0.0,1.0,-1
"F[0,2](BaseExcess >= 0.000 & Platelets <= 35.882)
",-9999999.000,-9999999.000,0.000,0.000,1.000,0,0,0,11,11,0,0,11,0.0,0.0,0.0,0.0,0.0,1.0,-1
"F[0,1](SaO2 <= 67.037 & HR <= 89.617)
",-9999999.000,-9999999.000,0.000,0.000,1.000,0,0,0,11,11,0,0,11,0.0,0.0,0.0,0.0,0.0,1.0,-1
"F[0,0]((Platelets <= 152.412 & Magnesium <= 0.269) | Hct >= 0.057)
",2.421,0.237,0.000,0.000,1.000,0,0,0,11,11,0,0,11,0.0,0.0,0.0,0.0,0.0,1.0,-1
"F[0,2]((HR >= 7.020 | PTT >= 0.000) -> Glucose <= 0.000)
",-9999999.000,-9999999.000,0.000,0.000,1.000,0,0,0,11,11,0,0,11,0.0,0.0,0.0,0.0,0.0,1.0,-1
"((SepsisLabel <= 0.000) U[1,2] (HCO3 >= 0.000))
",-9999999.000,-9999999.000,0.000,0.000,1.000,0,0,0,11,11,0,0,11,0.0,0.0,0.0,0.0,0.0,1.0,-1
"F[0,0](((Temp <= 33.352 -> Alkalinephos <= 0.000) | Glucose >= 0.000) & HCO3 <= 0.000)
",0.000,0.000,0.000,0.000,1.000,0,0,0,11,11,0,0,11,0.0,0.0,0.0,0.0,0.0,1.0,-1
"F[0,1](((O2Sat >= 72.856 | pH >= 0.190) & SaO2 <= 0.991) -> Fibrinogen <= 6.577)
",-9999999.000,-9999999.000,0.000,0.000,1.000,0,0,0,11,11,0,0,11,0.0,0.0,0.0,0.0,0.0,1.0,-1
"F[0,1](EtCO2 >= 0.000 -> EtCO2 <= 0.000)
",-9999999.000,-9999999.000,0.000,0.000,1.000,0,0,0,11,11,0,0,11,0.0,0.0,0.0,0.0,0.0,1.0,-1
"F[0,1]((Temp <= 34.943 -> Bilirubin_total <= 0.000) | Bilirubin_direct <= 0.000)
",-9999999.000,-9999999.000,0.000,0.000,1.000,0,0,0,11,11,0,0,11,0.0,0.0,0.0,0.0,0.0,1.0,-1
"F[0,2](((Platelets >= 0.768 -> Lactate <= 0.951) | TroponinI <= 1.119) | Hgb <= 0.578)
",-9999999.000,-9999999.000,0.000,0.000,1.000,0,0,0,11,11,0,0,11,0.0,0.0,0.0,0.0,0.0,1.0,-1
"F[1,2](EtCO2 <= 0.000 -> Fibrinogen <= 0.000)
",-9999999.000,-9999999.000,0.000,0.000,1.000,0,0,0,11,11,0,0,11,0.0,0.0,0.0,0.0,0.0,1.0,-1
"F[2,2](((BUN >= 0.244 & SepsisLabel <= 0.000) & AST <= 0.000) | Potassium >= 0.000)
",0.000,0.000,0.000,0.000,1.000,0,0,0,11,11,0,0,11,0.0,0.0,0.0,0.0,0.0,1.0,-1
"F[0,2]((Lactate >= 0.086 & WBC <= 0.620) | Phosphate >= 0.471)
",-9999999.000,-9999999.000,0.000,0.000,1.000,0,0,0,11,11,0,0,11,0.0,0.0,0.0,0.0,0.0,1.0,-1
"((MAP <= 111.852) U[1,2] (WBC >= 0.255))
",-9999999.000,-9999999.000,0.000,0.000,1.000,0,0,0,11,11,0,0,11,0.0,0.0,0.0,0.0,0.0,1.0,-1
"F[1,2](((Alkalinephos >= 0.000 & WBC <= 8.364) & Platelets <= 9.097) | TroponinI >= 0.023)
",-9999999.000,-9999999.000,0.000,0.000,1.000,0,0,0,11,11,0,0,11,0.0,0.0,0.0,0.0,0.0,1.0,-1
"F[0,2](BaseExcess <= 0.000 -> Potassium >= 0.104)
",-9999999.000,-9999999.000,0.000,0.000,1.000,0,0,0,11,11,0,0,11,0.0,0.0,0.0,0.0,0.0,1.0,-1
"F[0,2](PTT < 0.000 -> SepsisLabel = 0.000)
",-9999999.000,-9999999.000,0.000,0.000,1.000,0,0,0,11,11,0,0,11,0.0,0.0,0.0,0.0,0.0,1.0,-1
"((Bilirubin_direct > 0.000) U[0,2] (SepsisLabel = 0.000))
",-9999999.000,-9999999.000,0.000,0.000,1.000,0,0,0,11,11,0,0,11,0.0,0.0,0.0,0.0,0.0,1.0,-1
"((Lactate > 0.088) U[0,2] (SepsisLabel = 0.000))
",-9999999.000,-9999999.000,0.000,0.000,1.000,0,0,0,11,11,0,0,11,0.0,0.0,0.0,0.0,0.0,1.0,-1
"F[0,1]((Lactate <= 0.606 & Temp >= 18.140) -> Calcium <= 35.195)
",-9999999.000,-9999999.000,0.000,0.000,1.000,0,0,0,11,11,0,0,11,0.0,0.0,0.0,0.0,0.0,1.0,-1
"F[1,2](Glucose >= 4.276 | Chloride <= 0.000)
",-9999999.000,-9999999.000,0.000,0.000,1.000,0,0,0,11,11,0,0,11,0.0,0.0,0.0,0.0,0.0,1.0,-1
"((Fibrinogen <= 0.000) U[1,2] (BaseExcess >= 0.000))
",-9999999.000,-9999999.000,0.000,0.000,1.000,0,0,0,11,11,0,0,11,0.0,0.0,0.0,0.0,0.0,1.0,-1
"F[0,0](Alkalinephos >= 0.000 | Alkalinephos <= 0.000)
",0.333,0.900,0.000,0.000,1.000,0,0,0,11,11,0,0,11,0.0,0.0,0.0,0.0,0.0,1.0,-1
"F[0,0](((O2Sat >= 8.643 & Bilirubin_total <= 0.000) -> Fibrinogen <= 0.000) -> SaO2 >= 0.000)
",-0.368,-4.590,0.000,0.000,1.000,0,0,0,11,11,0,0,11,0.0,0.0,0.0,0.0,0.0,1.0,-1
"F[0,1](((Hct >= 1.548 | PTT <= 0.000) | Hgb <= 0.000) & pH >= 0.000)
",-9999999.000,-9999999.000,0.000,0.000,1.000,0,0,0,11,11,0,0,11,0.0,0.0,0.0,0.0,0.0,1.0,-1
"F[2,2](((Bilirubin_direct <= 0.000 -> PTT <= 0.000) | HR >= 0.000) & HCO3 >= 0.000)
",0.000,0.000,0.000,0.000,1.000,0,0,0,11,11,0,0,11,0.0,0.0,0.0,0.0,0.0,1.0,-1
"F[1,2](((Magnesium >= 0.077 & EtCO2 >= 0.000) -> Calcium <= 0.000) | DBP >= 0.000)
",-9999999.000,-9999999.000,0.000,0.000,1.000,0,0,0,11,11,0,0,11,0.0,0.0,0.0,0.0,0.0,1.0,-1
"F[1,1]((SaO2 >= 0.586 & O2Sat >= 18.955) -> Resp >= 3.234)
",7282841854644438.000,3.234,0.000,0.000,1.000,0,0,0,11,11,0,0,11,0.0,0.0,0.0,0.0,0.0,1.0,-1
"((Temp <= 35.117) U[1,2] (Temp <= 34.540))
",-9999999.000,-9999999.000,0.000,0.000,1.000,0,0,0,11,11,0,0,11,0.0,0.0,0.0,0.0,0.0,1.0,-1
"((PaCO2 <= 21.995) U[1,1] (SepsisLabel >= 0.000))
",21.995,21.995,0.000,0.000,1.000,0,0,0,11,11,0,0,11,0.0,0.0,0.0,0.0,0.0,1.0,-1
"F[0,2](((BaseExcess >= 0.000 & MAP >= 15.337) | Resp <= 99.175) & SaO2 <= 124.037)
",-9999999.000,-9999999.000,0.000,0.000,1.000,0,0,0,11,11,0,0,11,0.0,0.0,0.0,0.0,0.0,1.0,-1
"F[0,2](((Chloride >= 0.000 -> Lactate >= 0.078) | Temp <= 0.686) & PTT <= 0.360)
",-9999999.000,-9999999.000,0.000,0.000,1.000,0,0,0,11,11,0,0,11,0.0,0.0,0.0,0.0,0.0,1.0,-1
"F[0,1]((PTT <= 0.000 & pH <= 1.320) -> O2Sat >= 0.231)
",-9999999.000,-9999999.000,0.000,0.000,1.000,0,0,0,11,11,0,0,11,0.0,0.0,0.0,0.0,0.0,1.0,-1
"F[0,2]((MAP >= 93.495 -> WBC >= 0.483) -> TroponinI >= 0.317)
",-9999999.000,-9999999.000,0.000,0.000,1.000,0,0,0,11,11,0,0,11,0.0,0.0,0.0,0.0,0.0,1.0,-1
"F[2,2](((Magnesium >= 0.084 | pH >= 0.214) -> FiO2 >= 0.491) | Alkalinephos <= 5.419)
",5.419,5.419,0.000,0.000,1.000,0,0,0,11,11,0,0,11,0.0,0.0,0.0,0.0,0.0,1.0,-1
"F[2,2]((Resp >= 7.730 | Resp >= 9.581) & PTT >= 0.520)
",-8702643931987462.000,-7.730,0.000,0.000,1.000,0,0,0,11,11,0,0,11,0.0,0.0,0.0,0.0,0.0,1.0,-1
"((Hct >= 0.529) U[0,2] (O2Sat >= 41.569))
",-9999999.000,-9999999.000,0.000,0.000,1.000,0,0,0,11,11,0,0,11,0.0,0.0,0.0,0.0,0.0,1.0,-1
"F[0,1](Hgb >= 0.028 -> SBP <= 158.186)
",-9999999.000,-9999999.000,0.000,0.000,1.000,0,0,0,11,11,0,0,11,0.0,0.0,0.0,0.0,0.0,1.0,-1
"F[1,2](Creatinine <= 0.516 -> FiO2 >= 0.009)
",-9999999.000,-9999999.000,0.000,0.000,1.000,0,0,0,11,11,0,0,11,0.0,0.0,0.0,0.0,0.0,1.0,-1
"F[0,2]((Creatinine >= 0.023 & Lactate <= 1.551) & Hgb >= 0.129)
",-9999999.000,-9999999.000,0.000,0.000,1.000,0,0,0,11,11,0,0,11,0.0,0.0,0.0,0.0,0.0,1.0,-1
"F[1,2](((Lactate >= 0.022 & Magnesium <= 0.285) | Lactate >= 0.032) -> Alkalinephos <= 1.756)
",-9999999.000,-9999999.000,0.000,0.000,1.000,0,0,0,11,11,0,0,11,0.0,0.0,0.0,0.0,0.0,1.0,-1
"F[0,0](BUN >= 0.072 | Lactate <= 1.562)
",0.727,0.582,0.000,0.000,1.000,0,0,0,11,11,0,0,11,0.0,0.0,0.0,0.0,0.0,1.0,-1
"F[1,2](FiO2 <= 0.284 | WBC <= 7.060)
",-9999999.000,-9999999.000,0.000,0.000,1.000,0,0,0,11,11,0,0,11,0.0,0.0,0.0,0.0,0.0,1.0,-1
"F[2,2](((FiO2 >= 0.034 -> Platelets >= 4.177) | BUN >= 4.507) & PTT <= 88.409)
",0.034,0.034,0.000,0.000,1.000,0,0,0,11,11,0,0,11,0.0,0.0,0.0,0.0,0.0,1.0,-1
"F[0,1](((Calcium <= 7.957 -> Potassium <= 3.903) & MAP <= 3.413) | Temp >= 0.592)
",-9999999.000,-9999999.000,0.000,0.000,1.000,0,0,0,11,11,0,0,11,0.0,0.0,0.0,0.0,0.0,1.0,-1
"F[1,2]((Creatinine >= 0.027 -> PaCO2 <= 31.437) | O2Sat >= 2.980)
",-9999999.000,-9999999.000,0.000,0.000,1.000,0,0,0,11,11,0,0,11,0.0,0.0,0.0,0.0,0.0,1.0,-1
"F[1,2](Calcium <= 1.842 | DBP >= 22.904)
",-9999999.000,-9999999.000,0.000,0.000,1.000,0,0,0,11,11,0,0,11,0.0,0.0,0.0,0.0,0.0,1.0,-1
"F[1,2](Hgb >= 0.046 | PaCO2 >= 3.212)
",-9999999.000,-9999999.000,0.000,0.000,1.000,0,0,0,11,11,0,0,11,0.0,0.0,0.0,0.0,0.0,1.0,-1
"F[0,2]((BUN <= 8.639 & SaO2 <= 55.030) | MAP <= 85.118)
",-9999999.000,-9999999.000,0.000,0.000,1.000,0,0,0,11,11,0,0,11,0.0,0.0,0.0,0.0,0.0,1.0,-1
"F[0,2](((Hct >= 0.356 -> SaO2 >= 9.051) -> Creatinine >= 6.292) & Resp <= 83.129)
",-9999999.000,-9999999.000,0.000,0.000,1.000,0,0,0,11,11,0,0,11,0.0,0.0,0.0,0.0,0.0,1.0,-1
"((Creatinine >= 0.001) U[0,1] (pH <= 1.965))
",-9999999.000,-9999999.000,0.000,0.000,1.000,0,0,0,11,11,0,0,11,0.0,0.0,0.0,0.0,0.0,1.0,-1
"F[2,2]((Hct <= 23.287 & pH <= 6.282) & Potassium >= 0.688)
",-0.688,-0.688,0.000,0.000,1.000,0,0,0,11,11,0,0,11,0.0,0.0,0.0,0.0,0.0,1.0,-1
"F[0,1](((DBP >= 45.005 | Platelets >= 2.385) & Resp <= 75.785) -> BaseExcess <= 80.550)
",-9999999.000,-9999999.000,0.000,0.000,1.000,0,0,0,11,11,0,0,11,0.0,0.0,0.0,0.0,0.0,1.0,-1
"F[0,2]((Calcium >= 0.457 -> SBP <= 158.298) | Resp <= 141.339)
",-9999999.000,-9999999.000,0.000,0.000,1.000,0,0,0,11,11,0,0,11,0.0,0.0,0.0,0.0,0.0,1.0,-1
"F[1,2](((Lactate <= 0.375 & SBP >= 75.841) | Lactate <= 155.549) -> Bilirubin_total >= 78.267)
",-9999999.000,-9999999.000,0.000,0.000,1.000,0,0,0,11,11,0,0,11,0.0,0.0,0.0,0.0,0.0,1.0,-1
"F[0,1](Magnesium <= 0.272 & SepsisLabel = 0.000)
",-9999999.000,-9999999.000,0.000,0.000,1.000,0,0,0,11,11,0,0,11,0.0,0.0,0.0,0.0,0.0,1.0,-1
"F[0,2](((Resp <= 20.013 | Temp <= 36.587) -> SaO2 <= 34.088) | Creatinine >= 3.042)
",-9999999.000,-9999999.000,0.000,0.000,1.000,0,0,0,11,11,0,0,11,0.0,0.0,0.0,0.0,0.0,1.0,-1
"F[0,2](((O2Sat <= 94.407 & PaCO2 >= 3.790) -> TroponinI <= 35.533) | AST <= 36.667)
",-9999999.000,-9999999.000,0.000,0.000,1.000,0,0,0,11,11,0,0,11,0.0,0.0,0.0,0.0,0.0,1.0,-1
"F[0,2](((O2Sat >= 9.923 | SaO2 >= 8.805) -> FiO2 >= 5.926) -> SBP <= 82.085)
",-9999999.000,-9999999.000,0.000,0.000,1.000,0,0,0,11,11,0,0,11,0.0,0.0,0.0,0.0,0.0,1.0,-1
"((FiO2 <= 0.355) U[2,2] (Resp >= 3.597))
",6392229274596371.000,0.355,0.000,0.000,1.000,0,0,0,11,11,0,0,11,0.0,0.0,0.0,0.0,0.0,1.0,-1
"F[0,0](((Glucose <= 105.817 & Resp <= 18.711) -> EtCO2 <= 21.396) | PTT >= 8.660)
",-1.247,-4.901,0.000,0.000,1.000,0,0,0,11,11,0,0,11,0.0,0.0,0.0,0.0,0.0,1.0,-1
"((Lactate <= 0.849) U[0,2] (Resp <= 18.506))
",-9999999.000,-9999999.000,0.000,0.000,1.000,0,0,0,11,11,0,0,11,0.0,0.0,0.0,0.0,0.0,1.0,-1
"((HR >= 59.474) U[0,1] (WBC <= 7.146))
",-9999999.000,-9999999.000,0.000,0.000,1.000,0,0,0,11,11,0,0,11,0.0,0.0,0.0,0.0,0.0,1.0,-1
"F[0,2]((Calcium <= 2.020 -> HR <= 89.963) & Resp >= 71.323)
",-9999999.000,-9999999.000,0.000,0.000,1.000,0,0,0,11,11,0,0,11,0.0,0.0,0.0,0.0,0.0,1.0,-1
"F[0,2](((Glucose >= 22.431 & Platelets <= 173.823) & Lactate >= 6.368) -> HCO3 <= 32.347)
",-9999999.000,-9999999.000,0.000,0.000,1.000,0,0,0,11,11,0,0,11,0.0,0.0,0.0,0.0,0.0,1.0,-1
"((Creatinine <= 0.575) U[1,2] (Glucose >= 35.420))
",-9999999.000,-9999999.000,0.000,0.000,1.000,0,0,0,11,11,0,0,11,0.0,0.0,0.0,0.0,0.0,1.0,-1
"F[2,2](Glucose <= 121.965 -> Lactate <= 1.107)
",-8582535653936838.000,-121.965,0.000,0.000,1.000,0,0,0,11,11,0,0,11,0.0,0.0,0.0,0.0,0.0,1.0,-1
"F[0,2](Glucose <= 105.513 | pH <= 4.856)
",-9999999.000,-9999999.000,0.000,0.000,1.000,0,0,0,11,11,0,0,11,0.0,0.0,0.0,0.0,0.0,1.0,-1
"F[1,2](((FiO2 >= 0.035 | Glucose <= 84.748) | Resp >= 23.888) | SaO2 <= 123.404)
",-9999999.000,-9999999.000,0.000,0.000,1.000,0,0,0,11,11,0,0,11,0.0,0.0,0.0,0.0,0.0,1.0,-1
"F[1,2]((Calcium >= 0.139 -> Resp <= 19.249) | Fibrinogen >= 8.403)
",-9999999.000,-9999999.000,0.000,0.000,1.000,0,0,0,11,11,0,0,11,0.0,0.0,0.0,0.0,0.0,1.0,-1
"((MAP >= 31.469) U[2,2] (Potassium <= 1.944))
",8755502458635338.000,1.944,0.000,0.000,1.000,0,0,0,11,11,0,0,11,0.0,0.0,0.0,0.0,0.0,1.0,-1
"F[0,1](Hct >= 0.285 -> Resp >= 10.695)
",-9999999.000,-9999999.000,0.000,0.000,1.000,0,0,0,11,11,0,0,11,0.0,0.0,0.0,0.0,0.0,1.0,-1
"((Glucose >= 25.539) U[0,1] (Potassium <= 2.148))
",-9999999.000,-9999999.000,0.000,0.000,1.000,0,0,0,11,11,0,0,11,0.0,0.0,0.0,0.0,0.0,1.0,-1
"F[1,2]((pH <= 2.057 | Resp <= 21.937) & BaseExcess >= 1.096)
",-9999999.000,-9999999.000,0.000,0.000,1.000,0,0,0,11,11,0,0,11,0.0,0.0,0.0,0.0,0.0,1.0,-1
"F[2,2](Glucose <= 89.813 -> SBP >= 69.059)
",-6320021108724038.000,-89.813,0.000,0.000,1.000,0,0,0,11,11,0,0,11,0.0,0.0,0.0,0.0,0.0,1.0,-1
"F[0,1]((DBP >= 55.988 | Lactate >= 0.093) | Glucose <= 1.448)
",-9999999.000,-9999999.000,0.000,0.000,1.000,0,0,0,11,11,0,0,11,0.0,0.0,0.0,0.0,0.0,1.0,-1
"F[0,2](((MAP <= 115.670 -> PaCO2 >= 1.020) | Lactate <= 24.813) | Calcium >= 2.383)
",-9999999.000,-9999999.000,0.000,0.000,1.000,0,0,0,11,11,0,0,11,0.0,0.0,0.0,0.0,0.0,1.0,-1
"F[0,0](((MAP >= 30.165 -> pH >= 0.473) -> PTT <= 2.277) | AST <= 2.176)
",0.929,2.436,0.000,0.000,1.000,0,0,0,11,11,0,0,11,0.0,0.0,0.0,0.0,0.0,1.0,-1
"F[0,2](((FiO2 >= 0.034 -> MAP >= 43.626) & PaCO2 <= 120.162) -> BUN >= 21.506)
",-9999999.000,-9999999.000,0.000,0.000,1.000,0,0,0,11,11,0,0,11,0.0,0.0,0.0,0.0,0.0,1.0,-1
"F[1,2](((DBP <= 76.231 & PaCO2 <= 45.547) & Potassium <= 23.333) -> Creatinine >= 4.159)
",-9999999.000,-9999999.000,0.000,0.000,1.000,0,0,0,11,11,0,0,11,0.0,0.0,0.0,0.0,0.0,1.0,-1
"F[1,2]((DBP <= 88.254 | pH <= 7.365) -> EtCO2 <= 5.169)
",-9999999.000,-9999999.000,0.000,0.000,1.000,0,0,0,11,11,0,0,11,0.0,0.0,0.0,0.0,0.0,1.0,-1
"F[0,1]((DBP <= 96.898 | SaO2 >= 6.492) & BaseExcess <= 79.599)
",-9999999.000,-9999999.000,0.000,0.000,1.000,0,0,0,11,11,0,0,11,0.0,0.0,0.0,0.0,0.0,1.0,-1
"F[0,2]((Glucose >= 37.278 | Temp <= 33.022) & SBP <= 35.180)
",-9999999.000,-9999999.000,0.000,0.000,1.000,0,0,0,11,11,0,0,11,0.0,0.0,0.0,0.0,0.0,1.0,-1
"F[0,2](((FiO2 >= 0.040 -> SBP <= 132.961) -> FiO2 >= 102.955) -> Lactate >= 93.517)
",-9999999.000,-9999999.000,0.000,0.000,1.000,0,0,0,11,11,0,0,11,0.0,0.0,0.0,0.0,0.0,1.0,-1
"F[1,2](O2Sat <= 99.004 & Resp <= 17.222)
",-9999999.000,-9999999.000,0.000,0.000,1.000,0,0,0,11,11,0,0,11,0.0,0.0,0.0,0.0,0.0,1.0,-1
"((Magnesium >= 0.008) U[0,2] (Potassium <= 2.709))
",-9999999.000,-9999999.000,0.000,0.000,1.000,0,0,0,11,11,0,0,11,0.0,0.0,0.0,0.0,0.0,1.0,-1
"((Creatinine >= 0.014) U[0,2] (Potassium >= 0.106))
",-9999999.000,-9999999.000,0.000,0.000,1.000,0,0,0,11,11,0,0,11,0.0,0.0,0.0,0.0,0.0,1.0,-1
"F[0,1]((HR <= 88.456 -> Resp >= 1.260) | SBP <= 19.192)
",-9999999.000,-9999999.000,0.000,0.000,1.000,0,0,0,11,11,0,0,11,0.0,0.0,0.0,0.0,0.0,1.0,-1
"F[0,1](((SBP <= 141.557 & Temp >= 1.932) | Calcium >= 14.933) -> WBC <= 34.596)
",-9999999.000,-9999999.000,0.000,0.000,1.000,0,0,0,11,11,0,0,11,0.0,0.0,0.0,0.0,0.0,1.0,-1
"F[0,0]((O2Sat >= 74.219 -> Temp <= 33.911) | DBP >= 31.988)
",1.909,64.062,0.000,0.000,1.000,0,0,0,11,11,0,0,11,0.0,0.0,0.0,0.0,0.0,1.0,-1
"((HR >= 69.944) U[0,2] (pH >= 0.261))
",-9999999.000,-9999999.000,0.000,0.000,1.000,0,0,0,11,11,0,0,11,0.0,0.0,0.0,0.0,0.0,1.0,-1
"F[1,2]((HR <= 83.488 -> PaCO2 <= 13.224) | SaO2 >= 1.032)
",-9999999.000,-9999999.000,0.000,0.000,1.000,0,0,0,11,11,0,0,11,0.0,0.0,0.0,0.0,0.0,1.0,-1
"((Calcium <= 6.239) U[0,2] (MAP >= 75.191))
",-9999999.000,-9999999.000,0.000,0.000,1.000,0,0,0,11,11,0,0,11,0.0,0.0,0.0,0.0,0.0,1.0,-1
"((BUN >= 0.084) U[0,2] (FiO2 <= 0.121))
",-9999999.000,-9999999.000,0.000,0.000,1.000,0,0,0,11,11,0,0,11,0.0,0.0,0.0,0.0,0.0,1.0,-1
"F[2,2](Lactate <= 1.156 | pH <= 2.409)
",2.409,2.409,0.000,0.000,1.000,0,0,0,11,11,0,0,11,0.0,0.0,0.0,0.0,0.0,1.0,-1
"F[1,2]((FiO2 <= 0.361 & pH >= 0.367) -> Phosphate <= 4.547)
",-9999999.000,-9999999.000,0.000,0.000,1.000,0,0,0,11,11,0,0,11,0.0,0.0,0.0,0.0,0.0,1.0,-1
"F[0,2]((FiO2 >= 0.036 | SaO2 >= 4.580) -> SepsisLabel <= 96.169)
",-9999999.000,-9999999.000,0.000,0.000,1.000,0,0,0,11,11,0,0,11,0.0,0.0,0.0,0.0,0.0,1.0,-1
"F[2,2]((Magnesium <= 1.289 -> Platelets >= 7.063) -> Bilirubin_direct <= 64.254)
",-64.254,-64.254,0.000,0.000,1.000,0,0,0,11,11,0,0,11,0.0,0.0,0.0,0.0,0.0,1.0,-1
"F[1,2](BUN >= 0.314 | Hct >= 0.741)
",-9999999.000,-9999999.000,0.000,0.000,1.000,0,0,0,11,11,0,0,11,0.0,0.0,0.0,0.0,0.0,1.0,-1
"F[1,2]((Magnesium >= 0.036 -> WBC >= 0.280) -> Resp <= 4.502)
",-9999999.000,-9999999.000,0.000,0.000,1.000,0,0,0,11,11,0,0,11,0.0,0.0,0.0,0.0,0.0,1.0,-1
"F[0,2]((Hct >= 1.164 | Magnesium >= 0.057) & Fibrinogen >= 0.074)
",-9999999.000,-9999999.000,0.000,0.000,1.000,0,0,0,11,11,0,0,11,0.0,0.0,0.0,0.0,0.0,1.0,-1
"((Creatinine <= 0.567) U[1,1] (SepsisLabel = 0.000))
",5105606682956326.000,0.567,0.000,0.000,1.000,0,0,0,11,11,0,0,11,0.0,0.0,0.0,0.0,0.0,1.0,-1
"F[1,2](Chloride > 0.000 & SepsisLabel = 0.000)
",-9999999.000,-9999999.000,0.000,0.000,1.000,0,0,0,11,11,0,0,11,0.0,0.0,0.0,0.0,0.0,1.0,-1
"((Chloride <= 0.000) U[1,1] (SepsisLabel = 0.000))
",0.000,0.000,0.000,0.000,1.000,0,0,0,11,11,0,0,11,0.0,0.0,0.0,0.0,0.0,1.0,-1
"F[1,2](EtCO2 <= 0.000 & SepsisLabel = 0.000)
",-9999999.000,-9999999.000,0.000,0.000,1.000,0,0,0,11,11,0,0,11,0.0,0.0,0.0,0.0,0.0,1.0,-1
"((Phosphate <= 0.000) U[0,0] (SepsisLabel = 0.000))
",-0.333,-0.200,0.000,0.000,1.000,0,0,0,11,11,0,0,11,0.0,0.0,0.0,0.0,0.0,1.0,-1
"((Calcium < 7.996) U[1,1] (SepsisLabel = 0.000))
",9002854669814198.000,7.996,0.000,0.000,1.000,0,0,0,11,11,0,0,11,0.0,0.0,0.0,0.0,0.0,1.0,-1
"F[0,2]((Phosphate >= 0.000 & Magnesium > 0.067) -> Calcium < 7.032)
",-9999999.000,-9999999.000,0.000,0.000,1.000,0,0,0,11,11,0,0,11,0.0,0.0,0.0,0.0,0.0,1.0,-1
"F[0,1](Hgb <= 0.626 | Hct <= 23.222)
",-9999999.000,-9999999.000,0.000,0.000,1.000,0,0,0,11,11,0,0,11,0.0,0.0,0.0,0.0,0.0,1.0,-1
"F[1,2](FiO2 <= 0.141 | PaCO2 <= 29.026)
",-9999999.000,-9999999.000,0.000,0.000,1.000,0,0,0,11,11,0,0,11,0.0,0.0,0.0,0.0,0.0,1.0,-1
"F[0,2](Calcium >= 0.092 -> Magnesium <= 0.443)
",-9999999.000,-9999999.000,0.000,0.000,1.000,0,0,0,11,11,0,0,11,0.0,0.0,0.0,0.0,0.0,1.0,-1
"F[1,2]((Calcium >= 0.316 -> Creatinine <= 0.289) | Platelets <= 0.257)
",-9999999.000,-9999999.000,0.000,0.000,1.000,0,0,0,11,11,0,0,11,0.0,0.0,0.0,0.0,0.0,1.0,-1
"F[1,1](Resp < 21.627 -> SepsisLabel = 0.000)
",-21.627,-21.627,0.000,0.000,1.000,0,0,0,11,11,0,0,11,0.0,0.0,0.0,0.0,0.0,1.0,-1
"F[0,1](Platelets <= 157.529 & SepsisLabel = 0.000)
",-9999999.000,-9999999.000,0.000,0.000,1.000,0,0,0,11,11,0,0,11,0.0,0.0,0.0,0.0,0.0,1.0,-1
"F[1,2](((HR >= 65.334 | SBP >= 99.072) & Bilirubin_direct >= 50.347) | HCO3 >= 3.691)
",-9999999.000,-9999999.000,0.000,0.000,1.000,0,0,0,11,11,0,0,11,0.0,0.0,0.0,0.0,0.0,1.0,-1
"((MAP < 109.918) U[0,2] (SepsisLabel = 0.000))
",-9999999.000,-9999999.000,0.000,0.000,1.000,0,0,0,11,11,0,0,11,0.0,0.0,0.0,0.0,0.0,1.0,-1
"((Bilirubin_direct >= 0.000) U[0,1] (SepsisLabel = 0.000))
",-9999999.000,-9999999.000,0.000,0.000,1.000,0,0,0,11,11,0,0,11,0.0,0.0,0.0,0.0,0.0,1.0,-1
"F[1,2](O2Sat >= 65.757 & SepsisLabel = 0.000)
",-9999999.000,-9999999.000,0.000,0.000,1.000,0,0,0,11,11,0,0,11,0.0,0.0,0.0,0.0,0.0,1.0,-1
"F[0,2](Lactate < 0.438 -> SepsisLabel = 0.000)
",-9999999.000,-9999999.000,0.000,0.000,1.000,0,0,0,11,11,0,0,11,0.0,0.0,0.0,0.0,0.0,1.0,-1
"F[1,2](SaO2 <= 14.874 & SepsisLabel = 0.000)
",-9999999.000,-9999999.000,0.000,0.000,1.000,0,0,0,11,11,0,0,11,0.0,0.0,0.0,0.0,0.0,1.0,-1
"F[1,1]((HR >= 52.043 | O2Sat >= 31.850) | O2Sat <= 93.246)
",93.246,93.246,0.000,0.000,1.000,0,0,0,11,11,0,0,11,0.0,0.0,0.0,0.0,0.0,1.0,-1
"((Magnesium >= 0.007) U[0,0] (SepsisLabel = 0.000))
",0.332,0.172,0.000,0.000,1.000,0,0,0,11,11,0,0,11,0.0,0.0,0.0,0.0,0.0,1.0,-1
"((Platelets <= 146.357) U[1,2] (SepsisLabel = 0.000))
",-9999999.000,-9999999.000,0.000,0.000,1.000,0,0,0,11,11,0,0,11,0.0,0.0,0.0,0.0,0.0,1.0,-1
"((Hgb > 0.358) U[0,2] (SepsisLabel = 0.000))
",-9999999.000,-9999999.000,0.000,0.000,1.000,0,0,0,11,11,0,0,11,0.0,0.0,0.0,0.0,0.0,1.0,-1
"((DBP <= 91.309) U[2,2] (SepsisLabel = 0.000))
",6425302286840670.000,91.309,0.000,0.000,1.000,0,0,0,11,11,0,0,11,0.0,0.0,0.0,0.0,0.0,1.0,-1
"((Phosphate < 0.000) U[0,1] (SepsisLabel = 0.000))
",-9999999.000,-9999999.000,0.000,0.000,1.000,0,0,0,11,11,0,0,11,0.0,0.0,0.0,0.0,0.0,1.0,-1
"F[1,2](O2Sat >= 27.304 & SBP <= 158.548)
",-9999999.000,-9999999.000,0.000,0.000,1.000,0,0,0,11,11,0,0,11,0.0,0.0,0.0,0.0,0.0,1.0,-1
"F[0,2]((Phosphate >= 0.000 & Magnesium > 0.088) -> Calcium < 2.143)
",-9999999.000,-9999999.000,0.000,0.000,1.000,0,0,0,11,11,0,0,11,0.0,0.0,0.0,0.0,0.0,1.0,-1
"F[1,2](((Calcium < 8.312 & Potassium < 3.576) & Magnesium < 0.233) & Phosphate < 0.000)
",-9999999.000,-9999999.000,0.000,0.000,1.000,0,0,0,11,11,0,0,11,0.0,0.0,0.0,0.0,0.0,1.0,-1
"((MAP >= 38.821) U[1,2] (SBP <= 143.608))
",-9999999.000,-9999999.000,0.000,0.000,1.000,0,0,0,11,11,0,0,11,0.0,0.0,0.0,0.0,0.0,1.0,-1
"F[2,2]((Calcium <= 2.257 & Potassium <= 0.680) & Magnesium >= 0.028)
",-0.028,-0.028,0.000,0.000,1.000,0,0,0,11,11,0,0,11,0.0,0.0,0.0,0.0,0.0,1.0,-1
"F[0,2]((Phosphate >= 0.000 & Magnesium > 0.025) -> Calcium < 7.838)
",-9999999.000,-9999999.000,0.000,0.000,1.000,0,0,0,11,11,0,0,11,0.0,0.0,0.0,0.0,0.0,1.0,-1
"F[2,2](((Calcium < 4.139 & Potassium < 3.622) & Magnesium < 0.485) & Phosphate < 0.000)
",0.000,0.000,0.000,0.000,1.000,0,0,0,11,11,0,0,11,0.0,0.0,0.0,0.0,0.0,1.0,-1
"F[0,0](Hgb <= 2.954 | Hct <= 34.096)
",34.096,34.096,0.000,0.000,1.000,0,0,0,11,11,0,0,11,0.0,0.0,0.0,0.0,0.0,1.0,-1
"((MAP >= 93.781) U[0,1] (SBP <= 162.241))
",-9999999.000,-9999999.000,0.000,0.000,1.000,0,0,0,11,11,0,0,11,0.0,0.0,0.0,0.0,0.0,1.0,-1
"F[0,2]((Phosphate >= 0.000 & Magnesium > 0.047) -> Calcium < 1.141)
",-9999999.000,-9999999.000,0.000,0.000,1.000,0,0,0,11,11,0,0,11,0.0,0.0,0.0,0.0,0.0,1.0,-1
"F[0,2](((Calcium < 0.835 & Potassium < 2.709) & Magnesium < 1.992) & Phosphate < 0.000)
",-9999999.000,-9999999.000,0.000,0.000,1.000,0,0,0,11,11,0,0,11,0.0,0.0,0.0,0.0,0.0,1.0,-1
"F[0,1](Hgb <= 1.074 | Hct <= 9.614)
",-9999999.000,-9999999.000,0.000,0.000,1.000,0,0,0,11,11,0,0,11,0.0,0.0,0.0,0.0,0.0,1.0,-1
"F[1,2](((Calcium < 7.328 & Potassium < 0.858) & Magnesium < 1.832) & Phosphate < 0.000)
",-9999999.000,-9999999.000,0.000,0.000,1.000,0,0,0,11,11,0,0,11,0.0,0.0,0.0,0.0,0.0,1.0,-1
"((MAP >= 84.116) U[0,1] (SBP <= 161.883))
",-9999999.000,-9999999.000,0.000,0.000,1.000,0,0,0,11,11,0,0,11,0.0,0.0,0.0,0.0,0.0,1.0,-1
"F[0,1]((Phosphate >= 0.000 & Magnesium > 0.080) -> Calcium < 8.551)
",-9999999.000,-9999999.000,0.000,0.000,1.000,0,0,0,11,11,0,0,11,0.0,0.0,0.0,0.0,0.0,1.0,-1
"F[1,2](((Calcium < 4.304 & Potassium < 2.904) & Magnesium < 0.361) & Phosphate < 0.000)
",-9999999.000,-9999999.000,0.000,0.000,1.000,0,0,0,11,11,0,0,11,0.0,0.0,0.0,0.0,0.0,1.0,-1
"F[0,2](((MAP >= 81.550 | O2Sat <= 94.906) -> SaO2 >= 90.880) -> Hct >= 23.084)
",-9999999.000,-9999999.000,0.000,0.000,1.000,0,0,0,11,11,0,0,11,0.0,0.0,0.0,0.0,0.0,1.0,-1
"F[0,2](DBP <= 76.196 & HR >= 11.242)
",-9999999.000,-9999999.000,0.000,0.000,1.000,0,0,0,11,11,0,0,11,0.0,0.0,0.0,0.0,0.0,1.0,-1
"F[1,2](Temp <= 33.709 | Potassium >= 0.239)
",-9999999.000,-9999999.000,0.000,0.000,1.000,0,0,0,11,11,0,0,11,0.0,0.0,0.0,0.0,0.0,1.0,-1
"F[1,2](Hgb <= 5.457 | Hct <= 26.204)
",-9999999.000,-9999999.000,0.000,0.000,1.000,0,0,0,11,11,0,0,11,0.0,0.0,0.0,0.0,0.0,1.0,-1
"F[1,2]((Phosphate >= 0.000 & Magnesium > 0.053) -> Calcium < 4.674)
",-9999999.000,-9999999.000,0.000,0.000,1.000,0,0,0,11,11,0,0,11,0.0,0.0,0.0,0.0,0.0,1.0,-1
"F[0,2]((Phosphate >= 0.000 & Magnesium > 0.012) -> Calcium < 5.205)
",-9999999.000,-9999999.000,0.000,0.000,1.000,0,0,0,11,11,0,0,11,0.0,0.0,0.0,0.0,0.0,1.0,-1
"F[1,2]((Calcium <= 7.945 & Potassium <= 3.411) & Magnesium >= 0.036)
",-9999999.000,-9999999.000,0.000,0.000,1.000,0,0,0,11,11,0,0,11,0.0,0.0,0.0,0.0,0.0,1.0,-1
"F[0,1](Hgb <= 9.991 | Hct <= 34.526)
",-9999999.000,-9999999.000,0.000,0.000,1.000,0,0,0,11,11,0,0,11,0.0,0.0,0.0,0.0,0.0,1.0,-1
"((MAP >= 72.221) U[0,1] (SBP <= 148.115))
",-9999999.000,-9999999.000,0.000,0.000,1.000,0,0,0,11,11,0,0,11,0.0,0.0,0.0,0.0,0.0,1.0,-1
"F[1,2]((Phosphate >= 0.000 & Magnesium > 0.028) -> Calcium < 2.080)
",-9999999.000,-9999999.000,0.000,0.000,1.000,0,0,0,11,11,0,0,11,0.0,0.0,0.0,0.0,0.0,1.0,-1
"F[2,2](Hgb <= 0.589 | Hct <= 25.206)
",25.206,25.206,0.000,0.000,1.000,0,0,0,11,11,0,0,11,0.0,0.0,0.0,0.0,0.0,1.0,-1
"((MAP >= 23.154) U[1,2] (SBP <= 133.990))
",-9999999.000,-9999999.000,0.000,0.000,1.000,0,0,0,11,11,0,0,11,0.0,0.0,0.0,0.0,0.0,1.0,-1
"F[0,1]((Phosphate >= 0.000 & Magnesium > 0.030) -> Calcium < 1.085)
",-9999999.000,-9999999.000,0.000,0.000,1.000,0,0,0,11,11,0,0,11,0.0,0.0,0.0,0.0,0.0,1.0,-1
"F[0,1](Hgb <= 6.091 | Hct <= 22.504)
",-9999999.000,-9999999.000,0.000,0.000,1.000,0,0,0,11,11,0,0,11,0.0,0.0,0.0,0.0,0.0,1.0,-1
"((MAP >= 42.540) U[1,2] (SBP <= 160.158))
",-9999999.000,-9999999.000,0.000,0.000,1.000,0,0,0,11,11,0,0,11,0.0,0.0,0.0,0.0,0.0,1.0,-1
"((MAP >= 17.011) U[0,2] (SBP <= 162.527))
",-9999999.000,-9999999.000,0.000,0.000,1.000,0,0,0,11,11,0,0,11,0.0,0.0,0.0,0.0,0.0,1.0,-1
"F[0,1]((Phosphate >= 0.000 & Magnesium > 0.078) -> Calcium < 6.197)
",-9999999.000,-9999999.000,0.000,0.000,1.000,0,0,0,11,11,0,0,11,0.0,0.0,0.0,0.0,0.0,1.0,-1
"F[1,2]((Calcium <= 7.076 & Potassium <= 2.618) & Magnesium >= 0.049)
",-9999999.000,-9999999.000,0.000,0.000,1.000,0,0,0,11,11,0,0,11,0.0,0.0,0.0,0.0,0.0,1.0,-1
"((MAP >= 2.740) U[2,2] (SBP <= 150.533))
",150.533,150.533,0.000,0.000,1.000,0,0,0,11,11,0,0,11,0.0,0.0,0.0,0.0,0.0,1.0,-1
"F[2,2](PTT > 0.000 & SepsisLabel = 0.000)
",0.000,0.000,0.000,0.000,1.000,0,0,0,11,11,0,0,11,0.0,0.0,0.0,0.0,0.0,1.0,-1
"F[0,2](Hgb <= 5.947 | Hct <= 24.382)
",-9999999.000,-9999999.000,0.000,0.000,1.000,0,0,0,11,11,0,0,11,0.0,0.0,0.0,0.0,0.0,1.0,-1
"F[0,1](((Bilirubin_direct >= 0.000 -> TroponinI >= 0.000) & Fibrinogen <= 0.000) -> BUN <= 0.000)
",-9999999.000,-9999999.000,0.000,0.000,1.000,0,0,0,11,11,0,0,11,0.0,0.0,0.0,0.0,0.0,1.0,-1
"F[2,2](((AST >= 0.000 -> PaCO2 >= 4.164) & Fibrinogen <= 39.941) | SaO2 <= 5.854)
",5.854,5.854,0.000,0.000,1.000,0,0,0,11,11,0,0,11,0.0,0.0,0.0,0.0,0.0,1.0,-1
"F[2,2](((Platelets <= 110.946 & PaCO2 >= 3.723) | HR <= 31.867) | O2Sat >= 3.670)
",8969623283929314.000,31.867,0.000,0.000,1.000,0,0,0,11,11,0,0,11,0.0,0.0,0.0,0.0,0.0,1.0,-1
"G[0,2](Magnesium >= 0.033 -> SepsisLabel = 0.000)
",9999999.000,9999999.000,0.000,1.000,0.000,0,0,11,0,0,11,11,0,0.0,0.0,1.0,0.0,0.0,1.0,1
"G[0,2](((MAP >= 19.152 & SBP <= 152.557) | O2Sat >= 82.618) -> EtCO2 >= 86.176)
",9999999.000,9999999.000,0.000,1.000,0.000,0,0,0,11,11,0,0,11,0.0,0.0,0.0,0.0,0.0,1.0,1
"G[1,2]((FiO2 <= 0.309 | Lactate <= 1.083) | AST <= 0.251)
",9999999.000,9999999.000,0.000,1.000,0.000,0,0,11,0,0,11,11,0,0.0,0.0,1.0,0.0,0.0,1.0,1
"G[1,2](pH <= 4.490 | SaO2 >= 6.370)
",9999999.000,9999999.000,0.000,1.000,0.000,0,0,11,0,0,11,11,0,0.0,0.0,1.0,0.0,0.0,1.0,1
"G[0,1]((Creatinine >= 0.024 | Magnesium >= 0.091) | WBC >= 0.074)
",9999999.000,9999999.000,0.000,1.000,0.000,0,0,0,11,11,0,0,11,0.0,0.0,0.0,0.0,0.0,1.0,1
"G[2,2]((Hct >= 0.405 & Platelets >= 0.099) & O2Sat <= 38.885)
",-0.405,-0.405,0.000,1.000,0.000,0,0,11,0,0,11,11,0,0.0,0.0,1.0,0.0,0.0,1.0,1
"G[0,1](Platelets >= 6.748 | WBC >= 0.394)
",9999999.000,9999999.000,0.000,1.000,0.000,0,0,0,11,11,0,0,11,0.0,0.0,0.0,0.0,0.0,1.0,1
"G[2,2](FiO2 <= 0.303 & SepsisLabel = 0.000)
",0.000,0.000,0.000,1.000,0.000,0,0,11,0,0,11,11,0,0.0,0.0,1.0,0.0,0.0,1.0,1
"G[0,2](TroponinI < 0.000 -> SepsisLabel = 0.000)
",9999999.000,9999999.000,0.000,1.000,0.000,0,0,11,0,0,11,11,0,0.0,0.0,1.0,0.0,0.0,1.0,1
"G[0,2]((EtCO2 >= 0.000 | HR >= 38.766) | Bilirubin_total >= 20.907)
",9999999.000,9999999.000,0.000,1.000,0.000,0,0,11,0,0,11,11,0,0.0,0.0,1.0,0.0,0.0,1.0,1
"G[2,2](WBC >= 0.355 -> SepsisLabel = 0.000)
",0.000,0.000,0.000,1.000,0.000,0,0,11,0,0,11,11,0,0.0,0.0,1.0,0.0,0.0,1.0,1
"G[2,2](HCO3 >= 0.000 & SepsisLabel = 0.000)
",0.000,0.000,0.000,1.000,0.000,0,0,11,0,0,11,11,0,0.0,0.0,1.0,0.0,0.0,1.0,1
"G[0,2](Hct > 1.419 & SepsisLabel = 0.000)
",9999999.000,9999999.000,0.000,1.000,0.000,0,0,0,11,11,0,0,11,0.0,0.0,0.0,0.0,0.0,1.0,1
"G[1,2](Glucose <= 100.420 -> SepsisLabel = 0.000)
",9999999.000,9999999.000,0.000,1.000,0.000,0,0,11,0,0,11,11,0,0.0,0.0,1.0,0.0,0.0,1.0,1
"G[1,2](((DBP >= 39.528 | SBP <= 129.411) & Resp <= 139.267) -> Creatinine >= 11.804)
",9999999.000,9999999.000,0.000,1.000,0.000,0,0,1,10,10,1,1,10,0.0,0.0,1.0,0.0,0.0,1.0,1
"G[1,2](Hgb < 1.003 -> SepsisLabel = 0.000)
",9999999.000,9999999.000,0.000,1.000,0.000,0,0,11,0,0,11,11,0,0.0,0.0,1.0,0.0,0.0,1.0,1
"G[1,2](Fibrinogen > 0.000 -> SepsisLabel = 0.000)
",9999999.000,9999999.000,0.000,1.000,0.000,0,0,11,0,0,11,11,0,0.0,0.0,1.0,0.0,0.0,1.0,1
"G[1,2](HCO3 >= 0.000 & SepsisLabel = 0.000)
",9999999.000,9999999.000,0.000,1.000,0.000,0,0,11,0,0,11,11,0,0.0,0.0,1.0,0.0,0.0,1.0,1
"G[0,2](DBP <= 83.328 & SepsisLabel = 0.000)
",9999999.000,9999999.000,0.000,1.000,0.000,0,0,6,5,5,6,6,5,0.0,0.0,1.0,0.0,0.0,1.0,1
"G[1,1](EtCO2 < 0.000 & SepsisLabel = 0.000)
",0.000,0.000,0.000,1.000,0.000,0,0,1,10,10,1,1,10,0.0,0.0,1.0,0.0,0.0,1.0,1
"G[0,2](BUN <= 7.501 & Creatinine >= 0.020)
",9999999.000,9999999.000,0.000,1.000,0.000,0,0,0,11,11,0,0,11,0.0,0.0,0.0,0.0,0.0,1.0,1
"G[0,2](((Hgb <= 4.437 | Hct <= 21.959) -> WBC >= 0.326) & Platelets >= 3.654)
",9999999.000,9999999.000,0.000,1.000,0.000,0,0,0,11,11,0,0,11,0.0,0.0,0.0,0.0,0.0,1.0,1
"G[0,1](Platelets <= 86.044 -> WBC >= 0.058)
",9999999.000,9999999.000,0.000,1.000,0.000,0,0,0,11,11,0,0,11,0.0,0.0,0.0,0.0,0.0,1.0,1
"G[2,2](Phosphate < 0.000 & SepsisLabel = 0.000)
",0.000,0.000,0.000,1.000,0.000,0,0,11,0,0,11,11,0,0.0,0.0,1.0,0.0,0.0,1.0,1
"G[0,1](((Calcium >= 0.509 | FiO2 <= 0.418) & Chloride >= 0.021) | FiO2 >= 0.002)
",9999999.000,9999999.000,0.000,1.000,0.000,0,0,0,11,11,0,0,11,0.0,0.0,0.0,0.0,0.0,1.0,1
"G[0,2](DBP <= 88.994 | Creatinine <= 0.071)
",9999999.000,9999999.000,0.000,1.000,0.000,0,0,11,0,0,11,11,0,0.0,0.0,1.0,0.0,0.0,1.0,1
"G[1,2]((Potassium <= 2.967 | Temp <= 33.583) | SBP <= 35.043)
",9999999.000,9999999.000,0.000,1.000,0.000,0,0,8,3,3,8,8,3,0.0,0.0,1.0,0.0,0.0,1.0,1
"G[0,2](Lactate >= 0.059 | SaO2 >= 1.860)
",9999999.000,9999999.000,0.000,1.000,0.000,0,0,0,11,11,0,0,11,0.0,0.0,0.0,0.0,0.0,1.0,1
"G[0,1](Calcium <= 4.586 & Hct >= 1.623)
",9999999.000,9999999.000,0.000,1.000,0.000,0,0,0,11,11,0,0,11,0.0,0.0,0.0,0.0,0.0,1.0,1
"G[1,2](((Bilirubin_total >= 0.000 | Phosphate >= 0.000) | Hgb >= 0.000) | HR <= 0.000)
",9999999.000,9999999.000,0.000,1.000,0.000,0,0,11,0,0,11,11,0,0.0,0.0,1.0,0.0,0.0,1.0,1
"G[0,2](((Hgb <= 0.921 | Hct <= 4.037) -> WBC >= 0.250) & Platelets >= 6.719)
",9999999.000,9999999.000,0.000,1.000,0.000,0,0,0,11,11,0,0,11,0.0,0.0,0.0,0.0,0.0,1.0,1
"G[0,2](Chloride >= 0.000 & HCO3 >= 0.000)
",9999999.000,9999999.000,0.000,1.000,0.000,0,0,11,0,0,11,11,0,0.0,0.0,1.0,0.0,0.0,1.0,1
"G[0,2](BUN <= 0.491 & Creatinine >= 0.004)
",9999999.000,9999999.000,0.000,1.000,0.000,0,0,0,11,11,0,0,11,0.0,0.0,0.0,0.0,0.0,1.0,1
"G[1,2](((Hgb <= 10.338 | Hct <= 28.913) -> WBC >= 0.406) & Platelets >= 2.871)
",9999999.000,9999999.000,0.000,1.000,0.000,0,0,2,9,9,2,2,9,0.0,0.0,1.0,0.0,0.0,1.0,1
"G[0,1](Platelets <= 143.649 -> WBC >= 0.073)
",9999999.000,9999999.000,0.000,1.000,0.000,0,0,0,11,11,0,0,11,0.0,0.0,0.0,0.0,0.0,1.0,1
"G[1,2](Chloride >= 0.000 & HCO3 >= 0.000)
",9999999.000,9999999.000,0.000,1.000,0.000,0,0,11,0,0,11,11,0,0.0,0.0,1.0,0.0,0.0,1.0,1
"G[0,2](BUN <= 7.623 & Creatinine >= 0.005)
",9999999.000,9999999.000,0.000,1.000,0.000,0,0,0,11,11,0,0,11,0.0,0.0,0.0,0.0,0.0,1.0,1
"G[1,2](((Hgb <= 11.295 | Hct <= 14.213) -> WBC >= 0.136) & Platelets >= 7.474)
",9999999.000,9999999.000,0.000,1.000,0.000,0,0,2,9,9,2,2,9,0.0,0.0,1.0,0.0,0.0,1.0,1
"G[2,2](Platelets <= 159.656 -> WBC >= 0.464)
",-159.656,-159.656,0.000,1.000,0.000,0,0,11,0,0,11,11,0,0.0,0.0,1.0,0.0,0.0,1.0,1
"G[1,2](BUN <= 0.567 & Creatinine >= 0.020)
",9999999.000,9999999.000,0.000,1.000,0.000,0,0,1,10,10,1,1,10,0.0,0.0,1.0,0.0,0.0,1.0,1
"G[2,2](((Hgb <= 2.476 | Hct <= 20.695) -> WBC >= 0.303) & Platelets >= 0.939)
",-5825035661726326.000,-20.695,0.000,1.000,0.000,0,0,11,0,0,11,11,0,0.0,0.0,1.0,0.0,0.0,1.0,1
"G[1,2](Platelets <= 134.261 -> WBC >= 0.280)
",9999999.000,9999999.000,0.000,1.000,0.000,0,0,2,9,9,2,2,9,0.0,0.0,1.0,0.0,0.0,1.0,1
"G[0,2](Chloride >= 0.000 & HCO3 >= 0.000)
",9999999.000,9999999.000,0.000,1.000,0.000,0,0,11,0,0,11,11,0,0.0,0.0,1.0,0.0,0.0,1.0,1
"G[1,2](Platelets <= 16.052 -> WBC >= 0.172)
",9999999.000,9999999.000,0.000,1.000,0.000,0,0,2,9,9,2,2,9,0.0,0.0,1.0,0.0,0.0,1.0,1
"G[0,2](((Calcium <= 5.956 & WBC <= 5.404) & O2Sat >= 0.071) -> EtCO2 >= 0.077)
",9999999.000,9999999.000,0.000,1.000,0.000,0,0,0,11,11,0,0,11,0.0,0.0,0.0,0.0,0.0,1.0,1
"G[2,2](Chloride >= 0.000 & HCO3 >= 0.000)
",0.000,0.000,0.000,1.000,0.000,0,0,11,0,0,11,11,0,0.0,0.0,1.0,0.0,0.0,1.0,1
"G[0,1](BUN <= 6.479 & Creatinine >= 0.003)
",9999999.000,9999999.000,0.000,1.000,0.000,0,0,0,11,11,0,0,11,0.0,0.0,0.0,0.0,0.0,1.0,1
"G[0,1](((Hgb <= 6.143 | Hct <= 8.860) -> WBC >= 0.454) & Platelets >= 3.038)
",9999999.000,9999999.000,0.000,1.000,0.000,0,0,0,11,11,0,0,11,0.0,0.0,0.0,0.0,0.0,1.0,1
"G[1,2](Platelets <= 55.108 -> WBC >= 0.011)
",9999999.000,9999999.000,0.000,1.000,0.000,0,0,2,9,9,2,2,9,0.0,0.0,1.0,0.0,0.0,1.0,1
"G[0,2](Chloride >= 0.000 & HCO3 >= 0.000)
",9999999.000,9999999.000,0.000,1.000,0.000,0,0,11,0,0,11,11,0,0.0,0.0,1.0,0.0,0.0,1.0,1
"G[2,2](BUN <= 5.213 & Creatinine >= 0.013)
",-0.013,-0.013,0.000,1.000,0.000,0,0,11,0,0,11,11,0,0.0,0.0,1.0,0.0,0.0,1.0,1
"G[0,2](((Hgb <= 4.312 | Hct <= 25.645) -> WBC >= 0.040) & Platelets >= 6.502)
",9999999.000,9999999.000,0.000,1.000,0.000,0,0,0,11,11,0,0,11,0.0,0.0,0.0,0.0,0.0,1.0,1
"G[0,2](BUN <= 6.463 & Creatinine >= 0.013)
",9999999.000,9999999.000,0.000,1.000,0.000,0,0,0,11,11,0,0,11,0.0,0.0,0.0,0.0,0.0,1.0,1
"G[2,2](Platelets <= 173.651 -> WBC >= 0.095)
",-6109813081757298.000,-173.651,0.000,1.000,0.000,0,0,11,0,0,11,11,0,0.0,0.0,1.0,0.0,0.0,1.0,1
"G[0,2](((Hgb <= 10.982 | Hct <= 26.266) -> WBC >= 0.151) & Platelets >= 4.003)
",9999999.000,9999999.000,0.000,1.000,0.000,0,0,0,11,11,0,0,11,0.0,0.0,0.0,0.0,0.0,1.0,1
"G[1,2](BUN <= 4.817 & Creatinine >= 0.027)
",9999999.000,9999999.000,0.000,1.000,0.000,0,0,1,10,10,1,1,10,0.0,0.0,1.0,0.0,0.0,1.0,1
"G[2,2](Chloride >= 0.000 & HCO3 >= 0.000)
",0.000,0.000,0.000,1.000,0.000,0,0,11,0,0,11,11,0,0.0,0.0,1.0,0.0,0.0,1.0,1
"G[0,2]((Hct <= 25.685 | Resp <= 15.827) | FiO2 <= 15.797)
",9999999.000,9999999.000,0.000,1.000,0.000,0,0,11,0,0,11,11,0,0.0,0.0,1.0,0.0,0.0,1.0,1
"G[1,2](((HCO3 <= 0.000 | Potassium <= 1.492) & MAP >= 0.042) & Alkalinephos <= 2.758)
",9999999.000,9999999.000,0.000,1.000,0.000,0,0,11,0,0,11,11,0,0.0,0.0,1.0,0.0,0.0,1.0,1
"F[0,1](((Temp <= 34.121 | HCO3 >= 0.000) | TroponinI >= 0.000) | Bilirubin_direct >= 0.000)
",-9999999.000,-9999999.000,0.000,0.000,1.000,0,0,0,11,11,0,0,11,0.0,0.0,0.0,0.0,0.0,1.0,-1
"G[0,1]((Temp <= 33.203 & Hct >= 1.080) & Potassium >= 0.375)
",9999999.000,9999999.000,0.000,1.000,0.000,0,0,0,11,11,0,0,11,0.0,0.0,0.0,0.0,0.0,1.0,1
"G[1,2](((Temp <= 34.474 & TroponinI <= 0.000) -> Lactate <= 0.000) & Alkalinephos <= 0.000)
",9999999.000,9999999.000,0.000,1.000,0.000,0,0,11,0,0,11,11,0,0.0,0.0,1.0,0.0,0.0,1.0,1
"G[1,2]((BUN <= 8.948 -> Phosphate >= 0.000) | Phosphate >= 0.000)
",9999999.000,9999999.000,0.000,1.000,0.000,0,0,11,0,0,11,11,0,0.0,0.0,1.0,0.0,0.0,1.0,1
"G[1,2](PaCO2 >= 3.841 & Resp >= 14.344)
",9999999.000,9999999.000,0.000,1.000,0.000,0,0,2,9,9,2,2,9,0.0,0.0,1.0,0.0,0.0,1.0,1
"G[2,2](((Bilirubin_total >= 0.000 & BUN <= 8.009) | Alkalinephos <= 5.179) & SaO2 <= 7.078)
",5.179,5.179,0.000,1.000,0.000,0,0,11,0,0,11,11,0,0.0,0.0,1.0,0.0,0.0,1.0,1
"G[1,2]((Chloride <= 0.000 -> Glucose >= 3.021) | DBP >= 68.404)
",9999999.000,9999999.000,0.000,1.000,0.000,0,0,10,1,1,10,10,1,0.0,0.0,1.0,0.0,0.0,1.0,1
"G[1,2]((Creatinine >= 0.005 & Bilirubin_direct <= 0.000) & MAP <= 0.000)
",9999999.000,9999999.000,0.000,1.000,0.000,0,0,1,10,10,1,1,10,0.0,0.0,1.0,0.0,0.0,1.0,1
"G[0,2](((TroponinI >= 0.000 -> PaCO2 >= 2.057) | Bilirubin_total <= 28.283) | Bilirubin_total >= 4.000)
",9999999.000,9999999.000,0.000,1.000,0.000,0,0,11,0,0,11,11,0,0.0,0.0,1.0,0.0,0.0,1.0,1
"G[0,2]((Magnesium >= 0.093 -> PTT >= 0.000) -> pH >= 0.000)
",9999999.000,9999999.000,0.000,1.000,0.000,0,0,11,0,0,11,11,0,0.0,0.0,1.0,0.0,0.0,1.0,1
"G[0,2]((Chloride >= 0.000 & Hgb >= 0.103) | WBC >= 0.103)
",9999999.000,9999999.000,0.000,1.000,0.000,0,0,0,11,11,0,0,11,0.0,0.0,0.0,0.0,0.0,1.0,1
"G[1,2]((TroponinI >= 0.000 & SepsisLabel >= 0.000) & EtCO2 <= 0.000)
",9999999.000,9999999.000,0.000,1.000,0.000,0,0,11,0,0,11,11,0,0.0,0.0,1.0,0.0,0.0,1.0,1
"G[1,2](((Hct <= 3.129 | Chloride >= 0.000) -> Phosphate >= 0.000) & Phosphate >= 0.000)
",9999999.000,9999999.000,0.000,1.000,0.000,0,0,11,0,0,11,11,0,0.0,0.0,1.0,0.0,0.0,1.0,1
"G[1,2](AST <= 0.000 | DBP >= 42.555)
",9999999.000,9999999.000,0.000,1.000,0.000,0,0,11,0,0,11,11,0,0.0,0.0,1.0,0.0,0.0,1.0,1
"G[2,2]((FiO2 >= 0.004 -> FiO2 <= 0.244) | AST >= 0.021)
",-0.021,-0.021,0.000,1.000,0.000,0,0,11,0,0,11,11,0,0.0,0.0,1.0,0.0,0.0,1.0,1
"G[0,2](Fibrinogen <= 0.000 & Hgb <= 7.754)
",9999999.000,9999999.000,0.000,1.000,0.000,0,0,10,1,1,10,10,1,0.0,0.0,1.0,0.0,0.0,1.0,1
"G[0,0]((SaO2 <= 38.557 -> Magnesium >= 0.061) & DBP >= 0.055)
",-3.151,-34.868,0.000,1.000,0.000,0,0,0,11,11,0,0,11,0.0,0.0,0.0,0.0,0.0,1.0,1
"G[0,2](((AST >= 0.000 | TroponinI >= 0.000) | EtCO2 >= 0.000) -> AST <= 0.000)
",9999999.000,9999999.000,0.000,1.000,0.000,0,0,11,0,0,11,11,0,0.0,0.0,1.0,0.0,0.0,1.0,1
"G[0,2](((Creatinine >= 0.001 | Temp >= 22.450) | Potassium <= 35.726) -> Temp <= 35.927)
",9999999.000,9999999.000,0.000,1.000,0.000,0,0,2,9,9,2,2,9,0.0,0.0,1.0,0.0,0.0,1.0,1
"G[0,2]((Temp >= 23.468 -> pH >= 0.270) & PaCO2 >= 0.508)
",9999999.000,9999999.000,0.000,1.000,0.000,0,0,0,11,11,0,0,11,0.0,0.0,0.0,0.0,0.0,1.0,1
"G[1,2]((AST <= 0.000 -> Bilirubin_direct >= 0.000) -> pH <= 0.000)
",9999999.000,9999999.000,0.000,1.000,0.000,0,0,9,2,2,9,9,2,0.0,0.0,1.0,0.0,0.0,1.0,1
"G[0,2](((BUN >= 0.250 & EtCO2 <= 0.000) -> BUN >= 0.000) | FiO2 >= 0.000)
",9999999.000,9999999.000,0.000,1.000,0.000,0,0,11,0,0,11,11,0,0.0,0.0,1.0,0.0,0.0,1.0,1
"G[0,2]((SepsisLabel >= 0.000 & BaseExcess <= 0.000) | Potassium <= 0.000)
",9999999.000,9999999.000,0.000,1.000,0.000,0,0,11,0,0,11,11,0,0.0,0.0,1.0,0.0,0.0,1.0,1
"G[1,2](PTT <= 0.000 -> HR >= 61.953)
",9999999.000,9999999.000,0.000,1.000,0.000,0,0,11,0,0,11,11,0,0.0,0.0,1.0,0.0,0.0,1.0,1
"G[0,2]((Fibrinogen <= 0.000 & FiO2 >= 0.031) | Resp <= 0.054)
",9999999.000,9999999.000,0.000,1.000,0.000,0,0,1,10,10,1,1,10,0.0,0.0,1.0,0.0,0.0,1.0,1
"G[0,2](((HCO3 <= 0.000 & Calcium >= 0.407) & Alkalinephos >= 0.424) -> DBP >= 0.100)
",9999999.000,9999999.000,0.000,1.000,0.000,0,0,11,0,0,11,11,0,0.0,0.0,1.0,0.0,0.0,1.0,1
"G[0,2](((pH >= 0.302 -> BaseExcess >= 0.000) & Phosphate <= 0.000) | Phosphate >= 0.000)
",9999999.000,9999999.000,0.000,1.000,0.000,0,0,11,0,0,11,11,0,0.0,0.0,1.0,0.0,0.0,1.0,1
"G[0,2](SaO2 <= 23.840 & FiO2 <= 0.238)
",9999999.000,9999999.000,0.000,1.000,0.000,0,0,9,2,2,9,9,2,0.0,0.0,1.0,0.0,0.0,1.0,1
"G[1,2](Hct <= 22.742 & DBP >= 41.683)
",9999999.000,9999999.000,0.000,1.000,0.000,0,0,10,1,1,10,10,1,0.0,0.0,1.0,0.0,0.0,1.0,1
"G[0,2](((PaCO2 >= 0.055 | EtCO2 <= 0.000) & Alkalinephos <= 0.000) & Platelets <= 0.000)
",9999999.000,9999999.000,0.000,1.000,0.000,0,0,10,1,1,10,10,1,0.0,0.0,1.0,0.0,0.0,1.0,1
"G[1,2](((SaO2 <= 90.207 | SaO2 >= 7.031) & Lactate <= 23.235) | SepsisLabel >= 9.088)
",9999999.000,9999999.000,0.000,1.000,0.000,0,0,11,0,0,11,11,0,0.0,0.0,1.0,0.0,0.0,1.0,1
"G[0,2](((Glucose >= 64.293 | Glucose >= 39.369) & Hgb >= 62.281) & Bilirubin_total >= 70.418)
",9999999.000,9999999.000,0.000,1.000,0.000,0,0,0,11,11,0,0,11,0.0,0.0,0.0,0.0,0.0,1.0,1
"G[1,2]((Calcium <= 6.437 -> Alkalinephos <= 0.000) & PaCO2 <= 0.000)
",9999999.000,9999999.000,0.000,1.000,0.000,0,0,9,2,2,9,9,2,0.0,0.0,1.0,0.0,0.0,1.0,1
"G[2,2]((pH <= 5.723 & Temp >= 4.419) -> HR <= 33.443)
",-33.443,-33.443,0.000,1.000,0.000,0,0,11,0,0,11,11,0,0.0,0.0,1.0,0.0,0.0,1.0,1
"G[1,2](((Hgb >= 0.058 & Hct >= 1.492) -> Calcium <= 21.445) | AST <= 9.345)
",9999999.000,9999999.000,0.000,1.000,0.000,0,0,11,0,0,11,11,0,0.0,0.0,1.0,0.0,0.0,1.0,1
"G[1,2](Hgb >= 0.029 & Creatinine >= 0.024)
",9999999.000,9999999.000,0.000,1.000,0.000,0,0,2,9,9,2,2,9,0.0,0.0,1.0,0.0,0.0,1.0,1
"G[1,2]((SBP <= 160.757 -> HCO3 <= 0.000) | Temp <= 0.000)
",9999999.000,9999999.000,0.000,1.000,0.000,0,0,11,0,0,11,11,0,0.0,0.0,1.0,0.0,0.0,1.0,1
"G[1,2]((O2Sat <= 97.048 & Platelets <= 54.853) | FiO2 >= 8.510)
",9999999.000,9999999.000,0.000,1.000,0.000,0,0,5,6,6,5,5,6,0.0,0.0,1.0,0.0,0.0,1.0,1
"G[0,2]((BaseExcess >= 0.000 -> DBP >= 57.210) -> TroponinI >= 7.055)
",9999999.000,9999999.000,0.000,1.000,0.000,0,0,0,11,11,0,0,11,0.0,0.0,0.0,0.0,0.0,1.0,1
"G[0,1](((Bilirubin_direct >= 0.000 & pH <= 3.018) & BaseExcess >= 0.469) | Hct >= 0.564)
",9999999.000,9999999.000,0.000,1.000,0.000,0,0,0,11,11,0,0,11,0.0,0.0,0.0,0.0,0.0,1.0,1
"G[1,2]((BaseExcess <= 0.000 -> Bilirubin_total >= 0.000) & BUN <= 0.000)
",9999999.000,9999999.000,0.000,1.000,0.000,0,0,10,1,1,10,10,1,0.0,0.0,1.0,0.0,0.0,1.0,1
"G[0,2](Fibrinogen >= 0.000 -> Glucose <= 94.773)
",9999999.000,9999999.000,0.000,1.000,0.000,0,0,1,10,10,1,1,10,0.0,0.0,1.0,0.0,0.0,1.0,1
"G[1,2](SBP <= 133.532 & HCO3 >= 0.000)
",9999999.000,9999999.000,0.000,1.000,0.000,0,0,5,6,6,5,5,6,0.0,0.0,1.0,0.0,0.0,1.0,1
"G[1,1]((Resp >= 10.992 | Hct >= 1.327) & Alkalinephos >= 0.106)
",-1.327,-1.327,0.000,1.000,0.000,0,0,1,10,10,1,1,10,0.0,0.0,1.0,0.0,0.0,1.0,1
"G[0,2]((TroponinI <= 0.000 & Calcium <= 5.054) & Alkalinephos <= 6.036)
",9999999.000,9999999.000,0.000,1.000,0.000,0,0,10,1,1,10,10,1,0.0,0.0,1.0,0.0,0.0,1.0,1
"G[1,2](SaO2 <= 14.174 & Lactate <= 0.377)
",9999999.000,9999999.000,0.000,1.000,0.000,0,0,9,2,2,9,9,2,0.0,0.0,1.0,0.0,0.0,1.0,1
"G[0,2](((SaO2 <= 15.893 | FiO2 <= 0.388) -> Fibrinogen >= 0.008) & Calcium >= 0.033)
",9999999.000,9999999.000,0.000,1.000,0.000,0,0,0,11,11,0,0,11,0.0,0.0,0.0,0.0,0.0,1.0,1
"G[0,2](BaseExcess <= 0.000 & SaO2 <= 13.256)
",9999999.000,9999999.000,0.000,1.000,0.000,0,0,9,2,2,9,9,2,0.0,0.0,1.0,0.0,0.0,1.0,1
"G[1,2](Potassium >= 0.131 -> DBP <= 83.877)
",9999999.000,9999999.000,0.000,1.000,0.000,0,0,9,2,2,9,9,2,0.0,0.0,1.0,0.0,0.0,1.0,1
"G[1,2](((Hgb >= 0.428 -> BUN >= 0.086) | PaCO2 >= 0.326) | Alkalinephos >= 0.031)
",9999999.000,9999999.000,0.000,1.000,0.000,0,0,11,0,0,11,11,0,0.0,0.0,1.0,0.0,0.0,1.0,1
"G[0,1](((AST >= 0.000 -> Lactate >= 0.075) | EtCO2 <= 0.406) -> WBC >= 0.064)
",9999999.000,9999999.000,0.000,1.000,0.000,0,0,0,11,11,0,0,11,0.0,0.0,0.0,0.0,0.0,1.0,1
"G[1,2](((BUN >= 0.412 & Creatinine >= 0.011) | Bilirubin_direct >= 0.023) -> AST >= 0.009)
",9999999.000,9999999.000,0.000,1.000,0.000,0,0,10,1,1,10,10,1,0.0,0.0,1.0,0.0,0.0,1.0,1
"G[1,2](((SBP <= 127.140 | SBP <= 131.830) & Calcium >= 61.325) | Glucose <= 162.614)
",9999999.000,9999999.000,0.000,1.000,0.000,0,0,11,0,0,11,11,0,0.0,0.0,1.0,0.0,0.0,1.0,1
"G[0,2](Alkalinephos >= 0.000 -> EtCO2 <= 0.000)
",9999999.000,9999999.000,0.000,1.000,0.000,0,0,11,0,0,11,11,0,0.0,0.0,1.0,0.0,0.0,1.0,1
"G[1,2](WBC >= 0.038 & FiO2 >= 0.002)
",9999999.000,9999999.000,0.000,1.000,0.000,0,0,1,10,10,1,1,10,0.0,0.0,1.0,0.0,0.0,1.0,1
"G[2,2](SBP >= 84.931 & HCO3 >= 0.000)
",-84.931,-84.931,0.000,1.000,0.000,0,0,11,0,0,11,11,0,0.0,0.0,1.0,0.0,0.0,1.0,1
"G[0,1](((Resp >= 2.891 & MAP <= 115.759) & Alkalinephos >= 37.896) & AST >= 24.234)
",9999999.000,9999999.000,0.000,1.000,0.000,0,0,0,11,11,0,0,11,0.0,0.0,0.0,0.0,0.0,1.0,1
"G[2,2](((WBC >= 0.345 & HR >= 39.041) & Fibrinogen >= 65.019) & Bilirubin_total <= 83.594)
",-65.019,-65.019,0.000,1.000,0.000,0,0,11,0,0,11,11,0,0.0,0.0,1.0,0.0,0.0,1.0,1
"G[1,2](Platelets <= 96.841 -> WBC >= 0.064)
",9999999.000,9999999.000,0.000,1.000,0.000,0,0,2,9,9,2,2,9,0.0,0.0,1.0,0.0,0.0,1.0,1
"G[0,1](((Hgb <= 5.007 | Hct <= 10.502) -> WBC >= 0.356) & Platelets >= 0.832)
",9999999.000,9999999.000,0.000,1.000,0.000,0,0,0,11,11,0,0,11,0.0,0.0,0.0,0.0,0.0,1.0,1
"G[1,2](BUN <= 8.208 & Creatinine >= 0.004)
",9999999.000,9999999.000,0.000,1.000,0.000,0,0,1,10,10,1,1,10,0.0,0.0,1.0,0.0,0.0,1.0,1
"G[0,2](((EtCO2 <= 0.000 | PaCO2 >= 3.488) -> AST <= 12.241) | Phosphate <= 7.101)
",9999999.000,9999999.000,0.000,1.000,0.000,0,0,11,0,0,11,11,0,0.0,0.0,1.0,0.0,0.0,1.0,1
"F[1,1](((MAP <= 122.676 -> Glucose >= 40.519) -> Resp <= 119.667) | Chloride >= 31.441)
",-31.441,-31.441,0.000,0.000,1.000,0,0,0,11,11,0,0,11,0.0,0.0,0.0,0.0,0.0,1.0,-1
"F[1,1](PaCO2 <= 46.813 | MAP >= 23.363)
",46.813,46.813,0.000,0.000,1.000,0,0,0,11,11,0,0,11,0.0,0.0,0.0,0.0,0.0,1.0,-1
"F[1,2](((AST >= 0.000 -> HR <= 85.201) -> Chloride >= 29.565) | PaCO2 >= 72.008)
",-9999999.000,-9999999.000,0.000,0.000,1.000,0,0,0,11,11,0,0,11,0.0,0.0,0.0,0.0,0.0,1.0,-1
"F[2,2](pH >= 0.266 -> Chloride <= 0.000)
",0.000,0.000,0.000,0.000,1.000,0,0,0,11,11,0,0,11,0.0,0.0,0.0,0.0,0.0,1.0,-1
"F[0,2]((HR <= 91.259 & PaCO2 >= 2.724) | SaO2 >= 1.481)
",-9999999.000,-9999999.000,0.000,0.000,1.000,0,0,0,11,11,0,0,11,0.0,0.0,0.0,0.0,0.0,1.0,-1
"F[0,0](Bilirubin_direct <= 0.000 -> SaO2 <= 76.918)
",-5.800,-72.738,0.000,0.000,1.000,0,0,0,11,11,0,0,11,0.0,0.0,0.0,0.0,0.0,1.0,-1
"F[1,1]((Bilirubin_total <= 0.000 -> Chloride <= 0.000) | SepsisLabel >= 0.000)
",0.000,0.000,0.000,0.000,1.000,0,0,0,11,11,0,0,11,0.0,0.0,0.0,0.0,0.0,1.0,-1
"F[0,2](((HCO3 <= 0.000 & Creatinine <= 0.439) -> SaO2 <= 0.134) -> Chloride >= 0.002)
",-9999999.000,-9999999.000,0.000,0.000,1.000,0,0,0,11,11,0,0,11,0.0,0.0,0.0,0.0,0.0,1.0,-1
"((AST <= 0.000) U[1,2] (TroponinI <= 0.000))
",-9999999.000,-9999999.000,0.000,0.000,1.000,0,0,0,11,11,0,0,11,0.0,0.0,0.0,0.0,0.0,1.0,-1
"((EtCO2 <= 0.000) U[0,1] (Chloride <= 0.000))
",-9999999.000,-9999999.000,0.000,0.000,1.000,0,0,0,11,11,0,0,11,0.0,0.0,0.0,0.0,0.0,1.0,-1
"F[1,2](((PaCO2 <= 18.346 | SBP <= 139.765) & Potassium >= 66.113) | Magnesium <= 144.680)
",-9999999.000,-9999999.000,0.000,0.000,1.000,0,0,0,11,11,0,0,11,0.0,0.0,0.0,0.0,0.0,1.0,-1
"F[0,2]((SepsisLabel <= 0.000 & PTT <= 0.000) | Potassium <= 0.000)
",-9999999.000,-9999999.000,0.000,0.000,1.000,0,0,0,11,11,0,0,11,0.0,0.0,0.0,0.0,0.0,1.0,-1
"G[1,2](pH <= 3.641 | DBP <= 92.987)
",9999999.000,9999999.000,0.000,1.000,0.000,0,0,10,1,1,10,10,1,0.0,0.0,1.0,0.0,0.0,1.0,1
"F[0,0](((Temp >= 31.284 & Bilirubin_direct >= 0.000) | Lactate <= 0.000) | EtCO2 <= 0.000)
",0.333,0.058,0.000,0.000,1.000,0,0,0,11,11,0,0,11,0.0,0.0,0.0,0.0,0.0,1.0,-1
"G[2,2](Chloride >= 0.000 & HCO3 >= 0.000)
",0.000,0.000,0.000,1.000,0.000,0,0,11,0,0,11,11,0,0.0,0.0,1.0,0.0,0.0,1.0,1
"G[0,2]((SepsisLabel >= 0.000 -> TroponinI <= 0.000) | BaseExcess <= 0.000)
",9999999.000,9999999.000,0.000,1.000,0.000,0,0,11,0,0,11,11,0,0.0,0.0,1.0,0.0,0.0,1.0,1
"G[0,2]((Fibrinogen <= 0.000 | BUN >= 0.324) -> O2Sat >= 0.315)
",9999999.000,9999999.000,0.000,1.000,0.000,0,0,10,1,1,10,10,1,0.0,0.0,1.0,0.0,0.0,1.0,1
"G[1,2]((HCO3 >= 0.000 -> EtCO2 >= 0.000) | O2Sat >= 0.000)
",9999999.000,9999999.000,0.000,1.000,0.000,0,0,11,0,0,11,11,0,0.0,0.0,1.0,0.0,0.0,1.0,1
"G[1,2]((FiO2 <= 0.352 & EtCO2 >= 0.000) | AST <= 0.000)
",9999999.000,9999999.000,0.000,1.000,0.000,0,0,11,0,0,11,11,0,0.0,0.0,1.0,0.0,0.0,1.0,1
"G[1,2](((Fibrinogen >= 0.000 | Calcium >= 0.191) & O2Sat <= 3.280) -> AST <= 6.425)
",9999999.000,9999999.000,0.000,1.000,0.000,0,0,11,0,0,11,11,0,0.0,0.0,1.0,0.0,0.0,1.0,1
"G[1,2](((Phosphate <= 0.000 & FiO2 >= 0.029) -> PaCO2 >= 0.013) & SBP >= 0.033)
",9999999.000,9999999.000,0.000,1.000,0.000,0,0,11,0,0,11,11,0,0.0,0.0,1.0,0.0,0.0,1.0,1
"G[2,2]((Potassium <= 0.950 | BaseExcess >= 0.000) & SaO2 >= 0.000)
",0.000,0.000,0.000,1.000,0.000,0,0,11,0,0,11,11,0,0.0,0.0,1.0,0.0,0.0,1.0,1
"G[1,2](((SBP <= 162.635 & WBC >= 0.024) | pH <= 3.440) & SBP <= 9.660)
",9999999.000,9999999.000,0.000,1.000,0.000,0,0,1,10,10,1,1,10,0.0,0.0,1.0,0.0,0.0,1.0,1
"G[1,2](((SaO2 <= 22.646 -> Magnesium <= 0.907) | Hct >= 0.040) | Hct <= 1.629)
",9999999.000,9999999.000,0.000,1.000,0.000,0,0,11,0,0,11,11,0,0.0,0.0,1.0,0.0,0.0,1.0,1
"G[0,2]((Hct <= 3.988 | AST <= 0.000) & O2Sat <= 0.000)
",9999999.000,9999999.000,0.000,1.000,0.000,0,0,0,11,11,0,0,11,0.0,0.0,0.0,0.0,0.0,1.0,1
"G[1,2]((WBC <= 4.075 & BUN >= 0.181) | HR <= 2.286)
",9999999.000,9999999.000,0.000,1.000,0.000,0,0,1,10,10,1,1,10,0.0,0.0,1.0,0.0,0.0,1.0,1
"F[1,2](BUN >= 0.193 -> Bilirubin_total >= 0.000)
",-9999999.000,-9999999.000,0.000,0.000,1.000,0,0,0,11,11,0,0,11,0.0,0.0,0.0,0.0,0.0,1.0,-1
"F[1,2]((BUN <= 7.567 & MAP <= 100.431) & pH <= 103.156)
",-9999999.000,-9999999.000,0.000,0.000,1.000,0,0,0,11,11,0,0,11,0.0,0.0,0.0,0.0,0.0,1.0,-1
"G[1,2](((Lactate <= 0.711 & PaCO2 <= 42.375) | WBC >= 3.995) | O2Sat >= 1.492)
",9999999.000,9999999.000,0.000,1.000,0.000,0,0,11,0,0,11,11,0,0.0,0.0,1.0,0.0,0.0,1.0,1
"F[0,1]((pH <= 3.030 | Lactate >= 0.007) | pH >= 0.052)
",-9999999.000,-9999999.000,0.000,0.000,1.000,0,0,0,11,11,0,0,11,0.0,0.0,0.0,0.0,0.0,1.0,-1
"F[2,2](((FiO2 <= 0.306 -> Bilirubin_direct <= 0.000) -> Resp >= 0.000) -> PTT <= 0.000)
",0.000,0.000,0.000,0.000,1.000,0,0,0,11,11,0,0,11,0.0,0.0,0.0,0.0,0.0,1.0,-1
"F[1,2](SBP <= 146.714 & HR >= 24.139)
",-9999999.000,-9999999.000,0.000,0.000,1.000,0,0,0,11,11,0,0,11,0.0,0.0,0.0,0.0,0.0,1.0,-1
"F[0,2](WBC <= 5.635 -> MAP >= 26.856)
",-9999999.000,-9999999.000,0.000,0.000,1.000,0,0,0,11,11,0,0,11,0.0,0.0,0.0,0.0,0.0,1.0,-1
"F[0,1](((Creatinine <= 0.530 | Chloride >= 0.000) & TroponinI >= 0.000) & Phosphate <= 0.000)
",-9999999.000,-9999999.000,0.000,0.000,1.000,0,0,0,11,11,0,0,11,0.0,0.0,0.0,0.0,0.0,1.0,-1
"F[1,1](((TroponinI <= 0.000 | Hct >= 0.979) & HR <= 27.833) -> pH >= 0.074)
",0.000,0.000,0.000,0.000,1.000,0,0,0,11,11,0,0,11,0.0,0.0,0.0,0.0,0.0,1.0,-1
"F[0,2](((Phosphate <= 0.000 -> Platelets >= 3.350) -> SepsisLabel >= 5.754) -> Fibrinogen >= 4.031)
",-9999999.000,-9999999.000,0.000,0.000,1.000,0,0,0,11,11,0,0,11,0.0,0.0,0.0,0.0,0.0,1.0,-1
"F[1,2](O2Sat <= 94.203 | SepsisLabel <= 0.000)
",-9999999.000,-9999999.000,0.000,0.000,1.000,0,0,0,11,11,0,0,11,0.0,0.0,0.0,0.0,0.0,1.0,-1
"((O2Sat >= 49.351) U[0,2] (Potassium >= 0.067))
",-9999999.000,-9999999.000,0.000,0.000,1.000,0,0,0,11,11,0,0,11,0.0,0.0,0.0,0.0,0.0,1.0,-1
"F[1,2](((SepsisLabel <= 0.000 | Resp >= 0.294) | Lactate <= 20.215) -> FiO2 >= 9.102)
",-9999999.000,-9999999.000,0.000,0.000,1.000,0,0,0,11,11,0,0,11,0.0,0.0,0.0,0.0,0.0,1.0,-1
"F[2,2](PTT >= 0.000 & Alkalinephos <= 0.000)
",0.000,0.000,0.000,0.000,1.000,0,0,0,11,11,0,0,11,0.0,0.0,0.0,0.0,0.0,1.0,-1
"F[0,0]((Fibrinogen >= 0.000 | WBC <= 1.500) | WBC <= 3.028)
",1.722,3.756,0.000,0.000,1.000,0,0,0,11,11,0,0,11,0.0,0.0,0.0,0.0,0.0,1.0,-1
"F[0,1](WBC <= 2.028 | Calcium >= 0.521)
",-9999999.000,-9999999.000,0.000,0.000,1.000,0,0,0,11,11,0,0,11,0.0,0.0,0.0,0.0,0.0,1.0,-1
"F[0,2]((Magnesium <= 1.117 -> Phosphate >= 0.000) -> FiO2 >= 0.000)
",-9999999.000,-9999999.000,0.000,0.000,1.000,0,0,0,11,11,0,0,11,0.0,0.0,0.0,0.0,0.0,1.0,-1
"G[2,2]((AST >= 0.000 & Lactate <= 0.439) -> Lactate >= 0.028)
",0.000,0.000,0.000,1.000,0.000,0,0,11,0,0,11,11,0,0.0,0.0,1.0,0.0,0.0,1.0,1
"F[0,0](((O2Sat >= 63.116 | WBC <= 10.189) | PaCO2 <= 6.463) | Temp <= 9.938)
",3.653,19.714,0.000,0.000,1.000,0,0,0,11,11,0,0,11,0.0,0.0,0.0,0.0,0.0,1.0,-1
"F[0,1](((AST >= 0.000 | Chloride >= 0.000) -> O2Sat >= 0.000) & Alkalinephos <= 0.000)
",-9999999.000,-9999999.000,0.000,0.000,1.000,0,0,0,11,11,0,0,11,0.0,0.0,0.0,0.0,0.0,1.0,-1
"F[0,1](((Magnesium >= 0.042 & Bilirubin_direct >= 0.000) -> SBP >= 0.000) -> PaCO2 >= 0.000)
",-9999999.000,-9999999.000,0.000,0.000,1.000,0,0,0,11,11,0,0,11,0.0,0.0,0.0,0.0,0.0,1.0,-1
"F[1,1](Creatinine <= 0.296 -> BaseExcess <= 0.000)
",-5338835412707453.000,-0.296,0.000,0.000,1.000,0,0,0,11,11,0,0,11,0.0,0.0,0.0,0.0,0.0,1.0,-1
"F[0,0]((EtCO2 <= 0.000 & Bilirubin_direct >= 0.000) | Chloride >= 0.000)
",0.382,0.990,0.000,0.000,1.000,0,0,0,11,11,0,0,11,0.0,0.0,0.0,0.0,0.0,1.0,-1
"F[0,2](Calcium <= 4.894 & DBP <= 72.519)
",-9999999.000,-9999999.000,0.000,0.000,1.000,0,0,0,11,11,0,0,11,0.0,0.0,0.0,0.0,0.0,1.0,-1
"F[2,2]((PTT <= 0.000 -> EtCO2 <= 0.000) & Magnesium <= 0.000)
",0.000,0.000,0.000,0.000,1.000,0,0,0,11,11,0,0,11,0.0,0.0,0.0,0.0,0.0,1.0,-1
"((SaO2 <= 19.588) U[1,2] (Potassium <= 1.872))
",-9999999.000,-9999999.000,0.000,0.000,1.000,0,0,0,11,11,0,0,11,0.0,0.0,0.0,0.0,0.0,1.0,-1
"F[0,1](((Lactate >= 0.071 & Bilirubin_direct >= 0.000) -> Fibrinogen >= 0.000) | Alkalinephos <= 0.000)
",-9999999.000,-9999999.000,0.000,0.000,1.000,0,0,0,11,11,0,0,11,0.0,0.0,0.0,0.0,0.0,1.0,-1
"F[0,2](((Resp <= 20.160 | Potassium >= 0.503) -> Potassium >= 0.459) | Bilirubin_total <= 3.258)
",-9999999.000,-9999999.000,0.000,0.000,1.000,0,0,0,11,11,0,0,11,0.0,0.0,0.0,0.0,0.0,1.0,-1
"F[0,2]((Phosphate >= 0.000 | EtCO2 <= 0.000) -> Bilirubin_direct >= 0.000)
",-9999999.000,-9999999.000,0.000,0.000,1.000,0,0,0,11,11,0,0,11,0.0,0.0,0.0,0.0,0.0,1.0,-1
"F[0,2](Bilirubin_total <= 0.000 -> Alkalinephos >= 0.000)
",-9999999.000,-9999999.000,0.000,0.000,1.000,0,0,0,11,11,0,0,11,0.0,0.0,0.0,0.0,0.0,1.0,-1
"G[0,0](FiO2 >= 0.009 & Hct <= 34.222)
",-0.009,-0.009,0.000,1.000,0.000,0,0,0,11,11,0,0,11,0.0,0.0,0.0,0.0,0.0,1.0,1
"G[1,2](((AST <= 0.000 -> PaCO2 <= 13.777) & EtCO2 <= 45.612) & SepsisLabel >= 2.595)
",9999999.000,9999999.000,0.000,1.000,0.000,0,0,1,10,10,1,1,10,0.0,0.0,1.0,0.0,0.0,1.0,1
"G[0,2](Lactate >= 0.013 -> WBC >= 0.342)
",9999999.000,9999999.000,0.000,1.000,0.000,0,0,9,2,2,9,9,2,0.0,0.0,1.0,0.0,0.0,1.0,1
"G[2,2](Platelets <= 144.263 -> WBC >= 0.464)
",-5075788829289667.000,-144.263,0.000,1.000,0.000,0,0,11,0,0,11,11,0,0.0,0.0,1.0,0.0,0.0,1.0,1
"G[1,2]((PTT >= 0.000 -> Resp >= 4.842) -> PaCO2 >= 1.887)
",9999999.000,9999999.000,0.000,1.000,0.000,0,0,4,7,7,4,4,7,0.0,0.0,1.0,0.0,0.0,1.0,1
"G[0,1]((AST >= 0.000 & Lactate >= 0.132) & SaO2 <= 0.411)
",9999999.000,9999999.000,0.000,1.000,0.000,0,0,0,11,11,0,0,11,0.0,0.0,0.0,0.0,0.0,1.0,1
"G[1,2]((Hgb >= 0.318 -> Alkalinephos <= 0.000) | DBP <= 0.000)
",9999999.000,9999999.000,0.000,1.000,0.000,0,0,11,0,0,11,11,0,0.0,0.0,1.0,0.0,0.0,1.0,1
"G[1,2](((Phosphate <= 0.000 | Glucose <= 102.843) & TroponinI <= 85.505) -> DBP <= 96.610)
",9999999.000,9999999.000,0.000,1.000,0.000,0,0,10,1,1,10,10,1,0.0,0.0,1.0,0.0,0.0,1.0,1
"G[2,2](EtCO2 >= 0.000 & Lactate <= 0.701)
",0.000,0.000,0.000,1.000,0.000,0,0,11,0,0,11,11,0,0.0,0.0,1.0,0.0,0.0,1.0,1
"G[2,2](((Chloride >= 0.000 | Temp >= 15.794) & Bilirubin_direct <= 34.694) -> pH <= 36.743)
",-36.743,-36.743,0.000,1.000,0.000,0,0,11,0,0,11,11,0,0.0,0.0,1.0,0.0,0.0,1.0,1
"G[1,2](PaCO2 >= 3.257 & Hgb <= 10.163)
",9999999.000,9999999.000,0.000,1.000,0.000,0,0,3,8,8,3,3,8,0.0,0.0,1.0,0.0,0.0,1.0,1
"G[1,2]((HCO3 <= 0.000 & PaCO2 >= 2.061) & MAP <= 45.999)
",9999999.000,9999999.000,0.000,1.000,0.000,0,0,1,10,10,1,1,10,0.0,0.0,1.0,0.0,0.0,1.0,1
"G[1,2](((Platelets >= 2.680 -> PaCO2 <= 9.969) & O2Sat <= 26.039) | HCO3 >= 3.851)
",9999999.000,9999999.000,0.000,1.000,0.000,0,0,1,10,10,1,1,10,0.0,0.0,1.0,0.0,0.0,1.0,1
"G[0,2](((Lactate >= 0.027 -> DBP >= 58.984) & Chloride >= 63.221) -> pH >= 67.244)
",9999999.000,9999999.000,0.000,1.000,0.000,0,0,11,0,0,11,11,0,0.0,0.0,1.0,0.0,0.0,1.0,1
"G[0,2](((Chloride >= 0.000 & Temp >= 25.774) | Platelets <= 34.911) | DBP <= 33.988)
",9999999.000,9999999.000,0.000,1.000,0.000,0,0,11,0,0,11,11,0,0.0,0.0,1.0,0.0,0.0,1.0,1
"G[1,2]((Chloride >= 0.000 | Potassium >= 0.585) -> Hgb >= 0.526)
",9999999.000,9999999.000,0.000,1.000,0.000,0,0,2,9,9,2,2,9,0.0,0.0,1.0,0.0,0.0,1.0,1
"G[0,2]((Fibrinogen >= 0.000 -> Phosphate <= 0.000) -> Chloride <= 0.000)
",9999999.000,9999999.000,0.000,1.000,0.000,0,0,11,0,0,11,11,0,0.0,0.0,1.0,0.0,0.0,1.0,1
"G[0,2](((FiO2 >= 0.038 -> Hct <= 13.024) -> Platelets <= 34.386) -> BaseExcess <= 31.195)
",9999999.000,9999999.000,0.000,1.000,0.000,0,0,11,0,0,11,11,0,0.0,0.0,1.0,0.0,0.0,1.0,1
"G[0,2](((Bilirubin_direct <= 0.000 | pH <= 3.320) & PTT >= 0.228) | Calcium >= 0.106)
",9999999.000,9999999.000,0.000,1.000,0.000,0,0,0,11,11,0,0,11,0.0,0.0,0.0,0.0,0.0,1.0,1
"G[0,2](Calcium <= 7.467 & Glucose >= 39.995)
",9999999.000,9999999.000,0.000,1.000,0.000,0,0,3,8,8,3,3,8,0.0,0.0,1.0,0.0,0.0,1.0,1
"G[2,2](FiO2 >= 0.015 | WBC >= 0.121)
",-8891046873220382.000,-0.015,0.000,1.000,0.000,0,0,11,0,0,11,11,0,0.0,0.0,1.0,0.0,0.0,1.0,1
"G[1,2](((HR >= 11.695 -> Lactate <= 0.919) -> Hct >= 0.015) -> Hgb >= 0.005)
",9999999.000,9999999.000,0.000,1.000,0.000,0,0,9,2,2,9,9,2,0.0,0.0,1.0,0.0,0.0,1.0,1
"G[1,1]((EtCO2 >= 0.000 | HR <= 92.251) & SepsisLabel >= 77.338)
",-77.338,-77.338,0.000,1.000,0.000,0,0,1,10,10,1,1,10,0.0,0.0,1.0,0.0,0.0,1.0,1
"G[1,2](BUN <= 0.558 | MAP >= 90.849)
",9999999.000,9999999.000,0.000,1.000,0.000,0,0,11,0,0,11,11,0,0.0,0.0,1.0,0.0,0.0,1.0,1
"G[0,1](((Hgb >= 0.222 & O2Sat >= 91.482) -> FiO2 <= 98.947) & Bilirubin_direct >= 63.303)
",9999999.000,9999999.000,0.000,1.000,0.000,0,0,0,11,11,0,0,11,0.0,0.0,0.0,0.0,0.0,1.0,1
"G[0,1]((Magnesium >= 0.022 -> O2Sat <= 99.821) -> Potassium >= 57.060)
",9999999.000,9999999.000,0.000,1.000,0.000,0,0,0,11,11,0,0,11,0.0,0.0,0.0,0.0,0.0,1.0,1
"G[0,2](BUN <= 1.813 | SBP >= 12.038)
",9999999.000,9999999.000,0.000,1.000,0.000,0,0,11,0,0,11,11,0,0.0,0.0,1.0,0.0,0.0,1.0,1
"G[0,2]((BUN <= 2.288 | DBP >= 3.569) -> Glucose >= 1.854)
",9999999.000,9999999.000,0.000,1.000,0.000,0,0,4,7,7,4,4,7,0.0,0.0,1.0,0.0,0.0,1.0,1
"G[1,1](((DBP <= 94.441 -> Temp >= 8.356) | FiO2 <= 36.327) -> HR <= 34.610)
",-5112506416878682.000,-36.327,0.000,1.000,0.000,0,0,1,10,10,1,1,10,0.0,0.0,1.0,0.0,0.0,1.0,1
"G[0,1](((DBP >= 54.030 | O2Sat >= 64.571) & TroponinI >= 74.618) & WBC >= 80.944)
",9999999.000,9999999.000,0.000,1.000,0.000,0,0,0,11,11,0,0,11,0.0,0.0,0.0,0.0,0.0,1.0,1
"G[0,2](((Glucose <= 111.320 & Magnesium <= 0.315) & Hgb >= 0.015) & Platelets <= 0.095)
",9999999.000,9999999.000,0.000,1.000,0.000,0,0,0,11,11,0,0,11,0.0,0.0,0.0,0.0,0.0,1.0,1
"G[1,2](((Bilirubin_total >= 0.000 & BaseExcess <= 0.000) | HCO3 <= 0.000) -> Phosphate <= 0.000)
",9999999.000,9999999.000,0.000,1.000,0.000,0,0,11,0,0,11,11,0,0.0,0.0,1.0,0.0,0.0,1.0,1
"G[1,2](DBP >= 22.014 | Magnesium >= 0.078)
",9999999.000,9999999.000,0.000,1.000,0.000,0,0,11,0,0,11,11,0,0.0,0.0,1.0,0.0,0.0,1.0,1
"G[1,2](DBP <= 72.285 | WBC >= 0.240)
",9999999.000,9999999.000,0.000,1.000,0.000,0,0,5,6,6,5,5,6,0.0,0.0,1.0,0.0,0.0,1.0,1
"G[1,2]((BUN <= 7.250 & PaCO2 <= 43.892) | EtCO2 <= 40.856)
",9999999.000,9999999.000,0.000,1.000,0.000,0,0,11,0,0,11,11,0,0.0,0.0,1.0,0.0,0.0,1.0,1
"G[1,2](((PaCO2 <= 7.711 & WBC >= 0.188) & Resp <= 6.324) & Alkalinephos >= 0.410)
",9999999.000,9999999.000,0.000,1.000,0.000,0,0,1,10,10,1,1,10,0.0,0.0,1.0,0.0,0.0,1.0,1
"G[2,2](Magnesium >= 0.073 -> SaO2 <= 55.801)
",-55.801,-55.801,0.000,1.000,0.000,0,0,11,0,0,11,11,0,0.0,0.0,1.0,0.0,0.0,1.0,1
"G[2,2](((Platelets >= 6.349 -> SaO2 >= 3.487) | O2Sat >= 0.723) & EtCO2 >= 1.016)
",-4574668755882202.000,-1.016,0.000,1.000,0.000,0,0,11,0,0,11,11,0,0.0,0.0,1.0,0.0,0.0,1.0,1
"G[0,2](((pH <= 5.636 & WBC <= 2.722) & PaCO2 >= 0.009) -> Lactate <= 8.489)
",9999999.000,9999999.000,0.000,1.000,0.000,0,0,11,0,0,11,11,0,0.0,0.0,1.0,0.0,0.0,1.0,1
"G[1,2]((Magnesium >= 0.017 | Temp <= 34.489) | SepsisLabel >= 28.869)
",9999999.000,9999999.000,0.000,1.000,0.000,0,0,2,9,9,2,2,9,0.0,0.0,1.0,0.0,0.0,1.0,1
"G[0,2](((Creatinine >= 0.017 -> Temp <= 33.843) | WBC >= 5.625) | O2Sat <= 36.399)
",9999999.000,9999999.000,0.000,1.000,0.000,0,0,11,0,0,11,11,0,0.0,0.0,1.0,0.0,0.0,1.0,1
"G[0,2](Calcium >= 0.505 -> Temp <= 33.006)
",9999999.000,9999999.000,0.000,1.000,0.000,0,0,8,3,3,8,8,3,0.0,0.0,1.0,0.0,0.0,1.0,1
"G[0,2]((PaCO2 >= 4.034 & Temp <= 35.011) | Fibrinogen <= 36.170)
",9999999.000,9999999.000,0.000,1.000,0.000,0,0,11,0,0,11,11,0,0.0,0.0,1.0,0.0,0.0,1.0,1
"G[0,2](((Calcium >= 0.375 & Lactate <= 0.179) | SepsisLabel >= 0.122) -> AST >= 0.087)
",9999999.000,9999999.000,0.000,1.000,0.000,0,0,10,1,1,10,10,1,0.0,0.0,1.0,0.0,0.0,1.0,1
"G[0,2](((Calcium <= 6.410 & PaCO2 >= 0.214) & Hgb <= 29.060) & AST <= 9.385)
",9999999.000,9999999.000,0.000,1.000,0.000,0,0,0,11,11,0,0,11,0.0,0.0,0.0,0.0,0.0,1.0,1
"G[1,2](Calcium <= 7.450 & SaO2 <= 31.441)
",9999999.000,9999999.000,0.000,1.000,0.000,0,0,8,3,3,8,8,3,0.0,0.0,1.0,0.0,0.0,1.0,1
"G[0,2]((FiO2 <= 0.043 -> O2Sat >= 58.303) | Potassium <= 92.903)
",9999999.000,9999999.000,0.000,1.000,0.000,0,0,11,0,0,11,11,0,0.0,0.0,1.0,0.0,0.0,1.0,1
"G[0,1]((Hct <= 19.026 -> HR >= 42.012) & EtCO2 >= 64.994)
",9999999.000,9999999.000,0.000,1.000,0.000,0,0,0,11,11,0,0,11,0.0,0.0,0.0,0.0,0.0,1.0,1
"G[1,2](((BUN <= 2.828 | Glucose >= 40.839) -> PTT <= 86.246) & Phosphate >= 74.755)
",9999999.000,9999999.000,0.000,1.000,0.000,0,0,1,10,10,1,1,10,0.0,0.0,1.0,0.0,0.0,1.0,1
"G[2,2](((Glucose <= 111.888 | SaO2 <= 39.983) | O2Sat <= 17.516) & Glucose <= 36.610)
",5152427143547293.000,36.610,0.000,1.000,0.000,0,0,11,0,0,11,11,0,0.0,0.0,1.0,0.0,0.0,1.0,1
"G[1,2](Platelets <= 39.401 & Resp >= 12.282)
",9999999.000,9999999.000,0.000,1.000,0.000,0,0,7,4,4,7,7,4,0.0,0.0,1.0,0.0,0.0,1.0,1
"G[1,2](((Magnesium <= 0.745 -> Resp >= 9.549) & PaCO2 >= 13.030) -> PTT <= 21.354)
",9999999.000,9999999.000,0.000,1.000,0.000,0,0,11,0,0,11,11,0,0.0,0.0,1.0,0.0,0.0,1.0,1
"G[0,1](((Resp <= 21.456 & WBC >= 0.115) & Glucose <= 6.503) & Calcium <= 6.268)
",9999999.000,9999999.000,0.000,1.000,0.000,0,0,0,11,11,0,0,11,0.0,0.0,0.0,0.0,0.0,1.0,1
"G[0,2](((DBP >= 61.069 | Glucose >= 21.833) | Creatinine <= 100.317) | Temp >= 39.067)
",9999999.000,9999999.000,0.000,1.000,0.000,0,0,11,0,0,11,11,0,0.0,0.0,1.0,0.0,0.0,1.0,1
"G[0,1](((PaCO2 >= 2.237 | SBP >= 19.885) -> MAP >= 34.919) -> Temp >= 100.972)
",9999999.000,9999999.000,0.000,1.000,0.000,0,0,0,11,11,0,0,11,0.0,0.0,0.0,0.0,0.0,1.0,1
"G[2,2](pH <= 7.117 -> SBP <= 158.335)
",-158.335,-158.335,0.000,1.000,0.000,0,0,11,0,0,11,11,0,0.0,0.0,1.0,0.0,0.0,1.0,1
"G[1,1]((Lactate <= 0.475 -> MAP >= 23.326) -> Hct >= 45.359)
",8554501533000494.000,0.475,0.000,1.000,0.000,0,0,1,10,10,1,1,10,0.0,0.0,1.0,0.0,0.0,1.0,1
"G[1,2](((HR <= 86.944 | Lactate >= 0.034) -> Bilirubin_direct <= 0.785) -> Potassium <= 0.899)
",9999999.000,9999999.000,0.000,1.000,0.000,0,0,8,3,3,8,8,3,0.0,0.0,1.0,0.0,0.0,1.0,1
"G[0,2](((Hgb <= 5.245 | Potassium <= 0.635) -> Magnesium >= 0.398) & Fibrinogen <= 2.621)
",9999999.000,9999999.000,0.000,1.000,0.000,0,0,0,11,11,0,0,11,0.0,0.0,0.0,0.0,0.0,1.0,1
"F[0,1](((Platelets >= 1.733 & Platelets >= 0.838) & Fibrinogen <= 26.158) | Bilirubin_direct <= 122.902)
",-9999999.000,-9999999.000,0.000,0.000,1.000,0,0,0,11,11,0,0,11,0.0,0.0,0.0,0.0,0.0,1.0,-1
