Rule,Discrimination Score,Pos Robustness,Neg Robustness,Percent Class +,Percent Class -,TP,TN,FP,FN,Actual Yes,Actual No,Predicted Yes,Predicted No,TPR/Sens,TNR/Spec,FPR,Precision,Accuracy,MCR
"G[0,1]((Calcium <= 2.446 | HR <= 92.138) -> Potassium <= 81.606)
",9999999.000,9999999.000,0.000,1.000,0.000,6,0,0,0,6,0,6,0,1.0,0.0,0.0,1.0,1.0,0.0
"G[1,1]((Glucose >= 0.896 & DBP <= 65.603) | SepsisLabel <= 76.095)
",5354686189000311.000,76.095,0.000,1.000,0.000,6,0,0,0,6,0,6,0,1.0,0.0,0.0,1.0,1.0,0.0
"G[0,1](((HR <= 80.989 & O2Sat >= 52.643) & Magnesium >= 48.492) | Magnesium <= 92.956)
",9999999.000,9999999.000,0.000,1.000,0.000,6,0,0,0,6,0,6,0,1.0,0.0,0.0,1.0,1.0,0.0
"G[0,1]((Temp <= 35.296 & Alkalinephos <= 7.599) | HCO3 <= 8.811)
",9999999.000,9999999.000,0.000,1.000,0.000,6,0,0,0,6,0,6,0,1.0,0.0,0.0,1.0,1.0,0.0
"G[1,1](WBC >= 0.000 | HCO3 >= 0.000)
",0.000,0.000,0.000,1.000,0.000,6,0,0,0,6,0,6,0,1.0,0.0,0.0,1.0,1.0,0.0
"G[1,1]((SepsisLabel >= 0.000 & MAP <= 89.318) -> EtCO2 <= 86.895)
",-86.895,-86.895,0.000,1.000,0.000,6,0,0,0,6,0,6,0,1.0,0.0,0.0,1.0,1.0,0.0
"G[1,1](AST <= 26.155 | PaCO2 >= 0.000)
",26.155,26.155,0.000,1.000,0.000,6,0,0,0,6,0,6,0,1.0,0.0,0.0,1.0,1.0,0.0
"G[0,1]((Chloride >= 0.000 | WBC >= 0.000) -> BaseExcess >= 0.000)
",9999999.000,9999999.000,0.000,1.000,0.000,6,0,0,0,6,0,6,0,1.0,0.0,0.0,1.0,1.0,0.0
"G[1,1](((DBP >= 20.943 & HR <= 78.473) -> Creatinine >= 45.610) | DBP <= 86.750)
",86.750,86.750,0.000,1.000,0.000,6,0,0,0,6,0,6,0,1.0,0.0,0.0,1.0,1.0,0.0
"G[0,0]((SBP <= 108.218 -> SaO2 <= 0.000) | BUN >= 0.000)
",0.000,0.000,0.000,1.000,0.000,6,0,0,0,6,0,6,0,1.0,0.0,0.0,1.0,1.0,0.0
"G[0,1](((MAP <= 79.324 | O2Sat <= 90.687) & FiO2 <= 94.481) -> EtCO2 <= 91.377)
",9999999.000,9999999.000,0.000,1.000,0.000,6,0,0,0,6,0,6,0,1.0,0.0,0.0,1.0,1.0,0.0
"G[1,1](((PTT >= 0.000 -> Bilirubin_total <= 0.152) -> PTT >= 0.012) | Lactate <= 0.049)
",0.049,0.049,0.000,1.000,0.000,6,0,0,0,6,0,6,0,1.0,0.0,0.0,1.0,1.0,0.0
"G[0,1](((Platelets <= 0.000 & PTT >= 0.000) & Glucose <= 0.000) | Hct >= 0.000)
",9999999.000,9999999.000,0.000,1.000,0.000,6,0,0,0,6,0,6,0,1.0,0.0,0.0,1.0,1.0,0.0
"G[0,1](((AST >= 1.945 -> BUN >= 0.186) | BaseExcess <= 4.412) | HCO3 >= 0.286)
",9999999.000,9999999.000,0.000,1.000,0.000,6,0,0,0,6,0,6,0,1.0,0.0,0.0,1.0,1.0,0.0
"G[0,1](((WBC <= 0.000 -> SaO2 <= 0.000) & DBP <= 0.000) | SaO2 >= 0.000)
",9999999.000,9999999.000,0.000,1.000,0.000,6,0,0,0,6,0,6,0,1.0,0.0,0.0,1.0,1.0,0.0
"G[1,1](Creatinine > 0.059 -> SepsisLabel = 0.000)
",0.000,0.000,0.000,1.000,0.000,6,0,0,0,6,0,6,0,1.0,0.0,0.0,1.0,1.0,0.0
"G[0,1]((FiO2 >= 0.000 & pH >= 0.000) | Magnesium >= 0.000)
",9999999.000,9999999.000,0.000,1.000,0.000,6,0,0,0,6,0,6,0,1.0,0.0,0.0,1.0,1.0,0.0
"G[1,1]((Bilirubin_direct >= 0.000 & Alkalinephos >= 4.077) -> PaCO2 >= 4.826)
",4.077,4.077,0.000,1.000,0.000,6,0,0,0,6,0,6,0,1.0,0.0,0.0,1.0,1.0,0.0
"G[0,0](((Creatinine >= 0.013 -> BUN <= 0.990) | Temp >= 0.240) | Bilirubin_direct <= 4.458)
",129.473,94.677,0.000,1.000,0.000,6,0,0,0,6,0,6,0,1.0,0.0,0.0,1.0,1.0,0.0
"G[0,1](((Temp >= 6.420 & EtCO2 <= 0.000) & BUN >= 0.000) | Hct >= 0.000)
",9999999.000,9999999.000,0.000,1.000,0.000,6,0,0,0,6,0,6,0,1.0,0.0,0.0,1.0,1.0,0.0
"G[0,1]((HR <= 86.776 & BUN >= 0.315) -> Hct <= 5.268)
",9999999.000,9999999.000,0.000,1.000,0.000,6,0,0,0,6,0,6,0,1.0,0.0,0.0,1.0,1.0,0.0
"G[1,1](((WBC >= 0.000 -> SaO2 >= 0.000) -> BUN <= 0.000) -> MAP >= 0.000)
",0.000,0.000,0.000,1.000,0.000,6,0,0,0,6,0,6,0,1.0,0.0,0.0,1.0,1.0,0.0
"G[1,1]((DBP <= 72.135 | SepsisLabel <= 0.000) | PaCO2 >= 0.000)
",5076051232999895.000,72.135,0.000,1.000,0.000,6,0,0,0,6,0,6,0,1.0,0.0,0.0,1.0,1.0,0.0
"G[0,1](Glucose >= 1.747 -> Resp >= 10.635)
",9999999.000,9999999.000,0.000,1.000,0.000,6,0,0,0,6,0,6,0,1.0,0.0,0.0,1.0,1.0,0.0
"G[0,1](PTT >= 0.000 & SepsisLabel = 0.000)
",9999999.000,9999999.000,0.000,1.000,0.000,6,0,0,0,6,0,6,0,1.0,0.0,0.0,1.0,1.0,0.0
"G[0,0](Resp <= 17.865 | HCO3 <= 0.000)
",0.000,0.000,0.000,1.000,0.000,6,0,0,0,6,0,6,0,1.0,0.0,0.0,1.0,1.0,0.0
"G[0,1]((BaseExcess >= 0.000 | Temp <= 19.678) & Lactate <= 21.175)
",9999999.000,9999999.000,0.000,1.000,0.000,6,0,0,0,6,0,6,0,1.0,0.0,0.0,1.0,1.0,0.0
"G[0,1](Creatinine <= 0.707 | HCO3 >= 0.000)
",9999999.000,9999999.000,0.000,1.000,0.000,6,0,0,0,6,0,6,0,1.0,0.0,0.0,1.0,1.0,0.0
"G[0,1](((EtCO2 <= 0.000 & Hct <= 0.000) & Fibrinogen >= 0.000) & DBP >= 0.000)
",9999999.000,9999999.000,0.000,1.000,0.000,6,0,0,0,6,0,6,0,1.0,0.0,0.0,1.0,1.0,0.0
"G[1,1](Magnesium >= 0.016 -> Magnesium >= 0.135)
",0.016,0.016,0.000,1.000,0.000,6,0,0,0,6,0,6,0,1.0,0.0,0.0,1.0,1.0,0.0
"G[1,1]((Alkalinephos <= 64.803 | SaO2 >= 0.000) | Potassium >= 0.000)
",64.803,64.803,0.000,1.000,0.000,6,0,0,0,6,0,6,0,1.0,0.0,0.0,1.0,1.0,0.0
"G[0,0](Phosphate >= 0.250 -> pH >= 0.000)
",0.000,0.000,0.000,1.000,0.000,6,0,0,0,6,0,6,0,1.0,0.0,0.0,1.0,1.0,0.0
"G[0,0]((O2Sat <= 93.996 | Potassium >= 0.069) | Fibrinogen <= 2.349)
",1.683,12.971,0.000,1.000,0.000,6,0,0,0,6,0,6,0,1.0,0.0,0.0,1.0,1.0,0.0
"G[0,0](EtCO2 <= 0.000 | PaCO2 <= 0.000)
",0.000,0.000,0.000,1.000,0.000,6,0,0,0,6,0,6,0,1.0,0.0,0.0,1.0,1.0,0.0
"G[0,1]((HR <= 74.594 -> pH <= 0.000) -> Alkalinephos >= 0.000)
",9999999.000,9999999.000,0.000,1.000,0.000,6,0,0,0,6,0,6,0,1.0,0.0,0.0,1.0,1.0,0.0
"G[0,1](Calcium <= 7.185 | pH <= 0.000)
",9999999.000,9999999.000,0.000,1.000,0.000,6,0,0,0,6,0,6,0,1.0,0.0,0.0,1.0,1.0,0.0
"G[1,1](HR <= 81.340 | Bilirubin_total <= 0.305)
",81.340,81.340,0.000,1.000,0.000,6,0,0,0,6,0,6,0,1.0,0.0,0.0,1.0,1.0,0.0
"G[0,1]((Glucose >= 0.967 -> FiO2 <= 0.000) & PTT <= 0.000)
",9999999.000,9999999.000,0.000,1.000,0.000,6,0,0,0,6,0,6,0,1.0,0.0,0.0,1.0,1.0,0.0
"G[0,0](((Glucose >= 6.700 | TroponinI >= 0.000) | pH >= 0.000) | Glucose <= 0.000)
",0.000,0.000,0.000,1.000,0.000,6,0,0,0,6,0,6,0,1.0,0.0,0.0,1.0,1.0,0.0
"G[0,1](Temp >= 6.520 -> O2Sat >= 55.316)
",9999999.000,9999999.000,0.000,1.000,0.000,6,0,0,0,6,0,6,0,1.0,0.0,0.0,1.0,1.0,0.0
"G[0,1](((SaO2 >= 0.000 & SepsisLabel >= 0.000) | PaCO2 >= 0.000) -> Platelets >= 0.000)
",9999999.000,9999999.000,0.000,1.000,0.000,6,0,0,0,6,0,6,0,1.0,0.0,0.0,1.0,1.0,0.0
"G[0,1]((AST <= 7.149 & Phosphate >= 0.005) -> Chloride <= 1.628)
",9999999.000,9999999.000,0.000,1.000,0.000,6,0,0,0,6,0,6,0,1.0,0.0,0.0,1.0,1.0,0.0
"G[1,1]((EtCO2 >= 0.000 | O2Sat >= 40.426) | SaO2 <= 92.386)
",92.386,92.386,0.000,1.000,0.000,6,0,0,0,6,0,6,0,1.0,0.0,0.0,1.0,1.0,0.0
"G[0,0]((pH <= 0.000 | Fibrinogen <= 0.000) & Temp >= 0.000)
",0.000,0.000,0.000,1.000,0.000,6,0,0,0,6,0,6,0,1.0,0.0,0.0,1.0,1.0,0.0
"G[0,1]((BaseExcess >= 0.000 -> PTT >= 0.000) | Fibrinogen >= 0.000)
",9999999.000,9999999.000,0.000,1.000,0.000,6,0,0,0,6,0,6,0,1.0,0.0,0.0,1.0,1.0,0.0
"G[0,0]((Alkalinephos <= 38.220 | HR >= 59.577) | EtCO2 <= 73.650)
",40017.423,40017.423,0.000,1.000,0.000,6,0,0,0,6,0,6,0,1.0,0.0,0.0,1.0,1.0,0.0
"G[0,1](Calcium >= 0.322 | SepsisLabel <= 0.000)
",9999999.000,9999999.000,0.000,1.000,0.000,6,0,0,0,6,0,6,0,1.0,0.0,0.0,1.0,1.0,0.0
"G[0,1](((Calcium >= 0.283 -> TroponinI >= 0.000) -> Alkalinephos <= 0.000) -> SaO2 >= 0.000)
",9999999.000,9999999.000,0.000,1.000,0.000,6,0,0,0,6,0,6,0,1.0,0.0,0.0,1.0,1.0,0.0
"G[0,1](Chloride >= 0.000 & HCO3 >= 0.000)
",9999999.000,9999999.000,0.000,1.000,0.000,6,0,0,0,6,0,6,0,1.0,0.0,0.0,1.0,1.0,0.0
"G[0,1]((FiO2 >= 0.000 | Hct <= 0.000) | Magnesium <= 0.000)
",9999999.000,9999999.000,0.000,1.000,0.000,6,0,0,0,6,0,6,0,1.0,0.0,0.0,1.0,1.0,0.0
"G[0,1](((Hgb <= 0.000 | Hct <= 0.000) -> WBC >= 0.000) & Platelets >= 0.000)
",9999999.000,9999999.000,0.000,1.000,0.000,6,0,0,0,6,0,6,0,1.0,0.0,0.0,1.0,1.0,0.0
"G[0,1](((PTT <= 0.000 | PaCO2 >= 0.000) | pH >= 0.000) | Platelets <= 0.000)
",9999999.000,9999999.000,0.000,1.000,0.000,6,0,0,0,6,0,6,0,1.0,0.0,0.0,1.0,1.0,0.0
"G[0,1]((Phosphate >= 0.319 & Platelets >= 0.000) | Chloride >= 0.000)
",9999999.000,9999999.000,0.000,1.000,0.000,6,0,0,0,6,0,6,0,1.0,0.0,0.0,1.0,1.0,0.0
"G[0,1](((O2Sat <= 92.642 & pH >= 0.000) | Creatinine >= 0.000) & PaCO2 <= 0.000)
",9999999.000,9999999.000,0.000,1.000,0.000,6,0,0,0,6,0,6,0,1.0,0.0,0.0,1.0,1.0,0.0
"G[0,1](((PaCO2 <= 0.000 | Fibrinogen <= 0.000) & Chloride >= 0.000) | PTT <= 0.000)
",9999999.000,9999999.000,0.000,1.000,0.000,6,0,0,0,6,0,6,0,1.0,0.0,0.0,1.0,1.0,0.0
"G[0,1](((Hgb <= 0.000 | Hct <= 0.000) -> WBC >= 0.000) & Platelets >= 0.000)
",9999999.000,9999999.000,0.000,1.000,0.000,6,0,0,0,6,0,6,0,1.0,0.0,0.0,1.0,1.0,0.0
"G[0,1](Platelets <= 0.000 -> WBC >= 0.000)
",9999999.000,9999999.000,0.000,1.000,0.000,6,0,0,0,6,0,6,0,1.0,0.0,0.0,1.0,1.0,0.0
"G[0,1](Platelets <= 0.000 | FiO2 <= 0.000)
",9999999.000,9999999.000,0.000,1.000,0.000,6,0,0,0,6,0,6,0,1.0,0.0,0.0,1.0,1.0,0.0
"G[0,1](Chloride >= 0.000 & HCO3 >= 0.000)
",9999999.000,9999999.000,0.000,1.000,0.000,6,0,0,0,6,0,6,0,1.0,0.0,0.0,1.0,1.0,0.0
"G[1,1](Platelets <= 0.000 -> WBC >= 0.000)
",0.000,0.000,0.000,1.000,0.000,6,0,0,0,6,0,6,0,1.0,0.0,0.0,1.0,1.0,0.0
"G[0,1](Chloride >= 0.000 & HCO3 >= 0.000)
",9999999.000,9999999.000,0.000,1.000,0.000,6,0,0,0,6,0,6,0,1.0,0.0,0.0,1.0,1.0,0.0
"G[1,1](Platelets <= 0.000 -> WBC >= 0.000)
",0.000,0.000,0.000,1.000,0.000,6,0,0,0,6,0,6,0,1.0,0.0,0.0,1.0,1.0,0.0
"G[0,1](SBP >= 45.617 | BaseExcess <= 0.000)
",9999999.000,9999999.000,0.000,1.000,0.000,6,0,0,0,6,0,6,0,1.0,0.0,0.0,1.0,1.0,0.0
"G[0,1](((Hgb <= 0.000 | Hct <= 0.000) -> WBC >= 0.000) & Platelets >= 0.000)
",9999999.000,9999999.000,0.000,1.000,0.000,6,0,0,0,6,0,6,0,1.0,0.0,0.0,1.0,1.0,0.0
"G[0,1](Chloride >= 0.000 & HCO3 >= 0.000)
",9999999.000,9999999.000,0.000,1.000,0.000,6,0,0,0,6,0,6,0,1.0,0.0,0.0,1.0,1.0,0.0
"G[0,0](((Hgb <= 0.000 | Hct <= 0.000) -> WBC >= 0.000) & Platelets >= 0.000)
",0.000,0.000,0.000,1.000,0.000,6,0,0,0,6,0,6,0,1.0,0.0,0.0,1.0,1.0,0.0
"G[0,1]((SepsisLabel >= 0.000 | PTT <= 0.000) | WBC >= 0.000)
",9999999.000,9999999.000,0.000,1.000,0.000,6,0,0,0,6,0,6,0,1.0,0.0,0.0,1.0,1.0,0.0
"G[1,1](SepsisLabel >= 0.000 -> WBC <= 0.000)
",0.000,0.000,0.000,1.000,0.000,6,0,0,0,6,0,6,0,1.0,0.0,0.0,1.0,1.0,0.0
"G[1,1](Potassium >= 0.180 -> SepsisLabel = 0.000)
",0.000,0.000,0.000,1.000,0.000,6,0,0,0,6,0,6,0,1.0,0.0,0.0,1.0,1.0,0.0
"G[0,0](Lactate > 0.000 -> SepsisLabel = 0.000)
",0.000,0.000,0.000,1.000,0.000,6,0,0,0,6,0,6,0,1.0,0.0,0.0,1.0,1.0,0.0
"G[1,1](HR > 3.578 -> SepsisLabel = 0.000)
",0.000,0.000,0.000,1.000,0.000,6,0,0,0,6,0,6,0,1.0,0.0,0.0,1.0,1.0,0.0
"G[0,1](Hct >= 0.000 -> SepsisLabel = 0.000)
",9999999.000,9999999.000,0.000,1.000,0.000,6,0,0,0,6,0,6,0,1.0,0.0,0.0,1.0,1.0,0.0
"G[0,1]((Creatinine >= 0.021 -> BaseExcess >= 0.000) & SBP >= 0.000)
",9999999.000,9999999.000,0.000,1.000,0.000,6,0,0,0,6,0,6,0,1.0,0.0,0.0,1.0,1.0,0.0
"G[0,1](Platelets <= 0.000 -> WBC >= 0.000)
",9999999.000,9999999.000,0.000,1.000,0.000,6,0,0,0,6,0,6,0,1.0,0.0,0.0,1.0,1.0,0.0
"G[0,1](((Hgb <= 0.000 | Hct <= 0.000) -> WBC >= 0.000) & Platelets >= 0.000)
",9999999.000,9999999.000,0.000,1.000,0.000,6,0,0,0,6,0,6,0,1.0,0.0,0.0,1.0,1.0,0.0
"G[1,1](((DBP >= 2.952 -> PaCO2 >= 0.000) & Alkalinephos <= 0.000) & BUN <= 0.000)
",0.000,0.000,0.000,1.000,0.000,6,0,0,0,6,0,6,0,1.0,0.0,0.0,1.0,1.0,0.0
"G[0,0]((MAP <= 88.889 -> PaCO2 >= 0.000) -> EtCO2 <= 0.000)
",0.000,0.000,0.000,1.000,0.000,6,0,0,0,6,0,6,0,1.0,0.0,0.0,1.0,1.0,0.0
"G[0,1](((Fibrinogen <= 0.000 -> BaseExcess >= 0.000) & BaseExcess <= 0.000) -> Creatinine <= 0.000)
",9999999.000,9999999.000,0.000,1.000,0.000,5,0,0,1,6,0,5,1,0.8333333333333334,0.0,0.0,1.0,0.8333333333333334,0.16666666666666663
"G[0,1](DBP <= 58.251 & TroponinI <= 0.000)
",9999999.000,9999999.000,0.000,1.000,0.000,5,0,0,1,6,0,5,1,0.8333333333333334,0.0,0.0,1.0,0.8333333333333334,0.16666666666666663
"G[0,0]((Calcium >= 0.458 -> Phosphate <= 3.858) & SaO2 <= 0.607)
",-3.858,-3.858,0.000,1.000,0.000,5,0,0,1,6,0,5,1,0.8333333333333334,0.0,0.0,1.0,0.8333333333333334,0.16666666666666663
"G[0,0]((Calcium >= 0.338 -> Chloride >= 0.000) -> Calcium <= 0.000)
",0.000,0.000,0.000,1.000,0.000,5,0,0,1,6,0,5,1,0.8333333333333334,0.0,0.0,1.0,0.8333333333333334,0.16666666666666663
"G[0,1](SBP >= 68.851 & SepsisLabel = 0.000)
",9999999.000,9999999.000,0.000,1.000,0.000,5,0,0,1,6,0,5,1,0.8333333333333334,0.0,0.0,1.0,0.8333333333333334,0.16666666666666663
"G[0,1](((O2Sat <= 89.413 -> Potassium >= 0.100) & WBC <= 3.418) -> Potassium <= 1.524)
",9999999.000,9999999.000,0.000,1.000,0.000,5,0,0,1,6,0,5,1,0.8333333333333334,0.0,0.0,1.0,0.8333333333333334,0.16666666666666663
"G[0,1]((Bilirubin_total <= 0.263 -> Potassium >= 0.184) -> Phosphate <= 2.471)
",9999999.000,9999999.000,0.000,1.000,0.000,5,0,0,1,6,0,5,1,0.8333333333333334,0.0,0.0,1.0,0.8333333333333334,0.16666666666666663
"G[0,1]((Temp >= 0.034 -> Glucose >= 4.006) -> HR >= 5.091)
",9999999.000,9999999.000,0.000,1.000,0.000,5,0,0,1,6,0,5,1,0.8333333333333334,0.0,0.0,1.0,0.8333333333333334,0.16666666666666663
"G[0,1]((Alkalinephos <= 6.811 | SBP <= 114.842) & Resp <= 115.971)
",9999999.000,9999999.000,0.000,1.000,0.000,5,0,0,1,6,0,5,1,0.8333333333333334,0.0,0.0,1.0,0.8333333333333334,0.16666666666666663
"G[0,1](Potassium <= 3.030 & BaseExcess >= 0.000)
",9999999.000,9999999.000,0.000,1.000,0.000,5,0,0,1,6,0,5,1,0.8333333333333334,0.0,0.0,1.0,0.8333333333333334,0.16666666666666663
"G[0,1](Potassium <= 2.082 | Temp <= 16.339)
",9999999.000,9999999.000,0.000,1.000,0.000,5,0,0,1,6,0,5,1,0.8333333333333334,0.0,0.0,1.0,0.8333333333333334,0.16666666666666663
"G[0,1]((DBP >= 33.759 -> Phosphate <= 0.592) & TroponinI <= 0.879)
",9999999.000,9999999.000,0.000,1.000,0.000,5,0,0,1,6,0,5,1,0.8333333333333334,0.0,0.0,1.0,0.8333333333333334,0.16666666666666663
"G[0,1](((MAP >= 2.790 -> Phosphate >= 0.305) | Lactate >= 0.284) -> Chloride >= 0.279)
",9999999.000,9999999.000,0.000,1.000,0.000,4,0,0,2,6,0,4,2,0.6666666666666666,0.0,0.0,1.0,0.6666666666666666,0.33333333333333337
"G[0,1]((HR <= 80.452 -> Phosphate <= 0.802) & O2Sat >= 0.151)
",9999999.000,9999999.000,0.000,1.000,0.000,4,0,0,2,6,0,4,2,0.6666666666666666,0.0,0.0,1.0,0.6666666666666666,0.33333333333333337
"G[0,1]((BUN <= 1.230 & Resp <= 18.005) -> TroponinI >= 1.800)
",9999999.000,9999999.000,0.000,1.000,0.000,1,0,0,5,6,0,1,5,0.16666666666666666,0.0,0.0,1.0,0.16666666666666666,0.8333333333333334
"G[0,0](SaO2 <= 0.000 -> Calcium >= 0.570)
",0.000,0.000,0.000,1.000,0.000,1,0,0,5,6,0,1,5,0.16666666666666666,0.0,0.0,1.0,0.16666666666666666,0.8333333333333334
"G[0,0](MAP >= 1.001 & BUN >= 0.060)
",-8660368690497815.000,-0.060,0.000,1.000,0.000,1,0,0,5,6,0,1,5,0.16666666666666666,0.0,0.0,1.0,0.16666666666666666,0.8333333333333334
"G[0,0](((Hgb >= 0.000 | O2Sat <= 87.291) -> SBP <= 90.494) & FiO2 <= 95.365)
",-6.261,-84.461,0.000,1.000,0.000,1,0,0,5,6,0,1,5,0.16666666666666666,0.0,0.0,1.0,0.16666666666666666,0.8333333333333334
"G[1,2]((Potassium <= 2.936 & PaCO2 >= 0.000) & DBP <= 0.000)
",9999999.000,9999999.000,0.000,1.000,0.000,0,0,0,6,6,0,0,6,0.0,0.0,0.0,0.0,0.0,1.0
"G[1,2](((PTT <= 0.000 -> TroponinI >= 0.000) & Hgb <= 0.000) & HCO3 >= 0.000)
",9999999.000,9999999.000,0.000,1.000,0.000,0,0,6,0,0,6,6,0,0.0,0.0,1.0,0.0,0.0,1.0
"G[1,2](pH >= 0.000 & TroponinI >= 0.000)
",9999999.000,9999999.000,0.000,1.000,0.000,0,0,6,0,0,6,6,0,0.0,0.0,1.0,0.0,0.0,1.0
"G[2,2]((PaCO2 >= 0.000 | SBP >= 16.152) -> BaseExcess <= 108.666)
",-7646707809526273.000,-108.666,0.000,1.000,0.000,0,0,6,0,0,6,6,0,0.0,0.0,1.0,0.0,0.0,1.0
"G[0,2](((SaO2 <= 0.000 -> TroponinI <= 0.000) -> Bilirubin_total >= 0.000) & Bilirubin_total <= 0.000)
",9999999.000,9999999.000,0.000,1.000,0.000,0,0,5,1,1,5,5,1,0.0,0.0,1.0,0.0,0.0,1.0
"G[2,2](Bilirubin_direct >= 0.000 -> MAP >= 33.867)
",0.000,0.000,0.000,1.000,0.000,0,0,6,0,0,6,6,0,0.0,0.0,1.0,0.0,0.0,1.0
"G[0,0](((Bilirubin_direct <= 0.000 -> DBP >= 12.775) & BaseExcess >= 21.565) | SaO2 >= 8.397)
",-8.397,-8.397,0.000,1.000,0.000,0,0,0,6,6,0,0,6,0.0,0.0,0.0,0.0,0.0,1.0
"G[1,2](((WBC >= 0.000 -> Calcium >= 0.084) -> O2Sat >= 0.468) | Fibrinogen >= 0.061)
",9999999.000,9999999.000,0.000,1.000,0.000,0,0,6,0,0,6,6,0,0.0,0.0,1.0,0.0,0.0,1.0
"G[0,2](((Chloride >= 0.000 & Chloride <= 0.000) -> Creatinine >= 0.000) & AST >= 0.000)
",9999999.000,9999999.000,0.000,1.000,0.000,0,0,6,0,0,6,6,0,0.0,0.0,1.0,0.0,0.0,1.0
"G[1,2]((SaO2 <= 0.000 & Creatinine <= 0.534) & Chloride <= 0.069)
",9999999.000,9999999.000,0.000,1.000,0.000,0,0,6,0,0,6,6,0,0.0,0.0,1.0,0.0,0.0,1.0
"G[2,2]((Temp <= 34.957 | SBP >= 94.379) & Temp <= 111.722)
",34.957,34.957,0.000,1.000,0.000,0,0,6,0,0,6,6,0,0.0,0.0,1.0,0.0,0.0,1.0
"G[2,2](Hct >= 0.000 & Alkalinephos <= 42.309)
",0.000,0.000,0.000,1.000,0.000,0,0,6,0,0,6,6,0,0.0,0.0,1.0,0.0,0.0,1.0
"G[1,2](((Platelets >= 0.000 & Magnesium >= 0.037) | BaseExcess <= 0.311) -> AST >= 0.061)
",9999999.000,9999999.000,0.000,1.000,0.000,0,0,0,6,6,0,0,6,0.0,0.0,0.0,0.0,0.0,1.0
"G[0,2](((WBC <= 0.000 -> Calcium >= 0.153) & Potassium >= 0.664) | TroponinI >= 0.680)
",9999999.000,9999999.000,0.000,1.000,0.000,0,0,0,6,6,0,0,6,0.0,0.0,0.0,0.0,0.0,1.0
"G[1,2](HCO3 <= 0.000 & MAP >= 5.037)
",9999999.000,9999999.000,0.000,1.000,0.000,0,0,6,0,0,6,6,0,0.0,0.0,1.0,0.0,0.0,1.0
"G[2,2](((Magnesium <= 0.319 -> Chloride <= 0.000) -> Platelets >= 0.000) | Bilirubin_direct <= 0.000)
",0.000,0.000,0.000,1.000,0.000,0,0,6,0,0,6,6,0,0.0,0.0,1.0,0.0,0.0,1.0
"G[1,2]((Phosphate <= 0.536 -> Lactate <= 0.000) -> WBC >= 0.000)
",9999999.000,9999999.000,0.000,1.000,0.000,0,0,6,0,0,6,6,0,0.0,0.0,1.0,0.0,0.0,1.0
"G[0,2](Fibrinogen >= 0.000 -> MAP <= 81.185)
",9999999.000,9999999.000,0.000,1.000,0.000,0,0,2,4,4,2,2,4,0.0,0.0,1.0,0.0,0.0,1.0
"G[0,1](((Creatinine >= 0.039 | Resp <= 19.090) & EtCO2 >= 8.475) | O2Sat <= 17.586)
",9999999.000,9999999.000,0.000,1.000,0.000,0,0,0,6,6,0,0,6,0.0,0.0,0.0,0.0,0.0,1.0
"G[1,2](((SBP <= 122.106 | Calcium <= 2.231) | Potassium >= 0.067) -> Temp >= 0.331)
",9999999.000,9999999.000,0.000,1.000,0.000,0,0,0,6,6,0,0,6,0.0,0.0,0.0,0.0,0.0,1.0
"G[2,2]((Hgb >= 0.000 | Alkalinephos >= 5.282) & BaseExcess >= 5.478)
",-5.478,-5.478,0.000,1.000,0.000,0,0,6,0,0,6,6,0,0.0,0.0,1.0,0.0,0.0,1.0
"G[0,1](((HCO3 <= 0.000 | Temp <= 21.928) & PaCO2 >= 1.959) & PTT >= 1.369)
",9999999.000,9999999.000,0.000,1.000,0.000,0,0,0,6,6,0,0,6,0.0,0.0,0.0,0.0,0.0,1.0
"G[2,2](MAP <= 85.567 & EtCO2 >= 0.000)
",0.000,0.000,0.000,1.000,0.000,0,0,6,0,0,6,6,0,0.0,0.0,1.0,0.0,0.0,1.0
"G[0,2](((Calcium <= 7.685 & Hct <= 0.000) | Temp >= 0.000) | Potassium >= 0.000)
",9999999.000,9999999.000,0.000,1.000,0.000,0,0,6,0,0,6,6,0,0.0,0.0,1.0,0.0,0.0,1.0
"G[1,2](Chloride >= 0.000 & HCO3 >= 0.000)
",9999999.000,9999999.000,0.000,1.000,0.000,0,0,6,0,0,6,6,0,0.0,0.0,1.0,0.0,0.0,1.0
"G[1,2](((Potassium >= 0.320 -> Lactate <= 0.000) & PaCO2 >= 0.000) | Potassium >= 0.000)
",9999999.000,9999999.000,0.000,1.000,0.000,0,0,6,0,0,6,6,0,0.0,0.0,1.0,0.0,0.0,1.0
"G[1,2](((Creatinine <= 0.348 -> Fibrinogen >= 0.000) -> Resp >= 0.000) & Temp <= 0.000)
",9999999.000,9999999.000,0.000,1.000,0.000,0,0,6,0,0,6,6,0,0.0,0.0,1.0,0.0,0.0,1.0
"G[0,1]((pH >= 0.000 -> PaCO2 <= 0.000) & DBP <= 0.000)
",9999999.000,9999999.000,0.000,1.000,0.000,0,0,0,6,6,0,0,6,0.0,0.0,0.0,0.0,0.0,1.0
"G[0,2](BUN >= 0.552 -> Magnesium <= 0.475)
",9999999.000,9999999.000,0.000,1.000,0.000,0,0,5,1,1,5,5,1,0.0,0.0,1.0,0.0,0.0,1.0
"G[1,2](((SaO2 <= 0.000 -> HR >= 56.941) -> Potassium >= 5.858) -> Glucose >= 35.537)
",9999999.000,9999999.000,0.000,1.000,0.000,0,0,6,0,0,6,6,0,0.0,0.0,1.0,0.0,0.0,1.0
"G[0,2](((Bilirubin_direct >= 0.000 -> WBC <= 0.000) -> DBP >= 0.000) -> WBC >= 0.000)
",9999999.000,9999999.000,0.000,1.000,0.000,0,0,6,0,0,6,6,0,0.0,0.0,1.0,0.0,0.0,1.0
"G[1,2]((TroponinI <= 0.000 & AST >= 1.094) | TroponinI <= 41.441)
",9999999.000,9999999.000,0.000,1.000,0.000,0,0,6,0,0,6,6,0,0.0,0.0,1.0,0.0,0.0,1.0
"G[1,2]((Temp <= 15.338 | SepsisLabel >= 0.000) -> Chloride <= 0.000)
",9999999.000,9999999.000,0.000,1.000,0.000,0,0,6,0,0,6,6,0,0.0,0.0,1.0,0.0,0.0,1.0
"G[2,2](((Chloride <= 0.000 | Glucose >= 3.626) -> HR >= 5.673) -> Creatinine >= 0.384)
",0.000,0.000,0.000,1.000,0.000,0,0,6,0,0,6,6,0,0.0,0.0,1.0,0.0,0.0,1.0
"G[0,1]((FiO2 <= 0.000 | BUN <= 6.664) -> Magnesium >= 0.806)
",9999999.000,9999999.000,0.000,1.000,0.000,0,0,0,6,6,0,0,6,0.0,0.0,0.0,0.0,0.0,1.0
"G[0,2]((Hct <= 0.000 -> PTT <= 0.000) & SBP <= 0.000)
",9999999.000,9999999.000,0.000,1.000,0.000,0,0,0,6,6,0,0,6,0.0,0.0,0.0,0.0,0.0,1.0
"G[0,1](Resp >= 0.798 & AST >= 0.216)
",9999999.000,9999999.000,0.000,1.000,0.000,0,0,0,6,6,0,0,6,0.0,0.0,0.0,0.0,0.0,1.0
"G[0,2](TroponinI <= 0.000 -> Resp >= 7.180)
",9999999.000,9999999.000,0.000,1.000,0.000,0,0,5,1,1,5,5,1,0.0,0.0,1.0,0.0,0.0,1.0
"G[0,2](((Calcium >= 0.720 -> Chloride >= 0.000) & pH <= 0.000) | DBP <= 0.000)
",9999999.000,9999999.000,0.000,1.000,0.000,0,0,6,0,0,6,6,0,0.0,0.0,1.0,0.0,0.0,1.0
"G[0,1]((AST >= 0.722 | Calcium >= 0.700) & Calcium >= 0.060)
",9999999.000,9999999.000,0.000,1.000,0.000,0,0,0,6,6,0,0,6,0.0,0.0,0.0,0.0,0.0,1.0
"G[0,2](Calcium <= 3.701 -> PaCO2 >= 0.000)
",9999999.000,9999999.000,0.000,1.000,0.000,0,0,6,0,0,6,6,0,0.0,0.0,1.0,0.0,0.0,1.0
"G[1,2](((Bilirubin_direct >= 0.000 | Fibrinogen >= 0.000) -> Calcium >= 0.000) -> Hgb <= 0.000)
",9999999.000,9999999.000,0.000,1.000,0.000,0,0,6,0,0,6,6,0,0.0,0.0,1.0,0.0,0.0,1.0
"G[0,2]((FiO2 >= 0.000 & TroponinI <= 0.000) | EtCO2 >= 0.000)
",9999999.000,9999999.000,0.000,1.000,0.000,0,0,6,0,0,6,6,0,0.0,0.0,1.0,0.0,0.0,1.0
"G[0,2]((Fibrinogen <= 0.000 & MAP <= 72.840) & Fibrinogen >= 2.296)
",9999999.000,9999999.000,0.000,1.000,0.000,0,0,0,6,6,0,0,6,0.0,0.0,0.0,0.0,0.0,1.0
"G[2,2]((Fibrinogen <= 0.000 & Calcium >= 0.409) | Potassium <= 5.103)
",5.103,5.103,0.000,1.000,0.000,0,0,6,0,0,6,6,0,0.0,0.0,1.0,0.0,0.0,1.0
"G[0,2]((Bilirubin_direct <= 0.000 | Chloride >= 0.000) & Lactate >= 0.000)
",9999999.000,9999999.000,0.000,1.000,0.000,0,0,6,0,0,6,6,0,0.0,0.0,1.0,0.0,0.0,1.0
"G[0,2]((HCO3 >= 0.000 | Hgb >= 0.000) & Bilirubin_total <= 0.000)
",9999999.000,9999999.000,0.000,1.000,0.000,0,0,5,1,1,5,5,1,0.0,0.0,1.0,0.0,0.0,1.0
"G[1,2]((AST >= 0.363 & FiO2 <= 0.000) | HCO3 >= 0.000)
",9999999.000,9999999.000,0.000,1.000,0.000,0,0,6,0,0,6,6,0,0.0,0.0,1.0,0.0,0.0,1.0
"G[1,2](((HR >= 48.545 & Platelets <= 0.000) -> BUN >= 0.000) -> TroponinI >= 0.000)
",9999999.000,9999999.000,0.000,1.000,0.000,0,0,6,0,0,6,6,0,0.0,0.0,1.0,0.0,0.0,1.0
"G[0,2]((Fibrinogen <= 0.000 -> PTT >= 0.000) -> Glucose >= 0.000)
",9999999.000,9999999.000,0.000,1.000,0.000,0,0,6,0,0,6,6,0,0.0,0.0,1.0,0.0,0.0,1.0
"G[2,2](HR >= 69.539 -> Glucose <= 14.890)
",-8382556320454817.000,-14.890,0.000,1.000,0.000,0,0,6,0,0,6,6,0,0.0,0.0,1.0,0.0,0.0,1.0
"G[0,1](((Resp <= 18.467 | EtCO2 >= 0.000) & TroponinI >= 0.000) -> HR <= 0.000)
",9999999.000,9999999.000,0.000,1.000,0.000,0,0,0,6,6,0,0,6,0.0,0.0,0.0,0.0,0.0,1.0
"G[0,2](AST >= 1.457 & Fibrinogen >= 0.000)
",9999999.000,9999999.000,0.000,1.000,0.000,0,0,0,6,6,0,0,6,0.0,0.0,0.0,0.0,0.0,1.0
"G[1,2](((Creatinine >= 0.027 & Bilirubin_direct <= 0.000) & O2Sat <= 0.000) -> Chloride >= 0.000)
",9999999.000,9999999.000,0.000,1.000,0.000,0,0,6,0,0,6,6,0,0.0,0.0,1.0,0.0,0.0,1.0
"G[0,2](Fibrinogen >= 0.000 | pH <= 0.000)
",9999999.000,9999999.000,0.000,1.000,0.000,0,0,6,0,0,6,6,0,0.0,0.0,1.0,0.0,0.0,1.0
"G[1,1]((Potassium <= 2.843 | Alkalinephos <= 46.287) -> Platelets >= 1.925)
",-46.287,-46.287,0.000,1.000,0.000,0,0,0,6,6,0,0,6,0.0,0.0,0.0,0.0,0.0,1.0
"G[1,2](pH >= 0.000 & EtCO2 >= 0.000)
",9999999.000,9999999.000,0.000,1.000,0.000,0,0,6,0,0,6,6,0,0.0,0.0,1.0,0.0,0.0,1.0
"G[1,2]((SBP >= 2.771 -> Alkalinephos >= 0.370) -> Bilirubin_direct >= 1.485)
",9999999.000,9999999.000,0.000,1.000,0.000,0,0,6,0,0,6,6,0,0.0,0.0,1.0,0.0,0.0,1.0
"G[1,2](Resp >= 11.429 -> PTT <= 0.000)
",9999999.000,9999999.000,0.000,1.000,0.000,0,0,6,0,0,6,6,0,0.0,0.0,1.0,0.0,0.0,1.0
"G[1,2]((Magnesium >= 0.089 & Platelets <= 0.000) & Bilirubin_total <= 0.000)
",9999999.000,9999999.000,0.000,1.000,0.000,0,0,0,6,6,0,0,6,0.0,0.0,0.0,0.0,0.0,1.0
"G[1,2]((SBP >= 58.230 | Calcium <= 3.837) -> Alkalinephos <= 8.482)
",9999999.000,9999999.000,0.000,1.000,0.000,0,0,6,0,0,6,6,0,0.0,0.0,1.0,0.0,0.0,1.0
"G[0,2]((PaCO2 <= 0.000 | Bilirubin_total >= 0.003) & pH >= 0.018)
",9999999.000,9999999.000,0.000,1.000,0.000,0,0,0,6,6,0,0,6,0.0,0.0,0.0,0.0,0.0,1.0
"G[1,2]((Lactate <= 0.000 | Potassium >= 0.002) & Temp >= 0.324)
",9999999.000,9999999.000,0.000,1.000,0.000,0,0,0,6,6,0,0,6,0.0,0.0,0.0,0.0,0.0,1.0
"G[1,2]((EtCO2 <= 0.000 & DBP <= 70.552) & Bilirubin_total >= 7.395)
",9999999.000,9999999.000,0.000,1.000,0.000,0,0,0,6,6,0,0,6,0.0,0.0,0.0,0.0,0.0,1.0
"G[2,2]((Chloride >= 0.000 -> Temp >= 0.506) & O2Sat >= 1.607)
",-7239190876630041.000,-1.607,0.000,1.000,0.000,0,0,6,0,0,6,6,0,0.0,0.0,1.0,0.0,0.0,1.0
"G[0,2]((WBC >= 0.000 -> Hct >= 0.000) -> Bilirubin_total <= 0.000)
",9999999.000,9999999.000,0.000,1.000,0.000,0,0,5,1,1,5,5,1,0.0,0.0,1.0,0.0,0.0,1.0
"G[1,2](TroponinI >= 0.000 | Magnesium >= 0.133)
",9999999.000,9999999.000,0.000,1.000,0.000,0,0,6,0,0,6,6,0,0.0,0.0,1.0,0.0,0.0,1.0
"G[2,2]((Calcium <= 2.656 & BUN >= 0.155) & Potassium <= 4.141)
",-5591052474480129.000,-0.155,0.000,1.000,0.000,0,0,6,0,0,6,6,0,0.0,0.0,1.0,0.0,0.0,1.0
"G[0,2]((WBC >= 0.000 & Bilirubin_total <= 0.163) | DBP <= 0.234)
",9999999.000,9999999.000,0.000,1.000,0.000,0,0,5,1,1,5,5,1,0.0,0.0,1.0,0.0,0.0,1.0
"G[2,2]((EtCO2 <= 0.000 | PaCO2 <= 0.000) -> Creatinine <= 0.000)
",0.000,0.000,0.000,1.000,0.000,0,0,6,0,0,6,6,0,0.0,0.0,1.0,0.0,0.0,1.0
"G[1,2]((Calcium <= 4.985 & Lactate >= 0.000) -> PTT <= 0.000)
",9999999.000,9999999.000,0.000,1.000,0.000,0,0,6,0,0,6,6,0,0.0,0.0,1.0,0.0,0.0,1.0
"G[1,1](Temp >= 1.391 | Magnesium >= 0.058)
",-0.058,-0.058,0.000,1.000,0.000,0,0,0,6,6,0,0,6,0.0,0.0,0.0,0.0,0.0,1.0
"G[0,2](FiO2 <= 0.000 -> Temp >= 7.866)
",9999999.000,9999999.000,0.000,1.000,0.000,0,0,0,6,6,0,0,6,0.0,0.0,0.0,0.0,0.0,1.0
"G[1,2](((SaO2 <= 0.000 & DBP <= 59.594) | Calcium >= 21.340) | PTT >= 23.197)
",9999999.000,9999999.000,0.000,1.000,0.000,0,0,5,1,1,5,5,1,0.0,0.0,1.0,0.0,0.0,1.0
"G[0,2](((BUN >= 0.484 & WBC <= 0.000) | Alkalinephos <= 0.000) & Temp >= 0.000)
",9999999.000,9999999.000,0.000,1.000,0.000,0,0,6,0,0,6,6,0,0.0,0.0,1.0,0.0,0.0,1.0
"G[2,2]((Bilirubin_direct >= 0.000 | Magnesium <= 1.297) & Temp >= 0.172)
",-0.172,-0.172,0.000,1.000,0.000,0,0,6,0,0,6,6,0,0.0,0.0,1.0,0.0,0.0,1.0
"G[1,2]((PaCO2 <= 0.000 & Glucose <= 16.533) & HR <= 68.053)
",9999999.000,9999999.000,0.000,1.000,0.000,0,0,0,6,6,0,0,6,0.0,0.0,0.0,0.0,0.0,1.0
"G[0,2](((pH >= 0.000 -> BaseExcess <= 0.000) -> O2Sat >= 0.000) & Magnesium >= 0.000)
",9999999.000,9999999.000,0.000,1.000,0.000,0,0,6,0,0,6,6,0,0.0,0.0,1.0,0.0,0.0,1.0
"G[1,2](((Glucose >= 6.287 | FiO2 <= 0.000) & Bilirubin_direct >= 0.000) & Temp >= 0.000)
",9999999.000,9999999.000,0.000,1.000,0.000,0,0,6,0,0,6,6,0,0.0,0.0,1.0,0.0,0.0,1.0
"G[0,2]((Creatinine >= 0.012 -> Hgb >= 0.000) -> Hgb <= 0.000)
",9999999.000,9999999.000,0.000,1.000,0.000,0,0,6,0,0,6,6,0,0.0,0.0,1.0,0.0,0.0,1.0
"G[1,2]((Glucose >= 3.110 -> BUN >= 0.600) & Fibrinogen <= 1.453)
",9999999.000,9999999.000,0.000,1.000,0.000,0,0,6,0,0,6,6,0,0.0,0.0,1.0,0.0,0.0,1.0
"G[1,2](SepsisLabel < 0.000 -> SepsisLabel = 0.000)
",9999999.000,9999999.000,0.000,1.000,0.000,0,0,6,0,0,6,6,0,0.0,0.0,1.0,0.0,0.0,1.0
"G[0,1](Hgb < 0.000 & SepsisLabel = 0.000)
",9999999.000,9999999.000,0.000,1.000,0.000,0,0,0,6,6,0,0,6,0.0,0.0,0.0,0.0,0.0,1.0
"G[0,2](Bilirubin_total < 0.391 & SepsisLabel = 0.000)
",9999999.000,9999999.000,0.000,1.000,0.000,0,0,5,1,1,5,5,1,0.0,0.0,1.0,0.0,0.0,1.0
"G[2,2](HCO3 <= 0.000 & SepsisLabel = 0.000)
",0.000,0.000,0.000,1.000,0.000,0,0,6,0,0,6,6,0,0.0,0.0,1.0,0.0,0.0,1.0
"G[0,1](WBC > 0.000 & SepsisLabel = 0.000)
",9999999.000,9999999.000,0.000,1.000,0.000,0,0,0,6,6,0,0,6,0.0,0.0,0.0,0.0,0.0,1.0
"G[0,2](pH <= 0.000 & SepsisLabel = 0.000)
",9999999.000,9999999.000,0.000,1.000,0.000,0,0,6,0,0,6,6,0,0.0,0.0,1.0,0.0,0.0,1.0
"G[0,2](DBP < 74.853 -> SepsisLabel = 0.000)
",9999999.000,9999999.000,0.000,1.000,0.000,0,0,6,0,0,6,6,0,0.0,0.0,1.0,0.0,0.0,1.0
"G[0,0](Platelets < 0.000 & SepsisLabel = 0.000)
",0.000,0.000,0.000,1.000,0.000,0,0,0,6,6,0,0,6,0.0,0.0,0.0,0.0,0.0,1.0
"G[0,2](FiO2 > 0.000 & SepsisLabel = 0.000)
",9999999.000,9999999.000,0.000,1.000,0.000,0,0,0,6,6,0,0,6,0.0,0.0,0.0,0.0,0.0,1.0
"G[2,2](HCO3 > 0.000 & SepsisLabel = 0.000)
",0.000,0.000,0.000,1.000,0.000,0,0,6,0,0,6,6,0,0.0,0.0,1.0,0.0,0.0,1.0
"G[1,2](((Phosphate >= 0.236 | Potassium >= 0.139) & Hct <= 1.501) | SepsisLabel >= 0.272)
",9999999.000,9999999.000,0.000,1.000,0.000,0,0,0,6,6,0,0,6,0.0,0.0,0.0,0.0,0.0,1.0
"G[1,2]((Bilirubin_total <= 0.264 | Calcium <= 0.958) | Glucose <= 5.772)
",9999999.000,9999999.000,0.000,1.000,0.000,0,0,6,0,0,6,6,0,0.0,0.0,1.0,0.0,0.0,1.0
"G[1,2]((DBP <= 61.513 -> MAP >= 15.105) & MAP >= 6.868)
",9999999.000,9999999.000,0.000,1.000,0.000,0,0,6,0,0,6,6,0,0.0,0.0,1.0,0.0,0.0,1.0
"G[1,2](((DBP >= 39.799 & SBP >= 93.431) -> FiO2 <= 109.090) | Fibrinogen <= 121.006)
",9999999.000,9999999.000,0.000,1.000,0.000,0,0,6,0,0,6,6,0,0.0,0.0,1.0,0.0,0.0,1.0
"G[1,2](((DBP >= 1.868 -> O2Sat <= 87.318) | Calcium >= 75.825) | TroponinI <= 93.511)
",9999999.000,9999999.000,0.000,1.000,0.000,0,0,6,0,0,6,6,0,0.0,0.0,1.0,0.0,0.0,1.0
"G[1,2](HR <= 88.851 | Resp >= 7.178)
",9999999.000,9999999.000,0.000,1.000,0.000,0,0,6,0,0,6,6,0,0.0,0.0,1.0,0.0,0.0,1.0
"G[0,2](((Calcium >= 0.182 & Temp <= 14.214) -> Hgb >= 5.363) -> PTT >= 4.266)
",9999999.000,9999999.000,0.000,1.000,0.000,0,0,0,6,6,0,0,6,0.0,0.0,0.0,0.0,0.0,1.0
"G[0,2]((O2Sat <= 92.074 | Temp >= 4.091) | BUN >= 4.533)
",9999999.000,9999999.000,0.000,1.000,0.000,0,0,0,6,6,0,0,6,0.0,0.0,0.0,0.0,0.0,1.0
"G[1,2](MAP <= 81.240 & Phosphate <= 2.755)
",9999999.000,9999999.000,0.000,1.000,0.000,0,0,4,2,2,4,4,2,0.0,0.0,1.0,0.0,0.0,1.0
"G[0,2](((Alkalinephos <= 12.979 -> MAP >= 59.853) & Bilirubin_direct >= 7.573) | O2Sat >= 4.094)
",9999999.000,9999999.000,0.000,1.000,0.000,0,0,5,1,1,5,5,1,0.0,0.0,1.0,0.0,0.0,1.0
"G[0,2](((DBP >= 28.063 -> Temp >= 3.913) | Temp >= 8.132) & Lactate <= 9.783)
",9999999.000,9999999.000,0.000,1.000,0.000,0,0,0,6,6,0,0,6,0.0,0.0,0.0,0.0,0.0,1.0
"G[2,2](((SBP >= 55.632 | Temp >= 4.020) -> Chloride >= 7.728) & Magnesium >= 5.578)
",-5.578,-5.578,0.000,1.000,0.000,0,0,6,0,0,6,6,0,0.0,0.0,1.0,0.0,0.0,1.0
"G[0,2]((Alkalinephos <= 39.388 -> DBP >= 18.610) | Phosphate <= 69.548)
",9999999.000,9999999.000,0.000,1.000,0.000,0,0,6,0,0,6,6,0,0.0,0.0,1.0,0.0,0.0,1.0
"G[0,1](DBP <= 63.402 -> Glucose >= 6.132)
",9999999.000,9999999.000,0.000,1.000,0.000,0,0,0,6,6,0,0,6,0.0,0.0,0.0,0.0,0.0,1.0
"G[0,2](((Bilirubin_total <= 0.328 & O2Sat >= 30.453) & Magnesium >= 83.324) -> DBP >= 62.802)
",9999999.000,9999999.000,0.000,1.000,0.000,0,0,6,0,0,6,6,0,0.0,0.0,1.0,0.0,0.0,1.0
"G[2,2](Calcium >= 0.432 | O2Sat >= 62.252)
",-0.432,-0.432,0.000,1.000,0.000,0,0,6,0,0,6,6,0,0.0,0.0,1.0,0.0,0.0,1.0
"G[0,2](SepsisLabel >= 0.000 -> SepsisLabel = 0.000)
",9999999.000,9999999.000,0.000,1.000,0.000,0,0,6,0,0,6,6,0,0.0,0.0,1.0,0.0,0.0,1.0
"G[1,2](SepsisLabel < 0.000 & SepsisLabel = 0.000)
",9999999.000,9999999.000,0.000,1.000,0.000,0,0,0,6,6,0,0,6,0.0,0.0,0.0,0.0,0.0,1.0
"G[0,2](BUN <= 7.746 -> Resp >= 13.522)
",9999999.000,9999999.000,0.000,1.000,0.000,0,0,5,1,1,5,5,1,0.0,0.0,1.0,0.0,0.0,1.0
"G[1,2](BaseExcess > 0.000 -> SepsisLabel = 0.000)
",9999999.000,9999999.000,0.000,1.000,0.000,0,0,6,0,0,6,6,0,0.0,0.0,1.0,0.0,0.0,1.0
"G[0,2](((Hgb <= 0.000 | Hct <= 0.000) -> WBC >= 0.000) & Platelets >= 0.000)
",9999999.000,9999999.000,0.000,1.000,0.000,0,0,6,0,0,6,6,0,0.0,0.0,1.0,0.0,0.0,1.0
"G[1,2](BUN <= 4.932 & Creatinine >= 0.037)
",9999999.000,9999999.000,0.000,1.000,0.000,0,0,0,6,6,0,0,6,0.0,0.0,0.0,0.0,0.0,1.0
"G[2,2](Chloride >= 0.000 & HCO3 >= 0.000)
",0.000,0.000,0.000,1.000,0.000,0,0,6,0,0,6,6,0,0.0,0.0,1.0,0.0,0.0,1.0
"G[1,2](Platelets <= 0.000 -> WBC >= 0.000)
",9999999.000,9999999.000,0.000,1.000,0.000,0,0,6,0,0,6,6,0,0.0,0.0,1.0,0.0,0.0,1.0
"G[1,2](((Hgb <= 0.000 | Hct <= 0.000) -> WBC >= 0.000) & Platelets >= 0.000)
",9999999.000,9999999.000,0.000,1.000,0.000,0,0,6,0,0,6,6,0,0.0,0.0,1.0,0.0,0.0,1.0
"G[2,2](BUN <= 4.143 & Creatinine >= 0.040)
",-0.040,-0.040,0.000,1.000,0.000,0,0,6,0,0,6,6,0,0.0,0.0,1.0,0.0,0.0,1.0
"G[0,2](Platelets <= 0.000 -> WBC >= 0.000)
",9999999.000,9999999.000,0.000,1.000,0.000,0,0,6,0,0,6,6,0,0.0,0.0,1.0,0.0,0.0,1.0
"G[2,2](((Hgb <= 0.000 | Hct <= 0.000) -> WBC >= 0.000) & Platelets >= 0.000)
",0.000,0.000,0.000,1.000,0.000,0,0,6,0,0,6,6,0,0.0,0.0,1.0,0.0,0.0,1.0
"G[0,1](BUN <= 7.646 & Creatinine >= 0.039)
",9999999.000,9999999.000,0.000,1.000,0.000,0,0,0,6,6,0,0,6,0.0,0.0,0.0,0.0,0.0,1.0
"G[1,2](Chloride >= 0.000 & HCO3 >= 0.000)
",9999999.000,9999999.000,0.000,1.000,0.000,0,0,6,0,0,6,6,0,0.0,0.0,1.0,0.0,0.0,1.0
"G[1,2](BUN <= 3.239 & Creatinine >= 0.057)
",9999999.000,9999999.000,0.000,1.000,0.000,0,0,0,6,6,0,0,6,0.0,0.0,0.0,0.0,0.0,1.0
"G[0,2](((Hgb <= 0.000 | Hct <= 0.000) -> WBC >= 0.000) & Platelets >= 0.000)
",9999999.000,9999999.000,0.000,1.000,0.000,0,0,6,0,0,6,6,0,0.0,0.0,1.0,0.0,0.0,1.0
"G[2,2](BUN <= 2.076 & Creatinine >= 0.032)
",-4561328759570489.000,-0.032,0.000,1.000,0.000,0,0,6,0,0,6,6,0,0.0,0.0,1.0,0.0,0.0,1.0
"G[0,0](BUN <= 5.224 & Creatinine >= 0.002)
",-0.002,-0.002,0.000,1.000,0.000,0,0,0,6,6,0,0,6,0.0,0.0,0.0,0.0,0.0,1.0
"G[0,2](Chloride >= 0.000 & HCO3 >= 0.000)
",9999999.000,9999999.000,0.000,1.000,0.000,0,0,6,0,0,6,6,0,0.0,0.0,1.0,0.0,0.0,1.0
"G[0,2](Platelets <= 0.000 -> WBC >= 0.000)
",9999999.000,9999999.000,0.000,1.000,0.000,0,0,6,0,0,6,6,0,0.0,0.0,1.0,0.0,0.0,1.0
"G[1,2](BUN <= 9.346 & Creatinine >= 0.016)
",9999999.000,9999999.000,0.000,1.000,0.000,0,0,0,6,6,0,0,6,0.0,0.0,0.0,0.0,0.0,1.0
"G[1,2](Chloride >= 0.000 & HCO3 >= 0.000)
",9999999.000,9999999.000,0.000,1.000,0.000,0,0,6,0,0,6,6,0,0.0,0.0,1.0,0.0,0.0,1.0
"G[0,2](Platelets <= 0.000 -> WBC >= 0.000)
",9999999.000,9999999.000,0.000,1.000,0.000,0,0,6,0,0,6,6,0,0.0,0.0,1.0,0.0,0.0,1.0
"G[2,2](((Hgb <= 0.000 | Hct <= 0.000) -> WBC >= 0.000) & Platelets >= 0.000)
",0.000,0.000,0.000,1.000,0.000,0,0,6,0,0,6,6,0,0.0,0.0,1.0,0.0,0.0,1.0
"G[0,1](BUN <= 8.598 & Creatinine >= 0.056)
",9999999.000,9999999.000,0.000,1.000,0.000,0,0,0,6,6,0,0,6,0.0,0.0,0.0,0.0,0.0,1.0
"G[0,2](Chloride >= 0.000 & HCO3 >= 0.000)
",9999999.000,9999999.000,0.000,1.000,0.000,0,0,6,0,0,6,6,0,0.0,0.0,1.0,0.0,0.0,1.0
"G[1,1](BUN <= 1.679 & Creatinine >= 0.039)
",-0.039,-0.039,0.000,1.000,0.000,0,0,0,6,6,0,0,6,0.0,0.0,0.0,0.0,0.0,1.0
"G[0,2](Platelets <= 0.000 -> WBC >= 0.000)
",9999999.000,9999999.000,0.000,1.000,0.000,0,0,6,0,0,6,6,0,0.0,0.0,1.0,0.0,0.0,1.0
"G[0,2](BUN <= 5.020 & Creatinine >= 0.030)
",9999999.000,9999999.000,0.000,1.000,0.000,0,0,0,6,6,0,0,6,0.0,0.0,0.0,0.0,0.0,1.0
"G[2,2](((AST <= 36.077 & O2Sat >= 25.062) -> pH >= 78.878) -> HR <= 87.629)
",-6166373847797873.000,-87.629,0.000,1.000,0.000,0,0,6,0,0,6,6,0,0.0,0.0,1.0,0.0,0.0,1.0
"G[2,2]((Calcium <= 4.562 & Resp >= 16.211) -> SepsisLabel <= 18.566)
",-18.566,-18.566,0.000,1.000,0.000,0,0,6,0,0,6,6,0,0.0,0.0,1.0,0.0,0.0,1.0
"G[0,2](((TroponinI <= 0.000 -> AST <= 17.574) -> Temp >= 0.305) | MAP <= 39.038)
",9999999.000,9999999.000,0.000,1.000,0.000,0,0,0,6,6,0,0,6,0.0,0.0,0.0,0.0,0.0,1.0
"G[0,2](((BaseExcess >= 0.000 | pH <= 0.000) & Alkalinephos <= 0.000) | SBP <= 0.000)
",9999999.000,9999999.000,0.000,1.000,0.000,0,0,5,1,1,5,5,1,0.0,0.0,1.0,0.0,0.0,1.0
"G[2,2](((HR <= 77.602 -> Lactate <= 0.000) | O2Sat <= 0.000) & Calcium <= 0.000)
",0.000,0.000,0.000,1.000,0.000,0,0,6,0,0,6,6,0,0.0,0.0,1.0,0.0,0.0,1.0
"G[2,2]((pH <= 0.000 & TroponinI >= 0.000) & WBC >= 0.000)
",0.000,0.000,0.000,1.000,0.000,0,0,6,0,0,6,6,0,0.0,0.0,1.0,0.0,0.0,1.0
"G[0,2](((pH <= 0.000 -> HR <= 78.465) | Hct <= 79.950) -> HCO3 >= 62.994)
",9999999.000,9999999.000,0.000,1.000,0.000,0,0,0,6,6,0,0,6,0.0,0.0,0.0,0.0,0.0,1.0
"G[1,1](((Potassium >= 0.267 | Platelets >= 0.000) & FiO2 <= 0.000) -> Resp <= 0.000)
",0.000,0.000,0.000,1.000,0.000,0,0,0,6,6,0,0,6,0.0,0.0,0.0,0.0,0.0,1.0
"G[0,2]((Potassium <= 1.059 | Bilirubin_total <= 0.383) | HR >= 0.000)
",9999999.000,9999999.000,0.000,1.000,0.000,0,0,6,0,0,6,6,0,0.0,0.0,1.0,0.0,0.0,1.0
"G[2,2](Platelets <= 0.000 -> WBC >= 0.000)
",0.000,0.000,0.000,1.000,0.000,0,0,6,0,0,6,6,0,0.0,0.0,1.0,0.0,0.0,1.0
"G[2,2]((Resp >= 7.860 & Fibrinogen <= 0.000) & Phosphate <= 0.000)
",-7.860,-7.860,0.000,1.000,0.000,0,0,6,0,0,6,6,0,0.0,0.0,1.0,0.0,0.0,1.0
"G[0,2](Lactate <= 0.000 -> Platelets <= 0.000)
",9999999.000,9999999.000,0.000,1.000,0.000,0,0,6,0,0,6,6,0,0.0,0.0,1.0,0.0,0.0,1.0
"G[0,2](O2Sat >= 26.568 -> Temp >= 7.680)
",9999999.000,9999999.000,0.000,1.000,0.000,0,0,0,6,6,0,0,6,0.0,0.0,0.0,0.0,0.0,1.0
"G[1,2](Potassium <= 1.987 -> DBP <= 62.060)
",9999999.000,9999999.000,0.000,1.000,0.000,0,0,5,1,1,5,5,1,0.0,0.0,1.0,0.0,0.0,1.0
"G[1,1]((Phosphate >= 0.157 & Potassium >= 0.189) | HCO3 >= 0.054)
",-7793517420247695.000,-0.054,0.000,1.000,0.000,0,0,0,6,6,0,0,6,0.0,0.0,0.0,0.0,0.0,1.0
"G[0,2]((MAP >= 51.824 -> Resp <= 19.848) | BUN <= 18.065)
",9999999.000,9999999.000,0.000,1.000,0.000,0,0,6,0,0,6,6,0,0.0,0.0,1.0,0.0,0.0,1.0
"G[0,2](((Glucose >= 7.052 | FiO2 <= 0.000) | pH <= 0.000) -> PTT >= 0.000)
",9999999.000,9999999.000,0.000,1.000,0.000,0,0,6,0,0,6,6,0,0.0,0.0,1.0,0.0,0.0,1.0
"G[1,2](((O2Sat >= 67.737 & TroponinI >= 0.000) | Lactate >= 0.000) | Potassium <= 0.000)
",9999999.000,9999999.000,0.000,1.000,0.000,0,0,6,0,0,6,6,0,0.0,0.0,1.0,0.0,0.0,1.0
"G[0,1](((Platelets <= 0.000 & O2Sat <= 89.440) & HCO3 <= 89.570) & Creatinine >= 4.324)
",9999999.000,9999999.000,0.000,1.000,0.000,0,0,0,6,6,0,0,6,0.0,0.0,0.0,0.0,0.0,1.0
"G[0,2](SaO2 >= 0.000 & SaO2 <= 0.000)
",9999999.000,9999999.000,0.000,1.000,0.000,0,0,6,0,0,6,6,0,0.0,0.0,1.0,0.0,0.0,1.0
"G[0,2](((AST >= 0.073 | MAP <= 79.822) & Bilirubin_total >= 22.185) | pH >= 44.708)
",9999999.000,9999999.000,0.000,1.000,0.000,0,0,0,6,6,0,0,6,0.0,0.0,0.0,0.0,0.0,1.0
"G[2,2]((SaO2 >= 0.000 & Hct >= 0.000) -> TroponinI >= 0.000)
",0.000,0.000,0.000,1.000,0.000,0,0,6,0,0,6,6,0,0.0,0.0,1.0,0.0,0.0,1.0
"G[1,2](O2Sat <= 91.568 -> Platelets >= 0.000)
",9999999.000,9999999.000,0.000,1.000,0.000,0,0,6,0,0,6,6,0,0.0,0.0,1.0,0.0,0.0,1.0
"G[1,2]((MAP >= 14.092 | SBP >= 29.908) & DBP <= 109.089)
",9999999.000,9999999.000,0.000,1.000,0.000,0,0,6,0,0,6,6,0,0.0,0.0,1.0,0.0,0.0,1.0
"G[2,2]((PaCO2 >= 0.000 | Creatinine >= 0.047) & HCO3 >= 0.036)
",-0.036,-0.036,0.000,1.000,0.000,0,0,6,0,0,6,6,0,0.0,0.0,1.0,0.0,0.0,1.0
"G[1,2](((Calcium <= 1.393 | Creatinine <= 0.627) -> BaseExcess >= 0.007) & EtCO2 >= 0.030)
",9999999.000,9999999.000,0.000,1.000,0.000,0,0,0,6,6,0,0,6,0.0,0.0,0.0,0.0,0.0,1.0
"G[1,2](AST <= 26.483 | Resp <= 17.448)
",9999999.000,9999999.000,0.000,1.000,0.000,0,0,6,0,0,6,6,0,0.0,0.0,1.0,0.0,0.0,1.0
"G[0,0]((Potassium <= 2.855 -> Creatinine <= 0.696) & Bilirubin_direct >= 0.033)
",-6429773449407513.000,-2.855,0.000,1.000,0.000,0,0,0,6,6,0,0,6,0.0,0.0,0.0,0.0,0.0,1.0
"G[0,2](((Platelets >= 0.000 & Calcium <= 8.239) | FiO2 >= 0.631) | Hgb >= 0.456)
",9999999.000,9999999.000,0.000,1.000,0.000,0,0,5,1,1,5,5,1,0.0,0.0,1.0,0.0,0.0,1.0
"G[0,2]((HR >= 35.880 | WBC <= 0.000) | Resp >= 0.000)
",9999999.000,9999999.000,0.000,1.000,0.000,0,0,6,0,0,6,6,0,0.0,0.0,1.0,0.0,0.0,1.0
"G[0,2](Chloride >= 0.000 | Potassium >= 0.085)
",9999999.000,9999999.000,0.000,1.000,0.000,0,0,6,0,0,6,6,0,0.0,0.0,1.0,0.0,0.0,1.0
"G[1,2](((HR >= 13.208 & Potassium >= 0.292) & Potassium <= 1.316) -> SBP >= 0.015)
",9999999.000,9999999.000,0.000,1.000,0.000,0,0,6,0,0,6,6,0,0.0,0.0,1.0,0.0,0.0,1.0
"G[1,2](((FiO2 <= 0.000 -> Hgb >= 0.000) -> Potassium <= 0.000) & Glucose >= 0.000)
",9999999.000,9999999.000,0.000,1.000,0.000,0,0,6,0,0,6,6,0,0.0,0.0,1.0,0.0,0.0,1.0
"G[0,1](((Glucose >= 5.796 -> HR >= 60.360) -> pH >= 36.878) | BaseExcess >= 16.349)
",9999999.000,9999999.000,0.000,1.000,0.000,0,0,0,6,6,0,0,6,0.0,0.0,0.0,0.0,0.0,1.0
"G[1,2]((BaseExcess >= 0.000 -> SepsisLabel >= 0.000) -> Glucose >= 0.000)
",9999999.000,9999999.000,0.000,1.000,0.000,0,0,6,0,0,6,6,0,0.0,0.0,1.0,0.0,0.0,1.0
"G[0,2](((PaCO2 >= 0.000 & Temp <= 29.594) | O2Sat <= 15.531) | Platelets >= 4.786)
",9999999.000,9999999.000,0.000,1.000,0.000,0,0,3,3,3,3,3,3,0.0,0.0,1.0,0.0,0.0,1.0
"G[0,1]((WBC <= 0.000 & Resp >= 0.174) & Lactate >= 12.849)
",9999999.000,9999999.000,0.000,1.000,0.000,0,0,0,6,6,0,0,6,0.0,0.0,0.0,0.0,0.0,1.0
"G[0,2](((DBP <= 70.875 & HCO3 >= 0.000) -> EtCO2 >= 0.000) & Glucose >= 0.000)
",9999999.000,9999999.000,0.000,1.000,0.000,0,0,6,0,0,6,6,0,0.0,0.0,1.0,0.0,0.0,1.0
"G[1,1](((Temp <= 9.321 | Calcium >= 0.554) | SepsisLabel <= 1.156) -> pH >= 0.475)
",-9.321,-9.321,0.000,1.000,0.000,0,0,0,6,6,0,0,6,0.0,0.0,0.0,0.0,0.0,1.0
"G[1,2](((BUN <= 1.465 -> Lactate >= 0.000) -> Alkalinephos >= 0.000) -> SaO2 <= 0.000)
",9999999.000,9999999.000,0.000,1.000,0.000,0,0,6,0,0,6,6,0,0.0,0.0,1.0,0.0,0.0,1.0
"G[1,1]((Platelets <= 0.000 & SBP >= 56.705) & BUN >= 96.645)
",-96.645,-96.645,0.000,1.000,0.000,0,0,0,6,6,0,0,6,0.0,0.0,0.0,0.0,0.0,1.0
"G[0,2]((HCO3 <= 0.000 | SBP <= 108.174) -> Lactate <= 122.922)
",9999999.000,9999999.000,0.000,1.000,0.000,0,0,6,0,0,6,6,0,0.0,0.0,1.0,0.0,0.0,1.0
"G[1,2](HR >= 10.894 -> Potassium <= 4.048)
",9999999.000,9999999.000,0.000,1.000,0.000,0,0,6,0,0,6,6,0,0.0,0.0,1.0,0.0,0.0,1.0
"G[2,2](((BaseExcess <= 0.000 & TroponinI >= 0.000) | SBP <= 0.000) -> PTT <= 0.000)
",0.000,0.000,0.000,1.000,0.000,0,0,6,0,0,6,6,0,0.0,0.0,1.0,0.0,0.0,1.0
"G[1,2](Bilirubin_total <= 0.353 & EtCO2 >= 0.000)
",9999999.000,9999999.000,0.000,1.000,0.000,0,0,6,0,0,6,6,0,0.0,0.0,1.0,0.0,0.0,1.0
"G[0,2](Resp >= 10.999 & TroponinI <= 0.000)
",9999999.000,9999999.000,0.000,1.000,0.000,0,0,5,1,1,5,5,1,0.0,0.0,1.0,0.0,0.0,1.0
"G[0,1](((AST <= 16.910 -> HCO3 >= 0.000) & SBP <= 0.000) | HR <= 0.000)
",9999999.000,9999999.000,0.000,1.000,0.000,0,0,0,6,6,0,0,6,0.0,0.0,0.0,0.0,0.0,1.0
"G[1,2](MAP >= 14.221 -> FiO2 >= 0.000)
",9999999.000,9999999.000,0.000,1.000,0.000,0,0,6,0,0,6,6,0,0.0,0.0,1.0,0.0,0.0,1.0
"G[0,2]((Platelets >= 0.000 -> Fibrinogen >= 0.000) & Bilirubin_total >= 0.000)
",9999999.000,9999999.000,0.000,1.000,0.000,0,0,6,0,0,6,6,0,0.0,0.0,1.0,0.0,0.0,1.0
"G[0,2](WBC >= 0.000 & TroponinI <= 0.000)
",9999999.000,9999999.000,0.000,1.000,0.000,0,0,6,0,0,6,6,0,0.0,0.0,1.0,0.0,0.0,1.0
"G[1,2]((HCO3 <= 0.000 | MAP <= 74.121) -> Calcium <= 78.963)
",9999999.000,9999999.000,0.000,1.000,0.000,0,0,6,0,0,6,6,0,0.0,0.0,1.0,0.0,0.0,1.0
"G[1,2]((TroponinI >= 0.000 -> Chloride >= 0.000) | O2Sat >= 0.000)
",9999999.000,9999999.000,0.000,1.000,0.000,0,0,6,0,0,6,6,0,0.0,0.0,1.0,0.0,0.0,1.0
"G[1,1](Glucose <= 16.204 -> Potassium >= 0.197)
",-16.204,-16.204,0.000,1.000,0.000,0,0,0,6,6,0,0,6,0.0,0.0,0.0,0.0,0.0,1.0
"G[0,2]((pH <= 0.000 | Phosphate <= 0.507) & Bilirubin_direct <= 2.087)
",9999999.000,9999999.000,0.000,1.000,0.000,0,0,6,0,0,6,6,0,0.0,0.0,1.0,0.0,0.0,1.0
"G[2,2](pH >= 0.000 -> SBP >= 87.571)
",0.000,0.000,0.000,1.000,0.000,0,0,6,0,0,6,6,0,0.0,0.0,1.0,0.0,0.0,1.0
"G[0,2](((Resp >= 2.901 -> Temp >= 4.966) & Phosphate <= 21.314) | Platelets >= 4.793)
",9999999.000,9999999.000,0.000,1.000,0.000,0,0,0,6,6,0,0,6,0.0,0.0,0.0,0.0,0.0,1.0
"G[1,2](((Lactate <= 0.000 -> HCO3 >= 0.000) & Fibrinogen >= 0.000) | WBC >= 0.000)
",9999999.000,9999999.000,0.000,1.000,0.000,0,0,6,0,0,6,6,0,0.0,0.0,1.0,0.0,0.0,1.0
"G[1,2]((Hct >= 0.000 | HCO3 >= 0.000) | MAP <= 0.000)
",9999999.000,9999999.000,0.000,1.000,0.000,0,0,6,0,0,6,6,0,0.0,0.0,1.0,0.0,0.0,1.0
"G[1,2](((BaseExcess <= 0.000 | Alkalinephos >= 1.206) -> Alkalinephos >= 2.482) & O2Sat >= 5.225)
",9999999.000,9999999.000,0.000,1.000,0.000,0,0,0,6,6,0,0,6,0.0,0.0,0.0,0.0,0.0,1.0
