Rule,Discrimination Score,Pos Robustness,Neg Robustness,Percent Class +,Percent Class -,TP,TN,FP,FN,Actual Yes,Actual No,Predicted Yes,Predicted No,TPR/Sens,TNR/Spec,FPR,Precision,Accuracy,MCR
"((HR <= 117.790) U[0,0] (PaCO2 >= 0.702))
",-0.702,-0.702,0.000,0.000,1.000,17,0,0,0,17,0,17,0,1.0,0,0,1.0,1.0303030303030303,-0.030303030303030276
"F[0,0](((Glucose >= 9.594 | pH >= 0.175) & Bilirubin_direct >= 0.037) & Alkalinephos >= 0.153)
",-0.175,-0.175,0.000,0.000,1.000,17,0,0,0,17,0,17,0,1.0,0,0,1.0,1.0303030303030303,-0.030303030303030276
"F[0,0](Hct >= 1.248 & Magnesium <= 0.304)
",-1.248,-1.248,0.000,0.000,1.000,17,0,0,0,17,0,17,0,1.0,0,0,1.0,1.0303030303030303,-0.030303030303030276
"F[0,0](((Lactate <= 0.000 -> DBP <= 0.000) -> SBP <= 0.000) & PaCO2 <= 0.000)
",-0.377,-9.489,0.000,0.000,1.000,17,0,0,0,17,0,17,0,1.0,0,0,1.0,1.0303030303030303,-0.030303030303030276
"F[0,0](((O2Sat >= 54.934 | MAP >= 9.375) & BaseExcess >= 38.519) & AST >= 69.314)
",-69.314,-69.314,0.000,0.000,1.000,17,0,0,0,17,0,17,0,1.0,0,0,1.0,1.0303030303030303,-0.030303030303030276
"F[1,1]((Resp >= 4.415 & BUN >= 0.297) & BaseExcess >= 0.378)
",-4.415,-4.415,0.000,0.000,1.000,16,0,0,1,17,0,16,1,0.9411764705882353,0,0,1.0,0.9696969696969697,0.030303030303030276
"F[0,1](((Hgb <= 8.991 | WBC >= 0.132) -> BaseExcess >= 5.276639635294782e-05) & Alkalinephos <= 22.769)
",-9999999.000,-9999999.000,0.000,0.000,1.000,16,0,0,1,17,0,16,1,0.9411764705882353,0,0,1.0,0.9696969696969697,0.030303030303030276
"F[0,1]((Calcium <= 2.394 & Potassium <= 3.700) & Magnesium >= 0.044)
",-9999999.000,-9999999.000,0.000,0.000,1.000,16,0,0,1,17,0,16,1,0.9411764705882353,0,0,1.0,0.9696969696969697,0.030303030303030276
"F[0,1]((Alkalinephos >= 0.000 | SBP <= 122.743) -> AST >= 25.372)
",-9999999.000,-9999999.000,0.000,0.000,1.000,16,0,0,1,17,0,16,1,0.9411764705882353,0,0,1.0,0.9696969696969697,0.030303030303030276
"((EtCO2 < 0.000) U[1,2] (SepsisLabel = 0.000))
",-9999999.000,-9999999.000,0.000,0.000,1.000,16,0,0,1,17,0,16,1,0.9411764705882353,0,0,1.0,0.9696969696969697,0.030303030303030276
"((AST < 0.000) U[1,2] (SepsisLabel = 0.000))
",-9999999.000,-9999999.000,0.000,0.000,1.000,16,0,0,1,17,0,16,1,0.9411764705882353,0,0,1.0,0.9696969696969697,0.030303030303030276
"((pH > 0.183) U[1,2] (SepsisLabel = 0.000))
",-9999999.000,-9999999.000,0.000,0.000,1.000,16,0,0,1,17,0,16,1,0.9411764705882353,0,0,1.0,0.9696969696969697,0.030303030303030276
"((pH > 0.053) U[1,2] (SepsisLabel = 0.000))
",-9999999.000,-9999999.000,0.000,0.000,1.000,16,0,0,1,17,0,16,1,0.9411764705882353,0,0,1.0,0.9696969696969697,0.030303030303030276
"((PaCO2 >= 0.490) U[0,0] (Chloride >= 5.642))
",-0.002,-0.003,0.000,0.000,1.000,16,0,0,1,17,0,16,1,0.9411764705882353,0,0,1.0,0.9696969696969697,0.030303030303030276
"F[0,1](((SaO2 >= 0.000 | MAP >= 36.522) & Creatinine <= 84.745) -> Magnesium >= 62.597)
",-9999999.000,-9999999.000,0.000,0.000,1.000,16,0,0,1,17,0,16,1,0.9411764705882353,0,0,1.0,0.9696969696969697,0.030303030303030276
"F[0,1](Bilirubin_direct > 0.000 & SepsisLabel = 0.000)
",-9999999.000,-9999999.000,0.000,0.000,1.000,16,0,0,1,17,0,16,1,0.9411764705882353,0,0,1.0,0.9696969696969697,0.030303030303030276
"F[0,1](((Hct <= 26.888 | MAP >= 6.915) -> Calcium >= 32.644) & FiO2 <= 92.708)
",-9999999.000,-9999999.000,0.000,0.000,1.000,16,0,0,1,17,0,16,1,0.9411764705882353,0,0,1.0,0.9696969696969697,0.030303030303030276
"F[0,0](((Creatinine <= 0.055 -> Magnesium <= 1.797) & Bilirubin_direct >= 0.072) | WBC >= 0.101)
",0.241,1.399,0.000,0.000,1.000,16,0,0,1,17,0,16,1,0.9411764705882353,0,0,1.0,0.9696969696969697,0.030303030303030276
"F[0,1]((Hct <= 11.253 | Potassium >= 0.159) & SaO2 >= 0.062)
",-9999999.000,-9999999.000,0.000,0.000,1.000,16,0,0,1,17,0,16,1,0.9411764705882353,0,0,1.0,0.9696969696969697,0.030303030303030276
"F[1,1](((Chloride >= 5.722 | pH >= 0.186) -> O2Sat >= 0.114) -> DBP >= 0.011)
",-0.114,-0.114,0.000,0.000,1.000,16,0,0,1,17,0,16,1,0.9411764705882353,0,0,1.0,0.9696969696969697,0.030303030303030276
"F[0,0]((Glucose <= 75.016 -> Hgb >= 0.171) | BUN >= 0.284)
",-0.284,-0.284,0.000,0.000,1.000,16,0,0,1,17,0,16,1,0.9411764705882353,0,0,1.0,0.9696969696969697,0.030303030303030276
"F[0,1]((HCO3 >= 0.471 | Temp <= 16.988) & Creatinine >= 3.188)
",-9999999.000,-9999999.000,0.000,0.000,1.000,16,0,0,1,17,0,16,1,0.9411764705882353,0,0,1.0,0.9696969696969697,0.030303030303030276
"F[0,1]((BUN >= 0.237 & PaCO2 <= 26.507) & PaCO2 >= 0.267)
",-9999999.000,-9999999.000,0.000,0.000,1.000,16,0,0,1,17,0,16,1,0.9411764705882353,0,0,1.0,0.9696969696969697,0.030303030303030276
"F[0,0]((Chloride <= 58.584 -> Creatinine >= 0.017) & Phosphate >= 0.016)
",-4.000,-64.697,0.000,0.000,1.000,16,0,0,1,17,0,16,1,0.9411764705882353,0,0,1.0,0.9696969696969697,0.030303030303030276
"F[0,1](((BaseExcess >= 0.000 | pH >= 0.187) -> Alkalinephos >= 0.128) & Platelets <= 3.848)
",-9999999.000,-9999999.000,0.000,0.000,1.000,16,0,0,1,17,0,16,1,0.9411764705882353,0,0,1.0,0.9696969696969697,0.030303030303030276
"F[0,1]((Calcium <= 7.212 & Potassium <= 1.055) & Magnesium >= 0.057)
",-9999999.000,-9999999.000,0.000,0.000,1.000,16,0,0,1,17,0,16,1,0.9411764705882353,0,0,1.0,0.9696969696969697,0.030303030303030276
"F[1,1]((Calcium <= 7.977 & Potassium <= 3.085) & Magnesium >= 0.034)
",-0.034,-0.034,0.000,0.000,1.000,16,0,0,1,17,0,16,1,0.9411764705882353,0,0,1.0,0.9696969696969697,0.030303030303030276
"F[0,1]((Calcium <= 5.715 & Potassium <= 3.168) & Magnesium >= 0.108)
",-9999999.000,-9999999.000,0.000,0.000,1.000,16,0,0,1,17,0,16,1,0.9411764705882353,0,0,1.0,0.9696969696969697,0.030303030303030276
"((O2Sat >= 53.465) U[1,1] (pH >= 0.148))
",-0.148,-0.148,0.000,0.000,1.000,15,0,0,2,17,0,15,2,0.8823529411764706,0,0,1.0,0.9090909090909091,0.09090909090909094
"((Hct <= 5.638) U[0,1] (PaCO2 >= 0.805))
",-9999999.000,-9999999.000,0.000,0.000,1.000,15,0,0,2,17,0,15,2,0.8823529411764706,0,0,1.0,0.9090909090909091,0.09090909090909094
"((Hgb <= 9.571) U[1,1] (WBC >= 0.200))
",9.571,9.571,0.000,0.000,1.000,15,0,0,2,17,0,15,2,0.8823529411764706,0,0,1.0,0.9090909090909091,0.09090909090909094
"((MAP >= 43.509) U[0,1] (PTT >= 0.340))
",-9999999.000,-9999999.000,0.000,0.000,1.000,15,0,0,2,17,0,15,2,0.8823529411764706,0,0,1.0,0.9090909090909091,0.09090909090909094
"((Hgb >= 0.587) U[1,2] (SepsisLabel = 0.000))
",-9999999.000,-9999999.000,0.000,0.000,1.000,15,0,0,2,17,0,15,2,0.8823529411764706,0,0,1.0,0.9090909090909091,0.09090909090909094
"((Potassium <= 2.361) U[1,1] (BUN >= 0.197))
",2.361,2.361,0.000,0.000,1.000,15,0,0,2,17,0,15,2,0.8823529411764706,0,0,1.0,0.9090909090909091,0.09090909090909094
"((HCO3 >= 0.658) U[1,2] (SepsisLabel <= 0.000))
",-9999999.000,-9999999.000,0.000,0.000,1.000,15,0,0,2,17,0,15,2,0.8823529411764706,0,0,1.0,0.9090909090909091,0.09090909090909094
"((Creatinine >= 0.001) U[1,1] (Lactate <= 0.000))
",0.000,0.000,0.000,0.000,1.000,15,0,0,2,17,0,15,2,0.8823529411764706,0,0,1.0,0.9090909090909091,0.09090909090909094
"F[1,1]((Bilirubin_total <= 0.000 -> Platelets >= 11.770) & Hct >= 11.703)
",-11.703,-11.703,0.000,0.000,1.000,15,0,0,2,17,0,15,2,0.8823529411764706,0,0,1.0,0.9090909090909091,0.09090909090909094
"F[0,1](Hct >= 0.534 & WBC <= 23.913)
",-9999999.000,-9999999.000,0.000,0.000,1.000,15,0,0,2,17,0,15,2,0.8823529411764706,0,0,1.0,0.9090909090909091,0.09090909090909094
"F[0,1]((Resp <= 26.527 & Chloride >= 1.786) | EtCO2 >= 0.648)
",-9999999.000,-9999999.000,0.000,0.000,1.000,15,0,0,2,17,0,15,2,0.8823529411764706,0,0,1.0,0.9090909090909091,0.09090909090909094
"F[0,1](Hgb >= 0.140 & SepsisLabel = 0.000)
",-9999999.000,-9999999.000,0.000,0.000,1.000,14,0,0,3,17,0,14,3,0.8235294117647058,0,0,1.0,0.8484848484848485,0.1515151515151515
"F[0,1](Glucose <= 44.915 -> Phosphate >= 0.043)
",-9999999.000,-9999999.000,0.000,0.000,1.000,14,0,0,3,17,0,14,3,0.8235294117647058,0,0,1.0,0.8484848484848485,0.1515151515151515
"F[0,1](Creatinine > 0.037 & SepsisLabel = 0.000)
",-9999999.000,-9999999.000,0.000,0.000,1.000,14,0,0,3,17,0,14,3,0.8235294117647058,0,0,1.0,0.8484848484848485,0.1515151515151515
"F[0,1]((Resp >= 16.497 -> Hct <= 19.642) -> Magnesium >= 1.144)
",-9999999.000,-9999999.000,0.000,0.000,1.000,14,0,0,3,17,0,14,3,0.8235294117647058,0,0,1.0,0.8484848484848485,0.1515151515151515
"((Phosphate >= 0.089) U[0,1] (BUN >= 0.350))
",-9999999.000,-9999999.000,0.000,0.000,1.000,14,0,0,3,17,0,14,3,0.8235294117647058,0,0,1.0,0.8484848484848485,0.1515151515151515
"F[0,1](Potassium > 0.005 & SepsisLabel = 0.000)
",-9999999.000,-9999999.000,0.000,0.000,1.000,14,0,0,3,17,0,14,3,0.8235294117647058,0,0,1.0,0.8484848484848485,0.1515151515151515
"F[0,1]((AST >= 0.000 -> Platelets >= 6.232) | Platelets >= 5.458)
",-9999999.000,-9999999.000,0.000,0.000,1.000,14,0,0,3,17,0,14,3,0.8235294117647058,0,0,1.0,0.8484848484848485,0.1515151515151515
"F[0,1]((Calcium <= 6.979 & Hct <= 20.763) -> BUN >= 1.215)
",-9999999.000,-9999999.000,0.000,0.000,1.000,14,0,0,3,17,0,14,3,0.8235294117647058,0,0,1.0,0.8484848484848485,0.1515151515151515
"((Phosphate <= 1.201) U[0,1] (Potassium >= 0.127))
",-9999999.000,-9999999.000,0.000,0.000,1.000,14,0,0,3,17,0,14,3,0.8235294117647058,0,0,1.0,0.8484848484848485,0.1515151515151515
"F[0,1](Magnesium <= 1.622 -> pH >= 0.006)
",-9999999.000,-9999999.000,0.000,0.000,1.000,13,0,0,4,17,0,13,4,0.7647058823529411,0,0,1.0,0.7878787878787878,0.21212121212121215
"F[0,1](Hgb >= 0.014 | pH >= 0.074)
",-9999999.000,-9999999.000,0.000,0.000,1.000,13,0,0,4,17,0,13,4,0.7647058823529411,0,0,1.0,0.7878787878787878,0.21212121212121215
"F[0,0](Hct <= 15.624 & SBP <= 119.670)
",15.624,15.624,0.000,0.000,1.000,11,0,0,6,17,0,11,6,0.6470588235294118,0,0,1.0,0.6666666666666666,0.33333333333333337
"F[1,1]((Potassium <= 3.867 -> Temp >= 8.792) & FiO2 <= 30.174)
",-3.867,-3.867,0.000,0.000,1.000,11,0,0,6,17,0,11,6,0.6470588235294118,0,0,1.0,0.6666666666666666,0.33333333333333337
"F[1,1]((Hgb >= 0.358 | O2Sat <= 99.583) -> TroponinI >= 28.807)
",-99.583,-99.583,0.000,0.000,1.000,11,0,0,6,17,0,11,6,0.6470588235294118,0,0,1.0,0.6666666666666666,0.33333333333333337
"F[0,1](((HR <= 115.207 | MAP >= 9.415) & Resp >= 68.235) | HR <= 103.302)
",-9999999.000,-9999999.000,0.000,0.000,1.000,8,0,0,9,17,0,8,9,0.47058823529411764,0,0,1.0,0.48484848484848486,0.5151515151515151
"F[1,1](TroponinI <= 0.000 -> MAP <= 80.529)
",-80.529,-80.529,0.000,0.000,1.000,7,0,0,10,17,0,7,10,0.4117647058823529,0,0,1.0,0.42424242424242425,0.5757575757575757
"F[1,1](((Bilirubin_total <= 0.000 & Temp >= 8.177) & MAP >= 7.365) -> Bilirubin_direct >= 8.426)
",8.177,8.177,0.000,0.000,1.000,5,0,0,12,17,0,5,12,0.29411764705882354,0,0,1.0,0.30303030303030304,0.696969696969697
"F[0,0](BUN >= 0.442 | O2Sat <= 98.003)
",-0.219,-0.139,0.000,0.000,1.000,4,0,0,13,17,0,4,13,0.23529411764705882,0,0,1.0,0.24242424242424243,0.7575757575757576
"((MAP >= 69.066) U[1,1] (SBP <= 133.241))
",133.241,133.241,0.000,0.000,1.000,3,0,0,14,17,0,3,14,0.17647058823529413,0,0,1.0,0.18181818181818182,0.8181818181818181
"((pH <= 1.550) U[0,1] (SBP <= 124.505))
",-9999999.000,-9999999.000,0.000,0.000,1.000,3,0,0,14,17,0,3,14,0.17647058823529413,0,0,1.0,0.18181818181818182,0.8181818181818181
"F[0,1](BUN <= 2.412 -> Resp <= 24.150)
",-9999999.000,-9999999.000,0.000,0.000,1.000,3,0,0,14,17,0,3,14,0.17647058823529413,0,0,1.0,0.18181818181818182,0.8181818181818181
"((MAP >= 14.716) U[0,1] (SBP <= 124.700))
",-9999999.000,-9999999.000,0.000,0.000,1.000,3,0,0,14,17,0,3,14,0.17647058823529413,0,0,1.0,0.18181818181818182,0.8181818181818181
"((Temp <= 35.610) U[1,1] (FiO2 >= 0.000))
",35.610,35.610,0.000,0.000,1.000,3,0,0,14,17,0,3,14,0.17647058823529413,0,0,1.0,0.18181818181818182,0.8181818181818181
"((Chloride <= 73.432) U[1,1] (MAP <= 89.222))
",89.222,89.222,0.000,0.000,1.000,2,0,0,15,17,0,2,15,0.11764705882352941,0,0,1.0,0.12121212121212122,0.8787878787878788
"((Calcium <= 2.447) U[1,1] (HR >= 75.760))
",2.447,2.447,0.000,0.000,1.000,2,0,0,15,17,0,2,15,0.11764705882352941,0,0,1.0,0.12121212121212122,0.8787878787878788
"F[0,1]((Calcium <= 6.901 & O2Sat <= 95.807) -> WBC >= 32.334)
",-9999999.000,-9999999.000,0.000,0.000,1.000,2,0,0,15,17,0,2,15,0.11764705882352941,0,0,1.0,0.12121212121212122,0.8787878787878788
"F[0,0](Hgb <= 8.917 | Hct <= 4.530)
",5.769,8.369,0.000,0.000,1.000,1,0,0,16,17,0,1,16,0.058823529411764705,0,0,1.0,0.06060606060606061,0.9393939393939394
"F[0,0](Hgb <= 8.090 | Hct <= 21.948)
",21.948,21.948,0.000,0.000,1.000,1,0,0,16,17,0,1,16,0.058823529411764705,0,0,1.0,0.06060606060606061,0.9393939393939394
"((Lactate <= 0.000) U[0,0] (Chloride <= 60.972))
",19.985,59.841,0.000,0.000,1.000,1,0,0,16,17,0,1,16,0.058823529411764705,0,0,1.0,0.06060606060606061,0.9393939393939394
"F[1,1](Potassium >= 0.012 -> Calcium <= 3.610)
",-3.610,-3.610,0.000,0.000,1.000,1,0,0,16,17,0,1,16,0.058823529411764705,0,0,1.0,0.06060606060606061,0.9393939393939394
"F[1,1]((HR >= 23.421 | SBP >= 47.194) | Creatinine >= 50.797)
",-23.421,-23.421,0.000,0.000,1.000,1,0,0,16,17,0,1,16,0.058823529411764705,0,0,1.0,0.06060606060606061,0.9393939393939394
"((BUN <= 7.863) U[1,2] (Hct <= 31.099))
",-9999999.000,-9999999.000,0.000,0.000,1.000,1,0,0,16,17,0,1,16,0.058823529411764705,0,0,1.0,0.06060606060606061,0.9393939393939394
"F[1,1](((Chloride <= 90.407 & Phosphate <= 1.528) | Glucose <= 1.289) | SepsisLabel >= 0.169)
",1.528,1.528,0.000,0.000,1.000,1,0,0,16,17,0,1,16,0.058823529411764705,0,0,1.0,0.06060606060606061,0.9393939393939394
"((Calcium <= 5.251) U[1,2] (Platelets <= 53.384))
",-9999999.000,-9999999.000,0.000,0.000,1.000,1,0,0,16,17,0,1,16,0.058823529411764705,0,0,1.0,0.06060606060606061,0.9393939393939394
"((Hgb <= 6.978) U[1,2] (Lactate >= 0.000))
",-9999999.000,-9999999.000,0.000,0.000,1.000,1,0,0,16,17,0,1,16,0.058823529411764705,0,0,1.0,0.06060606060606061,0.9393939393939394
"((O2Sat <= 98.446) U[1,2] (PTT >= 0.325))
",-9999999.000,-9999999.000,0.000,0.000,1.000,1,0,0,16,17,0,1,16,0.058823529411764705,0,0,1.0,0.06060606060606061,0.9393939393939394
"F[1,1](((Calcium <= 4.385 -> Potassium >= 0.124) | Magnesium >= 0.054) -> O2Sat <= 2.981)
",-2.981,-2.981,0.000,0.000,1.000,1,0,0,16,17,0,1,16,0.058823529411764705,0,0,1.0,0.06060606060606061,0.9393939393939394
"F[0,0]((Glucose <= 147.070 & Hct <= 5.654) | Chloride <= 12.627)
",5.098,11.755,0.000,0.000,1.000,1,0,0,16,17,0,1,16,0.058823529411764705,0,0,1.0,0.06060606060606061,0.9393939393939394
"F[0,0](Chloride >= 6.222 -> WBC <= 2.476)
",-17.254,-2.520,0.000,0.000,1.000,1,0,0,16,17,0,1,16,0.058823529411764705,0,0,1.0,0.06060606060606061,0.9393939393939394
"F[1,1]((HCO3 >= 0.294 | Bilirubin_direct <= 0.000) -> BUN <= 0.000)
",0.000,0.000,0.000,0.000,1.000,1,0,0,16,17,0,1,16,0.058823529411764705,0,0,1.0,0.06060606060606061,0.9393939393939394
"((HCO3 >= 1.053) U[1,2] (Creatinine >= 0.014))
",-9999999.000,-9999999.000,0.000,0.000,1.000,1,0,0,16,17,0,1,16,0.058823529411764705,0,0,1.0,0.06060606060606061,0.9393939393939394
"((Calcium <= 6.925) U[0,0] (Creatinine <= 0.424))
",6.925,6.925,0.000,0.000,1.000,1,0,0,16,17,0,1,16,0.058823529411764705,0,0,1.0,0.06060606060606061,0.9393939393939394
"F[1,1](MAP <= 95.181 -> Resp >= 5.272)
",-95.181,-95.181,0.000,0.000,1.000,1,0,0,16,17,0,1,16,0.058823529411764705,0,0,1.0,0.06060606060606061,0.9393939393939394
"((WBC < 7.078) U[1,2] (SepsisLabel = 0.000))
",-9999999.000,-9999999.000,0.000,0.000,1.000,1,0,0,16,17,0,1,16,0.058823529411764705,0,0,1.0,0.06060606060606061,0.9393939393939394
"F[0,0](Hgb <= 1.083 | Hct <= 19.042)
",19.042,19.042,0.000,0.000,1.000,1,0,0,16,17,0,1,16,0.058823529411764705,0,0,1.0,0.06060606060606061,0.9393939393939394
"F[1,1](HR >= 62.926 | pH >= 0.016)
",-0.016,-0.016,0.000,0.000,1.000,1,0,0,16,17,0,1,16,0.058823529411764705,0,0,1.0,0.06060606060606061,0.9393939393939394
"((Calcium <= 7.501) U[1,2] (Bilirubin_total >= 0.000))
",-9999999.000,-9999999.000,0.000,0.000,1.000,1,0,0,16,17,0,1,16,0.058823529411764705,0,0,1.0,0.06060606060606061,0.9393939393939394
"((MAP >= 15.209) U[1,1] (SBP <= 142.285))
",142.285,142.285,0.000,0.000,1.000,1,0,0,16,17,0,1,16,0.058823529411764705,0,0,1.0,0.06060606060606061,0.9393939393939394
"((MAP >= 3.648) U[0,0] (SBP <= 131.007))
",31.721,129.281,0.000,0.000,1.000,1,0,0,16,17,0,1,16,0.058823529411764705,0,0,1.0,0.06060606060606061,0.9393939393939394
"F[0,0](((Calcium < 5.776 & Potassium < 1.138) & Magnesium < 0.843) & Phosphate < 1.098)
",0.564,0.505,0.000,0.000,1.000,1,0,0,16,17,0,1,16,0.058823529411764705,0,0,1.0,0.06060606060606061,0.9393939393939394
"F[0,0](((Calcium < 7.495 & Potassium < 4.039) & Magnesium < 0.282) & Phosphate < 2.059)
",2.694,0.248,0.000,0.000,1.000,1,0,0,16,17,0,1,16,0.058823529411764705,0,0,1.0,0.06060606060606061,0.9393939393939394
"F[0,0]((Creatinine <= 0.205 -> Fibrinogen <= 0.000) -> Hct <= 0.000)
",-0.362,-2.444,0.000,0.000,1.000,1,0,0,16,17,0,1,16,0.058823529411764705,0,0,1.0,0.06060606060606061,0.9393939393939394
"F[2,2](((BUN >= 0.256 & Platelets <= 98.841) & DBP >= 1.390) & Magnesium <= 116.672)
",-1.390,-1.390,0.000,0.000,1.000,0,0,0,17,17,0,0,17,0.0,0,0,0.0,0.0,1.0
"F[1,2](((PaCO2 >= 0.365 & Chloride >= 1.584) | Hct <= 71.511) & Resp <= 30.850)
",-9999999.000,-9999999.000,0.000,0.000,1.000,0,0,0,17,17,0,0,17,0.0,0,0,0.0,0.0,1.0
"F[0,2]((Magnesium <= 2.094 -> Lactate >= 0.000) -> AST <= 0.000)
",-9999999.000,-9999999.000,0.000,0.000,1.000,0,0,0,17,17,0,0,17,0.0,0,0,0.0,0.0,1.0
"F[0,1](((Hgb <= 4.652 -> DBP >= 0.000) & SepsisLabel <= 0.000) | Resp >= 0.000)
",-9999999.000,-9999999.000,0.000,0.000,1.000,0,0,0,17,17,0,0,17,0.0,0,0,0.0,0.0,1.0
"F[0,2](PaCO2 <= 5.478 | Calcium >= 0.032)
",-9999999.000,-9999999.000,0.000,0.000,1.000,0,0,0,17,17,0,0,17,0.0,0,0,0.0,0.0,1.0
"F[1,1]((Bilirubin_total <= 0.000 -> BaseExcess >= 0.000) -> O2Sat >= 0.000)
",0.000,0.000,0.000,0.000,1.000,0,0,0,17,17,0,0,17,0.0,0,0,0.0,0.0,1.0
"F[2,2](((Fibrinogen <= 0.000 -> Potassium >= 0.208) & AST <= 1.444) -> Temp >= 0.175)
",0.000,0.000,0.000,0.000,1.000,0,0,0,17,17,0,0,17,0.0,0,0,0.0,0.0,1.0
"F[0,1](((Fibrinogen <= 0.000 | Bilirubin_total >= 0.000) & Chloride >= 0.000) | Alkalinephos >= 0.000)
",-9999999.000,-9999999.000,0.000,0.000,1.000,0,0,0,17,17,0,0,17,0.0,0,0,0.0,0.0,1.0
"F[2,2](((Bilirubin_total >= 0.000 -> DBP <= 0.000) & Calcium <= 0.000) -> Calcium >= 0.000)
",0.000,0.000,0.000,0.000,1.000,0,0,0,17,17,0,0,17,0.0,0,0,0.0,0.0,1.0
"F[0,2]((Alkalinephos >= 0.000 & Bilirubin_direct <= 0.000) & HCO3 <= 0.000)
",-9999999.000,-9999999.000,0.000,0.000,1.000,0,0,0,17,17,0,0,17,0.0,0,0,0.0,0.0,1.0
"F[2,2](BUN >= 0.018 | SBP >= 57.195)
",-0.018,-0.018,0.000,0.000,1.000,0,0,0,17,17,0,0,17,0.0,0,0,0.0,0.0,1.0
"F[0,1]((Temp <= 21.547 | BaseExcess >= 0.000) | BaseExcess <= 0.000)
",-9999999.000,-9999999.000,0.000,0.000,1.000,0,0,0,17,17,0,0,17,0.0,0,0,0.0,0.0,1.0
"F[1,2]((Glucose >= 7.594 -> TroponinI <= 0.000) & Magnesium >= 0.000)
",-9999999.000,-9999999.000,0.000,0.000,1.000,0,0,0,17,17,0,0,17,0.0,0,0,0.0,0.0,1.0
"((TroponinI >= 0.000) U[0,2] (Chloride <= 73.200))
",-9999999.000,-9999999.000,0.000,0.000,1.000,0,0,0,17,17,0,0,17,0.0,0,0,0.0,0.0,1.0
"F[1,2](DBP <= 0.000 | SaO2 <= 0.000)
",-9999999.000,-9999999.000,0.000,0.000,1.000,0,0,0,17,17,0,0,17,0.0,0,0,0.0,0.0,1.0
"F[0,2]((SaO2 >= 0.000 -> Fibrinogen <= 0.000) -> SepsisLabel <= 0.000)
",-9999999.000,-9999999.000,0.000,0.000,1.000,0,0,0,17,17,0,0,17,0.0,0,0,0.0,0.0,1.0
"((Glucose <= 106.391) U[2,2] (O2Sat >= 53.438))
",106.391,106.391,0.000,0.000,1.000,0,0,0,17,17,0,0,17,0.0,0,0,0.0,0.0,1.0
"F[1,2]((TroponinI >= 0.000 -> FiO2 <= 0.000) -> Creatinine >= 0.000)
",-9999999.000,-9999999.000,0.000,0.000,1.000,0,0,0,17,17,0,0,17,0.0,0,0,0.0,0.0,1.0
"F[0,2](SaO2 <= 0.000 -> FiO2 <= 0.000)
",-9999999.000,-9999999.000,0.000,0.000,1.000,0,0,0,17,17,0,0,17,0.0,0,0,0.0,0.0,1.0
"F[0,2](((PTT >= 0.401 & Bilirubin_total <= 0.000) | PTT <= 0.000) & SBP <= 0.000)
",-9999999.000,-9999999.000,0.000,0.000,1.000,0,0,0,17,17,0,0,17,0.0,0,0,0.0,0.0,1.0
"((Platelets <= 226.972) U[0,2] (Temp >= 7.280))
",-9999999.000,-9999999.000,0.000,0.000,1.000,0,0,0,17,17,0,0,17,0.0,0,0,0.0,0.0,1.0
"F[1,2](((HCO3 <= 19.558 & EtCO2 <= 0.000) & Phosphate <= 0.000) & Bilirubin_total <= 0.000)
",-9999999.000,-9999999.000,0.000,0.000,1.000,0,0,0,17,17,0,0,17,0.0,0,0,0.0,0.0,1.0
"F[1,2](((Creatinine <= 0.279 -> SaO2 >= 0.000) & HR >= 0.000) & AST >= 0.000)
",-9999999.000,-9999999.000,0.000,0.000,1.000,0,0,0,17,17,0,0,17,0.0,0,0,0.0,0.0,1.0
"F[1,1]((Hgb >= 0.232 | Bilirubin_direct <= 0.000) | Calcium >= 0.000)
",0.000,0.000,0.000,0.000,1.000,0,0,0,17,17,0,0,17,0.0,0,0,0.0,0.0,1.0
"F[1,2](((Bilirubin_total <= 0.000 -> Alkalinephos <= 0.000) | Bilirubin_direct >= 0.000) -> BaseExcess <= 0.000)
",-9999999.000,-9999999.000,0.000,0.000,1.000,0,0,0,17,17,0,0,17,0.0,0,0,0.0,0.0,1.0
"F[2,2](((O2Sat <= 97.469 & TroponinI <= 0.000) & Glucose >= 0.000) -> Chloride >= 0.000)
",0.000,0.000,0.000,0.000,1.000,0,0,0,17,17,0,0,17,0.0,0,0,0.0,0.0,1.0
"F[0,2]((BUN <= 2.194 | O2Sat <= 98.454) | Calcium <= 94.342)
",-9999999.000,-9999999.000,0.000,0.000,1.000,0,0,0,17,17,0,0,17,0.0,0,0,0.0,0.0,1.0
"F[1,2](((Platelets >= 5.068 -> PTT <= 11.060) | Chloride >= 0.517) & PTT >= 0.091)
",-9999999.000,-9999999.000,0.000,0.000,1.000,0,0,0,17,17,0,0,17,0.0,0,0,0.0,0.0,1.0
"((EtCO2 <= 0.000) U[2,2] (EtCO2 <= 0.000))
",0.000,0.000,0.000,0.000,1.000,0,0,0,17,17,0,0,17,0.0,0,0,0.0,0.0,1.0
"F[1,2]((Lactate <= 0.000 -> MAP <= 80.975) & Temp <= 87.954)
",-9999999.000,-9999999.000,0.000,0.000,1.000,0,0,0,17,17,0,0,17,0.0,0,0,0.0,0.0,1.0
"F[1,2](pH <= 1.681 & PaCO2 >= 0.389)
",-9999999.000,-9999999.000,0.000,0.000,1.000,0,0,0,17,17,0,0,17,0.0,0,0,0.0,0.0,1.0
"F[1,2](Temp <= 29.235 | Phosphate >= 0.161)
",-9999999.000,-9999999.000,0.000,0.000,1.000,0,0,0,17,17,0,0,17,0.0,0,0,0.0,0.0,1.0
"((Lactate <= 0.000) U[2,2] (SaO2 >= 0.000))
",0.000,0.000,0.000,0.000,1.000,0,0,0,17,17,0,0,17,0.0,0,0,0.0,0.0,1.0
"F[1,2](((SaO2 >= 0.000 -> Temp >= 6.500) & Resp >= 2.504) -> O2Sat <= 28.638)
",-9999999.000,-9999999.000,0.000,0.000,1.000,0,0,0,17,17,0,0,17,0.0,0,0,0.0,0.0,1.0
"F[2,2]((AST <= 0.000 | Bilirubin_total <= 0.000) | Phosphate <= 0.000)
",0.000,0.000,0.000,0.000,1.000,0,0,0,17,17,0,0,17,0.0,0,0,0.0,0.0,1.0
"F[0,1](((Bilirubin_direct <= 0.000 & PaCO2 <= 22.028) & Bilirubin_total <= 33.135) | Magnesium >= 0.127)
",-9999999.000,-9999999.000,0.000,0.000,1.000,0,0,0,17,17,0,0,17,0.0,0,0,0.0,0.0,1.0
"F[1,2](HR <= 110.995 -> DBP >= 0.000)
",-9999999.000,-9999999.000,0.000,0.000,1.000,0,0,0,17,17,0,0,17,0.0,0,0,0.0,0.0,1.0
"((Calcium <= 2.410) U[0,2] (Bilirubin_direct >= 0.000))
",-9999999.000,-9999999.000,0.000,0.000,1.000,0,0,0,17,17,0,0,17,0.0,0,0,0.0,0.0,1.0
"F[0,2]((Lactate <= 0.000 | Platelets <= 162.182) -> Lactate >= 4.818)
",-9999999.000,-9999999.000,0.000,0.000,1.000,0,0,0,17,17,0,0,17,0.0,0,0,0.0,0.0,1.0
"((HR <= 107.126) U[0,2] (Fibrinogen >= 0.000))
",-9999999.000,-9999999.000,0.000,0.000,1.000,0,0,0,17,17,0,0,17,0.0,0,0,0.0,0.0,1.0
"F[0,1](((FiO2 <= 0.000 & SepsisLabel >= 0.000) | BUN >= 0.000) -> Bilirubin_direct <= 0.000)
",-9999999.000,-9999999.000,0.000,0.000,1.000,0,0,0,17,17,0,0,17,0.0,0,0,0.0,0.0,1.0
"F[0,1]((pH <= 4.255 & Magnesium <= 1.698) | PTT <= 0.851)
",-9999999.000,-9999999.000,0.000,0.000,1.000,0,0,0,17,17,0,0,17,0.0,0,0,0.0,0.0,1.0
"F[1,1](Chloride >= 3.832 -> Lactate <= 0.000)
",0.000,0.000,0.000,0.000,1.000,0,0,0,17,17,0,0,17,0.0,0,0,0.0,0.0,1.0
"F[0,1](((Bilirubin_direct >= 0.000 | HR >= 93.608) | Hct >= 7.498) -> AST <= 113.351)
",-9999999.000,-9999999.000,0.000,0.000,1.000,0,0,0,17,17,0,0,17,0.0,0,0,0.0,0.0,1.0
"F[0,2](Platelets >= 12.778 & Glucose <= 184.256)
",-9999999.000,-9999999.000,0.000,0.000,1.000,0,0,0,17,17,0,0,17,0.0,0,0,0.0,0.0,1.0
"((Alkalinephos >= 0.000) U[1,2] (SBP >= 86.246))
",-9999999.000,-9999999.000,0.000,0.000,1.000,0,0,0,17,17,0,0,17,0.0,0,0,0.0,0.0,1.0
"((Lactate <= 0.000) U[1,2] (Phosphate >= 0.086))
",-9999999.000,-9999999.000,0.000,0.000,1.000,0,0,0,17,17,0,0,17,0.0,0,0,0.0,0.0,1.0
"F[0,0]((Creatinine >= 0.010 -> PTT >= 0.512) | Bilirubin_total <= 1.267)
",0.626,0.792,0.000,0.000,1.000,0,0,0,17,17,0,0,17,0.0,0,0,0.0,0.0,1.0
"F[0,2]((Temp >= 2.969 & Calcium >= 0.037) -> Glucose >= 0.047)
",-9999999.000,-9999999.000,0.000,0.000,1.000,0,0,0,17,17,0,0,17,0.0,0,0,0.0,0.0,1.0
"((Creatinine <= 0.102) U[0,1] (AST <= 0.000))
",-9999999.000,-9999999.000,0.000,0.000,1.000,0,0,0,17,17,0,0,17,0.0,0,0,0.0,0.0,1.0
"((AST >= 0.000) U[1,2] (Fibrinogen <= 0.000))
",-9999999.000,-9999999.000,0.000,0.000,1.000,0,0,0,17,17,0,0,17,0.0,0,0,0.0,0.0,1.0
"F[0,1](((TroponinI <= 0.000 | BUN <= 1.270) -> SaO2 <= 6.155) -> Glucose <= 0.736)
",-9999999.000,-9999999.000,0.000,0.000,1.000,0,0,0,17,17,0,0,17,0.0,0,0,0.0,0.0,1.0
"F[0,1]((pH >= 0.009 | PaCO2 <= 4.885) & Magnesium <= 15.282)
",-9999999.000,-9999999.000,0.000,0.000,1.000,0,0,0,17,17,0,0,17,0.0,0,0,0.0,0.0,1.0
"((O2Sat >= 55.519) U[0,1] (Phosphate <= 1.857))
",-9999999.000,-9999999.000,0.000,0.000,1.000,0,0,0,17,17,0,0,17,0.0,0,0,0.0,0.0,1.0
"F[0,2](Creatinine <= 0.397 & AST >= 0.000)
",-9999999.000,-9999999.000,0.000,0.000,1.000,0,0,0,17,17,0,0,17,0.0,0,0,0.0,0.0,1.0
"F[1,2](((Calcium >= 0.151 | Potassium <= 2.922) -> Calcium <= 0.503) -> AST <= 0.651)
",-9999999.000,-9999999.000,0.000,0.000,1.000,0,0,0,17,17,0,0,17,0.0,0,0,0.0,0.0,1.0
"((Platelets >= 11.218) U[2,2] (Chloride <= 99.397))
",99.397,99.397,0.000,0.000,1.000,0,0,0,17,17,0,0,17,0.0,0,0,0.0,0.0,1.0
"F[1,2](((Glucose <= 112.355 & Resp <= 32.212) & SBP >= 1.097) | pH >= 23.569)
",-9999999.000,-9999999.000,0.000,0.000,1.000,0,0,0,17,17,0,0,17,0.0,0,0,0.0,0.0,1.0
"F[0,2](Bilirubin_total <= 0.000 | Temp >= 0.218)
",-9999999.000,-9999999.000,0.000,0.000,1.000,0,0,0,17,17,0,0,17,0.0,0,0,0.0,0.0,1.0
"F[1,2]((HCO3 >= 0.124 & Platelets <= 90.708) | Fibrinogen >= 14.805)
",-9999999.000,-9999999.000,0.000,0.000,1.000,0,0,0,17,17,0,0,17,0.0,0,0,0.0,0.0,1.0
"F[0,1]((EtCO2 >= 0.000 -> Platelets >= 3.442) -> HCO3 >= 3.362)
",-9999999.000,-9999999.000,0.000,0.000,1.000,0,0,0,17,17,0,0,17,0.0,0,0,0.0,0.0,1.0
"F[1,1]((MAP <= 84.326 | Temp <= 30.957) | Calcium <= 18.868)
",84.326,84.326,0.000,0.000,1.000,0,0,0,17,17,0,0,17,0.0,0,0,0.0,0.0,1.0
"F[0,0](Resp >= 15.644 -> O2Sat >= 81.690)
",-3.586,-25.466,0.000,0.000,1.000,0,0,0,17,17,0,0,17,0.0,0,0,0.0,0.0,1.0
"F[0,2](Potassium <= 2.389 & Platelets >= 11.760)
",-9999999.000,-9999999.000,0.000,0.000,1.000,0,0,0,17,17,0,0,17,0.0,0,0,0.0,0.0,1.0
"F[0,1](((Magnesium >= 0.111 | Bilirubin_total <= 0.000) & pH >= 0.000) | PTT >= 0.000)
",-9999999.000,-9999999.000,0.000,0.000,1.000,0,0,0,17,17,0,0,17,0.0,0,0,0.0,0.0,1.0
"((Fibrinogen >= 0.000) U[0,1] (PaCO2 <= 4.321))
",-9999999.000,-9999999.000,0.000,0.000,1.000,0,0,0,17,17,0,0,17,0.0,0,0,0.0,0.0,1.0
"F[0,0](((TroponinI <= 0.000 & Alkalinephos <= 0.000) -> Potassium >= 0.000) | EtCO2 <= 0.000)
",-0.378,-0.375,0.000,0.000,1.000,0,0,0,17,17,0,0,17,0.0,0,0,0.0,0.0,1.0
"F[1,2](((SaO2 <= 0.000 & SaO2 <= 0.000) | Fibrinogen <= 0.000) & Phosphate <= 0.000)
",-9999999.000,-9999999.000,0.000,0.000,1.000,0,0,0,17,17,0,0,17,0.0,0,0,0.0,0.0,1.0
"F[2,2]((Hgb >= 0.220 -> Potassium >= 0.154) | Hct >= 0.100)
",0.154,0.154,0.000,0.000,1.000,0,0,0,17,17,0,0,17,0.0,0,0,0.0,0.0,1.0
"F[0,1](HR >= 60.123 -> Fibrinogen <= 0.000)
",-9999999.000,-9999999.000,0.000,0.000,1.000,0,0,0,17,17,0,0,17,0.0,0,0,0.0,0.0,1.0
"F[1,1](((TroponinI <= 0.000 -> AST >= 0.000) | WBC <= 0.000) -> Bilirubin_direct <= 0.000)
",0.000,0.000,0.000,0.000,1.000,0,0,0,17,17,0,0,17,0.0,0,0,0.0,0.0,1.0
"F[0,2](((HCO3 <= 21.404 | Hgb >= 0.036) | Phosphate >= 0.024) | HCO3 <= 2.217)
",-9999999.000,-9999999.000,0.000,0.000,1.000,0,0,0,17,17,0,0,17,0.0,0,0,0.0,0.0,1.0
"F[0,2](((HCO3 <= 21.537 | Platelets >= 12.418) -> Potassium >= 15.698) | O2Sat <= 112.282)
",-9999999.000,-9999999.000,0.000,0.000,1.000,0,0,0,17,17,0,0,17,0.0,0,0,0.0,0.0,1.0
"F[1,1]((Hct >= 0.980 -> Resp <= 24.311) | Potassium <= 26.831)
",26.831,26.831,0.000,0.000,1.000,0,0,0,17,17,0,0,17,0.0,0,0,0.0,0.0,1.0
"F[1,2](((O2Sat <= 98.825 | Chloride >= 5.888) & Bilirubin_total >= 0.890) & Temp >= 3.326)
",-9999999.000,-9999999.000,0.000,0.000,1.000,0,0,0,17,17,0,0,17,0.0,0,0,0.0,0.0,1.0
"F[2,2](((AST >= 0.000 & Temp <= 32.979) & BUN >= 5.683) -> FiO2 <= 36.684)
",-36.684,-36.684,0.000,0.000,1.000,0,0,0,17,17,0,0,17,0.0,0,0,0.0,0.0,1.0
"F[2,2]((EtCO2 >= 0.000 | Potassium <= 2.609) | Potassium >= 0.205)
",2.609,2.609,0.000,0.000,1.000,0,0,0,17,17,0,0,17,0.0,0,0,0.0,0.0,1.0
"F[0,2](((Alkalinephos <= 0.000 & O2Sat <= 99.427) -> SBP <= 99.393) | PTT <= 99.607)
",-9999999.000,-9999999.000,0.000,0.000,1.000,0,0,0,17,17,0,0,17,0.0,0,0,0.0,0.0,1.0
"((DBP >= 0.000) U[0,1] (DBP <= 0.000))
",-9999999.000,-9999999.000,0.000,0.000,1.000,0,0,0,17,17,0,0,17,0.0,0,0,0.0,0.0,1.0
"F[1,2](BaseExcess >= 0.000 & Platelets >= 5.368)
",-9999999.000,-9999999.000,0.000,0.000,1.000,0,0,0,17,17,0,0,17,0.0,0,0,0.0,0.0,1.0
"F[0,1](((SepsisLabel <= 0.000 | Chloride >= 5.742) | HR <= 27.972) & pH <= 59.366)
",-9999999.000,-9999999.000,0.000,0.000,1.000,0,0,0,17,17,0,0,17,0.0,0,0,0.0,0.0,1.0
"((EtCO2 >= 0.000) U[0,2] (SaO2 <= 0.000))
",-9999999.000,-9999999.000,0.000,0.000,1.000,0,0,0,17,17,0,0,17,0.0,0,0,0.0,0.0,1.0
"((Bilirubin_direct <= 0.000) U[1,2] (Temp <= 25.323))
",-9999999.000,-9999999.000,0.000,0.000,1.000,0,0,0,17,17,0,0,17,0.0,0,0,0.0,0.0,1.0
"((Lactate <= 0.000) U[2,2] (WBC >= 0.525))
",0.000,0.000,0.000,0.000,1.000,0,0,0,17,17,0,0,17,0.0,0,0,0.0,0.0,1.0
"((PTT <= 6.682) U[1,2] (AST >= 0.000))
",-9999999.000,-9999999.000,0.000,0.000,1.000,0,0,0,17,17,0,0,17,0.0,0,0,0.0,0.0,1.0
"((SepsisLabel <= 0.000) U[0,2] (FiO2 <= 0.000))
",-9999999.000,-9999999.000,0.000,0.000,1.000,0,0,0,17,17,0,0,17,0.0,0,0,0.0,0.0,1.0
"F[0,2](BUN >= 0.364 | Lactate >= 0.000)
",-9999999.000,-9999999.000,0.000,0.000,1.000,0,0,0,17,17,0,0,17,0.0,0,0,0.0,0.0,1.0
"((SaO2 >= 0.000) U[0,1] (Phosphate <= 2.380))
",-9999999.000,-9999999.000,0.000,0.000,1.000,0,0,0,17,17,0,0,17,0.0,0,0,0.0,0.0,1.0
"((BUN >= 0.085) U[0,0] (PaCO2 <= 23.354))
",23.354,23.354,0.000,0.000,1.000,0,0,0,17,17,0,0,17,0.0,0,0,0.0,0.0,1.0
"F[1,2](((Platelets >= 3.311 & SepsisLabel <= 0.000) & Glucose <= 0.000) | Chloride >= 0.000)
",-9999999.000,-9999999.000,0.000,0.000,1.000,0,0,0,17,17,0,0,17,0.0,0,0,0.0,0.0,1.0
"((Lactate >= 0.000) U[0,1] (BUN <= 6.789))
",-9999999.000,-9999999.000,0.000,0.000,1.000,0,0,0,17,17,0,0,17,0.0,0,0,0.0,0.0,1.0
"F[0,0](((SaO2 <= 0.000 | SaO2 <= 0.000) -> WBC >= 0.000) & Phosphate >= 0.000)
",-0.258,-1.500,0.000,0.000,1.000,0,0,0,17,17,0,0,17,0.0,0,0,0.0,0.0,1.0
"F[0,1]((TroponinI >= 0.000 & BUN >= 0.415) -> O2Sat >= 0.018)
",-9999999.000,-9999999.000,0.000,0.000,1.000,0,0,0,17,17,0,0,17,0.0,0,0,0.0,0.0,1.0
"F[0,2](((Hgb >= 0.585 | BaseExcess <= 0.000) & FiO2 >= 0.000) -> Chloride <= 0.000)
",-9999999.000,-9999999.000,0.000,0.000,1.000,0,0,0,17,17,0,0,17,0.0,0,0,0.0,0.0,1.0
"F[0,2](EtCO2 <= 0.000 | WBC >= 0.648)
",-9999999.000,-9999999.000,0.000,0.000,1.000,0,0,0,17,17,0,0,17,0.0,0,0,0.0,0.0,1.0
"F[0,1](((DBP <= 0.000 | TroponinI >= 0.000) | SepsisLabel <= 0.000) -> DBP <= 0.000)
",-9999999.000,-9999999.000,0.000,0.000,1.000,0,0,0,17,17,0,0,17,0.0,0,0,0.0,0.0,1.0
"((SaO2 >= 0.000) U[1,1] (Lactate >= 0.000))
",0.000,0.000,0.000,0.000,1.000,0,0,0,17,17,0,0,17,0.0,0,0,0.0,0.0,1.0
"F[1,2](((Chloride <= 79.531 & FiO2 <= 0.000) & SepsisLabel >= 0.000) & Temp <= 0.000)
",-9999999.000,-9999999.000,0.000,0.000,1.000,0,0,0,17,17,0,0,17,0.0,0,0,0.0,0.0,1.0
"F[1,2](((Temp <= 21.139 & Platelets >= 1.915) -> Glucose <= 258.142) | Creatinine >= 6.622)
",-9999999.000,-9999999.000,0.000,0.000,1.000,0,0,0,17,17,0,0,17,0.0,0,0,0.0,0.0,1.0
"F[1,2](((HR >= 4.640 | Phosphate >= 0.047) -> Bilirubin_total >= 0.073) -> BUN >= 0.161)
",-9999999.000,-9999999.000,0.000,0.000,1.000,0,0,0,17,17,0,0,17,0.0,0,0,0.0,0.0,1.0
"((SBP <= 142.635) U[0,2] (SaO2 >= 0.000))
",-9999999.000,-9999999.000,0.000,0.000,1.000,0,0,0,17,17,0,0,17,0.0,0,0,0.0,0.0,1.0
"F[1,2](((MAP >= 28.318 & SepsisLabel >= 0.000) | Lactate >= 0.000) | O2Sat <= 0.000)
",-9999999.000,-9999999.000,0.000,0.000,1.000,0,0,0,17,17,0,0,17,0.0,0,0,0.0,0.0,1.0
"F[1,2](((SaO2 <= 0.000 -> Phosphate >= 0.147) | O2Sat >= 0.111) & TroponinI >= 0.042)
",-9999999.000,-9999999.000,0.000,0.000,1.000,0,0,0,17,17,0,0,17,0.0,0,0,0.0,0.0,1.0
"((FiO2 >= 0.000) U[2,2] (O2Sat <= 97.654))
",97.654,97.654,0.000,0.000,1.000,0,0,0,17,17,0,0,17,0.0,0,0,0.0,0.0,1.0
"F[1,2](SaO2 >= 0.000 & Phosphate <= 0.429)
",-9999999.000,-9999999.000,0.000,0.000,1.000,0,0,0,17,17,0,0,17,0.0,0,0,0.0,0.0,1.0
"F[0,2](((Chloride <= 52.790 -> Glucose >= 8.687) | Lactate <= 197.596) | SBP <= 67.313)
",-9999999.000,-9999999.000,0.000,0.000,1.000,0,0,0,17,17,0,0,17,0.0,0,0,0.0,0.0,1.0
"F[1,2]((Calcium <= 2.926 & HR <= 114.453) & Bilirubin_direct >= 39.751)
",-9999999.000,-9999999.000,0.000,0.000,1.000,0,0,0,17,17,0,0,17,0.0,0,0,0.0,0.0,1.0
"F[2,2](((Potassium >= 0.196 | Bilirubin_total <= 0.000) & Fibrinogen <= 0.000) & BaseExcess >= 0.000)
",0.000,0.000,0.000,0.000,1.000,0,0,0,17,17,0,0,17,0.0,0,0,0.0,0.0,1.0
"F[1,2](((FiO2 <= 0.000 | Phosphate <= 2.772) -> FiO2 <= 2.777) | Hct <= 1.797)
",-9999999.000,-9999999.000,0.000,0.000,1.000,0,0,0,17,17,0,0,17,0.0,0,0,0.0,0.0,1.0
"F[2,2](((Hgb <= 5.331 & Calcium >= 0.048) & Platelets >= 0.461) & Resp <= 4.224)
",-0.461,-0.461,0.000,0.000,1.000,0,0,0,17,17,0,0,17,0.0,0,0,0.0,0.0,1.0
"F[0,2]((TroponinI >= 0.000 | BUN >= 0.210) -> PaCO2 >= 0.180)
",-9999999.000,-9999999.000,0.000,0.000,1.000,0,0,0,17,17,0,0,17,0.0,0,0,0.0,0.0,1.0
"F[1,2]((MAP >= 56.209 | PaCO2 >= 0.177) & HCO3 <= 12.395)
",-9999999.000,-9999999.000,0.000,0.000,1.000,0,0,0,17,17,0,0,17,0.0,0,0,0.0,0.0,1.0
"((Potassium >= 0.143) U[0,1] (AST <= 0.000))
",-9999999.000,-9999999.000,0.000,0.000,1.000,0,0,0,17,17,0,0,17,0.0,0,0,0.0,0.0,1.0
"((TroponinI >= 0.000) U[0,0] (Alkalinephos <= 0.000))
",0.000,0.000,0.000,0.000,1.000,0,0,0,17,17,0,0,17,0.0,0,0,0.0,0.0,1.0
"F[1,2](SepsisLabel <= 0.000 | Potassium >= 0.030)
",-9999999.000,-9999999.000,0.000,0.000,1.000,0,0,0,17,17,0,0,17,0.0,0,0,0.0,0.0,1.0
"F[0,0]((Alkalinephos <= 0.000 & Lactate <= 0.000) | SepsisLabel >= 0.000)
",0.377,32.875,0.000,0.000,1.000,0,0,0,17,17,0,0,17,0.0,0,0,0.0,0.0,1.0
"((WBC >= 0.720) U[0,0] (Glucose <= 164.660))
",164.660,164.660,0.000,0.000,1.000,0,0,0,17,17,0,0,17,0.0,0,0,0.0,0.0,1.0
"F[2,2](((SaO2 >= 0.000 -> Hct >= 1.863) & AST <= 30.510) & HR <= 18.686)
",0.000,0.000,0.000,0.000,1.000,0,0,0,17,17,0,0,17,0.0,0,0,0.0,0.0,1.0
"F[0,2](Hgb <= 1.599 | Hct <= 27.405)
",-9999999.000,-9999999.000,0.000,0.000,1.000,0,0,0,17,17,0,0,17,0.0,0,0,0.0,0.0,1.0
"F[2,2]((MAP <= 92.065 & pH <= 3.149) | HR <= 0.232)
",3.149,3.149,0.000,0.000,1.000,0,0,0,17,17,0,0,17,0.0,0,0,0.0,0.0,1.0
"F[0,2](AST <= 0.000 -> SepsisLabel = 0.000)
",-9999999.000,-9999999.000,0.000,0.000,1.000,0,0,0,17,17,0,0,17,0.0,0,0,0.0,0.0,1.0
"F[2,2](HR < 104.204 & SepsisLabel = 0.000)
",0.000,0.000,0.000,0.000,1.000,0,0,0,17,17,0,0,17,0.0,0,0,0.0,0.0,1.0
"F[0,2](Resp < 33.588 & SepsisLabel = 0.000)
",-9999999.000,-9999999.000,0.000,0.000,1.000,0,0,0,17,17,0,0,17,0.0,0,0,0.0,0.0,1.0
"((Platelets <= 248.576) U[0,2] (SepsisLabel = 0.000))
",-9999999.000,-9999999.000,0.000,0.000,1.000,0,0,0,17,17,0,0,17,0.0,0,0,0.0,0.0,1.0
"F[0,2](Phosphate > 0.036 -> SepsisLabel = 0.000)
",-9999999.000,-9999999.000,0.000,0.000,1.000,0,0,0,17,17,0,0,17,0.0,0,0,0.0,0.0,1.0
"((Hct >= 1.142) U[0,2] (SepsisLabel = 0.000))
",-9999999.000,-9999999.000,0.000,0.000,1.000,0,0,0,17,17,0,0,17,0.0,0,0,0.0,0.0,1.0
"F[0,2](Bilirubin_direct >= 0.000 -> SepsisLabel = 0.000)
",-9999999.000,-9999999.000,0.000,0.000,1.000,0,0,0,17,17,0,0,17,0.0,0,0,0.0,0.0,1.0
"F[2,2](BaseExcess < 0.000 -> SepsisLabel = 0.000)
",0.000,0.000,0.000,0.000,1.000,0,0,0,17,17,0,0,17,0.0,0,0,0.0,0.0,1.0
"F[0,1](EtCO2 > 0.000 -> SepsisLabel = 0.000)
",-9999999.000,-9999999.000,0.000,0.000,1.000,0,0,0,17,17,0,0,17,0.0,0,0,0.0,0.0,1.0
"F[0,2](((Creatinine >= 0.009 | SBP <= 128.974) | pH >= 92.806) | WBC <= 141.582)
",-9999999.000,-9999999.000,0.000,0.000,1.000,0,0,0,17,17,0,0,17,0.0,0,0,0.0,0.0,1.0
"((SaO2 <= 0.000) U[1,1] (SepsisLabel = 0.000))
",0.000,0.000,0.000,0.000,1.000,0,0,0,17,17,0,0,17,0.0,0,0,0.0,0.0,1.0
"F[0,0](WBC < 7.724 -> SepsisLabel = 0.000)
",-1.071,-6.224,0.000,0.000,1.000,0,0,0,17,17,0,0,17,0.0,0,0,0.0,0.0,1.0
"F[0,0](Hct > 0.054 -> SepsisLabel = 0.000)
",0.378,0.007,0.000,0.000,1.000,0,0,0,17,17,0,0,17,0.0,0,0,0.0,0.0,1.0
"F[1,2](SepsisLabel > 0.000 & SepsisLabel = 0.000)
",-9999999.000,-9999999.000,0.000,0.000,1.000,0,0,0,17,17,0,0,17,0.0,0,0,0.0,0.0,1.0
"F[0,2](AST <= 0.000 -> SepsisLabel = 0.000)
",-9999999.000,-9999999.000,0.000,0.000,1.000,0,0,0,17,17,0,0,17,0.0,0,0,0.0,0.0,1.0
"((Magnesium <= 0.456) U[0,1] (SepsisLabel = 0.000))
",-9999999.000,-9999999.000,0.000,0.000,1.000,0,0,0,17,17,0,0,17,0.0,0,0,0.0,0.0,1.0
"((BUN < 0.511) U[0,1] (SepsisLabel = 0.000))
",-9999999.000,-9999999.000,0.000,0.000,1.000,0,0,0,17,17,0,0,17,0.0,0,0,0.0,0.0,1.0
"F[1,1](Phosphate <= 1.716 -> SepsisLabel = 0.000)
",-1.716,-1.716,0.000,0.000,1.000,0,0,0,17,17,0,0,17,0.0,0,0,0.0,0.0,1.0
"F[0,1](SaO2 <= 0.000 -> SepsisLabel = 0.000)
",-9999999.000,-9999999.000,0.000,0.000,1.000,0,0,0,17,17,0,0,17,0.0,0,0,0.0,0.0,1.0
"((Calcium <= 5.507) U[0,1] (SepsisLabel = 0.000))
",-9999999.000,-9999999.000,0.000,0.000,1.000,0,0,0,17,17,0,0,17,0.0,0,0,0.0,0.0,1.0
"((Hct < 30.968) U[0,0] (SepsisLabel = 0.000))
",30.968,30.968,0.000,0.000,1.000,0,0,0,17,17,0,0,17,0.0,0,0,0.0,0.0,1.0
"F[0,2](((Phosphate <= 2.800 -> Potassium <= 1.661) | Bilirubin_direct >= 0.023) | Lactate >= 0.072)
",-9999999.000,-9999999.000,0.000,0.000,1.000,0,0,0,17,17,0,0,17,0.0,0,0,0.0,0.0,1.0
"((Phosphate >= 0.102) U[2,2] (Platelets >= 1.602))
",-0.102,-0.102,0.000,0.000,1.000,0,0,0,17,17,0,0,17,0.0,0,0,0.0,0.0,1.0
"F[0,1]((Calcium >= 0.158 | Chloride <= 62.238) & MAP >= 2.983)
",-9999999.000,-9999999.000,0.000,0.000,1.000,0,0,0,17,17,0,0,17,0.0,0,0,0.0,0.0,1.0
"F[0,1](Calcium <= 5.476 -> Hgb <= 8.678)
",-9999999.000,-9999999.000,0.000,0.000,1.000,0,0,0,17,17,0,0,17,0.0,0,0,0.0,0.0,1.0
"F[0,1](((Calcium >= 0.095 -> Phosphate <= 0.979) & pH <= 2.298) | Lactate <= 0.757)
",-9999999.000,-9999999.000,0.000,0.000,1.000,0,0,0,17,17,0,0,17,0.0,0,0,0.0,0.0,1.0
"F[1,2](((PaCO2 <= 26.196 & pH <= 3.226) & Bilirubin_total <= 0.334) -> Alkalinephos <= 1.142)
",-9999999.000,-9999999.000,0.000,0.000,1.000,0,0,0,17,17,0,0,17,0.0,0,0,0.0,0.0,1.0
"((Fibrinogen <= 0.000) U[1,2] (SepsisLabel = 0.000))
",-9999999.000,-9999999.000,0.000,0.000,1.000,0,0,0,17,17,0,0,17,0.0,0,0,0.0,0.0,1.0
"F[1,2](SepsisLabel < 0.000 -> SepsisLabel = 0.000)
",-9999999.000,-9999999.000,0.000,0.000,1.000,0,0,0,17,17,0,0,17,0.0,0,0,0.0,0.0,1.0
"F[0,0](Lactate >= 0.000 & SepsisLabel = 0.000)
",-0.377,-32.875,0.000,0.000,1.000,0,0,0,17,17,0,0,17,0.0,0,0,0.0,0.0,1.0
"((DBP <= 0.000) U[0,2] (SepsisLabel = 0.000))
",-9999999.000,-9999999.000,0.000,0.000,1.000,0,0,0,17,17,0,0,17,0.0,0,0,0.0,0.0,1.0
"((Alkalinephos < 0.000) U[0,2] (SepsisLabel = 0.000))
",-9999999.000,-9999999.000,0.000,0.000,1.000,0,0,0,17,17,0,0,17,0.0,0,0,0.0,0.0,1.0
"((FiO2 >= 0.000) U[2,2] (SepsisLabel = 0.000))
",0.000,0.000,0.000,0.000,1.000,0,0,0,17,17,0,0,17,0.0,0,0,0.0,0.0,1.0
"((Alkalinephos > 0.000) U[0,1] (SepsisLabel = 0.000))
",-9999999.000,-9999999.000,0.000,0.000,1.000,0,0,0,17,17,0,0,17,0.0,0,0,0.0,0.0,1.0
"F[0,2](FiO2 >= 0.000 -> SepsisLabel = 0.000)
",-9999999.000,-9999999.000,0.000,0.000,1.000,0,0,0,17,17,0,0,17,0.0,0,0,0.0,0.0,1.0
"((SaO2 <= 0.000) U[1,1] (SepsisLabel = 0.000))
",0.000,0.000,0.000,0.000,1.000,0,0,0,17,17,0,0,17,0.0,0,0,0.0,0.0,1.0
"F[0,2](Calcium > 0.012 & SepsisLabel = 0.000)
",-9999999.000,-9999999.000,0.000,0.000,1.000,0,0,0,17,17,0,0,17,0.0,0,0,0.0,0.0,1.0
"F[0,1](Fibrinogen >= 0.000 & SepsisLabel = 0.000)
",-9999999.000,-9999999.000,0.000,0.000,1.000,0,0,0,17,17,0,0,17,0.0,0,0,0.0,0.0,1.0
"F[1,2]((Phosphate >= 0.068 & Magnesium > 0.124) -> Calcium < 3.309)
",-9999999.000,-9999999.000,0.000,0.000,1.000,0,0,0,17,17,0,0,17,0.0,0,0,0.0,0.0,1.0
"F[0,1](Hgb <= 8.982 | Hct <= 9.243)
",-9999999.000,-9999999.000,0.000,0.000,1.000,0,0,0,17,17,0,0,17,0.0,0,0,0.0,0.0,1.0
"F[0,1]((Phosphate >= 0.129 & Magnesium > 0.106) -> Calcium < 1.411)
",-9999999.000,-9999999.000,0.000,0.000,1.000,0,0,0,17,17,0,0,17,0.0,0,0,0.0,0.0,1.0
"F[2,2](((Calcium < 4.514 & Potassium < 3.646) & Magnesium < 1.470) & Phosphate < 1.924)
",1.470,1.470,0.000,0.000,1.000,0,0,0,17,17,0,0,17,0.0,0,0,0.0,0.0,1.0
"F[1,2]((Calcium <= 2.097 & Potassium <= 3.032) & Magnesium >= 0.042)
",-9999999.000,-9999999.000,0.000,0.000,1.000,0,0,0,17,17,0,0,17,0.0,0,0,0.0,0.0,1.0
"F[0,2](Hgb <= 4.223 | Hct <= 8.554)
",-9999999.000,-9999999.000,0.000,0.000,1.000,0,0,0,17,17,0,0,17,0.0,0,0,0.0,0.0,1.0
"((MAP >= 3.580) U[1,2] (SBP <= 134.935))
",-9999999.000,-9999999.000,0.000,0.000,1.000,0,0,0,17,17,0,0,17,0.0,0,0,0.0,0.0,1.0
"F[0,1]((Phosphate >= 0.097 & Magnesium > 0.110) -> Calcium < 3.158)
",-9999999.000,-9999999.000,0.000,0.000,1.000,0,0,0,17,17,0,0,17,0.0,0,0,0.0,0.0,1.0
"F[1,2](((Calcium < 3.197 & Potassium < 3.119) & Magnesium < 1.656) & Phosphate < 1.871)
",-9999999.000,-9999999.000,0.000,0.000,1.000,0,0,0,17,17,0,0,17,0.0,0,0,0.0,0.0,1.0
"((MAP >= 49.180) U[1,2] (SBP <= 122.106))
",-9999999.000,-9999999.000,0.000,0.000,1.000,0,0,0,17,17,0,0,17,0.0,0,0,0.0,0.0,1.0
"F[0,1]((Phosphate >= 0.068 & Magnesium > 0.098) -> Calcium < 6.439)
",-9999999.000,-9999999.000,0.000,0.000,1.000,0,0,0,17,17,0,0,17,0.0,0,0,0.0,0.0,1.0
"F[1,2](((Calcium < 8.049 & Potassium < 3.825) & Magnesium < 1.320) & Phosphate < 0.350)
",-9999999.000,-9999999.000,0.000,0.000,1.000,0,0,0,17,17,0,0,17,0.0,0,0,0.0,0.0,1.0
"F[0,2]((Calcium <= 5.492 & Potassium <= 0.383) & Magnesium >= 0.092)
",-9999999.000,-9999999.000,0.000,0.000,1.000,0,0,0,17,17,0,0,17,0.0,0,0,0.0,0.0,1.0
"F[0,1](Hgb <= 1.824 | Hct <= 12.550)
",-9999999.000,-9999999.000,0.000,0.000,1.000,0,0,0,17,17,0,0,17,0.0,0,0,0.0,0.0,1.0
"((MAP >= 25.666) U[0,2] (SBP <= 131.690))
",-9999999.000,-9999999.000,0.000,0.000,1.000,0,0,0,17,17,0,0,17,0.0,0,0,0.0,0.0,1.0
"F[0,2]((Phosphate >= 0.169 & Magnesium > 0.010) -> Calcium < 0.710)
",-9999999.000,-9999999.000,0.000,0.000,1.000,0,0,0,17,17,0,0,17,0.0,0,0,0.0,0.0,1.0
"F[2,2](((Calcium < 9.161 & Potassium < 1.822) & Magnesium < 1.057) & Phosphate < 0.370)
",0.370,0.370,0.000,0.000,1.000,0,0,0,17,17,0,0,17,0.0,0,0,0.0,0.0,1.0
"((MAP >= 9.284) U[0,2] (SBP <= 133.647))
",-9999999.000,-9999999.000,0.000,0.000,1.000,0,0,0,17,17,0,0,17,0.0,0,0,0.0,0.0,1.0
"F[1,2]((Calcium <= 6.043 & Potassium <= 1.353) & Magnesium >= 0.082)
",-9999999.000,-9999999.000,0.000,0.000,1.000,0,0,0,17,17,0,0,17,0.0,0,0,0.0,0.0,1.0
"F[2,2]((Calcium <= 1.854 & Potassium <= 1.304) & Magnesium >= 0.116)
",-0.116,-0.116,0.000,0.000,1.000,0,0,0,17,17,0,0,17,0.0,0,0,0.0,0.0,1.0
"F[2,2](((Calcium < 6.760 & Potassium < 1.505) & Magnesium < 1.012) & Phosphate < 1.419)
",1.012,1.012,0.000,0.000,1.000,0,0,0,17,17,0,0,17,0.0,0,0,0.0,0.0,1.0
"F[0,2](Hgb <= 8.537 | Hct <= 13.639)
",-9999999.000,-9999999.000,0.000,0.000,1.000,0,0,0,17,17,0,0,17,0.0,0,0,0.0,0.0,1.0
"F[0,1]((Phosphate >= 0.129 & Magnesium > 0.103) -> Calcium < 0.944)
",-9999999.000,-9999999.000,0.000,0.000,1.000,0,0,0,17,17,0,0,17,0.0,0,0,0.0,0.0,1.0
"F[1,2](Hgb <= 5.776 | Hct <= 15.384)
",-9999999.000,-9999999.000,0.000,0.000,1.000,0,0,0,17,17,0,0,17,0.0,0,0,0.0,0.0,1.0
"((MAP >= 24.736) U[2,2] (SBP <= 128.257))
",128.257,128.257,0.000,0.000,1.000,0,0,0,17,17,0,0,17,0.0,0,0,0.0,0.0,1.0
"F[0,2]((Phosphate >= 0.047 & Magnesium > 0.071) -> Calcium < 3.143)
",-9999999.000,-9999999.000,0.000,0.000,1.000,0,0,0,17,17,0,0,17,0.0,0,0,0.0,0.0,1.0
"F[1,2](((Calcium < 4.851 & Potassium < 1.700) & Magnesium < 0.888) & Phosphate < 0.754)
",-9999999.000,-9999999.000,0.000,0.000,1.000,0,0,0,17,17,0,0,17,0.0,0,0,0.0,0.0,1.0
"F[1,2](Hgb <= 1.915 | Hct <= 27.578)
",-9999999.000,-9999999.000,0.000,0.000,1.000,0,0,0,17,17,0,0,17,0.0,0,0,0.0,0.0,1.0
"F[1,2]((Phosphate >= 0.131 & Magnesium > 0.034) -> Calcium < 5.639)
",-9999999.000,-9999999.000,0.000,0.000,1.000,0,0,0,17,17,0,0,17,0.0,0,0,0.0,0.0,1.0
"F[1,2](((Calcium < 1.902 & Potassium < 2.278) & Magnesium < 1.631) & Phosphate < 1.423)
",-9999999.000,-9999999.000,0.000,0.000,1.000,0,0,0,17,17,0,0,17,0.0,0,0,0.0,0.0,1.0
"F[0,2]((Calcium <= 5.988 & Potassium <= 3.396) & Magnesium >= 0.048)
",-9999999.000,-9999999.000,0.000,0.000,1.000,0,0,0,17,17,0,0,17,0.0,0,0,0.0,0.0,1.0
"F[0,1]((Phosphate >= 0.081 & Magnesium > 0.055) -> Calcium < 0.756)
",-9999999.000,-9999999.000,0.000,0.000,1.000,0,0,0,17,17,0,0,17,0.0,0,0,0.0,0.0,1.0
"F[2,2](((Calcium < 5.623 & Potassium < 2.707) & Magnesium < 1.060) & Phosphate < 0.889)
",0.889,0.889,0.000,0.000,1.000,0,0,0,17,17,0,0,17,0.0,0,0,0.0,0.0,1.0
"F[0,2]((Calcium <= 1.401 & Potassium <= 4.158) & Magnesium >= 0.049)
",-9999999.000,-9999999.000,0.000,0.000,1.000,0,0,0,17,17,0,0,17,0.0,0,0,0.0,0.0,1.0
"((MAP >= 55.569) U[0,1] (SBP <= 136.297))
",-9999999.000,-9999999.000,0.000,0.000,1.000,0,0,0,17,17,0,0,17,0.0,0,0,0.0,0.0,1.0
"F[0,1]((Phosphate >= 0.180 & Magnesium > 0.016) -> Calcium < 2.487)
",-9999999.000,-9999999.000,0.000,0.000,1.000,0,0,0,17,17,0,0,17,0.0,0,0,0.0,0.0,1.0
"F[0,2](Creatinine <= 0.260 -> Hct <= 2.475)
",-9999999.000,-9999999.000,0.000,0.000,1.000,0,0,0,17,17,0,0,17,0.0,0,0,0.0,0.0,1.0
"F[0,1](Chloride <= 68.987 | Creatinine <= 0.538)
",-9999999.000,-9999999.000,0.000,0.000,1.000,0,0,0,17,17,0,0,17,0.0,0,0,0.0,0.0,1.0
"F[2,2](Chloride <= 26.157 -> Platelets >= 2.220)
",-26.157,-26.157,0.000,0.000,1.000,0,0,0,17,17,0,0,17,0.0,0,0,0.0,0.0,1.0
"F[0,1](((Glucose >= 10.289 & O2Sat >= 35.054) -> Glucose >= 33.590) & SBP >= 13.716)
",-9999999.000,-9999999.000,0.000,0.000,1.000,0,0,0,17,17,0,0,17,0.0,0,0,0.0,0.0,1.0
"F[1,2](HCO3 <= 6.749 -> PaCO2 <= 16.122)
",-9999999.000,-9999999.000,0.000,0.000,1.000,0,0,0,17,17,0,0,17,0.0,0,0,0.0,0.0,1.0
"F[1,2](((PaCO2 <= 28.303 & Potassium <= 1.489) | AST >= 0.146) | Fibrinogen <= 1.493)
",-9999999.000,-9999999.000,0.000,0.000,1.000,0,0,0,17,17,0,0,17,0.0,0,0,0.0,0.0,1.0
"F[1,2](((Creatinine >= 0.003 -> pH >= 0.101) -> AST <= 5.185) & Alkalinephos <= 0.277)
",-9999999.000,-9999999.000,0.000,0.000,1.000,0,0,0,17,17,0,0,17,0.0,0,0,0.0,0.0,1.0
"F[0,2]((PaCO2 >= 0.610 -> Platelets >= 8.852) & Bilirubin_total <= 147.564)
",-9999999.000,-9999999.000,0.000,0.000,1.000,0,0,0,17,17,0,0,17,0.0,0,0,0.0,0.0,1.0
"F[0,2]((pH <= 0.664 -> Phosphate >= 0.048) | O2Sat >= 0.047)
",-9999999.000,-9999999.000,0.000,0.000,1.000,0,0,0,17,17,0,0,17,0.0,0,0,0.0,0.0,1.0
"F[1,1](((PaCO2 >= 0.964 | Phosphate >= 0.021) | SBP >= 0.083) | Resp >= 0.029)
",-0.021,-0.021,0.000,0.000,1.000,0,0,0,17,17,0,0,17,0.0,0,0,0.0,0.0,1.0
"F[0,1]((Chloride <= 33.835 -> pH <= 3.924) & Alkalinephos <= 5.160)
",-9999999.000,-9999999.000,0.000,0.000,1.000,0,0,0,17,17,0,0,17,0.0,0,0,0.0,0.0,1.0
"F[1,2](((BUN >= 0.304 -> HR <= 111.670) -> PTT >= 85.202) | Temp >= 23.424)
",-9999999.000,-9999999.000,0.000,0.000,1.000,0,0,0,17,17,0,0,17,0.0,0,0,0.0,0.0,1.0
"F[1,1]((PTT <= 1.486 & SBP <= 122.069) | FiO2 <= 135.309)
",135.309,135.309,0.000,0.000,1.000,0,0,0,17,17,0,0,17,0.0,0,0,0.0,0.0,1.0
"F[1,1]((HCO3 >= 0.131 -> HR >= 97.628) | Fibrinogen >= 1.303)
",0.131,0.131,0.000,0.000,1.000,0,0,0,17,17,0,0,17,0.0,0,0,0.0,0.0,1.0
"F[1,2]((O2Sat >= 40.849 | PaCO2 <= 21.474) | SepsisLabel >= 0.882)
",-9999999.000,-9999999.000,0.000,0.000,1.000,0,0,0,17,17,0,0,17,0.0,0,0,0.0,0.0,1.0
"F[0,2](MAP >= 39.831 & Temp <= 21.218)
",-9999999.000,-9999999.000,0.000,0.000,1.000,0,0,0,17,17,0,0,17,0.0,0,0,0.0,0.0,1.0
"F[1,2]((Hgb <= 4.839 & HR >= 25.092) -> Platelets <= 107.774)
",-9999999.000,-9999999.000,0.000,0.000,1.000,0,0,0,17,17,0,0,17,0.0,0,0,0.0,0.0,1.0
"F[0,2](Chloride <= 32.774 -> HR <= 121.282)
",-9999999.000,-9999999.000,0.000,0.000,1.000,0,0,0,17,17,0,0,17,0.0,0,0,0.0,0.0,1.0
"F[0,2]((Creatinine <= 0.680 | HR >= 11.955) | HR <= 116.459)
",-9999999.000,-9999999.000,0.000,0.000,1.000,0,0,0,17,17,0,0,17,0.0,0,0,0.0,0.0,1.0
"F[1,2]((pH <= 3.065 | WBC >= 0.587) -> Potassium >= 0.348)
",-9999999.000,-9999999.000,0.000,0.000,1.000,0,0,0,17,17,0,0,17,0.0,0,0,0.0,0.0,1.0
"F[0,2](Hct >= 1.774 & O2Sat <= 97.546)
",-9999999.000,-9999999.000,0.000,0.000,1.000,0,0,0,17,17,0,0,17,0.0,0,0,0.0,0.0,1.0
"F[1,2](((Temp <= 18.515 | WBC >= 0.862) | FiO2 >= 0.354) & DBP <= 24.354)
",-9999999.000,-9999999.000,0.000,0.000,1.000,0,0,0,17,17,0,0,17,0.0,0,0,0.0,0.0,1.0
"F[0,1]((Chloride >= 4.189 -> O2Sat <= 99.056) | Creatinine <= 95.194)
",-9999999.000,-9999999.000,0.000,0.000,1.000,0,0,0,17,17,0,0,17,0.0,0,0,0.0,0.0,1.0
"F[0,1]((Magnesium >= 0.008 & SBP <= 138.347) -> Bilirubin_total >= 12.901)
",-9999999.000,-9999999.000,0.000,0.000,1.000,0,0,0,17,17,0,0,17,0.0,0,0,0.0,0.0,1.0
"F[1,2](((Hgb <= 6.237 | MAP >= 67.299) -> PTT >= 68.656) & MAP >= 15.146)
",-9999999.000,-9999999.000,0.000,0.000,1.000,0,0,0,17,17,0,0,17,0.0,0,0,0.0,0.0,1.0
"F[0,1](((MAP <= 80.722 | Phosphate >= 0.048) & Glucose >= 0.067) -> SepsisLabel >= 0.126)
",-9999999.000,-9999999.000,0.000,0.000,1.000,0,0,0,17,17,0,0,17,0.0,0,0,0.0,0.0,1.0
"((Calcium <= 6.447) U[0,2] (SBP <= 126.577))
",-9999999.000,-9999999.000,0.000,0.000,1.000,0,0,0,17,17,0,0,17,0.0,0,0,0.0,0.0,1.0
"F[0,1]((Phosphate >= 0.172 -> SBP <= 125.384) & pH <= 135.741)
",-9999999.000,-9999999.000,0.000,0.000,1.000,0,0,0,17,17,0,0,17,0.0,0,0,0.0,0.0,1.0
"F[2,2](Platelets >= 4.946 -> SBP >= 97.378)
",4.946,4.946,0.000,0.000,1.000,0,0,0,17,17,0,0,17,0.0,0,0,0.0,0.0,1.0
"F[1,2]((Potassium <= 1.221 -> SBP >= 48.515) -> Calcium >= 29.091)
",-9999999.000,-9999999.000,0.000,0.000,1.000,0,0,0,17,17,0,0,17,0.0,0,0,0.0,0.0,1.0
"F[1,2]((HR >= 41.413 -> pH <= 3.447) & Hct <= 6.343)
",-9999999.000,-9999999.000,0.000,0.000,1.000,0,0,0,17,17,0,0,17,0.0,0,0,0.0,0.0,1.0
"F[0,2]((HCO3 >= 0.644 | O2Sat >= 5.932) -> Glucose >= 70.778)
",-9999999.000,-9999999.000,0.000,0.000,1.000,0,0,0,17,17,0,0,17,0.0,0,0,0.0,0.0,1.0
"((MAP <= 103.305) U[1,2] (WBC <= 21.732))
",-9999999.000,-9999999.000,0.000,0.000,1.000,0,0,0,17,17,0,0,17,0.0,0,0,0.0,0.0,1.0
"F[2,2](((O2Sat <= 99.428 | Platelets >= 13.336) | PaCO2 <= 195.134) & SepsisLabel >= 5.217)
",-5.217,-5.217,0.000,0.000,1.000,0,0,0,17,17,0,0,17,0.0,0,0,0.0,0.0,1.0
"((pH >= 0.094) U[0,2] (PTT >= 0.671))
",-9999999.000,-9999999.000,0.000,0.000,1.000,0,0,0,17,17,0,0,17,0.0,0,0,0.0,0.0,1.0
"F[1,2](PaCO2 >= 1.016 -> PTT >= 0.298)
",-9999999.000,-9999999.000,0.000,0.000,1.000,0,0,0,17,17,0,0,17,0.0,0,0,0.0,0.0,1.0
"F[0,2](O2Sat <= 98.543 & Phosphate <= 1.490)
",-9999999.000,-9999999.000,0.000,0.000,1.000,0,0,0,17,17,0,0,17,0.0,0,0,0.0,0.0,1.0
"F[0,2](((Calcium >= 0.376 | O2Sat <= 99.945) | BaseExcess <= 96.325) -> Alkalinephos >= 83.800)
",-9999999.000,-9999999.000,0.000,0.000,1.000,0,0,0,17,17,0,0,17,0.0,0,0,0.0,0.0,1.0
"F[0,2](O2Sat <= 99.318 | Temp <= 29.297)
",-9999999.000,-9999999.000,0.000,0.000,1.000,0,0,0,17,17,0,0,17,0.0,0,0,0.0,0.0,1.0
"F[0,1]((Glucose <= 152.751 & Temp <= 24.844) | Bilirubin_direct <= 9.226)
",-9999999.000,-9999999.000,0.000,0.000,1.000,0,0,0,17,17,0,0,17,0.0,0,0,0.0,0.0,1.0
"F[2,2]((Hct >= 1.521 & Platelets <= 79.144) -> SBP <= 91.196)
",-91.196,-91.196,0.000,0.000,1.000,0,0,0,17,17,0,0,17,0.0,0,0,0.0,0.0,1.0
"F[0,2](HR <= 119.518 -> SBP >= 73.415)
",-9999999.000,-9999999.000,0.000,0.000,1.000,0,0,0,17,17,0,0,17,0.0,0,0,0.0,0.0,1.0
"F[0,1](((BUN <= 6.421 -> Creatinine >= 0.016) -> SepsisLabel <= 0.615) & BaseExcess <= 0.372)
",-9999999.000,-9999999.000,0.000,0.000,1.000,0,0,0,17,17,0,0,17,0.0,0,0,0.0,0.0,1.0
"F[0,2](((Phosphate >= 0.001 -> WBC >= 0.155) -> DBP <= 10.945) | Alkalinephos <= 13.742)
",-9999999.000,-9999999.000,0.000,0.000,1.000,0,0,0,17,17,0,0,17,0.0,0,0,0.0,0.0,1.0
"((Creatinine <= 0.617) U[1,2] (Potassium <= 2.645))
",-9999999.000,-9999999.000,0.000,0.000,1.000,0,0,0,17,17,0,0,17,0.0,0,0,0.0,0.0,1.0
"((HCO3 >= 1.050) U[0,2] (Magnesium >= 0.075))
",-9999999.000,-9999999.000,0.000,0.000,1.000,0,0,0,17,17,0,0,17,0.0,0,0,0.0,0.0,1.0
"F[1,2](Creatinine >= 0.010 | Platelets <= 160.354)
",-9999999.000,-9999999.000,0.000,0.000,1.000,0,0,0,17,17,0,0,17,0.0,0,0,0.0,0.0,1.0
"F[1,2]((HCO3 <= 7.192 -> Hct <= 26.540) -> Resp <= 3.694)
",-9999999.000,-9999999.000,0.000,0.000,1.000,0,0,0,17,17,0,0,17,0.0,0,0,0.0,0.0,1.0
"F[0,2](((Chloride <= 79.755 -> HCO3 <= 11.190) & EtCO2 >= 0.351) & Platelets >= 1.126)
",-9999999.000,-9999999.000,0.000,0.000,1.000,0,0,0,17,17,0,0,17,0.0,0,0,0.0,0.0,1.0
"F[0,1](((Magnesium <= 1.780 | Potassium <= 0.828) | MAP >= 0.113) | BUN >= 0.211)
",-9999999.000,-9999999.000,0.000,0.000,1.000,0,0,0,17,17,0,0,17,0.0,0,0,0.0,0.0,1.0
"F[0,1]((BUN <= 7.180 | Platelets <= 174.263) -> SaO2 <= 111.579)
",-9999999.000,-9999999.000,0.000,0.000,1.000,0,0,0,17,17,0,0,17,0.0,0,0,0.0,0.0,1.0
"F[0,2](HCO3 >= 0.812 & Hgb <= 2.856)
",-9999999.000,-9999999.000,0.000,0.000,1.000,0,0,0,17,17,0,0,17,0.0,0,0,0.0,0.0,1.0
"F[1,2](((Creatinine >= 0.021 | Phosphate <= 1.659) -> Lactate >= 0.040) -> Resp <= 1.948)
",-9999999.000,-9999999.000,0.000,0.000,1.000,0,0,0,17,17,0,0,17,0.0,0,0,0.0,0.0,1.0
"((Chloride <= 20.930) U[2,2] (Potassium <= 1.234))
",20.930,20.930,0.000,0.000,1.000,0,0,0,17,17,0,0,17,0.0,0,0,0.0,0.0,1.0
"F[1,2](((Creatinine <= 0.373 & Glucose >= 7.742) & Fibrinogen >= 4.075) & Temp >= 2.108)
",-9999999.000,-9999999.000,0.000,0.000,1.000,0,0,0,17,17,0,0,17,0.0,0,0,0.0,0.0,1.0
"F[1,2](((Magnesium <= 1.911 & Platelets <= 111.182) -> TroponinI <= 254.639) | BaseExcess <= 230.171)
",-9999999.000,-9999999.000,0.000,0.000,1.000,0,0,0,17,17,0,0,17,0.0,0,0,0.0,0.0,1.0
"F[2,2]((Creatinine <= 0.607 | Hgb <= 3.634) -> SBP <= 3.564)
",-3.634,-3.634,0.000,0.000,1.000,0,0,0,17,17,0,0,17,0.0,0,0,0.0,0.0,1.0
"F[0,2]((Glucose >= 0.354 | Potassium >= 0.169) | Chloride >= 0.044)
",-9999999.000,-9999999.000,0.000,0.000,1.000,0,0,0,17,17,0,0,17,0.0,0,0,0.0,0.0,1.0
"F[1,1]((HR >= 89.280 | O2Sat >= 57.489) -> Alkalinephos <= 94.187)
",-94.187,-94.187,0.000,0.000,1.000,0,0,0,17,17,0,0,17,0.0,0,0,0.0,0.0,1.0
"F[1,2](((Platelets <= 211.243 & Temp >= 5.542) | BaseExcess >= 8.081) -> Glucose >= 4.839)
",-9999999.000,-9999999.000,0.000,0.000,1.000,0,0,0,17,17,0,0,17,0.0,0,0,0.0,0.0,1.0
"F[1,2](((Glucose <= 139.554 & PTT >= 0.354) | PTT >= 0.179) -> FiO2 >= 0.547)
",-9999999.000,-9999999.000,0.000,0.000,1.000,0,0,0,17,17,0,0,17,0.0,0,0,0.0,0.0,1.0
"F[0,0](((Phosphate <= 0.978 | Temp >= 7.249) & Hct >= 5.930) -> Hct <= 15.101)
",-15.101,-15.101,0.000,0.000,1.000,0,0,0,17,17,0,0,17,0.0,0,0,0.0,0.0,1.0
"F[0,2](((Calcium >= 0.413 & Temp >= 8.830) | BUN <= 19.724) & SepsisLabel >= 7.926)
",-9999999.000,-9999999.000,0.000,0.000,1.000,0,0,0,17,17,0,0,17,0.0,0,0,0.0,0.0,1.0
"F[0,0](((Hgb <= 8.156 -> Temp >= 8.790) | Magnesium <= 31.476) & Hgb <= 20.440)
",1.600,16.533,0.000,0.000,1.000,0,0,0,17,17,0,0,17,0.0,0,0,0.0,0.0,1.0
"F[1,2]((HCO3 >= 0.040 & Resp >= 3.611) | Hct >= 17.091)
",-9999999.000,-9999999.000,0.000,0.000,1.000,0,0,0,17,17,0,0,17,0.0,0,0,0.0,0.0,1.0
"((Phosphate <= 2.119) U[0,2] (Resp >= 8.297))
",-9999999.000,-9999999.000,0.000,0.000,1.000,0,0,0,17,17,0,0,17,0.0,0,0,0.0,0.0,1.0
"F[0,2]((Calcium >= 0.325 -> Resp <= 29.992) | AST >= 18.520)
",-9999999.000,-9999999.000,0.000,0.000,1.000,0,0,0,17,17,0,0,17,0.0,0,0,0.0,0.0,1.0
"F[1,2](((Hct >= 1.461 & Resp >= 5.495) -> Platelets <= 24.078) | Bilirubin_total >= 17.864)
",-9999999.000,-9999999.000,0.000,0.000,1.000,0,0,0,17,17,0,0,17,0.0,0,0,0.0,0.0,1.0
"F[0,2](Magnesium <= 0.797 & Resp >= 17.779)
",-9999999.000,-9999999.000,0.000,0.000,1.000,0,0,0,17,17,0,0,17,0.0,0,0,0.0,0.0,1.0
"((Resp >= 2.359) U[0,2] (Temp <= 28.436))
",-9999999.000,-9999999.000,0.000,0.000,1.000,0,0,0,17,17,0,0,17,0.0,0,0,0.0,0.0,1.0
"F[2,2](((Glucose >= 4.557 | Resp <= 24.588) & Fibrinogen >= 23.425) -> AST >= 4.883)
",4.883,4.883,0.000,0.000,1.000,0,0,0,17,17,0,0,17,0.0,0,0,0.0,0.0,1.0
"F[1,2](((Resp <= 30.507 | SBP >= 104.090) & O2Sat >= 41.395) & Temp >= 18.539)
",-9999999.000,-9999999.000,0.000,0.000,1.000,0,0,0,17,17,0,0,17,0.0,0,0,0.0,0.0,1.0
"F[0,1](HR >= 80.221 & Resp <= 31.363)
",-9999999.000,-9999999.000,0.000,0.000,1.000,0,0,0,17,17,0,0,17,0.0,0,0,0.0,0.0,1.0
"F[0,2](((PTT >= 0.066 | WBC <= 20.792) & PTT >= 0.361) | Platelets >= 0.610)
",-9999999.000,-9999999.000,0.000,0.000,1.000,0,0,0,17,17,0,0,17,0.0,0,0,0.0,0.0,1.0
"F[1,2]((Platelets <= 220.028 | PTT <= 11.725) & Hgb <= 15.412)
",-9999999.000,-9999999.000,0.000,0.000,1.000,0,0,0,17,17,0,0,17,0.0,0,0,0.0,0.0,1.0
"F[1,2]((Calcium >= 0.500 & PTT >= 0.106) & SepsisLabel <= 7.879)
",-9999999.000,-9999999.000,0.000,0.000,1.000,0,0,0,17,17,0,0,17,0.0,0,0,0.0,0.0,1.0
"((HCO3 <= 18.407) U[0,2] (pH <= 3.049))
",-9999999.000,-9999999.000,0.000,0.000,1.000,0,0,0,17,17,0,0,17,0.0,0,0,0.0,0.0,1.0
