Rule,Discrimination Score,Pos Robustness,Neg Robustness,Percent Class +,Percent Class -,TP,TN,FP,FN,Actual Yes,Actual No,Predicted Yes,Predicted No,TPR/Sens,TNR/Spec,FPR,Precision,Accuracy,MCR
"F[0,0]((Hgb >= 0.370 & WBC <= 9.688) & SaO2 >= 0.469)
",-0.192,-0.891,0.000,0.000,1.000,28,0,0,0,28,0,28,0,1.0,0,0,1.0,1.018181818181818,-0.018181818181818077
"F[0,0]((DBP >= 36.621 & Hct >= 0.538) & TroponinI >= 1.025)
",-0.391,-3.644,0.000,0.000,1.000,28,0,0,0,28,0,28,0,1.0,0,0,1.0,1.018181818181818,-0.018181818181818077
"((Calcium >= 0.174) U[1,1] (Phosphate >= 0.060))
",-0.060,-0.060,0.000,0.000,1.000,27,0,0,1,28,0,27,1,0.9642857142857143,0,0,1.0,0.9818181818181818,0.018181818181818188
"F[0,1]((Bilirubin_total <= 1.240 & Fibrinogen <= 163.231) & Platelets >= 1.593)
",-9999999.000,-9999999.000,0.000,0.000,1.000,27,0,0,1,28,0,27,1,0.9642857142857143,0,0,1.0,0.9818181818181818,0.018181818181818188
"F[0,1](((AST >= 0.203 | SBP >= 47.372) | SBP <= 149.059) & TroponinI >= 48.570)
",-9999999.000,-9999999.000,0.000,0.000,1.000,27,0,0,1,28,0,27,1,0.9642857142857143,0,0,1.0,0.9818181818181818,0.018181818181818188
"F[0,1](((O2Sat <= 95.518 | Temp <= 36.451) | O2Sat <= 36.084) & FiO2 >= 1.630)
",-9999999.000,-9999999.000,0.000,0.000,1.000,27,0,0,1,28,0,27,1,0.9642857142857143,0,0,1.0,0.9818181818181818,0.018181818181818188
"((DBP >= 22.245) U[0,0] (HCO3 >= 0.975))
",3.054,45.572,0.000,0.000,1.000,27,0,0,1,28,0,27,1,0.9642857142857143,0,0,1.0,0.9818181818181818,0.018181818181818188
"F[0,1]((Calcium <= 1.904 & Potassium <= 3.246) & Magnesium >= 0.089)
",-9999999.000,-9999999.000,0.000,0.000,1.000,27,0,0,1,28,0,27,1,0.9642857142857143,0,0,1.0,0.9818181818181818,0.018181818181818188
"F[0,0]((Bilirubin_direct >= 0.009 & Magnesium >= 0.117) | EtCO2 >= 0.085)
",3.042,16.721,0.000,0.000,1.000,27,0,0,1,28,0,27,1,0.9642857142857143,0,0,1.0,0.9818181818181818,0.018181818181818188
"F[1,1](((Calcium >= 0.443 & MAP >= 64.159) & O2Sat <= 77.253) & EtCO2 <= 74.858)
",-4514779829176052.000,-64.159,0.000,0.000,1.000,27,0,0,1,28,0,27,1,0.9642857142857143,0,0,1.0,0.9818181818181818,0.018181818181818188
"F[1,1]((Calcium <= 1.506 & Potassium <= 1.955) & Magnesium >= 0.054)
",-7733224511747772.000,-0.054,0.000,0.000,1.000,27,0,0,1,28,0,27,1,0.9642857142857143,0,0,1.0,0.9818181818181818,0.018181818181818188
"F[1,1](HCO3 <= 17.230 & Hgb >= 0.496)
",-0.496,-0.496,0.000,0.000,1.000,27,0,0,1,28,0,27,1,0.9642857142857143,0,0,1.0,0.9818181818181818,0.018181818181818188
"F[1,1]((Calcium <= 7.290 & Potassium <= 1.431) & Magnesium >= 0.072)
",-0.072,-0.072,0.000,0.000,1.000,27,0,0,1,28,0,27,1,0.9642857142857143,0,0,1.0,0.9818181818181818,0.018181818181818188
"F[0,1]((Creatinine >= 0.008 -> Resp <= 19.621) -> Potassium >= 8.660)
",-9999999.000,-9999999.000,0.000,0.000,1.000,27,0,0,1,28,0,27,1,0.9642857142857143,0,0,1.0,0.9818181818181818,0.018181818181818188
"F[0,0](((Fibrinogen >= 7.868 -> Temp >= 6.652) -> DBP <= 23.457) | Lactate >= 7.597)
",2.137,42.280,0.000,0.000,1.000,26,0,0,2,28,0,26,2,0.9285714285714286,0,0,1.0,0.9454545454545454,0.054545454545454564
"((Fibrinogen >= 2.601) U[1,1] (SepsisLabel = 0.000))
",0.000,0.000,0.000,0.000,1.000,26,0,0,2,28,0,26,2,0.9285714285714286,0,0,1.0,0.9454545454545454,0.054545454545454564
"((Chloride >= 1.430) U[1,1] (SBP >= 89.180))
",-6440116490157331.000,-1.430,0.000,0.000,1.000,26,0,0,2,28,0,26,2,0.9285714285714286,0,0,1.0,0.9454545454545454,0.054545454545454564
"((Calcium >= 0.105) U[0,1] (Fibrinogen >= 2.290))
",-9999999.000,-9999999.000,0.000,0.000,1.000,26,0,0,2,28,0,26,2,0.9285714285714286,0,0,1.0,0.9454545454545454,0.054545454545454564
"((Phosphate >= 0.061) U[1,1] (Potassium <= 0.780))
",7026580878034005.000,0.780,0.000,0.000,1.000,26,0,0,2,28,0,26,2,0.9285714285714286,0,0,1.0,0.9454545454545454,0.054545454545454564
"F[1,1](Fibrinogen >= 2.453 | Platelets >= 3.616)
",-2.453,-2.453,0.000,0.000,1.000,26,0,0,2,28,0,26,2,0.9285714285714286,0,0,1.0,0.9454545454545454,0.054545454545454564
"((Creatinine >= 0.021) U[0,0] (Magnesium >= 0.033))
",0.202,4.008,0.000,0.000,1.000,26,0,0,2,28,0,26,2,0.9285714285714286,0,0,1.0,0.9454545454545454,0.054545454545454564
"F[0,0](((BUN <= 47.774 & DBP >= 36.661) -> BUN >= 16.134) & Fibrinogen <= 49.426)
",-2.048,-29.779,0.000,0.000,1.000,26,0,0,2,28,0,26,2,0.9285714285714286,0,0,1.0,0.9454545454545454,0.054545454545454564
"F[0,1](BaseExcess >= 0.467 & Temp >= 5.487)
",-9999999.000,-9999999.000,0.000,0.000,1.000,26,0,0,2,28,0,26,2,0.9285714285714286,0,0,1.0,0.9454545454545454,0.054545454545454564
"F[0,1](((PaCO2 >= 0.608 & Phosphate >= 0.014) & PTT >= 0.024) & Hct >= 0.059)
",-9999999.000,-9999999.000,0.000,0.000,1.000,26,0,0,2,28,0,26,2,0.9285714285714286,0,0,1.0,0.9454545454545454,0.054545454545454564
"F[0,0]((Hgb <= 6.209 | Temp >= 2.406) -> Chloride >= 2.964)
",-3.049,-83.958,0.000,0.000,1.000,26,0,0,2,28,0,26,2,0.9285714285714286,0,0,1.0,0.9454545454545454,0.054545454545454564
"((SaO2 >= 1.431) U[1,1] (SepsisLabel = 0.000))
",0.000,0.000,0.000,0.000,1.000,26,0,0,2,28,0,26,2,0.9285714285714286,0,0,1.0,0.9454545454545454,0.054545454545454564
"((Hgb >= 0.092) U[1,1] (Magnesium <= 0.357))
",6424346006729708.000,0.357,0.000,0.000,1.000,25,0,0,3,28,0,25,3,0.8928571428571429,0,0,1.0,0.9090909090909091,0.09090909090909094
"F[0,1]((HCO3 >= 0.574 -> PTT >= 0.713) & Bilirubin_total >= 0.056)
",-9999999.000,-9999999.000,0.000,0.000,1.000,25,0,0,3,28,0,25,3,0.8928571428571429,0,0,1.0,0.9090909090909091,0.09090909090909094
"F[1,1](HCO3 >= 0.574 | Platelets >= 0.891)
",-5167235561605332.000,-0.574,0.000,0.000,1.000,25,0,0,3,28,0,25,3,0.8928571428571429,0,0,1.0,0.9090909090909091,0.09090909090909094
"((Chloride >= 0.574) U[1,2] (Hgb <= 0.816))
",-9999999.000,-9999999.000,0.000,0.000,1.000,25,0,0,3,28,0,25,3,0.8928571428571429,0,0,1.0,0.9090909090909091,0.09090909090909094
"F[0,1]((Alkalinephos >= 0.190 & Potassium >= 0.307) & AST >= 0.148)
",-9999999.000,-9999999.000,0.000,0.000,1.000,25,0,0,3,28,0,25,3,0.8928571428571429,0,0,1.0,0.9090909090909091,0.09090909090909094
"((Creatinine <= 0.389) U[0,1] (SaO2 >= 0.159))
",-9999999.000,-9999999.000,0.000,0.000,1.000,25,0,0,3,28,0,25,3,0.8928571428571429,0,0,1.0,0.9090909090909091,0.09090909090909094
"F[1,1](HCO3 >= 0.711 & SBP >= 106.236)
",-7475703678272277.000,-106.236,0.000,0.000,1.000,25,0,0,3,28,0,25,3,0.8928571428571429,0,0,1.0,0.9090909090909091,0.09090909090909094
"F[1,1](Calcium > 0.326 & SepsisLabel = 0.000)
",-5870423343870396.000,-0.326,0.000,0.000,1.000,25,0,0,3,28,0,25,3,0.8928571428571429,0,0,1.0,0.9090909090909091,0.09090909090909094
"F[0,1]((Platelets <= 54.195 -> PTT >= 0.160) & Chloride >= 0.556)
",-9999999.000,-9999999.000,0.000,0.000,1.000,25,0,0,3,28,0,25,3,0.8928571428571429,0,0,1.0,0.9090909090909091,0.09090909090909094
"((Bilirubin_total >= 0.061) U[1,2] (SaO2 <= 18.404))
",-9999999.000,-9999999.000,0.000,0.000,1.000,25,0,0,3,28,0,25,3,0.8928571428571429,0,0,1.0,0.9090909090909091,0.09090909090909094
"F[0,1](((Creatinine <= 0.373 | HR <= 96.398) & Phosphate <= 85.572) -> SaO2 >= 52.929)
",-9999999.000,-9999999.000,0.000,0.000,1.000,24,0,0,4,28,0,24,4,0.8571428571428571,0,0,1.0,0.8727272727272727,0.12727272727272732
"((Bilirubin_total >= 0.070) U[0,1] (WBC >= 0.155))
",-9999999.000,-9999999.000,0.000,0.000,1.000,24,0,0,4,28,0,24,4,0.8571428571428571,0,0,1.0,0.8727272727272727,0.12727272727272732
"F[0,1]((Alkalinephos <= 54.626 & Creatinine <= 0.750) -> Alkalinephos >= 0.023)
",-9999999.000,-9999999.000,0.000,0.000,1.000,24,0,0,4,28,0,24,4,0.8571428571428571,0,0,1.0,0.8727272727272727,0.12727272727272732
"((Glucose <= 41.963) U[0,1] (HCO3 >= 1.263))
",-9999999.000,-9999999.000,0.000,0.000,1.000,24,0,0,4,28,0,24,4,0.8571428571428571,0,0,1.0,0.8727272727272727,0.12727272727272732
"F[0,1]((Bilirubin_direct <= 0.408 -> Potassium >= 0.007) & WBC <= 1.586)
",-9999999.000,-9999999.000,0.000,0.000,1.000,24,0,0,4,28,0,24,4,0.8571428571428571,0,0,1.0,0.8727272727272727,0.12727272727272732
"((Lactate <= 1.392) U[1,1] (PaCO2 >= 2.088))
",3133451075971945.500,1.392,0.000,0.000,1.000,24,0,0,4,28,0,24,4,0.8571428571428571,0,0,1.0,0.8727272727272727,0.12727272727272732
"F[0,1]((Bilirubin_total >= 0.044 | PaCO2 <= 32.504) & Calcium >= 5.826)
",-9999999.000,-9999999.000,0.000,0.000,1.000,24,0,0,4,28,0,24,4,0.8571428571428571,0,0,1.0,0.8727272727272727,0.12727272727272732
"F[0,1]((FiO2 >= 0.113 -> PaCO2 <= 26.720) & WBC >= 5.889)
",-9999999.000,-9999999.000,0.000,0.000,1.000,24,0,0,4,28,0,24,4,0.8571428571428571,0,0,1.0,0.8727272727272727,0.12727272727272732
"((MAP >= 35.943) U[1,1] (pH >= 0.578))
",-5203160008832805.000,-0.578,0.000,0.000,1.000,24,0,0,4,28,0,24,4,0.8571428571428571,0,0,1.0,0.8727272727272727,0.12727272727272732
"((Fibrinogen <= 164.369) U[1,1] (pH >= 1.027))
",164.369,164.369,0.000,0.000,1.000,24,0,0,4,28,0,24,4,0.8571428571428571,0,0,1.0,0.8727272727272727,0.12727272727272732
"F[1,1](((HR <= 83.758 -> Resp >= 4.281) -> DBP <= 16.962) & PTT <= 24.065)
",-4774400086358981.000,-16.962,0.000,0.000,1.000,23,0,0,5,28,0,23,5,0.8214285714285714,0,0,1.0,0.8363636363636363,0.1636363636363637
"F[0,1](Magnesium >= 0.044 & SepsisLabel = 0.000)
",-9999999.000,-9999999.000,0.000,0.000,1.000,23,0,0,5,28,0,23,5,0.8214285714285714,0,0,1.0,0.8363636363636363,0.1636363636363637
"F[0,1]((AST >= 1.072 | BUN <= 34.878) -> Hgb >= 0.284)
",-9999999.000,-9999999.000,0.000,0.000,1.000,23,0,0,5,28,0,23,5,0.8214285714285714,0,0,1.0,0.8363636363636363,0.1636363636363637
"F[0,1]((BaseExcess >= 0.133 & PTT <= 5.610) & Creatinine <= 29.600)
",-9999999.000,-9999999.000,0.000,0.000,1.000,23,0,0,5,28,0,23,5,0.8214285714285714,0,0,1.0,0.8363636363636363,0.1636363636363637
"((Bilirubin_direct >= 0.023) U[1,2] (MAP >= 13.928))
",-9999999.000,-9999999.000,0.000,0.000,1.000,22,0,0,6,28,0,22,6,0.7857142857142857,0,0,1.0,0.8,0.19999999999999996
"((Glucose >= 2.490) U[1,2] (MAP >= 2.828))
",-9999999.000,-9999999.000,0.000,0.000,1.000,22,0,0,6,28,0,22,6,0.7857142857142857,0,0,1.0,0.8,0.19999999999999996
"F[0,1]((MAP <= 91.756 | Platelets <= 101.906) & HR <= 50.022)
",-9999999.000,-9999999.000,0.000,0.000,1.000,22,0,0,6,28,0,22,6,0.7857142857142857,0,0,1.0,0.8,0.19999999999999996
"((PaCO2 >= 6.005) U[0,1] (Potassium >= 0.134))
",-9999999.000,-9999999.000,0.000,0.000,1.000,22,0,0,6,28,0,22,6,0.7857142857142857,0,0,1.0,0.8,0.19999999999999996
"((Hct >= 3.786) U[1,2] (HR >= 63.934))
",-9999999.000,-9999999.000,0.000,0.000,1.000,21,0,0,7,28,0,21,7,0.75,0,0,1.0,0.7636363636363637,0.23636363636363633
"((AST >= 0.223) U[0,0] (pH >= 0.192))
",0.282,7.235,0.000,0.000,1.000,21,0,0,7,28,0,21,7,0.75,0,0,1.0,0.7636363636363637,0.23636363636363633
"((HR <= 85.214) U[0,0] (pH >= 0.733))
",-1.850,-0.526,0.000,0.000,1.000,21,0,0,7,28,0,21,7,0.75,0,0,1.0,0.7636363636363637,0.23636363636363633
"F[0,1](((Hgb >= 0.132 | Platelets >= 5.382) & MAP >= 3.614) | Hct >= 4.170)
",-9999999.000,-9999999.000,0.000,0.000,1.000,20,0,0,8,28,0,20,8,0.7142857142857143,0,0,1.0,0.7272727272727273,0.2727272727272727
"F[0,1]((DBP >= 15.422 & Hgb >= 0.058) | SBP <= 1.963)
",-9999999.000,-9999999.000,0.000,0.000,1.000,19,0,0,9,28,0,19,9,0.6785714285714286,0,0,1.0,0.6909090909090909,0.3090909090909091
"F[0,0]((MAP <= 69.382 | O2Sat <= 86.203) & SaO2 <= 96.135)
",0.162,3.907,0.000,0.000,1.000,18,0,0,10,28,0,18,10,0.6428571428571429,0,0,1.0,0.6545454545454545,0.34545454545454546
"F[0,1](BUN <= 28.902 -> pH >= 0.686)
",-9999999.000,-9999999.000,0.000,0.000,1.000,18,0,0,10,28,0,18,10,0.6428571428571429,0,0,1.0,0.6545454545454545,0.34545454545454546
"((FiO2 >= 0.047) U[1,1] (Temp <= 34.107))
",34.107,34.107,0.000,0.000,1.000,17,0,0,11,28,0,17,11,0.6071428571428571,0,0,1.0,0.6181818181818182,0.38181818181818183
"F[0,0]((SaO2 >= 0.810 | Temp >= 8.113) | TroponinI >= 7.223)
",2.795,78.106,0.000,0.000,1.000,16,0,0,12,28,0,16,12,0.5714285714285714,0,0,1.0,0.5818181818181818,0.4181818181818182
"((Bilirubin_direct >= 0.008) U[0,0] (Temp >= 6.947))
",2.824,79.231,0.000,0.000,1.000,16,0,0,12,28,0,16,12,0.5714285714285714,0,0,1.0,0.5818181818181818,0.4181818181818182
"((MAP >= 7.426) U[0,0] (SBP <= 114.964))
",10.051,115.883,0.000,0.000,1.000,15,0,0,13,28,0,15,13,0.5357142857142857,0,0,1.0,0.5454545454545454,0.4545454545454546
"F[0,0]((Phosphate <= 0.887 & Temp >= 2.464) | Potassium >= 0.902)
",0.986,0.634,0.000,0.000,1.000,15,0,0,13,28,0,15,13,0.5357142857142857,0,0,1.0,0.5454545454545454,0.4545454545454546
"F[0,1]((O2Sat >= 49.425 & PTT <= 16.396) -> pH >= 0.225)
",-9999999.000,-9999999.000,0.000,0.000,1.000,14,0,0,14,28,0,14,14,0.5,0,0,1.0,0.509090909090909,0.49090909090909096
"F[0,1](DBP >= 5.144 & HR <= 90.330)
",-9999999.000,-9999999.000,0.000,0.000,1.000,13,0,0,15,28,0,13,15,0.4642857142857143,0,0,1.0,0.4727272727272727,0.5272727272727273
"((MAP >= 32.765) U[1,1] (SBP <= 114.191))
",8035455902587208.000,114.191,0.000,0.000,1.000,13,0,0,15,28,0,13,15,0.4642857142857143,0,0,1.0,0.4727272727272727,0.5272727272727273
"((Calcium <= 2.375) U[1,1] (SBP >= 108.240))
",2.375,2.375,0.000,0.000,1.000,11,0,0,17,28,0,11,17,0.39285714285714285,0,0,1.0,0.4,0.6
"F[0,1](MAP <= 82.993 -> Resp <= 16.884)
",-9999999.000,-9999999.000,0.000,0.000,1.000,8,0,0,20,28,0,8,20,0.2857142857142857,0,0,1.0,0.2909090909090909,0.7090909090909091
"((DBP <= 59.763) U[1,1] (Resp >= 10.621))
",8410861163010402.000,59.763,0.000,0.000,1.000,7,0,0,21,28,0,7,21,0.25,0,0,1.0,0.2545454545454545,0.7454545454545455
"((HCO3 <= 13.301) U[0,1] (Resp <= 17.264))
",-9999999.000,-9999999.000,0.000,0.000,1.000,7,0,0,21,28,0,7,21,0.25,0,0,1.0,0.2545454545454545,0.7454545454545455
"((Bilirubin_direct <= 0.126) U[0,0] (PaCO2 <= 11.598))
",3.546,10.224,0.000,0.000,1.000,7,0,0,21,28,0,7,21,0.25,0,0,1.0,0.2545454545454545,0.7454545454545455
"((PaCO2 >= 3.503) U[0,0] (pH <= 3.197))
",7.882,3.198,0.000,0.000,1.000,7,0,0,21,28,0,7,21,0.25,0,0,1.0,0.2545454545454545,0.7454545454545455
"F[1,1](((pH <= 4.005 | SBP <= 120.200) & Glucose <= 121.059) & Alkalinephos <= 146.368)
",4229166970945563.500,120.200,0.000,0.000,1.000,4,0,0,24,28,0,4,24,0.14285714285714285,0,0,1.0,0.14545454545454545,0.8545454545454545
"F[0,1]((HR <= 96.424 & PaCO2 <= 43.388) & Hgb <= 39.284)
",-9999999.000,-9999999.000,0.000,0.000,1.000,4,0,0,24,28,0,4,24,0.14285714285714285,0,0,1.0,0.14545454545454545,0.8545454545454545
"F[1,1](((Resp <= 18.243 -> SBP <= 127.184) | Potassium >= 7.775) | Hct >= 18.805)
",-4376751050770244.500,-7.775,0.000,0.000,1.000,4,0,0,24,28,0,4,24,0.14285714285714285,0,0,1.0,0.14545454545454545,0.8545454545454545
"F[1,1](Glucose <= 68.693 & Lactate <= 1.953)
",1.953,1.953,0.000,0.000,1.000,3,0,0,25,28,0,3,25,0.10714285714285714,0,0,1.0,0.10909090909090909,0.8909090909090909
"F[1,1](((Calcium < 7.991 & Potassium < 0.443) & Magnesium < 0.822) & Phosphate < 0.851)
",3993992149803850.500,0.443,0.000,0.000,1.000,3,0,0,25,28,0,3,25,0.10714285714285714,0,0,1.0,0.10909090909090909,0.8909090909090909
"F[1,1](((Calcium < 6.781 & Potassium < 2.239) & Magnesium < 1.711) & Phosphate < 2.237)
",1.711,1.711,0.000,0.000,1.000,3,0,0,25,28,0,3,25,0.10714285714285714,0,0,1.0,0.10909090909090909,0.8909090909090909
"F[1,1](((Alkalinephos <= 67.529 & Resp >= 15.968) | HR >= 14.987) & SepsisLabel <= 18.409)
",-8437169692218217.000,-14.987,0.000,0.000,1.000,3,0,0,25,28,0,3,25,0.10714285714285714,0,0,1.0,0.10909090909090909,0.8909090909090909
"F[0,0](((Calcium < 0.892 & Potassium < 0.364) & Magnesium < 0.511) & Phosphate < 0.582)
",-0.182,-2.179,0.000,0.000,1.000,2,0,0,26,28,0,2,26,0.07142857142857142,0,0,1.0,0.07272727272727272,0.9272727272727272
"F[1,1](Alkalinephos >= 2.441 | Temp <= 26.540)
",26.540,26.540,0.000,0.000,1.000,2,0,0,26,28,0,2,26,0.07142857142857142,0,0,1.0,0.07272727272727272,0.9272727272727272
"F[0,0](((Calcium < 2.409 & Potassium < 1.568) & Magnesium < 1.259) & Phosphate < 2.500)
",-0.104,-1.234,0.000,0.000,1.000,2,0,0,26,28,0,2,26,0.07142857142857142,0,0,1.0,0.07272727272727272,0.9272727272727272
"((AST >= 0.882) U[0,0] (Lactate <= 1.542))
",0.340,8.532,0.000,0.000,1.000,2,0,0,26,28,0,2,26,0.07142857142857142,0,0,1.0,0.07272727272727272,0.9272727272727272
"F[1,1](Resp <= 16.988 | Temp <= 21.817)
",21.817,21.817,0.000,0.000,1.000,2,0,0,26,28,0,2,26,0.07142857142857142,0,0,1.0,0.07272727272727272,0.9272727272727272
"((MAP >= 30.532) U[1,1] (SBP <= 147.676))
",5195870352165316.000,147.676,0.000,0.000,1.000,2,0,0,26,28,0,2,26,0.07142857142857142,0,0,1.0,0.07272727272727272,0.9272727272727272
"((AST >= 0.375) U[0,0] (Potassium <= 3.303))
",0.413,10.212,0.000,0.000,1.000,2,0,0,26,28,0,2,26,0.07142857142857142,0,0,1.0,0.07272727272727272,0.9272727272727272
"F[0,1](((BUN <= 20.324 | Hgb >= 0.271) | EtCO2 >= 0.121) & PaCO2 <= 8.166)
",-9999999.000,-9999999.000,0.000,0.000,1.000,2,0,0,26,28,0,2,26,0.07142857142857142,0,0,1.0,0.07272727272727272,0.9272727272727272
"((Chloride >= 5.064) U[0,0] (Potassium <= 0.579))
",1.444,0.670,0.000,0.000,1.000,2,0,0,26,28,0,2,26,0.07142857142857142,0,0,1.0,0.07272727272727272,0.9272727272727272
"F[0,0](Hgb <= 9.474 | Hct <= 14.556)
",14.556,14.556,0.000,0.000,1.000,2,0,0,26,28,0,2,26,0.07142857142857142,0,0,1.0,0.07272727272727272,0.9272727272727272
"F[0,0](((Lactate >= 0.027 | Potassium >= 0.254) -> EtCO2 <= 3.866) -> Potassium <= 3.446)
",-8.493,-3.368,0.000,0.000,1.000,2,0,0,26,28,0,2,26,0.07142857142857142,0,0,1.0,0.07272727272727272,0.9272727272727272
"F[1,1]((Alkalinephos >= 1.623 | Hgb >= 0.048) -> Bilirubin_total <= 2.071)
",-4664157725971025.000,-2.071,0.000,0.000,1.000,1,0,0,27,28,0,1,27,0.03571428571428571,0,0,1.0,0.03636363636363636,0.9636363636363636
"F[0,0](DBP >= 22.159 & O2Sat >= 28.719)
",2.024,43.200,0.000,0.000,1.000,1,0,0,27,28,0,1,27,0.03571428571428571,0,0,1.0,0.03636363636363636,0.9636363636363636
"F[0,0](Platelets <= 64.446 | Temp <= 27.040)
",2.381,59.542,0.000,0.000,1.000,1,0,0,27,28,0,1,27,0.03571428571428571,0,0,1.0,0.03636363636363636,0.9636363636363636
"F[1,1](((Glucose <= 104.849 & Phosphate >= 0.037) & Hgb >= 0.001) -> Phosphate <= 1.518)
",-1.518,-1.518,0.000,0.000,1.000,1,0,0,27,28,0,1,27,0.03571428571428571,0,0,1.0,0.03636363636363636,0.9636363636363636
"((Bilirubin_direct <= 1.016) U[1,2] (Glucose <= 73.352))
",-9999999.000,-9999999.000,0.000,0.000,1.000,1,0,0,27,28,0,1,27,0.03571428571428571,0,0,1.0,0.03636363636363636,0.9636363636363636
"F[0,0]((BaseExcess >= 0.268 & WBC >= 0.380) -> Lactate >= 0.316)
",-0.178,-3.166,0.000,0.000,1.000,1,0,0,27,28,0,1,27,0.03571428571428571,0,0,1.0,0.03636363636363636,0.9636363636363636
"((Bilirubin_total <= 2.150) U[0,0] (HCO3 <= 14.693))
",12.283,14.285,0.000,0.000,1.000,1,0,0,27,28,0,1,27,0.03571428571428571,0,0,1.0,0.03636363636363636,0.9636363636363636
"F[0,0](((Bilirubin_total >= 0.082 -> HR <= 100.228) & Glucose <= 82.355) | WBC >= 74.476)
",-0.197,-0.189,0.000,0.000,1.000,1,0,0,27,28,0,1,27,0.03571428571428571,0,0,1.0,0.03636363636363636,0.9636363636363636
"F[1,1](Hgb <= 7.045 | Hct <= 32.093)
",32.093,32.093,0.000,0.000,1.000,1,0,0,27,28,0,1,27,0.03571428571428571,0,0,1.0,0.03636363636363636,0.9636363636363636
"((Bilirubin_direct <= 1.244) U[1,2] (SaO2 <= 90.422))
",-9999999.000,-9999999.000,0.000,0.000,1.000,1,0,0,27,28,0,1,27,0.03571428571428571,0,0,1.0,0.03636363636363636,0.9636363636363636
"F[0,1](DBP <= 60.738 | MAP <= 82.204)
",-9999999.000,-9999999.000,0.000,0.000,1.000,1,0,0,27,28,0,1,27,0.03571428571428571,0,0,1.0,0.03636363636363636,0.9636363636363636
"F[0,0](AST <= 24.370 & SepsisLabel = 0.000)
",-0.412,-12.639,0.000,0.000,1.000,1,0,0,27,28,0,1,27,0.03571428571428571,0,0,1.0,0.03636363636363636,0.9636363636363636
"F[1,1](Hgb <= 9.801 | Hct <= 15.580)
",15.580,15.580,0.000,0.000,1.000,1,0,0,27,28,0,1,27,0.03571428571428571,0,0,1.0,0.03636363636363636,0.9636363636363636
"((MAP >= 53.945) U[0,1] (SBP <= 135.566))
",-9999999.000,-9999999.000,0.000,0.000,1.000,1,0,0,27,28,0,1,27,0.03571428571428571,0,0,1.0,0.03636363636363636,0.9636363636363636
"F[0,0](((Lactate <= 1.444 & PTT <= 7.754) | PaCO2 >= 1.090) & PTT <= 18.815)
",1.032,2.162,0.000,0.000,1.000,1,0,0,27,28,0,1,27,0.03571428571428571,0,0,1.0,0.03636363636363636,0.9636363636363636
"F[0,0]((Fibrinogen <= 118.235 | PTT >= 0.999) | HCO3 >= 0.819)
",35.489,117.302,0.000,0.000,1.000,1,0,0,27,28,0,1,27,0.03571428571428571,0,0,1.0,0.03636363636363636,0.9636363636363636
"F[0,0]((Phosphate >= 0.032 & Magnesium > 0.111) -> Calcium < 0.949)
",-4.546,-0.909,0.000,0.000,1.000,1,0,0,27,28,0,1,27,0.03571428571428571,0,0,1.0,0.03636363636363636,0.9636363636363636
"((AST <= 15.835) U[1,2] (Bilirubin_total <= 1.484))
",-9999999.000,-9999999.000,0.000,0.000,1.000,1,0,0,27,28,0,1,27,0.03571428571428571,0,0,1.0,0.03636363636363636,0.9636363636363636
"((MAP >= 56.743) U[1,2] (SBP <= 130.100))
",-9999999.000,-9999999.000,0.000,0.000,1.000,1,0,0,27,28,0,1,27,0.03571428571428571,0,0,1.0,0.03636363636363636,0.9636363636363636
"F[0,0]((Phosphate >= 0.083 & Magnesium > 0.111) -> Calcium < 7.902)
",-5.026,-7.605,0.000,0.000,1.000,1,0,0,27,28,0,1,27,0.03571428571428571,0,0,1.0,0.03636363636363636,0.9636363636363636
"F[1,1]((BUN <= 77.479 & Creatinine <= 0.389) | WBC >= 0.035)
",7001341243528716.000,0.389,0.000,0.000,1.000,1,0,0,27,28,0,1,27,0.03571428571428571,0,0,1.0,0.03636363636363636,0.9636363636363636
"F[1,2](((Bilirubin_direct >= 0.023 -> Lactate <= 1.434) | HCO3 >= 0.053) & BUN >= 0.026)
",-9999999.000,-9999999.000,0.000,0.000,1.000,0,0,0,28,28,0,0,28,0.0,0,0,0.0,0.0,1.0
"((PaCO2 <= 21.244) U[2,2] (WBC <= 7.549))
",5979641300662773.000,21.244,0.000,0.000,1.000,0,0,0,28,28,0,0,28,0.0,0,0,0.0,0.0,1.0
"F[0,2]((Chloride <= 30.852 | PaCO2 >= 7.387) -> TroponinI >= 0.268)
",-9999999.000,-9999999.000,0.000,0.000,1.000,0,0,0,28,28,0,0,28,0.0,0,0,0.0,0.0,1.0
"F[1,2]((FiO2 >= 0.161 | Magnesium <= 0.736) | Temp <= 1.035)
",-9999999.000,-9999999.000,0.000,0.000,1.000,0,0,0,28,28,0,0,28,0.0,0,0,0.0,0.0,1.0
"((BaseExcess <= 1.226) U[0,2] (Phosphate >= 0.079))
",-9999999.000,-9999999.000,0.000,0.000,1.000,0,0,0,28,28,0,0,28,0.0,0,0,0.0,0.0,1.0
"F[0,2](HCO3 <= 22.174 & O2Sat >= 77.591)
",-9999999.000,-9999999.000,0.000,0.000,1.000,0,0,0,28,28,0,0,28,0.0,0,0,0.0,0.0,1.0
"((Fibrinogen <= 86.796) U[1,2] (Lactate >= 0.042))
",-9999999.000,-9999999.000,0.000,0.000,1.000,0,0,0,28,28,0,0,28,0.0,0,0,0.0,0.0,1.0
"F[0,2](((MAP <= 68.114 & PTT <= 9.339) & Resp >= 0.386) -> EtCO2 >= 0.734)
",-9999999.000,-9999999.000,0.000,0.000,1.000,0,0,0,28,28,0,0,28,0.0,0,0,0.0,0.0,1.0
"F[1,2]((Glucose >= 0.366 | SaO2 <= 25.477) -> TroponinI >= 1.139)
",-9999999.000,-9999999.000,0.000,0.000,1.000,0,0,0,28,28,0,0,28,0.0,0,0,0.0,0.0,1.0
"F[0,1](BaseExcess <= 5.226 | Resp <= 25.035)
",-9999999.000,-9999999.000,0.000,0.000,1.000,0,0,0,28,28,0,0,28,0.0,0,0,0.0,0.0,1.0
"F[1,1]((Chloride <= 104.871 -> pH >= 0.465) -> Magnesium <= 3.157)
",-7110009342796420.000,-3.157,0.000,0.000,1.000,0,0,0,28,28,0,0,28,0.0,0,0,0.0,0.0,1.0
"F[1,2]((Bilirubin_direct <= 0.095 & FiO2 <= 0.655) & Magnesium >= 0.032)
",-9999999.000,-9999999.000,0.000,0.000,1.000,0,0,0,28,28,0,0,28,0.0,0,0,0.0,0.0,1.0
"((HR >= 28.930) U[0,2] (WBC >= 0.189))
",-9999999.000,-9999999.000,0.000,0.000,1.000,0,0,0,28,28,0,0,28,0.0,0,0,0.0,0.0,1.0
"F[0,2](((O2Sat <= 97.378 | PaCO2 >= 4.827) | Lactate <= 11.778) & Lactate <= 22.721)
",-9999999.000,-9999999.000,0.000,0.000,1.000,0,0,0,28,28,0,0,28,0.0,0,0,0.0,0.0,1.0
"F[0,1](((Potassium >= 0.307 | SBP <= 121.914) -> Platelets <= 117.718) | Potassium >= 39.577)
",-9999999.000,-9999999.000,0.000,0.000,1.000,0,0,0,28,28,0,0,28,0.0,0,0,0.0,0.0,1.0
"F[1,2](((Glucose <= 50.242 | pH >= 0.628) -> TroponinI <= 1.476) & MAP >= 1.093)
",-9999999.000,-9999999.000,0.000,0.000,1.000,0,0,0,28,28,0,0,28,0.0,0,0,0.0,0.0,1.0
"F[1,2]((Magnesium <= 0.141 -> Resp >= 7.124) | pH >= 10.738)
",-9999999.000,-9999999.000,0.000,0.000,1.000,0,0,0,28,28,0,0,28,0.0,0,0,0.0,0.0,1.0
"F[0,1]((Chloride <= 54.293 | Fibrinogen >= 6.664) | Fibrinogen <= 357.755)
",-9999999.000,-9999999.000,0.000,0.000,1.000,0,0,0,28,28,0,0,28,0.0,0,0,0.0,0.0,1.0
"((Alkalinephos <= 54.255) U[0,0] (SBP <= 158.265))
",9.569,149.893,0.000,0.000,1.000,0,0,0,28,28,0,0,28,0.0,0,0,0.0,0.0,1.0
"F[0,0](((BaseExcess >= 0.097 & SBP <= 142.605) | BUN <= 157.901) | PTT <= 144.059)
",32.411,156.951,0.000,0.000,1.000,0,0,0,28,28,0,0,28,0.0,0,0,0.0,0.0,1.0
"F[1,2]((pH >= 0.509 -> Platelets >= 1.259) & TroponinI >= 2.936)
",-9999999.000,-9999999.000,0.000,0.000,1.000,0,0,0,28,28,0,0,28,0.0,0,0,0.0,0.0,1.0
"F[0,2](((DBP >= 48.307 & PTT >= 1.151) -> WBC >= 1.200) | BUN >= 0.054)
",-9999999.000,-9999999.000,0.000,0.000,1.000,0,0,0,28,28,0,0,28,0.0,0,0,0.0,0.0,1.0
"F[2,2]((BaseExcess <= 4.947 & HCO3 <= 14.116) -> Magnesium >= 0.014)
",-4.947,-4.947,0.000,0.000,1.000,0,0,0,28,28,0,0,28,0.0,0,0,0.0,0.0,1.0
"F[2,2]((FiO2 <= 0.955 | Hgb >= 0.461) & AST <= 2.856)
",0.955,0.955,0.000,0.000,1.000,0,0,0,28,28,0,0,28,0.0,0,0,0.0,0.0,1.0
"F[0,2]((BaseExcess >= 0.499 & Platelets >= 0.072) & SepsisLabel <= 45.927)
",-9999999.000,-9999999.000,0.000,0.000,1.000,0,0,0,28,28,0,0,28,0.0,0,0,0.0,0.0,1.0
"F[0,1](((Calcium >= 0.426 | Resp <= 22.616) | Chloride <= 25.265) | TroponinI >= 3.246)
",-9999999.000,-9999999.000,0.000,0.000,1.000,0,0,0,28,28,0,0,28,0.0,0,0,0.0,0.0,1.0
"F[1,2](((Alkalinephos >= 0.951 | DBP >= 15.271) & pH >= 33.892) -> HCO3 <= 54.313)
",-9999999.000,-9999999.000,0.000,0.000,1.000,0,0,0,28,28,0,0,28,0.0,0,0,0.0,0.0,1.0
"F[2,2](Lactate <= 1.127 | Temp <= 22.602)
",6361941510931627.000,22.602,0.000,0.000,1.000,0,0,0,28,28,0,0,28,0.0,0,0,0.0,0.0,1.0
"F[0,2]((Calcium >= 0.329 -> FiO2 >= 0.185) | Chloride <= 0.946)
",-9999999.000,-9999999.000,0.000,0.000,1.000,0,0,0,28,28,0,0,28,0.0,0,0,0.0,0.0,1.0
"F[0,1](DBP >= 44.092 | PaCO2 >= 3.192)
",-9999999.000,-9999999.000,0.000,0.000,1.000,0,0,0,28,28,0,0,28,0.0,0,0,0.0,0.0,1.0
"F[0,2]((BaseExcess >= 0.536 & Chloride >= 1.856) -> Hgb >= 5.260)
",-9999999.000,-9999999.000,0.000,0.000,1.000,0,0,0,28,28,0,0,28,0.0,0,0,0.0,0.0,1.0
"F[0,2]((FiO2 <= 0.554 | WBC <= 10.332) | HR <= 3.697)
",-9999999.000,-9999999.000,0.000,0.000,1.000,0,0,0,28,28,0,0,28,0.0,0,0,0.0,0.0,1.0
"F[0,2](((Fibrinogen <= 287.465 -> Resp <= 21.268) | Bilirubin_direct >= 7.098) & Hgb <= 18.926)
",-9999999.000,-9999999.000,0.000,0.000,1.000,0,0,0,28,28,0,0,28,0.0,0,0,0.0,0.0,1.0
"F[0,2]((Alkalinephos >= 1.396 -> FiO2 >= 0.124) -> SBP <= 0.470)
",-9999999.000,-9999999.000,0.000,0.000,1.000,0,0,0,28,28,0,0,28,0.0,0,0,0.0,0.0,1.0
"F[2,2](Hgb <= 7.650 -> Resp >= 12.567)
",-4306298989306939.500,-7.650,0.000,0.000,1.000,0,0,0,28,28,0,0,28,0.0,0,0,0.0,0.0,1.0
"F[0,2](HCO3 <= 23.693 & PaCO2 >= 1.428)
",-9999999.000,-9999999.000,0.000,0.000,1.000,0,0,0,28,28,0,0,28,0.0,0,0,0.0,0.0,1.0
"((AST <= 16.200) U[0,2] (DBP <= 58.981))
",-9999999.000,-9999999.000,0.000,0.000,1.000,0,0,0,28,28,0,0,28,0.0,0,0,0.0,0.0,1.0
"F[1,2](((Magnesium >= 0.040 & O2Sat <= 97.947) | FiO2 >= 16.139) -> Chloride <= 98.213)
",-9999999.000,-9999999.000,0.000,0.000,1.000,0,0,0,28,28,0,0,28,0.0,0,0,0.0,0.0,1.0
"F[0,2](((PTT >= 0.221 | Resp >= 11.162) | Bilirubin_direct <= 18.507) | Potassium <= 24.394)
",-9999999.000,-9999999.000,0.000,0.000,1.000,0,0,0,28,28,0,0,28,0.0,0,0,0.0,0.0,1.0
"F[0,2](BUN <= 74.423 | PaCO2 >= 6.759)
",-9999999.000,-9999999.000,0.000,0.000,1.000,0,0,0,28,28,0,0,28,0.0,0,0,0.0,0.0,1.0
"F[2,2](HCO3 >= 0.969 | pH >= 0.001)
",-3454502998462298.000,-0.001,0.000,0.000,1.000,0,0,0,28,28,0,0,28,0.0,0,0,0.0,0.0,1.0
"F[0,2](FiO2 >= 0.183 | HCO3 <= 24.270)
",-9999999.000,-9999999.000,0.000,0.000,1.000,0,0,0,28,28,0,0,28,0.0,0,0,0.0,0.0,1.0
"F[2,2](FiO2 >= 0.056 | Potassium <= 3.453)
",7775784898177816.000,3.453,0.000,0.000,1.000,0,0,0,28,28,0,0,28,0.0,0,0,0.0,0.0,1.0
"F[1,2](Creatinine >= 0.015 | pH <= 4.496)
",-9999999.000,-9999999.000,0.000,0.000,1.000,0,0,0,28,28,0,0,28,0.0,0,0,0.0,0.0,1.0
"F[2,2](((DBP <= 53.026 -> Lactate <= 1.328) | Creatinine <= 1.882) & DBP <= 0.384)
",3460067028165770.000,0.384,0.000,0.000,1.000,0,0,0,28,28,0,0,28,0.0,0,0,0.0,0.0,1.0
"F[0,1](((Lactate >= 0.050 | O2Sat >= 14.338) & Alkalinephos >= 57.944) | AST <= 86.163)
",-9999999.000,-9999999.000,0.000,0.000,1.000,0,0,0,28,28,0,0,28,0.0,0,0,0.0,0.0,1.0
"F[0,2](Hgb >= 0.581 & PaCO2 <= 44.116)
",-9999999.000,-9999999.000,0.000,0.000,1.000,0,0,0,28,28,0,0,28,0.0,0,0,0.0,0.0,1.0
"F[1,2]((Lactate >= 0.030 | WBC <= 7.898) | FiO2 >= 0.313)
",-9999999.000,-9999999.000,0.000,0.000,1.000,0,0,0,28,28,0,0,28,0.0,0,0,0.0,0.0,1.0
"F[1,2]((Hgb >= 0.493 | MAP <= 71.985) & MAP >= 4.403)
",-9999999.000,-9999999.000,0.000,0.000,1.000,0,0,0,28,28,0,0,28,0.0,0,0,0.0,0.0,1.0
"F[1,2]((Potassium >= 0.016 & SaO2 <= 48.033) -> Glucose <= 34.769)
",-9999999.000,-9999999.000,0.000,0.000,1.000,0,0,0,28,28,0,0,28,0.0,0,0,0.0,0.0,1.0
"F[1,2]((DBP <= 53.297 | Platelets >= 0.382) & TroponinI >= 0.830)
",-9999999.000,-9999999.000,0.000,0.000,1.000,0,0,0,28,28,0,0,28,0.0,0,0,0.0,0.0,1.0
"F[0,2](((BaseExcess <= 5.253 | Glucose <= 102.271) | BaseExcess <= 67.510) & Bilirubin_total <= 47.949)
",-9999999.000,-9999999.000,0.000,0.000,1.000,0,0,0,28,28,0,0,28,0.0,0,0,0.0,0.0,1.0
"((Creatinine >= 0.049) U[0,2] (Lactate >= 0.026))
",-9999999.000,-9999999.000,0.000,0.000,1.000,0,0,0,28,28,0,0,28,0.0,0,0,0.0,0.0,1.0
"F[1,2]((HCO3 >= 0.273 -> Lactate <= 1.065) -> Fibrinogen >= 0.012)
",-9999999.000,-9999999.000,0.000,0.000,1.000,0,0,0,28,28,0,0,28,0.0,0,0,0.0,0.0,1.0
"F[0,2](((BUN >= 2.906 -> SBP >= 29.087) & Platelets >= 40.530) -> Phosphate >= 72.818)
",-9999999.000,-9999999.000,0.000,0.000,1.000,0,0,0,28,28,0,0,28,0.0,0,0,0.0,0.0,1.0
"F[1,2](((Calcium >= 0.412 | Lactate >= 0.004) & MAP >= 0.064) -> Alkalinephos >= 0.007)
",-9999999.000,-9999999.000,0.000,0.000,1.000,0,0,0,28,28,0,0,28,0.0,0,0,0.0,0.0,1.0
"F[1,2](Lactate <= 0.147 -> MAP <= 90.231)
",-9999999.000,-9999999.000,0.000,0.000,1.000,0,0,0,28,28,0,0,28,0.0,0,0,0.0,0.0,1.0
"F[1,2]((Bilirubin_total <= 1.543 | FiO2 <= 0.519) & SaO2 <= 0.676)
",-9999999.000,-9999999.000,0.000,0.000,1.000,0,0,0,28,28,0,0,28,0.0,0,0,0.0,0.0,1.0
"((Phosphate <= 2.116) U[0,1] (SaO2 <= 31.205))
",-9999999.000,-9999999.000,0.000,0.000,1.000,0,0,0,28,28,0,0,28,0.0,0,0,0.0,0.0,1.0
"F[0,1]((Fibrinogen >= 9.919 & O2Sat >= 1.268) | Bilirubin_total <= 93.080)
",-9999999.000,-9999999.000,0.000,0.000,1.000,0,0,0,28,28,0,0,28,0.0,0,0,0.0,0.0,1.0
"F[1,2](((BaseExcess <= 4.124 & Potassium >= 0.087) -> Potassium >= 0.126) -> FiO2 <= 1.318)
",-9999999.000,-9999999.000,0.000,0.000,1.000,0,0,0,28,28,0,0,28,0.0,0,0,0.0,0.0,1.0
"F[2,2]((Platelets <= 22.301 & SaO2 >= 0.722) -> Bilirubin_total <= 81.013)
",-5700779046212946.000,-81.013,0.000,0.000,1.000,0,0,0,28,28,0,0,28,0.0,0,0,0.0,0.0,1.0
"F[2,2](((Chloride >= 2.902 -> SaO2 >= 0.854) | MAP >= 1.038) & DBP <= 68.603)
",3845946791390108.000,0.854,0.000,0.000,1.000,0,0,0,28,28,0,0,28,0.0,0,0,0.0,0.0,1.0
"((Bilirubin_direct <= 0.357) U[0,2] (O2Sat <= 91.814))
",-9999999.000,-9999999.000,0.000,0.000,1.000,0,0,0,28,28,0,0,28,0.0,0,0,0.0,0.0,1.0
"((HR <= 99.279) U[1,2] (Magnesium >= 0.079))
",-9999999.000,-9999999.000,0.000,0.000,1.000,0,0,0,28,28,0,0,28,0.0,0,0,0.0,0.0,1.0
"F[0,1](((Bilirubin_direct <= 1.261 | SBP >= 99.535) | Temp >= 36.040) -> SBP <= 144.656)
",-9999999.000,-9999999.000,0.000,0.000,1.000,0,0,0,28,28,0,0,28,0.0,0,0,0.0,0.0,1.0
"((HCO3 <= 17.935) U[1,2] (HR <= 88.222))
",-9999999.000,-9999999.000,0.000,0.000,1.000,0,0,0,28,28,0,0,28,0.0,0,0,0.0,0.0,1.0
"F[1,2](Magnesium <= 1.708 & SaO2 <= 82.433)
",-9999999.000,-9999999.000,0.000,0.000,1.000,0,0,0,28,28,0,0,28,0.0,0,0,0.0,0.0,1.0
"((BUN <= 73.645) U[0,1] (MAP >= 35.940))
",-9999999.000,-9999999.000,0.000,0.000,1.000,0,0,0,28,28,0,0,28,0.0,0,0,0.0,0.0,1.0
"((BaseExcess >= 0.022) U[0,2] (Lactate <= 1.836))
",-9999999.000,-9999999.000,0.000,0.000,1.000,0,0,0,28,28,0,0,28,0.0,0,0,0.0,0.0,1.0
"F[0,1](((MAP >= 1.761 -> Phosphate >= 0.042) -> Creatinine >= 0.045) | Lactate <= 1.698)
",-9999999.000,-9999999.000,0.000,0.000,1.000,0,0,0,28,28,0,0,28,0.0,0,0,0.0,0.0,1.0
"((Fibrinogen <= 285.145) U[0,2] (PaCO2 >= 0.756))
",-9999999.000,-9999999.000,0.000,0.000,1.000,0,0,0,28,28,0,0,28,0.0,0,0,0.0,0.0,1.0
"F[1,2](BaseExcess <= 0.964 & MAP >= 49.801)
",-9999999.000,-9999999.000,0.000,0.000,1.000,0,0,0,28,28,0,0,28,0.0,0,0,0.0,0.0,1.0
"F[0,2]((Alkalinephos >= 2.279 -> SaO2 >= 0.566) -> WBC <= 8.915)
",-9999999.000,-9999999.000,0.000,0.000,1.000,0,0,0,28,28,0,0,28,0.0,0,0,0.0,0.0,1.0
"F[0,1](BaseExcess <= 2.746 | Fibrinogen <= 126.662)
",-9999999.000,-9999999.000,0.000,0.000,1.000,0,0,0,28,28,0,0,28,0.0,0,0,0.0,0.0,1.0
"F[0,2]((HR >= 8.647 & Potassium <= 1.691) -> Lactate <= 1.542)
",-9999999.000,-9999999.000,0.000,0.000,1.000,0,0,0,28,28,0,0,28,0.0,0,0,0.0,0.0,1.0
"F[2,2](Resp >= 1.918 | SaO2 <= 34.859)
",34.859,34.859,0.000,0.000,1.000,0,0,0,28,28,0,0,28,0.0,0,0,0.0,0.0,1.0
"F[2,2](AST <= 19.306 | HR >= 41.457)
",19.306,19.306,0.000,0.000,1.000,0,0,0,28,28,0,0,28,0.0,0,0,0.0,0.0,1.0
"F[0,2](((Chloride >= 0.441 & DBP >= 32.678) & DBP >= 26.071) & BaseExcess >= 47.622)
",-9999999.000,-9999999.000,0.000,0.000,1.000,0,0,0,28,28,0,0,28,0.0,0,0,0.0,0.0,1.0
"F[0,2](Calcium <= 1.821 -> DBP <= 50.416)
",-9999999.000,-9999999.000,0.000,0.000,1.000,0,0,0,28,28,0,0,28,0.0,0,0,0.0,0.0,1.0
"F[0,2](((pH >= 0.709 | Phosphate >= 0.055) & Chloride <= 2.164) & Calcium <= 1.462)
",-9999999.000,-9999999.000,0.000,0.000,1.000,0,0,0,28,28,0,0,28,0.0,0,0,0.0,0.0,1.0
"F[0,1](((HR >= 27.961 | PTT <= 3.024) | Platelets >= 0.694) & Resp <= 27.995)
",-9999999.000,-9999999.000,0.000,0.000,1.000,0,0,0,28,28,0,0,28,0.0,0,0,0.0,0.0,1.0
"F[0,2]((DBP <= 50.312 -> Fibrinogen >= 8.279) | Hgb >= 8.163)
",-9999999.000,-9999999.000,0.000,0.000,1.000,0,0,0,28,28,0,0,28,0.0,0,0,0.0,0.0,1.0
"F[0,1](((Hct <= 7.880 -> SaO2 >= 3.415) -> Hct <= 90.196) | Lactate >= 2.035)
",-9999999.000,-9999999.000,0.000,0.000,1.000,0,0,0,28,28,0,0,28,0.0,0,0,0.0,0.0,1.0
"((PTT >= 1.167) U[2,2] (SaO2 >= 1.910))
",-1.167,-1.167,0.000,0.000,1.000,0,0,0,28,28,0,0,28,0.0,0,0,0.0,0.0,1.0
"((Creatinine <= 1.078) U[0,1] (MAP >= 44.713))
",-9999999.000,-9999999.000,0.000,0.000,1.000,0,0,0,28,28,0,0,28,0.0,0,0,0.0,0.0,1.0
"F[0,2](((Hct <= 11.334 -> Lactate >= 0.027) & PaCO2 <= 2.104) -> PTT >= 0.011)
",-9999999.000,-9999999.000,0.000,0.000,1.000,0,0,0,28,28,0,0,28,0.0,0,0,0.0,0.0,1.0
"F[2,2](((Alkalinephos >= 0.388 -> O2Sat >= 47.209) -> Magnesium >= 56.766) & DBP >= 6.609)
",-7441291778869397.000,-6.609,0.000,0.000,1.000,0,0,0,28,28,0,0,28,0.0,0,0,0.0,0.0,1.0
"F[1,2]((DBP >= 34.252 -> Phosphate >= 0.018) -> Hgb <= 1.204)
",-9999999.000,-9999999.000,0.000,0.000,1.000,0,0,0,28,28,0,0,28,0.0,0,0,0.0,0.0,1.0
"F[2,2](BaseExcess <= 2.538 | HR <= 101.395)
",101.395,101.395,0.000,0.000,1.000,0,0,0,28,28,0,0,28,0.0,0,0,0.0,0.0,1.0
"F[0,2](Bilirubin_direct <= 0.437 -> Resp >= 0.637)
",-9999999.000,-9999999.000,0.000,0.000,1.000,0,0,0,28,28,0,0,28,0.0,0,0,0.0,0.0,1.0
"F[0,2](((DBP >= 34.106 | Potassium <= 2.966) | Lactate <= 0.803) & Hct >= 0.234)
",-9999999.000,-9999999.000,0.000,0.000,1.000,0,0,0,28,28,0,0,28,0.0,0,0,0.0,0.0,1.0
"((MAP >= 39.539) U[2,2] (PaCO2 <= 14.055))
",14.055,14.055,0.000,0.000,1.000,0,0,0,28,28,0,0,28,0.0,0,0,0.0,0.0,1.0
"F[2,2]((Chloride <= 47.918 | MAP <= 71.377) | BaseExcess >= 14.978)
",5022699050231791.000,71.377,0.000,0.000,1.000,0,0,0,28,28,0,0,28,0.0,0,0,0.0,0.0,1.0
"F[0,1](((Platelets <= 32.401 | SBP <= 137.690) -> Bilirubin_total >= 48.844) -> Phosphate <= 115.755)
",-9999999.000,-9999999.000,0.000,0.000,1.000,0,0,0,28,28,0,0,28,0.0,0,0,0.0,0.0,1.0
"F[0,2](((PaCO2 >= 1.970 & Temp <= 35.526) | O2Sat <= 36.685) & Calcium <= 12.362)
",-9999999.000,-9999999.000,0.000,0.000,1.000,0,0,0,28,28,0,0,28,0.0,0,0,0.0,0.0,1.0
"F[2,2](Hct >= 1.286 -> O2Sat <= 92.756)
",-6527124184538524.000,-92.756,0.000,0.000,1.000,0,0,0,28,28,0,0,28,0.0,0,0,0.0,0.0,1.0
"F[0,2]((PaCO2 >= 1.808 & SaO2 <= 81.935) & Calcium <= 47.205)
",-9999999.000,-9999999.000,0.000,0.000,1.000,0,0,0,28,28,0,0,28,0.0,0,0,0.0,0.0,1.0
"F[0,1](((BaseExcess <= 1.369 -> Bilirubin_total <= 0.208) -> Potassium >= 0.073) -> PaCO2 >= 0.057)
",-9999999.000,-9999999.000,0.000,0.000,1.000,0,0,0,28,28,0,0,28,0.0,0,0,0.0,0.0,1.0
"F[2,2](O2Sat <= 93.977 & SepsisLabel = 0.000)
",0.000,0.000,0.000,0.000,1.000,0,0,0,28,28,0,0,28,0.0,0,0,0.0,0.0,1.0
"F[0,1](EtCO2 >= 0.000 -> SepsisLabel = 0.000)
",-9999999.000,-9999999.000,0.000,0.000,1.000,0,0,0,28,28,0,0,28,0.0,0,0,0.0,0.0,1.0
"((HCO3 < 11.923) U[0,2] (SepsisLabel = 0.000))
",-9999999.000,-9999999.000,0.000,0.000,1.000,0,0,0,28,28,0,0,28,0.0,0,0,0.0,0.0,1.0
"((PaCO2 <= 33.208) U[0,2] (SepsisLabel = 0.000))
",-9999999.000,-9999999.000,0.000,0.000,1.000,0,0,0,28,28,0,0,28,0.0,0,0,0.0,0.0,1.0
"F[0,0](Fibrinogen > 1.050 -> SepsisLabel = 0.000)
",-0.282,-0.856,0.000,0.000,1.000,0,0,0,28,28,0,0,28,0.0,0,0,0.0,0.0,1.0
"((pH < 2.335) U[0,1] (SepsisLabel = 0.000))
",-9999999.000,-9999999.000,0.000,0.000,1.000,0,0,0,28,28,0,0,28,0.0,0,0,0.0,0.0,1.0
"((Magnesium <= 0.309) U[0,0] (SepsisLabel = 0.000))
",3.536,0.286,0.000,0.000,1.000,0,0,0,28,28,0,0,28,0.0,0,0,0.0,0.0,1.0
"F[0,2](SBP <= 118.317 & SepsisLabel = 0.000)
",-9999999.000,-9999999.000,0.000,0.000,1.000,0,0,0,28,28,0,0,28,0.0,0,0,0.0,0.0,1.0
"((DBP >= 22.780) U[0,2] (SepsisLabel = 0.000))
",-9999999.000,-9999999.000,0.000,0.000,1.000,0,0,0,28,28,0,0,28,0.0,0,0,0.0,0.0,1.0
"((FiO2 < 0.728) U[2,2] (SepsisLabel = 0.000))
",6553891326890751.000,0.728,0.000,0.000,1.000,0,0,0,28,28,0,0,28,0.0,0,0,0.0,0.0,1.0
"F[0,2](TroponinI < 0.000 & SepsisLabel = 0.000)
",-9999999.000,-9999999.000,0.000,0.000,1.000,0,0,0,28,28,0,0,28,0.0,0,0,0.0,0.0,1.0
"F[2,2](Creatinine <= 0.786 & SepsisLabel = 0.000)
",0.000,0.000,0.000,0.000,1.000,0,0,0,28,28,0,0,28,0.0,0,0,0.0,0.0,1.0
"((BaseExcess < 5.519) U[0,2] (SepsisLabel = 0.000))
",-9999999.000,-9999999.000,0.000,0.000,1.000,0,0,0,28,28,0,0,28,0.0,0,0,0.0,0.0,1.0
"F[2,2](WBC > 0.504 -> SepsisLabel = 0.000)
",0.000,0.000,0.000,0.000,1.000,0,0,0,28,28,0,0,28,0.0,0,0,0.0,0.0,1.0
"F[1,1](HR < 99.167 -> SepsisLabel = 0.000)
",-99.167,-99.167,0.000,0.000,1.000,0,0,0,28,28,0,0,28,0.0,0,0,0.0,0.0,1.0
"((Bilirubin_total < 0.749) U[0,1] (SepsisLabel = 0.000))
",-9999999.000,-9999999.000,0.000,0.000,1.000,0,0,0,28,28,0,0,28,0.0,0,0,0.0,0.0,1.0
"((Resp <= 26.477) U[1,1] (SepsisLabel = 0.000))
",26.477,26.477,0.000,0.000,1.000,0,0,0,28,28,0,0,28,0.0,0,0,0.0,0.0,1.0
"F[1,2](MAP <= 79.714 & Temp <= 34.687)
",-9999999.000,-9999999.000,0.000,0.000,1.000,0,0,0,28,28,0,0,28,0.0,0,0,0.0,0.0,1.0
"F[1,2]((Alkalinephos >= 0.169 & PTT >= 1.213) | HR <= 28.169)
",-9999999.000,-9999999.000,0.000,0.000,1.000,0,0,0,28,28,0,0,28,0.0,0,0,0.0,0.0,1.0
"F[1,1]((DBP <= 54.284 | SBP <= 119.923) | HCO3 <= 123.259)
",8673606175990647.000,123.259,0.000,0.000,1.000,0,0,0,28,28,0,0,28,0.0,0,0,0.0,0.0,1.0
"((MAP >= 65.032) U[0,2] (SBP <= 147.642))
",-9999999.000,-9999999.000,0.000,0.000,1.000,0,0,0,28,28,0,0,28,0.0,0,0,0.0,0.0,1.0
"F[1,2](((Calcium >= 0.017 | HCO3 <= 9.162) | Chloride >= 1.240) & Potassium <= 7.737)
",-9999999.000,-9999999.000,0.000,0.000,1.000,0,0,0,28,28,0,0,28,0.0,0,0,0.0,0.0,1.0
"F[0,1](((Chloride <= 20.052 & Creatinine >= 6.547079576403427e-05) | Bilirubin_total <= 0.264) | HR <= 0.862)
",-9999999.000,-9999999.000,0.000,0.000,1.000,0,0,0,28,28,0,0,28,0.0,0,0,0.0,0.0,1.0
"F[1,2](Alkalinephos >= 1.231 -> AST >= 0.083)
",-9999999.000,-9999999.000,0.000,0.000,1.000,0,0,0,28,28,0,0,28,0.0,0,0,0.0,0.0,1.0
"F[0,1](Calcium <= 4.899 | Creatinine <= 0.349)
",-9999999.000,-9999999.000,0.000,0.000,1.000,0,0,0,28,28,0,0,28,0.0,0,0,0.0,0.0,1.0
"F[0,1]((AST >= 0.609 | PTT <= 11.538) | PTT <= 31.258)
",-9999999.000,-9999999.000,0.000,0.000,1.000,0,0,0,28,28,0,0,28,0.0,0,0,0.0,0.0,1.0
"((Platelets <= 89.589) U[0,0] (SepsisLabel = 0.000))
",2.431,82.901,0.000,0.000,1.000,0,0,0,28,28,0,0,28,0.0,0,0,0.0,0.0,1.0
"F[0,0](Temp < 31.498 -> SepsisLabel = 0.000)
",0.060,1.204,0.000,0.000,1.000,0,0,0,28,28,0,0,28,0.0,0,0,0.0,0.0,1.0
"F[1,1](Hct <= 27.684 -> SepsisLabel = 0.000)
",-27.684,-27.684,0.000,0.000,1.000,0,0,0,28,28,0,0,28,0.0,0,0,0.0,0.0,1.0
"((BaseExcess < 4.212) U[2,2] (SepsisLabel = 0.000))
",4742500391238241.000,4.212,0.000,0.000,1.000,0,0,0,28,28,0,0,28,0.0,0,0,0.0,0.0,1.0
"F[0,1](Temp <= 37.053 -> SepsisLabel = 0.000)
",-9999999.000,-9999999.000,0.000,0.000,1.000,0,0,0,28,28,0,0,28,0.0,0,0,0.0,0.0,1.0
"F[0,1](TroponinI < 0.000 -> SepsisLabel = 0.000)
",-9999999.000,-9999999.000,0.000,0.000,1.000,0,0,0,28,28,0,0,28,0.0,0,0,0.0,0.0,1.0
"F[1,1](SepsisLabel <= 0.000 & SepsisLabel = 0.000)
",0.000,0.000,0.000,0.000,1.000,0,0,0,28,28,0,0,28,0.0,0,0,0.0,0.0,1.0
"F[1,2](PaCO2 >= 1.438 & SepsisLabel = 0.000)
",-9999999.000,-9999999.000,0.000,0.000,1.000,0,0,0,28,28,0,0,28,0.0,0,0,0.0,0.0,1.0
"((PTT >= 0.946) U[0,1] (SepsisLabel = 0.000))
",-9999999.000,-9999999.000,0.000,0.000,1.000,0,0,0,28,28,0,0,28,0.0,0,0,0.0,0.0,1.0
"F[0,2](FiO2 > 0.026 & SepsisLabel = 0.000)
",-9999999.000,-9999999.000,0.000,0.000,1.000,0,0,0,28,28,0,0,28,0.0,0,0,0.0,0.0,1.0
"F[0,1](((Calcium < 6.812 & Potassium < 2.730) & Magnesium < 1.476) & Phosphate < 0.672)
",-9999999.000,-9999999.000,0.000,0.000,1.000,0,0,0,28,28,0,0,28,0.0,0,0,0.0,0.0,1.0
"F[1,2](Hgb <= 2.128 | Hct <= 29.488)
",-9999999.000,-9999999.000,0.000,0.000,1.000,0,0,0,28,28,0,0,28,0.0,0,0,0.0,0.0,1.0
"F[0,2]((Phosphate >= 0.048 & Magnesium > 0.050) -> Calcium < 4.275)
",-9999999.000,-9999999.000,0.000,0.000,1.000,0,0,0,28,28,0,0,28,0.0,0,0,0.0,0.0,1.0
"F[1,2]((Calcium <= 7.470 & Potassium <= 3.842) & Magnesium >= 0.087)
",-9999999.000,-9999999.000,0.000,0.000,1.000,0,0,0,28,28,0,0,28,0.0,0,0,0.0,0.0,1.0
"F[0,1](Hgb <= 0.850 | Hct <= 11.489)
",-9999999.000,-9999999.000,0.000,0.000,1.000,0,0,0,28,28,0,0,28,0.0,0,0,0.0,0.0,1.0
"((MAP >= 21.294) U[0,2] (SBP <= 147.757))
",-9999999.000,-9999999.000,0.000,0.000,1.000,0,0,0,28,28,0,0,28,0.0,0,0,0.0,0.0,1.0
"F[1,2]((Phosphate >= 0.106 & Magnesium > 0.083) -> Calcium < 6.509)
",-9999999.000,-9999999.000,0.000,0.000,1.000,0,0,0,28,28,0,0,28,0.0,0,0,0.0,0.0,1.0
"((MAP >= 55.843) U[0,2] (SBP <= 121.872))
",-9999999.000,-9999999.000,0.000,0.000,1.000,0,0,0,28,28,0,0,28,0.0,0,0,0.0,0.0,1.0
"((MAP >= 7.415) U[2,2] (SBP <= 151.064))
",5315105774133893.000,151.064,0.000,0.000,1.000,0,0,0,28,28,0,0,28,0.0,0,0,0.0,0.0,1.0
"F[1,2]((Phosphate >= 0.094 & Magnesium > 0.007) -> Calcium < 8.257)
",-9999999.000,-9999999.000,0.000,0.000,1.000,0,0,0,28,28,0,0,28,0.0,0,0,0.0,0.0,1.0
"F[2,2]((Calcium <= 8.227 & Potassium <= 2.615) & Magnesium >= 0.006)
",-6452777423833057.000,-0.006,0.000,0.000,1.000,0,0,0,28,28,0,0,28,0.0,0,0,0.0,0.0,1.0
"F[2,2](Hgb <= 1.025 | Hct <= 22.197)
",6247849598872467.000,22.197,0.000,0.000,1.000,0,0,0,28,28,0,0,28,0.0,0,0,0.0,0.0,1.0
"((MAP >= 1.696) U[2,2] (SBP <= 157.227))
",157.227,157.227,0.000,0.000,1.000,0,0,0,28,28,0,0,28,0.0,0,0,0.0,0.0,1.0
"F[2,2]((Phosphate >= 0.096 & Magnesium > 0.002) -> Calcium < 6.929)
",-3900912558914117.500,-6.929,0.000,0.000,1.000,0,0,0,28,28,0,0,28,0.0,0,0,0.0,0.0,1.0
"F[0,1](((Calcium < 7.439 & Potassium < 1.011) & Magnesium < 1.397) & Phosphate < 0.503)
",-9999999.000,-9999999.000,0.000,0.000,1.000,0,0,0,28,28,0,0,28,0.0,0,0,0.0,0.0,1.0
"F[1,2]((Calcium <= 4.954 & Potassium <= 1.230) & Magnesium >= 0.104)
",-9999999.000,-9999999.000,0.000,0.000,1.000,0,0,0,28,28,0,0,28,0.0,0,0,0.0,0.0,1.0
"F[0,1]((Phosphate >= 0.053 & Magnesium > 0.073) -> Calcium < 0.801)
",-9999999.000,-9999999.000,0.000,0.000,1.000,0,0,0,28,28,0,0,28,0.0,0,0,0.0,0.0,1.0
"((MAP >= 32.135) U[0,2] (SBP <= 130.055))
",-9999999.000,-9999999.000,0.000,0.000,1.000,0,0,0,28,28,0,0,28,0.0,0,0,0.0,0.0,1.0
"F[0,1](Hgb <= 5.503 | Hct <= 24.243)
",-9999999.000,-9999999.000,0.000,0.000,1.000,0,0,0,28,28,0,0,28,0.0,0,0,0.0,0.0,1.0
"F[0,2]((Calcium <= 1.584 & Potassium <= 1.390) & Magnesium >= 0.019)
",-9999999.000,-9999999.000,0.000,0.000,1.000,0,0,0,28,28,0,0,28,0.0,0,0,0.0,0.0,1.0
"F[1,2](((Calcium < 5.274 & Potassium < 3.216) & Magnesium < 0.517) & Phosphate < 2.074)
",-9999999.000,-9999999.000,0.000,0.000,1.000,0,0,0,28,28,0,0,28,0.0,0,0,0.0,0.0,1.0
"F[1,2]((Phosphate >= 0.030 & Magnesium > 0.022) -> Calcium < 8.444)
",-9999999.000,-9999999.000,0.000,0.000,1.000,0,0,0,28,28,0,0,28,0.0,0,0,0.0,0.0,1.0
"F[1,2]((Calcium <= 6.298 & Potassium <= 2.869) & Magnesium >= 0.054)
",-9999999.000,-9999999.000,0.000,0.000,1.000,0,0,0,28,28,0,0,28,0.0,0,0,0.0,0.0,1.0
"F[0,1]((Phosphate >= 0.018 & Magnesium > 0.069) -> Calcium < 5.689)
",-9999999.000,-9999999.000,0.000,0.000,1.000,0,0,0,28,28,0,0,28,0.0,0,0,0.0,0.0,1.0
"F[0,1](Hgb <= 5.698 | Hct <= 25.849)
",-9999999.000,-9999999.000,0.000,0.000,1.000,0,0,0,28,28,0,0,28,0.0,0,0,0.0,0.0,1.0
"F[2,2](((Calcium < 4.282 & Potassium < 1.055) & Magnesium < 1.257) & Phosphate < 1.012)
",1.012,1.012,0.000,0.000,1.000,0,0,0,28,28,0,0,28,0.0,0,0,0.0,0.0,1.0
"F[2,2](Hgb <= 10.097 | Hct <= 30.964)
",4357823265859604.500,30.964,0.000,0.000,1.000,0,0,0,28,28,0,0,28,0.0,0,0,0.0,0.0,1.0
"F[0,2](((Calcium < 0.993 & Potassium < 2.211) & Magnesium < 0.375) & Phosphate < 1.131)
",-9999999.000,-9999999.000,0.000,0.000,1.000,0,0,0,28,28,0,0,28,0.0,0,0,0.0,0.0,1.0
"F[2,2]((Phosphate >= 0.019 & Magnesium > 0.121) -> Calcium < 4.066)
",-4577983739591215.000,-4.066,0.000,0.000,1.000,0,0,0,28,28,0,0,28,0.0,0,0,0.0,0.0,1.0
"F[0,1](Hgb <= 9.460 | Hct <= 14.232)
",-9999999.000,-9999999.000,0.000,0.000,1.000,0,0,0,28,28,0,0,28,0.0,0,0,0.0,0.0,1.0
"F[1,2]((Calcium <= 4.989 & Potassium <= 2.364) & Magnesium >= 0.058)
",-9999999.000,-9999999.000,0.000,0.000,1.000,0,0,0,28,28,0,0,28,0.0,0,0,0.0,0.0,1.0
"F[0,2](((Calcium < 5.812 & Potassium < 3.897) & Magnesium < 0.679) & Phosphate < 1.024)
",-9999999.000,-9999999.000,0.000,0.000,1.000,0,0,0,28,28,0,0,28,0.0,0,0,0.0,0.0,1.0
"F[1,2](Alkalinephos <= 41.005 & Bilirubin_total <= 2.223)
",-9999999.000,-9999999.000,0.000,0.000,1.000,0,0,0,28,28,0,0,28,0.0,0,0,0.0,0.0,1.0
"((BUN >= 1.670) U[0,0] (Phosphate <= 2.188))
",0.622,3.086,0.000,0.000,1.000,0,0,0,28,28,0,0,28,0.0,0,0,0.0,0.0,1.0
"F[0,1]((BUN <= 41.312 -> Calcium >= 0.312) -> Resp >= 0.429)
",-9999999.000,-9999999.000,0.000,0.000,1.000,0,0,0,28,28,0,0,28,0.0,0,0,0.0,0.0,1.0
"F[0,2](((Hgb <= 11.394 & Potassium >= 0.165) -> FiO2 <= 2.906) -> O2Sat >= 0.213)
",-9999999.000,-9999999.000,0.000,0.000,1.000,0,0,0,28,28,0,0,28,0.0,0,0,0.0,0.0,1.0
"F[1,2](pH >= 1.319 & SaO2 <= 86.639)
",-9999999.000,-9999999.000,0.000,0.000,1.000,0,0,0,28,28,0,0,28,0.0,0,0,0.0,0.0,1.0
"F[2,2]((Hct <= 8.237 -> Potassium <= 2.192) -> Lactate >= 0.294)
",0.294,0.294,0.000,0.000,1.000,0,0,0,28,28,0,0,28,0.0,0,0,0.0,0.0,1.0
"F[2,2](((BUN >= 2.454 & WBC >= 0.179) & Fibrinogen <= 4.090) | Glucose >= 0.388)
",-6980950843918665.000,-0.388,0.000,0.000,1.000,0,0,0,28,28,0,0,28,0.0,0,0,0.0,0.0,1.0
"F[0,2]((Calcium <= 7.774 & Potassium <= 2.650) & Magnesium >= 0.058)
",-9999999.000,-9999999.000,0.000,0.000,1.000,0,0,0,28,28,0,0,28,0.0,0,0,0.0,0.0,1.0
"F[0,2](FiO2 >= 0.008 & Lactate <= 0.438)
",-9999999.000,-9999999.000,0.000,0.000,1.000,0,0,0,28,28,0,0,28,0.0,0,0,0.0,0.0,1.0
"F[0,2](Glucose <= 87.429 & WBC >= 0.543)
",-9999999.000,-9999999.000,0.000,0.000,1.000,0,0,0,28,28,0,0,28,0.0,0,0,0.0,0.0,1.0
"F[0,2]((Platelets <= 103.460 -> Potassium <= 0.793) | SaO2 >= 0.250)
",-9999999.000,-9999999.000,0.000,0.000,1.000,0,0,0,28,28,0,0,28,0.0,0,0,0.0,0.0,1.0
"F[1,2](((Alkalinephos >= 1.994 -> Glucose >= 0.884) & SaO2 <= 33.558) & WBC <= 122.556)
",-9999999.000,-9999999.000,0.000,0.000,1.000,0,0,0,28,28,0,0,28,0.0,0,0,0.0,0.0,1.0
"F[1,2](((Bilirubin_direct <= 1.056 -> Phosphate <= 2.226) -> PaCO2 <= 2.323) & FiO2 >= 0.018)
",-9999999.000,-9999999.000,0.000,0.000,1.000,0,0,0,28,28,0,0,28,0.0,0,0,0.0,0.0,1.0
"((Bilirubin_direct <= 0.958) U[1,2] (Hgb >= 0.045))
",-9999999.000,-9999999.000,0.000,0.000,1.000,0,0,0,28,28,0,0,28,0.0,0,0,0.0,0.0,1.0
"F[0,2]((Magnesium >= 0.028 -> WBC <= 4.052) | Creatinine >= 0.352)
",-9999999.000,-9999999.000,0.000,0.000,1.000,0,0,0,28,28,0,0,28,0.0,0,0,0.0,0.0,1.0
"F[1,2](((BUN <= 10.371 -> PTT <= 10.843) -> Bilirubin_total <= 21.631) -> EtCO2 >= 0.600)
",-9999999.000,-9999999.000,0.000,0.000,1.000,0,0,0,28,28,0,0,28,0.0,0,0,0.0,0.0,1.0
"F[0,0]((Magnesium <= 1.669 | Platelets <= 19.004) | Temp >= 3.031)
",3.637,84.824,0.000,0.000,1.000,0,0,0,28,28,0,0,28,0.0,0,0,0.0,0.0,1.0
"F[1,2]((Bilirubin_total >= 0.070 | BUN >= 2.638) -> PaCO2 >= 1.611)
",-9999999.000,-9999999.000,0.000,0.000,1.000,0,0,0,28,28,0,0,28,0.0,0,0,0.0,0.0,1.0
"F[0,0](Lactate >= 0.061 -> pH >= 0.624)
",-0.194,-3.438,0.000,0.000,1.000,0,0,0,28,28,0,0,28,0.0,0,0,0.0,0.0,1.0
"((Bilirubin_direct <= 1.287) U[0,2] (BUN <= 52.736))
",-9999999.000,-9999999.000,0.000,0.000,1.000,0,0,0,28,28,0,0,28,0.0,0,0,0.0,0.0,1.0
"F[2,2](((BaseExcess <= 5.550 | Bilirubin_direct <= 0.738) | TroponinI <= 1.164) & Bilirubin_total >= 0.018)
",-5080627984694452.000,-0.018,0.000,0.000,1.000,0,0,0,28,28,0,0,28,0.0,0,0,0.0,0.0,1.0
"F[1,2](Bilirubin_direct <= 1.281 | pH >= 1.204)
",-9999999.000,-9999999.000,0.000,0.000,1.000,0,0,0,28,28,0,0,28,0.0,0,0,0.0,0.0,1.0
"F[0,2](Glucose >= 7.892 -> Temp <= 21.968)
",-9999999.000,-9999999.000,0.000,0.000,1.000,0,0,0,28,28,0,0,28,0.0,0,0,0.0,0.0,1.0
"F[0,2]((HCO3 >= 0.996 | Temp >= 1.691) & Hgb >= 4.849)
",-9999999.000,-9999999.000,0.000,0.000,1.000,0,0,0,28,28,0,0,28,0.0,0,0,0.0,0.0,1.0
"F[0,2](((FiO2 >= 0.136 | SaO2 <= 43.213) | EtCO2 <= 27.519) & pH <= 42.093)
",-9999999.000,-9999999.000,0.000,0.000,1.000,0,0,0,28,28,0,0,28,0.0,0,0,0.0,0.0,1.0
"F[1,2](((Temp >= 0.669 | WBC >= 0.465) | Phosphate <= 4.199) | TroponinI <= 2.731)
",-9999999.000,-9999999.000,0.000,0.000,1.000,0,0,0,28,28,0,0,28,0.0,0,0,0.0,0.0,1.0
"F[2,2](((Alkalinephos >= 1.843 | BaseExcess >= 0.347) -> BaseExcess >= 0.296) & PaCO2 <= 2.841)
",0.296,0.296,0.000,0.000,1.000,0,0,0,28,28,0,0,28,0.0,0,0,0.0,0.0,1.0
"F[1,2]((PaCO2 >= 6.095 | PTT <= 17.976) & HR >= 0.060)
",-9999999.000,-9999999.000,0.000,0.000,1.000,0,0,0,28,28,0,0,28,0.0,0,0,0.0,0.0,1.0
"F[1,2](pH >= 0.883 & PTT >= 1.135)
",-9999999.000,-9999999.000,0.000,0.000,1.000,0,0,0,28,28,0,0,28,0.0,0,0,0.0,0.0,1.0
"F[0,2]((AST >= 0.315 | PaCO2 <= 32.579) & BaseExcess <= 17.064)
",-9999999.000,-9999999.000,0.000,0.000,1.000,0,0,0,28,28,0,0,28,0.0,0,0,0.0,0.0,1.0
"F[0,2]((HR <= 92.381 & Temp >= 10.124) & BaseExcess <= 11.168)
",-9999999.000,-9999999.000,0.000,0.000,1.000,0,0,0,28,28,0,0,28,0.0,0,0,0.0,0.0,1.0
"F[2,2](((BUN <= 61.157 | FiO2 <= 0.613) & EtCO2 <= 0.905) & Creatinine >= 0.184)
",-6643981644638980.000,-0.184,0.000,0.000,1.000,0,0,0,28,28,0,0,28,0.0,0,0,0.0,0.0,1.0
"F[2,2](SBP >= 88.145 | Temp <= 25.778)
",7255765725835420.000,25.778,0.000,0.000,1.000,0,0,0,28,28,0,0,28,0.0,0,0,0.0,0.0,1.0
"((FiO2 <= 0.472) U[2,2] (O2Sat >= 82.334))
",8510161900451198.000,0.472,0.000,0.000,1.000,0,0,0,28,28,0,0,28,0.0,0,0,0.0,0.0,1.0
"((pH <= 7.428) U[2,2] (Resp >= 14.068))
",8362775282880407.000,7.428,0.000,0.000,1.000,0,0,0,28,28,0,0,28,0.0,0,0,0.0,0.0,1.0
"F[0,2]((AST <= 13.922 | Glucose <= 41.803) -> Hgb <= 142.186)
",-9999999.000,-9999999.000,0.000,0.000,1.000,0,0,0,28,28,0,0,28,0.0,0,0,0.0,0.0,1.0
"F[1,2](Creatinine >= 0.021 -> WBC >= 0.253)
",-9999999.000,-9999999.000,0.000,0.000,1.000,0,0,0,28,28,0,0,28,0.0,0,0,0.0,0.0,1.0
"((BUN <= 79.334) U[2,2] (HCO3 <= 26.555))
",79.334,79.334,0.000,0.000,1.000,0,0,0,28,28,0,0,28,0.0,0,0,0.0,0.0,1.0
"F[0,1](Alkalinephos <= 10.563 | Chloride >= 1.647)
",-9999999.000,-9999999.000,0.000,0.000,1.000,0,0,0,28,28,0,0,28,0.0,0,0,0.0,0.0,1.0
"F[0,2]((O2Sat <= 96.018 -> SBP >= 37.402) -> FiO2 >= 76.473)
",-9999999.000,-9999999.000,0.000,0.000,1.000,0,0,0,28,28,0,0,28,0.0,0,0,0.0,0.0,1.0
"F[0,1](((Bilirubin_total <= 0.958 & Calcium <= 8.423) | Alkalinephos >= 0.273) | SBP >= 0.001)
",-9999999.000,-9999999.000,0.000,0.000,1.000,0,0,0,28,28,0,0,28,0.0,0,0,0.0,0.0,1.0
"((Alkalinephos <= 8.776) U[2,2] (Calcium >= 0.088))
",8.776,8.776,0.000,0.000,1.000,0,0,0,28,28,0,0,28,0.0,0,0,0.0,0.0,1.0
"F[1,2](((Calcium <= 1.153 -> PTT <= 1.291) & Potassium <= 8.747) -> Calcium >= 0.254)
",-9999999.000,-9999999.000,0.000,0.000,1.000,0,0,0,28,28,0,0,28,0.0,0,0,0.0,0.0,1.0
"F[0,2]((AST >= 0.709 | WBC >= 0.447) -> HCO3 <= 1.667)
",-9999999.000,-9999999.000,0.000,0.000,1.000,0,0,0,28,28,0,0,28,0.0,0,0,0.0,0.0,1.0
"F[0,1]((Bilirubin_total <= 0.702 & Chloride >= 2.713) -> MAP <= 48.436)
",-9999999.000,-9999999.000,0.000,0.000,1.000,0,0,0,28,28,0,0,28,0.0,0,0,0.0,0.0,1.0
"F[0,2](((Chloride >= 1.076 -> Glucose <= 76.846) & FiO2 >= 5.796) -> Bilirubin_total >= 2.702)
",-9999999.000,-9999999.000,0.000,0.000,1.000,0,0,0,28,28,0,0,28,0.0,0,0,0.0,0.0,1.0
"F[0,2](Bilirubin_direct <= 1.233 | Platelets <= 103.690)
",-9999999.000,-9999999.000,0.000,0.000,1.000,0,0,0,28,28,0,0,28,0.0,0,0,0.0,0.0,1.0
"((Calcium >= 0.261) U[0,2] (Glucose >= 7.406))
",-9999999.000,-9999999.000,0.000,0.000,1.000,0,0,0,28,28,0,0,28,0.0,0,0,0.0,0.0,1.0
"F[2,2](((Magnesium >= 0.005 | Phosphate >= 0.072) | Lactate <= 1.230) | Calcium >= 0.057)
",5541041115706971.000,1.230,0.000,0.000,1.000,0,0,0,28,28,0,0,28,0.0,0,0,0.0,0.0,1.0
"F[1,2](((HCO3 <= 13.120 -> Magnesium >= 0.127) -> AST <= 1.109) & Resp <= 0.499)
",-9999999.000,-9999999.000,0.000,0.000,1.000,0,0,0,28,28,0,0,28,0.0,0,0,0.0,0.0,1.0
"F[0,2]((Chloride >= 3.660 -> Magnesium <= 0.249) -> Resp >= 0.113)
",-9999999.000,-9999999.000,0.000,0.000,1.000,0,0,0,28,28,0,0,28,0.0,0,0,0.0,0.0,1.0
"F[0,0](((AST >= 0.268 -> Platelets >= 2.204) | Fibrinogen >= 4.756) & Bilirubin_total <= 5.544)
",0.093,0.161,0.000,0.000,1.000,0,0,0,28,28,0,0,28,0.0,0,0,0.0,0.0,1.0
"F[0,2]((AST <= 20.753 | HCO3 >= 0.661) -> SepsisLabel <= 18.675)
",-9999999.000,-9999999.000,0.000,0.000,1.000,0,0,0,28,28,0,0,28,0.0,0,0,0.0,0.0,1.0
"F[0,1](Alkalinephos <= 27.863 | Bilirubin_direct >= 0.004)
",-9999999.000,-9999999.000,0.000,0.000,1.000,0,0,0,28,28,0,0,28,0.0,0,0,0.0,0.0,1.0
"F[0,1](((AST <= 6.123 | Phosphate <= 1.437) | pH >= 0.048) | Fibrinogen >= 0.016)
",-9999999.000,-9999999.000,0.000,0.000,1.000,0,0,0,28,28,0,0,28,0.0,0,0,0.0,0.0,1.0
"F[0,1]((AST <= 16.221 | Creatinine >= 9.912485970927824e-05) | SepsisLabel <= 0.111)
",-9999999.000,-9999999.000,0.000,0.000,1.000,0,0,0,28,28,0,0,28,0.0,0,0,0.0,0.0,1.0
"F[2,2](Bilirubin_total >= 0.009 -> Creatinine <= 1.051)
",-1.051,-1.051,0.000,0.000,1.000,0,0,0,28,28,0,0,28,0.0,0,0,0.0,0.0,1.0
"F[1,2]((Bilirubin_direct >= 0.011 | PTT >= 1.141) & WBC <= 8.599)
",-9999999.000,-9999999.000,0.000,0.000,1.000,0,0,0,28,28,0,0,28,0.0,0,0,0.0,0.0,1.0
"((Calcium <= 1.309) U[0,2] (Potassium <= 3.532))
",-9999999.000,-9999999.000,0.000,0.000,1.000,0,0,0,28,28,0,0,28,0.0,0,0,0.0,0.0,1.0
"((AST <= 27.084) U[2,2] (Bilirubin_direct >= 0.016))
",7623536401797432.000,27.084,0.000,0.000,1.000,0,0,0,28,28,0,0,28,0.0,0,0,0.0,0.0,1.0
"F[0,1]((Magnesium <= 0.177 -> PTT <= 10.305) | pH <= 18.447)
",-9999999.000,-9999999.000,0.000,0.000,1.000,0,0,0,28,28,0,0,28,0.0,0,0,0.0,0.0,1.0
"F[1,2](AST >= 1.104 -> Magnesium <= 0.400)
",-9999999.000,-9999999.000,0.000,0.000,1.000,0,0,0,28,28,0,0,28,0.0,0,0,0.0,0.0,1.0
"F[0,1](Chloride <= 40.548 | Platelets <= 101.488)
",-9999999.000,-9999999.000,0.000,0.000,1.000,0,0,0,28,28,0,0,28,0.0,0,0,0.0,0.0,1.0
"((HCO3 <= 21.444) U[0,2] (WBC <= 6.751))
",-9999999.000,-9999999.000,0.000,0.000,1.000,0,0,0,28,28,0,0,28,0.0,0,0,0.0,0.0,1.0
"F[1,2]((Creatinine <= 0.474 | Hct >= 0.224) | pH <= 11.610)
",-9999999.000,-9999999.000,0.000,0.000,1.000,0,0,0,28,28,0,0,28,0.0,0,0,0.0,0.0,1.0
"((Phosphate >= 0.019) U[0,2] (Platelets <= 26.225))
",-9999999.000,-9999999.000,0.000,0.000,1.000,0,0,0,28,28,0,0,28,0.0,0,0,0.0,0.0,1.0
"F[1,2]((Chloride >= 4.783 & Hct <= 18.643) | Hgb <= 15.214)
",-9999999.000,-9999999.000,0.000,0.000,1.000,0,0,0,28,28,0,0,28,0.0,0,0,0.0,0.0,1.0
"F[0,2](Calcium <= 6.627 | WBC >= 0.214)
",-9999999.000,-9999999.000,0.000,0.000,1.000,0,0,0,28,28,0,0,28,0.0,0,0,0.0,0.0,1.0
"((BUN <= 37.073) U[0,1] (Hct <= 21.199))
",-9999999.000,-9999999.000,0.000,0.000,1.000,0,0,0,28,28,0,0,28,0.0,0,0,0.0,0.0,1.0
"((Calcium >= 0.196) U[0,2] (Hgb >= 0.240))
",-9999999.000,-9999999.000,0.000,0.000,1.000,0,0,0,28,28,0,0,28,0.0,0,0,0.0,0.0,1.0
"F[0,0]((Chloride >= 1.682 -> Resp >= 7.215) | Bilirubin_direct <= 28.173)
",165.557,28.139,0.000,0.000,1.000,0,0,0,28,28,0,0,28,0.0,0,0,0.0,0.0,1.0
