Rule,Discrimination Score,Pos Robustness,Neg Robustness,Percent Class +,Percent Class -,TP,TN,FP,FN,Actual Yes,Actual No,Predicted Yes,Predicted No,TPR/Sens,TNR/Spec,FPR,Precision,Accuracy,MCR,Class
"G[0,0]((FiO2 <= 0.384 & PaCO2 <= 23.727) | MAP >= 3.579)
",-0.233,131.639,140.421,1.000,0.000,127,0,0,0,127,0,127,0,1.0,0.0,0.0,1.0,1.0039525691699605,-0.0039525691699604515,1
"F[0,0](BaseExcess > -5.841 & SepsisLabel = 0.647)
",-0.234,-25.391,-0.647,0.000,1.000,127,0,0,0,127,0,127,0,1.0,0.0,0.0,1.0,1.0039525691699605,-0.0039525691699604515,-1
"F[0,0](AST >= 0.068 & Glucose <= 151.916)
",0.283,7.155,-0.068,0.000,1.000,127,0,0,0,127,0,127,0,1.0,0.0,0.0,1.0,1.0039525691699605,-0.0039525691699604515,-1
"F[0,0]((Calcium <= 0.533 & Potassium <= 4.219) & Magnesium >= 0.075)
",-0.084,-0.510,-0.075,0.000,1.000,127,0,0,0,127,0,127,0,1.0,0.0,0.0,1.0,1.0039525691699605,-0.0039525691699604515,-1
"((Alkalinephos > 0.035) U[0,0] (SepsisLabel = 0.464))
",0.263,1.932,-0.035,0.000,1.000,127,0,0,0,127,0,127,0,1.0,0.0,0.0,1.0,1.0039525691699605,-0.0039525691699604515,-1
"((WBC >= 0.278) U[0,0] (SepsisLabel = 0.709))
",0.129,0.184,-0.278,0.000,1.000,127,0,0,0,127,0,127,0,1.0,0.0,0.0,1.0,1.0039525691699605,-0.0039525691699604515,-1
"G[0,0](((Lactate <= 0.886 & Phosphate <= 1.945) | BUN <= 3.177) | Creatinine <= 3.344)
",-0.266,3.333,3.344,1.000,0.000,127,0,0,0,127,0,127,0,1.0,0.0,0.0,1.0,1.0039525691699605,-0.0039525691699604515,1
"F[0,0](((Fibrinogen >= 0.566 & Alkalinephos <= 9.453) -> Potassium >= 0.097) & AST >= 0.069)
",-0.252,-0.268,-0.069,0.000,1.000,127,0,0,0,127,0,127,0,1.0,0.0,0.0,1.0,1.0039525691699605,-0.0039525691699604515,-1
"G[0,0]((BaseExcess >= -0.966 | Platelets >= 18.997) -> PaCO2 <= 159.437)
",-0.072,-163.331,-159.437,1.000,0.000,127,0,0,0,127,0,127,0,1.0,0.0,0.0,1.0,1.0039525691699605,-0.0039525691699604515,1
"G[0,0](((Glucose >= 9.039 | HR <= 102.106) & Alkalinephos <= 83.250) -> HCO3 <= 82.649)
",0.024,-82.624,-82.649,1.000,0.000,127,0,0,0,127,0,127,0,1.0,0.0,0.0,1.0,1.0039525691699605,-0.0039525691699604515,1
"G[0,0](AST >= 0.124 -> Creatinine >= 0.019)
",-0.376,-12.702,0.019,1.000,0.000,127,0,0,0,127,0,127,0,1.0,0.0,0.0,1.0,1.0039525691699605,-0.0039525691699604515,1
"G[0,1](((BUN <= 11.353 | SepsisLabel <= 0.504) -> BUN <= 0.552) | Creatinine >= 0.022)
",0.000,9999999.000,9999999.000,1.000,0.000,126,0,1,0,126,1,127,0,1.0,0.0,1.0,0.9921259842519685,0.9960474308300395,0.0039525691699604515,1
"((SaO2 > 4.120) U[1,1] (SepsisLabel = 0.636))
",1.000,-0.636,-0.636,0.000,1.000,126,0,0,1,127,0,126,1,0.9921259842519685,0.0,0.0,1.0,0.9960474308300395,0.0039525691699604515,-1
"G[0,1]((Creatinine <= 0.163 -> Potassium <= 4.508) | Calcium <= 2.193)
",0.000,9999999.000,9999999.000,1.000,0.000,126,0,1,0,126,1,127,0,1.0,0.0,1.0,0.9921259842519685,0.9960474308300395,0.0039525691699604515,1
"G[0,1]((Calcium <= 5.964 | Glucose >= 6.864) | Glucose >= 2.867)
",0.000,9999999.000,9999999.000,1.000,0.000,126,0,1,0,126,1,127,0,1.0,0.0,1.0,0.9921259842519685,0.9960474308300395,0.0039525691699604515,1
"F[1,1](((Hct <= 13.023 -> SepsisLabel >= 0.032) & Fibrinogen <= 0.956) & Bilirubin_total >= 0.030)
",5.500,-13.023,-13.023,0.000,1.000,126,0,0,1,127,0,126,1,0.9921259842519685,0.0,0.0,1.0,0.9960474308300395,0.0039525691699604515,-1
"F[0,1]((Creatinine >= 0.035 | HR <= 108.679) & EtCO2 >= 66.997)
",0.000,-9999999.000,-9999999.000,0.000,1.000,126,0,0,1,127,0,126,1,0.9921259842519685,0.0,0.0,1.0,0.9960474308300395,0.0039525691699604515,-1
"G[0,1]((BUN <= 24.618 | pH <= 5.853) | Lactate <= 6.869)
",0.000,9999999.000,9999999.000,1.000,0.000,126,0,1,0,126,1,127,0,1.0,0.0,1.0,0.9921259842519685,0.9960474308300395,0.0039525691699604515,1
"((Magnesium <= 1.014) U[1,1] (PTT >= 0.211))
",13.000,1.014,1.014,0.000,1.000,126,0,0,1,127,0,126,1,0.9921259842519685,0.0,0.0,1.0,0.9960474308300395,0.0039525691699604515,-1
"((HR < 124.159) U[1,1] (SepsisLabel = 0.789))
",-9.000,124.159,124.159,0.000,1.000,126,0,0,1,127,0,126,1,0.9921259842519685,0.0,0.0,1.0,0.9960474308300395,0.0039525691699604515,-1
"F[0,1]((Creatinine >= 0.038 & SepsisLabel >= 0.002) & Hgb <= 0.181)
",0.000,-9999999.000,-9999999.000,0.000,1.000,126,0,0,1,127,0,126,1,0.9921259842519685,0.0,0.0,1.0,0.9960474308300395,0.0039525691699604515,-1
"F[0,1](TroponinI > 0.000 & SepsisLabel = 0.261)
",0.000,-9999999.000,-9999999.000,0.000,1.000,126,0,0,1,127,0,126,1,0.9921259842519685,0.0,0.0,1.0,0.9960474308300395,0.0039525691699604515,-1
"F[0,1](Hgb >= 0.037 & SepsisLabel = 0.769)
",0.000,-9999999.000,-9999999.000,0.000,1.000,126,0,0,1,127,0,126,1,0.9921259842519685,0.0,0.0,1.0,0.9960474308300395,0.0039525691699604515,-1
"((Glucose >= 9.974) U[0,1] (SepsisLabel = 0.024))
",0.000,-9999999.000,-9999999.000,0.000,1.000,126,0,0,1,127,0,126,1,0.9921259842519685,0.0,0.0,1.0,0.9960474308300395,0.0039525691699604515,-1
"((Lactate <= 0.648) U[0,1] (SepsisLabel = 0.476))
",0.000,-9999999.000,-9999999.000,0.000,1.000,126,0,0,1,127,0,126,1,0.9921259842519685,0.0,0.0,1.0,0.9960474308300395,0.0039525691699604515,-1
"F[1,1](((BaseExcess >= -6.110 | pH >= 0.439) & Bilirubin_total >= 0.557) & BaseExcess >= 0.234)
",-8.000,-0.557,-0.557,0.000,1.000,126,0,0,1,127,0,126,1,0.9921259842519685,0.0,0.0,1.0,0.9960474308300395,0.0039525691699604515,-1
"F[1,1](((Platelets <= 354.667 | SaO2 >= 2.473) -> Magnesium <= 80.910) -> PTT >= 3.263)
",-9.000,3.263,3.263,0.000,1.000,126,0,0,1,127,0,126,1,0.9921259842519685,0.0,0.0,1.0,0.9960474308300395,0.0039525691699604515,-1
"F[0,1]((Calcium <= 8.172 & Potassium <= 1.091) & Magnesium >= 0.007)
",0.000,-9999999.000,-9999999.000,0.000,1.000,126,0,0,1,127,0,126,1,0.9921259842519685,0.0,0.0,1.0,0.9960474308300395,0.0039525691699604515,-1
"((SepsisLabel >= 0.031) U[1,1] (Calcium >= 0.275))
",6.500,-0.031,-0.031,0.000,1.000,126,0,0,1,127,0,126,1,0.9921259842519685,0.0,0.0,1.0,0.9960474308300395,0.0039525691699604515,-1
"((Resp > 4.656) U[0,1] (SepsisLabel = 0.586))
",0.000,-9999999.000,-9999999.000,0.000,1.000,126,0,0,1,127,0,126,1,0.9921259842519685,0.0,0.0,1.0,0.9960474308300395,0.0039525691699604515,-1
"F[0,1]((PaCO2 >= 4.360 & SepsisLabel >= 0.029) & Calcium <= 0.140)
",0.000,-9999999.000,-9999999.000,0.000,1.000,126,0,0,1,127,0,126,1,0.9921259842519685,0.0,0.0,1.0,0.9960474308300395,0.0039525691699604515,-1
"G[0,1](((HCO3 <= 17.968 & Lactate <= 2.015) | SepsisLabel >= 0.051) | EtCO2 <= 1.776)
",0.000,9999999.000,9999999.000,1.000,0.000,126,0,1,0,126,1,127,0,1.0,0.0,1.0,0.9921259842519685,0.9960474308300395,0.0039525691699604515,1
"F[0,1](Calcium < 3.244 & SepsisLabel = 0.420)
",0.000,-9999999.000,-9999999.000,0.000,1.000,126,0,0,1,127,0,126,1,0.9921259842519685,0.0,0.0,1.0,0.9960474308300395,0.0039525691699604515,-1
"G[1,1]((BUN >= 0.844 & Temp >= 12.576) -> Creatinine <= 19.216)
",1.000,-19.216,-19.216,1.000,0.000,126,0,1,0,126,1,127,0,1.0,0.0,1.0,0.9921259842519685,0.9960474308300395,0.0039525691699604515,1
"G[1,1]((Magnesium <= 0.901 & SBP >= 8.461) | MAP <= 150.139)
",3.500,150.139,150.139,1.000,0.000,126,0,1,0,126,1,127,0,1.0,0.0,1.0,0.9921259842519685,0.9960474308300395,0.0039525691699604515,1
"G[1,1](Bilirubin_direct > 0.000 -> SepsisLabel = 0.362)
",0.000,0.000,0.000,1.000,0.000,126,0,1,0,126,1,127,0,1.0,0.0,1.0,0.9921259842519685,0.9960474308300395,0.0039525691699604515,1
"G[0,1](HCO3 >= 1.216 -> HR >= 19.418)
",0.000,9999999.000,9999999.000,1.000,0.000,126,0,1,0,126,1,127,0,1.0,0.0,1.0,0.9921259842519685,0.9960474308300395,0.0039525691699604515,1
"G[1,1](FiO2 >= 0.086 | HR <= 122.243)
",12.000,122.243,122.243,1.000,0.000,126,0,1,0,126,1,127,0,1.0,0.0,1.0,0.9921259842519685,0.9960474308300395,0.0039525691699604515,1
"G[1,1](((Alkalinephos >= 0.156 -> Platelets <= 494.195) & Resp >= 5.331) | HCO3 >= 13.731)
",2.500,-13.731,-13.731,1.000,0.000,126,0,1,0,126,1,127,0,1.0,0.0,1.0,0.9921259842519685,0.9960474308300395,0.0039525691699604515,1
"G[1,1]((AST >= 0.140 & SepsisLabel <= 0.301) -> Phosphate <= 0.083)
",17.000,-0.083,-0.083,1.000,0.000,126,0,1,0,126,1,127,0,1.0,0.0,1.0,0.9921259842519685,0.9960474308300395,0.0039525691699604515,1
"G[0,1](((O2Sat <= 93.027 | SaO2 >= 6.108) -> Alkalinephos <= 74.718) | HCO3 <= 46.847)
",0.000,9999999.000,9999999.000,1.000,0.000,126,0,1,0,126,1,127,0,1.0,0.0,1.0,0.9921259842519685,0.9960474308300395,0.0039525691699604515,1
"G[1,1]((Fibrinogen <= 769.003 | MAP <= 115.582) -> O2Sat <= 135.828)
",3.000,-769.003,-769.003,1.000,0.000,126,0,1,0,126,1,127,0,1.0,0.0,1.0,0.9921259842519685,0.9960474308300395,0.0039525691699604515,1
"G[1,1]((Fibrinogen <= 461.514 & SBP >= 44.699) & HR <= 173.992)
",0.000,-44.699,-44.699,1.000,0.000,126,0,1,0,126,1,127,0,1.0,0.0,1.0,0.9921259842519685,0.9960474308300395,0.0039525691699604515,1
"G[0,1](((Bilirubin_total >= 0.000 -> BaseExcess <= 0.765) -> Temp >= -1.171) -> Glucose >= -6.309)
",0.000,9999999.000,9999999.000,1.000,0.000,126,0,1,0,126,1,127,0,1.0,0.0,1.0,0.9921259842519685,0.9960474308300395,0.0039525691699604515,1
"G[0,1]((BUN >= 0.465 | HCO3 >= 0.725) | TroponinI <= 24.282)
",0.000,9999999.000,9999999.000,1.000,0.000,126,0,1,0,126,1,127,0,1.0,0.0,1.0,0.9921259842519685,0.9960474308300395,0.0039525691699604515,1
"G[1,1](O2Sat >= 39.574 | SepsisLabel <= 0.784)
",-5.000,0.784,0.784,1.000,0.000,126,0,1,0,126,1,127,0,1.0,0.0,1.0,0.9921259842519685,0.9960474308300395,0.0039525691699604515,1
"G[0,1](((O2Sat <= 97.258 & Phosphate <= 1.015) | Bilirubin_total <= 2.969) | Chloride >= 0.064)
",0.000,9999999.000,9999999.000,1.000,0.000,126,0,1,0,126,1,127,0,1.0,0.0,1.0,0.9921259842519685,0.9960474308300395,0.0039525691699604515,1
"G[1,1]((Resp <= 29.403 | Temp <= 33.095) | Hct <= 22.898)
",-2.000,33.095,33.095,1.000,0.000,126,0,1,0,126,1,127,0,1.0,0.0,1.0,0.9921259842519685,0.9960474308300395,0.0039525691699604515,1
"G[0,1](((Bilirubin_total <= 0.000 & FiO2 <= 0.385) | Lactate <= 0.401) | Lactate >= 0.032)
",0.000,9999999.000,9999999.000,1.000,0.000,126,0,1,0,126,1,127,0,1.0,0.0,1.0,0.9921259842519685,0.9960474308300395,0.0039525691699604515,1
"G[1,1]((Calcium >= 0.340 | MAP <= 116.013) | AST <= 91.121)
",-7.500,116.013,116.013,1.000,0.000,126,0,1,0,126,1,127,0,1.0,0.0,1.0,0.9921259842519685,0.9960474308300395,0.0039525691699604515,1
"G[1,1]((Hct >= 1.043 | Hgb >= 0.527) -> Resp >= 0.435)
",7.667,0.435,0.435,1.000,0.000,126,0,1,0,126,1,127,0,1.0,0.0,1.0,0.9921259842519685,0.9960474308300395,0.0039525691699604515,1
"G[1,1]((Lactate >= 0.043 & Resp <= 23.413) | BaseExcess <= 23.131)
",-0.000,23.131,23.131,1.000,0.000,126,0,1,0,126,1,127,0,1.0,0.0,1.0,0.9921259842519685,0.9960474308300395,0.0039525691699604515,1
"G[0,1](((Phosphate <= 1.391 -> SaO2 <= 68.955) & AST <= 8.012) -> Creatinine <= 93.623)
",0.000,9999999.000,9999999.000,1.000,0.000,126,0,1,0,126,1,127,0,1.0,0.0,1.0,0.9921259842519685,0.9960474308300395,0.0039525691699604515,1
"G[0,1](((Fibrinogen >= 0.765 -> PaCO2 >= 0.681) | Platelets >= 4.685) -> WBC <= 32.736)
",0.000,9999999.000,9999999.000,1.000,0.000,126,0,1,0,126,1,127,0,1.0,0.0,1.0,0.9921259842519685,0.9960474308300395,0.0039525691699604515,1
"G[1,1](((BaseExcess <= 4.030 | Fibrinogen >= 0.895) | MAP <= 699.494) -> Hgb <= 183.458)
",-1.000,-699.494,-699.494,1.000,0.000,126,0,1,0,126,1,127,0,1.0,0.0,1.0,0.9921259842519685,0.9960474308300395,0.0039525691699604515,1
"G[0,1](((Hct <= 13.955 -> SBP <= 201.160) -> Potassium >= 36.990) -> Calcium <= 162.176)
",0.000,9999999.000,9999999.000,1.000,0.000,126,0,1,0,126,1,127,0,1.0,0.0,1.0,0.9921259842519685,0.9960474308300395,0.0039525691699604515,1
"F[0,1](Alkalinephos >= 0.216 & MAP >= 22.014)
",0.000,-9999999.000,-9999999.000,0.000,1.000,125,0,0,2,127,0,125,2,0.984251968503937,0.0,0.0,1.0,0.9881422924901185,0.011857707509881465,-1
"F[0,1]((Potassium >= 0.120 -> SepsisLabel <= 0.682) & Fibrinogen >= 0.032)
",0.000,-9999999.000,-9999999.000,0.000,1.000,125,0,0,2,127,0,125,2,0.984251968503937,0.0,0.0,1.0,0.9881422924901185,0.011857707509881465,-1
"((FiO2 >= 0.022) U[0,0] (PTT >= 0.135))
",0.264,1.639,-0.022,0.000,1.000,125,0,0,2,127,0,125,2,0.984251968503937,0.0,0.0,1.0,0.9881422924901185,0.011857707509881465,-1
"G[0,1]((Chloride >= 4.984 & FiO2 >= 0.008) -> Hgb >= 0.058)
",0.000,9999999.000,9999999.000,1.000,0.000,125,0,1,1,126,1,126,1,0.9920634920634921,0.0,1.0,0.9920634920634921,0.9881422924901185,0.011857707509881465,1
"G[0,1](Fibrinogen >= 1.370 -> SepsisLabel = 0.019)
",0.000,9999999.000,9999999.000,1.000,0.000,125,0,1,1,126,1,126,1,0.9920634920634921,0.0,1.0,0.9920634920634921,0.9881422924901185,0.011857707509881465,1
"G[0,1]((Alkalinephos >= 0.111 & Creatinine <= 0.182) -> BUN >= 0.004)
",0.000,9999999.000,9999999.000,1.000,0.000,125,0,1,1,126,1,126,1,0.9920634920634921,0.0,1.0,0.9920634920634921,0.9881422924901185,0.011857707509881465,1
"G[0,1](Fibrinogen <= 66.831 | FiO2 <= 0.355)
",0.000,9999999.000,9999999.000,1.000,0.000,125,0,1,1,126,1,126,1,0.9920634920634921,0.0,1.0,0.9920634920634921,0.9881422924901185,0.011857707509881465,1
"F[0,0]((Calcium <= 8.334 & Potassium <= 4.294) & Magnesium >= 0.014)
",-0.077,-0.360,-0.014,0.000,1.000,124,0,0,3,127,0,124,3,0.9763779527559056,0.0,0.0,1.0,0.9802371541501976,0.01976284584980237,-1
"G[0,0](Creatinine <= 0.513 | Temp <= 33.594)
",-0.130,-1.862,0.513,1.000,0.000,124,0,0,3,127,0,124,3,0.9763779527559056,0.0,0.0,1.0,0.9802371541501976,0.01976284584980237,1
"F[0,1]((Platelets <= 463.357 & WBC <= 5.126) & Magnesium >= 0.603)
",0.000,-9999999.000,-9999999.000,0.000,1.000,124,0,0,3,127,0,124,3,0.9763779527559056,0.0,0.0,1.0,0.9802371541501976,0.01976284584980237,-1
"G[0,1]((BaseExcess <= 4.148 -> FiO2 <= 0.451) | Hct <= 0.491)
",0.000,9999999.000,9999999.000,1.000,0.000,123,0,1,3,126,1,124,3,0.9761904761904762,0.0,1.0,0.9919354838709677,0.9723320158102767,0.02766798418972327,1
"G[1,1](AST >= 0.012 | BaseExcess >= -0.379)
",-0.000,0.379,0.379,1.000,0.000,123,0,1,3,126,1,124,3,0.9761904761904762,0.0,1.0,0.9919354838709677,0.9723320158102767,0.02766798418972327,1
"G[0,1]((BaseExcess <= 4.020 & HCO3 <= 2.429) | PaCO2 >= 0.157)
",0.000,9999999.000,9999999.000,1.000,0.000,123,0,1,3,126,1,124,3,0.9761904761904762,0.0,1.0,0.9919354838709677,0.9723320158102767,0.02766798418972327,1
"G[0,0]((PTT >= 0.197 | SepsisLabel <= 0.114) | BUN >= 0.002)
",0.219,0.995,0.114,1.000,0.000,123,0,0,4,127,0,123,4,0.968503937007874,0.0,0.0,1.0,0.9723320158102767,0.02766798418972327,1
"G[0,0](((DBP <= 141.307 & Glucose <= 173.144) & HR >= 13.773) | pH >= 1.659)
",0.313,62.248,55.107,1.000,0.000,123,0,0,4,127,0,123,4,0.968503937007874,0.0,0.0,1.0,0.9723320158102767,0.02766798418972327,1
"F[1,1](((Alkalinephos <= 1.766 -> Hct <= 30.107) & Fibrinogen <= 33.113) -> DBP <= 29.760)
",-13.000,-29.760,-29.760,0.000,1.000,122,0,0,5,127,0,122,5,0.9606299212598425,0.0,0.0,1.0,0.9644268774703557,0.035573122529644285,-1
"F[0,1](((AST <= 7.803 | Lactate <= 0.404) | Platelets <= 0.778) & SBP <= 1.779)
",0.000,-9999999.000,-9999999.000,0.000,1.000,122,0,0,5,127,0,122,5,0.9606299212598425,0.0,0.0,1.0,0.9644268774703557,0.035573122529644285,-1
"F[0,0](BaseExcess >= -2.591 -> Lactate >= 0.023)
",-0.391,-19.447,-2.591,0.000,1.000,122,0,0,5,127,0,122,5,0.9606299212598425,0.0,0.0,1.0,0.9644268774703557,0.035573122529644285,-1
"G[1,1](Platelets <= 263.923 | SepsisLabel >= 0.023)
",2.000,263.923,263.923,1.000,0.000,122,0,1,4,126,1,123,4,0.9682539682539683,0.0,1.0,0.991869918699187,0.9644268774703557,0.035573122529644285,1
"F[1,1]((Calcium <= 6.457 & Potassium <= 4.574) & Magnesium >= 0.069)
",4.000,-0.069,-0.069,0.000,1.000,121,0,0,6,127,0,121,6,0.952755905511811,0.0,0.0,1.0,0.9565217391304348,0.04347826086956519,-1
"G[0,1](((Alkalinephos >= 0.127 | SepsisLabel <= 0.688) -> Lactate <= 0.134) -> Creatinine <= 0.159)
",0.000,9999999.000,9999999.000,1.000,0.000,121,0,0,6,127,0,121,6,0.952755905511811,0.0,0.0,1.0,0.9565217391304348,0.04347826086956519,1
"F[0,1]((Calcium <= 2.822 & Potassium <= 4.163) & Magnesium >= 0.090)
",0.000,-9999999.000,-9999999.000,0.000,1.000,121,0,0,6,127,0,121,6,0.952755905511811,0.0,0.0,1.0,0.9565217391304348,0.04347826086956519,-1
"G[1,1](((Alkalinephos >= 0.058 -> pH >= 0.091) -> Magnesium <= 2.037) -> WBC <= 4.587)
",4.000,-4.587,-4.587,1.000,0.000,121,0,1,5,126,1,122,5,0.9603174603174603,0.0,1.0,0.9918032786885246,0.9565217391304348,0.04347826086956519,1
"G[0,0]((FiO2 <= 0.440 & Phosphate >= 0.082) -> TroponinI >= 0.045)
",-0.091,0.041,0.045,1.000,0.000,121,0,0,6,127,0,121,6,0.952755905511811,0.0,0.0,1.0,0.9565217391304348,0.04347826086956519,1
"G[0,0](Glucose <= 106.911 | Hgb <= 1.279)
",3.000,106.911,106.911,1.000,0.000,121,0,0,6,127,0,121,6,0.952755905511811,0.0,0.0,1.0,0.9565217391304348,0.04347826086956519,1
"G[0,0]((Magnesium <= 1.709 | SepsisLabel <= 0.203) -> Platelets <= 0.439)
",0.263,-1.631,-1.709,1.000,0.000,120,0,0,7,127,0,120,7,0.9448818897637795,0.0,0.0,1.0,0.9486166007905138,0.0513833992094862,1
"F[0,0]((Chloride >= 3.780 | Glucose <= 99.768) & Hgb >= 8.578)
",0.265,-6.483,-8.578,0.000,1.000,120,0,0,7,127,0,120,7,0.9448818897637795,0.0,0.0,1.0,0.9486166007905138,0.0513833992094862,-1
"F[0,0](((Lactate >= 0.043 -> SepsisLabel <= 0.889) | O2Sat >= 0.023) -> Chloride >= 0.030)
",0.044,-80.402,-81.377,0.000,1.000,120,0,0,7,127,0,120,7,0.9448818897637795,0.0,0.0,1.0,0.9486166007905138,0.0513833992094862,-1
"F[1,1]((FiO2 >= 0.042 & pH >= 0.857) | MAP <= 5.509)
",5.000,5.509,5.509,0.000,1.000,120,0,0,7,127,0,120,7,0.9448818897637795,0.0,0.0,1.0,0.9486166007905138,0.0513833992094862,-1
"G[1,1]((Alkalinephos <= 36.348 -> Potassium >= 0.293) | O2Sat >= 0.336)
",-13.000,-0.336,-0.336,1.000,0.000,120,0,1,6,126,1,121,6,0.9523809523809523,0.0,1.0,0.9917355371900827,0.9486166007905138,0.0513833992094862,1
"G[0,0](((Glucose >= 13.651 | FiO2 <= 0.233) -> Phosphate <= 0.435) | DBP <= 0.333)
",0.302,-0.284,-0.435,1.000,0.000,120,0,0,7,127,0,120,7,0.9448818897637795,0.0,0.0,1.0,0.9486166007905138,0.0513833992094862,1
"F[1,1]((Lactate >= 0.066 & SBP >= 107.005) | Bilirubin_total >= 46.525)
",-2.000,-46.525,-46.525,0.000,1.000,119,0,0,8,127,0,119,8,0.937007874015748,0.0,0.0,1.0,0.9407114624505929,0.059288537549407105,-1
"F[1,1](((Alkalinephos >= 0.173 & Hgb <= 4.300) | Potassium <= 11.361) -> Hct >= 0.338)
",0.000,-11.361,-11.361,0.000,1.000,118,0,0,9,127,0,118,9,0.9291338582677166,0.0,0.0,1.0,0.932806324110672,0.06719367588932801,-1
"G[0,1](((Phosphate >= 0.088 -> SBP >= 138.038) -> Platelets <= 203.617) | AST >= 74.913)
",0.000,9999999.000,9999999.000,1.000,0.000,118,0,1,8,126,1,119,8,0.9365079365079365,0.0,1.0,0.9915966386554622,0.932806324110672,0.06719367588932801,1
"G[0,1](Temp >= 13.376 | SaO2 <= 78.010)
",0.000,9999999.000,9999999.000,1.000,0.000,117,0,1,9,126,1,118,9,0.9285714285714286,0.0,1.0,0.9915254237288136,0.924901185770751,0.07509881422924902,1
"G[0,0](((FiO2 >= 0.010 & Hct >= 0.266) -> Alkalinephos >= 0.249) -> Resp <= 29.774)
",0.020,-0.102,-0.249,1.000,0.000,117,0,0,10,127,0,117,10,0.9212598425196851,0.0,0.0,1.0,0.924901185770751,0.07509881422924902,1
"F[0,1](((MAP >= 61.349 | Fibrinogen >= 0.163) | Phosphate <= 6.333) & Calcium >= 0.142)
",0.000,-9999999.000,-9999999.000,0.000,1.000,116,0,0,11,127,0,116,11,0.9133858267716536,0.0,0.0,1.0,0.9169960474308301,0.08300395256916993,-1
"F[1,1](((Platelets >= 17.703 -> FiO2 <= 0.526) -> SaO2 <= 0.334) -> SaO2 >= 0.085)
",-0.000,0.085,0.085,0.000,1.000,116,0,0,11,127,0,116,11,0.9133858267716536,0.0,0.0,1.0,0.9169960474308301,0.08300395256916993,-1
"G[0,1](FiO2 <= 0.384 -> WBC <= 8.427)
",0.000,9999999.000,9999999.000,1.000,0.000,116,0,1,10,126,1,117,10,0.9206349206349206,0.0,1.0,0.9914529914529915,0.9169960474308301,0.08300395256916993,1
"F[0,1]((MAP <= 104.551 & Phosphate >= 0.044) & Creatinine >= 0.088)
",0.000,-9999999.000,-9999999.000,0.000,1.000,114,0,0,13,127,0,114,13,0.8976377952755905,0.0,0.0,1.0,0.9011857707509882,0.09881422924901184,-1
"G[0,1](BaseExcess >= -1.567 -> Hct <= 11.186)
",0.000,9999999.000,9999999.000,1.000,0.000,114,0,0,13,127,0,114,13,0.8976377952755905,0.0,0.0,1.0,0.9011857707509882,0.09881422924901184,1
"F[0,1]((Phosphate <= 1.533 -> PTT >= 0.089) & Magnesium <= 20.864)
",0.000,-9999999.000,-9999999.000,0.000,1.000,113,0,0,14,127,0,113,14,0.889763779527559,0.0,0.0,1.0,0.8932806324110671,0.10671936758893286,-1
"G[0,1](O2Sat >= 40.130 & SBP >= 19.360)
",0.000,9999999.000,9999999.000,1.000,0.000,113,0,1,13,126,1,114,13,0.8968253968253969,0.0,1.0,0.9912280701754386,0.8932806324110671,0.10671936758893286,1
"G[0,1]((Creatinine <= 0.271 | HCO3 >= 1.250) -> Hgb <= 6.124)
",0.000,9999999.000,9999999.000,1.000,0.000,112,0,0,15,127,0,112,15,0.8818897637795275,0.0,0.0,1.0,0.8853754940711462,0.11462450592885376,1
"((Phosphate >= 0.139) U[0,1] (Platelets >= 8.270))
",0.000,-9999999.000,-9999999.000,0.000,1.000,112,0,0,15,127,0,112,15,0.8818897637795275,0.0,0.0,1.0,0.8853754940711462,0.11462450592885376,-1
"F[0,1](Creatinine >= 0.029 | WBC >= 0.280)
",0.000,-9999999.000,-9999999.000,0.000,1.000,111,0,0,16,127,0,111,16,0.8740157480314961,0.0,0.0,1.0,0.8774703557312253,0.12252964426877466,-1
"G[0,0](((O2Sat >= 27.265 -> Potassium >= 0.003) -> Creatinine <= 2.043) & PaCO2 <= 1.746)
",-0.377,-2.554,-2.043,1.000,0.000,111,0,0,16,127,0,111,16,0.8740157480314961,0.0,0.0,1.0,0.8774703557312253,0.12252964426877466,1
"F[0,1](((Calcium >= 0.014 -> Resp >= 18.603) & Creatinine >= 18.062) | Hct >= 12.999)
",0.000,-9999999.000,-9999999.000,0.000,1.000,111,0,0,16,127,0,111,16,0.8740157480314961,0.0,0.0,1.0,0.8774703557312253,0.12252964426877466,-1
"G[0,1]((HR >= 23.484 & Potassium >= 0.207) -> Hct >= 0.370)
",0.000,9999999.000,9999999.000,1.000,0.000,110,0,1,16,126,1,111,16,0.873015873015873,0.0,1.0,0.990990990990991,0.8695652173913043,0.13043478260869568,1
"G[0,1](pH <= 5.538 | Temp >= 16.813)
",0.000,9999999.000,9999999.000,1.000,0.000,109,0,0,18,127,0,109,18,0.8582677165354331,0.0,0.0,1.0,0.8616600790513834,0.13833992094861658,1
"F[1,1](PaCO2 >= 1.758 & pH >= 0.505)
",3.500,-1.758,-1.758,0.000,1.000,108,0,0,19,127,0,108,19,0.8503937007874016,0.0,0.0,1.0,0.8537549407114624,0.1462450592885376,-1
"G[0,1]((BaseExcess <= 3.593 -> PTT >= 0.202) | SaO2 <= 18.928)
",0.000,9999999.000,9999999.000,1.000,0.000,108,0,1,18,126,1,109,18,0.8571428571428571,0.0,1.0,0.9908256880733946,0.8537549407114624,0.1462450592885376,1
"G[0,1](BaseExcess <= 2.438 & Hgb <= 2.970)
",0.000,9999999.000,9999999.000,1.000,0.000,108,0,0,19,127,0,108,19,0.8503937007874016,0.0,0.0,1.0,0.8537549407114624,0.1462450592885376,1
"F[0,0]((Chloride <= 29.830 -> pH >= 0.081) & MAP >= 0.957)
",0.248,-29.332,-29.830,0.000,1.000,108,0,0,19,127,0,108,19,0.8503937007874016,0.0,0.0,1.0,0.8537549407114624,0.1462450592885376,-1
"F[0,1]((Calcium <= 3.119 -> SaO2 <= 68.812) -> MAP <= 56.254)
",0.000,-9999999.000,-9999999.000,0.000,1.000,107,0,0,20,127,0,107,20,0.84251968503937,0.0,0.0,1.0,0.8458498023715415,0.1541501976284585,-1
"F[1,1](MAP >= 48.222 -> O2Sat <= 96.802)
",0.000,-96.802,-96.802,0.000,1.000,106,0,0,21,127,0,106,21,0.8346456692913385,0.0,0.0,1.0,0.8379446640316206,0.1620553359683794,-1
"((HCO3 >= 0.760) U[1,2] (Resp <= 28.916))
",0.000,-9999999.000,-9999999.000,0.000,1.000,106,0,0,21,127,0,106,21,0.8346456692913385,0.0,0.0,1.0,0.8379446640316206,0.1620553359683794,-1
"F[1,1]((Calcium <= 4.110 | PTT <= 22.089) -> FiO2 >= 0.041)
",-0.000,-22.089,-22.089,0.000,1.000,104,0,0,23,127,0,104,23,0.8188976377952756,0.0,0.0,1.0,0.8221343873517787,0.17786561264822132,-1
"((PaCO2 >= 4.707) U[1,2] (SaO2 <= 90.627))
",0.000,-9999999.000,-9999999.000,0.000,1.000,102,0,0,25,127,0,102,25,0.8031496062992126,0.0,0.0,1.0,0.8063241106719368,0.19367588932806323,-1
"G[1,1](((Calcium >= 0.349 | FiO2 >= 0.039) -> SBP <= 0.389) & Phosphate <= 0.334)
",-6.000,-0.389,-0.389,1.000,0.000,100,0,1,26,126,1,101,26,0.7936507936507936,0.0,1.0,0.9900990099009901,0.7905138339920948,0.20948616600790515,1
"F[0,1](((Fibrinogen <= 217.676 & Hct <= 29.474) | HR >= 1.618) & Potassium >= 0.285)
",0.000,-9999999.000,-9999999.000,0.000,1.000,96,0,0,31,127,0,96,31,0.7559055118110236,0.0,0.0,1.0,0.758893280632411,0.24110671936758898,-1
"F[0,1](((HCO3 >= 0.949 | Magnesium >= 0.006) -> SaO2 >= 0.062) -> Potassium >= 0.002)
",0.000,-9999999.000,-9999999.000,0.000,1.000,96,0,0,31,127,0,96,31,0.7559055118110236,0.0,0.0,1.0,0.758893280632411,0.24110671936758898,-1
"F[0,1]((Creatinine <= 0.907 -> Phosphate <= 3.065) -> Glucose >= 0.157)
",0.000,-9999999.000,-9999999.000,0.000,1.000,94,0,0,33,127,0,94,33,0.7401574803149606,0.0,0.0,1.0,0.7430830039525692,0.2569169960474308,-1
"G[0,1]((DBP >= 46.501 -> HR <= 98.723) & Platelets <= 85.424)
",0.000,9999999.000,9999999.000,1.000,0.000,92,0,0,35,127,0,92,35,0.7244094488188977,0.0,0.0,1.0,0.7272727272727273,0.2727272727272727,1
"G[0,0](AST >= 0.036 | MAP >= 74.549)
",-0.133,65.130,69.451,1.000,0.000,90,0,0,37,127,0,90,37,0.7086614173228346,0.0,0.0,1.0,0.7114624505928854,0.2885375494071146,1
"F[0,1](O2Sat <= 96.113 & PTT <= 4.087)
",0.000,-9999999.000,-9999999.000,0.000,1.000,89,0,0,38,127,0,89,38,0.7007874015748031,0.0,0.0,1.0,0.7035573122529645,0.2964426877470355,-1
"((DBP <= 136.156) U[0,1] (FiO2 >= 0.061))
",0.000,-9999999.000,-9999999.000,0.000,1.000,84,0,0,43,127,0,84,43,0.6614173228346457,0.0,0.0,1.0,0.6640316205533597,0.33596837944664026,-1
"G[0,1](((Glucose >= 9.857 | MAP >= 68.315) -> SBP <= 124.001) -> SepsisLabel >= 71.792)
",0.000,9999999.000,9999999.000,1.000,0.000,81,0,0,46,127,0,81,46,0.6377952755905512,0.0,0.0,1.0,0.6403162055335968,0.3596837944664032,1
"G[1,1](Alkalinephos >= 0.126 | Resp >= 20.853)
",2.000,-0.126,-0.126,1.000,0.000,78,0,1,48,126,1,79,48,0.6190476190476191,0.0,1.0,0.9873417721518988,0.616600790513834,0.383399209486166,1
"((Chloride <= 25.199) U[0,0] (Temp >= 7.323))
",-0.348,86.951,92.477,0.000,1.000,76,0,0,51,127,0,76,51,0.5984251968503937,0.0,0.0,1.0,0.6007905138339921,0.39920948616600793,-1
"G[0,0]((O2Sat >= 64.621 & Temp <= 22.470) -> EtCO2 >= 4.417)
",0.070,-17.442,-18.183,1.000,0.000,55,0,0,72,127,0,55,72,0.4330708661417323,0.0,0.0,1.0,0.43478260869565216,0.5652173913043479,1
"((SepsisLabel >= 0.036) U[0,0] (Temp <= 28.588))
",0.250,26.438,-0.036,0.000,1.000,51,0,0,76,127,0,51,76,0.4015748031496063,0.0,0.0,1.0,0.4031620553359684,0.5968379446640316,-1
"G[0,1](Potassium >= 0.369 | Temp >= 17.238)
",0.000,9999999.000,9999999.000,1.000,0.000,49,0,1,77,126,1,50,77,0.3888888888888889,0.0,1.0,0.98,0.38735177865612647,0.6126482213438735,1
"F[0,1](((HR >= 41.777 | SepsisLabel >= 0.006) -> Temp >= 0.031) & Hct <= 0.705)
",0.000,-9999999.000,-9999999.000,0.000,1.000,42,0,0,85,127,0,42,85,0.33070866141732286,0.0,0.0,1.0,0.33201581027667987,0.6679841897233201,-1
"G[0,1]((SBP >= 7.044 -> Temp >= 4.044) -> HCO3 >= 1.267)
",0.000,9999999.000,9999999.000,1.000,0.000,42,0,1,84,126,1,43,84,0.3333333333333333,0.0,1.0,0.9767441860465116,0.33201581027667987,0.6679841897233201,1
"((MAP >= 72.765) U[1,1] (SBP <= 194.220))
",8.000,194.220,194.220,0.000,1.000,32,0,0,95,127,0,32,95,0.25196850393700787,0.0,0.0,1.0,0.25296442687747034,0.7470355731225297,-1
"((MAP >= 40.321) U[0,1] (SBP <= 152.751))
",0.000,-9999999.000,-9999999.000,0.000,1.000,29,0,0,98,127,0,29,98,0.2283464566929134,0.0,0.0,1.0,0.22924901185770752,0.7707509881422925,-1
"F[1,1](Creatinine >= 0.033 | FiO2 <= 0.157)
",-6.000,0.157,0.157,0.000,1.000,20,0,0,107,127,0,20,107,0.15748031496062992,0.0,0.0,1.0,0.15810276679841898,0.841897233201581,-1
"((pH <= 1.954) U[1,1] (SepsisLabel <= 0.985))
",10.500,1.954,1.954,0.000,1.000,20,0,0,107,127,0,20,107,0.15748031496062992,0.0,0.0,1.0,0.15810276679841898,0.841897233201581,-1
"G[0,1](((Fibrinogen <= 270.765 & HR <= 127.595) & SepsisLabel <= 104.018) -> SBP <= 124.942)
",0.000,9999999.000,9999999.000,1.000,0.000,19,0,1,107,126,1,20,107,0.15079365079365079,0.0,1.0,0.95,0.15019762845849802,0.849802371541502,1
"((Chloride <= 18.933) U[0,0] (HR <= 97.743))
",-0.248,18.435,18.933,0.000,1.000,16,0,0,111,127,0,16,111,0.12598425196850394,0.0,0.0,1.0,0.12648221343873517,0.8735177865612649,-1
"F[0,0]((BaseExcess <= 4.814 -> PaCO2 <= 8.789) & Bilirubin_direct <= 33.758)
",0.418,-8.198,-8.789,0.000,1.000,16,0,0,111,127,0,16,111,0.12598425196850394,0.0,0.0,1.0,0.12648221343873517,0.8735177865612649,-1
"F[0,0](((Glucose <= 99.227 -> Phosphate <= 0.532) & SBP <= 1.233) | PaCO2 <= 0.216)
",-0.418,-0.890,0.216,0.000,1.000,16,0,0,111,127,0,16,111,0.12598425196850394,0.0,0.0,1.0,0.12648221343873517,0.8735177865612649,-1
"G[0,0](((Chloride <= 62.293 -> Hct >= 1.558) | Bilirubin_direct <= 13.842) & Potassium >= 1.504)
",0.265,-1.284,-1.504,1.000,0.000,13,0,0,114,127,0,13,114,0.10236220472440945,0.0,0.0,1.0,0.10276679841897234,0.8972332015810277,1
"((Hgb <= 3.195) U[1,1] (Phosphate <= 1.275))
",0.000,3.195,3.195,0.000,1.000,13,0,0,114,127,0,13,114,0.10236220472440945,0.0,0.0,1.0,0.10276679841897234,0.8972332015810277,-1
"F[0,1]((DBP <= 65.417 -> pH >= 0.169) -> AST >= 0.073)
",0.000,-9999999.000,-9999999.000,0.000,1.000,13,0,0,114,127,0,13,114,0.10236220472440945,0.0,0.0,1.0,0.10276679841897234,0.8972332015810277,-1
"G[1,1](((HCO3 >= 0.670 & SBP >= 41.915) -> Magnesium >= 46.008) & Glucose >= 68.564)
",-5.000,-68.564,-68.564,1.000,0.000,12,0,1,114,126,1,13,114,0.09523809523809523,0.0,1.0,0.9230769230769231,0.09486166007905138,0.9051383399209486,1
"F[0,0](((Calcium < 4.425 & Potassium < 3.752) & Magnesium < 1.137) & Phosphate < 3.063)
",-0.111,0.587,1.137,0.000,1.000,11,0,0,116,127,0,11,116,0.08661417322834646,0.0,0.0,1.0,0.08695652173913043,0.9130434782608696,-1
"((BaseExcess <= 4.862) U[1,1] (SaO2 <= 37.323))
",6.000,37.323,37.323,0.000,1.000,10,0,0,117,127,0,10,117,0.07874015748031496,0.0,0.0,1.0,0.07905138339920949,0.9209486166007905,-1
"G[0,0](Potassium >= 0.413 & SaO2 <= 20.304)
",-0.392,-2.512,-0.413,1.000,0.000,9,0,0,118,127,0,9,118,0.07086614173228346,0.0,0.0,1.0,0.07114624505928854,0.9288537549407114,1
"G[0,0](((Creatinine >= 0.002 -> PTT <= 12.517) & Lactate >= 0.067) | Magnesium >= 0.063)
",0.260,0.020,-0.063,1.000,0.000,9,0,0,118,127,0,9,118,0.07086614173228346,0.0,0.0,1.0,0.07114624505928854,0.9288537549407114,1
"G[0,0](((BUN >= 1.154 -> DBP <= 77.130) & O2Sat >= 37.055) -> Hgb >= 15.289)
",0.350,1.533,-1.098,1.000,0.000,9,0,0,118,127,0,9,118,0.07086614173228346,0.0,0.0,1.0,0.07114624505928854,0.9288537549407114,1
"((Creatinine >= 0.011) U[1,2] (Magnesium >= 0.056))
",0.000,-9999999.000,-9999999.000,0.000,1.000,9,0,0,118,127,0,9,118,0.07086614173228346,0.0,0.0,1.0,0.07114624505928854,0.9288537549407114,-1
"((BaseExcess >= -4.903) U[0,0] (O2Sat >= 61.676))
",0.062,20.736,19.724,0.000,1.000,9,0,0,118,127,0,9,118,0.07086614173228346,0.0,0.0,1.0,0.07114624505928854,0.9288537549407114,-1
"F[0,0]((BUN >= 0.541 | SaO2 <= 93.629) -> O2Sat >= 2.854)
",0.145,-92.452,-93.629,0.000,1.000,9,0,0,118,127,0,9,118,0.07086614173228346,0.0,0.0,1.0,0.07114624505928854,0.9288537549407114,-1
"F[0,0](Hgb <= 6.324 | Hct <= 21.365)
",3.500,21.365,21.365,0.000,1.000,8,0,0,119,127,0,8,119,0.06299212598425197,0.0,0.0,1.0,0.06324110671936758,0.9367588932806324,-1
"((Lactate >= 0.059) U[0,0] (PaCO2 <= 34.212))
",0.372,46.373,34.212,0.000,1.000,8,0,0,119,127,0,8,119,0.06299212598425197,0.0,0.0,1.0,0.06324110671936758,0.9367588932806324,-1
"G[0,0](HR <= 117.488 -> Lactate >= 0.062)
",-0.392,-17.162,0.062,1.000,0.000,8,0,0,119,127,0,8,119,0.06299212598425197,0.0,0.0,1.0,0.06324110671936758,0.9367588932806324,1
"G[0,0](Platelets <= 503.463 -> WBC >= 0.681)
",0.091,-499.512,-503.463,1.000,0.000,8,0,0,119,127,0,8,119,0.06299212598425197,0.0,0.0,1.0,0.06324110671936758,0.9367588932806324,1
"F[0,0](Hgb <= 5.907 | Hct <= 25.643)
",-11.000,25.643,25.643,0.000,1.000,8,0,0,119,127,0,8,119,0.06299212598425197,0.0,0.0,1.0,0.06324110671936758,0.9367588932806324,-1
"G[1,1](((BUN >= 1.026 & Calcium >= 0.235) -> AST >= 0.024) -> Platelets >= 0.353)
",5.000,-0.024,-0.024,1.000,0.000,8,0,1,118,126,1,9,118,0.06349206349206349,0.0,1.0,0.8888888888888888,0.06324110671936758,0.9367588932806324,1
"F[1,1](((Alkalinephos <= 14.857 & WBC >= 0.197) & EtCO2 >= 0.325) | Chloride <= 5.144)
",0.000,5.144,5.144,0.000,1.000,7,0,0,120,127,0,7,120,0.05511811023622047,0.0,0.0,1.0,0.05533596837944664,0.9446640316205533,-1
"((HCO3 >= 1.256) U[1,2] (Hgb >= 0.489))
",0.000,-9999999.000,-9999999.000,0.000,1.000,7,0,0,120,127,0,7,120,0.05511811023622047,0.0,0.0,1.0,0.05533596837944664,0.9446640316205533,-1
"((Calcium >= 0.118) U[1,2] (Platelets >= 4.198))
",0.000,-9999999.000,-9999999.000,0.000,1.000,7,0,0,120,127,0,7,120,0.05511811023622047,0.0,0.0,1.0,0.05533596837944664,0.9446640316205533,-1
"F[1,1](((Hgb >= 0.465 -> SepsisLabel <= 0.609) -> Fibrinogen <= 0.213) & Creatinine <= 0.360)
",14.000,-0.213,-0.213,0.000,1.000,7,0,0,120,127,0,7,120,0.05511811023622047,0.0,0.0,1.0,0.05533596837944664,0.9446640316205533,-1
"G[0,0](Chloride >= 1.246 & HCO3 >= 0.093)
",-0.010,-1.254,-1.246,1.000,0.000,7,0,0,120,127,0,7,120,0.05511811023622047,0.0,0.0,1.0,0.05533596837944664,0.9446640316205533,1
"((FiO2 >= 0.040) U[1,2] (HCO3 >= 0.762))
",0.000,-9999999.000,-9999999.000,0.000,1.000,7,0,0,120,127,0,7,120,0.05511811023622047,0.0,0.0,1.0,0.05533596837944664,0.9446640316205533,-1
"G[1,1](((HR <= 120.296 | Resp >= 21.782) & MAP >= 4.112) -> BUN >= 0.841)
",14.000,0.841,0.841,1.000,0.000,7,0,1,119,126,1,8,119,0.05555555555555555,0.0,1.0,0.875,0.05533596837944664,0.9446640316205533,1
"G[1,1](Chloride >= 1.971 & HCO3 >= 1.015)
",9.000,-1.971,-1.971,1.000,0.000,7,0,1,119,126,1,8,119,0.05555555555555555,0.0,1.0,0.875,0.05533596837944664,0.9446640316205533,1
"G[1,1](Platelets <= 605.233 -> WBC >= 0.157)
",-0.000,-605.233,-605.233,1.000,0.000,7,0,1,119,126,1,8,119,0.05555555555555555,0.0,1.0,0.875,0.05533596837944664,0.9446640316205533,1
"G[1,1](Platelets <= 295.837 -> WBC >= 0.091)
",0.000,-295.837,-295.837,1.000,0.000,7,0,1,119,126,1,8,119,0.05555555555555555,0.0,1.0,0.875,0.05533596837944664,0.9446640316205533,1
"G[1,1](BUN >= 0.339 & Magnesium >= 0.079)
",-0.000,-0.339,-0.339,1.000,0.000,7,0,1,119,126,1,8,119,0.05555555555555555,0.0,1.0,0.875,0.05533596837944664,0.9446640316205533,1
"G[1,1](Platelets <= 171.212 -> WBC >= 0.221)
",0.000,-171.212,-171.212,1.000,0.000,7,0,1,119,126,1,8,119,0.05555555555555555,0.0,1.0,0.875,0.05533596837944664,0.9446640316205533,1
"G[0,0](((Chloride <= 91.547 -> MAP >= 14.112) & Chloride >= 80.350) | Hgb >= 26.580)
",0.265,-24.486,-26.580,1.000,0.000,7,0,0,120,127,0,7,120,0.05511811023622047,0.0,0.0,1.0,0.05533596837944664,0.9446640316205533,1
"F[0,0]((Phosphate >= 0.101 & Magnesium > 0.043) -> Calcium < 2.301)
",0.091,-2.281,-2.301,0.000,1.000,7,0,0,120,127,0,7,120,0.05511811023622047,0.0,0.0,1.0,0.05533596837944664,0.9446640316205533,-1
"((MAP >= 63.678) U[1,2] (SBP <= 169.665))
",0.000,-9999999.000,-9999999.000,0.000,1.000,7,0,0,120,127,0,7,120,0.05511811023622047,0.0,0.0,1.0,0.05533596837944664,0.9446640316205533,-1
"F[1,1]((Lactate >= 0.055 | SepsisLabel >= 0.013) -> SepsisLabel >= 0.035)
",13.000,0.013,0.013,0.000,1.000,7,0,0,120,127,0,7,120,0.05511811023622047,0.0,0.0,1.0,0.05533596837944664,0.9446640316205533,-1
"G[0,0](HR <= 87.242 & WBC >= 0.093)
",-0.000,-4614.758,-4614.758,1.000,0.000,6,0,0,121,127,0,6,121,0.047244094488188976,0.0,0.0,1.0,0.04743083003952569,0.9525691699604744,1
"((Hgb <= 8.489) U[1,2] (HR <= 92.558))
",0.000,-9999999.000,-9999999.000,0.000,1.000,6,0,0,121,127,0,6,121,0.047244094488188976,0.0,0.0,1.0,0.04743083003952569,0.9525691699604744,-1
"((HCO3 <= 7.840) U[1,2] (Platelets <= 357.579))
",0.000,-9999999.000,-9999999.000,0.000,1.000,6,0,0,121,127,0,6,121,0.047244094488188976,0.0,0.0,1.0,0.04743083003952569,0.9525691699604744,-1
"G[0,1]((Resp <= 30.130 -> SepsisLabel >= 0.025) & Bilirubin_direct <= 0.733)
",0.000,9999999.000,9999999.000,1.000,0.000,6,0,1,120,126,1,7,120,0.047619047619047616,0.0,1.0,0.8571428571428571,0.04743083003952569,0.9525691699604744,1
"G[1,1](MAP >= 52.367 & SepsisLabel >= 0.030)
",1.500,-52.367,-52.367,1.000,0.000,5,0,1,121,126,1,6,121,0.03968253968253968,0.0,1.0,0.8333333333333334,0.039525691699604744,0.9604743083003953,1
"((MAP >= 60.962) U[1,1] (SBP <= 197.762))
",-0.000,197.762,197.762,0.000,1.000,5,0,0,122,127,0,5,122,0.03937007874015748,0.0,0.0,1.0,0.039525691699604744,0.9604743083003953,-1
"F[0,0]((Hct <= 23.985 | PaCO2 <= 17.155) & FiO2 <= 37.909)
",-0.256,23.244,23.985,0.000,1.000,5,0,0,122,127,0,5,122,0.03937007874015748,0.0,0.0,1.0,0.039525691699604744,0.9604743083003953,-1
"((Hct <= 16.046) U[1,2] (MAP <= 83.907))
",0.000,-9999999.000,-9999999.000,0.000,1.000,5,0,0,122,127,0,5,122,0.03937007874015748,0.0,0.0,1.0,0.039525691699604744,0.9604743083003953,-1
"G[0,0]((DBP >= 25.123 | Temp <= 25.028) & SBP <= 36.312)
",-0.159,15.780,21.544,1.000,0.000,4,0,0,123,127,0,4,123,0.031496062992125984,0.0,0.0,1.0,0.03162055335968379,0.9683794466403162,1
"F[0,1]((Chloride <= 81.583 & O2Sat >= 52.604) | BaseExcess >= 13.724)
",0.000,-9999999.000,-9999999.000,0.000,1.000,4,0,0,123,127,0,4,123,0.031496062992125984,0.0,0.0,1.0,0.03162055335968379,0.9683794466403162,-1
"((MAP >= 27.253) U[1,2] (SBP <= 188.877))
",0.000,-9999999.000,-9999999.000,0.000,1.000,4,0,0,123,127,0,4,123,0.031496062992125984,0.0,0.0,1.0,0.03162055335968379,0.9683794466403162,-1
"((MAP >= 47.518) U[1,2] (SBP <= 185.864))
",0.000,-9999999.000,-9999999.000,0.000,1.000,4,0,0,123,127,0,4,123,0.031496062992125984,0.0,0.0,1.0,0.03162055335968379,0.9683794466403162,-1
"((MAP >= 1.527) U[1,2] (SBP <= 192.739))
",0.000,-9999999.000,-9999999.000,0.000,1.000,4,0,0,123,127,0,4,123,0.031496062992125984,0.0,0.0,1.0,0.03162055335968379,0.9683794466403162,-1
"F[0,0](((Potassium >= 0.204 | Resp >= 10.354) | Lactate >= 4.543) & Magnesium <= 22.613)
",-0.183,21.964,22.613,0.000,1.000,4,0,0,123,127,0,4,123,0.031496062992125984,0.0,0.0,1.0,0.03162055335968379,0.9683794466403162,-1
"F[0,0]((PTT >= 0.010 | WBC <= 12.995) & BaseExcess <= 15.440)
",-0.107,12.868,12.995,0.000,1.000,4,0,0,123,127,0,4,123,0.031496062992125984,0.0,0.0,1.0,0.03162055335968379,0.9683794466403162,-1
"G[1,1](MAP <= 87.172 & WBC >= 0.095)
",-6.500,-0.095,-0.095,1.000,0.000,3,0,1,123,126,1,4,123,0.023809523809523808,0.0,1.0,0.75,0.023715415019762844,0.9762845849802372,1
"F[0,1]((Calcium <= 2.672 | pH >= 0.192) & PaCO2 <= 1.125)
",0.000,-9999999.000,-9999999.000,0.000,1.000,3,0,0,124,127,0,3,124,0.023622047244094488,0.0,0.0,1.0,0.023715415019762844,0.9762845849802372,-1
"F[0,0](Glucose >= 11.792 -> pH >= 0.949)
",-0.513,0.844,0.949,0.000,1.000,3,0,0,124,127,0,3,124,0.023622047244094488,0.0,0.0,1.0,0.023715415019762844,0.9762845849802372,-1
"F[0,0]((Phosphate >= 0.053 & Magnesium > 0.030) -> Calcium < 8.699)
",0.091,-8.627,-8.699,0.000,1.000,2,0,0,125,127,0,2,125,0.015748031496062992,0.0,0.0,1.0,0.015810276679841896,0.9841897233201581,-1
"F[0,1]((O2Sat <= 97.472 | Resp <= 26.994) -> Resp <= 27.953)
",0.000,-9999999.000,-9999999.000,0.000,1.000,2,0,0,125,127,0,2,125,0.015748031496062992,0.0,0.0,1.0,0.015810276679841896,0.9841897233201581,-1
"((DBP <= 83.825) U[0,1] (O2Sat >= 16.893))
",0.000,-9999999.000,-9999999.000,0.000,1.000,2,0,0,125,127,0,2,125,0.015748031496062992,0.0,0.0,1.0,0.015810276679841896,0.9841897233201581,-1
"F[0,0](PaCO2 <= 38.204 | Temp <= 33.764)
",-0.416,37.122,38.204,0.000,1.000,1,0,0,126,127,0,1,126,0.007874015748031496,0.0,0.0,1.0,0.007905138339920948,0.9920948616600791,-1
"G[0,1]((Glucose <= 61.947 | SepsisLabel >= 0.016) -> MAP <= 0.657)
",0.000,9999999.000,9999999.000,1.000,0.000,1,0,0,126,127,0,1,126,0.007874015748031496,0.0,0.0,1.0,0.007905138339920948,0.9920948616600791,1
"((Magnesium <= 1.152) U[0,1] (PaCO2 <= 8.144))
",0.000,-9999999.000,-9999999.000,0.000,1.000,1,0,0,126,127,0,1,126,0.007874015748031496,0.0,0.0,1.0,0.007905138339920948,0.9920948616600791,-1
"((Lactate <= 1.828) U[1,2] (Magnesium <= 0.354))
",0.000,-9999999.000,-9999999.000,0.000,1.000,1,0,0,126,127,0,1,126,0.007874015748031496,0.0,0.0,1.0,0.007905138339920948,0.9920948616600791,-1
"F[0,1](((Calcium < 4.162 & Potassium < 2.043) & Magnesium < 1.368) & Phosphate < 1.736)
",0.000,-9999999.000,-9999999.000,0.000,1.000,1,0,0,126,127,0,1,126,0.007874015748031496,0.0,0.0,1.0,0.007905138339920948,0.9920948616600791,-1
"F[0,1](pH <= 1.179 & SBP <= 194.954)
",0.000,-9999999.000,-9999999.000,0.000,1.000,1,0,0,126,127,0,1,126,0.007874015748031496,0.0,0.0,1.0,0.007905138339920948,0.9920948616600791,-1
"((Creatinine >= 0.046) U[0,1] (Glucose <= 83.086))
",0.000,-9999999.000,-9999999.000,0.000,1.000,1,0,0,126,127,0,1,126,0.007874015748031496,0.0,0.0,1.0,0.007905138339920948,0.9920948616600791,-1
"F[1,1]((Calcium <= 5.291 | SBP <= 147.915) | Hct >= 91.018)
",-0.000,147.915,147.915,0.000,1.000,1,0,0,126,127,0,1,126,0.007874015748031496,0.0,0.0,1.0,0.007905138339920948,0.9920948616600791,-1
"F[0,1](((Chloride >= 4.293 | WBC >= 0.706) | SaO2 <= 19.821) | AST >= 0.081)
",0.000,-9999999.000,-9999999.000,0.000,1.000,1,0,0,126,127,0,1,126,0.007874015748031496,0.0,0.0,1.0,0.007905138339920948,0.9920948616600791,-1
"F[0,2]((Phosphate >= 0.138 & Magnesium > 0.120) -> Calcium < 6.573)
",0.000,-9999999.000,-9999999.000,0.000,1.000,0,0,0,127,127,0,0,127,0.0,0.0,0.0,0.0,0.0,1.0,-1
"F[0,2](Lactate >= 0.014 | FiO2 >= 0.024)
",0.000,-9999999.000,-9999999.000,0.000,1.000,0,0,0,127,127,0,0,127,0.0,0.0,0.0,0.0,0.0,1.0,-1
"F[2,2]((Bilirubin_direct >= 0.000 -> BUN <= 30.717) & AST >= 1.327)
",-26.000,-30.717,-30.717,0.000,1.000,0,0,0,127,127,0,0,127,0.0,0.0,0.0,0.0,0.0,1.0,-1
"((HCO3 <= 25.574) U[0,2] (MAP >= 25.251))
",0.000,-9999999.000,-9999999.000,0.000,1.000,0,0,0,127,127,0,0,127,0.0,0.0,0.0,0.0,0.0,1.0,-1
"F[0,2]((Calcium <= 6.302 | O2Sat <= 95.711) -> O2Sat <= 97.107)
",0.000,-9999999.000,-9999999.000,0.000,1.000,0,0,0,127,127,0,0,127,0.0,0.0,0.0,0.0,0.0,1.0,-1
"F[0,1](((Calcium < 4.124 & Potassium < 3.894) & Magnesium < 1.021) & Phosphate < 3.643)
",0.000,-9999999.000,-9999999.000,0.000,1.000,0,0,0,127,127,0,0,127,0.0,0.0,0.0,0.0,0.0,1.0,-1
"F[1,2]((BaseExcess >= -3.231 | Chloride <= 83.643) & Hgb <= 82.097)
",0.000,-9999999.000,-9999999.000,0.000,1.000,0,0,0,127,127,0,0,127,0.0,0.0,0.0,0.0,0.0,1.0,-1
"F[2,2]((Calcium <= 1.263 & Potassium <= 3.023) & Magnesium >= 0.049)
",18.000,-0.049,-0.049,0.000,1.000,0,0,0,127,127,0,0,127,0.0,0.0,0.0,0.0,0.0,1.0,-1
"F[0,2](((Creatinine <= 0.970 | Resp <= 33.527) & SaO2 <= 23.667) | Potassium >= 14.695)
",0.000,-9999999.000,-9999999.000,0.000,1.000,0,0,0,127,127,0,0,127,0.0,0.0,0.0,0.0,0.0,1.0,-1
"F[2,2]((BaseExcess <= 0.276 & SBP >= 137.327) | Potassium <= 140.617)
",-6.000,140.617,140.617,0.000,1.000,0,0,0,127,127,0,0,127,0.0,0.0,0.0,0.0,0.0,1.0,-1
"F[1,1](((DBP >= 7.687 -> TroponinI >= 0.000) | Calcium >= 0.000) -> PaCO2 >= 0.000)
",0.000,0.000,0.000,0.000,1.000,0,0,0,127,127,0,0,127,0.0,0.0,0.0,0.0,0.0,1.0,-1
"F[2,2](((Calcium < 1.759 & Potassium < 1.865) & Magnesium < 1.982) & Phosphate < 1.249)
",3.000,1.249,1.249,0.000,1.000,0,0,0,127,127,0,0,127,0.0,0.0,0.0,0.0,0.0,1.0,-1
"F[2,2](((SBP <= 165.484 -> PaCO2 >= 2.219) -> Temp >= 3.173) & SaO2 <= 5.915)
",-0.000,3.173,3.173,0.000,1.000,0,0,0,127,127,0,0,127,0.0,0.0,0.0,0.0,0.0,1.0,-1
"F[1,2]((WBC >= 0.029 | WBC >= 0.338) | Chloride <= 2.379)
",0.000,-9999999.000,-9999999.000,0.000,1.000,0,0,0,127,127,0,0,127,0.0,0.0,0.0,0.0,0.0,1.0,-1
"F[1,2]((Alkalinephos >= 0.051 & PaCO2 <= 14.167) | WBC >= 0.186)
",0.000,-9999999.000,-9999999.000,0.000,1.000,0,0,0,127,127,0,0,127,0.0,0.0,0.0,0.0,0.0,1.0,-1
"F[1,1](((PaCO2 <= 29.512 & Alkalinephos >= 0.007) -> EtCO2 >= 0.185) & Resp >= 0.174)
",8.000,-0.174,-0.174,0.000,1.000,0,0,0,127,127,0,0,127,0.0,0.0,0.0,0.0,0.0,1.0,-1
"F[0,2](((Chloride >= 2.380 | HCO3 <= 16.134) | O2Sat <= 5.039) & BUN <= 13.644)
",0.000,-9999999.000,-9999999.000,0.000,1.000,0,0,0,127,127,0,0,127,0.0,0.0,0.0,0.0,0.0,1.0,-1
"F[0,2](((HCO3 <= 16.300 & Bilirubin_total >= 0.000) | PaCO2 <= 0.000) | SepsisLabel <= 0.000)
",0.000,-9999999.000,-9999999.000,0.000,1.000,0,0,0,127,127,0,0,127,0.0,0.0,0.0,0.0,0.0,1.0,-1
"((HCO3 >= 0.806) U[0,1] (Magnesium <= 2.010))
",0.000,-9999999.000,-9999999.000,0.000,1.000,0,0,0,127,127,0,0,127,0.0,0.0,0.0,0.0,0.0,1.0,-1
"F[2,2](((Calcium < 2.127 & Potassium < 4.258) & Magnesium < 0.464) & Phosphate < 3.048)
",5.000,0.464,0.464,0.000,1.000,0,0,0,127,127,0,0,127,0.0,0.0,0.0,0.0,0.0,1.0,-1
"((SepsisLabel <= 0.996) U[1,2] (Potassium >= 0.182))
",0.000,-9999999.000,-9999999.000,0.000,1.000,0,0,0,127,127,0,0,127,0.0,0.0,0.0,0.0,0.0,1.0,-1
"F[0,1](SaO2 <= 18.721 -> SBP >= 71.436)
",0.000,-9999999.000,-9999999.000,0.000,1.000,0,0,0,127,127,0,0,127,0.0,0.0,0.0,0.0,0.0,1.0,-1
"F[0,2](AST >= 0.121 | PTT >= 0.009)
",0.000,-9999999.000,-9999999.000,0.000,1.000,0,0,0,127,127,0,0,127,0.0,0.0,0.0,0.0,0.0,1.0,-1
"F[0,2](((Calcium <= 2.381 & Temp <= 36.417) -> FiO2 <= 37.394) & DBP >= 16.848)
",0.000,-9999999.000,-9999999.000,0.000,1.000,0,0,0,127,127,0,0,127,0.0,0.0,0.0,0.0,0.0,1.0,-1
"F[1,1]((Chloride >= 3.926 -> Resp <= 26.239) | DBP >= 21.942)
",0.000,-21.942,-21.942,0.000,1.000,0,0,0,127,127,0,0,127,0.0,0.0,0.0,0.0,0.0,1.0,-1
"F[0,1](((MAP >= 1.172 -> SBP >= 81.974) | BaseExcess >= 84.991) -> Fibrinogen <= 186.005)
",0.000,-9999999.000,-9999999.000,0.000,1.000,0,0,0,127,127,0,0,127,0.0,0.0,0.0,0.0,0.0,1.0,-1
"F[0,2](HCO3 >= 1.093 -> SepsisLabel >= 0.005)
",0.000,-9999999.000,-9999999.000,0.000,1.000,0,0,0,127,127,0,0,127,0.0,0.0,0.0,0.0,0.0,1.0,-1
"F[1,2](((BaseExcess >= -6.955 | Magnesium >= 0.109) -> Alkalinephos >= 0.010) -> O2Sat >= 0.038)
",0.000,-9999999.000,-9999999.000,0.000,1.000,0,0,0,127,127,0,0,127,0.0,0.0,0.0,0.0,0.0,1.0,-1
"F[1,2](SepsisLabel <= 0.635 & PaCO2 <= 39.455)
",0.000,-9999999.000,-9999999.000,0.000,1.000,0,0,0,127,127,0,0,127,0.0,0.0,0.0,0.0,0.0,1.0,-1
"F[1,1](Hgb <= 10.922 | Hct <= 20.057)
",-0.000,20.057,20.057,0.000,1.000,0,0,0,127,127,0,0,127,0.0,0.0,0.0,0.0,0.0,1.0,-1
"((Platelets <= 420.801) U[0,2] (Hct <= 33.158))
",0.000,-9999999.000,-9999999.000,0.000,1.000,0,0,0,127,127,0,0,127,0.0,0.0,0.0,0.0,0.0,1.0,-1
"F[0,2]((BUN <= 29.998 | WBC <= 12.707) | Platelets >= 0.602)
",0.000,-9999999.000,-9999999.000,0.000,1.000,0,0,0,127,127,0,0,127,0.0,0.0,0.0,0.0,0.0,1.0,-1
"((EtCO2 <= 0.000) U[0,1] (HR >= 58.840))
",0.000,-9999999.000,-9999999.000,0.000,1.000,0,0,0,127,127,0,0,127,0.0,0.0,0.0,0.0,0.0,1.0,-1
"F[2,2](((PTT <= 13.373 & Resp >= 8.780) | Glucose >= 17.911) | BaseExcess >= 3.737)
",-1.250,-3.737,-3.737,0.000,1.000,0,0,0,127,127,0,0,127,0.0,0.0,0.0,0.0,0.0,1.0,-1
"F[1,2](BaseExcess >= -0.768 | Phosphate <= 1.531)
",0.000,-9999999.000,-9999999.000,0.000,1.000,0,0,0,127,127,0,0,127,0.0,0.0,0.0,0.0,0.0,1.0,-1
"F[1,2]((PTT >= 0.124 | Temp >= 16.628) | FiO2 <= 34.403)
",0.000,-9999999.000,-9999999.000,0.000,1.000,0,0,0,127,127,0,0,127,0.0,0.0,0.0,0.0,0.0,1.0,-1
"F[0,2](Platelets >= 1.499 & Resp <= 30.198)
",0.000,-9999999.000,-9999999.000,0.000,1.000,0,0,0,127,127,0,0,127,0.0,0.0,0.0,0.0,0.0,1.0,-1
"F[0,2]((Calcium <= 1.610 & Potassium <= 1.497) & Magnesium >= 0.017)
",0.000,-9999999.000,-9999999.000,0.000,1.000,0,0,0,127,127,0,0,127,0.0,0.0,0.0,0.0,0.0,1.0,-1
"F[1,2]((Magnesium >= 0.122 & Temp >= 7.221) & EtCO2 <= 19.635)
",0.000,-9999999.000,-9999999.000,0.000,1.000,0,0,0,127,127,0,0,127,0.0,0.0,0.0,0.0,0.0,1.0,-1
"F[0,2]((Alkalinephos <= 35.825 | Fibrinogen <= 335.270) & SepsisLabel >= 0.836)
",0.000,-9999999.000,-9999999.000,0.000,1.000,0,0,0,127,127,0,0,127,0.0,0.0,0.0,0.0,0.0,1.0,-1
"F[0,2](((AST >= 0.015 -> Fibrinogen <= 641.669) & Platelets >= 0.463) | Magnesium <= 251.290)
",0.000,-9999999.000,-9999999.000,0.000,1.000,0,0,0,127,127,0,0,127,0.0,0.0,0.0,0.0,0.0,1.0,-1
"F[0,1]((HR >= 46.191 & Platelets >= 10.268) -> Platelets >= 1.978)
",0.000,-9999999.000,-9999999.000,0.000,1.000,0,0,0,127,127,0,0,127,0.0,0.0,0.0,0.0,0.0,1.0,-1
"F[0,0](((HR >= 69.497 & Temp >= 9.592) -> WBC >= 11.226) -> SepsisLabel <= 31.435)
",0.248,-24.473,-31.435,0.000,1.000,0,0,0,127,127,0,0,127,0.0,0.0,0.0,0.0,0.0,1.0,-1
"F[0,2]((Fibrinogen >= 2.298 -> O2Sat >= 50.392) & Resp >= 50.962)
",0.000,-9999999.000,-9999999.000,0.000,1.000,0,0,0,127,127,0,0,127,0.0,0.0,0.0,0.0,0.0,1.0,-1
"F[0,2]((SepsisLabel <= 0.881 -> BUN <= 9.046) | DBP >= 0.860)
",0.000,-9999999.000,-9999999.000,0.000,1.000,0,0,0,127,127,0,0,127,0.0,0.0,0.0,0.0,0.0,1.0,-1
"((BaseExcess <= 2.673) U[0,2] (SepsisLabel <= 0.332))
",0.000,-9999999.000,-9999999.000,0.000,1.000,0,0,0,127,127,0,0,127,0.0,0.0,0.0,0.0,0.0,1.0,-1
"F[0,2]((Calcium <= 0.746 & Potassium <= 2.507) & Magnesium >= 0.118)
",0.000,-9999999.000,-9999999.000,0.000,1.000,0,0,0,127,127,0,0,127,0.0,0.0,0.0,0.0,0.0,1.0,-1
"F[1,2]((BUN >= 0.616 -> Resp <= 26.905) | Phosphate >= 21.679)
",0.000,-9999999.000,-9999999.000,0.000,1.000,0,0,0,127,127,0,0,127,0.0,0.0,0.0,0.0,0.0,1.0,-1
"F[2,2]((Phosphate >= 0.090 & Magnesium > 0.005) -> Calcium < 3.613)
",-5.500,-3.613,-3.613,0.000,1.000,0,0,0,127,127,0,0,127,0.0,0.0,0.0,0.0,0.0,1.0,-1
"F[1,2](((Alkalinephos >= 0.106 -> O2Sat <= 98.407) & Bilirubin_total >= 19.205) & SaO2 <= 92.935)
",0.000,-9999999.000,-9999999.000,0.000,1.000,0,0,0,127,127,0,0,127,0.0,0.0,0.0,0.0,0.0,1.0,-1
"((MAP <= 132.244) U[2,2] (SaO2 >= 6.553))
",-3.500,132.244,132.244,0.000,1.000,0,0,0,127,127,0,0,127,0.0,0.0,0.0,0.0,0.0,1.0,-1
"F[1,2](((Alkalinephos <= 51.491 -> BUN >= 1.302) -> SaO2 <= 13.419) -> Creatinine >= 1.048)
",0.000,-9999999.000,-9999999.000,0.000,1.000,0,0,0,127,127,0,0,127,0.0,0.0,0.0,0.0,0.0,1.0,-1
"((Glucose <= 32.671) U[0,2] (SBP <= 201.828))
",0.000,-9999999.000,-9999999.000,0.000,1.000,0,0,0,127,127,0,0,127,0.0,0.0,0.0,0.0,0.0,1.0,-1
"F[0,2](Fibrinogen <= 510.977 -> SaO2 <= 27.126)
",0.000,-9999999.000,-9999999.000,0.000,1.000,0,0,0,127,127,0,0,127,0.0,0.0,0.0,0.0,0.0,1.0,-1
"F[1,2](((pH >= 0.173 -> Resp >= 8.508) -> DBP <= 27.349) -> Bilirubin_total >= 11.479)
",0.000,-9999999.000,-9999999.000,0.000,1.000,0,0,0,127,127,0,0,127,0.0,0.0,0.0,0.0,0.0,1.0,-1
"F[0,1]((Glucose >= 12.112 -> Temp <= 35.883) & HCO3 <= 30.025)
",0.000,-9999999.000,-9999999.000,0.000,1.000,0,0,0,127,127,0,0,127,0.0,0.0,0.0,0.0,0.0,1.0,-1
"F[0,1]((Resp >= 12.585 & SaO2 >= 0.317) -> Resp >= 6.614)
",0.000,-9999999.000,-9999999.000,0.000,1.000,0,0,0,127,127,0,0,127,0.0,0.0,0.0,0.0,0.0,1.0,-1
"F[1,2](Lactate >= 0.044 -> Temp >= 1.493)
",0.000,-9999999.000,-9999999.000,0.000,1.000,0,0,0,127,127,0,0,127,0.0,0.0,0.0,0.0,0.0,1.0,-1
"F[1,2](((Calcium < 2.707 & Potassium < 4.176) & Magnesium < 0.617) & Phosphate < 0.959)
",0.000,-9999999.000,-9999999.000,0.000,1.000,0,0,0,127,127,0,0,127,0.0,0.0,0.0,0.0,0.0,1.0,-1
"((FiO2 <= 0.584) U[0,2] (Magnesium <= 1.950))
",0.000,-9999999.000,-9999999.000,0.000,1.000,0,0,0,127,127,0,0,127,0.0,0.0,0.0,0.0,0.0,1.0,-1
"F[0,2]((DBP >= 27.645 & Hgb >= 0.064) & Phosphate <= 10.399)
",0.000,-9999999.000,-9999999.000,0.000,1.000,0,0,0,127,127,0,0,127,0.0,0.0,0.0,0.0,0.0,1.0,-1
"F[1,2]((Calcium <= 2.280 & Potassium <= 1.537) & Magnesium >= 0.033)
",0.000,-9999999.000,-9999999.000,0.000,1.000,0,0,0,127,127,0,0,127,0.0,0.0,0.0,0.0,0.0,1.0,-1
"F[1,2](((FiO2 >= 0.049 | SepsisLabel >= 0.030) -> Temp >= 0.030) -> TroponinI >= 0.038)
",0.000,-9999999.000,-9999999.000,0.000,1.000,0,0,0,127,127,0,0,127,0.0,0.0,0.0,0.0,0.0,1.0,-1
"((Creatinine >= 0.039) U[0,1] (DBP <= 122.695))
",0.000,-9999999.000,-9999999.000,0.000,1.000,0,0,0,127,127,0,0,127,0.0,0.0,0.0,0.0,0.0,1.0,-1
"((Alkalinephos >= 0.132) U[2,2] (Glucose >= 9.857))
",-2.000,-0.132,-0.132,0.000,1.000,0,0,0,127,127,0,0,127,0.0,0.0,0.0,0.0,0.0,1.0,-1
"F[2,2](FiO2 <= 0.199 | SBP <= 185.620)
",0.000,185.620,185.620,0.000,1.000,0,0,0,127,127,0,0,127,0.0,0.0,0.0,0.0,0.0,1.0,-1
"F[1,2]((Alkalinephos <= 41.728 | SBP >= 120.914) -> SBP >= 46.207)
",0.000,-9999999.000,-9999999.000,0.000,1.000,0,0,0,127,127,0,0,127,0.0,0.0,0.0,0.0,0.0,1.0,-1
"F[0,2](Hgb <= 10.608 | Hct <= 24.101)
",0.000,-9999999.000,-9999999.000,0.000,1.000,0,0,0,127,127,0,0,127,0.0,0.0,0.0,0.0,0.0,1.0,-1
"F[1,1](((Phosphate >= 0.074 | Resp >= 1.099) -> Glucose <= 30.245) | TroponinI <= 23.887)
",13.000,23.887,23.887,0.000,1.000,0,0,0,127,127,0,0,127,0.0,0.0,0.0,0.0,0.0,1.0,-1
"((HR >= 78.465) U[0,1] (PTT <= 7.596))
",0.000,-9999999.000,-9999999.000,0.000,1.000,0,0,0,127,127,0,0,127,0.0,0.0,0.0,0.0,0.0,1.0,-1
"F[0,2](((Creatinine <= 0.052 & SBP >= 59.861) | Potassium >= 127.033) | O2Sat >= 3.574)
",0.000,-9999999.000,-9999999.000,0.000,1.000,0,0,0,127,127,0,0,127,0.0,0.0,0.0,0.0,0.0,1.0,-1
"((DBP <= 129.309) U[0,2] (HCO3 <= 9.568))
",0.000,-9999999.000,-9999999.000,0.000,1.000,0,0,0,127,127,0,0,127,0.0,0.0,0.0,0.0,0.0,1.0,-1
"F[0,1]((Phosphate >= 0.034 & Magnesium > 0.060) -> Calcium < 4.088)
",0.000,-9999999.000,-9999999.000,0.000,1.000,0,0,0,127,127,0,0,127,0.0,0.0,0.0,0.0,0.0,1.0,-1
"((DBP <= 132.099) U[2,2] (Fibrinogen >= 2.521))
",-3.500,132.099,132.099,0.000,1.000,0,0,0,127,127,0,0,127,0.0,0.0,0.0,0.0,0.0,1.0,-1
"F[1,2](((HCO3 >= 1.199 & Potassium >= 0.238) | SBP >= 0.300) -> DBP >= 0.172)
",0.000,-9999999.000,-9999999.000,0.000,1.000,0,0,0,127,127,0,0,127,0.0,0.0,0.0,0.0,0.0,1.0,-1
"F[2,2]((Glucose >= 12.607 | PaCO2 <= 17.826) & Calcium <= 22.774)
",8.000,17.826,17.826,0.000,1.000,0,0,0,127,127,0,0,127,0.0,0.0,0.0,0.0,0.0,1.0,-1
"F[0,2](EtCO2 < 0.000 & SepsisLabel = 0.043)
",0.000,-9999999.000,-9999999.000,0.000,1.000,0,0,0,127,127,0,0,127,0.0,0.0,0.0,0.0,0.0,1.0,-1
"F[0,2]((Hct >= 1.273 | Potassium >= 0.348) | O2Sat >= 0.085)
",0.000,-9999999.000,-9999999.000,0.000,1.000,0,0,0,127,127,0,0,127,0.0,0.0,0.0,0.0,0.0,1.0,-1
"F[2,2](((Magnesium <= 1.074 | Potassium >= 0.108) | BUN <= 3.297) & Potassium <= 2.424)
",16.000,2.424,2.424,0.000,1.000,0,0,0,127,127,0,0,127,0.0,0.0,0.0,0.0,0.0,1.0,-1
"((HR <= 101.509) U[0,2] (SBP >= 122.307))
",0.000,-9999999.000,-9999999.000,0.000,1.000,0,0,0,127,127,0,0,127,0.0,0.0,0.0,0.0,0.0,1.0,-1
"((DBP <= 91.838) U[0,1] (MAP >= 33.975))
",0.000,-9999999.000,-9999999.000,0.000,1.000,0,0,0,127,127,0,0,127,0.0,0.0,0.0,0.0,0.0,1.0,-1
"F[1,2](MAP >= 52.545 & Resp >= 7.275)
",0.000,-9999999.000,-9999999.000,0.000,1.000,0,0,0,127,127,0,0,127,0.0,0.0,0.0,0.0,0.0,1.0,-1
"F[1,2]((Phosphate >= 0.073 & Potassium >= 0.004) -> SepsisLabel >= 0.470)
",0.000,-9999999.000,-9999999.000,0.000,1.000,0,0,0,127,127,0,0,127,0.0,0.0,0.0,0.0,0.0,1.0,-1
"F[0,1](((Chloride <= 62.403 & DBP <= 60.646) & Hct >= 6.536) | Hgb <= 147.374)
",0.000,-9999999.000,-9999999.000,0.000,1.000,0,0,0,127,127,0,0,127,0.0,0.0,0.0,0.0,0.0,1.0,-1
"F[0,1]((DBP <= 85.532 | SBP <= 187.995) -> FiO2 <= 183.895)
",0.000,-9999999.000,-9999999.000,0.000,1.000,0,0,0,127,127,0,0,127,0.0,0.0,0.0,0.0,0.0,1.0,-1
"F[0,1](((Platelets >= 2.787 & Potassium >= 0.343) -> SBP <= 3.452) | BaseExcess >= 0.159)
",0.000,-9999999.000,-9999999.000,0.000,1.000,0,0,0,127,127,0,0,127,0.0,0.0,0.0,0.0,0.0,1.0,-1
"((Fibrinogen <= 489.991) U[0,2] (Platelets <= 534.690))
",0.000,-9999999.000,-9999999.000,0.000,1.000,0,0,0,127,127,0,0,127,0.0,0.0,0.0,0.0,0.0,1.0,-1
"F[1,2](((BUN <= 12.768 & Fibrinogen >= 0.139) & Platelets <= 332.701) & Calcium >= 2.743)
",0.000,-9999999.000,-9999999.000,0.000,1.000,0,0,0,127,127,0,0,127,0.0,0.0,0.0,0.0,0.0,1.0,-1
"F[1,2]((HCO3 <= 21.403 & O2Sat >= 15.055) | Fibrinogen >= 3.722)
",0.000,-9999999.000,-9999999.000,0.000,1.000,0,0,0,127,127,0,0,127,0.0,0.0,0.0,0.0,0.0,1.0,-1
"F[0,2]((Platelets <= 90.804 & Temp >= 3.693) & FiO2 >= 5.030)
",0.000,-9999999.000,-9999999.000,0.000,1.000,0,0,0,127,127,0,0,127,0.0,0.0,0.0,0.0,0.0,1.0,-1
"F[1,2](Hgb <= 10.212 | Hct <= 3.164)
",0.000,-9999999.000,-9999999.000,0.000,1.000,0,0,0,127,127,0,0,127,0.0,0.0,0.0,0.0,0.0,1.0,-1
"F[0,2]((FiO2 <= 0.467 -> MAP <= 103.473) -> Potassium >= 7.277)
",0.000,-9999999.000,-9999999.000,0.000,1.000,0,0,0,127,127,0,0,127,0.0,0.0,0.0,0.0,0.0,1.0,-1
"F[1,2](Calcium >= 0.346 -> HR <= 98.362)
",0.000,-9999999.000,-9999999.000,0.000,1.000,0,0,0,127,127,0,0,127,0.0,0.0,0.0,0.0,0.0,1.0,-1
"F[0,2](((BUN >= 0.474 | Platelets >= 0.944) & PaCO2 <= 501.265) -> BUN <= 570.467)
",0.000,-9999999.000,-9999999.000,0.000,1.000,0,0,0,127,127,0,0,127,0.0,0.0,0.0,0.0,0.0,1.0,-1
"F[0,1](((Calcium >= 0.013 | DBP >= 19.396) & Creatinine <= 73.300) -> PaCO2 <= 120.227)
",0.000,-9999999.000,-9999999.000,0.000,1.000,0,0,0,127,127,0,0,127,0.0,0.0,0.0,0.0,0.0,1.0,-1
"F[1,2](Alkalinephos <= 41.079 & FiO2 <= 0.474)
",0.000,-9999999.000,-9999999.000,0.000,1.000,0,0,0,127,127,0,0,127,0.0,0.0,0.0,0.0,0.0,1.0,-1
"F[0,2](((BaseExcess >= -0.173 | Resp <= 28.621) & FiO2 >= 14.596) & BaseExcess >= 4.349)
",0.000,-9999999.000,-9999999.000,0.000,1.000,0,0,0,127,127,0,0,127,0.0,0.0,0.0,0.0,0.0,1.0,-1
"F[1,2](Fibrinogen <= 83.834 & Glucose <= 127.131)
",0.000,-9999999.000,-9999999.000,0.000,1.000,0,0,0,127,127,0,0,127,0.0,0.0,0.0,0.0,0.0,1.0,-1
"F[1,2]((Fibrinogen >= 0.150 -> pH <= 7.198) -> Platelets <= 6.125)
",0.000,-9999999.000,-9999999.000,0.000,1.000,0,0,0,127,127,0,0,127,0.0,0.0,0.0,0.0,0.0,1.0,-1
"F[1,2](((AST <= 33.454 -> pH >= 0.967) & SBP >= 0.961) & Magnesium >= 0.217)
",0.000,-9999999.000,-9999999.000,0.000,1.000,0,0,0,127,127,0,0,127,0.0,0.0,0.0,0.0,0.0,1.0,-1
"F[0,1]((Chloride >= 3.681 -> PTT <= 8.949) | pH >= 0.028)
",0.000,-9999999.000,-9999999.000,0.000,1.000,0,0,0,127,127,0,0,127,0.0,0.0,0.0,0.0,0.0,1.0,-1
"F[1,2]((Phosphate >= 0.005 & Magnesium > 0.020) -> Calcium < 0.696)
",0.000,-9999999.000,-9999999.000,0.000,1.000,0,0,0,127,127,0,0,127,0.0,0.0,0.0,0.0,0.0,1.0,-1
"F[1,2]((Platelets >= 10.857 & PTT >= 0.221) & Magnesium >= 0.144)
",0.000,-9999999.000,-9999999.000,0.000,1.000,0,0,0,127,127,0,0,127,0.0,0.0,0.0,0.0,0.0,1.0,-1
"F[1,2](((Hgb <= 11.352 & O2Sat <= 95.473) & SepsisLabel >= 46.254) & Magnesium >= 58.554)
",0.000,-9999999.000,-9999999.000,0.000,1.000,0,0,0,127,127,0,0,127,0.0,0.0,0.0,0.0,0.0,1.0,-1
"F[0,1](((BaseExcess >= -4.871 & Glucose <= 190.023) | MAP <= 141.271) & Lactate <= 119.301)
",0.000,-9999999.000,-9999999.000,0.000,1.000,0,0,0,127,127,0,0,127,0.0,0.0,0.0,0.0,0.0,1.0,-1
"F[1,2](((Calcium < 1.433 & Potassium < 1.948) & Magnesium < 0.592) & Phosphate < 2.043)
",0.000,-9999999.000,-9999999.000,0.000,1.000,0,0,0,127,127,0,0,127,0.0,0.0,0.0,0.0,0.0,1.0,-1
"F[0,1](Hgb <= 7.756 | Hct <= 32.471)
",0.000,-9999999.000,-9999999.000,0.000,1.000,0,0,0,127,127,0,0,127,0.0,0.0,0.0,0.0,0.0,1.0,-1
"((BUN <= 22.047) U[1,2] (PTT >= 0.159))
",0.000,-9999999.000,-9999999.000,0.000,1.000,0,0,0,127,127,0,0,127,0.0,0.0,0.0,0.0,0.0,1.0,-1
"F[0,2]((Phosphate >= 0.139 & Magnesium > 0.057) -> Calcium < 7.346)
",0.000,-9999999.000,-9999999.000,0.000,1.000,0,0,0,127,127,0,0,127,0.0,0.0,0.0,0.0,0.0,1.0,-1
"F[2,2]((BaseExcess <= 2.117 | WBC <= 19.681) & Alkalinephos >= 0.264)
",-3.000,-0.264,-0.264,0.000,1.000,0,0,0,127,127,0,0,127,0.0,0.0,0.0,0.0,0.0,1.0,-1
"F[0,2](Lactate <= 1.487 -> SaO2 >= 0.325)
",0.000,-9999999.000,-9999999.000,0.000,1.000,0,0,0,127,127,0,0,127,0.0,0.0,0.0,0.0,0.0,1.0,-1
"F[1,1]((Alkalinephos >= 0.010 & PaCO2 >= 0.695) -> WBC <= 39.536)
",-0.000,-39.536,-39.536,0.000,1.000,0,0,0,127,127,0,0,127,0.0,0.0,0.0,0.0,0.0,1.0,-1
"F[0,2]((AST <= 21.204 & PaCO2 <= 10.762) | SaO2 <= 34.712)
",0.000,-9999999.000,-9999999.000,0.000,1.000,0,0,0,127,127,0,0,127,0.0,0.0,0.0,0.0,0.0,1.0,-1
"((Fibrinogen <= 638.646) U[0,2] (Potassium >= 0.092))
",0.000,-9999999.000,-9999999.000,0.000,1.000,0,0,0,127,127,0,0,127,0.0,0.0,0.0,0.0,0.0,1.0,-1
"((MAP >= 65.775) U[0,1] (SBP <= 188.147))
",0.000,-9999999.000,-9999999.000,0.000,1.000,0,0,0,127,127,0,0,127,0.0,0.0,0.0,0.0,0.0,1.0,-1
"F[1,1](((Hct >= 0.994 -> O2Sat <= 97.483) -> O2Sat >= 15.339) | HR >= 57.840)
",3.750,15.339,15.339,0.000,1.000,0,0,0,127,127,0,0,127,0.0,0.0,0.0,0.0,0.0,1.0,-1
"((O2Sat <= 97.673) U[0,2] (WBC >= 0.437))
",0.000,-9999999.000,-9999999.000,0.000,1.000,0,0,0,127,127,0,0,127,0.0,0.0,0.0,0.0,0.0,1.0,-1
"F[0,2]((PaCO2 >= 0.050 & Resp >= 21.552) & Platelets >= 5.960)
",0.000,-9999999.000,-9999999.000,0.000,1.000,0,0,0,127,127,0,0,127,0.0,0.0,0.0,0.0,0.0,1.0,-1
"((BaseExcess <= 5.142) U[0,2] (DBP >= 14.118))
",0.000,-9999999.000,-9999999.000,0.000,1.000,0,0,0,127,127,0,0,127,0.0,0.0,0.0,0.0,0.0,1.0,-1
"((DBP <= 92.386) U[2,2] (Magnesium >= 0.031))
",11.000,92.386,92.386,0.000,1.000,0,0,0,127,127,0,0,127,0.0,0.0,0.0,0.0,0.0,1.0,-1
"F[0,2]((Creatinine <= 0.857 | Fibrinogen <= 594.459) | Alkalinephos <= 693.615)
",0.000,-9999999.000,-9999999.000,0.000,1.000,0,0,0,127,127,0,0,127,0.0,0.0,0.0,0.0,0.0,1.0,-1
"F[0,1]((Lactate <= 0.233 & PTT >= 0.122) -> Resp >= 0.069)
",0.000,-9999999.000,-9999999.000,0.000,1.000,0,0,0,127,127,0,0,127,0.0,0.0,0.0,0.0,0.0,1.0,-1
"F[0,2](((BaseExcess >= -1.401 -> Potassium >= 0.141) -> HCO3 >= 0.384) | BUN <= 1.751)
",0.000,-9999999.000,-9999999.000,0.000,1.000,0,0,0,127,127,0,0,127,0.0,0.0,0.0,0.0,0.0,1.0,-1
"F[0,1]((SaO2 <= 48.154 -> WBC <= 16.562) -> WBC <= 3.144)
",0.000,-9999999.000,-9999999.000,0.000,1.000,0,0,0,127,127,0,0,127,0.0,0.0,0.0,0.0,0.0,1.0,-1
"F[0,2]((Chloride >= 2.112 -> SaO2 <= 63.969) & PaCO2 >= 2.036)
",0.000,-9999999.000,-9999999.000,0.000,1.000,0,0,0,127,127,0,0,127,0.0,0.0,0.0,0.0,0.0,1.0,-1
"((HCO3 >= 1.268) U[0,2] (PTT >= 0.058))
",0.000,-9999999.000,-9999999.000,0.000,1.000,0,0,0,127,127,0,0,127,0.0,0.0,0.0,0.0,0.0,1.0,-1
"((FiO2 >= 0.017) U[1,2] (SepsisLabel = 0.613))
",0.000,-9999999.000,-9999999.000,0.000,1.000,0,0,0,127,127,0,0,127,0.0,0.0,0.0,0.0,0.0,1.0,-1
"((Temp > 15.845) U[1,2] (SepsisLabel = 0.188))
",0.000,-9999999.000,-9999999.000,0.000,1.000,0,0,0,127,127,0,0,127,0.0,0.0,0.0,0.0,0.0,1.0,-1
"F[0,2](HCO3 <= 22.646 -> SaO2 <= 89.619)
",0.000,-9999999.000,-9999999.000,0.000,1.000,0,0,0,127,127,0,0,127,0.0,0.0,0.0,0.0,0.0,1.0,-1
"F[2,2](Hct >= 1.866 & SaO2 <= 36.505)
",-16.000,-1.866,-1.866,0.000,1.000,0,0,0,127,127,0,0,127,0.0,0.0,0.0,0.0,0.0,1.0,-1
"((pH >= 0.517) U[0,2] (SaO2 >= 2.393))
",0.000,-9999999.000,-9999999.000,0.000,1.000,0,0,0,127,127,0,0,127,0.0,0.0,0.0,0.0,0.0,1.0,-1
"((Creatinine <= 0.351) U[2,2] (Platelets <= 175.250))
",-2.500,175.250,175.250,0.000,1.000,0,0,0,127,127,0,0,127,0.0,0.0,0.0,0.0,0.0,1.0,-1
"F[0,2]((Calcium <= 5.978 & Potassium <= 1.254) | FiO2 >= 0.020)
",0.000,-9999999.000,-9999999.000,0.000,1.000,0,0,0,127,127,0,0,127,0.0,0.0,0.0,0.0,0.0,1.0,-1
"F[1,2](((BaseExcess >= -1.492 | Temp <= 20.209) | AST >= 10.720) -> Calcium >= 7.433)
",0.000,-9999999.000,-9999999.000,0.000,1.000,0,0,0,127,127,0,0,127,0.0,0.0,0.0,0.0,0.0,1.0,-1
"F[0,1]((SBP <= 203.281 & SepsisLabel <= 0.573) | DBP >= 0.008)
",0.000,-9999999.000,-9999999.000,0.000,1.000,0,0,0,127,127,0,0,127,0.0,0.0,0.0,0.0,0.0,1.0,-1
"F[1,2](((DBP >= 20.074 -> PTT >= 0.127) | SepsisLabel <= 26.847) | Magnesium <= 28.892)
",0.000,-9999999.000,-9999999.000,0.000,1.000,0,0,0,127,127,0,0,127,0.0,0.0,0.0,0.0,0.0,1.0,-1
"F[1,2](Alkalinephos >= 0.182 -> HR <= 106.762)
",0.000,-9999999.000,-9999999.000,0.000,1.000,0,0,0,127,127,0,0,127,0.0,0.0,0.0,0.0,0.0,1.0,-1
"F[0,1]((Phosphate >= 0.140 & Magnesium > 0.089) -> Calcium < 6.237)
",0.000,-9999999.000,-9999999.000,0.000,1.000,0,0,0,127,127,0,0,127,0.0,0.0,0.0,0.0,0.0,1.0,-1
"F[0,2](((Platelets <= 161.722 & SBP <= 169.065) -> SaO2 >= 11.880) | EtCO2 >= 30.376)
",0.000,-9999999.000,-9999999.000,0.000,1.000,0,0,0,127,127,0,0,127,0.0,0.0,0.0,0.0,0.0,1.0,-1
"F[1,2]((O2Sat <= 93.707 -> PaCO2 <= 35.318) -> MAP >= 1.624)
",0.000,-9999999.000,-9999999.000,0.000,1.000,0,0,0,127,127,0,0,127,0.0,0.0,0.0,0.0,0.0,1.0,-1
"F[0,1](Hgb >= 0.448 | MAP <= 109.903)
",0.000,-9999999.000,-9999999.000,0.000,1.000,0,0,0,127,127,0,0,127,0.0,0.0,0.0,0.0,0.0,1.0,-1
"F[2,2](((Alkalinephos <= 1.885 -> Temp >= 11.077) | PTT <= 34.643) -> Platelets >= 13.533)
",-14.000,-34.643,-34.643,0.000,1.000,0,0,0,127,127,0,0,127,0.0,0.0,0.0,0.0,0.0,1.0,-1
"((Hct <= 24.651) U[0,1] (Lactate <= 2.957))
",0.000,-9999999.000,-9999999.000,0.000,1.000,0,0,0,127,127,0,0,127,0.0,0.0,0.0,0.0,0.0,1.0,-1
"F[2,2](((HCO3 <= 22.300 -> pH <= 5.973) | SaO2 <= 6.127) -> BUN <= 5.782)
",4.000,-6.127,-6.127,0.000,1.000,0,0,0,127,127,0,0,127,0.0,0.0,0.0,0.0,0.0,1.0,-1
"F[0,1](((Glucose >= 16.236 & WBC <= 2.213) | HCO3 <= 19.044) & BUN <= 3.127)
",0.000,-9999999.000,-9999999.000,0.000,1.000,0,0,0,127,127,0,0,127,0.0,0.0,0.0,0.0,0.0,1.0,-1
"F[0,2]((Hgb >= 0.439 | Lactate >= 0.015) -> Bilirubin_total >= 0.045)
",0.000,-9999999.000,-9999999.000,0.000,1.000,0,0,0,127,127,0,0,127,0.0,0.0,0.0,0.0,0.0,1.0,-1
"((Potassium < 2.683) U[1,2] (SepsisLabel = 0.548))
",0.000,-9999999.000,-9999999.000,0.000,1.000,0,0,0,127,127,0,0,127,0.0,0.0,0.0,0.0,0.0,1.0,-1
"((Chloride >= 3.618) U[0,2] (Lactate <= 1.016))
",0.000,-9999999.000,-9999999.000,0.000,1.000,0,0,0,127,127,0,0,127,0.0,0.0,0.0,0.0,0.0,1.0,-1
"F[0,2](((Creatinine <= 0.366 | Lactate >= 0.027) | Hct >= 0.033) | Temp >= 0.027)
",0.000,-9999999.000,-9999999.000,0.000,1.000,0,0,0,127,127,0,0,127,0.0,0.0,0.0,0.0,0.0,1.0,-1
"F[0,2](MAP < 109.080 & SepsisLabel = 0.021)
",0.000,-9999999.000,-9999999.000,0.000,1.000,0,0,0,127,127,0,0,127,0.0,0.0,0.0,0.0,0.0,1.0,-1
"F[0,2](Hgb >= 0.242 & Resp <= 26.696)
",0.000,-9999999.000,-9999999.000,0.000,1.000,0,0,0,127,127,0,0,127,0.0,0.0,0.0,0.0,0.0,1.0,-1
"((MAP >= 60.962) U[2,2] (SBP <= 168.630))
",-16.000,168.630,168.630,0.000,1.000,0,0,0,127,127,0,0,127,0.0,0.0,0.0,0.0,0.0,1.0,-1
"F[0,1](((Alkalinephos <= 35.968 | Calcium <= 3.225) -> TroponinI <= 1.015) | Fibrinogen >= 0.343)
",0.000,-9999999.000,-9999999.000,0.000,1.000,0,0,0,127,127,0,0,127,0.0,0.0,0.0,0.0,0.0,1.0,-1
"((AST <= 22.232) U[0,2] (Calcium >= 0.339))
",0.000,-9999999.000,-9999999.000,0.000,1.000,0,0,0,127,127,0,0,127,0.0,0.0,0.0,0.0,0.0,1.0,-1
"F[1,2](Hgb <= 6.566 | Hct <= 17.362)
",0.000,-9999999.000,-9999999.000,0.000,1.000,0,0,0,127,127,0,0,127,0.0,0.0,0.0,0.0,0.0,1.0,-1
"F[1,2](AST <= 9.705 -> Temp <= 19.089)
",0.000,-9999999.000,-9999999.000,0.000,1.000,0,0,0,127,127,0,0,127,0.0,0.0,0.0,0.0,0.0,1.0,-1
"((Alkalinephos <= 14.686) U[0,2] (Magnesium <= 0.556))
",0.000,-9999999.000,-9999999.000,0.000,1.000,0,0,0,127,127,0,0,127,0.0,0.0,0.0,0.0,0.0,1.0,-1
"F[1,2](AST >= 0.027 -> Hct <= 18.126)
",0.000,-9999999.000,-9999999.000,0.000,1.000,0,0,0,127,127,0,0,127,0.0,0.0,0.0,0.0,0.0,1.0,-1
"F[0,2]((Phosphate >= 0.136 & Magnesium > 0.075) -> Calcium < 5.578)
",0.000,-9999999.000,-9999999.000,0.000,1.000,0,0,0,127,127,0,0,127,0.0,0.0,0.0,0.0,0.0,1.0,-1
"F[0,1]((AST <= 25.350 | Chloride >= 0.325) | SBP >= 0.077)
",0.000,-9999999.000,-9999999.000,0.000,1.000,0,0,0,127,127,0,0,127,0.0,0.0,0.0,0.0,0.0,1.0,-1
"F[1,2](Alkalinephos <= 55.273 | Chloride >= 4.405)
",0.000,-9999999.000,-9999999.000,0.000,1.000,0,0,0,127,127,0,0,127,0.0,0.0,0.0,0.0,0.0,1.0,-1
"F[2,2](((Calcium < 6.872 & Potassium < 4.044) & Magnesium < 0.419) & Phosphate < 3.701)
",-0.500,0.419,0.419,0.000,1.000,0,0,0,127,127,0,0,127,0.0,0.0,0.0,0.0,0.0,1.0,-1
"F[0,2]((AST <= 3.867 | HCO3 >= 0.264) | Bilirubin_total >= 0.674)
",0.000,-9999999.000,-9999999.000,0.000,1.000,0,0,0,127,127,0,0,127,0.0,0.0,0.0,0.0,0.0,1.0,-1
"F[0,1](AST >= 0.008 -> BUN >= 1.390)
",0.000,-9999999.000,-9999999.000,0.000,1.000,0,0,0,127,127,0,0,127,0.0,0.0,0.0,0.0,0.0,1.0,-1
"F[1,2](((MAP <= 85.114 | Platelets <= 317.905) | Bilirubin_total <= 440.652) | O2Sat <= 281.041)
",0.000,-9999999.000,-9999999.000,0.000,1.000,0,0,0,127,127,0,0,127,0.0,0.0,0.0,0.0,0.0,1.0,-1
"F[1,2](HR >= 20.307 & PaCO2 <= 15.334)
",0.000,-9999999.000,-9999999.000,0.000,1.000,0,0,0,127,127,0,0,127,0.0,0.0,0.0,0.0,0.0,1.0,-1
"F[1,2](((AST >= 0.071 -> Phosphate <= 1.785) & SaO2 >= 0.148) & SaO2 >= 0.052)
",0.000,-9999999.000,-9999999.000,0.000,1.000,0,0,0,127,127,0,0,127,0.0,0.0,0.0,0.0,0.0,1.0,-1
"((Alkalinephos >= 0.140) U[0,2] (Phosphate <= 1.869))
",0.000,-9999999.000,-9999999.000,0.000,1.000,0,0,0,127,127,0,0,127,0.0,0.0,0.0,0.0,0.0,1.0,-1
"F[1,2](((Temp >= 1.978 -> WBC <= 11.165) & SaO2 >= 0.089) & WBC >= 0.118)
",0.000,-9999999.000,-9999999.000,0.000,1.000,0,0,0,127,127,0,0,127,0.0,0.0,0.0,0.0,0.0,1.0,-1
"F[0,0](Lactate >= 0.067 | WBC <= 20.888)
",0.380,34.994,20.888,0.000,1.000,0,0,0,127,127,0,0,127,0.0,0.0,0.0,0.0,0.0,1.0,-1
"F[0,2]((HR <= 119.392 & O2Sat >= 11.493) | HCO3 >= 68.402)
",0.000,-9999999.000,-9999999.000,0.000,1.000,0,0,0,127,127,0,0,127,0.0,0.0,0.0,0.0,0.0,1.0,-1
"F[2,2](((Chloride <= 39.416 -> HCO3 >= 0.130) & TroponinI >= 1.289) & EtCO2 <= 4.040)
",-3.000,-39.416,-39.416,0.000,1.000,0,0,0,127,127,0,0,127,0.0,0.0,0.0,0.0,0.0,1.0,-1
"F[2,2](((Hct <= 24.370 & Platelets >= 6.532) -> BUN >= 6.249) & HCO3 <= 312.338)
",6.000,6.249,6.249,0.000,1.000,0,0,0,127,127,0,0,127,0.0,0.0,0.0,0.0,0.0,1.0,-1
"F[1,1]((Glucose >= 14.542 -> Platelets <= 168.096) | Glucose <= 180.664)
",-5.000,180.664,180.664,0.000,1.000,0,0,0,127,127,0,0,127,0.0,0.0,0.0,0.0,0.0,1.0,-1
"F[0,2]((Magnesium <= 0.253 -> SaO2 <= 84.454) & Lactate <= 27.279)
",0.000,-9999999.000,-9999999.000,0.000,1.000,0,0,0,127,127,0,0,127,0.0,0.0,0.0,0.0,0.0,1.0,-1
"F[0,1]((Chloride >= 5.451 -> Creatinine <= 0.537) | Lactate >= 0.033)
",0.000,-9999999.000,-9999999.000,0.000,1.000,0,0,0,127,127,0,0,127,0.0,0.0,0.0,0.0,0.0,1.0,-1
"F[1,2](((Hct <= 30.879 & Phosphate <= 2.657) | Chloride <= 3.397) -> Potassium <= 0.439)
",0.000,-9999999.000,-9999999.000,0.000,1.000,0,0,0,127,127,0,0,127,0.0,0.0,0.0,0.0,0.0,1.0,-1
"F[1,2](((Glucose <= 186.068 -> Potassium <= 4.411) | DBP >= 0.330) & Calcium <= 3.133)
",0.000,-9999999.000,-9999999.000,0.000,1.000,0,0,0,127,127,0,0,127,0.0,0.0,0.0,0.0,0.0,1.0,-1
"F[2,2](((BUN >= 0.552 & Hgb >= 0.505) & PTT <= 5.884) | Magnesium >= 0.247)
",1.000,-0.247,-0.247,0.000,1.000,0,0,0,127,127,0,0,127,0.0,0.0,0.0,0.0,0.0,1.0,-1
"((Hgb <= 1.571) U[0,2] (Magnesium <= 0.569))
",0.000,-9999999.000,-9999999.000,0.000,1.000,0,0,0,127,127,0,0,127,0.0,0.0,0.0,0.0,0.0,1.0,-1
"F[0,2](((Hgb <= 5.026 | Platelets >= 3.614) | EtCO2 >= 3.333) -> MAP <= 513.606)
",0.000,-9999999.000,-9999999.000,0.000,1.000,0,0,0,127,127,0,0,127,0.0,0.0,0.0,0.0,0.0,1.0,-1
"((Chloride <= 84.749) U[0,2] (PaCO2 <= 7.801))
",0.000,-9999999.000,-9999999.000,0.000,1.000,0,0,0,127,127,0,0,127,0.0,0.0,0.0,0.0,0.0,1.0,-1
"F[1,2]((HCO3 <= 3.716 -> WBC >= 0.169) -> TroponinI <= 17.123)
",0.000,-9999999.000,-9999999.000,0.000,1.000,0,0,0,127,127,0,0,127,0.0,0.0,0.0,0.0,0.0,1.0,-1
"F[0,1](Calcium >= 0.244 -> Hct <= 34.951)
",0.000,-9999999.000,-9999999.000,0.000,1.000,0,0,0,127,127,0,0,127,0.0,0.0,0.0,0.0,0.0,1.0,-1
"F[0,1](HCO3 <= 22.644 & Hct <= 16.125)
",0.000,-9999999.000,-9999999.000,0.000,1.000,0,0,0,127,127,0,0,127,0.0,0.0,0.0,0.0,0.0,1.0,-1
"F[1,2]((Chloride <= 100.160 & Platelets <= 207.686) -> Bilirubin_total >= 6.839)
",0.000,-9999999.000,-9999999.000,0.000,1.000,0,0,0,127,127,0,0,127,0.0,0.0,0.0,0.0,0.0,1.0,-1
"F[0,2]((Calcium <= 5.130 -> Magnesium <= 1.839) | Bilirubin_direct <= 2.153)
",0.000,-9999999.000,-9999999.000,0.000,1.000,0,0,0,127,127,0,0,127,0.0,0.0,0.0,0.0,0.0,1.0,-1
"F[1,2]((BUN >= 0.780 | Chloride >= 0.201) & Glucose <= 58.953)
",0.000,-9999999.000,-9999999.000,0.000,1.000,0,0,0,127,127,0,0,127,0.0,0.0,0.0,0.0,0.0,1.0,-1
"F[0,1](((Calcium <= 8.602 -> Hgb >= 0.546) -> SaO2 <= 8.357) & AST <= 1.220)
",0.000,-9999999.000,-9999999.000,0.000,1.000,0,0,0,127,127,0,0,127,0.0,0.0,0.0,0.0,0.0,1.0,-1
"F[1,2](Lactate <= 2.173 & Potassium >= 0.115)
",0.000,-9999999.000,-9999999.000,0.000,1.000,0,0,0,127,127,0,0,127,0.0,0.0,0.0,0.0,0.0,1.0,-1
"F[2,2]((Fibrinogen <= 564.341 & Magnesium >= 0.116) -> PTT <= 0.203)
",16.000,-0.203,-0.203,0.000,1.000,0,0,0,127,127,0,0,127,0.0,0.0,0.0,0.0,0.0,1.0,-1
"((DBP >= 53.732) U[1,2] (SepsisLabel = 0.410))
",0.000,-9999999.000,-9999999.000,0.000,1.000,0,0,0,127,127,0,0,127,0.0,0.0,0.0,0.0,0.0,1.0,-1
"((Chloride >= 0.190) U[0,1] (Fibrinogen <= 368.733))
",0.000,-9999999.000,-9999999.000,0.000,1.000,0,0,0,127,127,0,0,127,0.0,0.0,0.0,0.0,0.0,1.0,-1
"F[0,1](((Hct <= 8.186 -> pH >= 0.454) | Bilirubin_direct >= 0.919) -> Bilirubin_direct <= 7.255)
",0.000,-9999999.000,-9999999.000,0.000,1.000,0,0,0,127,127,0,0,127,0.0,0.0,0.0,0.0,0.0,1.0,-1
"F[0,2](((Magnesium <= 1.894 & pH <= 5.861) -> Temp <= 2.326) & Phosphate >= 0.450)
",0.000,-9999999.000,-9999999.000,0.000,1.000,0,0,0,127,127,0,0,127,0.0,0.0,0.0,0.0,0.0,1.0,-1
"F[0,1](((BUN >= 1.511 & PaCO2 >= 4.376) & Hgb <= 9.181) | Hgb <= 26.756)
",0.000,-9999999.000,-9999999.000,0.000,1.000,0,0,0,127,127,0,0,127,0.0,0.0,0.0,0.0,0.0,1.0,-1
"((pH > 0.227) U[0,2] (SepsisLabel = 0.576))
",0.000,-9999999.000,-9999999.000,0.000,1.000,0,0,0,127,127,0,0,127,0.0,0.0,0.0,0.0,0.0,1.0,-1
"((AST < 3.710) U[2,2] (SepsisLabel = 0.461))
",-28.000,3.710,3.710,0.000,1.000,0,0,0,127,127,0,0,127,0.0,0.0,0.0,0.0,0.0,1.0,-1
"F[1,2]((Hgb <= 6.130 & pH >= 0.626) | SepsisLabel <= 5.973)
",0.000,-9999999.000,-9999999.000,0.000,1.000,0,0,0,127,127,0,0,127,0.0,0.0,0.0,0.0,0.0,1.0,-1
"F[0,2](pH <= 4.252 & Phosphate >= 0.070)
",0.000,-9999999.000,-9999999.000,0.000,1.000,0,0,0,127,127,0,0,127,0.0,0.0,0.0,0.0,0.0,1.0,-1
"((PaCO2 >= 2.751) U[2,2] (WBC <= 2.314))
",0.000,2.314,2.314,0.000,1.000,0,0,0,127,127,0,0,127,0.0,0.0,0.0,0.0,0.0,1.0,-1
"F[0,2](Creatinine > 0.033 -> SepsisLabel = 0.042)
",0.000,-9999999.000,-9999999.000,0.000,1.000,0,0,0,127,127,0,0,127,0.0,0.0,0.0,0.0,0.0,1.0,-1
"F[2,2](((Calcium <= 3.197 & PaCO2 <= 26.804) | Hct >= 0.549) & FiO2 >= 0.085)
",0.000,-0.085,-0.085,0.000,1.000,0,0,0,127,127,0,0,127,0.0,0.0,0.0,0.0,0.0,1.0,-1
"F[0,2]((Calcium <= 7.217 -> Lactate >= 0.015) | O2Sat >= 0.042)
",0.000,-9999999.000,-9999999.000,0.000,1.000,0,0,0,127,127,0,0,127,0.0,0.0,0.0,0.0,0.0,1.0,-1
"F[1,2](Chloride < 78.755 & SepsisLabel = 0.282)
",0.000,-9999999.000,-9999999.000,0.000,1.000,0,0,0,127,127,0,0,127,0.0,0.0,0.0,0.0,0.0,1.0,-1
"((HCO3 > 0.998) U[0,2] (SepsisLabel = 0.218))
",0.000,-9999999.000,-9999999.000,0.000,1.000,0,0,0,127,127,0,0,127,0.0,0.0,0.0,0.0,0.0,1.0,-1
"F[2,2]((Fibrinogen >= 0.656 & Lactate >= 0.008) & PTT >= 0.027)
",4.500,-0.656,-0.656,0.000,1.000,0,0,0,127,127,0,0,127,0.0,0.0,0.0,0.0,0.0,1.0,-1
"F[1,2](Phosphate >= 0.152 -> SepsisLabel = 0.290)
",0.000,-9999999.000,-9999999.000,0.000,1.000,0,0,0,127,127,0,0,127,0.0,0.0,0.0,0.0,0.0,1.0,-1
"F[1,2](((FiO2 >= 0.029 | Glucose <= 28.165) -> TroponinI <= 101.707) -> Potassium <= 20.618)
",0.000,-9999999.000,-9999999.000,0.000,1.000,0,0,0,127,127,0,0,127,0.0,0.0,0.0,0.0,0.0,1.0,-1
"G[2,2](FiO2 >= 0.074 & Lactate >= 0.041)
",0.000,-0.074,-0.074,1.000,0.000,0,0,127,0,0,127,127,0,0.0,0.0,1.0,0.0,0.0,1.0,1
"F[1,2](((BaseExcess <= 3.427 | MAP >= 71.431) & PTT >= 78.160) -> TroponinI <= 107.147)
",0.000,-9999999.000,-9999999.000,0.000,1.000,0,0,0,127,127,0,0,127,0.0,0.0,0.0,0.0,0.0,1.0,-1
"G[0,2]((PaCO2 >= 1.267 -> SBP >= 59.880) & Calcium >= 67.844)
",0.000,9999999.000,9999999.000,1.000,0.000,0,0,0,127,127,0,0,127,0.0,0.0,0.0,0.0,0.0,1.0,1
"G[2,2](((Magnesium >= 0.019 | WBC <= 2.876) -> FiO2 >= 0.105) & PaCO2 <= 1.633)
",-6.000,-2.876,-2.876,1.000,0.000,0,0,127,0,0,127,127,0,0.0,0.0,1.0,0.0,0.0,1.0,1
"G[1,2](Creatinine <= 0.169 & Hgb >= 0.016)
",0.000,9999999.000,9999999.000,1.000,0.000,0,0,2,125,125,2,2,125,0.0,0.0,1.0,0.0,0.0,1.0,1
"G[2,2](((Calcium >= 0.158 | Creatinine >= 0.039) -> PaCO2 <= 0.657) -> EtCO2 <= 0.821)
",8.000,-0.821,-0.821,1.000,0.000,0,0,127,0,0,127,127,0,0.0,0.0,1.0,0.0,0.0,1.0,1
"G[0,2](((Calcium <= 5.505 -> Chloride <= 72.165) -> Lactate >= 3.754) | MAP >= 4.324)
",0.000,9999999.000,9999999.000,1.000,0.000,0,0,123,4,4,123,123,4,0.0,0.0,1.0,0.0,0.0,1.0,1
"G[0,2](Magnesium <= 1.483 & Phosphate >= 0.033)
",0.000,9999999.000,9999999.000,1.000,0.000,0,0,0,127,127,0,0,127,0.0,0.0,0.0,0.0,0.0,1.0,1
"G[0,2]((Chloride <= 50.928 | Hgb <= 11.051) -> Phosphate <= 4.164)
",0.000,9999999.000,9999999.000,1.000,0.000,0,0,127,0,0,127,127,0,0.0,0.0,1.0,0.0,0.0,1.0,1
"G[0,1]((Hct >= 1.530 | WBC >= 0.648) & Bilirubin_direct <= 10.865)
",0.000,9999999.000,9999999.000,1.000,0.000,0,0,1,126,126,1,1,126,0.0,0.0,1.0,0.0,0.0,1.0,1
"G[1,2](Calcium <= 1.159 & Phosphate <= 0.922)
",0.000,9999999.000,9999999.000,1.000,0.000,0,0,121,6,6,121,121,6,0.0,0.0,1.0,0.0,0.0,1.0,1
"G[2,2](((Fibrinogen <= 240.386 & Resp >= 15.374) & PTT >= 6.567) & Bilirubin_total >= 4.684)
",-5.500,-15.374,-15.374,1.000,0.000,0,0,127,0,0,127,127,0,0.0,0.0,1.0,0.0,0.0,1.0,1
"G[1,2](BUN <= 35.989 & Creatinine >= 0.023)
",0.000,9999999.000,9999999.000,1.000,0.000,0,0,8,119,119,8,8,119,0.0,0.0,1.0,0.0,0.0,1.0,1
"G[0,1](Platelets <= 23.642 -> WBC >= 0.293)
",0.000,9999999.000,9999999.000,1.000,0.000,0,0,1,126,126,1,1,126,0.0,0.0,1.0,0.0,0.0,1.0,1
"G[2,2]((Resp <= 33.324 & WBC >= 0.596) -> WBC <= 11.964)
",18.000,-11.964,-11.964,1.000,0.000,0,0,127,0,0,127,127,0,0.0,0.0,1.0,0.0,0.0,1.0,1
"G[0,2](Alkalinephos <= 40.926 & SaO2 <= 35.298)
",0.000,9999999.000,9999999.000,1.000,0.000,0,0,108,19,19,108,108,19,0.0,0.0,1.0,0.0,0.0,1.0,1
"G[0,2](((Hgb <= 8.422 | Hct <= 14.090) -> WBC >= 0.261) & Platelets >= 11.869)
",0.000,9999999.000,9999999.000,1.000,0.000,0,0,1,126,126,1,1,126,0.0,0.0,1.0,0.0,0.0,1.0,1
"G[0,2]((AST >= 0.143 & O2Sat >= 78.115) -> HCO3 <= 94.902)
",0.000,9999999.000,9999999.000,1.000,0.000,0,0,127,0,0,127,127,0,0.0,0.0,1.0,0.0,0.0,1.0,1
"G[1,2](((DBP <= 97.657 & SaO2 >= 2.332) -> TroponinI >= 3.027) & SBP <= 62.024)
",0.000,9999999.000,9999999.000,1.000,0.000,0,0,1,126,126,1,1,126,0.0,0.0,1.0,0.0,0.0,1.0,1
"G[0,2](((HCO3 <= 12.681 -> Temp >= 3.067) & Potassium <= 28.645) -> Calcium >= 8.156)
",0.000,9999999.000,9999999.000,1.000,0.000,0,0,42,85,85,42,42,85,0.0,0.0,1.0,0.0,0.0,1.0,1
"G[0,2](FiO2 >= 0.074 | O2Sat >= 4.447)
",0.000,9999999.000,9999999.000,1.000,0.000,0,0,116,11,11,116,116,11,0.0,0.0,1.0,0.0,0.0,1.0,1
"G[1,2]((Resp <= 28.625 & Magnesium <= 2.193) | SaO2 <= 0.640)
",0.000,9999999.000,9999999.000,1.000,0.000,0,0,124,3,3,124,124,3,0.0,0.0,1.0,0.0,0.0,1.0,1
"G[0,1](((AST <= 3.634 | SBP >= 69.979) | Resp <= 146.410) & PTT >= 2.086)
",0.000,9999999.000,9999999.000,1.000,0.000,0,0,0,127,127,0,0,127,0.0,0.0,0.0,0.0,0.0,1.0,1
"G[1,2](Hgb <= 0.840 -> SBP >= 128.690)
",0.000,9999999.000,9999999.000,1.000,0.000,0,0,87,40,40,87,87,40,0.0,0.0,1.0,0.0,0.0,1.0,1
"G[0,1](BUN <= 5.290 & Creatinine >= 0.021)
",0.000,9999999.000,9999999.000,1.000,0.000,0,0,0,127,127,0,0,127,0.0,0.0,0.0,0.0,0.0,1.0,1
"G[0,2](((BUN <= 4.910 -> HR >= 32.288) | Glucose >= 53.934) -> SepsisLabel >= 24.530)
",0.000,9999999.000,9999999.000,1.000,0.000,0,0,0,127,127,0,0,127,0.0,0.0,0.0,0.0,0.0,1.0,1
"G[1,2]((Calcium <= 3.615 -> HCO3 >= 0.040) | Phosphate <= 18.726)
",0.000,9999999.000,9999999.000,1.000,0.000,0,0,127,0,0,127,127,0,0.0,0.0,1.0,0.0,0.0,1.0,1
"G[1,2]((Phosphate >= 0.109 & WBC <= 16.744) & PTT >= 0.440)
",0.000,9999999.000,9999999.000,1.000,0.000,0,0,1,126,126,1,1,126,0.0,0.0,1.0,0.0,0.0,1.0,1
"G[1,2](((BUN >= 0.981 | WBC <= 18.004) & HR <= 19.262) & Bilirubin_total >= 0.499)
",0.000,9999999.000,9999999.000,1.000,0.000,0,0,1,126,126,1,1,126,0.0,0.0,1.0,0.0,0.0,1.0,1
"G[2,2](Hct <= 2.760 -> Magnesium <= 1.230)
",0.000,-2.760,-2.760,1.000,0.000,0,0,127,0,0,127,127,0,0.0,0.0,1.0,0.0,0.0,1.0,1
"G[0,2](BUN >= 1.103 -> SepsisLabel = 0.487)
",0.000,9999999.000,9999999.000,1.000,0.000,0,0,113,14,14,113,113,14,0.0,0.0,1.0,0.0,0.0,1.0,1
"G[0,1](Platelets < 400.230 -> SepsisLabel = 0.938)
",0.000,9999999.000,9999999.000,1.000,0.000,0,0,1,126,126,1,1,126,0.0,0.0,1.0,0.0,0.0,1.0,1
"G[0,1](BUN <= 17.412 & Creatinine >= 0.022)
",0.000,9999999.000,9999999.000,1.000,0.000,0,0,0,127,127,0,0,127,0.0,0.0,0.0,0.0,0.0,1.0,1
"G[0,1](((Hgb <= 5.252 | Hct <= 7.229) -> WBC >= 0.676) & Platelets >= 0.157)
",0.000,9999999.000,9999999.000,1.000,0.000,0,0,1,126,126,1,1,126,0.0,0.0,1.0,0.0,0.0,1.0,1
"G[0,2](Platelets <= 610.317 -> WBC >= 0.180)
",0.000,9999999.000,9999999.000,1.000,0.000,0,0,1,126,126,1,1,126,0.0,0.0,1.0,0.0,0.0,1.0,1
"G[0,2](Chloride >= 1.865 & HCO3 >= 0.591)
",0.000,9999999.000,9999999.000,1.000,0.000,0,0,1,126,126,1,1,126,0.0,0.0,1.0,0.0,0.0,1.0,1
"G[0,1](BUN <= 27.313 & Creatinine >= 0.015)
",0.000,9999999.000,9999999.000,1.000,0.000,0,0,0,127,127,0,0,127,0.0,0.0,0.0,0.0,0.0,1.0,1
"G[1,2](PTT <= 10.159 & SepsisLabel = 0.737)
",0.000,9999999.000,9999999.000,1.000,0.000,0,0,1,126,126,1,1,126,0.0,0.0,1.0,0.0,0.0,1.0,1
"G[1,2](((BUN >= 0.114 & Hct <= 6.729) | Hgb >= 0.641) & Chloride <= 2.367)
",0.000,9999999.000,9999999.000,1.000,0.000,0,0,2,125,125,2,2,125,0.0,0.0,1.0,0.0,0.0,1.0,1
"G[2,2](((Chloride <= 10.847 & Magnesium >= 0.014) -> MAP >= 0.102) | PTT <= 1.937)
",-2.750,1.937,1.937,1.000,0.000,0,0,127,0,0,127,127,0,0.0,0.0,1.0,0.0,0.0,1.0,1
"G[1,2]((BUN >= 0.960 -> Potassium <= 1.453) -> SaO2 >= 0.245)
",0.000,9999999.000,9999999.000,1.000,0.000,0,0,15,112,112,15,15,112,0.0,0.0,1.0,0.0,0.0,1.0,1
"G[2,2]((Magnesium >= 0.077 | Platelets >= 10.112) & Bilirubin_direct >= 18.871)
",0.000,-18.871,-18.871,1.000,0.000,0,0,127,0,0,127,127,0,0.0,0.0,1.0,0.0,0.0,1.0,1
"G[1,2]((Resp >= 12.443 -> SBP <= 156.859) | EtCO2 <= 149.226)
",0.000,9999999.000,9999999.000,1.000,0.000,0,0,127,0,0,127,127,0,0.0,0.0,1.0,0.0,0.0,1.0,1
"G[2,2](Potassium <= 4.276 & WBC <= 21.272)
",1.000,4.276,4.276,1.000,0.000,0,0,127,0,0,127,127,0,0.0,0.0,1.0,0.0,0.0,1.0,1
"G[0,1](Platelets <= 338.592 -> WBC >= 0.210)
",0.000,9999999.000,9999999.000,1.000,0.000,0,0,1,126,126,1,1,126,0.0,0.0,1.0,0.0,0.0,1.0,1
"G[1,2](((Chloride >= 3.431 | Potassium <= 1.792) & PaCO2 <= 2.647) -> TroponinI >= 0.443)
",0.000,9999999.000,9999999.000,1.000,0.000,0,0,23,104,104,23,23,104,0.0,0.0,1.0,0.0,0.0,1.0,1
"G[0,2]((Fibrinogen <= 460.469 & PTT >= 0.103) -> PTT <= 25.749)
",0.000,9999999.000,9999999.000,1.000,0.000,0,0,126,1,1,126,126,1,0.0,0.0,1.0,0.0,0.0,1.0,1
"G[0,2]((Hgb <= 6.509 & Potassium >= 0.007) | SaO2 >= 0.063)
",0.000,9999999.000,9999999.000,1.000,0.000,0,0,1,126,126,1,1,126,0.0,0.0,1.0,0.0,0.0,1.0,1
"G[0,2]((PaCO2 >= 3.010 -> Potassium <= 1.950) & MAP >= 0.326)
",0.000,9999999.000,9999999.000,1.000,0.000,0,0,99,28,28,99,99,28,0.0,0.0,1.0,0.0,0.0,1.0,1
"G[0,2]((pH <= 1.149 -> Potassium <= 2.364) | SepsisLabel >= 0.335)
",0.000,9999999.000,9999999.000,1.000,0.000,0,0,120,7,7,120,120,7,0.0,0.0,1.0,0.0,0.0,1.0,1
"G[2,2]((HR >= 40.706 | MAP <= 124.056) | O2Sat >= 14.659)
",4.500,124.056,124.056,1.000,0.000,0,0,127,0,0,127,127,0,0.0,0.0,1.0,0.0,0.0,1.0,1
"G[1,2]((Calcium >= 0.153 -> WBC <= 20.122) | SepsisLabel <= 6.006)
",0.000,9999999.000,9999999.000,1.000,0.000,0,0,127,0,0,127,127,0,0.0,0.0,1.0,0.0,0.0,1.0,1
"G[1,2]((FiO2 >= 0.032 & SaO2 >= 0.949) & HCO3 >= 0.905)
",0.000,9999999.000,9999999.000,1.000,0.000,0,0,2,125,125,2,2,125,0.0,0.0,1.0,0.0,0.0,1.0,1
"G[0,1](((BaseExcess >= -6.371 | BUN <= 2.523) -> Lactate <= 12.458) -> Lactate >= 0.799)
",0.000,9999999.000,9999999.000,1.000,0.000,0,0,0,127,127,0,0,127,0.0,0.0,0.0,0.0,0.0,1.0,1
"F[1,2](((Magnesium <= 1.600 -> Resp >= 19.809) | FiO2 >= 7.030) | WBC >= 14.176)
",0.000,-9999999.000,-9999999.000,0.000,1.000,0,0,0,127,127,0,0,127,0.0,0.0,0.0,0.0,0.0,1.0,-1
"G[0,1](Chloride >= 0.994 & SepsisLabel <= 0.792)
",0.000,9999999.000,9999999.000,1.000,0.000,0,0,0,127,127,0,0,127,0.0,0.0,0.0,0.0,0.0,1.0,1
"G[1,2]((FiO2 >= 0.084 -> Hgb >= 0.255) | Temp <= 3.367)
",0.000,9999999.000,9999999.000,1.000,0.000,0,0,109,18,18,109,109,18,0.0,0.0,1.0,0.0,0.0,1.0,1
"G[0,2](((BUN <= 33.012 -> FiO2 >= 0.025) | DBP >= 0.026) | BaseExcess >= 0.007)
",0.000,9999999.000,9999999.000,1.000,0.000,0,0,122,5,5,122,122,5,0.0,0.0,1.0,0.0,0.0,1.0,1
"G[0,1](Platelets <= 366.213 -> WBC >= 0.395)
",0.000,9999999.000,9999999.000,1.000,0.000,0,0,1,126,126,1,1,126,0.0,0.0,1.0,0.0,0.0,1.0,1
"G[2,2](BUN <= 17.788 & Creatinine >= 0.001)
",2.000,-0.001,-0.001,1.000,0.000,0,0,127,0,0,127,127,0,0.0,0.0,1.0,0.0,0.0,1.0,1
"G[1,2](((Hgb <= 10.784 | Hct <= 18.299) -> WBC >= 0.260) & Platelets >= 2.749)
",0.000,9999999.000,9999999.000,1.000,0.000,0,0,8,119,119,8,8,119,0.0,0.0,1.0,0.0,0.0,1.0,1
"G[0,2]((Calcium >= 0.226 -> SepsisLabel >= 0.007) | Hgb >= 0.032)
",0.000,9999999.000,9999999.000,1.000,0.000,0,0,126,1,1,126,126,1,0.0,0.0,1.0,0.0,0.0,1.0,1
"G[0,2]((Fibrinogen >= 0.366 | Temp <= 19.307) | Fibrinogen <= 26.196)
",0.000,9999999.000,9999999.000,1.000,0.000,0,0,127,0,0,127,127,0,0.0,0.0,1.0,0.0,0.0,1.0,1
"G[0,2](((Glucose >= 14.436 | Resp <= 23.610) | WBC <= 26.581) | SaO2 >= 7.892)
",0.000,9999999.000,9999999.000,1.000,0.000,0,0,127,0,0,127,127,0,0.0,0.0,1.0,0.0,0.0,1.0,1
"G[2,2]((Magnesium <= 1.095 & O2Sat >= 52.485) | SBP <= 95.326)
",-11.000,95.326,95.326,1.000,0.000,0,0,127,0,0,127,127,0,0.0,0.0,1.0,0.0,0.0,1.0,1
"G[2,2](BUN <= 24.433 -> PTT >= 0.066)
",-0.000,-24.433,-24.433,1.000,0.000,0,0,127,0,0,127,127,0,0.0,0.0,1.0,0.0,0.0,1.0,1
"G[0,0]((TroponinI <= 0.000 | WBC <= 4.019) -> AST >= 0.021)
",-0.280,-10.875,-4.019,1.000,0.000,0,0,0,127,127,0,0,127,0.0,0.0,0.0,0.0,0.0,1.0,1
"G[0,2](((Hgb <= 1.361 | Hct <= 9.113) -> WBC >= 0.260) & Platelets >= 19.509)
",0.000,9999999.000,9999999.000,1.000,0.000,0,0,1,126,126,1,1,126,0.0,0.0,1.0,0.0,0.0,1.0,1
"G[0,1](PTT >= 0.050 & Platelets >= 8.519)
",0.000,9999999.000,9999999.000,1.000,0.000,0,0,0,127,127,0,0,127,0.0,0.0,0.0,0.0,0.0,1.0,1
"G[0,2]((Glucose >= 4.659 | PTT <= 18.242) | Creatinine >= 0.010)
",0.000,9999999.000,9999999.000,1.000,0.000,0,0,126,1,1,126,126,1,0.0,0.0,1.0,0.0,0.0,1.0,1
"G[0,2](Temp <= 36.297 & BaseExcess <= 2.218)
",0.000,9999999.000,9999999.000,1.000,0.000,0,0,38,89,89,38,38,89,0.0,0.0,1.0,0.0,0.0,1.0,1
"G[0,1](((Creatinine <= 1.039 | MAP >= 58.550) & Temp >= 69.174) | Potassium >= 52.312)
",0.000,9999999.000,9999999.000,1.000,0.000,0,0,0,127,127,0,0,127,0.0,0.0,0.0,0.0,0.0,1.0,1
"G[2,2](((Platelets >= 16.367 | Lactate >= 0.015) | Bilirubin_total <= 2.910) & Chloride >= 0.002)
",4.000,-0.002,-0.002,1.000,0.000,0,0,127,0,0,127,127,0,0.0,0.0,1.0,0.0,0.0,1.0,1
"G[1,2](((FiO2 <= 0.524 -> Potassium <= 1.608) & HR >= 0.096) & FiO2 >= 0.444)
",0.000,9999999.000,9999999.000,1.000,0.000,0,0,12,115,115,12,12,115,0.0,0.0,1.0,0.0,0.0,1.0,1
"G[0,2]((Calcium >= 0.143 | TroponinI <= 0.000) | Phosphate >= 0.000)
",0.000,9999999.000,9999999.000,1.000,0.000,0,0,127,0,0,127,127,0,0.0,0.0,1.0,0.0,0.0,1.0,1
"G[0,2](((Temp <= 28.688 -> Temp >= 17.585) | Resp <= 30.928) & pH >= 3.021)
",0.000,9999999.000,9999999.000,1.000,0.000,0,0,1,126,126,1,1,126,0.0,0.0,1.0,0.0,0.0,1.0,1
"G[2,2]((O2Sat <= 98.188 & Platelets <= 573.439) -> O2Sat >= 1.318)
",-8.500,-98.188,-98.188,1.000,0.000,0,0,127,0,0,127,127,0,0.0,0.0,1.0,0.0,0.0,1.0,1
"G[0,2](((O2Sat <= 96.354 | pH >= 0.461) -> Calcium <= 5.743) & Bilirubin_direct <= 2.855)
",0.000,9999999.000,9999999.000,1.000,0.000,0,0,119,8,8,119,119,8,0.0,0.0,1.0,0.0,0.0,1.0,1
"G[0,1](Chloride >= 5.104 & HCO3 >= 0.933)
",0.000,9999999.000,9999999.000,1.000,0.000,0,0,1,126,126,1,1,126,0.0,0.0,1.0,0.0,0.0,1.0,1
"G[1,2](((AST <= 12.536 & Hgb >= 0.362) & BUN <= 8.822) -> Resp >= 0.440)
",0.000,9999999.000,9999999.000,1.000,0.000,0,0,127,0,0,127,127,0,0.0,0.0,1.0,0.0,0.0,1.0,1
"G[1,2](AST >= 0.073 & WBC <= 7.794)
",0.000,9999999.000,9999999.000,1.000,0.000,0,0,2,125,125,2,2,125,0.0,0.0,1.0,0.0,0.0,1.0,1
"G[0,2](((Alkalinephos <= 11.962 -> HCO3 >= 0.145) & Hgb <= 26.283) & Calcium <= 2.992)
",0.000,9999999.000,9999999.000,1.000,0.000,0,0,0,127,127,0,0,127,0.0,0.0,0.0,0.0,0.0,1.0,1
"G[0,0]((Hct >= 0.907 & Temp <= 25.940) & DBP <= 20.391)
",0.205,-71.156,-73.860,1.000,0.000,0,0,0,127,127,0,0,127,0.0,0.0,0.0,0.0,0.0,1.0,1
"G[1,2](((Hgb <= 11.207 | Hct <= 22.368) -> WBC >= 0.289) & Platelets >= 13.381)
",0.000,9999999.000,9999999.000,1.000,0.000,0,0,8,119,119,8,8,119,0.0,0.0,1.0,0.0,0.0,1.0,1
"G[0,2](((Phosphate >= 0.097 | SepsisLabel <= 0.476) -> Resp <= 0.937) & FiO2 >= 0.036)
",0.000,9999999.000,9999999.000,1.000,0.000,0,0,0,127,127,0,0,127,0.0,0.0,0.0,0.0,0.0,1.0,1
"G[0,2](((BaseExcess >= -5.699 -> SBP <= 170.260) -> Creatinine <= 147.896) & WBC >= 48.753)
",0.000,9999999.000,9999999.000,1.000,0.000,0,0,0,127,127,0,0,127,0.0,0.0,0.0,0.0,0.0,1.0,1
"G[0,2]((HR <= 126.056 | Magnesium >= 0.042) -> SaO2 <= 0.747)
",0.000,9999999.000,9999999.000,1.000,0.000,0,0,109,18,18,109,109,18,0.0,0.0,1.0,0.0,0.0,1.0,1
"G[0,2](DBP >= 3.920 | Lactate <= 1.927)
",0.000,9999999.000,9999999.000,1.000,0.000,0,0,127,0,0,127,127,0,0.0,0.0,1.0,0.0,0.0,1.0,1
"G[1,2](FiO2 <= 0.424 & Resp >= 7.681)
",0.000,9999999.000,9999999.000,1.000,0.000,0,0,115,12,12,115,115,12,0.0,0.0,1.0,0.0,0.0,1.0,1
"G[2,2](((AST >= 0.008 -> Magnesium <= 0.195) -> HR <= 2.162) -> PTT <= 1.226)
",-12.000,-1.226,-1.226,1.000,0.000,0,0,127,0,0,127,127,0,0.0,0.0,1.0,0.0,0.0,1.0,1
"G[0,2]((AST <= 28.193 & Resp <= 24.540) -> Potassium <= 28.371)
",0.000,9999999.000,9999999.000,1.000,0.000,0,0,127,0,0,127,127,0,0.0,0.0,1.0,0.0,0.0,1.0,1
"G[0,1](Chloride >= 3.206 & HCO3 >= 0.559)
",0.000,9999999.000,9999999.000,1.000,0.000,0,0,1,126,126,1,1,126,0.0,0.0,1.0,0.0,0.0,1.0,1
"G[0,2](((Lactate >= 0.028 & MAP <= 100.323) | Temp >= 62.961) -> SaO2 <= 133.514)
",0.000,9999999.000,9999999.000,1.000,0.000,0,0,127,0,0,127,127,0,0.0,0.0,1.0,0.0,0.0,1.0,1
"G[2,2](((SepsisLabel >= 0.000 & WBC <= 12.719) & Bilirubin_total >= 0.659) -> HCO3 >= 0.018)
",14.000,0.018,0.018,1.000,0.000,0,0,127,0,0,127,127,0,0.0,0.0,1.0,0.0,0.0,1.0,1
"G[1,2](Chloride >= 2.687 & HCO3 >= 0.428)
",0.000,9999999.000,9999999.000,1.000,0.000,0,0,8,119,119,8,8,119,0.0,0.0,1.0,0.0,0.0,1.0,1
"G[2,2]((HR >= 19.168 | pH <= 3.531) & Hgb >= 0.299)
",-0.000,-0.299,-0.299,1.000,0.000,0,0,127,0,0,127,127,0,0.0,0.0,1.0,0.0,0.0,1.0,1
"G[0,2](((AST <= 2.539 | HR <= 87.005) | Hct >= 11.249) & Chloride <= 109.096)
",0.000,9999999.000,9999999.000,1.000,0.000,0,0,124,3,3,124,124,3,0.0,0.0,1.0,0.0,0.0,1.0,1
"G[0,2](BUN <= 15.919 & Creatinine >= 0.015)
",0.000,9999999.000,9999999.000,1.000,0.000,0,0,0,127,127,0,0,127,0.0,0.0,0.0,0.0,0.0,1.0,1
"G[1,2](((Hgb <= 7.991 | Hct <= 37.094) -> WBC >= 0.327) & Platelets >= 6.485)
",0.000,9999999.000,9999999.000,1.000,0.000,0,0,8,119,119,8,8,119,0.0,0.0,1.0,0.0,0.0,1.0,1
"G[2,2](((Fibrinogen <= 58.135 -> SepsisLabel <= 0.872) -> Glucose <= 0.524) -> TroponinI >= 0.026)
",3.000,0.026,0.026,1.000,0.000,0,0,127,0,0,127,127,0,0.0,0.0,1.0,0.0,0.0,1.0,1
"G[0,1](Alkalinephos <= 20.532 & Lactate >= 0.012)
",0.000,9999999.000,9999999.000,1.000,0.000,0,0,0,127,127,0,0,127,0.0,0.0,0.0,0.0,0.0,1.0,1
"G[1,2]((Phosphate <= 1.110 | Temp >= 8.763) | Temp <= 22.635)
",0.000,9999999.000,9999999.000,1.000,0.000,0,0,127,0,0,127,127,0,0.0,0.0,1.0,0.0,0.0,1.0,1
"G[2,2](BUN <= 25.777 & Creatinine >= 0.036)
",-0.000,-0.036,-0.036,1.000,0.000,0,0,127,0,0,127,127,0,0.0,0.0,1.0,0.0,0.0,1.0,1
"G[0,2](((AST <= 34.782 & Platelets <= 35.879) -> Bilirubin_total >= 15.342) -> SepsisLabel <= 155.636)
",0.000,9999999.000,9999999.000,1.000,0.000,0,0,127,0,0,127,127,0,0.0,0.0,1.0,0.0,0.0,1.0,1
"G[2,2](FiO2 <= 0.387 | Platelets <= 137.546)
",0.000,137.546,137.546,1.000,0.000,0,0,127,0,0,127,127,0,0.0,0.0,1.0,0.0,0.0,1.0,1
"G[1,1](O2Sat >= 75.212 & SepsisLabel = 0.971)
",0.000,-75.212,-75.212,1.000,0.000,0,0,1,126,126,1,1,126,0.0,0.0,1.0,0.0,0.0,1.0,1
"G[0,2](Hct > 0.167 & SepsisLabel = 0.282)
",0.000,9999999.000,9999999.000,1.000,0.000,0,0,0,127,127,0,0,127,0.0,0.0,0.0,0.0,0.0,1.0,1
"G[0,0](Magnesium <= 0.912 & SepsisLabel = 0.762)
",-0.234,-25.492,-0.762,1.000,0.000,0,0,0,127,127,0,0,127,0.0,0.0,0.0,0.0,0.0,1.0,1
"G[1,2](SBP >= 58.651 -> SepsisLabel = 0.356)
",0.000,9999999.000,9999999.000,1.000,0.000,0,0,1,126,126,1,1,126,0.0,0.0,1.0,0.0,0.0,1.0,1
"F[2,2]((Calcium <= 0.942 & Potassium <= 1.168) & Magnesium >= 0.017)
",-6.000,-0.017,-0.017,0.000,1.000,0,0,0,127,127,0,0,127,0.0,0.0,0.0,0.0,0.0,1.0,-1
"F[0,1]((SBP >= 88.762 -> WBC <= 2.944) | PaCO2 >= 0.010)
",0.000,-9999999.000,-9999999.000,0.000,1.000,0,0,0,127,127,0,0,127,0.0,0.0,0.0,0.0,0.0,1.0,-1
"F[2,2](((Hct >= 1.800 | Resp <= 25.054) -> SBP <= 22.382) & TroponinI <= 32.188)
",0.000,-25.054,-25.054,0.000,1.000,0,0,0,127,127,0,0,127,0.0,0.0,0.0,0.0,0.0,1.0,-1
"F[0,0](((DBP >= 19.921 | PaCO2 >= 3.343) -> Phosphate >= 1.969) -> SepsisLabel <= 37.721)
",0.247,-32.154,-37.721,0.000,1.000,0,0,0,127,127,0,0,127,0.0,0.0,0.0,0.0,0.0,1.0,-1
"F[0,2]((BaseExcess >= -5.203 & Creatinine <= 0.977) -> Resp >= 0.036)
",0.000,-9999999.000,-9999999.000,0.000,1.000,0,0,0,127,127,0,0,127,0.0,0.0,0.0,0.0,0.0,1.0,-1
"F[2,2]((MAP >= 44.142 | pH <= 7.238) & WBC >= 0.337)
",3.500,-0.337,-0.337,0.000,1.000,0,0,0,127,127,0,0,127,0.0,0.0,0.0,0.0,0.0,1.0,-1
"G[0,1](((Resp <= 31.327 | AST <= 17.005) -> Chloride >= 0.008) & Magnesium <= 1.797)
",0.000,9999999.000,9999999.000,1.000,0.000,0,0,0,127,127,0,0,127,0.0,0.0,0.0,0.0,0.0,1.0,1
"G[1,2](Magnesium >= 0.001 & MAP >= 3.007)
",0.000,9999999.000,9999999.000,1.000,0.000,0,0,10,117,117,10,10,117,0.0,0.0,1.0,0.0,0.0,1.0,1
"G[0,1](((Creatinine <= 1.008 | O2Sat <= 94.869) & Bilirubin_total >= 39.476) & pH >= 71.055)
",0.000,9999999.000,9999999.000,1.000,0.000,0,0,0,127,127,0,0,127,0.0,0.0,0.0,0.0,0.0,1.0,1
"G[1,2](AST >= 0.089 & DBP <= 71.535)
",0.000,9999999.000,9999999.000,1.000,0.000,0,0,2,125,125,2,2,125,0.0,0.0,1.0,0.0,0.0,1.0,1
"G[1,2]((BUN >= 0.023 -> MAP >= 50.135) -> Bilirubin_direct <= 83.140)
",0.000,9999999.000,9999999.000,1.000,0.000,0,0,127,0,0,127,127,0,0.0,0.0,1.0,0.0,0.0,1.0,1
"G[2,2](Chloride >= 1.635 & HCO3 >= 1.143)
",-5.667,-1.635,-1.635,1.000,0.000,0,0,127,0,0,127,127,0,0.0,0.0,1.0,0.0,0.0,1.0,1
"G[2,2](Chloride >= 4.175 & HCO3 >= 0.169)
",-1.000,-4.175,-4.175,1.000,0.000,0,0,127,0,0,127,127,0,0.0,0.0,1.0,0.0,0.0,1.0,1
"G[0,2]((Fibrinogen <= 365.310 -> Phosphate >= 0.119) & Magnesium >= 0.082)
",0.000,9999999.000,9999999.000,1.000,0.000,0,0,1,126,126,1,1,126,0.0,0.0,1.0,0.0,0.0,1.0,1
"G[0,0]((Calcium <= 5.145 & Fibrinogen >= 2.278) & AST >= 0.635)
",-0.048,-2.505,-2.278,1.000,0.000,0,0,0,127,127,0,0,127,0.0,0.0,0.0,0.0,0.0,1.0,1
"G[0,2](((Fibrinogen <= 577.018 | HCO3 <= 22.899) & BUN <= 22.672) -> Platelets <= 21.106)
",0.000,9999999.000,9999999.000,1.000,0.000,0,0,121,6,6,121,121,6,0.0,0.0,1.0,0.0,0.0,1.0,1
"G[0,2]((pH >= 0.727 | WBC <= 3.053) | BUN >= 0.552)
",0.000,9999999.000,9999999.000,1.000,0.000,0,0,126,1,1,126,126,1,0.0,0.0,1.0,0.0,0.0,1.0,1
"G[1,2]((PaCO2 >= 1.218 | Platelets <= 356.678) & O2Sat >= 6.943)
",0.000,9999999.000,9999999.000,1.000,0.000,0,0,121,6,6,121,121,6,0.0,0.0,1.0,0.0,0.0,1.0,1
"G[1,2](pH <= 5.159 -> Platelets <= 105.552)
",0.000,9999999.000,9999999.000,1.000,0.000,0,0,126,1,1,126,126,1,0.0,0.0,1.0,0.0,0.0,1.0,1
"G[0,2](((Hgb >= 0.040 | PaCO2 <= 16.765) & Phosphate <= 7.639) -> Phosphate >= 3.901)
",0.000,9999999.000,9999999.000,1.000,0.000,0,0,1,126,126,1,1,126,0.0,0.0,1.0,0.0,0.0,1.0,1
"G[0,2](((Hgb <= 1.802 | Hct <= 11.892) -> WBC >= 0.268) & Platelets >= 13.062)
",0.000,9999999.000,9999999.000,1.000,0.000,0,0,1,126,126,1,1,126,0.0,0.0,1.0,0.0,0.0,1.0,1
"G[1,2]((Creatinine <= 0.481 | pH >= 0.776) | Temp <= 6.627)
",0.000,9999999.000,9999999.000,1.000,0.000,0,0,127,0,0,127,127,0,0.0,0.0,1.0,0.0,0.0,1.0,1
"G[0,2]((Fibrinogen >= 2.856 | Hgb <= 10.682) & FiO2 <= 4.175)
",0.000,9999999.000,9999999.000,1.000,0.000,0,0,125,2,2,125,125,2,0.0,0.0,1.0,0.0,0.0,1.0,1
"F[2,2](((Calcium < 1.255 & Potassium < 4.156) & Magnesium < 2.080) & Phosphate < 2.478)
",1.000,1.255,1.255,0.000,1.000,0,0,0,127,127,0,0,127,0.0,0.0,0.0,0.0,0.0,1.0,-1
"F[2,2](PTT <= 13.572 -> SaO2 <= 26.049)
",17.000,-26.049,-26.049,0.000,1.000,0,0,0,127,127,0,0,127,0.0,0.0,0.0,0.0,0.0,1.0,-1
"F[0,1](Hgb <= 11.402 | Hct <= 14.975)
",0.000,-9999999.000,-9999999.000,0.000,1.000,0,0,0,127,127,0,0,127,0.0,0.0,0.0,0.0,0.0,1.0,-1
"F[0,2](HR <= 109.191 & SaO2 <= 34.031)
",0.000,-9999999.000,-9999999.000,0.000,1.000,0,0,0,127,127,0,0,127,0.0,0.0,0.0,0.0,0.0,1.0,-1
"F[0,2](((Lactate >= 0.023 & O2Sat <= 99.341) | Calcium >= 46.359) -> EtCO2 <= 99.897)
",0.000,-9999999.000,-9999999.000,0.000,1.000,0,0,0,127,127,0,0,127,0.0,0.0,0.0,0.0,0.0,1.0,-1
"F[0,2](((Chloride >= 0.708 & SBP >= 60.371) -> Magnesium >= 105.205) & PaCO2 >= 50.286)
",0.000,-9999999.000,-9999999.000,0.000,1.000,0,0,0,127,127,0,0,127,0.0,0.0,0.0,0.0,0.0,1.0,-1
"F[0,1]((BaseExcess <= 2.036 | HR <= 102.972) | MAP <= 97.999)
",0.000,-9999999.000,-9999999.000,0.000,1.000,0,0,0,127,127,0,0,127,0.0,0.0,0.0,0.0,0.0,1.0,-1
"F[1,2](((SaO2 >= 0.025 | SepsisLabel <= 0.141) -> Fibrinogen >= 0.037) -> Chloride <= 0.852)
",0.000,-9999999.000,-9999999.000,0.000,1.000,0,0,0,127,127,0,0,127,0.0,0.0,0.0,0.0,0.0,1.0,-1
"F[1,2](HR <= 128.270 & Phosphate <= 2.000)
",0.000,-9999999.000,-9999999.000,0.000,1.000,0,0,0,127,127,0,0,127,0.0,0.0,0.0,0.0,0.0,1.0,-1
"F[1,1]((BUN <= 29.215 & SBP <= 145.022) | FiO2 <= 144.838)
",0.000,144.838,144.838,0.000,1.000,0,0,0,127,127,0,0,127,0.0,0.0,0.0,0.0,0.0,1.0,-1
"F[2,2](((BUN >= 0.237 & O2Sat >= 48.040) | Fibrinogen <= 93.864) & AST <= 94.426)
",5.000,93.864,93.864,0.000,1.000,0,0,0,127,127,0,0,127,0.0,0.0,0.0,0.0,0.0,1.0,-1
"F[1,2](((Alkalinephos >= 0.214 -> DBP >= 9.430) & Glucose <= 142.063) | Temp <= 153.110)
",0.000,-9999999.000,-9999999.000,0.000,1.000,0,0,0,127,127,0,0,127,0.0,0.0,0.0,0.0,0.0,1.0,-1
"F[1,2](((DBP <= 61.163 -> SepsisLabel <= 0.687) & Hct <= 0.751) -> BaseExcess <= 0.600)
",0.000,-9999999.000,-9999999.000,0.000,1.000,0,0,0,127,127,0,0,127,0.0,0.0,0.0,0.0,0.0,1.0,-1
"F[2,2](Hgb <= 10.266 | Hct <= 13.813)
",4.500,13.813,13.813,0.000,1.000,0,0,0,127,127,0,0,127,0.0,0.0,0.0,0.0,0.0,1.0,-1
"F[0,2](((MAP <= 115.326 & PaCO2 <= 11.772) | WBC >= 2.848) & PTT <= 25.152)
",0.000,-9999999.000,-9999999.000,0.000,1.000,0,0,0,127,127,0,0,127,0.0,0.0,0.0,0.0,0.0,1.0,-1
"F[0,2]((PTT <= 8.086 & SBP <= 202.203) -> BUN <= 164.009)
",0.000,-9999999.000,-9999999.000,0.000,1.000,0,0,0,127,127,0,0,127,0.0,0.0,0.0,0.0,0.0,1.0,-1
"F[0,2](MAP <= 99.224 | PTT <= 11.120)
",0.000,-9999999.000,-9999999.000,0.000,1.000,0,0,0,127,127,0,0,127,0.0,0.0,0.0,0.0,0.0,1.0,-1
"F[1,2](((MAP >= 10.586 & Potassium >= 0.046) | Bilirubin_direct <= 2.830) -> Platelets <= 3.618)
",0.000,-9999999.000,-9999999.000,0.000,1.000,0,0,0,127,127,0,0,127,0.0,0.0,0.0,0.0,0.0,1.0,-1
"F[0,1](((Calcium < 3.513 & Potassium < 4.008) & Magnesium < 0.352) & Phosphate < 0.778)
",0.000,-9999999.000,-9999999.000,0.000,1.000,0,0,0,127,127,0,0,127,0.0,0.0,0.0,0.0,0.0,1.0,-1
"((MAP >= 44.623) U[0,2] (SBP <= 166.275))
",0.000,-9999999.000,-9999999.000,0.000,1.000,0,0,0,127,127,0,0,127,0.0,0.0,0.0,0.0,0.0,1.0,-1
"((Potassium >= 0.172) U[2,2] (SBP <= 183.654))
",0.000,183.654,183.654,0.000,1.000,0,0,0,127,127,0,0,127,0.0,0.0,0.0,0.0,0.0,1.0,-1
"F[2,2](((DBP <= 77.621 & Potassium >= 0.342) | HCO3 <= 3.929) & Glucose >= 0.402)
",3.500,-0.402,-0.402,0.000,1.000,0,0,0,127,127,0,0,127,0.0,0.0,0.0,0.0,0.0,1.0,-1
"F[2,2](((Hgb <= 4.064 -> Temp <= 26.498) | Alkalinephos <= 33.340) & Resp <= 35.334)
",-0.000,33.340,33.340,0.000,1.000,0,0,0,127,127,0,0,127,0.0,0.0,0.0,0.0,0.0,1.0,-1
"F[0,1]((Phosphate >= 0.039 & Magnesium > 0.017) -> Calcium < 5.125)
",0.000,-9999999.000,-9999999.000,0.000,1.000,0,0,0,127,127,0,0,127,0.0,0.0,0.0,0.0,0.0,1.0,-1
"F[2,2]((Hct >= 0.367 | HR >= 37.949) | PTT >= 56.160)
",-0.000,-0.367,-0.367,0.000,1.000,0,0,0,127,127,0,0,127,0.0,0.0,0.0,0.0,0.0,1.0,-1
"((SaO2 <= 36.475) U[0,2] (Temp <= 31.509))
",0.000,-9999999.000,-9999999.000,0.000,1.000,0,0,0,127,127,0,0,127,0.0,0.0,0.0,0.0,0.0,1.0,-1
"G[0,2]((PaCO2 <= 25.756 -> Phosphate >= 0.039) -> Glucose >= 0.077)
",0.000,9999999.000,9999999.000,1.000,0.000,0,0,119,8,8,119,119,8,0.0,0.0,1.0,0.0,0.0,1.0,1
"G[1,2]((Lactate >= 0.066 -> Magnesium >= 0.005) -> Creatinine <= 1.101)
",0.000,9999999.000,9999999.000,1.000,0.000,0,0,126,1,1,126,126,1,0.0,0.0,1.0,0.0,0.0,1.0,1
"G[1,2]((Creatinine >= 0.030 | PaCO2 >= 1.647) & PTT >= 1.350)
",0.000,9999999.000,9999999.000,1.000,0.000,0,0,1,126,126,1,1,126,0.0,0.0,1.0,0.0,0.0,1.0,1
"G[0,1]((Glucose >= 10.434 -> Magnesium <= 0.846) -> PTT >= 0.011)
",0.000,9999999.000,9999999.000,1.000,0.000,0,0,1,126,126,1,1,126,0.0,0.0,1.0,0.0,0.0,1.0,1
"G[0,1](Platelets <= 270.664 -> WBC >= 0.503)
",0.000,9999999.000,9999999.000,1.000,0.000,0,0,1,126,126,1,1,126,0.0,0.0,1.0,0.0,0.0,1.0,1
"G[0,1](((Hgb <= 8.011 & PTT <= 5.078) & BaseExcess <= 20.706) & Calcium >= 0.188)
",0.000,9999999.000,9999999.000,1.000,0.000,0,0,0,127,127,0,0,127,0.0,0.0,0.0,0.0,0.0,1.0,1
"G[0,2](BUN <= 6.864 & Creatinine >= 0.032)
",0.000,9999999.000,9999999.000,1.000,0.000,0,0,0,127,127,0,0,127,0.0,0.0,0.0,0.0,0.0,1.0,1
"G[1,2](AST <= 25.207 -> FiO2 <= 0.246)
",0.000,9999999.000,9999999.000,1.000,0.000,0,0,106,21,21,106,106,21,0.0,0.0,1.0,0.0,0.0,1.0,1
"G[2,2]((AST <= 11.311 -> Potassium >= 0.304) -> BUN >= 0.395)
",-3.000,0.395,0.395,1.000,0.000,0,0,127,0,0,127,127,0,0.0,0.0,1.0,0.0,0.0,1.0,1
"G[2,2](((BaseExcess >= -5.683 | Calcium >= 0.166) -> Hgb >= 0.029) -> Magnesium <= 7.512)
",7.000,-7.512,-7.512,1.000,0.000,0,0,127,0,0,127,127,0,0.0,0.0,1.0,0.0,0.0,1.0,1
"G[2,2](Hgb >= 0.162 | SaO2 <= 78.510)
",0.000,78.510,78.510,1.000,0.000,0,0,127,0,0,127,127,0,0.0,0.0,1.0,0.0,0.0,1.0,1
"G[0,2](DBP <= 54.822 | Phosphate >= 0.160)
",0.000,9999999.000,9999999.000,1.000,0.000,0,0,51,76,76,51,51,76,0.0,0.0,1.0,0.0,0.0,1.0,1
"G[0,2](((BUN >= 1.092 & Glucose <= 132.010) | MAP >= 1.853) -> pH <= 100.677)
",0.000,9999999.000,9999999.000,1.000,0.000,0,0,127,0,0,127,127,0,0.0,0.0,1.0,0.0,0.0,1.0,1
"G[0,1]((Glucose <= 47.399 -> Hct <= 12.399) -> Alkalinephos >= 0.898)
",0.000,9999999.000,9999999.000,1.000,0.000,0,0,0,127,127,0,0,127,0.0,0.0,0.0,0.0,0.0,1.0,1
"G[2,2]((Creatinine <= 0.299 -> Hct >= 0.981) | DBP <= 32.176)
",1.500,32.176,32.176,1.000,0.000,0,0,127,0,0,127,127,0,0.0,0.0,1.0,0.0,0.0,1.0,1
"G[2,2](((Hgb <= 5.834 | Hct <= 22.094) -> WBC >= 0.262) & Platelets >= 6.702)
",-4.000,-22.094,-22.094,1.000,0.000,0,0,127,0,0,127,127,0,0.0,0.0,1.0,0.0,0.0,1.0,1
"G[2,2](((Hgb <= 5.441 | Hct <= 31.942) -> WBC >= 0.592) & Platelets >= 6.852)
",9.000,-31.942,-31.942,1.000,0.000,0,0,127,0,0,127,127,0,0.0,0.0,1.0,0.0,0.0,1.0,1
"G[1,2](HCO3 <= 6.349 & Phosphate >= 0.154)
",0.000,9999999.000,9999999.000,1.000,0.000,0,0,1,126,126,1,1,126,0.0,0.0,1.0,0.0,0.0,1.0,1
"G[0,1](((BUN <= 29.429 | Creatinine >= 0.045) -> Platelets <= 1.104) & AST >= 0.046)
",0.000,9999999.000,9999999.000,1.000,0.000,0,0,0,127,127,0,0,127,0.0,0.0,0.0,0.0,0.0,1.0,1
"G[2,2](((Chloride <= 45.777 & Phosphate <= 2.979) & Phosphate <= 3.059) -> pH >= 0.071)
",-8.000,-2.979,-2.979,1.000,0.000,0,0,127,0,0,127,127,0,0.0,0.0,1.0,0.0,0.0,1.0,1
"G[0,2](BUN <= 33.583 & Creatinine >= 0.023)
",0.000,9999999.000,9999999.000,1.000,0.000,0,0,0,127,127,0,0,127,0.0,0.0,0.0,0.0,0.0,1.0,1
"G[1,2](((Hgb <= 8.232 & WBC <= 9.882) | PaCO2 <= 12.126) -> pH <= 17.850)
",0.000,9999999.000,9999999.000,1.000,0.000,0,0,127,0,0,127,127,0,0.0,0.0,1.0,0.0,0.0,1.0,1
"G[0,1](((Alkalinephos >= 0.020 -> AST <= 34.754) -> TroponinI >= 0.112) & MAP >= 0.051)
",0.000,9999999.000,9999999.000,1.000,0.000,0,0,0,127,127,0,0,127,0.0,0.0,0.0,0.0,0.0,1.0,1
"G[1,1](Bilirubin_total < 0.000 & SepsisLabel = 0.826)
",-9.000,-0.826,-0.826,1.000,0.000,0,0,1,126,126,1,1,126,0.0,0.0,1.0,0.0,0.0,1.0,1
"G[0,2](PaCO2 > 2.680 & SepsisLabel = 0.646)
",0.000,9999999.000,9999999.000,1.000,0.000,0,0,0,127,127,0,0,127,0.0,0.0,0.0,0.0,0.0,1.0,1
"G[0,2](((BUN >= 0.268 -> Phosphate <= 2.343) & Phosphate <= 0.732) -> Hgb >= 0.018)
",0.000,9999999.000,9999999.000,1.000,0.000,0,0,1,126,126,1,1,126,0.0,0.0,1.0,0.0,0.0,1.0,1
"G[1,2](Hct <= 12.705 & PTT >= 0.086)
",0.000,9999999.000,9999999.000,1.000,0.000,0,0,1,126,126,1,1,126,0.0,0.0,1.0,0.0,0.0,1.0,1
"G[2,2](Platelets <= 214.903 -> WBC >= 0.349)
",13.000,-214.903,-214.903,1.000,0.000,0,0,127,0,0,127,127,0,0.0,0.0,1.0,0.0,0.0,1.0,1
"G[0,2]((HCO3 >= 1.363 | PaCO2 >= 4.258) -> Alkalinephos >= 2.301)
",0.000,9999999.000,9999999.000,1.000,0.000,0,0,94,33,33,94,94,33,0.0,0.0,1.0,0.0,0.0,1.0,1
"G[0,2](((Creatinine >= 0.003 & SaO2 >= 3.895) -> FiO2 <= 54.192) | Bilirubin_direct >= 1.487)
",0.000,9999999.000,9999999.000,1.000,0.000,0,0,127,0,0,127,127,0,0.0,0.0,1.0,0.0,0.0,1.0,1
"G[0,2](BUN <= 8.524 & Creatinine >= 0.043)
",0.000,9999999.000,9999999.000,1.000,0.000,0,0,0,127,127,0,0,127,0.0,0.0,0.0,0.0,0.0,1.0,1
"G[1,2](((DBP <= 146.188 -> Resp <= 28.917) & PTT <= 32.912) -> AST <= 22.625)
",0.000,9999999.000,9999999.000,1.000,0.000,0,0,126,1,1,126,126,1,0.0,0.0,1.0,0.0,0.0,1.0,1
"G[0,1](((Lactate <= 1.007 -> Platelets <= 162.529) & SBP <= 299.366) -> Hct >= 8.322)
",0.000,9999999.000,9999999.000,1.000,0.000,0,0,1,126,126,1,1,126,0.0,0.0,1.0,0.0,0.0,1.0,1
"G[0,2]((BUN >= 0.022 | Lactate <= 2.071) | FiO2 >= 0.003)
",0.000,9999999.000,9999999.000,1.000,0.000,0,0,126,1,1,126,126,1,0.0,0.0,1.0,0.0,0.0,1.0,1
"G[1,2](Lactate <= 0.296 & pH <= 3.365)
",0.000,9999999.000,9999999.000,1.000,0.000,0,0,109,18,18,109,109,18,0.0,0.0,1.0,0.0,0.0,1.0,1
"G[1,2](Chloride >= 0.236 & HCO3 >= 0.675)
",0.000,9999999.000,9999999.000,1.000,0.000,0,0,8,119,119,8,8,119,0.0,0.0,1.0,0.0,0.0,1.0,1
"G[0,2](((Glucose <= 101.910 & Lactate <= 0.217) & WBC >= 0.047) | SepsisLabel >= 0.032)
",0.000,9999999.000,9999999.000,1.000,0.000,0,0,5,122,122,5,5,122,0.0,0.0,1.0,0.0,0.0,1.0,1
"G[0,1](Glucose >= 8.397 & SaO2 >= 4.256)
",0.000,9999999.000,9999999.000,1.000,0.000,0,0,0,127,127,0,0,127,0.0,0.0,0.0,0.0,0.0,1.0,1
"G[0,2](((Glucose >= 10.414 & HCO3 <= 9.205) & MAP >= 1.255) -> Bilirubin_total >= 1.035)
",0.000,9999999.000,9999999.000,1.000,0.000,0,0,107,20,20,107,107,20,0.0,0.0,1.0,0.0,0.0,1.0,1
"G[0,2]((FiO2 <= 0.569 & Temp <= 31.773) | Lactate >= 14.729)
",0.000,9999999.000,9999999.000,1.000,0.000,0,0,43,84,84,43,43,84,0.0,0.0,1.0,0.0,0.0,1.0,1
"G[1,2](Chloride >= 4.458 & HCO3 >= 0.043)
",0.000,9999999.000,9999999.000,1.000,0.000,0,0,8,119,119,8,8,119,0.0,0.0,1.0,0.0,0.0,1.0,1
"G[1,2](Alkalinephos <= 54.147 & BaseExcess <= 4.981)
",0.000,9999999.000,9999999.000,1.000,0.000,0,0,125,2,2,125,125,2,0.0,0.0,1.0,0.0,0.0,1.0,1
"G[0,2](((pH >= 0.101 | PTT >= 0.105) & DBP <= 4.585) | Lactate <= 19.774)
",0.000,9999999.000,9999999.000,1.000,0.000,0,0,127,0,0,127,127,0,0.0,0.0,1.0,0.0,0.0,1.0,1
"G[1,1](((DBP >= 42.848 -> WBC <= 16.438) & Bilirubin_total >= 0.607) & EtCO2 >= 0.680)
",14.000,-16.438,-16.438,1.000,0.000,0,0,1,126,126,1,1,126,0.0,0.0,1.0,0.0,0.0,1.0,1
"G[1,2]((PaCO2 >= 0.098 -> PTT >= 0.105) | EtCO2 <= 11.686)
",0.000,9999999.000,9999999.000,1.000,0.000,0,0,127,0,0,127,127,0,0.0,0.0,1.0,0.0,0.0,1.0,1
"G[0,2](Glucose >= 7.037 -> O2Sat <= 99.949)
",0.000,9999999.000,9999999.000,1.000,0.000,0,0,118,9,9,118,118,9,0.0,0.0,1.0,0.0,0.0,1.0,1
"G[2,2](MAP <= 83.739 -> Temp >= 4.418)
",-11.000,-83.739,-83.739,1.000,0.000,0,0,127,0,0,127,127,0,0.0,0.0,1.0,0.0,0.0,1.0,1
"G[0,2](((Potassium >= 0.049 | PTT >= 0.099) & Resp <= 4.940) | FiO2 >= 0.081)
",0.000,9999999.000,9999999.000,1.000,0.000,0,0,3,124,124,3,3,124,0.0,0.0,1.0,0.0,0.0,1.0,1
"G[0,1](((Hgb <= 8.135 | Hct <= 35.730) -> WBC >= 0.229) & Platelets >= 16.014)
",0.000,9999999.000,9999999.000,1.000,0.000,0,0,1,126,126,1,1,126,0.0,0.0,1.0,0.0,0.0,1.0,1
"G[0,2](DBP <= 142.723 & Hct <= 12.863)
",0.000,9999999.000,9999999.000,1.000,0.000,0,0,110,17,17,110,110,17,0.0,0.0,1.0,0.0,0.0,1.0,1
"G[0,2]((DBP <= 97.842 -> Platelets >= 14.781) & Bilirubin_total <= 250.551)
",0.000,9999999.000,9999999.000,1.000,0.000,0,0,1,126,126,1,1,126,0.0,0.0,1.0,0.0,0.0,1.0,1
"G[0,2]((Fibrinogen >= 1.626 & WBC <= 17.282) -> Bilirubin_total >= 0.296)
",0.000,9999999.000,9999999.000,1.000,0.000,0,0,126,1,1,126,126,1,0.0,0.0,1.0,0.0,0.0,1.0,1
"F[0,1](Hgb <= 2.657 | Hct <= 34.009)
",0.000,-9999999.000,-9999999.000,0.000,1.000,0,0,0,127,127,0,0,127,0.0,0.0,0.0,0.0,0.0,1.0,-1
