Rule,Discrimination Score,Pos Robustness,Neg Robustness,Percent Class +,Percent Class -,TP,TN,FP,FN,Actual Yes,Actual No,Predicted Yes,Predicted No,TPR/Sens,TNR/Spec,FPR,Precision,Accuracy,MCR
"F[0,0]((WBC >= 0.052 | Phosphate >= 0.026) & O2Sat <= 1.991)
",-19.505,-72.393,0.000,0.000,1.000,27,0,0,0,27,0,27,0,1.0,0,0,1.0,1.0188679245283019,-0.018867924528301883
"F[0,0](((BUN <= 6.186 | SBP >= 103.554) -> PTT >= 95.757) & Resp >= 10.298)
",-6965089532973988.000,-6.186,0.000,0.000,1.000,27,0,0,0,27,0,27,0,1.0,0,0,1.0,1.0188679245283019,-0.018867924528301883
"F[0,0]((SaO2 <= 0.000 | PaCO2 >= 0.335) & Fibrinogen >= 1.486)
",-0.426,-0.886,0.000,0.000,1.000,27,0,0,0,27,0,27,0,1.0,0,0,1.0,1.0188679245283019,-0.018867924528301883
"F[0,0](((Calcium >= 0.427 & MAP <= 67.872) | Bilirubin_total >= 18.506) & Alkalinephos <= 67.694)
",-13.625,-17.945,0.000,0.000,1.000,27,0,0,0,27,0,27,0,1.0,0,0,1.0,1.0188679245283019,-0.018867924528301883
"F[0,0]((Calcium <= 6.617 & Potassium <= 1.412) & Magnesium >= 0.182)
",-0.696,-0.197,0.000,0.000,1.000,27,0,0,0,27,0,27,0,1.0,0,0,1.0,1.0188679245283019,-0.018867924528301883
"F[0,0](WBC <= 4.918 & Hgb >= 0.479)
",-0.044,-0.064,0.000,0.000,1.000,27,0,0,0,27,0,27,0,1.0,0,0,1.0,1.0188679245283019,-0.018867924528301883
"F[0,1]((Magnesium <= 1.091 & O2Sat <= 94.280) & Calcium >= 79.790)
",-9999999.000,-9999999.000,0.000,0.000,1.000,26,0,0,1,27,0,26,1,0.9629629629629629,0,0,1.0,0.9811320754716981,0.018867924528301883
"((Bilirubin_direct > 0.000) U[1,1] (SepsisLabel = 0.000))
",0.000,0.000,0.000,0.000,1.000,26,0,0,1,27,0,26,1,0.9629629629629629,0,0,1.0,0.9811320754716981,0.018867924528301883
"((Fibrinogen > 0.000) U[1,2] (SepsisLabel = 0.000))
",-9999999.000,-9999999.000,0.000,0.000,1.000,26,0,0,1,27,0,26,1,0.9629629629629629,0,0,1.0,0.9811320754716981,0.018867924528301883
"((SaO2 > 0.000) U[1,2] (SepsisLabel = 0.000))
",-9999999.000,-9999999.000,0.000,0.000,1.000,26,0,0,1,27,0,26,1,0.9629629629629629,0,0,1.0,0.9811320754716981,0.018867924528301883
"((PTT < 0.000) U[1,1] (SepsisLabel = 0.000))
",0.000,0.000,0.000,0.000,1.000,26,0,0,1,27,0,26,1,0.9629629629629629,0,0,1.0,0.9811320754716981,0.018867924528301883
"F[0,0](Lactate >= 0.005 & SepsisLabel = 0.000)
",-0.200,-12.197,0.000,0.000,1.000,26,0,0,1,27,0,26,1,0.9629629629629629,0,0,1.0,0.9811320754716981,0.018867924528301883
"F[1,1]((PTT >= 0.000 -> Calcium <= 0.534) & PaCO2 >= 0.423)
",-0.534,-0.534,0.000,0.000,1.000,26,0,0,1,27,0,26,1,0.9629629629629629,0,0,1.0,0.9811320754716981,0.018867924528301883
"F[1,1]((Glucose >= 1.975 | Resp >= 1.535) & SaO2 >= 0.493)
",-6913302635895876.000,-1.535,0.000,0.000,1.000,26,0,0,1,27,0,26,1,0.9629629629629629,0,0,1.0,0.9811320754716981,0.018867924528301883
"F[1,1]((BUN >= 0.267 -> MAP >= 26.649) & Potassium >= 57.937)
",-8153951158445442.000,-57.937,0.000,0.000,1.000,26,0,0,1,27,0,26,1,0.9629629629629629,0,0,1.0,0.9811320754716981,0.018867924528301883
"F[0,1]((Calcium <= 7.095 & Potassium <= 3.353) & Magnesium >= 0.134)
",-9999999.000,-9999999.000,0.000,0.000,1.000,26,0,0,1,27,0,26,1,0.9629629629629629,0,0,1.0,0.9811320754716981,0.018867924528301883
"F[1,1]((Resp >= 2.588 -> WBC <= 6.543) & Chloride >= 0.010)
",-6.543,-6.543,0.000,0.000,1.000,26,0,0,1,27,0,26,1,0.9629629629629629,0,0,1.0,0.9811320754716981,0.018867924528301883
"F[1,1]((HR <= 78.900 | Potassium >= 0.426) & FiO2 >= 0.296)
",-5329294568779932.000,-0.296,0.000,0.000,1.000,26,0,0,1,27,0,26,1,0.9629629629629629,0,0,1.0,0.9811320754716981,0.018867924528301883
"F[1,1]((Bilirubin_direct <= 0.000 | O2Sat <= 95.012) & Bilirubin_direct >= 77.337)
",-77.337,-77.337,0.000,0.000,1.000,26,0,0,1,27,0,26,1,0.9629629629629629,0,0,1.0,0.9811320754716981,0.018867924528301883
"F[1,1]((BUN <= 6.194 | O2Sat <= 98.813) -> HCO3 >= 34.109)
",-6953369047434602.000,-98.813,0.000,0.000,1.000,26,0,0,1,27,0,26,1,0.9629629629629629,0,0,1.0,0.9811320754716981,0.018867924528301883
"F[1,1](((HR >= 50.205 | PaCO2 >= 0.594) & Resp <= 6.036) & PaCO2 <= 30.903)
",-0.594,-0.594,0.000,0.000,1.000,26,0,0,1,27,0,26,1,0.9629629629629629,0,0,1.0,0.9811320754716981,0.018867924528301883
"F[1,1](((Hct <= 24.559 -> MAP <= 64.727) | PTT >= 7.271) & SBP <= 68.641)
",-8185972175003658.000,-7.271,0.000,0.000,1.000,26,0,0,1,27,0,26,1,0.9629629629629629,0,0,1.0,0.9811320754716981,0.018867924528301883
"((Magnesium >= 0.104) U[1,1] (Hct >= 0.628))
",-7477762854634974.000,-0.104,0.000,0.000,1.000,26,0,0,1,27,0,26,1,0.9629629629629629,0,0,1.0,0.9811320754716981,0.018867924528301883
"((Creatinine >= 0.015) U[1,2] (SBP >= 11.966))
",-9999999.000,-9999999.000,0.000,0.000,1.000,26,0,0,1,27,0,26,1,0.9629629629629629,0,0,1.0,0.9811320754716981,0.018867924528301883
"F[1,1]((Calcium <= 8.171 & Potassium <= 1.897) & Magnesium >= 0.061)
",-8843105168850775.000,-0.061,0.000,0.000,1.000,26,0,0,1,27,0,26,1,0.9629629629629629,0,0,1.0,0.9811320754716981,0.018867924528301883
"F[0,0]((SaO2 <= 0.000 -> PTT >= 0.000) -> SBP <= 0.000)
",0.000,0.000,0.000,0.000,1.000,25,0,0,2,27,0,25,2,0.9259259259259259,0,0,1.0,0.9433962264150944,0.05660377358490565
"F[0,0](((Calcium <= 0.571 | HR >= 34.948) & BUN <= 80.437) -> BUN >= 3.438)
",-80.437,-80.437,0.000,0.000,1.000,25,0,0,2,27,0,25,2,0.9259259259259259,0,0,1.0,0.9433962264150944,0.05660377358490565
"F[0,0](((Chloride <= 82.902 | Phosphate <= 1.208) -> MAP >= 0.050) & WBC >= 0.067)
",-9.045,-109.912,0.000,0.000,1.000,25,0,0,2,27,0,25,2,0.9259259259259259,0,0,1.0,0.9433962264150944,0.05660377358490565
"F[0,0](((pH >= 0.390 | WBC <= 1.331) -> Chloride >= 0.308) & Bilirubin_total <= 4.390)
",-1.067,-1.824,0.000,0.000,1.000,25,0,0,2,27,0,25,2,0.9259259259259259,0,0,1.0,0.9433962264150944,0.05660377358490565
"F[1,1](Lactate >= 0.017 | PaCO2 >= 0.250)
",-0.017,-0.017,0.000,0.000,1.000,25,0,0,2,27,0,25,2,0.9259259259259259,0,0,1.0,0.9433962264150944,0.05660377358490565
"((PaCO2 >= 1.582) U[1,1] (MAP <= 66.779))
",66.779,66.779,0.000,0.000,1.000,25,0,0,2,27,0,25,2,0.9259259259259259,0,0,1.0,0.9433962264150944,0.05660377358490565
"((HCO3 <= 5.724) U[0,1] (Creatinine >= 0.020))
",-9999999.000,-9999999.000,0.000,0.000,1.000,24,0,0,3,27,0,24,3,0.8888888888888888,0,0,1.0,0.9056603773584906,0.09433962264150941
"F[0,1](Glucose >= 3.671 & Hct <= 30.430)
",-9999999.000,-9999999.000,0.000,0.000,1.000,24,0,0,3,27,0,24,3,0.8888888888888888,0,0,1.0,0.9056603773584906,0.09433962264150941
"F[1,1](((Calcium >= 0.256 | BUN >= 0.056) & Magnesium <= 11.340) & MAP >= 0.742)
",-6685596771261199.000,-0.742,0.000,0.000,1.000,24,0,0,3,27,0,24,3,0.8888888888888888,0,0,1.0,0.9056603773584906,0.09433962264150941
"F[0,1]((Chloride >= 1.358 -> Platelets >= 8.982) & HCO3 >= 0.746)
",-9999999.000,-9999999.000,0.000,0.000,1.000,24,0,0,3,27,0,24,3,0.8888888888888888,0,0,1.0,0.9056603773584906,0.09433962264150941
"F[0,1]((Phosphate >= 0.062 -> Hct <= 12.266) -> Phosphate >= 0.228)
",-9999999.000,-9999999.000,0.000,0.000,1.000,24,0,0,3,27,0,24,3,0.8888888888888888,0,0,1.0,0.9056603773584906,0.09433962264150941
"F[0,1](((Glucose >= 0.406 | Magnesium >= 0.022) & Creatinine >= 0.033) | Alkalinephos >= 0.091)
",-9999999.000,-9999999.000,0.000,0.000,1.000,24,0,0,3,27,0,24,3,0.8888888888888888,0,0,1.0,0.9056603773584906,0.09433962264150941
"((Chloride >= 7.079) U[1,1] (Lactate <= 0.163))
",0.163,0.163,0.000,0.000,1.000,24,0,0,3,27,0,24,3,0.8888888888888888,0,0,1.0,0.9056603773584906,0.09433962264150941
"((HCO3 >= 1.096) U[1,1] (SepsisLabel = 0.000))
",0.000,0.000,0.000,0.000,1.000,24,0,0,3,27,0,24,3,0.8888888888888888,0,0,1.0,0.9056603773584906,0.09433962264150941
"F[1,1]((HCO3 <= 11.257 | Platelets >= 5.362) & pH >= 5.025)
",-5.025,-5.025,0.000,0.000,1.000,24,0,0,3,27,0,24,3,0.8888888888888888,0,0,1.0,0.9056603773584906,0.09433962264150941
"F[0,1]((BaseExcess >= 0.000 | Potassium >= 0.244) -> Phosphate >= 0.013)
",-9999999.000,-9999999.000,0.000,0.000,1.000,24,0,0,3,27,0,24,3,0.8888888888888888,0,0,1.0,0.9056603773584906,0.09433962264150941
"((DBP >= 2.179) U[0,1] (Platelets >= 8.863))
",-9999999.000,-9999999.000,0.000,0.000,1.000,24,0,0,3,27,0,24,3,0.8888888888888888,0,0,1.0,0.9056603773584906,0.09433962264150941
"((Bilirubin_total <= 0.000) U[1,1] (Chloride >= 5.453))
",0.000,0.000,0.000,0.000,1.000,24,0,0,3,27,0,24,3,0.8888888888888888,0,0,1.0,0.9056603773584906,0.09433962264150941
"F[0,1](((SepsisLabel <= 0.000 -> HR <= 73.560) | DBP >= 3.234) & O2Sat <= 77.473)
",-9999999.000,-9999999.000,0.000,0.000,1.000,24,0,0,3,27,0,24,3,0.8888888888888888,0,0,1.0,0.9056603773584906,0.09433962264150941
"F[0,1](AST >= 0.000 & Platelets >= 2.035)
",-9999999.000,-9999999.000,0.000,0.000,1.000,24,0,0,3,27,0,24,3,0.8888888888888888,0,0,1.0,0.9056603773584906,0.09433962264150941
"((FiO2 >= 0.000) U[0,1] (Calcium >= 0.087))
",-9999999.000,-9999999.000,0.000,0.000,1.000,23,0,0,4,27,0,23,4,0.8518518518518519,0,0,1.0,0.8679245283018868,0.13207547169811318
"F[0,1](((SBP >= 11.561 | Temp <= 30.547) -> Temp <= 16.875) & pH >= 6.748)
",-9999999.000,-9999999.000,0.000,0.000,1.000,23,0,0,4,27,0,23,4,0.8518518518518519,0,0,1.0,0.8679245283018868,0.13207547169811318
"F[0,0](DBP >= 32.497 -> Chloride >= 0.547)
",-4.598,-28.003,0.000,0.000,1.000,23,0,0,4,27,0,23,4,0.8518518518518519,0,0,1.0,0.8679245283018868,0.13207547169811318
"F[0,0](Potassium >= 0.119 & SepsisLabel = 0.000)
",-0.202,-12.307,0.000,0.000,1.000,23,0,0,4,27,0,23,4,0.8518518518518519,0,0,1.0,0.8679245283018868,0.13207547169811318
"((Chloride >= 4.858) U[1,2] (Creatinine <= 0.149))
",-9999999.000,-9999999.000,0.000,0.000,1.000,22,0,0,5,27,0,22,5,0.8148148148148148,0,0,1.0,0.8301886792452831,0.16981132075471694
"((BUN >= 0.724) U[0,1] (Potassium >= 0.262))
",-9999999.000,-9999999.000,0.000,0.000,1.000,19,0,0,8,27,0,19,8,0.7037037037037037,0,0,1.0,0.7169811320754716,0.28301886792452835
"F[0,1]((AST >= 0.000 & Magnesium >= 0.207) | Hgb >= 0.166)
",-9999999.000,-9999999.000,0.000,0.000,1.000,19,0,0,8,27,0,19,8,0.7037037037037037,0,0,1.0,0.7169811320754716,0.28301886792452835
"F[0,1]((Magnesium >= 0.271 & Resp <= 19.666) | Magnesium >= 5.066)
",-9999999.000,-9999999.000,0.000,0.000,1.000,19,0,0,8,27,0,19,8,0.7037037037037037,0,0,1.0,0.7169811320754716,0.28301886792452835
"((Phosphate <= 1.714) U[1,1] (Temp <= 17.880))
",17.880,17.880,0.000,0.000,1.000,13,0,0,14,27,0,13,14,0.48148148148148145,0,0,1.0,0.49056603773584906,0.5094339622641509
"((Calcium >= 0.286) U[0,1] (Temp >= 0.345))
",-9999999.000,-9999999.000,0.000,0.000,1.000,13,0,0,14,27,0,13,14,0.48148148148148145,0,0,1.0,0.49056603773584906,0.5094339622641509
"F[0,1](HR <= 73.775 & O2Sat <= 98.342)
",-9999999.000,-9999999.000,0.000,0.000,1.000,10,0,0,17,27,0,10,17,0.37037037037037035,0,0,1.0,0.37735849056603776,0.6226415094339622
"F[1,1]((DBP <= 43.947 & Hct <= 15.924) & HR >= 1.689)
",-7607440007652533.000,-1.689,0.000,0.000,1.000,10,0,0,17,27,0,10,17,0.37037037037037035,0,0,1.0,0.37735849056603776,0.6226415094339622
"F[0,1]((EtCO2 <= 0.000 & SBP <= 110.591) | Phosphate >= 95.185)
",-9999999.000,-9999999.000,0.000,0.000,1.000,7,0,0,20,27,0,7,20,0.25925925925925924,0,0,1.0,0.2641509433962264,0.7358490566037736
"F[0,0](((Calcium < 1.984 & Potassium < 2.728) & Magnesium < 2.136) & Phosphate < 1.040)
",0.992,0.728,0.000,0.000,1.000,5,0,0,22,27,0,5,22,0.18518518518518517,0,0,1.0,0.18867924528301888,0.8113207547169812
"F[0,0](((Calcium < 6.186 & Potassium < 3.485) & Magnesium < 0.616) & Phosphate < 1.516)
",1.075,0.443,0.000,0.000,1.000,5,0,0,22,27,0,5,22,0.18518518518518517,0,0,1.0,0.18867924528301888,0.8113207547169812
"F[0,0](((Calcium < 5.766 & Potassium < 2.505) & Magnesium < 0.957) & Phosphate < 1.464)
",1.310,0.723,0.000,0.000,1.000,5,0,0,22,27,0,5,22,0.18518518518518517,0,0,1.0,0.18867924528301888,0.8113207547169812
"((Glucose >= 0.078) U[1,2] (Potassium >= 0.215))
",-9999999.000,-9999999.000,0.000,0.000,1.000,4,0,0,23,27,0,4,23,0.14814814814814814,0,0,1.0,0.1509433962264151,0.8490566037735849
"((Potassium <= 1.843) U[1,2] (Resp >= 4.695))
",-9999999.000,-9999999.000,0.000,0.000,1.000,4,0,0,23,27,0,4,23,0.14814814814814814,0,0,1.0,0.1509433962264151,0.8490566037735849
"F[1,1](((Calcium < 5.660 & Potassium < 3.076) & Magnesium < 1.341) & Phosphate < 1.372)
",1.341,1.341,0.000,0.000,1.000,4,0,0,23,27,0,4,23,0.14814814814814814,0,0,1.0,0.1509433962264151,0.8490566037735849
"F[0,0]((Potassium <= 1.522 & Temp <= 29.086) | WBC >= 8.532)
",-8.532,-8.532,0.000,0.000,1.000,3,0,0,24,27,0,3,24,0.1111111111111111,0,0,1.0,0.11320754716981132,0.8867924528301887
"((DBP >= 22.809) U[1,1] (SBP <= 136.166))
",4790901687061777.000,136.166,0.000,0.000,1.000,3,0,0,24,27,0,3,24,0.1111111111111111,0,0,1.0,0.11320754716981132,0.8867924528301887
"((HR <= 79.493) U[1,2] (pH <= 3.449))
",-9999999.000,-9999999.000,0.000,0.000,1.000,3,0,0,24,27,0,3,24,0.1111111111111111,0,0,1.0,0.11320754716981132,0.8867924528301887
"((Lactate >= 0.011) U[1,2] (O2Sat <= 93.731))
",-9999999.000,-9999999.000,0.000,0.000,1.000,3,0,0,24,27,0,3,24,0.1111111111111111,0,0,1.0,0.11320754716981132,0.8867924528301887
"((MAP > 37.623) U[1,1] (SepsisLabel = 0.000))
",0.000,0.000,0.000,0.000,1.000,2,0,0,25,27,0,2,25,0.07407407407407407,0,0,1.0,0.07547169811320754,0.9245283018867925
"F[1,1]((Phosphate >= 0.097 & Magnesium > 0.139) -> Calcium < 5.296)
",-5.296,-5.296,0.000,0.000,1.000,2,0,0,25,27,0,2,25,0.07407407407407407,0,0,1.0,0.07547169811320754,0.9245283018867925
"F[1,1](Hgb <= 8.986 | Hct <= 14.303)
",14.303,14.303,0.000,0.000,1.000,2,0,0,25,27,0,2,25,0.07407407407407407,0,0,1.0,0.07547169811320754,0.9245283018867925
"((MAP >= 20.130) U[1,2] (SepsisLabel = 0.000))
",-9999999.000,-9999999.000,0.000,0.000,1.000,2,0,0,25,27,0,2,25,0.07407407407407407,0,0,1.0,0.07547169811320754,0.9245283018867925
"((Fibrinogen >= 0.000) U[0,0] (Chloride <= 89.528))
",41.440,88.909,0.000,0.000,1.000,2,0,0,25,27,0,2,25,0.07407407407407407,0,0,1.0,0.07547169811320754,0.9245283018867925
"((HCO3 <= 7.635) U[1,1] (MAP >= 27.244))
",8596162707306206.000,7.635,0.000,0.000,1.000,2,0,0,25,27,0,2,25,0.07407407407407407,0,0,1.0,0.07547169811320754,0.9245283018867925
"F[0,1]((HCO3 >= 0.461 | Potassium <= 3.228) & Temp <= 3.442)
",-9999999.000,-9999999.000,0.000,0.000,1.000,2,0,0,25,27,0,2,25,0.07407407407407407,0,0,1.0,0.07547169811320754,0.9245283018867925
"F[1,1](((Alkalinephos >= 0.000 | Bilirubin_direct <= 0.000) & Hgb <= 0.000) -> Magnesium <= 0.000)
",0.000,0.000,0.000,0.000,1.000,2,0,0,25,27,0,2,25,0.07407407407407407,0,0,1.0,0.07547169811320754,0.9245283018867925
"F[1,1]((TroponinI <= 0.000 & MAP <= 71.162) & HR >= 33.504)
",-33.504,-33.504,0.000,0.000,1.000,2,0,0,25,27,0,2,25,0.07407407407407407,0,0,1.0,0.07547169811320754,0.9245283018867925
"F[0,0](((Lactate >= 0.022 | Phosphate >= 0.041) | Magnesium <= 2.071) & O2Sat >= 0.073)
",0.395,7.678,0.000,0.000,1.000,2,0,0,25,27,0,2,25,0.07407407407407407,0,0,1.0,0.07547169811320754,0.9245283018867925
"F[1,1](((DBP <= 46.791 -> Temp >= 5.733) | Platelets <= 18.584) & PaCO2 <= 24.780)
",18.584,18.584,0.000,0.000,1.000,2,0,0,25,27,0,2,25,0.07407407407407407,0,0,1.0,0.07547169811320754,0.9245283018867925
"((HCO3 >= 1.738) U[0,1] (Magnesium <= 1.762))
",-9999999.000,-9999999.000,0.000,0.000,1.000,1,0,0,26,27,0,1,26,0.037037037037037035,0,0,1.0,0.03773584905660377,0.9622641509433962
"F[1,1]((HCO3 <= 20.671 -> PaCO2 >= 0.730) -> pH <= 7.195)
",-8100791119709922.000,-7.195,0.000,0.000,1.000,1,0,0,26,27,0,1,26,0.037037037037037035,0,0,1.0,0.03773584905660377,0.9622641509433962
"F[0,0]((Resp <= 17.889 & Phosphate <= 0.127) -> PaCO2 <= 1.431)
",-0.440,-0.864,0.000,0.000,1.000,1,0,0,26,27,0,1,26,0.037037037037037035,0,0,1.0,0.03773584905660377,0.9622641509433962
"((MAP >= 3.282) U[1,2] (SBP <= 128.059))
",-9999999.000,-9999999.000,0.000,0.000,1.000,1,0,0,26,27,0,1,26,0.037037037037037035,0,0,1.0,0.03773584905660377,0.9622641509433962
"((MAP >= 0.278) U[0,0] (MAP <= 70.433))
",9.027,109.684,0.000,0.000,1.000,1,0,0,26,27,0,1,26,0.037037037037037035,0,0,1.0,0.03773584905660377,0.9622641509433962
"F[0,0](BUN >= 0.758 -> pH >= 0.540)
",4860671803214395.000,0.540,0.000,0.000,1.000,1,0,0,26,27,0,1,26,0.037037037037037035,0,0,1.0,0.03773584905660377,0.9622641509433962
"((Temp <= 11.889) U[1,2] (SepsisLabel <= 0.000))
",-9999999.000,-9999999.000,0.000,0.000,1.000,1,0,0,26,27,0,1,26,0.037037037037037035,0,0,1.0,0.03773584905660377,0.9622641509433962
"((MAP >= 7.777) U[1,2] (SBP <= 131.314))
",-9999999.000,-9999999.000,0.000,0.000,1.000,1,0,0,26,27,0,1,26,0.037037037037037035,0,0,1.0,0.03773584905660377,0.9622641509433962
"F[0,1](((Calcium < 0.987 & Potassium < 3.171) & Magnesium < 1.083) & Phosphate < 2.065)
",-9999999.000,-9999999.000,0.000,0.000,1.000,1,0,0,26,27,0,1,26,0.037037037037037035,0,0,1.0,0.03773584905660377,0.9622641509433962
"F[0,0](pH >= 0.072 | Chloride <= 31.250)
",14.277,30.631,0.000,0.000,1.000,1,0,0,26,27,0,1,26,0.037037037037037035,0,0,1.0,0.03773584905660377,0.9622641509433962
"F[0,1](((Calcium < 4.517 & Potassium < 2.049) & Magnesium < 1.722) & Phosphate < 2.300)
",-9999999.000,-9999999.000,0.000,0.000,1.000,1,0,0,26,27,0,1,26,0.037037037037037035,0,0,1.0,0.03773584905660377,0.9622641509433962
"F[1,1](BUN <= 11.737 & HR >= 48.138)
",-6774763811318588.000,-48.138,0.000,0.000,1.000,1,0,0,26,27,0,1,26,0.037037037037037035,0,0,1.0,0.03773584905660377,0.9622641509433962
"F[0,0]((O2Sat <= 95.937 | PaCO2 <= 50.213) & pH <= 31.028)
",31.028,31.028,0.000,0.000,1.000,1,0,0,26,27,0,1,26,0.037037037037037035,0,0,1.0,0.03773584905660377,0.9622641509433962
"((MAP >= 28.268) U[1,2] (SBP <= 127.383))
",-9999999.000,-9999999.000,0.000,0.000,1.000,1,0,0,26,27,0,1,26,0.037037037037037035,0,0,1.0,0.03773584905660377,0.9622641509433962
"((MAP >= 17.687) U[1,2] (SBP <= 115.059))
",-9999999.000,-9999999.000,0.000,0.000,1.000,1,0,0,26,27,0,1,26,0.037037037037037035,0,0,1.0,0.03773584905660377,0.9622641509433962
"F[0,1]((DBP <= 48.574 -> Phosphate <= 2.285) -> Potassium <= 0.610)
",-9999999.000,-9999999.000,0.000,0.000,1.000,1,0,0,26,27,0,1,26,0.037037037037037035,0,0,1.0,0.03773584905660377,0.9622641509433962
"F[1,1](((TroponinI >= 0.000 & FiO2 <= 0.000) | Bilirubin_total >= 0.000) -> PaCO2 <= 0.000)
",0.000,0.000,0.000,0.000,1.000,1,0,0,26,27,0,1,26,0.037037037037037035,0,0,1.0,0.03773584905660377,0.9622641509433962
"F[0,1](((Calcium < 7.341 & Potassium < 3.493) & Magnesium < 1.933) & Phosphate < 2.444)
",-9999999.000,-9999999.000,0.000,0.000,1.000,1,0,0,26,27,0,1,26,0.037037037037037035,0,0,1.0,0.03773584905660377,0.9622641509433962
"F[0,0](Resp >= 9.829 -> Temp <= 21.901)
",-7.112,-32.825,0.000,0.000,1.000,1,0,0,26,27,0,1,26,0.037037037037037035,0,0,1.0,0.03773584905660377,0.9622641509433962
"F[1,2](((MAP <= 68.596 & Phosphate <= 1.606) | Fibrinogen >= 0.028) & Fibrinogen >= 0.068)
",-9999999.000,-9999999.000,0.000,0.000,1.000,0,0,0,27,27,0,0,27,0.0,0,0,0.0,0.0,1.0
"F[1,1]((Magnesium >= 0.149 & TroponinI >= 0.000) -> AST <= 0.000)
",0.000,0.000,0.000,0.000,1.000,0,0,0,27,27,0,0,27,0.0,0,0,0.0,0.0,1.0
"F[1,2](((PaCO2 <= 22.292 -> MAP <= 72.951) | BaseExcess >= 2.750) -> SepsisLabel >= 56.329)
",-9999999.000,-9999999.000,0.000,0.000,1.000,0,0,0,27,27,0,0,27,0.0,0,0,0.0,0.0,1.0
"F[0,1](PaCO2 >= 1.532 -> EtCO2 <= 0.000)
",-9999999.000,-9999999.000,0.000,0.000,1.000,0,0,0,27,27,0,0,27,0.0,0,0,0.0,0.0,1.0
"F[0,0]((PaCO2 <= 30.362 & SBP <= 135.038) | Resp <= 131.145)
",19.172,88.491,0.000,0.000,1.000,0,0,0,27,27,0,0,27,0.0,0,0,0.0,0.0,1.0
"F[0,1]((Bilirubin_direct <= 0.000 & Fibrinogen <= 0.000) | DBP <= 0.000)
",-9999999.000,-9999999.000,0.000,0.000,1.000,0,0,0,27,27,0,0,27,0.0,0,0,0.0,0.0,1.0
"F[0,0](((AST >= 0.000 | HR >= 61.789) & SepsisLabel >= 65.138) -> FiO2 >= 13.694)
",0.049,2.481,0.000,0.000,1.000,0,0,0,27,27,0,0,27,0.0,0,0,0.0,0.0,1.0
"F[0,2](((Creatinine <= 0.111 & MAP >= 53.590) | HR >= 8.753) -> SepsisLabel <= 71.733)
",-9999999.000,-9999999.000,0.000,0.000,1.000,0,0,0,27,27,0,0,27,0.0,0,0,0.0,0.0,1.0
"F[1,2]((SBP >= 77.503 & Lactate >= 0.024) | Potassium <= 0.614)
",-9999999.000,-9999999.000,0.000,0.000,1.000,0,0,0,27,27,0,0,27,0.0,0,0,0.0,0.0,1.0
"F[2,2](((pH >= 0.173 & Temp >= 9.605) -> HR >= 3.220) -> pH <= 13.635)
",-7676083691397911.000,-13.635,0.000,0.000,1.000,0,0,0,27,27,0,0,27,0.0,0,0,0.0,0.0,1.0
"F[0,2](((Creatinine <= 0.265 | SBP >= 1.202) & Temp <= 122.883) & WBC <= 110.469)
",-9999999.000,-9999999.000,0.000,0.000,1.000,0,0,0,27,27,0,0,27,0.0,0,0,0.0,0.0,1.0
"F[1,2](((Hct >= 1.175 | Fibrinogen >= 0.000) & Calcium <= 0.000) & pH <= 0.000)
",-9999999.000,-9999999.000,0.000,0.000,1.000,0,0,0,27,27,0,0,27,0.0,0,0,0.0,0.0,1.0
"F[2,2](Glucose >= 3.862 | MAP <= 59.084)
",8315297443369246.000,59.084,0.000,0.000,1.000,0,0,0,27,27,0,0,27,0.0,0,0,0.0,0.0,1.0
"F[2,2](WBC <= 7.119 -> Magnesium >= 0.161)
",-8015702043898934.000,-7.119,0.000,0.000,1.000,0,0,0,27,27,0,0,27,0.0,0,0,0.0,0.0,1.0
"F[0,2](((Lactate <= 0.720 -> SBP >= 88.671) & Glucose <= 112.665) & FiO2 >= 0.947)
",-9999999.000,-9999999.000,0.000,0.000,1.000,0,0,0,27,27,0,0,27,0.0,0,0,0.0,0.0,1.0
"F[1,2]((Hgb <= 1.395 & SBP <= 117.192) | BaseExcess >= 64.631)
",-9999999.000,-9999999.000,0.000,0.000,1.000,0,0,0,27,27,0,0,27,0.0,0,0,0.0,0.0,1.0
"F[1,2](((MAP >= 33.755 | FiO2 >= 0.000) & Hgb <= 0.000) -> Glucose >= 0.000)
",-9999999.000,-9999999.000,0.000,0.000,1.000,0,0,0,27,27,0,0,27,0.0,0,0,0.0,0.0,1.0
"F[0,2](((HCO3 <= 22.572 | Phosphate >= 0.099) | Bilirubin_direct <= 1.020) | PTT >= 0.092)
",-9999999.000,-9999999.000,0.000,0.000,1.000,0,0,0,27,27,0,0,27,0.0,0,0,0.0,0.0,1.0
"((BaseExcess <= 0.000) U[0,0] (Glucose <= 45.347))
",45.347,45.347,0.000,0.000,1.000,0,0,0,27,27,0,0,27,0.0,0,0,0.0,0.0,1.0
"((FiO2 >= 0.000) U[0,1] (FiO2 >= 0.000))
",-9999999.000,-9999999.000,0.000,0.000,1.000,0,0,0,27,27,0,0,27,0.0,0,0,0.0,0.0,1.0
"((Hgb <= 1.248) U[2,2] (SepsisLabel >= 0.000))
",1.248,1.248,0.000,0.000,1.000,0,0,0,27,27,0,0,27,0.0,0,0,0.0,0.0,1.0
"F[0,2](PaCO2 >= 1.425 -> Alkalinephos <= 0.000)
",-9999999.000,-9999999.000,0.000,0.000,1.000,0,0,0,27,27,0,0,27,0.0,0,0,0.0,0.0,1.0
"F[0,1](Hgb <= 0.874 -> Creatinine <= 0.328)
",-9999999.000,-9999999.000,0.000,0.000,1.000,0,0,0,27,27,0,0,27,0.0,0,0,0.0,0.0,1.0
"F[0,2](((PaCO2 >= 0.985 -> Bilirubin_direct >= 0.000) & Temp >= 0.000) & Resp <= 0.000)
",-9999999.000,-9999999.000,0.000,0.000,1.000,0,0,0,27,27,0,0,27,0.0,0,0,0.0,0.0,1.0
"F[0,2](BUN <= 2.506 & Hct <= 6.539)
",-9999999.000,-9999999.000,0.000,0.000,1.000,0,0,0,27,27,0,0,27,0.0,0,0,0.0,0.0,1.0
"F[0,1]((Calcium <= 6.669 | Hct >= 1.858) & Calcium <= 23.463)
",-9999999.000,-9999999.000,0.000,0.000,1.000,0,0,0,27,27,0,0,27,0.0,0,0,0.0,0.0,1.0
"F[2,2]((DBP <= 47.825 | Glucose <= 5.533) -> Fibrinogen <= 60.192)
",-60.192,-60.192,0.000,0.000,1.000,0,0,0,27,27,0,0,27,0.0,0,0,0.0,0.0,1.0
"((Platelets <= 272.009) U[0,2] (Magnesium >= 0.261))
",-9999999.000,-9999999.000,0.000,0.000,1.000,0,0,0,27,27,0,0,27,0.0,0,0,0.0,0.0,1.0
"F[0,2](((PTT <= 0.000 & Bilirubin_direct >= 0.000) & Calcium <= 0.000) -> Bilirubin_total <= 0.000)
",-9999999.000,-9999999.000,0.000,0.000,1.000,0,0,0,27,27,0,0,27,0.0,0,0,0.0,0.0,1.0
"F[1,2](SepsisLabel <= 0.000 -> HCO3 <= 3.800)
",-9999999.000,-9999999.000,0.000,0.000,1.000,0,0,0,27,27,0,0,27,0.0,0,0,0.0,0.0,1.0
"F[0,2](((Calcium >= 0.163 -> AST >= 0.000) | Resp >= 0.000) & HR <= 0.000)
",-9999999.000,-9999999.000,0.000,0.000,1.000,0,0,0,27,27,0,0,27,0.0,0,0,0.0,0.0,1.0
"F[0,2](((TroponinI <= 0.000 -> Calcium <= 4.277) -> Hct <= 8.162) & Hgb <= 1.304)
",-9999999.000,-9999999.000,0.000,0.000,1.000,0,0,0,27,27,0,0,27,0.0,0,0,0.0,0.0,1.0
"F[0,1]((Platelets <= 288.469 & AST >= 0.000) | WBC >= 0.000)
",-9999999.000,-9999999.000,0.000,0.000,1.000,0,0,0,27,27,0,0,27,0.0,0,0,0.0,0.0,1.0
"F[2,2](((Bilirubin_direct <= 0.000 | Glucose >= 4.069) -> Calcium <= 68.448) & PTT >= 0.409)
",-68.448,-68.448,0.000,0.000,1.000,0,0,0,27,27,0,0,27,0.0,0,0,0.0,0.0,1.0
"F[1,2](Platelets >= 5.262 -> Platelets <= 205.252)
",-9999999.000,-9999999.000,0.000,0.000,1.000,0,0,0,27,27,0,0,27,0.0,0,0,0.0,0.0,1.0
"F[0,1](Bilirubin_total >= 0.000 -> BaseExcess >= 0.000)
",-9999999.000,-9999999.000,0.000,0.000,1.000,0,0,0,27,27,0,0,27,0.0,0,0,0.0,0.0,1.0
"F[0,2]((Hct >= 0.006 & DBP >= 30.991) | EtCO2 >= 21.470)
",-9999999.000,-9999999.000,0.000,0.000,1.000,0,0,0,27,27,0,0,27,0.0,0,0,0.0,0.0,1.0
"F[0,2](Bilirubin_direct <= 0.000 & Hgb >= 0.553)
",-9999999.000,-9999999.000,0.000,0.000,1.000,0,0,0,27,27,0,0,27,0.0,0,0,0.0,0.0,1.0
"((PaCO2 >= 0.728) U[0,2] (Hgb <= 1.337))
",-9999999.000,-9999999.000,0.000,0.000,1.000,0,0,0,27,27,0,0,27,0.0,0,0,0.0,0.0,1.0
"((SBP >= 96.666) U[0,2] (Glucose <= 64.847))
",-9999999.000,-9999999.000,0.000,0.000,1.000,0,0,0,27,27,0,0,27,0.0,0,0,0.0,0.0,1.0
"((SaO2 >= 0.000) U[0,0] (Bilirubin_total <= 0.000))
",0.200,1.769,0.000,0.000,1.000,0,0,0,27,27,0,0,27,0.0,0,0,0.0,0.0,1.0
"((EtCO2 >= 0.000) U[1,2] (Hct <= 22.674))
",-9999999.000,-9999999.000,0.000,0.000,1.000,0,0,0,27,27,0,0,27,0.0,0,0,0.0,0.0,1.0
"F[2,2](((Alkalinephos >= 0.000 | SepsisLabel >= 0.000) -> Platelets <= 0.000) | Magnesium >= 0.000)
",0.000,0.000,0.000,0.000,1.000,0,0,0,27,27,0,0,27,0.0,0,0,0.0,0.0,1.0
"F[0,2](((Hct >= 1.133 -> Resp <= 24.382) | SBP >= 8.902) & HCO3 <= 23.101)
",-9999999.000,-9999999.000,0.000,0.000,1.000,0,0,0,27,27,0,0,27,0.0,0,0,0.0,0.0,1.0
"((Creatinine >= 0.024) U[0,1] (O2Sat >= 76.942))
",-9999999.000,-9999999.000,0.000,0.000,1.000,0,0,0,27,27,0,0,27,0.0,0,0,0.0,0.0,1.0
"F[0,1]((Hgb >= 0.735 | SaO2 <= 0.000) | Platelets <= 0.000)
",-9999999.000,-9999999.000,0.000,0.000,1.000,0,0,0,27,27,0,0,27,0.0,0,0,0.0,0.0,1.0
"F[2,2](((Platelets >= 9.540 | PaCO2 >= 1.701) -> Potassium <= 26.901) | O2Sat >= 1.364)
",-6144656896535196.000,-1.364,0.000,0.000,1.000,0,0,0,27,27,0,0,27,0.0,0,0,0.0,0.0,1.0
"F[1,1](((Temp <= 14.035 -> Creatinine <= 0.075) | Chloride <= 0.601) -> HCO3 <= 0.320)
",-0.601,-0.601,0.000,0.000,1.000,0,0,0,27,27,0,0,27,0.0,0,0,0.0,0.0,1.0
"F[1,2](PTT <= 0.000 | Lactate <= 0.613)
",-9999999.000,-9999999.000,0.000,0.000,1.000,0,0,0,27,27,0,0,27,0.0,0,0,0.0,0.0,1.0
"((MAP <= 64.645) U[2,2] (BaseExcess >= 0.000))
",64.645,64.645,0.000,0.000,1.000,0,0,0,27,27,0,0,27,0.0,0,0,0.0,0.0,1.0
"F[0,2]((SBP >= 15.307 | Fibrinogen >= 0.000) | Bilirubin_direct >= 0.000)
",-9999999.000,-9999999.000,0.000,0.000,1.000,0,0,0,27,27,0,0,27,0.0,0,0,0.0,0.0,1.0
"F[1,2](Platelets <= 195.665 & Resp <= 14.287)
",-9999999.000,-9999999.000,0.000,0.000,1.000,0,0,0,27,27,0,0,27,0.0,0,0,0.0,0.0,1.0
"F[1,2](((Fibrinogen <= 0.000 | Glucose >= 4.854) | Bilirubin_direct >= 0.105) & SBP >= 3.769)
",-9999999.000,-9999999.000,0.000,0.000,1.000,0,0,0,27,27,0,0,27,0.0,0,0,0.0,0.0,1.0
"F[0,1](((SepsisLabel <= 0.000 | Fibrinogen >= 0.000) & pH >= 0.000) -> EtCO2 <= 0.000)
",-9999999.000,-9999999.000,0.000,0.000,1.000,0,0,0,27,27,0,0,27,0.0,0,0,0.0,0.0,1.0
"F[2,2](((SepsisLabel >= 0.000 & Creatinine >= 0.018) | Chloride >= 0.005) -> BaseExcess >= 0.016)
",5764694333682770.000,0.005,0.000,0.000,1.000,0,0,0,27,27,0,0,27,0.0,0,0,0.0,0.0,1.0
"F[1,2](((HR >= 10.588 & Creatinine >= 0.024) & Potassium <= 0.192) -> Glucose <= 0.309)
",-9999999.000,-9999999.000,0.000,0.000,1.000,0,0,0,27,27,0,0,27,0.0,0,0,0.0,0.0,1.0
"F[0,2]((BaseExcess >= 0.000 | Creatinine >= 0.004) & BUN >= 0.022)
",-9999999.000,-9999999.000,0.000,0.000,1.000,0,0,0,27,27,0,0,27,0.0,0,0,0.0,0.0,1.0
"((BUN >= 0.298) U[2,2] (Bilirubin_direct <= 0.000))
",0.000,0.000,0.000,0.000,1.000,0,0,0,27,27,0,0,27,0.0,0,0,0.0,0.0,1.0
"F[1,2]((Creatinine <= 0.507 & Bilirubin_total >= 0.000) | EtCO2 <= 0.000)
",-9999999.000,-9999999.000,0.000,0.000,1.000,0,0,0,27,27,0,0,27,0.0,0,0,0.0,0.0,1.0
"F[0,1]((MAP <= 69.876 & Platelets <= 127.113) & Hct <= 126.541)
",-9999999.000,-9999999.000,0.000,0.000,1.000,0,0,0,27,27,0,0,27,0.0,0,0,0.0,0.0,1.0
"F[1,1]((FiO2 >= 0.000 & Bilirubin_direct >= 0.000) -> PTT >= 0.000)
",0.000,0.000,0.000,0.000,1.000,0,0,0,27,27,0,0,27,0.0,0,0,0.0,0.0,1.0
"F[1,1](((WBC >= 0.249 -> AST >= 0.000) | FiO2 <= 0.000) | TroponinI <= 0.000)
",0.000,0.000,0.000,0.000,1.000,0,0,0,27,27,0,0,27,0.0,0,0,0.0,0.0,1.0
"F[1,2](((EtCO2 <= 0.000 & HR <= 76.398) -> EtCO2 <= 77.910) | Chloride <= 72.612)
",-9999999.000,-9999999.000,0.000,0.000,1.000,0,0,0,27,27,0,0,27,0.0,0,0,0.0,0.0,1.0
"F[1,2](Potassium <= 3.058 | Calcium >= 0.445)
",-9999999.000,-9999999.000,0.000,0.000,1.000,0,0,0,27,27,0,0,27,0.0,0,0,0.0,0.0,1.0
"F[0,2](SepsisLabel >= 0.000 | Hct >= 0.022)
",-9999999.000,-9999999.000,0.000,0.000,1.000,0,0,0,27,27,0,0,27,0.0,0,0,0.0,0.0,1.0
"F[0,0](((Lactate >= 0.014 | EtCO2 >= 0.000) & SaO2 >= 0.000) & SBP >= 0.000)
",0.000,0.000,0.000,0.000,1.000,0,0,0,27,27,0,0,27,0.0,0,0,0.0,0.0,1.0
"F[0,1](Bilirubin_total <= 0.000 | TroponinI <= 0.000)
",-9999999.000,-9999999.000,0.000,0.000,1.000,0,0,0,27,27,0,0,27,0.0,0,0,0.0,0.0,1.0
"F[0,0](Lactate >= 0.006 -> SepsisLabel >= 0.000)
",-0.248,-15.500,0.000,0.000,1.000,0,0,0,27,27,0,0,27,0.0,0,0,0.0,0.0,1.0
"((Glucose <= 25.185) U[0,2] (DBP <= 51.076))
",-9999999.000,-9999999.000,0.000,0.000,1.000,0,0,0,27,27,0,0,27,0.0,0,0,0.0,0.0,1.0
"((AST >= 0.000) U[0,2] (DBP <= 44.381))
",-9999999.000,-9999999.000,0.000,0.000,1.000,0,0,0,27,27,0,0,27,0.0,0,0,0.0,0.0,1.0
"F[2,2](((BUN >= 0.439 | Phosphate <= 1.632) -> pH <= 1.726) | Alkalinephos <= 1.792)
",8069610720037506.000,1.792,0.000,0.000,1.000,0,0,0,27,27,0,0,27,0.0,0,0,0.0,0.0,1.0
"F[0,0](TroponinI >= 0.000 | TroponinI <= 0.000)
",0.000,0.000,0.000,0.000,1.000,0,0,0,27,27,0,0,27,0.0,0,0,0.0,0.0,1.0
"F[2,2](((PaCO2 <= 20.320 | Glucose >= 1.577) | EtCO2 <= 55.966) -> BaseExcess >= 0.717)
",-7876490925965995.000,-55.966,0.000,0.000,1.000,0,0,0,27,27,0,0,27,0.0,0,0,0.0,0.0,1.0
"F[2,2](Bilirubin_direct <= 0.000 -> PTT <= 0.000)
",0.000,0.000,0.000,0.000,1.000,0,0,0,27,27,0,0,27,0.0,0,0,0.0,0.0,1.0
"F[1,2]((HR >= 49.423 & Bilirubin_direct >= 0.000) & Creatinine >= 0.000)
",-9999999.000,-9999999.000,0.000,0.000,1.000,0,0,0,27,27,0,0,27,0.0,0,0,0.0,0.0,1.0
"F[0,0](((Resp >= 11.538 -> FiO2 <= 0.000) | Lactate >= 0.000) | Resp <= 0.000)
",0.289,6.808,0.000,0.000,1.000,0,0,0,27,27,0,0,27,0.0,0,0,0.0,0.0,1.0
"F[0,2](Chloride <= 55.899 & DBP >= 10.645)
",-9999999.000,-9999999.000,0.000,0.000,1.000,0,0,0,27,27,0,0,27,0.0,0,0,0.0,0.0,1.0
"F[0,1]((Magnesium >= 0.255 & BaseExcess <= 0.000) | Potassium >= 0.000)
",-9999999.000,-9999999.000,0.000,0.000,1.000,0,0,0,27,27,0,0,27,0.0,0,0,0.0,0.0,1.0
"F[0,1](((O2Sat >= 86.635 & SaO2 >= 0.000) | DBP >= 0.000) -> Glucose <= 0.000)
",-9999999.000,-9999999.000,0.000,0.000,1.000,0,0,0,27,27,0,0,27,0.0,0,0,0.0,0.0,1.0
"((Alkalinephos <= 0.000) U[0,1] (PaCO2 <= 50.153))
",-9999999.000,-9999999.000,0.000,0.000,1.000,0,0,0,27,27,0,0,27,0.0,0,0,0.0,0.0,1.0
"F[1,2](Temp >= 1.987 & Phosphate >= 0.008)
",-9999999.000,-9999999.000,0.000,0.000,1.000,0,0,0,27,27,0,0,27,0.0,0,0,0.0,0.0,1.0
"F[0,2](((SaO2 <= 0.000 & FiO2 >= 0.000) & BUN >= 0.000) & Glucose <= 0.000)
",-9999999.000,-9999999.000,0.000,0.000,1.000,0,0,0,27,27,0,0,27,0.0,0,0,0.0,0.0,1.0
"F[2,2]((AST >= 0.000 | Hgb <= 9.035) & Lactate >= 0.586)
",-0.586,-0.586,0.000,0.000,1.000,0,0,0,27,27,0,0,27,0.0,0,0,0.0,0.0,1.0
"F[1,2]((WBC <= 7.883 & Resp <= 21.165) -> SepsisLabel >= 9.690)
",-9999999.000,-9999999.000,0.000,0.000,1.000,0,0,0,27,27,0,0,27,0.0,0,0,0.0,0.0,1.0
"F[0,0]((BaseExcess >= 0.000 -> Fibrinogen <= 0.000) | WBC >= 0.000)
",0.000,0.000,0.000,0.000,1.000,0,0,0,27,27,0,0,27,0.0,0,0,0.0,0.0,1.0
"F[0,1](((PaCO2 >= 0.883 -> BaseExcess <= 0.000) | HR >= 0.000) | FiO2 >= 0.000)
",-9999999.000,-9999999.000,0.000,0.000,1.000,0,0,0,27,27,0,0,27,0.0,0,0,0.0,0.0,1.0
"F[0,2]((BaseExcess >= 0.000 | SBP <= 135.978) & Creatinine >= 39.992)
",-9999999.000,-9999999.000,0.000,0.000,1.000,0,0,0,27,27,0,0,27,0.0,0,0,0.0,0.0,1.0
"F[2,2](((DBP <= 51.634 & Bilirubin_direct <= 0.000) | Bilirubin_direct >= 0.000) & WBC >= 0.000)
",0.000,0.000,0.000,0.000,1.000,0,0,0,27,27,0,0,27,0.0,0,0,0.0,0.0,1.0
"F[0,2](((PTT >= 0.000 & pH >= 0.408) -> Fibrinogen >= 0.541) -> Temp >= 0.307)
",-9999999.000,-9999999.000,0.000,0.000,1.000,0,0,0,27,27,0,0,27,0.0,0,0,0.0,0.0,1.0
"F[0,1]((PTT <= 0.000 | HR <= 82.456) | HR <= 74.552)
",-9999999.000,-9999999.000,0.000,0.000,1.000,0,0,0,27,27,0,0,27,0.0,0,0,0.0,0.0,1.0
"F[0,2](((SepsisLabel >= 0.000 | Fibrinogen <= 0.000) -> TroponinI >= 0.000) -> AST >= 0.000)
",-9999999.000,-9999999.000,0.000,0.000,1.000,0,0,0,27,27,0,0,27,0.0,0,0,0.0,0.0,1.0
"((DBP <= 45.349) U[0,2] (BaseExcess >= 0.000))
",-9999999.000,-9999999.000,0.000,0.000,1.000,0,0,0,27,27,0,0,27,0.0,0,0,0.0,0.0,1.0
"F[1,2](((Chloride >= 3.492 | O2Sat <= 96.149) -> SepsisLabel <= 98.666) & Alkalinephos >= 54.149)
",-9999999.000,-9999999.000,0.000,0.000,1.000,0,0,0,27,27,0,0,27,0.0,0,0,0.0,0.0,1.0
"F[1,2]((EtCO2 <= 0.000 -> PaCO2 <= 5.277) -> BaseExcess <= 38.007)
",-9999999.000,-9999999.000,0.000,0.000,1.000,0,0,0,27,27,0,0,27,0.0,0,0,0.0,0.0,1.0
"F[0,2](Potassium <= 0.685 -> Magnesium <= 1.797)
",-9999999.000,-9999999.000,0.000,0.000,1.000,0,0,0,27,27,0,0,27,0.0,0,0,0.0,0.0,1.0
"((DBP <= 52.466) U[2,2] (Bilirubin_total <= 0.000))
",7383870894312811.000,52.466,0.000,0.000,1.000,0,0,0,27,27,0,0,27,0.0,0,0,0.0,0.0,1.0
"F[0,2](((SaO2 <= 0.000 | Chloride >= 2.776) & HR <= 35.894) | Creatinine >= 4.803)
",-9999999.000,-9999999.000,0.000,0.000,1.000,0,0,0,27,27,0,0,27,0.0,0,0,0.0,0.0,1.0
"F[2,2](((Calcium <= 6.133 & TroponinI <= 0.000) & Temp <= 0.000) | pH >= 0.000)
",0.000,0.000,0.000,0.000,1.000,0,0,0,27,27,0,0,27,0.0,0,0,0.0,0.0,1.0
"F[0,1](Platelets <= 173.494 & SBP >= 33.761)
",-9999999.000,-9999999.000,0.000,0.000,1.000,0,0,0,27,27,0,0,27,0.0,0,0,0.0,0.0,1.0
"F[1,2]((BaseExcess >= 0.000 -> O2Sat <= 95.941) -> Bilirubin_total >= 86.269)
",-9999999.000,-9999999.000,0.000,0.000,1.000,0,0,0,27,27,0,0,27,0.0,0,0,0.0,0.0,1.0
"F[2,2](((O2Sat <= 95.095 | HR >= 36.901) & Hct >= 22.233) | pH >= 0.546)
",-0.546,-0.546,0.000,0.000,1.000,0,0,0,27,27,0,0,27,0.0,0,0,0.0,0.0,1.0
"F[1,1](((Bilirubin_total <= 0.000 -> MAP >= 19.008) -> EtCO2 >= 21.834) -> O2Sat >= 44.082)
",0.000,0.000,0.000,0.000,1.000,0,0,0,27,27,0,0,27,0.0,0,0,0.0,0.0,1.0
"((Alkalinephos <= 0.000) U[1,2] (HCO3 <= 14.367))
",-9999999.000,-9999999.000,0.000,0.000,1.000,0,0,0,27,27,0,0,27,0.0,0,0,0.0,0.0,1.0
"F[0,0](BaseExcess >= 0.000 | BaseExcess >= 0.000)
",0.000,0.000,0.000,0.000,1.000,0,0,0,27,27,0,0,27,0.0,0,0,0.0,0.0,1.0
"F[0,0]((PTT >= 0.000 & Alkalinephos >= 0.000) | WBC >= 0.000)
",0.289,0.800,0.000,0.000,1.000,0,0,0,27,27,0,0,27,0.0,0,0,0.0,0.0,1.0
"F[1,2]((Chloride >= 4.884 -> AST <= 0.000) & Lactate >= 0.000)
",-9999999.000,-9999999.000,0.000,0.000,1.000,0,0,0,27,27,0,0,27,0.0,0,0,0.0,0.0,1.0
"F[0,1]((PaCO2 <= 18.887 -> Resp <= 19.434) -> TroponinI <= 15.580)
",-9999999.000,-9999999.000,0.000,0.000,1.000,0,0,0,27,27,0,0,27,0.0,0,0,0.0,0.0,1.0
"F[1,2](((O2Sat <= 93.756 | Hct >= 2.042) -> Magnesium <= 12.529) | Hgb >= 1.562)
",-9999999.000,-9999999.000,0.000,0.000,1.000,0,0,0,27,27,0,0,27,0.0,0,0,0.0,0.0,1.0
"F[0,2](((Calcium <= 6.034 | AST <= 0.000) & pH >= 0.000) & pH >= 0.000)
",-9999999.000,-9999999.000,0.000,0.000,1.000,0,0,0,27,27,0,0,27,0.0,0,0,0.0,0.0,1.0
"F[1,2]((O2Sat <= 93.788 -> HR <= 72.319) | BaseExcess >= 38.953)
",-9999999.000,-9999999.000,0.000,0.000,1.000,0,0,0,27,27,0,0,27,0.0,0,0,0.0,0.0,1.0
"F[0,1](FiO2 >= 0.000 & MAP <= 65.578)
",-9999999.000,-9999999.000,0.000,0.000,1.000,0,0,0,27,27,0,0,27,0.0,0,0,0.0,0.0,1.0
"F[0,1](((Bilirubin_total <= 0.000 -> AST >= 0.000) | Magnesium >= 0.000) & Creatinine >= 0.000)
",-9999999.000,-9999999.000,0.000,0.000,1.000,0,0,0,27,27,0,0,27,0.0,0,0,0.0,0.0,1.0
"F[0,1](((pH >= 0.524 -> SaO2 >= 0.000) | PTT <= 0.000) & Chloride >= 0.000)
",-9999999.000,-9999999.000,0.000,0.000,1.000,0,0,0,27,27,0,0,27,0.0,0,0,0.0,0.0,1.0
"F[1,1]((Potassium <= 2.471 & Calcium <= 6.279) -> SepsisLabel <= 6.610)
",-7442339124218204.000,-6.610,0.000,0.000,1.000,0,0,0,27,27,0,0,27,0.0,0,0,0.0,0.0,1.0
"F[0,2](((Glucose <= 25.047 -> SBP >= 6.345) & Magnesium >= 86.174) | AST >= 7.119)
",-9999999.000,-9999999.000,0.000,0.000,1.000,0,0,0,27,27,0,0,27,0.0,0,0,0.0,0.0,1.0
"F[2,2](Hgb <= 9.561 | Hct <= 6.724)
",9.561,9.561,0.000,0.000,1.000,0,0,0,27,27,0,0,27,0.0,0,0,0.0,0.0,1.0
"F[0,2]((pH <= 2.583 & SBP <= 130.848) & Chloride >= 60.755)
",-9999999.000,-9999999.000,0.000,0.000,1.000,0,0,0,27,27,0,0,27,0.0,0,0,0.0,0.0,1.0
"((Hct <= 23.018) U[0,1] (SepsisLabel = 0.000))
",-9999999.000,-9999999.000,0.000,0.000,1.000,0,0,0,27,27,0,0,27,0.0,0,0,0.0,0.0,1.0
"((PTT <= 0.000) U[1,2] (SepsisLabel = 0.000))
",-9999999.000,-9999999.000,0.000,0.000,1.000,0,0,0,27,27,0,0,27,0.0,0,0,0.0,0.0,1.0
"((Magnesium > 0.190) U[0,2] (SepsisLabel = 0.000))
",-9999999.000,-9999999.000,0.000,0.000,1.000,0,0,0,27,27,0,0,27,0.0,0,0,0.0,0.0,1.0
"F[0,2](SepsisLabel > 0.000 & SepsisLabel = 0.000)
",-9999999.000,-9999999.000,0.000,0.000,1.000,0,0,0,27,27,0,0,27,0.0,0,0,0.0,0.0,1.0
"((HCO3 <= 3.380) U[0,1] (SepsisLabel = 0.000))
",-9999999.000,-9999999.000,0.000,0.000,1.000,0,0,0,27,27,0,0,27,0.0,0,0,0.0,0.0,1.0
"F[0,1](Potassium < 3.511 -> SepsisLabel = 0.000)
",-9999999.000,-9999999.000,0.000,0.000,1.000,0,0,0,27,27,0,0,27,0.0,0,0,0.0,0.0,1.0
"F[0,2](EtCO2 >= 0.000 & SepsisLabel = 0.000)
",-9999999.000,-9999999.000,0.000,0.000,1.000,0,0,0,27,27,0,0,27,0.0,0,0,0.0,0.0,1.0
"F[1,2](Hgb > 0.092 & SepsisLabel = 0.000)
",-9999999.000,-9999999.000,0.000,0.000,1.000,0,0,0,27,27,0,0,27,0.0,0,0,0.0,0.0,1.0
"F[0,0](FiO2 < 0.000 -> SepsisLabel = 0.000)
",0.200,1.000,0.000,0.000,1.000,0,0,0,27,27,0,0,27,0.0,0,0,0.0,0.0,1.0
"F[0,0](Bilirubin_total >= 0.000 -> SepsisLabel = 0.000)
",-0.426,-0.562,0.000,0.000,1.000,0,0,0,27,27,0,0,27,0.0,0,0,0.0,0.0,1.0
"F[0,0](AST <= 0.000 -> SepsisLabel = 0.000)
",0.000,0.000,0.000,0.000,1.000,0,0,0,27,27,0,0,27,0.0,0,0,0.0,0.0,1.0
"((PTT <= 0.000) U[0,0] (SepsisLabel = 0.000))
",-0.200,-0.400,0.000,0.000,1.000,0,0,0,27,27,0,0,27,0.0,0,0,0.0,0.0,1.0
"F[0,1](TroponinI <= 0.000 -> SepsisLabel = 0.000)
",-9999999.000,-9999999.000,0.000,0.000,1.000,0,0,0,27,27,0,0,27,0.0,0,0,0.0,0.0,1.0
"((Magnesium >= 0.165) U[0,0] (SepsisLabel = 0.000))
",0.289,0.049,0.000,0.000,1.000,0,0,0,27,27,0,0,27,0.0,0,0,0.0,0.0,1.0
"F[0,1](Glucose <= 60.755 -> SepsisLabel = 0.000)
",-9999999.000,-9999999.000,0.000,0.000,1.000,0,0,0,27,27,0,0,27,0.0,0,0,0.0,0.0,1.0
"F[0,1](SaO2 >= 0.000 -> SepsisLabel = 0.000)
",-9999999.000,-9999999.000,0.000,0.000,1.000,0,0,0,27,27,0,0,27,0.0,0,0,0.0,0.0,1.0
"((SBP <= 128.906) U[0,0] (SepsisLabel = 0.000))
",7.244,118.940,0.000,0.000,1.000,0,0,0,27,27,0,0,27,0.0,0,0,0.0,0.0,1.0
"((Creatinine <= 0.393) U[1,2] (SepsisLabel = 0.000))
",-9999999.000,-9999999.000,0.000,0.000,1.000,0,0,0,27,27,0,0,27,0.0,0,0,0.0,0.0,1.0
"F[1,2](((Calcium <= 5.529 & Phosphate <= 1.423) & Creatinine >= 0.051) & Chloride >= 0.056)
",-9999999.000,-9999999.000,0.000,0.000,1.000,0,0,0,27,27,0,0,27,0.0,0,0,0.0,0.0,1.0
"F[0,2](WBC >= 0.234 & SepsisLabel = 0.000)
",-9999999.000,-9999999.000,0.000,0.000,1.000,0,0,0,27,27,0,0,27,0.0,0,0,0.0,0.0,1.0
"F[2,2](((Creatinine <= 0.596 -> Glucose <= 75.796) & Potassium >= 2.567) | pH >= 0.722)
",-6506238435946130.000,-0.722,0.000,0.000,1.000,0,0,0,27,27,0,0,27,0.0,0,0,0.0,0.0,1.0
"F[0,2]((Glucose <= 88.664 & Phosphate <= 0.646) & SepsisLabel >= 0.098)
",-9999999.000,-9999999.000,0.000,0.000,1.000,0,0,0,27,27,0,0,27,0.0,0,0,0.0,0.0,1.0
"F[0,1](BUN >= 0.157 | Lactate <= 0.448)
",-9999999.000,-9999999.000,0.000,0.000,1.000,0,0,0,27,27,0,0,27,0.0,0,0,0.0,0.0,1.0
"F[0,2](MAP <= 62.811 | O2Sat <= 93.360)
",-9999999.000,-9999999.000,0.000,0.000,1.000,0,0,0,27,27,0,0,27,0.0,0,0,0.0,0.0,1.0
"F[0,1](DBP >= 36.462 & SBP >= 47.852)
",-9999999.000,-9999999.000,0.000,0.000,1.000,0,0,0,27,27,0,0,27,0.0,0,0,0.0,0.0,1.0
"F[0,2]((BUN <= 6.066 & HCO3 >= 1.515) & FiO2 <= 3.311)
",-9999999.000,-9999999.000,0.000,0.000,1.000,0,0,0,27,27,0,0,27,0.0,0,0,0.0,0.0,1.0
"F[0,2]((MAP <= 68.356 -> SBP <= 135.707) -> MAP >= 58.415)
",-9999999.000,-9999999.000,0.000,0.000,1.000,0,0,0,27,27,0,0,27,0.0,0,0,0.0,0.0,1.0
"F[1,2]((BUN >= 0.258 | Chloride >= 3.215) & Fibrinogen >= 0.045)
",-9999999.000,-9999999.000,0.000,0.000,1.000,0,0,0,27,27,0,0,27,0.0,0,0,0.0,0.0,1.0
"F[0,2](((BUN <= 4.611 & Hct <= 16.346) -> HR <= 23.853) & Creatinine <= 13.021)
",-9999999.000,-9999999.000,0.000,0.000,1.000,0,0,0,27,27,0,0,27,0.0,0,0,0.0,0.0,1.0
"F[0,2](((Hct <= 21.073 & WBC <= 7.757) | Potassium <= 7.136) | Calcium >= 0.006)
",-9999999.000,-9999999.000,0.000,0.000,1.000,0,0,0,27,27,0,0,27,0.0,0,0,0.0,0.0,1.0
"F[0,2](((Hgb >= 0.424 | WBC >= 0.004) | SaO2 <= 8.847) | Platelets >= 0.272)
",-9999999.000,-9999999.000,0.000,0.000,1.000,0,0,0,27,27,0,0,27,0.0,0,0,0.0,0.0,1.0
"F[2,2](DBP >= 1.170 -> MAP >= 16.131)
",1.170,1.170,0.000,0.000,1.000,0,0,0,27,27,0,0,27,0.0,0,0,0.0,0.0,1.0
"F[0,0]((HCO3 >= 0.712 & WBC >= 0.182) -> MAP >= 0.123)
",-9.039,-109.839,0.000,0.000,1.000,0,0,0,27,27,0,0,27,0.0,0,0,0.0,0.0,1.0
"F[0,1](((Chloride >= 0.333 -> HCO3 >= 1.602) & Glucose >= 0.536) -> Chloride <= 25.786)
",-9999999.000,-9999999.000,0.000,0.000,1.000,0,0,0,27,27,0,0,27,0.0,0,0,0.0,0.0,1.0
"F[0,2]((Phosphate >= 0.074 -> Platelets <= 288.344) | BUN <= 291.682)
",-9999999.000,-9999999.000,0.000,0.000,1.000,0,0,0,27,27,0,0,27,0.0,0,0,0.0,0.0,1.0
"((HR > 43.733) U[0,2] (SepsisLabel = 0.000))
",-9999999.000,-9999999.000,0.000,0.000,1.000,0,0,0,27,27,0,0,27,0.0,0,0,0.0,0.0,1.0
"F[2,2](DBP >= 7.371 -> SepsisLabel = 0.000)
",0.000,0.000,0.000,0.000,1.000,0,0,0,27,27,0,0,27,0.0,0,0,0.0,0.0,1.0
"F[2,2](TroponinI >= 0.000 & SepsisLabel = 0.000)
",0.000,0.000,0.000,0.000,1.000,0,0,0,27,27,0,0,27,0.0,0,0,0.0,0.0,1.0
"F[0,1](O2Sat > 22.492 -> SepsisLabel = 0.000)
",-9999999.000,-9999999.000,0.000,0.000,1.000,0,0,0,27,27,0,0,27,0.0,0,0,0.0,0.0,1.0
"F[1,2]((Phosphate >= 0.088 & Magnesium > 0.200) -> Calcium < 6.659)
",-9999999.000,-9999999.000,0.000,0.000,1.000,0,0,0,27,27,0,0,27,0.0,0,0,0.0,0.0,1.0
"F[0,2]((Calcium <= 5.310 & Potassium <= 0.570) & Magnesium >= 0.060)
",-9999999.000,-9999999.000,0.000,0.000,1.000,0,0,0,27,27,0,0,27,0.0,0,0,0.0,0.0,1.0
"F[0,1](Hgb <= 7.295 | Hct <= 9.792)
",-9999999.000,-9999999.000,0.000,0.000,1.000,0,0,0,27,27,0,0,27,0.0,0,0,0.0,0.0,1.0
"F[0,0]((Phosphate >= 0.007 & Magnesium > 0.270) -> Calcium < 2.390)
",-2.390,-2.390,0.000,0.000,1.000,0,0,0,27,27,0,0,27,0.0,0,0,0.0,0.0,1.0
"F[1,2]((Calcium <= 4.767 & Potassium <= 0.668) & Magnesium >= 0.102)
",-9999999.000,-9999999.000,0.000,0.000,1.000,0,0,0,27,27,0,0,27,0.0,0,0,0.0,0.0,1.0
"F[2,2](Hgb <= 6.187 | Hct <= 3.153)
",6966163410098108.000,6.187,0.000,0.000,1.000,0,0,0,27,27,0,0,27,0.0,0,0,0.0,0.0,1.0
"((MAP >= 8.899) U[2,2] (SBP <= 107.207))
",7543991169085803.000,107.207,0.000,0.000,1.000,0,0,0,27,27,0,0,27,0.0,0,0,0.0,0.0,1.0
"F[1,2](Hgb <= 6.118 | Hct <= 6.558)
",-9999999.000,-9999999.000,0.000,0.000,1.000,0,0,0,27,27,0,0,27,0.0,0,0,0.0,0.0,1.0
"F[0,2]((Phosphate >= 0.079 & Magnesium > 0.207) -> Calcium < 8.086)
",-9999999.000,-9999999.000,0.000,0.000,1.000,0,0,0,27,27,0,0,27,0.0,0,0,0.0,0.0,1.0
"((MAP >= 50.447) U[0,2] (SBP <= 114.424))
",-9999999.000,-9999999.000,0.000,0.000,1.000,0,0,0,27,27,0,0,27,0.0,0,0,0.0,0.0,1.0
"F[2,2]((Phosphate >= 0.058 & Magnesium > 0.029) -> Calcium < 3.107)
",-3.107,-3.107,0.000,0.000,1.000,0,0,0,27,27,0,0,27,0.0,0,0,0.0,0.0,1.0
"F[1,2](((Calcium < 6.783 & Potassium < 3.531) & Magnesium < 2.182) & Phosphate < 2.649)
",-9999999.000,-9999999.000,0.000,0.000,1.000,0,0,0,27,27,0,0,27,0.0,0,0,0.0,0.0,1.0
"F[0,2]((Calcium <= 8.038 & Potassium <= 2.018) & Magnesium >= 0.272)
",-9999999.000,-9999999.000,0.000,0.000,1.000,0,0,0,27,27,0,0,27,0.0,0,0,0.0,0.0,1.0
"F[2,2](Hgb <= 4.878 | Hct <= 16.189)
",16.189,16.189,0.000,0.000,1.000,0,0,0,27,27,0,0,27,0.0,0,0,0.0,0.0,1.0
"F[1,2]((Phosphate >= 0.000 & Magnesium > 0.159) -> Calcium < 6.990)
",-9999999.000,-9999999.000,0.000,0.000,1.000,0,0,0,27,27,0,0,27,0.0,0,0,0.0,0.0,1.0
"((MAP >= 28.993) U[0,2] (SBP <= 136.375))
",-9999999.000,-9999999.000,0.000,0.000,1.000,0,0,0,27,27,0,0,27,0.0,0,0,0.0,0.0,1.0
"F[1,2](Hgb <= 4.628 | Hct <= 16.322)
",-9999999.000,-9999999.000,0.000,0.000,1.000,0,0,0,27,27,0,0,27,0.0,0,0,0.0,0.0,1.0
"F[1,2]((Calcium <= 2.910 & Potassium <= 1.077) & Magnesium >= 0.055)
",-9999999.000,-9999999.000,0.000,0.000,1.000,0,0,0,27,27,0,0,27,0.0,0,0,0.0,0.0,1.0
"((MAP >= 49.618) U[0,0] (SBP <= 135.947))
",7.673,125.981,0.000,0.000,1.000,0,0,0,27,27,0,0,27,0.0,0,0,0.0,0.0,1.0
"F[0,2](O2Sat < 97.280 & SepsisLabel = 0.000)
",-9999999.000,-9999999.000,0.000,0.000,1.000,0,0,0,27,27,0,0,27,0.0,0,0,0.0,0.0,1.0
"((MAP >= 2.734) U[0,1] (SBP <= 134.146))
",-9999999.000,-9999999.000,0.000,0.000,1.000,0,0,0,27,27,0,0,27,0.0,0,0,0.0,0.0,1.0
"F[0,2]((Phosphate >= 0.090 & Magnesium > 0.099) -> Calcium < 1.009)
",-9999999.000,-9999999.000,0.000,0.000,1.000,0,0,0,27,27,0,0,27,0.0,0,0,0.0,0.0,1.0
"F[0,2](((Calcium < 6.143 & Potassium < 2.985) & Magnesium < 1.877) & Phosphate < 1.406)
",-9999999.000,-9999999.000,0.000,0.000,1.000,0,0,0,27,27,0,0,27,0.0,0,0,0.0,0.0,1.0
"F[1,2]((Calcium <= 6.302 & Potassium <= 1.512) & Magnesium >= 0.249)
",-9999999.000,-9999999.000,0.000,0.000,1.000,0,0,0,27,27,0,0,27,0.0,0,0,0.0,0.0,1.0
"F[1,2](Hgb <= 9.472 | Hct <= 11.141)
",-9999999.000,-9999999.000,0.000,0.000,1.000,0,0,0,27,27,0,0,27,0.0,0,0,0.0,0.0,1.0
"F[0,2]((Phosphate >= 0.044 & Magnesium > 0.171) -> Calcium < 7.182)
",-9999999.000,-9999999.000,0.000,0.000,1.000,0,0,0,27,27,0,0,27,0.0,0,0,0.0,0.0,1.0
"F[0,2](((Calcium < 3.960 & Potassium < 1.693) & Magnesium < 1.952) & Phosphate < 2.532)
",-9999999.000,-9999999.000,0.000,0.000,1.000,0,0,0,27,27,0,0,27,0.0,0,0,0.0,0.0,1.0
"F[2,2](Hgb <= 4.061 | Hct <= 28.560)
",28.560,28.560,0.000,0.000,1.000,0,0,0,27,27,0,0,27,0.0,0,0,0.0,0.0,1.0
"((MAP >= 7.349) U[0,2] (SBP <= 125.983))
",-9999999.000,-9999999.000,0.000,0.000,1.000,0,0,0,27,27,0,0,27,0.0,0,0,0.0,0.0,1.0
"F[0,1]((Phosphate >= 0.052 & Magnesium > 0.257) -> Calcium < 3.105)
",-9999999.000,-9999999.000,0.000,0.000,1.000,0,0,0,27,27,0,0,27,0.0,0,0,0.0,0.0,1.0
"F[0,2]((Calcium <= 2.459 & Potassium <= 1.415) & Magnesium >= 0.050)
",-9999999.000,-9999999.000,0.000,0.000,1.000,0,0,0,27,27,0,0,27,0.0,0,0,0.0,0.0,1.0
"F[0,1](Hgb <= 4.225 | Hct <= 8.466)
",-9999999.000,-9999999.000,0.000,0.000,1.000,0,0,0,27,27,0,0,27,0.0,0,0,0.0,0.0,1.0
"F[0,0]((Phosphate >= 0.036 & Magnesium > 0.048) -> Calcium < 7.455)
",-8393240256142782.000,-7.455,0.000,0.000,1.000,0,0,0,27,27,0,0,27,0.0,0,0,0.0,0.0,1.0
"F[0,0](((Calcium <= 3.259 -> Platelets >= 4.387) -> WBC <= 248.154) | Platelets <= 236.046)
",236.046,236.046,0.000,0.000,1.000,0,0,0,27,27,0,0,27,0.0,0,0,0.0,0.0,1.0
"F[0,2]((MAP <= 62.169 | Resp <= 14.587) & Bilirubin_total >= 5.628)
",-9999999.000,-9999999.000,0.000,0.000,1.000,0,0,0,27,27,0,0,27,0.0,0,0,0.0,0.0,1.0
"F[0,1]((BUN >= 0.351 | DBP >= 6.598) -> O2Sat >= 10.710)
",-9999999.000,-9999999.000,0.000,0.000,1.000,0,0,0,27,27,0,0,27,0.0,0,0,0.0,0.0,1.0
"F[1,2]((Calcium <= 6.721 & Potassium <= 1.270) & Magnesium >= 0.015)
",-9999999.000,-9999999.000,0.000,0.000,1.000,0,0,0,27,27,0,0,27,0.0,0,0,0.0,0.0,1.0
"F[0,2](((HR <= 76.529 & Magnesium >= 0.092) -> PaCO2 >= 0.096) & Temp >= 0.132)
",-9999999.000,-9999999.000,0.000,0.000,1.000,0,0,0,27,27,0,0,27,0.0,0,0,0.0,0.0,1.0
"F[0,1](((HCO3 >= 1.581 & Resp <= 20.741) -> Magnesium <= 14.105) | SBP >= 11.388)
",-9999999.000,-9999999.000,0.000,0.000,1.000,0,0,0,27,27,0,0,27,0.0,0,0,0.0,0.0,1.0
"((Hct >= 0.638) U[0,2] (Resp <= 20.787))
",-9999999.000,-9999999.000,0.000,0.000,1.000,0,0,0,27,27,0,0,27,0.0,0,0,0.0,0.0,1.0
"F[1,2]((DBP >= 25.923 | Temp <= 26.298) | AST >= 3.263)
",-9999999.000,-9999999.000,0.000,0.000,1.000,0,0,0,27,27,0,0,27,0.0,0,0,0.0,0.0,1.0
"F[1,2](Creatinine <= 0.235 | Temp >= 4.327)
",-9999999.000,-9999999.000,0.000,0.000,1.000,0,0,0,27,27,0,0,27,0.0,0,0,0.0,0.0,1.0
"F[0,2](((Platelets <= 150.056 -> Temp >= 4.741) | Resp <= 37.063) -> Creatinine <= 26.681)
",-9999999.000,-9999999.000,0.000,0.000,1.000,0,0,0,27,27,0,0,27,0.0,0,0,0.0,0.0,1.0
"F[0,1](((Lactate <= 0.139 | Resp >= 13.123) & SaO2 >= 3.245) -> O2Sat <= 18.446)
",-9999999.000,-9999999.000,0.000,0.000,1.000,0,0,0,27,27,0,0,27,0.0,0,0,0.0,0.0,1.0
"F[0,0]((Magnesium >= 0.000 | Temp >= 7.983) -> BaseExcess <= 12.338)
",-52.722,-88.133,0.000,0.000,1.000,0,0,0,27,27,0,0,27,0.0,0,0,0.0,0.0,1.0
"((Hgb <= 8.768) U[0,2] (Temp >= 3.228))
",-9999999.000,-9999999.000,0.000,0.000,1.000,0,0,0,27,27,0,0,27,0.0,0,0,0.0,0.0,1.0
"((PaCO2 <= 10.461) U[2,2] (Potassium >= 0.411))
",10.461,10.461,0.000,0.000,1.000,0,0,0,27,27,0,0,27,0.0,0,0,0.0,0.0,1.0
"F[1,2]((Magnesium >= 0.157 -> PaCO2 <= 9.679) | HCO3 >= 0.594)
",-9999999.000,-9999999.000,0.000,0.000,1.000,0,0,0,27,27,0,0,27,0.0,0,0,0.0,0.0,1.0
"F[0,0]((Calcium >= 0.191 & pH <= 4.726) | Lactate <= 5.717)
",3.343,5.262,0.000,0.000,1.000,0,0,0,27,27,0,0,27,0.0,0,0,0.0,0.0,1.0
"F[0,2](((Chloride <= 27.944 -> PaCO2 >= 0.553) -> Alkalinephos <= 26.960) | Temp <= 42.162)
",-9999999.000,-9999999.000,0.000,0.000,1.000,0,0,0,27,27,0,0,27,0.0,0,0,0.0,0.0,1.0
"F[1,2]((Hgb <= 3.873 | PaCO2 <= 45.315) -> PaCO2 <= 31.808)
",-9999999.000,-9999999.000,0.000,0.000,1.000,0,0,0,27,27,0,0,27,0.0,0,0,0.0,0.0,1.0
"F[0,2](((Magnesium <= 1.427 -> pH >= 0.174) & WBC >= 0.370) | Creatinine >= 0.350)
",-9999999.000,-9999999.000,0.000,0.000,1.000,0,0,0,27,27,0,0,27,0.0,0,0,0.0,0.0,1.0
"((MAP <= 71.412) U[0,2] (PaCO2 <= 15.749))
",-9999999.000,-9999999.000,0.000,0.000,1.000,0,0,0,27,27,0,0,27,0.0,0,0,0.0,0.0,1.0
"F[0,2]((O2Sat >= 64.374 -> pH >= 0.237) -> Creatinine >= 0.363)
",-9999999.000,-9999999.000,0.000,0.000,1.000,0,0,0,27,27,0,0,27,0.0,0,0,0.0,0.0,1.0
"F[0,1](((Hct <= 18.804 -> Lactate >= 0.016) -> Temp >= 0.027) & MAP >= 0.023)
",-9999999.000,-9999999.000,0.000,0.000,1.000,0,0,0,27,27,0,0,27,0.0,0,0,0.0,0.0,1.0
"F[0,1](((Calcium <= 1.293 -> DBP >= 7.277) & Creatinine >= 34.019) -> Calcium >= 8.010)
",-9999999.000,-9999999.000,0.000,0.000,1.000,0,0,0,27,27,0,0,27,0.0,0,0,0.0,0.0,1.0
"F[0,1]((Creatinine <= 0.713 -> DBP >= 22.102) | DBP >= 30.214)
",-9999999.000,-9999999.000,0.000,0.000,1.000,0,0,0,27,27,0,0,27,0.0,0,0,0.0,0.0,1.0
"F[1,1](((HCO3 >= 0.865 -> HR <= 76.168) & FiO2 >= 49.772) -> Chloride >= 29.710)
",4181271423979595.000,29.710,0.000,0.000,1.000,0,0,0,27,27,0,0,27,0.0,0,0,0.0,0.0,1.0
"F[1,1]((Hgb <= 1.899 -> MAP >= 56.026) | WBC <= 66.408)
",66.408,66.408,0.000,0.000,1.000,0,0,0,27,27,0,0,27,0.0,0,0,0.0,0.0,1.0
"F[0,1](((PaCO2 >= 0.504 -> Resp >= 8.248) & Calcium >= 5.872) -> PTT <= 14.007)
",-9999999.000,-9999999.000,0.000,0.000,1.000,0,0,0,27,27,0,0,27,0.0,0,0,0.0,0.0,1.0
"F[0,2](((Glucose >= 0.690 & Temp <= 23.687) & Hct <= 28.217) & SaO2 >= 4.552)
",-9999999.000,-9999999.000,0.000,0.000,1.000,0,0,0,27,27,0,0,27,0.0,0,0,0.0,0.0,1.0
"F[1,2]((Hgb <= 0.773 -> O2Sat >= 56.378) | DBP <= 98.809)
",-9999999.000,-9999999.000,0.000,0.000,1.000,0,0,0,27,27,0,0,27,0.0,0,0,0.0,0.0,1.0
"F[0,1](Chloride >= 5.815 | O2Sat <= 98.850)
",-9999999.000,-9999999.000,0.000,0.000,1.000,0,0,0,27,27,0,0,27,0.0,0,0,0.0,0.0,1.0
"F[0,1](((HCO3 >= 0.916 -> O2Sat >= 21.403) & Potassium >= 80.736) -> BUN >= 57.372)
",-9999999.000,-9999999.000,0.000,0.000,1.000,0,0,0,27,27,0,0,27,0.0,0,0,0.0,0.0,1.0
"F[0,1](DBP >= 37.573 | Potassium >= 0.111)
",-9999999.000,-9999999.000,0.000,0.000,1.000,0,0,0,27,27,0,0,27,0.0,0,0,0.0,0.0,1.0
"F[0,0](((Hgb >= 0.122 & SBP <= 131.662) -> SaO2 <= 135.044) | Resp <= 115.976)
",15.886,73.322,0.000,0.000,1.000,0,0,0,27,27,0,0,27,0.0,0,0,0.0,0.0,1.0
"((Magnesium >= 0.192) U[0,2] (MAP >= 13.017))
",-9999999.000,-9999999.000,0.000,0.000,1.000,0,0,0,27,27,0,0,27,0.0,0,0,0.0,0.0,1.0
"F[1,2]((MAP >= 24.175 -> Potassium <= 1.001) -> Bilirubin_total <= 1.471)
",-9999999.000,-9999999.000,0.000,0.000,1.000,0,0,0,27,27,0,0,27,0.0,0,0,0.0,0.0,1.0
"F[0,2](Chloride <= 8.633 -> SBP >= 71.333)
",-9999999.000,-9999999.000,0.000,0.000,1.000,0,0,0,27,27,0,0,27,0.0,0,0,0.0,0.0,1.0
"((HCO3 >= 0.780) U[0,1] (SBP <= 132.006))
",-9999999.000,-9999999.000,0.000,0.000,1.000,0,0,0,27,27,0,0,27,0.0,0,0,0.0,0.0,1.0
"F[0,2](Potassium >= 0.016 | SBP >= 3.602)
",-9999999.000,-9999999.000,0.000,0.000,1.000,0,0,0,27,27,0,0,27,0.0,0,0,0.0,0.0,1.0
"F[1,2](((pH >= 0.137 & Phosphate <= 2.779) -> TroponinI <= 2.047) -> O2Sat >= 0.068)
",-9999999.000,-9999999.000,0.000,0.000,1.000,0,0,0,27,27,0,0,27,0.0,0,0,0.0,0.0,1.0
"F[0,2](Calcium <= 8.186 -> PaCO2 <= 33.634)
",-9999999.000,-9999999.000,0.000,0.000,1.000,0,0,0,27,27,0,0,27,0.0,0,0,0.0,0.0,1.0
"F[0,2]((Glucose <= 52.059 | PaCO2 >= 0.426) & Alkalinephos <= 49.022)
",-9999999.000,-9999999.000,0.000,0.000,1.000,0,0,0,27,27,0,0,27,0.0,0,0,0.0,0.0,1.0
"F[0,2](((BUN >= 0.163 | PaCO2 <= 12.969) -> Calcium <= 27.237) -> Hct <= 12.507)
",-9999999.000,-9999999.000,0.000,0.000,1.000,0,0,0,27,27,0,0,27,0.0,0,0,0.0,0.0,1.0
"F[0,2](Chloride <= 56.876 -> Potassium <= 1.382)
",-9999999.000,-9999999.000,0.000,0.000,1.000,0,0,0,27,27,0,0,27,0.0,0,0,0.0,0.0,1.0
"F[2,2]((Creatinine <= 0.100 | WBC <= 3.464) & BaseExcess <= 1.502)
",6764455924894916.000,1.502,0.000,0.000,1.000,0,0,0,27,27,0,0,27,0.0,0,0,0.0,0.0,1.0
"F[0,2]((BUN <= 5.098 & Creatinine >= 0.004) & Fibrinogen >= 0.024)
",-9999999.000,-9999999.000,0.000,0.000,1.000,0,0,0,27,27,0,0,27,0.0,0,0,0.0,0.0,1.0
"F[1,2]((Creatinine <= 0.029 -> Hgb >= 0.152) | Glucose <= 9.522)
",-9999999.000,-9999999.000,0.000,0.000,1.000,0,0,0,27,27,0,0,27,0.0,0,0,0.0,0.0,1.0
"F[1,2](Creatinine <= 0.638 -> Hct >= 1.176)
",-9999999.000,-9999999.000,0.000,0.000,1.000,0,0,0,27,27,0,0,27,0.0,0,0,0.0,0.0,1.0
"F[1,2](((Hgb <= 8.931 | Platelets >= 9.585) -> Resp >= 4.970) -> Hgb >= 4.430)
",-9999999.000,-9999999.000,0.000,0.000,1.000,0,0,0,27,27,0,0,27,0.0,0,0,0.0,0.0,1.0
"F[2,2](((HCO3 <= 19.163 & Lactate <= 0.069) | Lactate <= 0.199) | Magnesium <= 0.347)
",0.347,0.347,0.000,0.000,1.000,0,0,0,27,27,0,0,27,0.0,0,0,0.0,0.0,1.0
"F[2,2](((Hct <= 28.700 -> Phosphate <= 2.155) | Resp >= 0.072) | BUN <= 1.355)
",1.355,1.355,0.000,0.000,1.000,0,0,0,27,27,0,0,27,0.0,0,0,0.0,0.0,1.0
"F[0,2](Hgb >= 0.285 | Phosphate >= 0.011)
",-9999999.000,-9999999.000,0.000,0.000,1.000,0,0,0,27,27,0,0,27,0.0,0,0,0.0,0.0,1.0
"F[0,2]((BUN <= 10.550 & Magnesium >= 0.064) & HR <= 0.579)
",-9999999.000,-9999999.000,0.000,0.000,1.000,0,0,0,27,27,0,0,27,0.0,0,0,0.0,0.0,1.0
"F[0,2](Magnesium >= 0.240 & WBC >= 0.230)
",-9999999.000,-9999999.000,0.000,0.000,1.000,0,0,0,27,27,0,0,27,0.0,0,0,0.0,0.0,1.0
"F[1,2](((Chloride <= 25.088 & Magnesium <= 0.446) -> SBP >= 0.193) | Creatinine <= 1.538)
",-9999999.000,-9999999.000,0.000,0.000,1.000,0,0,0,27,27,0,0,27,0.0,0,0,0.0,0.0,1.0
"F[0,1]((Hct <= 5.089 | Magnesium <= 1.458) | Alkalinephos <= 1.455)
",-9999999.000,-9999999.000,0.000,0.000,1.000,0,0,0,27,27,0,0,27,0.0,0,0,0.0,0.0,1.0
"F[1,2](HR >= 13.753 & Resp <= 14.711)
",-9999999.000,-9999999.000,0.000,0.000,1.000,0,0,0,27,27,0,0,27,0.0,0,0,0.0,0.0,1.0
"F[1,2]((Hgb <= 5.231 | Lactate >= 0.022) & Hgb <= 0.698)
",-9999999.000,-9999999.000,0.000,0.000,1.000,0,0,0,27,27,0,0,27,0.0,0,0,0.0,0.0,1.0
"((Hct <= 5.014) U[1,2] (Potassium >= 0.117))
",-9999999.000,-9999999.000,0.000,0.000,1.000,0,0,0,27,27,0,0,27,0.0,0,0,0.0,0.0,1.0
"((Lactate <= 0.188) U[0,2] (WBC >= 0.160))
",-9999999.000,-9999999.000,0.000,0.000,1.000,0,0,0,27,27,0,0,27,0.0,0,0,0.0,0.0,1.0
"F[0,1](Chloride <= 73.940 | Glucose >= 4.928)
",-9999999.000,-9999999.000,0.000,0.000,1.000,0,0,0,27,27,0,0,27,0.0,0,0,0.0,0.0,1.0
"F[0,2]((Hgb <= 2.030 | pH <= 3.397) -> Potassium >= 0.269)
",-9999999.000,-9999999.000,0.000,0.000,1.000,0,0,0,27,27,0,0,27,0.0,0,0,0.0,0.0,1.0
"F[2,2](((Calcium >= 0.392 -> Magnesium >= 0.092) -> Bilirubin_total <= 1.484) & Chloride <= 1.975)
",-6683871466579260.000,-1.484,0.000,0.000,1.000,0,0,0,27,27,0,0,27,0.0,0,0,0.0,0.0,1.0
"F[0,2]((Creatinine <= 0.306 & Potassium <= 0.584) & PaCO2 <= 2.772)
",-9999999.000,-9999999.000,0.000,0.000,1.000,0,0,0,27,27,0,0,27,0.0,0,0,0.0,0.0,1.0
"F[0,2]((Platelets >= 8.422 | Potassium >= 0.516) -> HR >= 0.495)
",-9999999.000,-9999999.000,0.000,0.000,1.000,0,0,0,27,27,0,0,27,0.0,0,0,0.0,0.0,1.0
"F[0,1]((Lactate >= 0.006 | Potassium <= 1.436) | TroponinI <= 2.454)
",-9999999.000,-9999999.000,0.000,0.000,1.000,0,0,0,27,27,0,0,27,0.0,0,0,0.0,0.0,1.0
"F[1,1](((PaCO2 >= 1.556 & Platelets <= 278.007) & Bilirubin_direct <= 12.463) -> Phosphate <= 146.557)
",-146.557,-146.557,0.000,0.000,1.000,0,0,0,27,27,0,0,27,0.0,0,0,0.0,0.0,1.0
"F[2,2]((PaCO2 <= 28.220 -> Phosphate >= 0.085) | HR >= 0.093)
",-6668350803647500.000,-0.093,0.000,0.000,1.000,0,0,0,27,27,0,0,27,0.0,0,0,0.0,0.0,1.0
"F[0,1](Hct <= 8.442 | pH >= 0.146)
",-9999999.000,-9999999.000,0.000,0.000,1.000,0,0,0,27,27,0,0,27,0.0,0,0,0.0,0.0,1.0
"F[0,1]((BUN >= 0.165 | Glucose >= 4.377) | Creatinine <= 31.820)
",-9999999.000,-9999999.000,0.000,0.000,1.000,0,0,0,27,27,0,0,27,0.0,0,0,0.0,0.0,1.0
"((Lactate >= 0.002) U[0,1] (Platelets <= 90.315))
",-9999999.000,-9999999.000,0.000,0.000,1.000,0,0,0,27,27,0,0,27,0.0,0,0,0.0,0.0,1.0
"F[0,2](((Magnesium <= 0.580 & Platelets >= 4.939) & WBC >= 0.298) & Fibrinogen <= 86.538)
",-9999999.000,-9999999.000,0.000,0.000,1.000,0,0,0,27,27,0,0,27,0.0,0,0,0.0,0.0,1.0
"F[0,2]((Magnesium <= 0.670 | Phosphate <= 0.744) & EtCO2 >= 0.010)
",-9999999.000,-9999999.000,0.000,0.000,1.000,0,0,0,27,27,0,0,27,0.0,0,0,0.0,0.0,1.0
"((Calcium >= 0.340) U[2,2] (WBC <= 4.615))
",4.615,4.615,0.000,0.000,1.000,0,0,0,27,27,0,0,27,0.0,0,0,0.0,0.0,1.0
"F[0,1](((Calcium >= 0.029 -> Hgb >= 0.585) | HCO3 >= 0.377) & pH <= 9.763)
",-9999999.000,-9999999.000,0.000,0.000,1.000,0,0,0,27,27,0,0,27,0.0,0,0,0.0,0.0,1.0
"F[2,2](((Calcium <= 0.497 -> Chloride <= 102.290) -> DBP <= 45.699) & Chloride >= 1.894)
",-45.699,-45.699,0.000,0.000,1.000,0,0,0,27,27,0,0,27,0.0,0,0,0.0,0.0,1.0
"F[0,2]((Resp >= 11.736 | BaseExcess >= 0.000) -> Alkalinephos <= 0.000)
",-9999999.000,-9999999.000,0.000,0.000,1.000,0,0,0,27,27,0,0,27,0.0,0,0,0.0,0.0,1.0
