Rule,Discrimination Score,Pos Robustness,Neg Robustness,Percent Class +,Percent Class -,TP,TN,FP,FN,Actual Yes,Actual No,Predicted Yes,Predicted No,TPR/Sens,TNR/Spec,FPR,Precision,Accuracy,MCR,Class
"G[0,1](((Alkalinephos >= 0.000 & O2Sat >= 37.371) -> Platelets >= 16.648) -> Magnesium <= 58.005)
",9999999.000,9999999.000,0.000,1.000,0.000,10,0,0,0,10,0,10,0,1.0,0.0,0.0,1.0,1.0,0.0,1
"G[0,0](AST >= 0.000 | SepsisLabel <= 0.000)
",0.000,0.000,0.000,1.000,0.000,10,0,0,0,10,0,10,0,1.0,0.0,0.0,1.0,1.0,0.0,1
"G[0,0](MAP >= 13.820 | Alkalinephos <= 0.000)
",1.958,84.994,0.000,1.000,0.000,10,0,0,0,10,0,10,0,1.0,0.0,0.0,1.0,1.0,0.0,1
"G[0,0]((Chloride >= 2.708 | WBC >= 0.151) | Chloride <= 5.235)
",5.235,5.235,0.000,1.000,0.000,10,0,0,0,10,0,10,0,1.0,0.0,0.0,1.0,1.0,0.0,1
"G[0,1](((PTT <= 0.000 & Resp <= 19.391) & Phosphate <= 15.742) -> Fibrinogen <= 18.258)
",9999999.000,9999999.000,0.000,1.000,0.000,10,0,0,0,10,0,10,0,1.0,0.0,0.0,1.0,1.0,0.0,1
"G[0,0](((Creatinine >= 0.045 -> Hct >= 2.362) -> Calcium <= 34.731) | Creatinine <= 36.876)
",1.383,29.715,0.000,1.000,0.000,10,0,0,0,10,0,10,0,1.0,0.0,0.0,1.0,1.0,0.0,1
"G[0,1]((WBC >= 0.200 -> PaCO2 <= 0.000) & Lactate >= 0.000)
",9999999.000,9999999.000,0.000,1.000,0.000,10,0,0,0,10,0,10,0,1.0,0.0,0.0,1.0,1.0,0.0,1
"G[0,1](((PaCO2 <= 0.000 -> TroponinI <= 0.000) | pH <= 0.000) | TroponinI >= 0.000)
",9999999.000,9999999.000,0.000,1.000,0.000,10,0,0,0,10,0,10,0,1.0,0.0,0.0,1.0,1.0,0.0,1
"G[0,0](((Alkalinephos <= 0.000 & Platelets >= 7.646) -> Calcium <= 62.154) | HR <= 208.116)
",-62.154,-62.154,0.000,1.000,0.000,10,0,0,0,10,0,10,0,1.0,0.0,0.0,1.0,1.0,0.0,1
"G[0,0](((Hgb <= 9.329 -> Hgb >= 0.067) -> PTT <= 9.938) -> Platelets <= 12.376)
",-6967193789910342.000,-12.376,0.000,1.000,0.000,10,0,0,0,10,0,10,0,1.0,0.0,0.0,1.0,1.0,0.0,1
"G[0,1]((Potassium <= 1.373 -> Hct >= 0.677) | BUN <= 8.402)
",9999999.000,9999999.000,0.000,1.000,0.000,10,0,0,0,10,0,10,0,1.0,0.0,0.0,1.0,1.0,0.0,1
"G[0,0]((BaseExcess <= 0.000 | Bilirubin_direct >= 0.000) & Phosphate <= 0.000)
",-0.333,-0.180,0.000,1.000,0.000,10,0,0,0,10,0,10,0,1.0,0.0,0.0,1.0,1.0,0.0,1
"G[0,0]((Alkalinephos <= 0.000 -> Glucose >= 1.200) -> PTT <= 88.539)
",-22.905,-87.269,0.000,1.000,0.000,10,0,0,0,10,0,10,0,1.0,0.0,0.0,1.0,1.0,0.0,1
"G[1,1]((Platelets <= 89.997 & Hgb >= 0.216) -> pH >= 0.581)
",0.216,0.216,0.000,1.000,0.000,10,0,0,0,10,0,10,0,1.0,0.0,0.0,1.0,1.0,0.0,1
"G[0,1]((Hgb <= 8.496 | SaO2 <= 0.000) | Resp <= 0.000)
",9999999.000,9999999.000,0.000,1.000,0.000,10,0,0,0,10,0,10,0,1.0,0.0,0.0,1.0,1.0,0.0,1
"G[1,1]((pH >= 0.000 & EtCO2 <= 0.000) | PTT >= 0.000)
",0.000,0.000,0.000,1.000,0.000,10,0,0,0,10,0,10,0,1.0,0.0,0.0,1.0,1.0,0.0,1
"G[0,1](((MAP <= 72.843 & pH >= 0.000) & HCO3 >= 0.000) -> Glucose >= 0.000)
",9999999.000,9999999.000,0.000,1.000,0.000,10,0,0,0,10,0,10,0,1.0,0.0,0.0,1.0,1.0,0.0,1
"G[1,1](Fibrinogen <= 0.000 | Hgb >= 0.229)
",0.000,0.000,0.000,1.000,0.000,10,0,0,0,10,0,10,0,1.0,0.0,0.0,1.0,1.0,0.0,1
"G[1,1](((SepsisLabel >= 0.000 -> EtCO2 <= 0.000) -> MAP >= 0.000) -> Potassium >= 0.000)
",0.000,0.000,0.000,1.000,0.000,10,0,0,0,10,0,10,0,1.0,0.0,0.0,1.0,1.0,0.0,1
"G[0,0](((Magnesium <= 1.523 | Bilirubin_direct <= 0.000) & Fibrinogen >= 0.000) | O2Sat >= 0.000)
",1.982,66.900,0.000,1.000,0.000,10,0,0,0,10,0,10,0,1.0,0.0,0.0,1.0,1.0,0.0,1
"G[0,0](SBP <= 103.128 -> AST >= 0.000)
",-9.187,-99.517,0.000,1.000,0.000,10,0,0,0,10,0,10,0,1.0,0.0,0.0,1.0,1.0,0.0,1
"G[0,1](((pH >= 0.000 -> Fibrinogen >= 0.000) & Lactate >= 0.000) | Potassium <= 0.000)
",9999999.000,9999999.000,0.000,1.000,0.000,10,0,0,0,10,0,10,0,1.0,0.0,0.0,1.0,1.0,0.0,1
"G[0,1]((Calcium >= 0.000 & HR <= 79.302) -> Chloride <= 79.756)
",9999999.000,9999999.000,0.000,1.000,0.000,10,0,0,0,10,0,10,0,1.0,0.0,0.0,1.0,1.0,0.0,1
"F[0,0](Chloride >= 1.066 & SepsisLabel = 0.000)
",-0.350,-21.960,0.000,0.000,1.000,10,0,0,0,10,0,10,0,1.0,0.0,0.0,1.0,1.0,0.0,-1
"G[0,0](Alkalinephos <= 0.000 | Bilirubin_direct >= 0.000)
",0.333,0.100,0.000,1.000,0.000,10,0,0,0,10,0,10,0,1.0,0.0,0.0,1.0,1.0,0.0,1
"F[0,0](((Calcium < 0.000 & Potassium < 1.707) & Magnesium < 0.093) & Phosphate < 0.000)
",-0.333,-0.180,0.000,0.000,1.000,10,0,0,0,10,0,10,0,1.0,0.0,0.0,1.0,1.0,0.0,-1
"F[0,1]((Calcium <= 0.000 & Potassium <= 1.001) & Magnesium >= 0.015)
",-9999999.000,-9999999.000,0.000,0.000,1.000,10,0,0,0,10,0,10,0,1.0,0.0,0.0,1.0,1.0,0.0,-1
"F[0,0]((Temp <= 33.376 & Chloride >= 3.430) | SaO2 >= 4.657)
",-6.591,-4.044,0.000,0.000,1.000,10,0,0,0,10,0,10,0,1.0,0.0,0.0,1.0,1.0,0.0,-1
"((Bilirubin_total >= 0.000) U[0,0] (Glucose >= 1.003))
",0.333,0.340,0.000,0.000,1.000,10,0,0,0,10,0,10,0,1.0,0.0,0.0,1.0,1.0,0.0,-1
"F[1,1](((Calcium < 0.000 & Potassium < 0.798) & Magnesium < 0.112) & Phosphate < 0.000)
",0.000,0.000,0.000,0.000,1.000,10,0,0,0,10,0,10,0,1.0,0.0,0.0,1.0,1.0,0.0,-1
"F[0,1]((Calcium <= 0.000 & Potassium <= 0.826) & Magnesium >= 0.072)
",-9999999.000,-9999999.000,0.000,0.000,1.000,10,0,0,0,10,0,10,0,1.0,0.0,0.0,1.0,1.0,0.0,-1
"F[0,0](((Calcium < 0.000 & Potassium < 3.131) & Magnesium < 1.672) & Phosphate < 0.000)
",-0.333,-0.180,0.000,0.000,1.000,10,0,0,0,10,0,10,0,1.0,0.0,0.0,1.0,1.0,0.0,-1
"F[1,1](((Calcium >= 0.000 | O2Sat <= 43.552) | EtCO2 <= 80.056) -> Resp >= 38.711)
",-80.056,-80.056,0.000,0.000,1.000,10,0,0,0,10,0,10,0,1.0,0.0,0.0,1.0,1.0,0.0,-1
"((Glucose >= 0.389) U[1,2] (FiO2 >= 0.000))
",-9999999.000,-9999999.000,0.000,0.000,1.000,10,0,0,0,10,0,10,0,1.0,0.0,0.0,1.0,1.0,0.0,-1
"F[0,1](((TroponinI >= 0.000 | HR <= 64.882) & Calcium >= 32.364) & MAP <= 63.589)
",-9999999.000,-9999999.000,0.000,0.000,1.000,10,0,0,0,10,0,10,0,1.0,0.0,0.0,1.0,1.0,0.0,-1
"F[0,1]((Calcium <= 0.000 & Potassium <= 2.958) & Magnesium >= 0.027)
",-9999999.000,-9999999.000,0.000,0.000,1.000,10,0,0,0,10,0,10,0,1.0,0.0,0.0,1.0,1.0,0.0,-1
"G[0,0](((Chloride >= 0.240 & SBP <= 97.126) | SepsisLabel <= 103.684) & HR <= 99.504)
",-5669627228246130.000,-5156.496,0.000,1.000,0.000,10,0,0,0,10,0,10,0,1.0,0.0,0.0,1.0,1.0,0.0,1
"((Calcium < 0.000) U[1,2] (SepsisLabel = 0.000))
",-9999999.000,-9999999.000,0.000,0.000,1.000,10,0,0,0,10,0,10,0,1.0,0.0,0.0,1.0,1.0,0.0,-1
"F[0,0](((HR >= 25.702 -> BUN <= 1.763) -> BaseExcess <= 11.854) & HCO3 >= 0.396)
",-6673449030663138.000,-11.854,0.000,0.000,1.000,10,0,0,0,10,0,10,0,1.0,0.0,0.0,1.0,1.0,0.0,-1
"((PaCO2 < 0.000) U[1,2] (SepsisLabel = 0.000))
",-9999999.000,-9999999.000,0.000,0.000,1.000,10,0,0,0,10,0,10,0,1.0,0.0,0.0,1.0,1.0,0.0,-1
"F[0,1](O2Sat >= 16.581 & Potassium >= 0.136)
",-9999999.000,-9999999.000,0.000,0.000,1.000,10,0,0,0,10,0,10,0,1.0,0.0,0.0,1.0,1.0,0.0,-1
"F[0,0](((O2Sat >= 30.579 | Temp >= 2.764) -> PTT <= 27.881) & Bilirubin_direct >= 0.984)
",-2.467,-66.271,0.000,0.000,1.000,10,0,0,0,10,0,10,0,1.0,0.0,0.0,1.0,1.0,0.0,-1
"((TroponinI <= 0.000) U[0,0] (Glucose >= 2.792))
",0.000,0.000,0.000,0.000,1.000,10,0,0,0,10,0,10,0,1.0,0.0,0.0,1.0,1.0,0.0,-1
"F[0,1](SepsisLabel > 0.000 & SepsisLabel = 0.000)
",-9999999.000,-9999999.000,0.000,0.000,1.000,10,0,0,0,10,0,10,0,1.0,0.0,0.0,1.0,1.0,0.0,-1
"F[1,1]((Calcium <= 0.000 & Potassium <= 3.263) & Magnesium >= 0.063)
",-4521822492963661.000,-0.063,0.000,0.000,1.000,10,0,0,0,10,0,10,0,1.0,0.0,0.0,1.0,1.0,0.0,-1
"G[0,1](Calcium <= 0.000 & SepsisLabel = 0.000)
",9999999.000,9999999.000,0.000,1.000,0.000,10,0,0,0,10,0,10,0,1.0,0.0,0.0,1.0,1.0,0.0,1
"G[1,1](Potassium <= 0.897 | Alkalinephos >= 0.000)
",0.897,0.897,0.000,1.000,0.000,10,0,0,0,10,0,10,0,1.0,0.0,0.0,1.0,1.0,0.0,1
"G[0,0]((Bilirubin_total <= 0.000 -> TroponinI <= 0.000) | DBP >= 0.000)
",1.973,65.850,0.000,1.000,0.000,10,0,0,0,10,0,10,0,1.0,0.0,0.0,1.0,1.0,0.0,1
"G[1,1](((WBC <= 5.174 & Fibrinogen <= 0.000) -> HCO3 <= 0.000) | Magnesium <= 0.000)
",0.000,0.000,0.000,1.000,0.000,10,0,0,0,10,0,10,0,1.0,0.0,0.0,1.0,1.0,0.0,1
"G[1,1](Alkalinephos <= 0.000 -> SepsisLabel = 0.000)
",0.000,0.000,0.000,1.000,0.000,10,0,0,0,10,0,10,0,1.0,0.0,0.0,1.0,1.0,0.0,1
"G[1,1](((Temp >= 3.351 | SBP >= 52.019) & EtCO2 <= 117.545) | Magnesium <= 123.316)
",8677578567314938.000,123.316,0.000,1.000,0.000,10,0,0,0,10,0,10,0,1.0,0.0,0.0,1.0,1.0,0.0,1
"G[0,0](((BUN >= 0.402 -> DBP <= 59.997) -> Chloride >= 10.488) -> EtCO2 >= 44.641)
",-0.408,-1.776,0.000,1.000,0.000,10,0,0,0,10,0,10,0,1.0,0.0,0.0,1.0,1.0,0.0,1
"G[0,0]((Resp >= 9.123 & Glucose >= 1.011) -> FiO2 <= 12.323)
",-2.747,-10.990,0.000,1.000,0.000,10,0,0,0,10,0,10,0,1.0,0.0,0.0,1.0,1.0,0.0,1
"G[0,1](((Chloride >= 2.770 & Magnesium <= 1.406) | Chloride >= 0.054) -> Bilirubin_total <= 0.718)
",9999999.000,9999999.000,0.000,1.000,0.000,10,0,0,0,10,0,10,0,1.0,0.0,0.0,1.0,1.0,0.0,1
"G[0,1]((Fibrinogen >= 0.000 | Hct <= 3.987) | HCO3 >= 2.948)
",9999999.000,9999999.000,0.000,1.000,0.000,10,0,0,0,10,0,10,0,1.0,0.0,0.0,1.0,1.0,0.0,1
"G[0,0](WBC <= 8.394 | SBP <= 110.125)
",9.832,106.514,0.000,1.000,0.000,10,0,0,0,10,0,10,0,1.0,0.0,0.0,1.0,1.0,0.0,1
"G[0,1](SBP <= 103.804 -> SepsisLabel = 0.000)
",9999999.000,9999999.000,0.000,1.000,0.000,10,0,0,0,10,0,10,0,1.0,0.0,0.0,1.0,1.0,0.0,1
"G[0,1]((FiO2 >= 0.000 & Bilirubin_total >= 0.000) | Alkalinephos >= 0.000)
",9999999.000,9999999.000,0.000,1.000,0.000,10,0,0,0,10,0,10,0,1.0,0.0,0.0,1.0,1.0,0.0,1
"G[0,1](BaseExcess <= 0.000 -> SepsisLabel = 0.000)
",9999999.000,9999999.000,0.000,1.000,0.000,10,0,0,0,10,0,10,0,1.0,0.0,0.0,1.0,1.0,0.0,1
"G[0,0](((Hgb <= 6.236 -> Platelets >= 6.333) -> EtCO2 <= 34.020) | Chloride <= 46.926)
",6604200324967298.000,46.926,0.000,1.000,0.000,10,0,0,0,10,0,10,0,1.0,0.0,0.0,1.0,1.0,0.0,1
"G[0,1]((Hgb >= 0.080 & SBP <= 110.009) -> Bilirubin_direct <= 93.221)
",9999999.000,9999999.000,0.000,1.000,0.000,10,0,0,0,10,0,10,0,1.0,0.0,0.0,1.0,1.0,0.0,1
"G[0,1]((DBP >= 35.699 & WBC >= 0.047) -> FiO2 <= 1.568)
",9999999.000,9999999.000,0.000,1.000,0.000,10,0,0,0,10,0,10,0,1.0,0.0,0.0,1.0,1.0,0.0,1
"G[0,0](((Bilirubin_total >= 0.000 -> Lactate >= 0.000) & Hct >= 0.000) -> pH >= 0.000)
",0.000,0.000,0.000,1.000,0.000,10,0,0,0,10,0,10,0,1.0,0.0,0.0,1.0,1.0,0.0,1
"G[0,1](Fibrinogen > 0.000 -> SepsisLabel = 0.000)
",9999999.000,9999999.000,0.000,1.000,0.000,10,0,0,0,10,0,10,0,1.0,0.0,0.0,1.0,1.0,0.0,1
"G[0,0]((Temp >= 1.389 & Fibrinogen <= 0.000) -> FiO2 >= 0.000)
",-0.333,-2.800,0.000,1.000,0.000,10,0,0,0,10,0,10,0,1.0,0.0,0.0,1.0,1.0,0.0,1
"G[0,1](DBP >= 8.347 -> SepsisLabel = 0.000)
",9999999.000,9999999.000,0.000,1.000,0.000,10,0,0,0,10,0,10,0,1.0,0.0,0.0,1.0,1.0,0.0,1
"G[1,1](SBP <= 132.984 | Alkalinephos <= 0.000)
",132.984,132.984,0.000,1.000,0.000,10,0,0,0,10,0,10,0,1.0,0.0,0.0,1.0,1.0,0.0,1
"G[0,0](BUN >= 0.844 -> EtCO2 <= 0.000)
",2.000,0.676,0.000,1.000,0.000,10,0,0,0,10,0,10,0,1.0,0.0,0.0,1.0,1.0,0.0,1
"G[0,0]((Hct <= 11.748 & Platelets <= 156.934) | DBP >= 6.735)
",2.405,62.812,0.000,1.000,0.000,10,0,0,0,10,0,10,0,1.0,0.0,0.0,1.0,1.0,0.0,1
"G[1,1](((PTT >= 0.000 & EtCO2 >= 0.000) & Hgb <= 0.000) -> MAP >= 0.000)
",0.000,0.000,0.000,1.000,0.000,10,0,0,0,10,0,10,0,1.0,0.0,0.0,1.0,1.0,0.0,1
"G[0,0](((Calcium <= 0.000 -> Alkalinephos >= 0.000) -> Magnesium <= 0.000) | Chloride >= 0.000)
",0.000,0.000,0.000,1.000,0.000,10,0,0,0,10,0,10,0,1.0,0.0,0.0,1.0,1.0,0.0,1
"F[0,1](((Calcium < 0.000 & Potassium < 3.170) & Magnesium < 1.414) & Phosphate < 0.000)
",-9999999.000,-9999999.000,0.000,0.000,1.000,10,0,0,0,10,0,10,0,1.0,0.0,0.0,1.0,1.0,0.0,-1
"G[0,1]((Glucose >= 3.857 | HR >= 8.397) -> Calcium <= 66.741)
",9999999.000,9999999.000,0.000,1.000,0.000,10,0,0,0,10,0,10,0,1.0,0.0,0.0,1.0,1.0,0.0,1
"G[0,1](Phosphate <= 0.000 -> SepsisLabel = 0.000)
",9999999.000,9999999.000,0.000,1.000,0.000,10,0,0,0,10,0,10,0,1.0,0.0,0.0,1.0,1.0,0.0,1
"G[1,1](((DBP <= 55.861 | Temp <= 12.539) | Phosphate <= 8.153) & Hgb <= 17.177)
",17.177,17.177,0.000,1.000,0.000,10,0,0,0,10,0,10,0,1.0,0.0,0.0,1.0,1.0,0.0,1
"G[0,0](Magnesium <= 1.501 | Temp >= 2.525)
",1.033,46.888,0.000,1.000,0.000,10,0,0,0,10,0,10,0,1.0,0.0,0.0,1.0,1.0,0.0,1
"G[0,1](((pH <= 0.000 & SaO2 <= 0.000) -> Resp >= 0.000) & Lactate <= 0.000)
",9999999.000,9999999.000,0.000,1.000,0.000,10,0,0,0,10,0,10,0,1.0,0.0,0.0,1.0,1.0,0.0,1
"G[0,1]((HCO3 >= 0.803 & HR >= 7.750) | Glucose <= 82.035)
",9999999.000,9999999.000,0.000,1.000,0.000,10,0,0,0,10,0,10,0,1.0,0.0,0.0,1.0,1.0,0.0,1
"G[0,1]((FiO2 >= 0.000 & Calcium <= 0.000) -> FiO2 >= 0.000)
",9999999.000,9999999.000,0.000,1.000,0.000,10,0,0,0,10,0,10,0,1.0,0.0,0.0,1.0,1.0,0.0,1
"G[0,1](((Glucose <= 94.536 & Temp <= 22.189) -> Hgb <= 33.162) | Hgb <= 12.066)
",9999999.000,9999999.000,0.000,1.000,0.000,10,0,0,0,10,0,10,0,1.0,0.0,0.0,1.0,1.0,0.0,1
"G[0,0](((Hct <= 12.460 | Magnesium >= 4.521124149213351e-05) | Magnesium >= 0.038) | Temp <= 1.111)
",12.460,12.460,0.000,1.000,0.000,10,0,0,0,10,0,10,0,1.0,0.0,0.0,1.0,1.0,0.0,1
"G[0,1]((DBP >= 10.992 -> PaCO2 >= 0.000) & O2Sat >= 0.000)
",9999999.000,9999999.000,0.000,1.000,0.000,10,0,0,0,10,0,10,0,1.0,0.0,0.0,1.0,1.0,0.0,1
"G[0,1](((FiO2 <= 0.000 | FiO2 <= 0.000) | DBP >= 0.000) | HR <= 0.000)
",9999999.000,9999999.000,0.000,1.000,0.000,10,0,0,0,10,0,10,0,1.0,0.0,0.0,1.0,1.0,0.0,1
"G[0,0](((BUN <= 6.204 | HR <= 86.233) -> Bilirubin_direct >= 57.463) -> AST <= 79.675)
",-5606627248596666.000,-79.675,0.000,1.000,0.000,10,0,0,0,10,0,10,0,1.0,0.0,0.0,1.0,1.0,0.0,1
"G[0,0](((Temp <= 33.969 -> Fibrinogen >= 0.000) | FiO2 <= 0.000) & Hgb >= 0.000)
",-0.333,-2.800,0.000,1.000,0.000,10,0,0,0,10,0,10,0,1.0,0.0,0.0,1.0,1.0,0.0,1
"G[0,1]((Creatinine >= 0.007 | Hct <= 7.674) | DBP >= 1.726)
",9999999.000,9999999.000,0.000,1.000,0.000,10,0,0,0,10,0,10,0,1.0,0.0,0.0,1.0,1.0,0.0,1
"G[0,1](((EtCO2 <= 0.000 -> Magnesium >= 0.040) & FiO2 <= 1.453) -> Hct >= 0.044)
",9999999.000,9999999.000,0.000,1.000,0.000,10,0,0,0,10,0,10,0,1.0,0.0,0.0,1.0,1.0,0.0,1
"G[0,1](AST >= 0.000 | PTT >= 0.000)
",9999999.000,9999999.000,0.000,1.000,0.000,10,0,0,0,10,0,10,0,1.0,0.0,0.0,1.0,1.0,0.0,1
"G[0,0](((FiO2 >= 0.000 & PTT <= 0.000) -> AST <= 0.000) | Magnesium <= 0.000)
",0.000,0.000,0.000,1.000,0.000,10,0,0,0,10,0,10,0,1.0,0.0,0.0,1.0,1.0,0.0,1
"G[1,1](Alkalinephos >= 0.000 & pH >= 0.000)
",0.000,0.000,0.000,1.000,0.000,10,0,0,0,10,0,10,0,1.0,0.0,0.0,1.0,1.0,0.0,1
"G[0,1]((BUN >= 0.184 -> PTT >= 0.000) -> pH <= 0.000)
",9999999.000,9999999.000,0.000,1.000,0.000,10,0,0,0,10,0,10,0,1.0,0.0,0.0,1.0,1.0,0.0,1
"G[0,1]((SaO2 >= 0.000 -> BUN <= 14.232) | Platelets >= 0.278)
",9999999.000,9999999.000,0.000,1.000,0.000,10,0,0,0,10,0,10,0,1.0,0.0,0.0,1.0,1.0,0.0,1
"G[1,1](EtCO2 >= 0.000 | Fibrinogen >= 0.000)
",0.000,0.000,0.000,1.000,0.000,10,0,0,0,10,0,10,0,1.0,0.0,0.0,1.0,1.0,0.0,1
"G[1,1](((Potassium >= 0.043 | BUN >= 0.675) | pH >= 0.321) -> BUN >= 0.175)
",6129601184799394.000,0.043,0.000,1.000,0.000,10,0,0,0,10,0,10,0,1.0,0.0,0.0,1.0,1.0,0.0,1
"((MAP >= 39.928) U[1,1] (SBP <= 93.670))
",93.670,93.670,0.000,0.000,1.000,9,0,0,1,10,0,9,1,0.9,0.0,0.0,1.0,0.9,0.09999999999999998,-1
"((Hct <= 30.603) U[0,1] (Platelets >= 6.690))
",-9999999.000,-9999999.000,0.000,0.000,1.000,9,0,0,1,10,0,9,1,0.9,0.0,0.0,1.0,0.9,0.09999999999999998,-1
"F[0,1]((Bilirubin_total >= 0.000 -> Potassium >= 0.110) & Chloride >= 0.064)
",-9999999.000,-9999999.000,0.000,0.000,1.000,9,0,0,1,10,0,9,1,0.9,0.0,0.0,1.0,0.9,0.09999999999999998,-1
"F[0,1](Chloride >= 3.980 & TroponinI <= 0.000)
",-9999999.000,-9999999.000,0.000,0.000,1.000,9,0,0,1,10,0,9,1,0.9,0.0,0.0,1.0,0.9,0.09999999999999998,-1
"G[0,1]((Resp >= 2.163 | Hgb >= 0.451) | DBP <= 7.325)
",9999999.000,9999999.000,0.000,1.000,0.000,9,0,0,1,10,0,9,1,0.9,0.0,0.0,1.0,0.9,0.09999999999999998,1
"((Hgb >= 0.335) U[1,2] (Temp <= 36.358))
",-9999999.000,-9999999.000,0.000,0.000,1.000,9,0,0,1,10,0,9,1,0.9,0.0,0.0,1.0,0.9,0.09999999999999998,-1
"F[0,1](((TroponinI <= 0.000 & BUN <= 9.405) & FiO2 <= 4.368) -> Bilirubin_direct >= 0.622)
",-9999999.000,-9999999.000,0.000,0.000,1.000,9,0,0,1,10,0,9,1,0.9,0.0,0.0,1.0,0.9,0.09999999999999998,-1
"((SBP <= 112.142) U[1,1] (Hct >= 3.369))
",112.142,112.142,0.000,0.000,1.000,9,0,0,1,10,0,9,1,0.9,0.0,0.0,1.0,0.9,0.09999999999999998,-1
"G[1,1](((Hct <= 27.841 | Temp <= 6.811) | O2Sat <= 11.883) & Temp <= 31.224)
",27.841,27.841,0.000,1.000,0.000,9,0,0,1,10,0,9,1,0.9,0.0,0.0,1.0,0.9,0.09999999999999998,1
"F[0,0](((Potassium <= 2.426 | Creatinine <= 0.924) -> HR >= 0.014) & Temp >= 0.046)
",-5255.986,-5255.986,0.000,0.000,1.000,9,0,0,1,10,0,9,1,0.9,0.0,0.0,1.0,0.9,0.09999999999999998,-1
"((Resp >= 7.656) U[0,1] (Potassium >= 0.154))
",-9999999.000,-9999999.000,0.000,0.000,1.000,9,0,0,1,10,0,9,1,0.9,0.0,0.0,1.0,0.9,0.09999999999999998,-1
"G[0,0](Temp <= 16.152 | Chloride >= 1.081)
",0.875,7.535,0.000,1.000,0.000,9,0,0,1,10,0,9,1,0.9,0.0,0.0,1.0,0.9,0.09999999999999998,1
"G[0,1](((AST >= 0.000 -> FiO2 >= 0.000) -> HR <= 0.000) | WBC <= 0.000)
",9999999.000,9999999.000,0.000,1.000,0.000,9,0,0,1,10,0,9,1,0.9,0.0,0.0,1.0,0.9,0.09999999999999998,1
"G[0,0]((Temp <= 13.605 | Resp <= 15.569) & Calcium <= 20.702)
",-0.542,-17.070,0.000,1.000,0.000,9,0,0,1,10,0,9,1,0.9,0.0,0.0,1.0,0.9,0.09999999999999998,1
"G[0,1](Magnesium <= 1.663 & Phosphate >= 0.000)
",9999999.000,9999999.000,0.000,1.000,0.000,9,0,0,1,10,0,9,1,0.9,0.0,0.0,1.0,0.9,0.09999999999999998,1
"G[0,1]((MAP >= 36.638 | SBP <= 112.013) & HCO3 <= 110.158)
",9999999.000,9999999.000,0.000,1.000,0.000,9,0,0,1,10,0,9,1,0.9,0.0,0.0,1.0,0.9,0.09999999999999998,1
"F[0,1]((Glucose >= 3.462 & BUN >= 0.746) & Bilirubin_total <= 12.156)
",-9999999.000,-9999999.000,0.000,0.000,1.000,9,0,0,1,10,0,9,1,0.9,0.0,0.0,1.0,0.9,0.09999999999999998,-1
"F[0,1](AST >= 0.000 & Platelets >= 0.440)
",-9999999.000,-9999999.000,0.000,0.000,1.000,9,0,0,1,10,0,9,1,0.9,0.0,0.0,1.0,0.9,0.09999999999999998,-1
"F[1,1](((SepsisLabel >= 0.000 & FiO2 <= 0.000) | EtCO2 <= 0.000) & Resp <= 0.000)
",0.000,0.000,0.000,0.000,1.000,8,0,0,2,10,0,8,2,0.8,0.0,0.0,1.0,0.8,0.19999999999999996,-1
"F[0,1]((Hct >= 2.650 & pH >= 0.000) & Alkalinephos <= 0.000)
",-9999999.000,-9999999.000,0.000,0.000,1.000,8,0,0,2,10,0,8,2,0.8,0.0,0.0,1.0,0.8,0.19999999999999996,-1
"G[1,1](((BUN >= 0.785 -> BUN <= 1.553) | PaCO2 <= 16.498) -> HR >= 0.085)
",-16.498,-16.498,0.000,1.000,0.000,8,0,0,2,10,0,8,2,0.8,0.0,0.0,1.0,0.8,0.19999999999999996,1
"((EtCO2 <= 0.000) U[1,1] (HR <= 66.968))
",66.968,66.968,0.000,0.000,1.000,8,0,0,2,10,0,8,2,0.8,0.0,0.0,1.0,0.8,0.19999999999999996,-1
"F[0,1](EtCO2 <= 0.000 & Hct >= 2.150)
",-9999999.000,-9999999.000,0.000,0.000,1.000,8,0,0,2,10,0,8,2,0.8,0.0,0.0,1.0,0.8,0.19999999999999996,-1
"F[1,1](Hct >= 1.078 & Resp >= 13.605)
",-13.605,-13.605,0.000,0.000,1.000,8,0,0,2,10,0,8,2,0.8,0.0,0.0,1.0,0.8,0.19999999999999996,-1
"G[1,1](Hct <= 29.796 -> HR >= 50.685)
",-8386735001115038.000,-29.796,0.000,1.000,0.000,8,0,0,2,10,0,8,2,0.8,0.0,0.0,1.0,0.8,0.19999999999999996,1
"F[0,1]((HR <= 76.236 & HR >= 38.797) & Magnesium <= 89.007)
",-9999999.000,-9999999.000,0.000,0.000,1.000,8,0,0,2,10,0,8,2,0.8,0.0,0.0,1.0,0.8,0.19999999999999996,-1
"((MAP >= 45.788) U[0,0] (SBP <= 90.892))
",15.062,88.924,0.000,0.000,1.000,7,0,0,3,10,0,7,3,0.7,0.0,0.0,1.0,0.7,0.30000000000000004,-1
"G[1,1](Glucose <= 79.372 & MAP >= 44.016)
",-6194687115650830.000,-44.016,0.000,1.000,0.000,7,0,0,3,10,0,7,3,0.7,0.0,0.0,1.0,0.7,0.30000000000000004,1
"G[0,1](Hct <= 9.992 -> HR >= 17.913)
",9999999.000,9999999.000,0.000,1.000,0.000,6,0,0,4,10,0,6,4,0.6,0.0,0.0,1.0,0.6,0.4,1
"G[0,1](HR >= 43.137 -> DBP <= 65.398)
",9999999.000,9999999.000,0.000,1.000,0.000,6,0,0,4,10,0,6,4,0.6,0.0,0.0,1.0,0.6,0.4,1
"G[0,1](((DBP >= 6.953 -> HR >= 57.302) -> HR >= 48.402) & Magnesium <= 76.564)
",9999999.000,9999999.000,0.000,1.000,0.000,6,0,0,4,10,0,6,4,0.6,0.0,0.0,1.0,0.6,0.4,1
"G[0,0](((SaO2 >= 0.000 & DBP >= 27.404) | AST >= 1.889) -> DBP <= 62.799)
",-0.500,-12.560,0.000,1.000,0.000,6,0,0,4,10,0,6,4,0.6,0.0,0.0,1.0,0.6,0.4,1
"G[0,1](((BUN >= 0.698 & Magnesium >= 0.088) & Alkalinephos <= 0.491) | HR >= 0.015)
",9999999.000,9999999.000,0.000,1.000,0.000,6,0,0,4,10,0,6,4,0.6,0.0,0.0,1.0,0.6,0.4,1
"F[0,1](((Glucose <= 27.321 -> Temp <= 26.071) -> SBP >= 3.224) -> AST >= 0.032)
",-9999999.000,-9999999.000,0.000,0.000,1.000,6,0,0,4,10,0,6,4,0.6,0.0,0.0,1.0,0.6,0.4,-1
"F[1,1]((Bilirubin_total <= 0.000 & O2Sat <= 78.953) -> SaO2 >= 12.492)
",0.000,0.000,0.000,0.000,1.000,6,0,0,4,10,0,6,4,0.6,0.0,0.0,1.0,0.6,0.4,-1
"((SBP <= 92.430) U[1,2] (Platelets <= 145.407))
",-9999999.000,-9999999.000,0.000,0.000,1.000,6,0,0,4,10,0,6,4,0.6,0.0,0.0,1.0,0.6,0.4,-1
"F[0,0](((BUN <= 1.494 & BUN <= 3.874) -> Resp <= 10.343) | MAP <= 16.091)
",0.288,2.023,0.000,0.000,1.000,6,0,0,4,10,0,6,4,0.6,0.0,0.0,1.0,0.6,0.4,-1
"((MAP >= 6.985) U[0,1] (SBP <= 103.273))
",-9999999.000,-9999999.000,0.000,0.000,1.000,5,0,0,5,10,0,5,5,0.5,0.0,0.0,1.0,0.5,0.5,-1
"F[0,0]((DBP <= 57.127 -> Hct >= 3.441) -> O2Sat <= 4.363)
",-9.831,-3.625,0.000,0.000,1.000,5,0,0,5,10,0,5,5,0.5,0.0,0.0,1.0,0.5,0.5,-1
"G[0,0](DBP <= 65.492 -> SBP <= 97.833)
",-8.698,-94.222,0.000,1.000,0.000,5,0,0,5,10,0,5,5,0.5,0.0,0.0,1.0,0.5,0.5,1
"G[0,1](MAP >= 17.218 & PaCO2 <= 0.000)
",9999999.000,9999999.000,0.000,1.000,0.000,5,0,0,5,10,0,5,5,0.5,0.0,0.0,1.0,0.5,0.5,1
"((O2Sat <= 87.324) U[1,2] (BaseExcess >= 0.000))
",-9999999.000,-9999999.000,0.000,0.000,1.000,5,0,0,5,10,0,5,5,0.5,0.0,0.0,1.0,0.5,0.5,-1
"((Potassium >= 0.103) U[0,1] (O2Sat >= 2.625))
",-9999999.000,-9999999.000,0.000,0.000,1.000,4,0,0,6,10,0,4,6,0.4,0.0,0.0,1.0,0.4,0.6,-1
"F[0,1]((MAP <= 80.522 -> WBC >= 0.257) | SepsisLabel >= 0.312)
",-9999999.000,-9999999.000,0.000,0.000,1.000,4,0,0,6,10,0,4,6,0.4,0.0,0.0,1.0,0.4,0.6,-1
"F[0,1]((EtCO2 <= 0.000 & HR <= 79.744) | SepsisLabel >= 1.217)
",-9999999.000,-9999999.000,0.000,0.000,1.000,4,0,0,6,10,0,4,6,0.4,0.0,0.0,1.0,0.4,0.6,-1
"((O2Sat >= 26.270) U[0,0] (Resp <= 18.669))
",3.075,49.617,0.000,0.000,1.000,4,0,0,6,10,0,4,6,0.4,0.0,0.0,1.0,0.4,0.6,-1
"((MAP >= 33.086) U[1,2] (SBP <= 134.850))
",-9999999.000,-9999999.000,0.000,0.000,1.000,4,0,0,6,10,0,4,6,0.4,0.0,0.0,1.0,0.4,0.6,-1
"((MAP >= 31.095) U[0,1] (O2Sat >= 15.617))
",-9999999.000,-9999999.000,0.000,0.000,1.000,4,0,0,6,10,0,4,6,0.4,0.0,0.0,1.0,0.4,0.6,-1
"F[0,1](Hct <= 12.158 & Resp <= 18.091)
",-9999999.000,-9999999.000,0.000,0.000,1.000,4,0,0,6,10,0,4,6,0.4,0.0,0.0,1.0,0.4,0.6,-1
"((DBP >= 14.659) U[1,2] (Platelets <= 189.132))
",-9999999.000,-9999999.000,0.000,0.000,1.000,3,0,0,7,10,0,3,7,0.3,0.0,0.0,1.0,0.3,0.7,-1
"G[0,1](SepsisLabel <= 0.000 & O2Sat >= 39.978)
",9999999.000,9999999.000,0.000,1.000,0.000,3,0,0,7,10,0,3,7,0.3,0.0,0.0,1.0,0.3,0.7,1
"((EtCO2 >= 0.000) U[0,0] (SBP >= 18.610))
",1.951,18.200,0.000,0.000,1.000,3,0,0,7,10,0,3,7,0.3,0.0,0.0,1.0,0.3,0.7,-1
"((MAP >= 46.766) U[0,1] (SBP <= 114.608))
",-9999999.000,-9999999.000,0.000,0.000,1.000,3,0,0,7,10,0,3,7,0.3,0.0,0.0,1.0,0.3,0.7,-1
"G[1,1](((BUN >= 0.743 | MAP <= 80.652) & O2Sat >= 45.960) & Bilirubin_direct <= 83.097)
",-6468363391526546.000,-45.960,0.000,1.000,0.000,3,0,0,7,10,0,3,7,0.3,0.0,0.0,1.0,0.3,0.7,1
"((MAP >= 14.099) U[0,1] (SBP <= 114.477))
",-9999999.000,-9999999.000,0.000,0.000,1.000,3,0,0,7,10,0,3,7,0.3,0.0,0.0,1.0,0.3,0.7,-1
"((Resp >= 2.607) U[0,0] (SBP >= 74.619))
",1.885,48.593,0.000,0.000,1.000,3,0,0,7,10,0,3,7,0.3,0.0,0.0,1.0,0.3,0.7,-1
"F[0,1]((Hgb <= 0.849 -> O2Sat <= 76.581) | Resp >= 39.380)
",-9999999.000,-9999999.000,0.000,0.000,1.000,3,0,0,7,10,0,3,7,0.3,0.0,0.0,1.0,0.3,0.7,-1
"F[1,1]((HR <= 89.256 -> Potassium >= 0.044) -> Bilirubin_direct >= 0.056)
",0.056,0.056,0.000,0.000,1.000,3,0,0,7,10,0,3,7,0.3,0.0,0.0,1.0,0.3,0.7,-1
"F[1,1](TroponinI <= 0.000 -> DBP >= 13.247)
",0.000,0.000,0.000,0.000,1.000,2,0,0,8,10,0,2,8,0.2,0.0,0.0,1.0,0.2,0.8,-1
"((HCO3 <= 23.243) U[1,1] (Hct <= 33.862))
",33.862,33.862,0.000,0.000,1.000,2,0,0,8,10,0,2,8,0.2,0.0,0.0,1.0,0.2,0.8,-1
"G[0,1]((Alkalinephos <= 0.000 -> Lactate >= 0.000) & SBP <= 0.000)
",9999999.000,9999999.000,0.000,1.000,0.000,1,0,0,9,10,0,1,9,0.1,0.0,0.0,1.0,0.1,0.9,1
"G[0,1]((pH >= 0.000 & Alkalinephos <= 0.000) -> DBP <= 0.000)
",9999999.000,9999999.000,0.000,1.000,0.000,1,0,0,9,10,0,1,9,0.1,0.0,0.0,1.0,0.1,0.9,1
"G[1,1](((Hgb <= 11.534 | Hct <= 4.190) -> WBC >= 0.380) & Platelets >= 4.165)
",-11.534,-11.534,0.000,1.000,0.000,1,0,0,9,10,0,1,9,0.1,0.0,0.0,1.0,0.1,0.9,1
"G[1,1](Platelets <= 185.986 -> WBC >= 0.170)
",-6543796080300499.000,-185.986,0.000,1.000,0.000,1,0,0,9,10,0,1,9,0.1,0.0,0.0,1.0,0.1,0.9,1
"G[1,1](Chloride >= 4.983 & HCO3 >= 0.595)
",-4.983,-4.983,0.000,1.000,0.000,1,0,0,9,10,0,1,9,0.1,0.0,0.0,1.0,0.1,0.9,1
"G[0,1](((Temp <= 15.264 -> BUN <= 13.878) & DBP <= 6.942) & Magnesium <= 1.136)
",9999999.000,9999999.000,0.000,1.000,0.000,1,0,0,9,10,0,1,9,0.1,0.0,0.0,1.0,0.1,0.9,1
"G[1,1](Chloride >= 4.011 & HCO3 >= 1.391)
",-4.011,-4.011,0.000,1.000,0.000,1,0,0,9,10,0,1,9,0.1,0.0,0.0,1.0,0.1,0.9,1
"G[0,1](Potassium <= 0.609 -> Temp >= 0.950)
",9999999.000,9999999.000,0.000,1.000,0.000,1,0,0,9,10,0,1,9,0.1,0.0,0.0,1.0,0.1,0.9,1
"G[1,1](Hgb > 0.293 & SepsisLabel = 0.000)
",-5279636035212531.000,-0.293,0.000,1.000,0.000,1,0,0,9,10,0,1,9,0.1,0.0,0.0,1.0,0.1,0.9,1
"F[0,1]((Magnesium <= 0.370 & O2Sat >= 30.434) | DBP >= 2.159)
",-9999999.000,-9999999.000,0.000,0.000,1.000,1,0,0,9,10,0,1,9,0.1,0.0,0.0,1.0,0.1,0.9,-1
"F[1,1]((SBP <= 102.502 | SepsisLabel <= 0.000) -> WBC <= 0.000)
",-102.502,-102.502,0.000,0.000,1.000,1,0,0,9,10,0,1,9,0.1,0.0,0.0,1.0,0.1,0.9,-1
"((MAP <= 67.499) U[1,2] (HCO3 >= 0.343))
",-9999999.000,-9999999.000,0.000,0.000,1.000,1,0,0,9,10,0,1,9,0.1,0.0,0.0,1.0,0.1,0.9,-1
"F[0,1](SaO2 <= 0.000 & HR >= 20.995)
",-9999999.000,-9999999.000,0.000,0.000,1.000,1,0,0,9,10,0,1,9,0.1,0.0,0.0,1.0,0.1,0.9,-1
"((HCO3 >= 0.331) U[1,2] (Magnesium >= 0.070))
",-9999999.000,-9999999.000,0.000,0.000,1.000,1,0,0,9,10,0,1,9,0.1,0.0,0.0,1.0,0.1,0.9,-1
"F[0,0](((Potassium >= 0.056 -> PTT >= 0.000) -> Temp <= 0.000) | O2Sat <= 0.000)
",0.000,0.000,0.000,0.000,1.000,1,0,0,9,10,0,1,9,0.1,0.0,0.0,1.0,0.1,0.9,-1
"F[0,1](MAP >= 11.017 & Calcium <= 0.000)
",-9999999.000,-9999999.000,0.000,0.000,1.000,1,0,0,9,10,0,1,9,0.1,0.0,0.0,1.0,0.1,0.9,-1
"F[1,1](((Resp <= 22.812 & Bilirubin_direct >= 0.000) -> Bilirubin_total >= 0.000) & BUN <= 0.000)
",0.000,0.000,0.000,0.000,1.000,1,0,0,9,10,0,1,9,0.1,0.0,0.0,1.0,0.1,0.9,-1
"F[1,1](Hgb <= 1.738 | Hct <= 27.594)
",27.594,27.594,0.000,0.000,1.000,1,0,0,9,10,0,1,9,0.1,0.0,0.0,1.0,0.1,0.9,-1
"((MAP >= 36.233) U[1,2] (SBP <= 110.336))
",-9999999.000,-9999999.000,0.000,0.000,1.000,1,0,0,9,10,0,1,9,0.1,0.0,0.0,1.0,0.1,0.9,-1
"F[0,2]((Creatinine >= 0.008 | AST >= 0.000) & Potassium <= 0.000)
",-9999999.000,-9999999.000,0.000,0.000,1.000,0,0,0,10,10,0,0,10,0.0,0.0,0.0,0.0,0.0,1.0,-1
"F[0,2](Chloride >= 4.225 | Calcium >= 0.000)
",-9999999.000,-9999999.000,0.000,0.000,1.000,0,0,0,10,10,0,0,10,0.0,0.0,0.0,0.0,0.0,1.0,-1
"G[1,2](Calcium <= 0.000 & Fibrinogen <= 0.000)
",9999999.000,9999999.000,0.000,1.000,0.000,0,0,10,0,0,10,10,0,0.0,0.0,1.0,0.0,0.0,1.0,1
"F[1,1](((EtCO2 <= 0.000 | FiO2 >= 0.000) | WBC >= 0.000) & Phosphate <= 0.000)
",0.000,0.000,0.000,0.000,1.000,0,0,0,10,10,0,0,10,0.0,0.0,0.0,0.0,0.0,1.0,-1
"F[2,2](Temp <= 19.971 & SepsisLabel = 0.000)
",0.000,0.000,0.000,0.000,1.000,0,0,0,10,10,0,0,10,0.0,0.0,0.0,0.0,0.0,1.0,-1
"F[0,1](((Hct <= 27.199 | Potassium <= 0.997) -> Glucose <= 1.621) & TroponinI <= 2.804)
",-9999999.000,-9999999.000,0.000,0.000,1.000,0,0,0,10,10,0,0,10,0.0,0.0,0.0,0.0,0.0,1.0,-1
"F[0,1]((Hct <= 33.344 & WBC <= 2.427) & Glucose <= 1.292)
",-9999999.000,-9999999.000,0.000,0.000,1.000,0,0,0,10,10,0,0,10,0.0,0.0,0.0,0.0,0.0,1.0,-1
"F[0,2]((HR >= 11.343 -> O2Sat >= 13.236) | pH >= 6.415)
",-9999999.000,-9999999.000,0.000,0.000,1.000,0,0,0,10,10,0,0,10,0.0,0.0,0.0,0.0,0.0,1.0,-1
"F[1,1]((O2Sat <= 61.585 | SBP >= 72.235) -> PTT <= 133.979)
",-133.979,-133.979,0.000,0.000,1.000,0,0,0,10,10,0,0,10,0.0,0.0,0.0,0.0,0.0,1.0,-1
"F[0,2]((DBP <= 65.972 -> O2Sat >= 33.469) | EtCO2 <= 81.945)
",-9999999.000,-9999999.000,0.000,0.000,1.000,0,0,0,10,10,0,0,10,0.0,0.0,0.0,0.0,0.0,1.0,-1
"F[1,2]((O2Sat <= 50.385 | Resp >= 13.532) & TroponinI >= 13.626)
",-9999999.000,-9999999.000,0.000,0.000,1.000,0,0,0,10,10,0,0,10,0.0,0.0,0.0,0.0,0.0,1.0,-1
"F[0,2](O2Sat <= 90.591 | Temp >= 3.419)
",-9999999.000,-9999999.000,0.000,0.000,1.000,0,0,0,10,10,0,0,10,0.0,0.0,0.0,0.0,0.0,1.0,-1
"F[0,2]((Hct <= 9.657 & MAP <= 66.643) & SaO2 >= 6.273)
",-9999999.000,-9999999.000,0.000,0.000,1.000,0,0,0,10,10,0,0,10,0.0,0.0,0.0,0.0,0.0,1.0,-1
"F[1,2](Hct >= 2.474 | SBP >= 9.081)
",-9999999.000,-9999999.000,0.000,0.000,1.000,0,0,0,10,10,0,0,10,0.0,0.0,0.0,0.0,0.0,1.0,-1
"((Glucose >= 2.754) U[0,1] (SepsisLabel = 0.000))
",-9999999.000,-9999999.000,0.000,0.000,1.000,0,0,0,10,10,0,0,10,0.0,0.0,0.0,0.0,0.0,1.0,-1
"F[0,0]((Resp >= 2.793 & Phosphate >= 0.000) | Alkalinephos <= 0.000)
",0.333,0.180,0.000,0.000,1.000,0,0,0,10,10,0,0,10,0.0,0.0,0.0,0.0,0.0,1.0,-1
"((Chloride > 4.187) U[0,1] (SepsisLabel = 0.000))
",-9999999.000,-9999999.000,0.000,0.000,1.000,0,0,0,10,10,0,0,10,0.0,0.0,0.0,0.0,0.0,1.0,-1
"((Creatinine >= 0.040) U[0,1] (SepsisLabel = 0.000))
",-9999999.000,-9999999.000,0.000,0.000,1.000,0,0,0,10,10,0,0,10,0.0,0.0,0.0,0.0,0.0,1.0,-1
"F[0,2](Resp > 12.887 & SepsisLabel = 0.000)
",-9999999.000,-9999999.000,0.000,0.000,1.000,0,0,0,10,10,0,0,10,0.0,0.0,0.0,0.0,0.0,1.0,-1
"F[2,2](Bilirubin_direct <= 0.000 & SepsisLabel = 0.000)
",0.000,0.000,0.000,0.000,1.000,0,0,0,10,10,0,0,10,0.0,0.0,0.0,0.0,0.0,1.0,-1
"F[0,1](PTT >= 0.000 -> SepsisLabel = 0.000)
",-9999999.000,-9999999.000,0.000,0.000,1.000,0,0,0,10,10,0,0,10,0.0,0.0,0.0,0.0,0.0,1.0,-1
"F[0,1](PaCO2 <= 0.000 -> SepsisLabel = 0.000)
",-9999999.000,-9999999.000,0.000,0.000,1.000,0,0,0,10,10,0,0,10,0.0,0.0,0.0,0.0,0.0,1.0,-1
"((EtCO2 > 0.000) U[0,0] (SepsisLabel = 0.000))
",1.951,18.200,0.000,0.000,1.000,0,0,0,10,10,0,0,10,0.0,0.0,0.0,0.0,0.0,1.0,-1
"F[0,0](Platelets >= 2.481 -> SepsisLabel = 0.000)
",0.333,0.248,0.000,0.000,1.000,0,0,0,10,10,0,0,10,0.0,0.0,0.0,0.0,0.0,1.0,-1
"F[1,2](MAP >= 30.303 & SepsisLabel = 0.000)
",-9999999.000,-9999999.000,0.000,0.000,1.000,0,0,0,10,10,0,0,10,0.0,0.0,0.0,0.0,0.0,1.0,-1
"F[1,1](EtCO2 >= 0.000 & SepsisLabel = 0.000)
",0.000,0.000,0.000,0.000,1.000,0,0,0,10,10,0,0,10,0.0,0.0,0.0,0.0,0.0,1.0,-1
"((FiO2 >= 0.000) U[0,0] (SepsisLabel = 0.000))
",0.333,2.800,0.000,0.000,1.000,0,0,0,10,10,0,0,10,0.0,0.0,0.0,0.0,0.0,1.0,-1
"F[0,1](Bilirubin_total >= 0.000 -> SepsisLabel = 0.000)
",-9999999.000,-9999999.000,0.000,0.000,1.000,0,0,0,10,10,0,0,10,0.0,0.0,0.0,0.0,0.0,1.0,-1
"F[2,2](TroponinI < 0.000 -> SepsisLabel = 0.000)
",0.000,0.000,0.000,0.000,1.000,0,0,0,10,10,0,0,10,0.0,0.0,0.0,0.0,0.0,1.0,-1
"F[1,2](Phosphate > 0.000 & SepsisLabel = 0.000)
",-9999999.000,-9999999.000,0.000,0.000,1.000,0,0,0,10,10,0,0,10,0.0,0.0,0.0,0.0,0.0,1.0,-1
"F[1,2](O2Sat > 30.959 -> SepsisLabel = 0.000)
",-9999999.000,-9999999.000,0.000,0.000,1.000,0,0,0,10,10,0,0,10,0.0,0.0,0.0,0.0,0.0,1.0,-1
"((SaO2 > 0.000) U[0,0] (SepsisLabel = 0.000))
",0.000,0.000,0.000,0.000,1.000,0,0,0,10,10,0,0,10,0.0,0.0,0.0,0.0,0.0,1.0,-1
"F[0,2](Hct <= 22.898 & SepsisLabel = 0.000)
",-9999999.000,-9999999.000,0.000,0.000,1.000,0,0,0,10,10,0,0,10,0.0,0.0,0.0,0.0,0.0,1.0,-1
"((Potassium < 0.928) U[0,1] (SepsisLabel = 0.000))
",-9999999.000,-9999999.000,0.000,0.000,1.000,0,0,0,10,10,0,0,10,0.0,0.0,0.0,0.0,0.0,1.0,-1
"((DBP >= 25.553) U[0,2] (SepsisLabel = 0.000))
",-9999999.000,-9999999.000,0.000,0.000,1.000,0,0,0,10,10,0,0,10,0.0,0.0,0.0,0.0,0.0,1.0,-1
"F[0,0](Bilirubin_total <= 0.000 | Bilirubin_total >= 0.000)
",0.333,0.340,0.000,0.000,1.000,0,0,0,10,10,0,0,10,0.0,0.0,0.0,0.0,0.0,1.0,-1
"((Bilirubin_direct >= 0.000) U[0,2] (PaCO2 <= 0.000))
",-9999999.000,-9999999.000,0.000,0.000,1.000,0,0,0,10,10,0,0,10,0.0,0.0,0.0,0.0,0.0,1.0,-1
"F[0,1](((AST <= 0.000 | BaseExcess <= 0.000) | pH >= 0.000) & Hgb <= 0.000)
",-9999999.000,-9999999.000,0.000,0.000,1.000,0,0,0,10,10,0,0,10,0.0,0.0,0.0,0.0,0.0,1.0,-1
"F[0,2](((TroponinI <= 0.000 -> O2Sat <= 83.923) & Alkalinephos >= 42.352) & Magnesium <= 82.118)
",-9999999.000,-9999999.000,0.000,0.000,1.000,0,0,0,10,10,0,0,10,0.0,0.0,0.0,0.0,0.0,1.0,-1
"F[1,2](((Chloride >= 3.535 -> Hgb >= 0.313) | SepsisLabel >= 0.459) -> Phosphate >= 0.436)
",-9999999.000,-9999999.000,0.000,0.000,1.000,0,0,0,10,10,0,0,10,0.0,0.0,0.0,0.0,0.0,1.0,-1
"F[0,0]((Resp <= 25.244 & Glucose <= 22.940) -> Fibrinogen <= 36.844)
",-14.287,-36.004,0.000,0.000,1.000,0,0,0,10,10,0,0,10,0.0,0.0,0.0,0.0,0.0,1.0,-1
"F[0,1](EtCO2 >= 0.000 | Phosphate >= 0.000)
",-9999999.000,-9999999.000,0.000,0.000,1.000,0,0,0,10,10,0,0,10,0.0,0.0,0.0,0.0,0.0,1.0,-1
"F[0,1](((WBC >= 0.068 & AST >= 0.000) & MAP >= 0.000) | Platelets <= 0.000)
",-9999999.000,-9999999.000,0.000,0.000,1.000,0,0,0,10,10,0,0,10,0.0,0.0,0.0,0.0,0.0,1.0,-1
"F[0,2]((Phosphate <= 0.000 -> Creatinine <= 0.757) & Phosphate >= 0.004)
",-9999999.000,-9999999.000,0.000,0.000,1.000,0,0,0,10,10,0,0,10,0.0,0.0,0.0,0.0,0.0,1.0,-1
"F[2,2](((FiO2 >= 0.000 & Magnesium <= 0.869) -> WBC >= 0.075) -> Lactate <= 0.840)
",-7562030108875090.000,-0.840,0.000,0.000,1.000,0,0,0,10,10,0,0,10,0.0,0.0,0.0,0.0,0.0,1.0,-1
"((MAP <= 63.394) U[0,2] (BUN <= 1.934))
",-9999999.000,-9999999.000,0.000,0.000,1.000,0,0,0,10,10,0,0,10,0.0,0.0,0.0,0.0,0.0,1.0,-1
"F[1,2](((Bilirubin_total >= 0.000 | Glucose <= 82.612) -> Hgb >= 1.165) | DBP >= 4.056)
",-9999999.000,-9999999.000,0.000,0.000,1.000,0,0,0,10,10,0,0,10,0.0,0.0,0.0,0.0,0.0,1.0,-1
"F[1,2]((EtCO2 <= 0.000 & Bilirubin_direct <= 0.000) & HR >= 0.000)
",-9999999.000,-9999999.000,0.000,0.000,1.000,0,0,0,10,10,0,0,10,0.0,0.0,0.0,0.0,0.0,1.0,-1
"F[0,0](O2Sat <= 83.576 | AST <= 0.000)
",0.560,18.338,0.000,0.000,1.000,0,0,0,10,10,0,0,10,0.0,0.0,0.0,0.0,0.0,1.0,-1
"F[0,2]((HCO3 >= 0.068 & TroponinI <= 0.000) | Glucose <= 0.000)
",-9999999.000,-9999999.000,0.000,0.000,1.000,0,0,0,10,10,0,0,10,0.0,0.0,0.0,0.0,0.0,1.0,-1
"F[1,2](((Potassium >= 0.097 | EtCO2 <= 0.000) & Resp >= 0.000) | Hgb <= 0.000)
",-9999999.000,-9999999.000,0.000,0.000,1.000,0,0,0,10,10,0,0,10,0.0,0.0,0.0,0.0,0.0,1.0,-1
"F[0,1](HR <= 73.893 -> Fibrinogen <= 0.000)
",-9999999.000,-9999999.000,0.000,0.000,1.000,0,0,0,10,10,0,0,10,0.0,0.0,0.0,0.0,0.0,1.0,-1
"((Hct <= 35.002) U[0,1] (SepsisLabel <= 0.000))
",-9999999.000,-9999999.000,0.000,0.000,1.000,0,0,0,10,10,0,0,10,0.0,0.0,0.0,0.0,0.0,1.0,-1
"F[0,1](((TroponinI >= 0.000 -> Alkalinephos >= 0.000) | AST >= 0.000) -> SBP >= 0.000)
",-9999999.000,-9999999.000,0.000,0.000,1.000,0,0,0,10,10,0,0,10,0.0,0.0,0.0,0.0,0.0,1.0,-1
"F[1,2](TroponinI <= 0.000 | Calcium >= 0.000)
",-9999999.000,-9999999.000,0.000,0.000,1.000,0,0,0,10,10,0,0,10,0.0,0.0,0.0,0.0,0.0,1.0,-1
"F[0,1](((Chloride <= 103.409 & pH >= 0.000) -> Hct >= 0.000) -> MAP >= 0.000)
",-9999999.000,-9999999.000,0.000,0.000,1.000,0,0,0,10,10,0,0,10,0.0,0.0,0.0,0.0,0.0,1.0,-1
"F[0,0]((Alkalinephos <= 0.000 & Bilirubin_direct <= 0.000) & Glucose <= 0.000)
",-0.333,-1.700,0.000,0.000,1.000,0,0,0,10,10,0,0,10,0.0,0.0,0.0,0.0,0.0,1.0,-1
"F[1,2]((SBP <= 100.368 | Fibrinogen >= 0.000) | Bilirubin_total >= 0.000)
",-9999999.000,-9999999.000,0.000,0.000,1.000,0,0,0,10,10,0,0,10,0.0,0.0,0.0,0.0,0.0,1.0,-1
"((FiO2 >= 0.000) U[1,2] (DBP <= 67.835))
",-9999999.000,-9999999.000,0.000,0.000,1.000,0,0,0,10,10,0,0,10,0.0,0.0,0.0,0.0,0.0,1.0,-1
"F[1,1]((Bilirubin_direct <= 0.000 | SepsisLabel >= 0.000) | Creatinine >= 0.000)
",0.000,0.000,0.000,0.000,1.000,0,0,0,10,10,0,0,10,0.0,0.0,0.0,0.0,0.0,1.0,-1
"F[0,1](((PTT >= 0.000 | SaO2 <= 0.000) -> Resp <= 0.000) -> Platelets <= 0.000)
",-9999999.000,-9999999.000,0.000,0.000,1.000,0,0,0,10,10,0,0,10,0.0,0.0,0.0,0.0,0.0,1.0,-1
"F[0,0](((AST <= 0.000 | SaO2 >= 0.000) -> DBP <= 0.000) -> SBP <= 0.000)
",0.000,0.000,0.000,0.000,1.000,0,0,0,10,10,0,0,10,0.0,0.0,0.0,0.0,0.0,1.0,-1
"F[0,2]((Creatinine >= 0.021 -> Fibrinogen >= 0.000) -> FiO2 <= 0.000)
",-9999999.000,-9999999.000,0.000,0.000,1.000,0,0,0,10,10,0,0,10,0.0,0.0,0.0,0.0,0.0,1.0,-1
"((Temp <= 9.494) U[0,2] (AST >= 0.000))
",-9999999.000,-9999999.000,0.000,0.000,1.000,0,0,0,10,10,0,0,10,0.0,0.0,0.0,0.0,0.0,1.0,-1
"F[0,2]((EtCO2 >= 0.000 & Calcium >= 0.000) | pH >= 0.000)
",-9999999.000,-9999999.000,0.000,0.000,1.000,0,0,0,10,10,0,0,10,0.0,0.0,0.0,0.0,0.0,1.0,-1
"F[0,2](((Glucose >= 2.018 | AST >= 0.000) & Lactate <= 0.000) & Hct >= 0.000)
",-9999999.000,-9999999.000,0.000,0.000,1.000,0,0,0,10,10,0,0,10,0.0,0.0,0.0,0.0,0.0,1.0,-1
"F[0,0](((SBP >= 70.356 -> Fibrinogen <= 0.000) & BaseExcess <= 0.000) | SBP >= 0.000)
",0.333,3.611,0.000,0.000,1.000,0,0,0,10,10,0,0,10,0.0,0.0,0.0,0.0,0.0,1.0,-1
"F[0,2](((PTT <= 0.000 | SBP >= 61.307) | Calcium <= 109.580) -> PTT <= 111.313)
",-9999999.000,-9999999.000,0.000,0.000,1.000,0,0,0,10,10,0,0,10,0.0,0.0,0.0,0.0,0.0,1.0,-1
"F[1,2](Phosphate >= 0.000 | SBP >= 50.584)
",-9999999.000,-9999999.000,0.000,0.000,1.000,0,0,0,10,10,0,0,10,0.0,0.0,0.0,0.0,0.0,1.0,-1
"F[0,0]((SBP <= 108.866 -> TroponinI <= 0.000) | Creatinine >= 0.000)
",0.333,10.500,0.000,0.000,1.000,0,0,0,10,10,0,0,10,0.0,0.0,0.0,0.0,0.0,1.0,-1
"((HCO3 <= 13.040) U[0,2] (Glucose <= 52.838))
",-9999999.000,-9999999.000,0.000,0.000,1.000,0,0,0,10,10,0,0,10,0.0,0.0,0.0,0.0,0.0,1.0,-1
"((MAP >= 33.315) U[2,2] (MAP >= 13.976))
",-13.976,-13.976,0.000,0.000,1.000,0,0,0,10,10,0,0,10,0.0,0.0,0.0,0.0,0.0,1.0,-1
"F[0,1]((DBP <= 60.882 | TroponinI <= 0.000) -> FiO2 >= 0.000)
",-9999999.000,-9999999.000,0.000,0.000,1.000,0,0,0,10,10,0,0,10,0.0,0.0,0.0,0.0,0.0,1.0,-1
"F[2,2](TroponinI <= 0.000 & Fibrinogen <= 0.000)
",0.000,0.000,0.000,0.000,1.000,0,0,0,10,10,0,0,10,0.0,0.0,0.0,0.0,0.0,1.0,-1
"F[0,1](((DBP <= 66.119 -> Bilirubin_direct >= 0.000) & Magnesium <= 0.000) | BUN <= 0.000)
",-9999999.000,-9999999.000,0.000,0.000,1.000,0,0,0,10,10,0,0,10,0.0,0.0,0.0,0.0,0.0,1.0,-1
"((Hgb <= 12.206) U[0,2] (Magnesium >= 0.087))
",-9999999.000,-9999999.000,0.000,0.000,1.000,0,0,0,10,10,0,0,10,0.0,0.0,0.0,0.0,0.0,1.0,-1
"F[1,2]((SepsisLabel >= 0.000 & Creatinine >= 0.014) & Calcium >= 0.002)
",-9999999.000,-9999999.000,0.000,0.000,1.000,0,0,0,10,10,0,0,10,0.0,0.0,0.0,0.0,0.0,1.0,-1
"((EtCO2 >= 0.000) U[0,1] (Fibrinogen >= 0.000))
",-9999999.000,-9999999.000,0.000,0.000,1.000,0,0,0,10,10,0,0,10,0.0,0.0,0.0,0.0,0.0,1.0,-1
"F[1,2](((BaseExcess <= 0.000 | AST >= 0.000) -> Temp >= 0.000) & Potassium >= 0.000)
",-9999999.000,-9999999.000,0.000,0.000,1.000,0,0,0,10,10,0,0,10,0.0,0.0,0.0,0.0,0.0,1.0,-1
"F[0,0](((TroponinI <= 0.000 & PTT >= 0.000) & Creatinine <= 0.000) -> BaseExcess <= 0.000)
",0.000,0.000,0.000,0.000,1.000,0,0,0,10,10,0,0,10,0.0,0.0,0.0,0.0,0.0,1.0,-1
"F[2,2](((Hgb >= 0.080 -> Calcium <= 0.000) | Potassium >= 0.000) -> MAP <= 0.000)
",0.000,0.000,0.000,0.000,1.000,0,0,0,10,10,0,0,10,0.0,0.0,0.0,0.0,0.0,1.0,-1
"((Fibrinogen <= 0.000) U[1,2] (Potassium >= 0.077))
",-9999999.000,-9999999.000,0.000,0.000,1.000,0,0,0,10,10,0,0,10,0.0,0.0,0.0,0.0,0.0,1.0,-1
"F[2,2](Hct <= 32.553 | HCO3 <= 7.865)
",32.553,32.553,0.000,0.000,1.000,0,0,0,10,10,0,0,10,0.0,0.0,0.0,0.0,0.0,1.0,-1
"F[1,2](((SaO2 <= 0.000 & Phosphate >= 0.000) & Resp <= 0.000) | TroponinI <= 0.000)
",-9999999.000,-9999999.000,0.000,0.000,1.000,0,0,0,10,10,0,0,10,0.0,0.0,0.0,0.0,0.0,1.0,-1
"F[0,2]((EtCO2 >= 0.000 -> Magnesium <= 1.673) -> Temp >= 0.019)
",-9999999.000,-9999999.000,0.000,0.000,1.000,0,0,0,10,10,0,0,10,0.0,0.0,0.0,0.0,0.0,1.0,-1
"F[0,1](((Alkalinephos >= 0.000 -> PTT <= 0.000) & HR <= 0.000) -> Calcium <= 0.000)
",-9999999.000,-9999999.000,0.000,0.000,1.000,0,0,0,10,10,0,0,10,0.0,0.0,0.0,0.0,0.0,1.0,-1
"F[0,0]((Calcium <= 0.000 | WBC >= 0.041) | TroponinI >= 0.239)
",0.000,0.000,0.000,0.000,1.000,0,0,0,10,10,0,0,10,0.0,0.0,0.0,0.0,0.0,1.0,-1
"F[0,0](((HR >= 53.727 & HCO3 >= 1.213) & Lactate <= 14.288) -> Magnesium >= 0.752)
",0.752,0.752,0.000,0.000,1.000,0,0,0,10,10,0,0,10,0.0,0.0,0.0,0.0,0.0,1.0,-1
"F[1,2](PaCO2 >= 0.000 -> BaseExcess >= 0.000)
",-9999999.000,-9999999.000,0.000,0.000,1.000,0,0,0,10,10,0,0,10,0.0,0.0,0.0,0.0,0.0,1.0,-1
"F[0,1](Temp >= 1.436 -> Hct >= 3.364)
",-9999999.000,-9999999.000,0.000,0.000,1.000,0,0,0,10,10,0,0,10,0.0,0.0,0.0,0.0,0.0,1.0,-1
"((Resp <= 18.422) U[2,2] (HR >= 36.862))
",18.422,18.422,0.000,0.000,1.000,0,0,0,10,10,0,0,10,0.0,0.0,0.0,0.0,0.0,1.0,-1
"F[0,0](Chloride <= 34.009 & Hct <= 36.242)
",34.009,34.009,0.000,0.000,1.000,0,0,0,10,10,0,0,10,0.0,0.0,0.0,0.0,0.0,1.0,-1
"F[0,1]((Lactate >= 0.000 -> PTT >= 0.000) | Creatinine >= 0.000)
",-9999999.000,-9999999.000,0.000,0.000,1.000,0,0,0,10,10,0,0,10,0.0,0.0,0.0,0.0,0.0,1.0,-1
"F[1,2](BaseExcess <= 0.000 & FiO2 >= 0.000)
",-9999999.000,-9999999.000,0.000,0.000,1.000,0,0,0,10,10,0,0,10,0.0,0.0,0.0,0.0,0.0,1.0,-1
"F[0,2]((WBC >= 0.122 -> Hct <= 37.165) & O2Sat <= 9.146)
",-9999999.000,-9999999.000,0.000,0.000,1.000,0,0,0,10,10,0,0,10,0.0,0.0,0.0,0.0,0.0,1.0,-1
"F[1,2](((TroponinI >= 0.000 | AST <= 0.000) -> Potassium <= 0.000) | Platelets >= 0.000)
",-9999999.000,-9999999.000,0.000,0.000,1.000,0,0,0,10,10,0,0,10,0.0,0.0,0.0,0.0,0.0,1.0,-1
"F[1,2]((BUN <= 9.504 & Hct <= 29.849) & BUN <= 20.136)
",-9999999.000,-9999999.000,0.000,0.000,1.000,0,0,0,10,10,0,0,10,0.0,0.0,0.0,0.0,0.0,1.0,-1
"((Calcium <= 0.000) U[0,2] (Bilirubin_direct >= 0.000))
",-9999999.000,-9999999.000,0.000,0.000,1.000,0,0,0,10,10,0,0,10,0.0,0.0,0.0,0.0,0.0,1.0,-1
"((FiO2 <= 0.000) U[1,2] (Chloride >= 2.666))
",-9999999.000,-9999999.000,0.000,0.000,1.000,0,0,0,10,10,0,0,10,0.0,0.0,0.0,0.0,0.0,1.0,-1
"F[1,2]((HCO3 >= 1.386 & Potassium >= 0.142) -> Potassium <= 1.120)
",-9999999.000,-9999999.000,0.000,0.000,1.000,0,0,0,10,10,0,0,10,0.0,0.0,0.0,0.0,0.0,1.0,-1
"((BUN >= 0.256) U[0,1] (Hct <= 38.057))
",-9999999.000,-9999999.000,0.000,0.000,1.000,0,0,0,10,10,0,0,10,0.0,0.0,0.0,0.0,0.0,1.0,-1
"F[0,1](Glucose >= 3.626 | Hct <= 6.769)
",-9999999.000,-9999999.000,0.000,0.000,1.000,0,0,0,10,10,0,0,10,0.0,0.0,0.0,0.0,0.0,1.0,-1
"F[0,2](((DBP <= 49.140 | Resp >= 8.692) -> BaseExcess <= 15.498) & DBP >= 4.307)
",-9999999.000,-9999999.000,0.000,0.000,1.000,0,0,0,10,10,0,0,10,0.0,0.0,0.0,0.0,0.0,1.0,-1
"F[0,2]((Creatinine >= 0.028 | HR >= 19.373) & PaCO2 <= 84.020)
",-9999999.000,-9999999.000,0.000,0.000,1.000,0,0,0,10,10,0,0,10,0.0,0.0,0.0,0.0,0.0,1.0,-1
"F[1,2]((Hgb <= 9.341 & HR <= 89.317) -> FiO2 >= 49.370)
",-9999999.000,-9999999.000,0.000,0.000,1.000,0,0,0,10,10,0,0,10,0.0,0.0,0.0,0.0,0.0,1.0,-1
"F[0,0]((BUN <= 1.314 & Temp >= 2.535) -> Resp <= 19.694)
",-0.473,-3.835,0.000,0.000,1.000,0,0,0,10,10,0,0,10,0.0,0.0,0.0,0.0,0.0,1.0,-1
"F[1,2](((EtCO2 <= 0.000 & Fibrinogen <= 0.000) | Lactate >= 0.000) -> HR >= 0.000)
",-9999999.000,-9999999.000,0.000,0.000,1.000,0,0,0,10,10,0,0,10,0.0,0.0,0.0,0.0,0.0,1.0,-1
"F[1,2](((SBP <= 95.069 -> Platelets >= 9.843) -> BUN >= 3.568) & Platelets <= 191.924)
",-9999999.000,-9999999.000,0.000,0.000,1.000,0,0,0,10,10,0,0,10,0.0,0.0,0.0,0.0,0.0,1.0,-1
"((Bilirubin_total >= 0.000) U[0,1] (SepsisLabel >= 0.000))
",-9999999.000,-9999999.000,0.000,0.000,1.000,0,0,0,10,10,0,0,10,0.0,0.0,0.0,0.0,0.0,1.0,-1
"F[0,1]((Resp >= 2.031 | Temp <= 8.456) | Lactate >= 0.647)
",-9999999.000,-9999999.000,0.000,0.000,1.000,0,0,0,10,10,0,0,10,0.0,0.0,0.0,0.0,0.0,1.0,-1
"F[1,2](((Chloride >= 4.974 & Alkalinephos >= 0.000) & SaO2 >= 0.000) -> Alkalinephos >= 0.000)
",-9999999.000,-9999999.000,0.000,0.000,1.000,0,0,0,10,10,0,0,10,0.0,0.0,0.0,0.0,0.0,1.0,-1
"F[1,2](((SaO2 >= 0.000 | HR <= 67.198) -> Lactate >= 47.370) & Alkalinephos >= 14.518)
",-9999999.000,-9999999.000,0.000,0.000,1.000,0,0,0,10,10,0,0,10,0.0,0.0,0.0,0.0,0.0,1.0,-1
"F[0,2](((BaseExcess >= 0.000 & HR <= 85.119) -> O2Sat >= 14.392) & SepsisLabel <= 63.486)
",-9999999.000,-9999999.000,0.000,0.000,1.000,0,0,0,10,10,0,0,10,0.0,0.0,0.0,0.0,0.0,1.0,-1
"F[0,2](((Bilirubin_total <= 0.000 | Bilirubin_total >= 0.000) & Resp <= 0.000) -> Phosphate >= 0.000)
",-9999999.000,-9999999.000,0.000,0.000,1.000,0,0,0,10,10,0,0,10,0.0,0.0,0.0,0.0,0.0,1.0,-1
"F[0,2](((Bilirubin_total <= 0.000 & Bilirubin_direct <= 0.000) -> Bilirubin_direct <= 0.000) & BUN <= 0.000)
",-9999999.000,-9999999.000,0.000,0.000,1.000,0,0,0,10,10,0,0,10,0.0,0.0,0.0,0.0,0.0,1.0,-1
"F[0,2](AST <= 0.000 | O2Sat <= 68.130)
",-9999999.000,-9999999.000,0.000,0.000,1.000,0,0,0,10,10,0,0,10,0.0,0.0,0.0,0.0,0.0,1.0,-1
"F[0,2]((FiO2 <= 0.000 -> Phosphate >= 0.000) | Alkalinephos >= 0.000)
",-9999999.000,-9999999.000,0.000,0.000,1.000,0,0,0,10,10,0,0,10,0.0,0.0,0.0,0.0,0.0,1.0,-1
"((BUN >= 0.326) U[0,1] (Lactate <= 0.000))
",-9999999.000,-9999999.000,0.000,0.000,1.000,0,0,0,10,10,0,0,10,0.0,0.0,0.0,0.0,0.0,1.0,-1
"F[1,1](((O2Sat <= 72.109 -> TroponinI >= 0.000) -> MAP >= 0.000) | pH >= 0.000)
",0.000,0.000,0.000,0.000,1.000,0,0,0,10,10,0,0,10,0.0,0.0,0.0,0.0,0.0,1.0,-1
"F[2,2](Magnesium <= 1.156 & Hct >= 1.391)
",-6262700262916490.000,-1.391,0.000,0.000,1.000,0,0,0,10,10,0,0,10,0.0,0.0,0.0,0.0,0.0,1.0,-1
"F[0,2]((PTT <= 0.000 -> HR <= 73.006) | Bilirubin_direct >= 38.681)
",-9999999.000,-9999999.000,0.000,0.000,1.000,0,0,0,10,10,0,0,10,0.0,0.0,0.0,0.0,0.0,1.0,-1
"F[0,0]((Hgb <= 8.284 & Calcium >= 0.000) | Fibrinogen >= 0.000)
",0.333,0.840,0.000,0.000,1.000,0,0,0,10,10,0,0,10,0.0,0.0,0.0,0.0,0.0,1.0,-1
"F[0,1]((AST >= 0.000 & BaseExcess >= 0.000) & Hgb >= 0.000)
",-9999999.000,-9999999.000,0.000,0.000,1.000,0,0,0,10,10,0,0,10,0.0,0.0,0.0,0.0,0.0,1.0,-1
"F[0,2](((Platelets <= 87.253 -> TroponinI >= 0.000) -> O2Sat >= 0.000) & Lactate <= 0.000)
",-9999999.000,-9999999.000,0.000,0.000,1.000,0,0,0,10,10,0,0,10,0.0,0.0,0.0,0.0,0.0,1.0,-1
"F[1,1](((Hct <= 10.636 | TroponinI <= 0.000) -> Potassium <= 0.000) -> Hgb >= 0.000)
",0.000,0.000,0.000,0.000,1.000,0,0,0,10,10,0,0,10,0.0,0.0,0.0,0.0,0.0,1.0,-1
"((WBC <= 7.140) U[0,2] (Magnesium >= 0.069))
",-9999999.000,-9999999.000,0.000,0.000,1.000,0,0,0,10,10,0,0,10,0.0,0.0,0.0,0.0,0.0,1.0,-1
"((Phosphate <= 0.000) U[0,1] (SepsisLabel >= 0.000))
",-9999999.000,-9999999.000,0.000,0.000,1.000,0,0,0,10,10,0,0,10,0.0,0.0,0.0,0.0,0.0,1.0,-1
"F[0,2]((pH >= 0.000 -> Fibrinogen >= 0.000) | TroponinI >= 0.000)
",-9999999.000,-9999999.000,0.000,0.000,1.000,0,0,0,10,10,0,0,10,0.0,0.0,0.0,0.0,0.0,1.0,-1
"F[0,2](((TroponinI <= 0.000 | HCO3 >= 0.073) | Hgb <= 15.297) | WBC >= 0.251)
",-9999999.000,-9999999.000,0.000,0.000,1.000,0,0,0,10,10,0,0,10,0.0,0.0,0.0,0.0,0.0,1.0,-1
"F[1,2](((Glucose >= 2.362 -> Calcium <= 0.000) & pH >= 0.000) & MAP >= 0.000)
",-9999999.000,-9999999.000,0.000,0.000,1.000,0,0,0,10,10,0,0,10,0.0,0.0,0.0,0.0,0.0,1.0,-1
"F[2,2]((Hct >= 1.256 -> Magnesium >= 0.055) & SepsisLabel >= 0.032)
",-0.032,-0.032,0.000,0.000,1.000,0,0,0,10,10,0,0,10,0.0,0.0,0.0,0.0,0.0,1.0,-1
"F[0,2]((Phosphate <= 0.000 & PaCO2 <= 0.000) | DBP <= 0.000)
",-9999999.000,-9999999.000,0.000,0.000,1.000,0,0,0,10,10,0,0,10,0.0,0.0,0.0,0.0,0.0,1.0,-1
"((HR >= 16.503) U[0,1] (Hgb <= 4.375))
",-9999999.000,-9999999.000,0.000,0.000,1.000,0,0,0,10,10,0,0,10,0.0,0.0,0.0,0.0,0.0,1.0,-1
"((HR <= 78.133) U[0,2] (WBC >= 0.398))
",-9999999.000,-9999999.000,0.000,0.000,1.000,0,0,0,10,10,0,0,10,0.0,0.0,0.0,0.0,0.0,1.0,-1
"F[0,1](((Chloride >= 0.481 | HR <= 84.084) | Bilirubin_total >= 41.353) | Temp >= 24.582)
",-9999999.000,-9999999.000,0.000,0.000,1.000,0,0,0,10,10,0,0,10,0.0,0.0,0.0,0.0,0.0,1.0,-1
"F[1,2]((DBP <= 52.776 -> MAP >= 38.843) -> Calcium >= 36.706)
",-9999999.000,-9999999.000,0.000,0.000,1.000,0,0,0,10,10,0,0,10,0.0,0.0,0.0,0.0,0.0,1.0,-1
"F[1,1](((DBP >= 22.106 & Magnesium <= 0.342) -> Hgb >= 0.010) -> PaCO2 <= 0.453)
",-8159886041575054.000,-0.453,0.000,0.000,1.000,0,0,0,10,10,0,0,10,0.0,0.0,0.0,0.0,0.0,1.0,-1
"((Platelets <= 153.226) U[1,2] (Potassium <= 2.862))
",-9999999.000,-9999999.000,0.000,0.000,1.000,0,0,0,10,10,0,0,10,0.0,0.0,0.0,0.0,0.0,1.0,-1
"F[1,2](Temp >= 1.686 & BUN >= 0.845)
",-9999999.000,-9999999.000,0.000,0.000,1.000,0,0,0,10,10,0,0,10,0.0,0.0,0.0,0.0,0.0,1.0,-1
"F[1,2](FiO2 >= 0.000 -> HR >= 10.435)
",-9999999.000,-9999999.000,0.000,0.000,1.000,0,0,0,10,10,0,0,10,0.0,0.0,0.0,0.0,0.0,1.0,-1
"F[0,1]((Bilirubin_direct >= 0.000 & pH >= 0.000) | Creatinine <= 0.000)
",-9999999.000,-9999999.000,0.000,0.000,1.000,0,0,0,10,10,0,0,10,0.0,0.0,0.0,0.0,0.0,1.0,-1
"((Platelets >= 1.036) U[0,2] (O2Sat >= 3.123))
",-9999999.000,-9999999.000,0.000,0.000,1.000,0,0,0,10,10,0,0,10,0.0,0.0,0.0,0.0,0.0,1.0,-1
"F[1,2](((Glucose >= 1.079 & AST >= 0.000) -> Alkalinephos >= 0.000) | FiO2 >= 0.000)
",-9999999.000,-9999999.000,0.000,0.000,1.000,0,0,0,10,10,0,0,10,0.0,0.0,0.0,0.0,0.0,1.0,-1
"((Resp <= 20.926) U[0,2] (BaseExcess <= 0.000))
",-9999999.000,-9999999.000,0.000,0.000,1.000,0,0,0,10,10,0,0,10,0.0,0.0,0.0,0.0,0.0,1.0,-1
"((TroponinI <= 0.000) U[1,2] (Phosphate <= 0.000))
",-9999999.000,-9999999.000,0.000,0.000,1.000,0,0,0,10,10,0,0,10,0.0,0.0,0.0,0.0,0.0,1.0,-1
"((AST <= 0.000) U[2,2] (pH <= 0.000))
",0.000,0.000,0.000,0.000,1.000,0,0,0,10,10,0,0,10,0.0,0.0,0.0,0.0,0.0,1.0,-1
"F[0,2](Platelets <= 36.848 | Hct <= 20.911)
",-9999999.000,-9999999.000,0.000,0.000,1.000,0,0,0,10,10,0,0,10,0.0,0.0,0.0,0.0,0.0,1.0,-1
"F[2,2](((Glucose <= 77.975 -> Lactate >= 0.000) | Phosphate <= 0.000) | MAP >= 0.000)
",0.000,0.000,0.000,0.000,1.000,0,0,0,10,10,0,0,10,0.0,0.0,0.0,0.0,0.0,1.0,-1
"((EtCO2 <= 0.000) U[0,2] (Chloride >= 1.188))
",-9999999.000,-9999999.000,0.000,0.000,1.000,0,0,0,10,10,0,0,10,0.0,0.0,0.0,0.0,0.0,1.0,-1
"((EtCO2 >= 0.000) U[0,0] (Hgb <= 1.899))
",2.163,18.580,0.000,0.000,1.000,0,0,0,10,10,0,0,10,0.0,0.0,0.0,0.0,0.0,1.0,-1
"F[1,2]((Resp <= 18.711 & Phosphate <= 0.000) | Bilirubin_direct <= 0.000)
",-9999999.000,-9999999.000,0.000,0.000,1.000,0,0,0,10,10,0,0,10,0.0,0.0,0.0,0.0,0.0,1.0,-1
"((BUN <= 16.799) U[1,2] (Potassium <= 2.686))
",-9999999.000,-9999999.000,0.000,0.000,1.000,0,0,0,10,10,0,0,10,0.0,0.0,0.0,0.0,0.0,1.0,-1
"F[2,2](HCO3 <= 3.060 -> DBP <= 52.268)
",-52.268,-52.268,0.000,0.000,1.000,0,0,0,10,10,0,0,10,0.0,0.0,0.0,0.0,0.0,1.0,-1
"F[0,2](MAP <= 66.548 -> FiO2 <= 0.000)
",-9999999.000,-9999999.000,0.000,0.000,1.000,0,0,0,10,10,0,0,10,0.0,0.0,0.0,0.0,0.0,1.0,-1
"((Magnesium <= 1.141) U[0,0] (PaCO2 <= 0.000))
",1.141,1.141,0.000,0.000,1.000,0,0,0,10,10,0,0,10,0.0,0.0,0.0,0.0,0.0,1.0,-1
"F[1,2]((Magnesium >= 0.001 & MAP >= 37.813) & Platelets >= 43.737)
",-9999999.000,-9999999.000,0.000,0.000,1.000,0,0,0,10,10,0,0,10,0.0,0.0,0.0,0.0,0.0,1.0,-1
"F[1,2]((SaO2 <= 0.000 | BUN >= 0.835) & Chloride >= 0.727)
",-9999999.000,-9999999.000,0.000,0.000,1.000,0,0,0,10,10,0,0,10,0.0,0.0,0.0,0.0,0.0,1.0,-1
"((SBP <= 118.939) U[0,1] (Temp <= 15.475))
",-9999999.000,-9999999.000,0.000,0.000,1.000,0,0,0,10,10,0,0,10,0.0,0.0,0.0,0.0,0.0,1.0,-1
"F[1,1](((Magnesium <= 0.921 | MAP >= 2.214) -> Bilirubin_direct >= 46.276) | PaCO2 <= 87.265)
",87.265,87.265,0.000,0.000,1.000,0,0,0,10,10,0,0,10,0.0,0.0,0.0,0.0,0.0,1.0,-1
"F[0,2](BUN <= 6.369 | MAP >= 13.456)
",-9999999.000,-9999999.000,0.000,0.000,1.000,0,0,0,10,10,0,0,10,0.0,0.0,0.0,0.0,0.0,1.0,-1
"F[1,2](((Glucose >= 3.353 | Resp >= 0.358) | DBP >= 14.821) | BUN >= 2.805)
",-9999999.000,-9999999.000,0.000,0.000,1.000,0,0,0,10,10,0,0,10,0.0,0.0,0.0,0.0,0.0,1.0,-1
"F[0,2]((Potassium >= 0.070 | Resp >= 10.718) | EtCO2 <= 17.181)
",-9999999.000,-9999999.000,0.000,0.000,1.000,0,0,0,10,10,0,0,10,0.0,0.0,0.0,0.0,0.0,1.0,-1
"F[1,2](((Creatinine >= 0.022 | Resp >= 12.215) -> Hgb <= 17.184) -> FiO2 >= 12.400)
",-9999999.000,-9999999.000,0.000,0.000,1.000,0,0,0,10,10,0,0,10,0.0,0.0,0.0,0.0,0.0,1.0,-1
"F[0,0](((Magnesium <= 1.552 | Resp >= 5.870) | Lactate >= 15.015) | Bilirubin_direct >= 0.375)
",1.964,48.950,0.000,0.000,1.000,0,0,0,10,10,0,0,10,0.0,0.0,0.0,0.0,0.0,1.0,-1
"F[0,1](HCO3 <= 10.238 | Resp >= 12.688)
",-9999999.000,-9999999.000,0.000,0.000,1.000,0,0,0,10,10,0,0,10,0.0,0.0,0.0,0.0,0.0,1.0,-1
"((DBP >= 12.737) U[0,2] (Glucose <= 55.790))
",-9999999.000,-9999999.000,0.000,0.000,1.000,0,0,0,10,10,0,0,10,0.0,0.0,0.0,0.0,0.0,1.0,-1
"F[0,1](((Phosphate >= 0.000 | TroponinI <= 0.000) -> BUN <= 0.000) | TroponinI >= 0.000)
",-9999999.000,-9999999.000,0.000,0.000,1.000,0,0,0,10,10,0,0,10,0.0,0.0,0.0,0.0,0.0,1.0,-1
"F[2,2](((Glucose <= 41.891 -> Chloride <= 18.261) & Platelets <= 69.696) & HCO3 >= 1.131)
",-5895650732101422.000,-41.891,0.000,0.000,1.000,0,0,0,10,10,0,0,10,0.0,0.0,0.0,0.0,0.0,1.0,-1
"F[1,2](((Potassium <= 0.552 -> Fibrinogen >= 0.000) -> Lactate <= 0.000) & SBP <= 0.000)
",-9999999.000,-9999999.000,0.000,0.000,1.000,0,0,0,10,10,0,0,10,0.0,0.0,0.0,0.0,0.0,1.0,-1
"F[0,1]((Platelets <= 14.689 | WBC <= 6.825) | HR <= 5.568)
",-9999999.000,-9999999.000,0.000,0.000,1.000,0,0,0,10,10,0,0,10,0.0,0.0,0.0,0.0,0.0,1.0,-1
"F[0,1](Hgb <= 12.281 | Hct <= 8.959)
",-9999999.000,-9999999.000,0.000,0.000,1.000,0,0,0,10,10,0,0,10,0.0,0.0,0.0,0.0,0.0,1.0,-1
"F[0,1]((Phosphate >= 0.000 & Magnesium > 0.069) -> Calcium < 0.000)
",-9999999.000,-9999999.000,0.000,0.000,1.000,0,0,0,10,10,0,0,10,0.0,0.0,0.0,0.0,0.0,1.0,-1
"F[2,2](((Calcium < 0.000 & Potassium < 1.372) & Magnesium < 1.083) & Phosphate < 0.000)
",0.000,0.000,0.000,0.000,1.000,0,0,0,10,10,0,0,10,0.0,0.0,0.0,0.0,0.0,1.0,-1
"F[0,2]((Calcium <= 0.000 & Potassium <= 0.787) & Magnesium >= 0.044)
",-9999999.000,-9999999.000,0.000,0.000,1.000,0,0,0,10,10,0,0,10,0.0,0.0,0.0,0.0,0.0,1.0,-1
"F[0,2](((Calcium < 0.000 & Potassium < 0.906) & Magnesium < 1.109) & Phosphate < 0.000)
",-9999999.000,-9999999.000,0.000,0.000,1.000,0,0,0,10,10,0,0,10,0.0,0.0,0.0,0.0,0.0,1.0,-1
"F[0,2]((Phosphate >= 0.000 & Magnesium > 0.077) -> Calcium < 0.000)
",-9999999.000,-9999999.000,0.000,0.000,1.000,0,0,0,10,10,0,0,10,0.0,0.0,0.0,0.0,0.0,1.0,-1
"F[2,2](Hgb <= 8.131 | Hct <= 23.432)
",23.432,23.432,0.000,0.000,1.000,0,0,0,10,10,0,0,10,0.0,0.0,0.0,0.0,0.0,1.0,-1
"F[1,2]((Calcium <= 0.000 & Potassium <= 0.455) & Magnesium >= 0.032)
",-9999999.000,-9999999.000,0.000,0.000,1.000,0,0,0,10,10,0,0,10,0.0,0.0,0.0,0.0,0.0,1.0,-1
"F[1,2](((Calcium < 0.000 & Potassium < 2.774) & Magnesium < 0.121) & Phosphate < 0.000)
",-9999999.000,-9999999.000,0.000,0.000,1.000,0,0,0,10,10,0,0,10,0.0,0.0,0.0,0.0,0.0,1.0,-1
"F[1,2]((Phosphate >= 0.000 & Magnesium > 0.068) -> Calcium < 0.000)
",-9999999.000,-9999999.000,0.000,0.000,1.000,0,0,0,10,10,0,0,10,0.0,0.0,0.0,0.0,0.0,1.0,-1
"F[1,2](Hgb <= 0.658 | Hct <= 32.263)
",-9999999.000,-9999999.000,0.000,0.000,1.000,0,0,0,10,10,0,0,10,0.0,0.0,0.0,0.0,0.0,1.0,-1
"F[2,2](((Calcium < 0.000 & Potassium < 2.678) & Magnesium < 0.682) & Phosphate < 0.000)
",0.000,0.000,0.000,0.000,1.000,0,0,0,10,10,0,0,10,0.0,0.0,0.0,0.0,0.0,1.0,-1
"F[1,2]((Phosphate >= 0.000 & Magnesium > 7.748683268591905e-05) -> Calcium < 0.000)
",-9999999.000,-9999999.000,0.000,0.000,1.000,0,0,0,10,10,0,0,10,0.0,0.0,0.0,0.0,0.0,1.0,-1
"F[1,2](Hgb <= 5.402 | Hct <= 30.105)
",-9999999.000,-9999999.000,0.000,0.000,1.000,0,0,0,10,10,0,0,10,0.0,0.0,0.0,0.0,0.0,1.0,-1
"F[2,2]((Phosphate >= 0.000 & Magnesium > 0.029) -> Calcium < 0.000)
",0.000,0.000,0.000,0.000,1.000,0,0,0,10,10,0,0,10,0.0,0.0,0.0,0.0,0.0,1.0,-1
"F[2,2]((Calcium <= 0.000 & Potassium <= 2.775) & Magnesium >= 0.074)
",-5314430819227277.000,-0.074,0.000,0.000,1.000,0,0,0,10,10,0,0,10,0.0,0.0,0.0,0.0,0.0,1.0,-1
"F[1,2](((Calcium < 0.000 & Potassium < 3.266) & Magnesium < 1.092) & Phosphate < 0.000)
",-9999999.000,-9999999.000,0.000,0.000,1.000,0,0,0,10,10,0,0,10,0.0,0.0,0.0,0.0,0.0,1.0,-1
"F[1,2]((Phosphate >= 0.000 & Magnesium > 0.028) -> Calcium < 0.000)
",-9999999.000,-9999999.000,0.000,0.000,1.000,0,0,0,10,10,0,0,10,0.0,0.0,0.0,0.0,0.0,1.0,-1
"F[1,2](Hgb <= 6.691 | Hct <= 14.918)
",-9999999.000,-9999999.000,0.000,0.000,1.000,0,0,0,10,10,0,0,10,0.0,0.0,0.0,0.0,0.0,1.0,-1
"F[0,0]((Phosphate >= 0.000 & Magnesium > 0.063) -> Calcium < 0.000)
",0.000,0.000,0.000,0.000,1.000,0,0,0,10,10,0,0,10,0.0,0.0,0.0,0.0,0.0,1.0,-1
"F[0,1](Hgb <= 9.644 | Hct <= 36.730)
",-9999999.000,-9999999.000,0.000,0.000,1.000,0,0,0,10,10,0,0,10,0.0,0.0,0.0,0.0,0.0,1.0,-1
"((Lactate <= 0.000) U[0,1] (SepsisLabel = 0.000))
",-9999999.000,-9999999.000,0.000,0.000,1.000,0,0,0,10,10,0,0,10,0.0,0.0,0.0,0.0,0.0,1.0,-1
"((TroponinI <= 0.000) U[1,2] (SepsisLabel = 0.000))
",-9999999.000,-9999999.000,0.000,0.000,1.000,0,0,0,10,10,0,0,10,0.0,0.0,0.0,0.0,0.0,1.0,-1
"F[1,2](Magnesium < 0.643 -> SepsisLabel = 0.000)
",-9999999.000,-9999999.000,0.000,0.000,1.000,0,0,0,10,10,0,0,10,0.0,0.0,0.0,0.0,0.0,1.0,-1
"F[0,1](HR >= 46.213 -> SepsisLabel = 0.000)
",-9999999.000,-9999999.000,0.000,0.000,1.000,0,0,0,10,10,0,0,10,0.0,0.0,0.0,0.0,0.0,1.0,-1
"F[0,0](AST <= 0.000 -> SepsisLabel = 0.000)
",0.000,0.000,0.000,0.000,1.000,0,0,0,10,10,0,0,10,0.0,0.0,0.0,0.0,0.0,1.0,-1
"F[1,2](Magnesium <= 0.422 & SepsisLabel = 0.000)
",-9999999.000,-9999999.000,0.000,0.000,1.000,0,0,0,10,10,0,0,10,0.0,0.0,0.0,0.0,0.0,1.0,-1
"F[0,2](((Glucose >= 2.816 & HCO3 >= 0.187) -> Bilirubin_direct >= 1.074) -> SaO2 <= 21.631)
",-9999999.000,-9999999.000,0.000,0.000,1.000,0,0,0,10,10,0,0,10,0.0,0.0,0.0,0.0,0.0,1.0,-1
"F[0,1](HCO3 >= 0.159 -> Platelets >= 8.074)
",-9999999.000,-9999999.000,0.000,0.000,1.000,0,0,0,10,10,0,0,10,0.0,0.0,0.0,0.0,0.0,1.0,-1
"((Fibrinogen > 0.000) U[0,2] (SepsisLabel = 0.000))
",-9999999.000,-9999999.000,0.000,0.000,1.000,0,0,0,10,10,0,0,10,0.0,0.0,0.0,0.0,0.0,1.0,-1
"F[0,0](Glucose <= 22.400 & SepsisLabel = 0.000)
",-0.333,-21.000,0.000,0.000,1.000,0,0,0,10,10,0,0,10,0.0,0.0,0.0,0.0,0.0,1.0,-1
"F[0,2](Fibrinogen > 0.000 -> SepsisLabel = 0.000)
",-9999999.000,-9999999.000,0.000,0.000,1.000,0,0,0,10,10,0,0,10,0.0,0.0,0.0,0.0,0.0,1.0,-1
"F[0,1]((HR <= 69.090 | Temp <= 11.037) | Bilirubin_direct >= 1.114)
",-9999999.000,-9999999.000,0.000,0.000,1.000,0,0,0,10,10,0,0,10,0.0,0.0,0.0,0.0,0.0,1.0,-1
"F[2,2]((Hct <= 4.053 -> BUN <= 8.697) & Creatinine <= 13.614)
",-8.697,-8.697,0.000,0.000,1.000,0,0,0,10,10,0,0,10,0.0,0.0,0.0,0.0,0.0,1.0,-1
"((Phosphate <= 0.000) U[0,2] (Hct <= 10.603))
",-9999999.000,-9999999.000,0.000,0.000,1.000,0,0,0,10,10,0,0,10,0.0,0.0,0.0,0.0,0.0,1.0,-1
"((SaO2 <= 0.000) U[0,2] (BUN <= 2.949))
",-9999999.000,-9999999.000,0.000,0.000,1.000,0,0,0,10,10,0,0,10,0.0,0.0,0.0,0.0,0.0,1.0,-1
"F[0,1]((FiO2 <= 0.000 | Alkalinephos <= 0.000) -> Potassium >= 0.000)
",-9999999.000,-9999999.000,0.000,0.000,1.000,0,0,0,10,10,0,0,10,0.0,0.0,0.0,0.0,0.0,1.0,-1
"F[0,2](((Magnesium <= 0.462 & pH >= 0.000) & O2Sat <= 0.000) | HCO3 <= 0.000)
",-9999999.000,-9999999.000,0.000,0.000,1.000,0,0,0,10,10,0,0,10,0.0,0.0,0.0,0.0,0.0,1.0,-1
"F[1,2]((Creatinine <= 0.425 & pH <= 0.000) -> DBP <= 0.000)
",-9999999.000,-9999999.000,0.000,0.000,1.000,0,0,0,10,10,0,0,10,0.0,0.0,0.0,0.0,0.0,1.0,-1
"F[1,2](((Lactate >= 0.000 | Potassium <= 3.325) | Bilirubin_total <= 2.687) | Magnesium >= 0.063)
",-9999999.000,-9999999.000,0.000,0.000,1.000,0,0,0,10,10,0,0,10,0.0,0.0,0.0,0.0,0.0,1.0,-1
"F[0,0]((WBC >= 0.009 | SaO2 >= 0.000) & Platelets <= 0.000)
",0.000,0.000,0.000,0.000,1.000,0,0,0,10,10,0,0,10,0.0,0.0,0.0,0.0,0.0,1.0,-1
"F[0,1](Potassium >= 0.108 | Magnesium <= 1.550)
",-9999999.000,-9999999.000,0.000,0.000,1.000,0,0,0,10,10,0,0,10,0.0,0.0,0.0,0.0,0.0,1.0,-1
"F[2,2]((BaseExcess >= 0.000 | Platelets <= 96.590) -> PTT >= 3.450)
",-96.590,-96.590,0.000,0.000,1.000,0,0,0,10,10,0,0,10,0.0,0.0,0.0,0.0,0.0,1.0,-1
"F[2,2]((Hgb >= 0.210 | EtCO2 >= 0.000) & Bilirubin_total >= 0.000)
",0.000,0.000,0.000,0.000,1.000,0,0,0,10,10,0,0,10,0.0,0.0,0.0,0.0,0.0,1.0,-1
"F[0,1](Creatinine >= 0.007 -> Creatinine >= 0.022)
",-9999999.000,-9999999.000,0.000,0.000,1.000,0,0,0,10,10,0,0,10,0.0,0.0,0.0,0.0,0.0,1.0,-1
"F[0,2]((AST >= 0.000 & Bilirubin_direct >= 0.000) | WBC >= 0.000)
",-9999999.000,-9999999.000,0.000,0.000,1.000,0,0,0,10,10,0,0,10,0.0,0.0,0.0,0.0,0.0,1.0,-1
"((Creatinine <= 0.686) U[0,2] (O2Sat <= 63.525))
",-9999999.000,-9999999.000,0.000,0.000,1.000,0,0,0,10,10,0,0,10,0.0,0.0,0.0,0.0,0.0,1.0,-1
"((Chloride <= 8.985) U[0,1] (SepsisLabel = 0.000))
",-9999999.000,-9999999.000,0.000,0.000,1.000,0,0,0,10,10,0,0,10,0.0,0.0,0.0,0.0,0.0,1.0,-1
"F[0,1](((MAP >= 30.868 -> Temp <= 16.045) -> Calcium >= 2.506) -> EtCO2 >= 1.536)
",-9999999.000,-9999999.000,0.000,0.000,1.000,0,0,0,10,10,0,0,10,0.0,0.0,0.0,0.0,0.0,1.0,-1
"F[0,2](Hgb <= 4.083 | Hct <= 22.181)
",-9999999.000,-9999999.000,0.000,0.000,1.000,0,0,0,10,10,0,0,10,0.0,0.0,0.0,0.0,0.0,1.0,-1
"F[1,2]((Calcium <= 0.000 & Potassium <= 2.861) & Magnesium >= 0.032)
",-9999999.000,-9999999.000,0.000,0.000,1.000,0,0,0,10,10,0,0,10,0.0,0.0,0.0,0.0,0.0,1.0,-1
"F[1,2]((Phosphate >= 0.000 & Magnesium > 0.072) -> Calcium < 0.000)
",-9999999.000,-9999999.000,0.000,0.000,1.000,0,0,0,10,10,0,0,10,0.0,0.0,0.0,0.0,0.0,1.0,-1
"((MAP >= 53.257) U[0,1] (SBP <= 129.307))
",-9999999.000,-9999999.000,0.000,0.000,1.000,0,0,0,10,10,0,0,10,0.0,0.0,0.0,0.0,0.0,1.0,-1
"F[0,0](Hgb <= 5.789 | Hct <= 13.715)
",13.715,13.715,0.000,0.000,1.000,0,0,0,10,10,0,0,10,0.0,0.0,0.0,0.0,0.0,1.0,-1
"F[0,2]((Calcium <= 0.000 & Potassium <= 2.679) & Magnesium >= 0.085)
",-9999999.000,-9999999.000,0.000,0.000,1.000,0,0,0,10,10,0,0,10,0.0,0.0,0.0,0.0,0.0,1.0,-1
"F[0,2](((Calcium < 0.000 & Potassium < 2.518) & Magnesium < 0.337) & Phosphate < 0.000)
",-9999999.000,-9999999.000,0.000,0.000,1.000,0,0,0,10,10,0,0,10,0.0,0.0,0.0,0.0,0.0,1.0,-1
"((MAP >= 50.802) U[0,1] (SBP <= 127.139))
",-9999999.000,-9999999.000,0.000,0.000,1.000,0,0,0,10,10,0,0,10,0.0,0.0,0.0,0.0,0.0,1.0,-1
"F[2,2]((Phosphate >= 0.000 & Magnesium > 0.063) -> Calcium < 0.000)
",0.000,0.000,0.000,0.000,1.000,0,0,0,10,10,0,0,10,0.0,0.0,0.0,0.0,0.0,1.0,-1
"F[0,2]((Calcium <= 0.000 & Potassium <= 1.090) & Magnesium >= 0.066)
",-9999999.000,-9999999.000,0.000,0.000,1.000,0,0,0,10,10,0,0,10,0.0,0.0,0.0,0.0,0.0,1.0,-1
"F[1,2]((Phosphate >= 0.000 & Magnesium > 0.029) -> Calcium < 0.000)
",-9999999.000,-9999999.000,0.000,0.000,1.000,0,0,0,10,10,0,0,10,0.0,0.0,0.0,0.0,0.0,1.0,-1
"((MAP >= 47.766) U[0,2] (SBP <= 107.309))
",-9999999.000,-9999999.000,0.000,0.000,1.000,0,0,0,10,10,0,0,10,0.0,0.0,0.0,0.0,0.0,1.0,-1
"F[2,2](((Bilirubin_direct >= 0.000 & Potassium >= 0.035) -> SaO2 <= 0.870) -> Hgb <= 1.254)
",-5648529169892403.000,-1.254,0.000,0.000,1.000,0,0,0,10,10,0,0,10,0.0,0.0,0.0,0.0,0.0,1.0,-1
"F[0,0]((Calcium <= 0.000 -> AST <= 0.000) -> Resp >= 0.000)
",-1.986,-51.200,0.000,0.000,1.000,0,0,0,10,10,0,0,10,0.0,0.0,0.0,0.0,0.0,1.0,-1
"((PTT >= 0.000) U[0,1] (Bilirubin_direct <= 0.000))
",-9999999.000,-9999999.000,0.000,0.000,1.000,0,0,0,10,10,0,0,10,0.0,0.0,0.0,0.0,0.0,1.0,-1
"G[0,0]((HR >= 1.848 -> HR >= 24.096) & SaO2 >= 36.736)
",-5777001090441683.000,-5254.152,0.000,1.000,0.000,0,0,0,10,10,0,0,10,0.0,0.0,0.0,0.0,0.0,1.0,1
"G[1,1]((FiO2 >= 0.000 | BUN <= 15.230) -> Bilirubin_direct >= 0.333)
",-8573811638067258.000,-15.230,0.000,1.000,0.000,0,0,0,10,10,0,0,10,0.0,0.0,0.0,0.0,0.0,1.0,1
"G[0,2](SBP >= 42.769 & Fibrinogen >= 0.000)
",9999999.000,9999999.000,0.000,1.000,0.000,0,0,6,4,4,6,6,4,0.0,0.0,1.0,0.0,0.0,1.0,1
"G[0,0](((Hgb <= 7.618 | Hct <= 27.470) -> WBC >= 0.321) & Platelets >= 3.419)
",-27.470,-27.470,0.000,1.000,0.000,0,0,0,10,10,0,0,10,0.0,0.0,0.0,0.0,0.0,1.0,1
"G[2,2](((O2Sat <= 49.603 -> TroponinI >= 0.000) -> PTT >= 0.000) | DBP >= 0.000)
",0.000,0.000,0.000,1.000,0.000,0,0,10,0,0,10,10,0,0.0,0.0,1.0,0.0,0.0,1.0,1
"G[0,0](Chloride >= 4.416 & HCO3 >= 0.470)
",-4971939526056838.000,-4.416,0.000,1.000,0.000,0,0,0,10,10,0,0,10,0.0,0.0,0.0,0.0,0.0,1.0,1
"G[1,2]((Chloride >= 4.164 | Platelets <= 96.948) & TroponinI <= 199.247)
",9999999.000,9999999.000,0.000,1.000,0.000,0,0,10,0,0,10,10,0,0.0,0.0,1.0,0.0,0.0,1.0,1
"G[0,2]((SepsisLabel <= 0.000 -> HCO3 >= 0.813) & SepsisLabel <= 9.975)
",9999999.000,9999999.000,0.000,1.000,0.000,0,0,0,10,10,0,0,10,0.0,0.0,0.0,0.0,0.0,1.0,1
"G[0,2](pH <= 0.000 -> EtCO2 >= 0.000)
",9999999.000,9999999.000,0.000,1.000,0.000,0,0,10,0,0,10,10,0,0.0,0.0,1.0,0.0,0.0,1.0,1
"G[1,2](((HR >= 20.599 -> MAP <= 69.845) & Creatinine <= 84.316) -> Resp <= 83.266)
",9999999.000,9999999.000,0.000,1.000,0.000,0,0,10,0,0,10,10,0,0.0,0.0,1.0,0.0,0.0,1.0,1
"G[0,2](AST <= 0.000 & BaseExcess >= 0.000)
",9999999.000,9999999.000,0.000,1.000,0.000,0,0,10,0,0,10,10,0,0.0,0.0,1.0,0.0,0.0,1.0,1
"G[0,2]((SepsisLabel >= 0.000 -> WBC <= 4.564) & SepsisLabel >= 0.258)
",9999999.000,9999999.000,0.000,1.000,0.000,0,0,0,10,10,0,0,10,0.0,0.0,0.0,0.0,0.0,1.0,1
"G[0,2]((Hct <= 19.487 & O2Sat <= 76.190) & pH >= 32.750)
",9999999.000,9999999.000,0.000,1.000,0.000,0,0,0,10,10,0,0,10,0.0,0.0,0.0,0.0,0.0,1.0,1
"G[0,2]((Alkalinephos >= 0.000 -> Fibrinogen >= 0.000) | O2Sat <= 0.000)
",9999999.000,9999999.000,0.000,1.000,0.000,0,0,10,0,0,10,10,0,0.0,0.0,1.0,0.0,0.0,1.0,1
"F[0,2]((Potassium <= 1.962 -> EtCO2 >= 0.000) & Hct >= 0.000)
",-9999999.000,-9999999.000,0.000,0.000,1.000,0,0,0,10,10,0,0,10,0.0,0.0,0.0,0.0,0.0,1.0,-1
"G[2,2]((BUN <= 1.302 -> O2Sat <= 66.878) -> SaO2 <= 48.283)
",-6795226521493629.000,-48.283,0.000,1.000,0.000,0,0,10,0,0,10,10,0,0.0,0.0,1.0,0.0,0.0,1.0,1
"G[2,2](((O2Sat <= 50.133 & Magnesium >= 0.035) & Temp >= 0.063) & Resp <= 1.439)
",-4527464143066643.000,-0.063,0.000,1.000,0.000,0,0,10,0,0,10,10,0,0.0,0.0,1.0,0.0,0.0,1.0,1
"G[2,2](Glucose <= 69.129 & O2Sat <= 70.242)
",4864536219587298.000,69.129,0.000,1.000,0.000,0,0,10,0,0,10,10,0,0.0,0.0,1.0,0.0,0.0,1.0,1
"G[0,2](Temp >= 2.865 -> Chloride <= 82.438)
",9999999.000,9999999.000,0.000,1.000,0.000,0,0,10,0,0,10,10,0,0.0,0.0,1.0,0.0,0.0,1.0,1
"G[0,2]((Hct <= 7.135 -> Resp >= 9.426) | pH <= 23.136)
",9999999.000,9999999.000,0.000,1.000,0.000,0,0,10,0,0,10,10,0,0.0,0.0,1.0,0.0,0.0,1.0,1
"G[0,2]((MAP <= 79.096 & Platelets <= 25.651) -> TroponinI <= 102.994)
",9999999.000,9999999.000,0.000,1.000,0.000,0,0,10,0,0,10,10,0,0.0,0.0,1.0,0.0,0.0,1.0,1
"G[0,1]((Glucose <= 53.885 | SBP <= 120.212) -> Magnesium >= 62.667)
",9999999.000,9999999.000,0.000,1.000,0.000,0,0,0,10,10,0,0,10,0.0,0.0,0.0,0.0,0.0,1.0,1
"G[2,2](((Hct >= 2.964 | Temp >= 2.583) & HCO3 >= 0.712) | DBP <= 34.362)
",34.362,34.362,0.000,1.000,0.000,0,0,10,0,0,10,10,0,0.0,0.0,1.0,0.0,0.0,1.0,1
"G[1,2]((BUN >= 0.222 -> DBP <= 67.049) -> O2Sat >= 20.250)
",9999999.000,9999999.000,0.000,1.000,0.000,0,0,4,6,6,4,4,6,0.0,0.0,1.0,0.0,0.0,1.0,1
"G[1,2](((HCO3 >= 1.021 & SBP >= 15.718) | Temp >= 55.339) & Bilirubin_total >= 23.667)
",9999999.000,9999999.000,0.000,1.000,0.000,0,0,0,10,10,0,0,10,0.0,0.0,0.0,0.0,0.0,1.0,1
"G[2,2](DBP >= 1.233 -> Hgb >= 0.280)
",5035237494204054.000,0.280,0.000,1.000,0.000,0,0,10,0,0,10,10,0,0.0,0.0,1.0,0.0,0.0,1.0,1
"G[0,2](((Temp >= 1.245 | Lactate >= 0.000) -> Alkalinephos >= 0.000) -> Potassium >= 0.000)
",9999999.000,9999999.000,0.000,1.000,0.000,0,0,10,0,0,10,10,0,0.0,0.0,1.0,0.0,0.0,1.0,1
"G[1,2]((TroponinI <= 0.000 | Bilirubin_direct <= 0.000) | AST <= 0.000)
",9999999.000,9999999.000,0.000,1.000,0.000,0,0,10,0,0,10,10,0,0.0,0.0,1.0,0.0,0.0,1.0,1
"G[0,2](Platelets <= 24.363 -> WBC >= 0.148)
",9999999.000,9999999.000,0.000,1.000,0.000,0,0,0,10,10,0,0,10,0.0,0.0,0.0,0.0,0.0,1.0,1
"G[0,2](Chloride >= 5.079 & HCO3 >= 0.692)
",9999999.000,9999999.000,0.000,1.000,0.000,0,0,0,10,10,0,0,10,0.0,0.0,0.0,0.0,0.0,1.0,1
"G[1,2](((Platelets >= 8.131 & AST <= 0.000) & O2Sat >= 0.000) & BaseExcess <= 0.000)
",9999999.000,9999999.000,0.000,1.000,0.000,0,0,1,9,9,1,1,9,0.0,0.0,1.0,0.0,0.0,1.0,1
"G[1,2]((SepsisLabel >= 0.000 & Fibrinogen <= 0.000) | PaCO2 >= 0.000)
",9999999.000,9999999.000,0.000,1.000,0.000,0,0,10,0,0,10,10,0,0.0,0.0,1.0,0.0,0.0,1.0,1
"G[0,2](FiO2 <= 0.000 & SepsisLabel = 0.000)
",9999999.000,9999999.000,0.000,1.000,0.000,0,0,10,0,0,10,10,0,0.0,0.0,1.0,0.0,0.0,1.0,1
"G[1,2]((Hct >= 0.659 & Bilirubin_direct >= 0.000) | Glucose >= 0.000)
",9999999.000,9999999.000,0.000,1.000,0.000,0,0,10,0,0,10,10,0,0.0,0.0,1.0,0.0,0.0,1.0,1
"G[1,2](Temp < 12.914 & SepsisLabel = 0.000)
",9999999.000,9999999.000,0.000,1.000,0.000,0,0,9,1,1,9,9,1,0.0,0.0,1.0,0.0,0.0,1.0,1
"G[2,2](Fibrinogen >= 0.000 -> MAP <= 81.528)
",-81.528,-81.528,0.000,1.000,0.000,0,0,10,0,0,10,10,0,0.0,0.0,1.0,0.0,0.0,1.0,1
"G[0,2](EtCO2 <= 0.000 | Hgb <= 4.051)
",9999999.000,9999999.000,0.000,1.000,0.000,0,0,10,0,0,10,10,0,0.0,0.0,1.0,0.0,0.0,1.0,1
"G[1,2](((HCO3 <= 5.181 -> WBC >= 0.368) & EtCO2 >= 0.221) & Glucose >= 0.110)
",9999999.000,9999999.000,0.000,1.000,0.000,0,0,0,10,10,0,0,10,0.0,0.0,0.0,0.0,0.0,1.0,1
"G[1,2](((Alkalinephos >= 0.000 | SaO2 >= 0.000) | Lactate <= 0.000) -> Chloride <= 0.000)
",9999999.000,9999999.000,0.000,1.000,0.000,0,0,9,1,1,9,9,1,0.0,0.0,1.0,0.0,0.0,1.0,1
"G[2,2](((Creatinine <= 0.848 -> Hgb <= 9.345) | AST <= 4.286) -> FiO2 <= 8.849)
",-4981778080863603.000,-8.849,0.000,1.000,0.000,0,0,10,0,0,10,10,0,0.0,0.0,1.0,0.0,0.0,1.0,1
"G[1,2](((Creatinine >= 0.016 -> Potassium <= 0.808) & HCO3 >= 0.127) -> WBC <= 1.786)
",9999999.000,9999999.000,0.000,1.000,0.000,0,0,10,0,0,10,10,0,0.0,0.0,1.0,0.0,0.0,1.0,1
"G[0,1](((Phosphate <= 0.000 -> Hgb >= 0.583) -> AST <= 6.588) -> Bilirubin_direct >= 0.524)
",9999999.000,9999999.000,0.000,1.000,0.000,0,0,0,10,10,0,0,10,0.0,0.0,0.0,0.0,0.0,1.0,1
"G[0,2](Platelets <= 28.617 -> WBC >= 0.226)
",9999999.000,9999999.000,0.000,1.000,0.000,0,0,0,10,10,0,0,10,0.0,0.0,0.0,0.0,0.0,1.0,1
"G[0,2](Resp < 19.054 -> SepsisLabel = 0.000)
",9999999.000,9999999.000,0.000,1.000,0.000,0,0,10,0,0,10,10,0,0.0,0.0,1.0,0.0,0.0,1.0,1
"G[0,2](BUN <= 15.796 & Creatinine >= 0.033)
",9999999.000,9999999.000,0.000,1.000,0.000,0,0,0,10,10,0,0,10,0.0,0.0,0.0,0.0,0.0,1.0,1
"G[0,2](Platelets <= 138.692 -> WBC >= 0.373)
",9999999.000,9999999.000,0.000,1.000,0.000,0,0,0,10,10,0,0,10,0.0,0.0,0.0,0.0,0.0,1.0,1
"G[1,2](((Hgb <= 3.116 | Hct <= 27.635) -> WBC >= 0.330) & Platelets >= 4.275)
",9999999.000,9999999.000,0.000,1.000,0.000,0,0,1,9,9,1,1,9,0.0,0.0,1.0,0.0,0.0,1.0,1
"G[1,2](BUN <= 13.813 & Creatinine >= 0.047)
",9999999.000,9999999.000,0.000,1.000,0.000,0,0,0,10,10,0,0,10,0.0,0.0,0.0,0.0,0.0,1.0,1
"G[1,2](Chloride >= 3.952 & HCO3 >= 1.072)
",9999999.000,9999999.000,0.000,1.000,0.000,0,0,1,9,9,1,1,9,0.0,0.0,1.0,0.0,0.0,1.0,1
"G[0,1]((BUN <= 6.358 | Resp <= 18.867) -> Potassium >= 11.078)
",9999999.000,9999999.000,0.000,1.000,0.000,0,0,0,10,10,0,0,10,0.0,0.0,0.0,0.0,0.0,1.0,1
"G[0,2](Platelets <= 94.803 -> WBC >= 0.331)
",9999999.000,9999999.000,0.000,1.000,0.000,0,0,0,10,10,0,0,10,0.0,0.0,0.0,0.0,0.0,1.0,1
"G[2,2](((Bilirubin_direct <= 0.000 | FiO2 <= 0.000) -> Bilirubin_total >= 0.000) | Temp >= 0.000)
",0.000,0.000,0.000,1.000,0.000,0,0,10,0,0,10,10,0,0.0,0.0,1.0,0.0,0.0,1.0,1
"G[0,2](((Hgb <= 10.579 | Hct <= 30.822) -> WBC >= 0.402) & Platelets >= 7.765)
",9999999.000,9999999.000,0.000,1.000,0.000,0,0,0,10,10,0,0,10,0.0,0.0,0.0,0.0,0.0,1.0,1
"G[2,2]((AST >= 0.000 | Magnesium >= 0.079) -> BUN <= 1.526)
",-1.526,-1.526,0.000,1.000,0.000,0,0,10,0,0,10,10,0,0.0,0.0,1.0,0.0,0.0,1.0,1
"G[1,1](BUN <= 13.544 & Creatinine >= 0.027)
",-7692044626871478.000,-0.027,0.000,1.000,0.000,0,0,0,10,10,0,0,10,0.0,0.0,0.0,0.0,0.0,1.0,1
"G[2,2]((DBP <= 51.410 -> Fibrinogen >= 0.000) -> SepsisLabel <= 0.000)
",0.000,0.000,0.000,1.000,0.000,0,0,10,0,0,10,10,0,0.0,0.0,1.0,0.0,0.0,1.0,1
"G[1,2](((PTT <= 0.000 -> HR <= 78.332) | Creatinine <= 68.809) | Platelets <= 70.115)
",9999999.000,9999999.000,0.000,1.000,0.000,0,0,10,0,0,10,10,0,0.0,0.0,1.0,0.0,0.0,1.0,1
"G[2,2](((PaCO2 >= 0.000 -> HR >= 28.703) -> Glucose >= 30.699) -> Hgb <= 88.405)
",-6220946792743091.000,-88.405,0.000,1.000,0.000,0,0,10,0,0,10,10,0,0.0,0.0,1.0,0.0,0.0,1.0,1
"G[1,2]((HCO3 >= 1.032 -> Alkalinephos <= 0.000) | Hgb >= 0.000)
",9999999.000,9999999.000,0.000,1.000,0.000,0,0,10,0,0,10,10,0,0.0,0.0,1.0,0.0,0.0,1.0,1
"G[2,2](SepsisLabel >= 0.000 | PTT <= 0.000)
",0.000,0.000,0.000,1.000,0.000,0,0,10,0,0,10,10,0,0.0,0.0,1.0,0.0,0.0,1.0,1
"G[0,2]((HR >= 45.384 -> AST <= 0.000) | Hgb >= 0.000)
",9999999.000,9999999.000,0.000,1.000,0.000,0,0,10,0,0,10,10,0,0.0,0.0,1.0,0.0,0.0,1.0,1
"G[1,2](((Hgb <= 11.857 | Hct <= 19.342) -> WBC >= 0.006) & Platelets >= 7.981)
",9999999.000,9999999.000,0.000,1.000,0.000,0,0,1,9,9,1,1,9,0.0,0.0,1.0,0.0,0.0,1.0,1
"G[1,2](((Temp <= 16.127 & Bilirubin_direct <= 0.000) | Fibrinogen >= 0.000) | Glucose <= 0.000)
",9999999.000,9999999.000,0.000,1.000,0.000,0,0,10,0,0,10,10,0,0.0,0.0,1.0,0.0,0.0,1.0,1
"G[1,2](BUN <= 14.072 & Creatinine >= 0.011)
",9999999.000,9999999.000,0.000,1.000,0.000,0,0,0,10,10,0,0,10,0.0,0.0,0.0,0.0,0.0,1.0,1
"G[1,2]((Bilirubin_total <= 0.000 & SepsisLabel >= 0.000) & MAP <= 0.000)
",9999999.000,9999999.000,0.000,1.000,0.000,0,0,2,8,8,2,2,8,0.0,0.0,1.0,0.0,0.0,1.0,1
"G[0,2]((Bilirubin_total <= 0.000 -> Lactate >= 0.000) & EtCO2 >= 0.000)
",9999999.000,9999999.000,0.000,1.000,0.000,0,0,10,0,0,10,10,0,0.0,0.0,1.0,0.0,0.0,1.0,1
"G[0,1](Hgb <= 7.308 & Hct >= 0.317)
",9999999.000,9999999.000,0.000,1.000,0.000,0,0,0,10,10,0,0,10,0.0,0.0,0.0,0.0,0.0,1.0,1
"G[2,2](((Hgb <= 3.509 | Hct <= 25.211) -> WBC >= 0.201) & Platelets >= 10.122)
",-7096271961428042.000,-25.211,0.000,1.000,0.000,0,0,10,0,0,10,10,0,0.0,0.0,1.0,0.0,0.0,1.0,1
"G[0,2]((Bilirubin_direct >= 0.000 & Lactate >= 0.000) | PaCO2 <= 0.000)
",9999999.000,9999999.000,0.000,1.000,0.000,0,0,10,0,0,10,10,0,0.0,0.0,1.0,0.0,0.0,1.0,1
"G[1,2]((FiO2 <= 0.000 & SaO2 <= 0.000) | SaO2 <= 0.000)
",9999999.000,9999999.000,0.000,1.000,0.000,0,0,10,0,0,10,10,0,0.0,0.0,1.0,0.0,0.0,1.0,1
"G[1,2]((Calcium <= 0.000 | Alkalinephos >= 0.000) | Potassium <= 0.000)
",9999999.000,9999999.000,0.000,1.000,0.000,0,0,10,0,0,10,10,0,0.0,0.0,1.0,0.0,0.0,1.0,1
"G[1,2](((Calcium >= 0.000 -> HR <= 74.403) -> BaseExcess >= 39.625) -> TroponinI <= 85.494)
",9999999.000,9999999.000,0.000,1.000,0.000,0,0,10,0,0,10,10,0,0.0,0.0,1.0,0.0,0.0,1.0,1
"G[1,2](BUN <= 6.476 & Creatinine >= 0.012)
",9999999.000,9999999.000,0.000,1.000,0.000,0,0,0,10,10,0,0,10,0.0,0.0,0.0,0.0,0.0,1.0,1
"G[0,1](Chloride >= 0.860 & HCO3 >= 0.481)
",9999999.000,9999999.000,0.000,1.000,0.000,0,0,0,10,10,0,0,10,0.0,0.0,0.0,0.0,0.0,1.0,1
"G[0,0](Platelets <= 181.494 -> WBC >= 0.083)
",-6385753650865267.000,-181.494,0.000,1.000,0.000,0,0,0,10,10,0,0,10,0.0,0.0,0.0,0.0,0.0,1.0,1
"G[1,2](((Hgb <= 11.775 | Hct <= 28.410) -> WBC >= 0.084) & Platelets >= 9.245)
",9999999.000,9999999.000,0.000,1.000,0.000,0,0,1,9,9,1,1,9,0.0,0.0,1.0,0.0,0.0,1.0,1
"G[1,2](DBP >= 24.748 | Fibrinogen <= 0.000)
",9999999.000,9999999.000,0.000,1.000,0.000,0,0,10,0,0,10,10,0,0.0,0.0,1.0,0.0,0.0,1.0,1
"G[0,2](((HCO3 <= 9.868 & Bilirubin_total >= 0.000) | PTT >= 0.000) & PaCO2 >= 0.000)
",9999999.000,9999999.000,0.000,1.000,0.000,0,0,10,0,0,10,10,0,0.0,0.0,1.0,0.0,0.0,1.0,1
"G[1,2](((Creatinine <= 0.430 -> Chloride <= 75.297) & Creatinine >= 1.558) -> HR <= 102.223)
",9999999.000,9999999.000,0.000,1.000,0.000,0,0,10,0,0,10,10,0,0.0,0.0,1.0,0.0,0.0,1.0,1
"G[1,2](((Hgb <= 7.353 | Hct <= 28.070) -> WBC >= 0.187) & Platelets >= 2.246)
",9999999.000,9999999.000,0.000,1.000,0.000,0,0,1,9,9,1,1,9,0.0,0.0,1.0,0.0,0.0,1.0,1
"G[0,2](Potassium <= 1.877 -> Creatinine >= 0.043)
",9999999.000,9999999.000,0.000,1.000,0.000,0,0,0,10,10,0,0,10,0.0,0.0,0.0,0.0,0.0,1.0,1
"G[1,2](Bilirubin_direct >= 0.000 -> SaO2 <= 0.000)
",9999999.000,9999999.000,0.000,1.000,0.000,0,0,10,0,0,10,10,0,0.0,0.0,1.0,0.0,0.0,1.0,1
"G[1,2]((FiO2 <= 0.000 -> SepsisLabel <= 0.000) & Chloride >= 0.000)
",9999999.000,9999999.000,0.000,1.000,0.000,0,0,10,0,0,10,10,0,0.0,0.0,1.0,0.0,0.0,1.0,1
"G[1,2](BUN <= 15.888 & Creatinine >= 0.048)
",9999999.000,9999999.000,0.000,1.000,0.000,0,0,0,10,10,0,0,10,0.0,0.0,0.0,0.0,0.0,1.0,1
"G[1,2](Chloride >= 0.356 & HCO3 >= 0.219)
",9999999.000,9999999.000,0.000,1.000,0.000,0,0,1,9,9,1,1,9,0.0,0.0,1.0,0.0,0.0,1.0,1
"G[0,2](pH <= 0.000 -> SaO2 <= 0.000)
",9999999.000,9999999.000,0.000,1.000,0.000,0,0,10,0,0,10,10,0,0.0,0.0,1.0,0.0,0.0,1.0,1
"G[0,2](Chloride >= 0.897 & HCO3 >= 1.350)
",9999999.000,9999999.000,0.000,1.000,0.000,0,0,0,10,10,0,0,10,0.0,0.0,0.0,0.0,0.0,1.0,1
"G[0,1](((Platelets <= 41.852 & BUN <= 16.203) | BaseExcess <= 15.625) & EtCO2 >= 0.711)
",9999999.000,9999999.000,0.000,1.000,0.000,0,0,0,10,10,0,0,10,0.0,0.0,0.0,0.0,0.0,1.0,1
"G[1,2]((MAP >= 53.346 & SepsisLabel >= 0.000) | Calcium <= 0.000)
",9999999.000,9999999.000,0.000,1.000,0.000,0,0,10,0,0,10,10,0,0.0,0.0,1.0,0.0,0.0,1.0,1
"G[2,2](Platelets <= 74.527 | AST >= 0.000)
",74.527,74.527,0.000,1.000,0.000,0,0,10,0,0,10,10,0,0.0,0.0,1.0,0.0,0.0,1.0,1
"G[1,1](((TroponinI <= 0.000 | HR >= 30.745) -> Glucose <= 77.813) & HCO3 >= 18.796)
",-77.813,-77.813,0.000,1.000,0.000,0,0,0,10,10,0,0,10,0.0,0.0,0.0,0.0,0.0,1.0,1
"G[2,2]((EtCO2 >= 0.000 | Magnesium >= 0.012) -> Potassium <= 1.786)
",-1.786,-1.786,0.000,1.000,0.000,0,0,10,0,0,10,10,0,0.0,0.0,1.0,0.0,0.0,1.0,1
"G[0,1](Glucose >= 3.133 & Magnesium <= 0.092)
",9999999.000,9999999.000,0.000,1.000,0.000,0,0,0,10,10,0,0,10,0.0,0.0,0.0,0.0,0.0,1.0,1
"G[0,2](((HR >= 51.163 -> HCO3 >= 0.980) -> Fibrinogen <= 21.672) & Lactate <= 7.561)
",9999999.000,9999999.000,0.000,1.000,0.000,0,0,10,0,0,10,10,0,0.0,0.0,1.0,0.0,0.0,1.0,1
"G[0,2]((BUN >= 0.720 | Chloride <= 57.155) & Alkalinephos >= 3.316)
",9999999.000,9999999.000,0.000,1.000,0.000,0,0,0,10,10,0,0,10,0.0,0.0,0.0,0.0,0.0,1.0,1
"G[2,2](pH <= 0.000 -> WBC <= 5.278)
",-5.278,-5.278,0.000,1.000,0.000,0,0,10,0,0,10,10,0,0.0,0.0,1.0,0.0,0.0,1.0,1
"G[1,1](((HR >= 62.242 | Resp <= 23.649) | Temp <= 15.914) -> EtCO2 >= 14.667)
",-23.649,-23.649,0.000,1.000,0.000,0,0,0,10,10,0,0,10,0.0,0.0,0.0,0.0,0.0,1.0,1
"G[2,2](((Chloride <= 74.275 & EtCO2 >= 0.000) -> BUN >= 0.000) & Calcium >= 0.000)
",0.000,0.000,0.000,1.000,0.000,0,0,10,0,0,10,10,0,0.0,0.0,1.0,0.0,0.0,1.0,1
"G[1,2]((Resp <= 23.962 & SBP >= 61.451) & Potassium <= 99.377)
",9999999.000,9999999.000,0.000,1.000,0.000,0,0,7,3,3,7,7,3,0.0,0.0,1.0,0.0,0.0,1.0,1
"G[1,2]((Calcium >= 0.000 -> PTT >= 0.000) | AST >= 0.000)
",9999999.000,9999999.000,0.000,1.000,0.000,0,0,10,0,0,10,10,0,0.0,0.0,1.0,0.0,0.0,1.0,1
"G[1,2](((HR >= 29.354 & SBP <= 90.552) | SepsisLabel <= 126.722) & HR >= 1.668)
",9999999.000,9999999.000,0.000,1.000,0.000,0,0,8,2,2,8,8,2,0.0,0.0,1.0,0.0,0.0,1.0,1
"G[0,2](((SaO2 >= 0.000 | FiO2 <= 0.000) -> AST >= 0.000) & Magnesium <= 0.000)
",9999999.000,9999999.000,0.000,1.000,0.000,0,0,9,1,1,9,9,1,0.0,0.0,1.0,0.0,0.0,1.0,1
"G[0,2]((Hgb >= 0.013 -> Alkalinephos >= 0.000) -> MAP >= 0.000)
",9999999.000,9999999.000,0.000,1.000,0.000,0,0,10,0,0,10,10,0,0.0,0.0,1.0,0.0,0.0,1.0,1
"G[0,2](Bilirubin_total <= 0.000 & Lactate >= 0.000)
",9999999.000,9999999.000,0.000,1.000,0.000,0,0,10,0,0,10,10,0,0.0,0.0,1.0,0.0,0.0,1.0,1
"G[1,2](((Hgb <= 4.142 | Bilirubin_total >= 0.000) & PaCO2 <= 0.000) & Fibrinogen <= 0.000)
",9999999.000,9999999.000,0.000,1.000,0.000,0,0,10,0,0,10,10,0,0.0,0.0,1.0,0.0,0.0,1.0,1
"G[1,2]((MAP >= 19.180 | Resp <= 15.735) & Calcium >= 2.557)
",9999999.000,9999999.000,0.000,1.000,0.000,0,0,0,10,10,0,0,10,0.0,0.0,0.0,0.0,0.0,1.0,1
"G[0,2](EtCO2 >= 0.000 -> SepsisLabel >= 0.000)
",9999999.000,9999999.000,0.000,1.000,0.000,0,0,10,0,0,10,10,0,0.0,0.0,1.0,0.0,0.0,1.0,1
"G[2,2](((SaO2 >= 0.000 | Chloride >= 4.676) & Hct <= 76.549) -> BUN <= 67.279)
",-67.279,-67.279,0.000,1.000,0.000,0,0,10,0,0,10,10,0,0.0,0.0,1.0,0.0,0.0,1.0,1
"G[0,2]((BUN >= 0.286 -> SBP <= 99.128) & HCO3 >= 54.592)
",9999999.000,9999999.000,0.000,1.000,0.000,0,0,0,10,10,0,0,10,0.0,0.0,0.0,0.0,0.0,1.0,1
"G[1,2](Platelets <= 10.692 -> WBC >= 0.053)
",9999999.000,9999999.000,0.000,1.000,0.000,0,0,1,9,9,1,1,9,0.0,0.0,1.0,0.0,0.0,1.0,1
"G[1,2](WBC <= 2.353 & Fibrinogen <= 0.000)
",9999999.000,9999999.000,0.000,1.000,0.000,0,0,9,1,1,9,9,1,0.0,0.0,1.0,0.0,0.0,1.0,1
"G[2,2](((Calcium >= 0.000 & DBP >= 14.982) & Platelets >= 19.445) & MAP >= 11.510)
",-19.445,-19.445,0.000,1.000,0.000,0,0,10,0,0,10,10,0,0.0,0.0,1.0,0.0,0.0,1.0,1
"G[0,2](BUN <= 7.133 & Creatinine >= 0.009)
",9999999.000,9999999.000,0.000,1.000,0.000,0,0,0,10,10,0,0,10,0.0,0.0,0.0,0.0,0.0,1.0,1
"G[0,1]((Creatinine >= 0.017 & Phosphate >= 0.000) & BUN >= 0.000)
",9999999.000,9999999.000,0.000,1.000,0.000,0,0,0,10,10,0,0,10,0.0,0.0,0.0,0.0,0.0,1.0,1
"G[1,2](SBP >= 22.921 & SepsisLabel = 0.000)
",9999999.000,9999999.000,0.000,1.000,0.000,0,0,8,2,2,8,8,2,0.0,0.0,1.0,0.0,0.0,1.0,1
"G[2,2]((AST <= 0.000 & pH <= 0.000) & Lactate >= 0.000)
",0.000,0.000,0.000,1.000,0.000,0,0,10,0,0,10,10,0,0.0,0.0,1.0,0.0,0.0,1.0,1
"G[0,2]((Resp >= 9.053 & TroponinI >= 0.000) -> WBC >= 0.000)
",9999999.000,9999999.000,0.000,1.000,0.000,0,0,10,0,0,10,10,0,0.0,0.0,1.0,0.0,0.0,1.0,1
"((pH >= 0.000) U[0,2] (Glucose >= 3.613))
",-9999999.000,-9999999.000,0.000,0.000,1.000,0,0,0,10,10,0,0,10,0.0,0.0,0.0,0.0,0.0,1.0,-1
"F[0,1]((PTT <= 0.000 | Resp <= 22.940) & Potassium <= 21.488)
",-9999999.000,-9999999.000,0.000,0.000,1.000,0,0,0,10,10,0,0,10,0.0,0.0,0.0,0.0,0.0,1.0,-1
"F[1,1](PaCO2 <= 0.000 -> TroponinI <= 0.000)
",0.000,0.000,0.000,0.000,1.000,0,0,0,10,10,0,0,10,0.0,0.0,0.0,0.0,0.0,1.0,-1
"F[1,1](((HR <= 76.457 & Bilirubin_direct >= 0.000) | Glucose >= 0.000) & Platelets >= 0.000)
",0.000,0.000,0.000,0.000,1.000,0,0,0,10,10,0,0,10,0.0,0.0,0.0,0.0,0.0,1.0,-1
"F[2,2](((HCO3 <= 16.169 & TroponinI <= 0.000) & pH >= 0.000) | Temp >= 0.000)
",0.000,0.000,0.000,0.000,1.000,0,0,0,10,10,0,0,10,0.0,0.0,0.0,0.0,0.0,1.0,-1
"((FiO2 >= 0.000) U[0,1] (SepsisLabel >= 0.000))
",-9999999.000,-9999999.000,0.000,0.000,1.000,0,0,0,10,10,0,0,10,0.0,0.0,0.0,0.0,0.0,1.0,-1
"F[1,2](EtCO2 >= 0.000 -> FiO2 <= 0.000)
",-9999999.000,-9999999.000,0.000,0.000,1.000,0,0,0,10,10,0,0,10,0.0,0.0,0.0,0.0,0.0,1.0,-1
"F[2,2](((O2Sat <= 83.207 & Lactate <= 0.000) -> Platelets >= 0.000) -> DBP <= 0.000)
",0.000,0.000,0.000,0.000,1.000,0,0,0,10,10,0,0,10,0.0,0.0,0.0,0.0,0.0,1.0,-1
"F[2,2](((Platelets >= 5.189 | Fibrinogen <= 0.000) | Bilirubin_total >= 0.000) & FiO2 <= 0.000)
",0.000,0.000,0.000,0.000,1.000,0,0,0,10,10,0,0,10,0.0,0.0,0.0,0.0,0.0,1.0,-1
"F[0,1](((FiO2 >= 0.000 -> PaCO2 >= 0.000) | EtCO2 <= 0.000) | Lactate >= 0.000)
",-9999999.000,-9999999.000,0.000,0.000,1.000,0,0,0,10,10,0,0,10,0.0,0.0,0.0,0.0,0.0,1.0,-1
"((PTT <= 0.000) U[2,2] (SBP >= 32.312))
",0.000,0.000,0.000,0.000,1.000,0,0,0,10,10,0,0,10,0.0,0.0,0.0,0.0,0.0,1.0,-1
"F[0,1]((PTT >= 0.000 | DBP >= 40.743) & FiO2 <= 63.873)
",-9999999.000,-9999999.000,0.000,0.000,1.000,0,0,0,10,10,0,0,10,0.0,0.0,0.0,0.0,0.0,1.0,-1
"F[1,1](((BaseExcess >= 0.000 & Lactate <= 0.000) | Hgb <= 0.000) & Alkalinephos <= 0.000)
",0.000,0.000,0.000,0.000,1.000,0,0,0,10,10,0,0,10,0.0,0.0,0.0,0.0,0.0,1.0,-1
"F[0,0](((pH <= 0.000 | Fibrinogen >= 0.000) & Platelets >= 0.000) | Potassium <= 0.000)
",0.000,0.000,0.000,0.000,1.000,0,0,0,10,10,0,0,10,0.0,0.0,0.0,0.0,0.0,1.0,-1
"F[2,2](((Hct <= 25.652 & Potassium >= 0.002) & Bilirubin_total >= 0.090) | Fibrinogen >= 0.074)
",-5353450949403650.000,-0.074,0.000,0.000,1.000,0,0,0,10,10,0,0,10,0.0,0.0,0.0,0.0,0.0,1.0,-1
"F[1,2](((SBP <= 91.206 | WBC <= 6.398) & MAP >= 0.415) & PTT <= 3.649)
",-9999999.000,-9999999.000,0.000,0.000,1.000,0,0,0,10,10,0,0,10,0.0,0.0,0.0,0.0,0.0,1.0,-1
"F[1,2](TroponinI <= 0.000 | Chloride >= 1.238)
",-9999999.000,-9999999.000,0.000,0.000,1.000,0,0,0,10,10,0,0,10,0.0,0.0,0.0,0.0,0.0,1.0,-1
"F[0,2](((Platelets >= 5.765 -> Potassium <= 2.461) | SepsisLabel <= 0.855) -> Magnesium >= 0.051)
",-9999999.000,-9999999.000,0.000,0.000,1.000,0,0,0,10,10,0,0,10,0.0,0.0,0.0,0.0,0.0,1.0,-1
"F[0,2](((SaO2 <= 0.000 & AST <= 0.000) & AST >= 0.000) -> Chloride >= 0.000)
",-9999999.000,-9999999.000,0.000,0.000,1.000,0,0,0,10,10,0,0,10,0.0,0.0,0.0,0.0,0.0,1.0,-1
"((Temp <= 8.666) U[0,2] (Alkalinephos <= 0.000))
",-9999999.000,-9999999.000,0.000,0.000,1.000,0,0,0,10,10,0,0,10,0.0,0.0,0.0,0.0,0.0,1.0,-1
"F[1,2]((Resp >= 0.188 | WBC >= 0.346) | Potassium >= 0.406)
",-9999999.000,-9999999.000,0.000,0.000,1.000,0,0,0,10,10,0,0,10,0.0,0.0,0.0,0.0,0.0,1.0,-1
"F[0,1](((Fibrinogen <= 0.000 -> MAP <= 75.706) | MAP <= 64.168) -> DBP <= 64.156)
",-9999999.000,-9999999.000,0.000,0.000,1.000,0,0,0,10,10,0,0,10,0.0,0.0,0.0,0.0,0.0,1.0,-1
"F[1,2](((Hct <= 35.564 & Calcium <= 0.000) | HCO3 >= 0.000) & PTT <= 0.000)
",-9999999.000,-9999999.000,0.000,0.000,1.000,0,0,0,10,10,0,0,10,0.0,0.0,0.0,0.0,0.0,1.0,-1
"F[1,2]((Temp >= 2.094 -> Creatinine >= 0.035) | MAP >= 0.001)
",-9999999.000,-9999999.000,0.000,0.000,1.000,0,0,0,10,10,0,0,10,0.0,0.0,0.0,0.0,0.0,1.0,-1
"((BaseExcess >= 0.000) U[1,2] (MAP >= 43.782))
",-9999999.000,-9999999.000,0.000,0.000,1.000,0,0,0,10,10,0,0,10,0.0,0.0,0.0,0.0,0.0,1.0,-1
"F[0,1](((Platelets >= 4.911 -> Potassium <= 1.182) -> Calcium <= 2.728) | BUN <= 0.185)
",-9999999.000,-9999999.000,0.000,0.000,1.000,0,0,0,10,10,0,0,10,0.0,0.0,0.0,0.0,0.0,1.0,-1
"((WBC <= 7.876) U[2,2] (DBP <= 66.764))
",66.764,66.764,0.000,0.000,1.000,0,0,0,10,10,0,0,10,0.0,0.0,0.0,0.0,0.0,1.0,-1
"F[0,1](((WBC >= 0.325 | AST <= 0.000) | Lactate >= 0.000) | MAP >= 0.000)
",-9999999.000,-9999999.000,0.000,0.000,1.000,0,0,0,10,10,0,0,10,0.0,0.0,0.0,0.0,0.0,1.0,-1
"((Phosphate <= 0.000) U[1,2] (MAP <= 69.250))
",-9999999.000,-9999999.000,0.000,0.000,1.000,0,0,0,10,10,0,0,10,0.0,0.0,0.0,0.0,0.0,1.0,-1
"F[1,2](WBC >= 0.126 & WBC <= 0.670)
",-9999999.000,-9999999.000,0.000,0.000,1.000,0,0,0,10,10,0,0,10,0.0,0.0,0.0,0.0,0.0,1.0,-1
"F[0,2](((SepsisLabel <= 0.000 & BUN >= 0.239) -> EtCO2 >= 0.082) & Hct >= 0.142)
",-9999999.000,-9999999.000,0.000,0.000,1.000,0,0,0,10,10,0,0,10,0.0,0.0,0.0,0.0,0.0,1.0,-1
"F[0,0](((Glucose >= 0.001 -> Lactate <= 0.000) | Glucose >= 0.000) & MAP >= 0.000)
",0.333,0.000,0.000,0.000,1.000,0,0,0,10,10,0,0,10,0.0,0.0,0.0,0.0,0.0,1.0,-1
"F[1,2](((Bilirubin_total >= 0.000 -> Creatinine <= 0.796) & Bilirubin_direct <= 0.401) & SBP <= 0.419)
",-9999999.000,-9999999.000,0.000,0.000,1.000,0,0,0,10,10,0,0,10,0.0,0.0,0.0,0.0,0.0,1.0,-1
"F[1,2]((SBP >= 63.368 | PaCO2 >= 0.000) -> BaseExcess <= 0.000)
",-9999999.000,-9999999.000,0.000,0.000,1.000,0,0,0,10,10,0,0,10,0.0,0.0,0.0,0.0,0.0,1.0,-1
"F[1,2](((Fibrinogen <= 0.000 -> SepsisLabel <= 0.000) -> MAP >= 0.000) | BaseExcess <= 0.000)
",-9999999.000,-9999999.000,0.000,0.000,1.000,0,0,0,10,10,0,0,10,0.0,0.0,0.0,0.0,0.0,1.0,-1
"((Phosphate <= 0.000) U[1,2] (Bilirubin_total >= 0.000))
",-9999999.000,-9999999.000,0.000,0.000,1.000,0,0,0,10,10,0,0,10,0.0,0.0,0.0,0.0,0.0,1.0,-1
"F[1,2](TroponinI >= 0.000 -> Temp >= 1.905)
",-9999999.000,-9999999.000,0.000,0.000,1.000,0,0,0,10,10,0,0,10,0.0,0.0,0.0,0.0,0.0,1.0,-1
"F[2,2](((Platelets <= 104.435 | PaCO2 >= 0.000) -> Chloride <= 0.000) & BUN >= 0.000)
",-104.435,-104.435,0.000,0.000,1.000,0,0,0,10,10,0,0,10,0.0,0.0,0.0,0.0,0.0,1.0,-1
"((TroponinI >= 0.000) U[0,0] (AST <= 0.000))
",0.000,0.000,0.000,0.000,1.000,0,0,0,10,10,0,0,10,0.0,0.0,0.0,0.0,0.0,1.0,-1
"F[0,1]((Platelets <= 29.939 -> Hgb <= 8.863) | Temp >= 0.500)
",-9999999.000,-9999999.000,0.000,0.000,1.000,0,0,0,10,10,0,0,10,0.0,0.0,0.0,0.0,0.0,1.0,-1
"F[0,0](((Potassium <= 2.366 & EtCO2 >= 0.000) -> Alkalinephos <= 0.000) | pH >= 0.000)
",0.000,0.000,0.000,0.000,1.000,0,0,0,10,10,0,0,10,0.0,0.0,0.0,0.0,0.0,1.0,-1
"F[0,2](Hct >= 2.404 -> Hct >= 0.079)
",-9999999.000,-9999999.000,0.000,0.000,1.000,0,0,0,10,10,0,0,10,0.0,0.0,0.0,0.0,0.0,1.0,-1
"F[0,2](Hgb <= 3.889 | Hct <= 36.534)
",-9999999.000,-9999999.000,0.000,0.000,1.000,0,0,0,10,10,0,0,10,0.0,0.0,0.0,0.0,0.0,1.0,-1
"G[1,2]((DBP >= 14.525 -> Fibrinogen <= 0.000) | AST >= 0.000)
",9999999.000,9999999.000,0.000,1.000,0.000,0,0,10,0,0,10,10,0,0.0,0.0,1.0,0.0,0.0,1.0,1
"F[0,0](((Hct <= 14.248 | BUN >= 0.750) | Resp >= 0.166) | Temp <= 8.937)
",2.687,53.917,0.000,0.000,1.000,0,0,0,10,10,0,0,10,0.0,0.0,0.0,0.0,0.0,1.0,-1
"F[0,2]((WBC >= 0.190 & Lactate <= 0.000) -> EtCO2 >= 0.000)
",-9999999.000,-9999999.000,0.000,0.000,1.000,0,0,0,10,10,0,0,10,0.0,0.0,0.0,0.0,0.0,1.0,-1
"F[1,1](Fibrinogen <= 0.000 -> Bilirubin_total >= 0.000)
",0.000,0.000,0.000,0.000,1.000,0,0,0,10,10,0,0,10,0.0,0.0,0.0,0.0,0.0,1.0,-1
"F[0,2]((TroponinI <= 0.000 & Resp <= 25.360) & AST >= 12.956)
",-9999999.000,-9999999.000,0.000,0.000,1.000,0,0,0,10,10,0,0,10,0.0,0.0,0.0,0.0,0.0,1.0,-1
"F[0,1](PTT <= 0.000 | Phosphate >= 0.000)
",-9999999.000,-9999999.000,0.000,0.000,1.000,0,0,0,10,10,0,0,10,0.0,0.0,0.0,0.0,0.0,1.0,-1
"F[0,2](((Hct <= 20.458 -> SBP >= 73.838) -> Glucose <= 108.237) & Calcium >= 24.300)
",-9999999.000,-9999999.000,0.000,0.000,1.000,0,0,0,10,10,0,0,10,0.0,0.0,0.0,0.0,0.0,1.0,-1
"F[1,2](((HR <= 74.839 | Glucose >= 4.070) | WBC <= 31.615) -> Phosphate >= 2.043)
",-9999999.000,-9999999.000,0.000,0.000,1.000,0,0,0,10,10,0,0,10,0.0,0.0,0.0,0.0,0.0,1.0,-1
"F[1,2]((O2Sat <= 82.273 | HCO3 <= 11.028) & SaO2 <= 8.200)
",-9999999.000,-9999999.000,0.000,0.000,1.000,0,0,0,10,10,0,0,10,0.0,0.0,0.0,0.0,0.0,1.0,-1
"F[0,2](SepsisLabel >= 0.000 | Alkalinephos >= 0.000)
",-9999999.000,-9999999.000,0.000,0.000,1.000,0,0,0,10,10,0,0,10,0.0,0.0,0.0,0.0,0.0,1.0,-1
"F[0,0](Fibrinogen >= 0.000 | Glucose <= 64.742)
",64.742,64.742,0.000,0.000,1.000,0,0,0,10,10,0,0,10,0.0,0.0,0.0,0.0,0.0,1.0,-1
"F[1,2]((MAP <= 57.300 -> WBC >= 0.267) & HR <= 6.294)
",-9999999.000,-9999999.000,0.000,0.000,1.000,0,0,0,10,10,0,0,10,0.0,0.0,0.0,0.0,0.0,1.0,-1
"F[1,2]((PaCO2 >= 0.000 & Chloride >= 1.699) -> Lactate <= 64.084)
",-9999999.000,-9999999.000,0.000,0.000,1.000,0,0,0,10,10,0,0,10,0.0,0.0,0.0,0.0,0.0,1.0,-1
"((HCO3 <= 15.570) U[1,2] (BaseExcess <= 0.000))
",-9999999.000,-9999999.000,0.000,0.000,1.000,0,0,0,10,10,0,0,10,0.0,0.0,0.0,0.0,0.0,1.0,-1
"G[1,2]((PaCO2 >= 0.000 -> O2Sat <= 63.256) & Creatinine <= 61.551)
",9999999.000,9999999.000,0.000,1.000,0.000,0,0,6,4,4,6,6,4,0.0,0.0,1.0,0.0,0.0,1.0,1
"G[0,0](BUN <= 9.437 & Creatinine >= 0.012)
",0.329,0.933,0.000,1.000,0.000,0,0,0,10,10,0,0,10,0.0,0.0,0.0,0.0,0.0,1.0,1
"G[0,1](BUN <= 13.954 & Creatinine >= 0.050)
",9999999.000,9999999.000,0.000,1.000,0.000,0,0,0,10,10,0,0,10,0.0,0.0,0.0,0.0,0.0,1.0,1
"G[0,2](((Bilirubin_direct <= 0.000 -> FiO2 <= 0.000) & Fibrinogen <= 0.000) & FiO2 >= 0.000)
",9999999.000,9999999.000,0.000,1.000,0.000,0,0,10,0,0,10,10,0,0.0,0.0,1.0,0.0,0.0,1.0,1
"G[1,2](((Hct <= 6.916 | Resp <= 18.915) -> pH >= 13.308) -> SaO2 >= 4.125)
",9999999.000,9999999.000,0.000,1.000,0.000,0,0,8,2,2,8,8,2,0.0,0.0,1.0,0.0,0.0,1.0,1
"G[0,2]((Platelets >= 6.863 -> Bilirubin_total <= 0.000) -> BUN >= 0.000)
",9999999.000,9999999.000,0.000,1.000,0.000,0,0,10,0,0,10,10,0,0.0,0.0,1.0,0.0,0.0,1.0,1
"G[0,2](((Hgb <= 8.089 | Hct <= 5.616) -> WBC >= 0.388) & Platelets >= 0.557)
",9999999.000,9999999.000,0.000,1.000,0.000,0,0,0,10,10,0,0,10,0.0,0.0,0.0,0.0,0.0,1.0,1
"G[0,2](((Phosphate <= 0.000 | O2Sat <= 62.457) & TroponinI <= 73.807) & BUN >= 30.779)
",9999999.000,9999999.000,0.000,1.000,0.000,0,0,0,10,10,0,0,10,0.0,0.0,0.0,0.0,0.0,1.0,1
"G[0,1]((Calcium >= 0.000 | Glucose <= 86.780) -> SepsisLabel >= 1.937)
",9999999.000,9999999.000,0.000,1.000,0.000,0,0,0,10,10,0,0,10,0.0,0.0,0.0,0.0,0.0,1.0,1
"G[1,2](((Potassium >= 0.035 & HR <= 73.502) -> SepsisLabel >= 8.337) & FiO2 <= 64.630)
",9999999.000,9999999.000,0.000,1.000,0.000,0,0,10,0,0,10,10,0,0.0,0.0,1.0,0.0,0.0,1.0,1
"G[0,1](((Chloride <= 13.909 | Magnesium <= 0.260) -> Resp >= 0.022) & Hgb >= 0.022)
",9999999.000,9999999.000,0.000,1.000,0.000,0,0,0,10,10,0,0,10,0.0,0.0,0.0,0.0,0.0,1.0,1
"G[0,2](((Temp >= 1.041 -> AST >= 0.000) & Alkalinephos <= 0.000) & Phosphate <= 0.000)
",9999999.000,9999999.000,0.000,1.000,0.000,0,0,10,0,0,10,10,0,0.0,0.0,1.0,0.0,0.0,1.0,1
"G[1,1]((HCO3 >= 1.179 | Hct >= 0.937) & Bilirubin_direct >= 0.831)
",-8444173870419470.000,-0.937,0.000,1.000,0.000,0,0,0,10,10,0,0,10,0.0,0.0,0.0,0.0,0.0,1.0,1
"G[0,2](((Hgb <= 4.845 | Hct <= 13.789) -> WBC >= 0.125) & Platelets >= 4.198)
",9999999.000,9999999.000,0.000,1.000,0.000,0,0,0,10,10,0,0,10,0.0,0.0,0.0,0.0,0.0,1.0,1
"G[0,2]((Hct >= 1.186 & pH >= 0.000) | Platelets <= 0.000)
",9999999.000,9999999.000,0.000,1.000,0.000,0,0,10,0,0,10,10,0,0.0,0.0,1.0,0.0,0.0,1.0,1
"G[1,2]((FiO2 <= 0.000 & Hct >= 0.164) | Temp <= 30.714)
",9999999.000,9999999.000,0.000,1.000,0.000,0,0,9,1,1,9,9,1,0.0,0.0,1.0,0.0,0.0,1.0,1
"G[1,2](BUN <= 14.698 & Creatinine >= 0.037)
",9999999.000,9999999.000,0.000,1.000,0.000,0,0,0,10,10,0,0,10,0.0,0.0,0.0,0.0,0.0,1.0,1
"G[0,1](Fibrinogen <= 0.000 & Hct >= 3.271)
",9999999.000,9999999.000,0.000,1.000,0.000,0,0,0,10,10,0,0,10,0.0,0.0,0.0,0.0,0.0,1.0,1
"G[0,2](Chloride >= 1.718 & FiO2 >= 0.000)
",9999999.000,9999999.000,0.000,1.000,0.000,0,0,0,10,10,0,0,10,0.0,0.0,0.0,0.0,0.0,1.0,1
"G[0,2]((Magnesium >= 0.055 & HR >= 8.488) & Potassium >= 3.084)
",9999999.000,9999999.000,0.000,1.000,0.000,0,0,0,10,10,0,0,10,0.0,0.0,0.0,0.0,0.0,1.0,1
"G[1,2](((PaCO2 <= 0.000 & Phosphate >= 0.000) & Chloride <= 0.000) & Bilirubin_total <= 0.000)
",9999999.000,9999999.000,0.000,1.000,0.000,0,0,9,1,1,9,9,1,0.0,0.0,1.0,0.0,0.0,1.0,1
"G[1,2](SepsisLabel <= 0.000 -> BUN >= 0.191)
",9999999.000,9999999.000,0.000,1.000,0.000,0,0,1,9,9,1,1,9,0.0,0.0,1.0,0.0,0.0,1.0,1
"G[2,2](((AST <= 0.000 | BaseExcess >= 0.000) & Bilirubin_direct >= 0.000) -> WBC <= 0.000)
",0.000,0.000,0.000,1.000,0.000,0,0,10,0,0,10,10,0,0.0,0.0,1.0,0.0,0.0,1.0,1
"G[1,2](Creatinine >= 0.006 | Chloride >= 2.123)
",9999999.000,9999999.000,0.000,1.000,0.000,0,0,1,9,9,1,1,9,0.0,0.0,1.0,0.0,0.0,1.0,1
"G[0,2](Platelets >= 2.698 & SepsisLabel = 0.000)
",9999999.000,9999999.000,0.000,1.000,0.000,0,0,0,10,10,0,0,10,0.0,0.0,0.0,0.0,0.0,1.0,1
"G[1,2](Temp <= 32.108 -> MAP <= 70.180)
",9999999.000,9999999.000,0.000,1.000,0.000,0,0,3,7,7,3,3,7,0.0,0.0,1.0,0.0,0.0,1.0,1
"G[0,2](SaO2 < 0.000 & SepsisLabel = 0.000)
",9999999.000,9999999.000,0.000,1.000,0.000,0,0,0,10,10,0,0,10,0.0,0.0,0.0,0.0,0.0,1.0,1
"G[0,1](Platelets <= 140.078 -> WBC >= 0.352)
",9999999.000,9999999.000,0.000,1.000,0.000,0,0,0,10,10,0,0,10,0.0,0.0,0.0,0.0,0.0,1.0,1
"G[1,2]((pH >= 0.000 -> Alkalinephos <= 0.000) & SaO2 <= 0.000)
",9999999.000,9999999.000,0.000,1.000,0.000,0,0,10,0,0,10,10,0,0.0,0.0,1.0,0.0,0.0,1.0,1
"((Lactate >= 0.000) U[2,2] (Creatinine <= 0.931))
",8385676392527890.000,0.931,0.000,0.000,1.000,0,0,0,10,10,0,0,10,0.0,0.0,0.0,0.0,0.0,1.0,-1
"G[0,2](TroponinI <= 0.000 & BaseExcess >= 0.000)
",9999999.000,9999999.000,0.000,1.000,0.000,0,0,10,0,0,10,10,0,0.0,0.0,1.0,0.0,0.0,1.0,1
"F[0,1]((Bilirubin_direct <= 0.000 -> Bilirubin_total >= 0.000) -> Potassium >= 0.000)
",-9999999.000,-9999999.000,0.000,0.000,1.000,0,0,0,10,10,0,0,10,0.0,0.0,0.0,0.0,0.0,1.0,-1
"F[0,2]((SBP >= 52.986 | BUN >= 0.567) & Lactate >= 0.391)
",-9999999.000,-9999999.000,0.000,0.000,1.000,0,0,0,10,10,0,0,10,0.0,0.0,0.0,0.0,0.0,1.0,-1
"F[0,2]((DBP >= 42.435 | WBC >= 0.179) -> Potassium >= 0.037)
",-9999999.000,-9999999.000,0.000,0.000,1.000,0,0,0,10,10,0,0,10,0.0,0.0,0.0,0.0,0.0,1.0,-1
"F[1,2]((BaseExcess >= 0.000 | Lactate <= 0.000) | AST >= 0.000)
",-9999999.000,-9999999.000,0.000,0.000,1.000,0,0,0,10,10,0,0,10,0.0,0.0,0.0,0.0,0.0,1.0,-1
"F[1,2]((Calcium <= 0.000 -> SaO2 >= 0.000) | SBP >= 0.000)
",-9999999.000,-9999999.000,0.000,0.000,1.000,0,0,0,10,10,0,0,10,0.0,0.0,0.0,0.0,0.0,1.0,-1
"F[0,2](Alkalinephos >= 0.000 -> EtCO2 >= 0.000)
",-9999999.000,-9999999.000,0.000,0.000,1.000,0,0,0,10,10,0,0,10,0.0,0.0,0.0,0.0,0.0,1.0,-1
"F[0,2](EtCO2 >= 0.000 | Bilirubin_total <= 0.000)
",-9999999.000,-9999999.000,0.000,0.000,1.000,0,0,0,10,10,0,0,10,0.0,0.0,0.0,0.0,0.0,1.0,-1
"G[1,2](((DBP >= 10.910 | AST >= 0.000) | BaseExcess >= 0.000) -> Resp >= 0.000)
",9999999.000,9999999.000,0.000,1.000,0.000,0,0,10,0,0,10,10,0,0.0,0.0,1.0,0.0,0.0,1.0,1
"G[0,1]((EtCO2 <= 0.000 -> Glucose >= 1.497) & Potassium >= 1.524)
",9999999.000,9999999.000,0.000,1.000,0.000,0,0,0,10,10,0,0,10,0.0,0.0,0.0,0.0,0.0,1.0,1
"G[1,2]((SBP >= 17.251 -> Bilirubin_total <= 0.000) -> BaseExcess <= 0.000)
",9999999.000,9999999.000,0.000,1.000,0.000,0,0,10,0,0,10,10,0,0.0,0.0,1.0,0.0,0.0,1.0,1
"G[1,2](Platelets <= 11.087 -> WBC >= 0.014)
",9999999.000,9999999.000,0.000,1.000,0.000,0,0,1,9,9,1,1,9,0.0,0.0,1.0,0.0,0.0,1.0,1
"G[2,2]((MAP >= 24.724 & Glucose <= 6.962) | Alkalinephos >= 0.431)
",-0.431,-0.431,0.000,1.000,0.000,0,0,10,0,0,10,10,0,0.0,0.0,1.0,0.0,0.0,1.0,1
"G[0,2](BUN >= 0.443 | Hct >= 3.051)
",9999999.000,9999999.000,0.000,1.000,0.000,0,0,0,10,10,0,0,10,0.0,0.0,0.0,0.0,0.0,1.0,1
"G[0,2](Hgb <= 7.753 & PTT >= 0.000)
",9999999.000,9999999.000,0.000,1.000,0.000,0,0,9,1,1,9,9,1,0.0,0.0,1.0,0.0,0.0,1.0,1
"G[0,0](Chloride >= 1.337 & HCO3 >= 1.280)
",-6023380897179086.000,-1.337,0.000,1.000,0.000,0,0,0,10,10,0,0,10,0.0,0.0,0.0,0.0,0.0,1.0,1
"G[1,2](Hct >= 2.395 | DBP <= 66.834)
",9999999.000,9999999.000,0.000,1.000,0.000,0,0,9,1,1,9,9,1,0.0,0.0,1.0,0.0,0.0,1.0,1
"G[1,2](Chloride >= 4.008 & HCO3 >= 1.186)
",9999999.000,9999999.000,0.000,1.000,0.000,0,0,1,9,9,1,1,9,0.0,0.0,1.0,0.0,0.0,1.0,1
"G[1,2](Platelets <= 132.706 -> WBC >= 0.227)
",9999999.000,9999999.000,0.000,1.000,0.000,0,0,1,9,9,1,1,9,0.0,0.0,1.0,0.0,0.0,1.0,1
"G[0,1](((WBC >= 0.272 -> O2Sat <= 77.431) -> PaCO2 <= 60.478) & SepsisLabel >= 32.093)
",9999999.000,9999999.000,0.000,1.000,0.000,0,0,0,10,10,0,0,10,0.0,0.0,0.0,0.0,0.0,1.0,1
"G[0,2](Platelets <= 113.135 -> BUN >= 0.426)
",9999999.000,9999999.000,0.000,1.000,0.000,0,0,0,10,10,0,0,10,0.0,0.0,0.0,0.0,0.0,1.0,1
"G[1,1](((Potassium <= 0.986 -> Creatinine >= 0.043) -> pH <= 0.763) & FiO2 >= 0.007)
",-0.763,-0.763,0.000,1.000,0.000,0,0,0,10,10,0,0,10,0.0,0.0,0.0,0.0,0.0,1.0,1
"G[0,2](BUN <= 9.780 & Resp >= 9.393)
",9999999.000,9999999.000,0.000,1.000,0.000,0,0,4,6,6,4,4,6,0.0,0.0,1.0,0.0,0.0,1.0,1
"G[2,2]((Glucose >= 4.167 | Chloride >= 1.343) -> WBC <= 60.155)
",-8466000485170798.000,-60.155,0.000,1.000,0.000,0,0,10,0,0,10,10,0,0.0,0.0,1.0,0.0,0.0,1.0,1
"G[0,2]((O2Sat >= 29.243 & Resp <= 20.863) & O2Sat <= 24.345)
",9999999.000,9999999.000,0.000,1.000,0.000,0,0,0,10,10,0,0,10,0.0,0.0,0.0,0.0,0.0,1.0,1
"G[2,2](Chloride >= 3.064 -> Bilirubin_direct >= 0.000)
",0.000,0.000,0.000,1.000,0.000,0,0,10,0,0,10,10,0,0.0,0.0,1.0,0.0,0.0,1.0,1
"F[0,2]((BUN >= 0.065 | HR >= 42.540) & Temp <= 69.344)
",-9999999.000,-9999999.000,0.000,0.000,1.000,0,0,0,10,10,0,0,10,0.0,0.0,0.0,0.0,0.0,1.0,-1
