Rule,Discrimination Score,Pos Robustness,Neg Robustness,Percent Class +,Percent Class -,TP,TN,FP,FN,Actual Yes,Actual No,Predicted Yes,Predicted No,TPR/Sens,TNR/Spec,FPR,Precision,Accuracy,MCR
"G[0,0]((TroponinI >= 0.000 -> Potassium >= 0.051) -> SepsisLabel <= 0.263)
",-0.263,-0.263,0.000,1.000,0.000,13,0,0,0,13,0,13,0,1.0,0.0,0.0,1.0,1.04,-0.040000000000000036
"G[0,0](((MAP >= 48.922 | Creatinine <= 0.040) | O2Sat >= 0.027) | Glucose >= 0.012)
",3.281,77.013,0.000,1.000,0.000,13,0,0,0,13,0,13,0,1.0,0.0,0.0,1.0,1.04,-0.040000000000000036
"G[0,0](Bilirubin_total <= 0.350 -> SepsisLabel = 0.000)
",-6302797940392913.000,-0.350,0.000,1.000,0.000,13,0,0,0,13,0,13,0,1.0,0.0,0.0,1.0,1.04,-0.040000000000000036
"G[0,0](((Potassium >= 0.136 -> WBC <= 6.043) -> SepsisLabel <= 2.959) & Phosphate <= 1.277)
",-6662339085147945.000,-2.959,0.000,1.000,0.000,13,0,0,0,13,0,13,0,1.0,0.0,0.0,1.0,1.04,-0.040000000000000036
"G[0,0]((Lactate >= 0.000 | PTT >= 0.000) | BUN <= 0.000)
",0.000,0.000,0.000,1.000,0.000,13,0,0,0,13,0,13,0,1.0,0.0,0.0,1.0,1.04,-0.040000000000000036
"G[0,0]((DBP >= 18.539 -> Hct >= 1.186) | Hgb <= 17.913)
",17.913,17.913,0.000,1.000,0.000,13,0,0,0,13,0,13,0,1.0,0.0,0.0,1.0,1.04,-0.040000000000000036
"G[0,0](pH < 5.902 -> SepsisLabel = 0.000)
",-49.758,-5.849,0.000,1.000,0.000,13,0,0,0,13,0,13,0,1.0,0.0,0.0,1.0,1.04,-0.040000000000000036
"G[0,0]((Lactate <= 0.000 -> Phosphate <= 2.299) & Lactate <= 2.839)
",-5176369523551198.000,-2.299,0.000,1.000,0.000,13,0,0,0,13,0,13,0,1.0,0.0,0.0,1.0,1.04,-0.040000000000000036
"G[0,0](Bilirubin_total >= 0.003 -> O2Sat <= 88.290)
",-0.533,-12.325,0.000,1.000,0.000,13,0,0,0,13,0,13,0,1.0,0.0,0.0,1.0,1.04,-0.040000000000000036
"G[0,0](((HR >= 37.105 -> Calcium >= 0.000) -> SepsisLabel <= 0.000) -> WBC >= 0.000)
",0.000,0.000,0.000,1.000,0.000,13,0,0,0,13,0,13,0,1.0,0.0,0.0,1.0,1.04,-0.040000000000000036
"G[0,0]((BUN >= 0.349 & Glucose <= 48.988) -> Bilirubin_direct <= 76.193)
",-5361634227797049.000,-76.193,0.000,1.000,0.000,13,0,0,0,13,0,13,0,1.0,0.0,0.0,1.0,1.04,-0.040000000000000036
"G[0,0]((AST >= 0.853 -> TroponinI <= 0.000) & Platelets <= 0.000)
",0.000,0.000,0.000,1.000,0.000,13,0,0,0,13,0,13,0,1.0,0.0,0.0,1.0,1.04,-0.040000000000000036
"G[0,0]((Creatinine >= 0.020 -> Calcium <= 0.000) & SepsisLabel <= 0.000)
",0.000,0.000,0.000,1.000,0.000,13,0,0,0,13,0,13,0,1.0,0.0,0.0,1.0,1.04,-0.040000000000000036
"G[0,0](((HR >= 65.060 & O2Sat <= 95.444) -> BaseExcess >= 24.479) -> HR <= 95.827)
",0.825,19.194,0.000,1.000,0.000,13,0,0,0,13,0,13,0,1.0,0.0,0.0,1.0,1.04,-0.040000000000000036
"G[0,0]((BUN >= 0.107 & Calcium <= 0.000) -> MAP <= 0.000)
",3.317,0.098,0.000,1.000,0.000,13,0,0,0,13,0,13,0,1.0,0.0,0.0,1.0,1.04,-0.040000000000000036
"G[0,1](Creatinine >= 0.021 | Bilirubin_direct >= 0.000)
",9999999.000,9999999.000,0.000,1.000,0.000,12,0,1,0,12,1,13,0,1.0,0.0,1.0,0.9230769230769231,0.96,0.040000000000000036
"G[1,1](SepsisLabel >= 0.000 & PTT >= 0.000)
",0.000,0.000,0.000,1.000,0.000,12,0,1,0,12,1,13,0,1.0,0.0,1.0,0.9230769230769231,0.96,0.040000000000000036
"G[0,1]((HCO3 >= 0.582 -> Platelets >= 9.293) -> Bilirubin_total <= 185.847)
",9999999.000,9999999.000,0.000,1.000,0.000,12,0,1,0,12,1,13,0,1.0,0.0,1.0,0.9230769230769231,0.96,0.040000000000000036
"G[0,1]((BaseExcess >= -0.719 | PaCO2 >= 0.861) & BaseExcess <= 31.463)
",9999999.000,9999999.000,0.000,1.000,0.000,12,0,1,0,12,1,13,0,1.0,0.0,1.0,0.9230769230769231,0.96,0.040000000000000036
"G[0,1](((Lactate <= 0.000 & O2Sat >= 62.285) -> SaO2 <= 86.531) | O2Sat <= 91.388)
",9999999.000,9999999.000,0.000,1.000,0.000,12,0,1,0,12,1,13,0,1.0,0.0,1.0,0.9230769230769231,0.96,0.040000000000000036
"G[1,1](Creatinine >= 0.026 -> PaCO2 <= 22.330)
",-22.330,-22.330,0.000,1.000,0.000,12,0,1,0,12,1,13,0,1.0,0.0,1.0,0.9230769230769231,0.96,0.040000000000000036
"G[0,1]((Bilirubin_direct >= 0.000 | Bilirubin_direct <= 0.000) & Bilirubin_direct <= 0.000)
",9999999.000,9999999.000,0.000,1.000,0.000,12,0,1,0,12,1,13,0,1.0,0.0,1.0,0.9230769230769231,0.96,0.040000000000000036
"G[0,1](Lactate <= 0.000 -> SepsisLabel = 0.000)
",9999999.000,9999999.000,0.000,1.000,0.000,12,0,1,0,12,1,13,0,1.0,0.0,1.0,0.9230769230769231,0.96,0.040000000000000036
"G[0,1](EtCO2 >= 0.000 -> Bilirubin_direct <= 0.000)
",9999999.000,9999999.000,0.000,1.000,0.000,12,0,1,0,12,1,13,0,1.0,0.0,1.0,0.9230769230769231,0.96,0.040000000000000036
"G[0,1](pH >= 0.878 | PaCO2 <= 28.410)
",9999999.000,9999999.000,0.000,1.000,0.000,12,0,1,0,12,1,13,0,1.0,0.0,1.0,0.9230769230769231,0.96,0.040000000000000036
"G[0,1](((pH <= 5.531 & SBP >= 72.280) -> Resp <= 118.198) & Potassium <= 121.221)
",9999999.000,9999999.000,0.000,1.000,0.000,12,0,1,0,12,1,13,0,1.0,0.0,1.0,0.9230769230769231,0.96,0.040000000000000036
"G[0,1](TroponinI <= 0.000 | Alkalinephos <= 0.000)
",9999999.000,9999999.000,0.000,1.000,0.000,12,0,1,0,12,1,13,0,1.0,0.0,1.0,0.9230769230769231,0.96,0.040000000000000036
"G[0,1](((Magnesium <= 0.217 -> WBC >= 0.101) | Fibrinogen <= 4.892) | Lactate >= 0.081)
",9999999.000,9999999.000,0.000,1.000,0.000,12,0,1,0,12,1,13,0,1.0,0.0,1.0,0.9230769230769231,0.96,0.040000000000000036
"G[0,1](BaseExcess <= -0.062 -> SepsisLabel = 0.000)
",9999999.000,9999999.000,0.000,1.000,0.000,12,0,1,0,12,1,13,0,1.0,0.0,1.0,0.9230769230769231,0.96,0.040000000000000036
"G[0,1]((Potassium <= 0.290 -> PTT <= 0.000) & Calcium <= 0.000)
",9999999.000,9999999.000,0.000,1.000,0.000,12,0,1,0,12,1,13,0,1.0,0.0,1.0,0.9230769230769231,0.96,0.040000000000000036
"G[0,1]((SBP <= 140.005 -> SBP <= 138.447) | Platelets >= 91.160)
",9999999.000,9999999.000,0.000,1.000,0.000,12,0,1,0,12,1,13,0,1.0,0.0,1.0,0.9230769230769231,0.96,0.040000000000000036
"G[0,1](((Alkalinephos >= 0.000 | Calcium <= 0.000) | SaO2 <= 0.000) -> EtCO2 <= 0.000)
",9999999.000,9999999.000,0.000,1.000,0.000,12,0,1,0,12,1,13,0,1.0,0.0,1.0,0.9230769230769231,0.96,0.040000000000000036
"G[0,1](((HR <= 77.609 | Temp <= 17.868) & MAP >= 3.511) -> Phosphate <= 32.845)
",9999999.000,9999999.000,0.000,1.000,0.000,12,0,1,0,12,1,13,0,1.0,0.0,1.0,0.9230769230769231,0.96,0.040000000000000036
"G[0,1]((Magnesium <= 1.874 & O2Sat >= 6.301) -> Platelets <= 90.243)
",9999999.000,9999999.000,0.000,1.000,0.000,12,0,1,0,12,1,13,0,1.0,0.0,1.0,0.9230769230769231,0.96,0.040000000000000036
"G[0,1](Hct >= 0.857 -> HR <= 92.181)
",9999999.000,9999999.000,0.000,1.000,0.000,12,0,1,0,12,1,13,0,1.0,0.0,1.0,0.9230769230769231,0.96,0.040000000000000036
"G[1,1](AST >= 0.641 -> PaCO2 <= 14.475)
",-8148450297214097.000,-14.475,0.000,1.000,0.000,12,0,1,0,12,1,13,0,1.0,0.0,1.0,0.9230769230769231,0.96,0.040000000000000036
"G[0,1]((Chloride >= 0.328 | Hgb >= 0.000) -> SBP >= 0.000)
",9999999.000,9999999.000,0.000,1.000,0.000,12,0,1,0,12,1,13,0,1.0,0.0,1.0,0.9230769230769231,0.96,0.040000000000000036
"G[1,1](((PaCO2 <= 29.454 -> O2Sat <= 96.786) | HR >= 28.022) | BaseExcess >= 71.708)
",-7887535039121633.000,-28.022,0.000,1.000,0.000,12,0,1,0,12,1,13,0,1.0,0.0,1.0,0.9230769230769231,0.96,0.040000000000000036
"G[0,1](WBC <= 4.168 | SaO2 <= 0.000)
",9999999.000,9999999.000,0.000,1.000,0.000,12,0,1,0,12,1,13,0,1.0,0.0,1.0,0.9230769230769231,0.96,0.040000000000000036
"G[1,1](BUN >= 0.399 -> Resp >= 10.055)
",0.399,0.399,0.000,1.000,0.000,12,0,1,0,12,1,13,0,1.0,0.0,1.0,0.9230769230769231,0.96,0.040000000000000036
"G[0,1](((BaseExcess >= -1.990 -> Resp >= 3.397) -> SaO2 <= 22.426) | Fibrinogen <= 20.406)
",9999999.000,9999999.000,0.000,1.000,0.000,12,0,1,0,12,1,13,0,1.0,0.0,1.0,0.9230769230769231,0.96,0.040000000000000036
"G[1,1]((Phosphate <= 4.632 -> HR >= 39.961) | Chloride <= 78.832)
",5547336641157391.000,78.832,0.000,1.000,0.000,12,0,1,0,12,1,13,0,1.0,0.0,1.0,0.9230769230769231,0.96,0.040000000000000036
"G[0,1]((Temp >= 4.050 | HCO3 >= 0.407) | HCO3 <= 21.985)
",9999999.000,9999999.000,0.000,1.000,0.000,12,0,1,0,12,1,13,0,1.0,0.0,1.0,0.9230769230769231,0.96,0.040000000000000036
"G[1,1]((Bilirubin_total <= 0.575 -> HR >= 13.517) & Hct <= 79.068)
",-0.575,-0.575,0.000,1.000,0.000,12,0,1,0,12,1,13,0,1.0,0.0,1.0,0.9230769230769231,0.96,0.040000000000000036
"G[0,1]((SepsisLabel <= 0.000 | HR <= 90.461) | pH <= 80.405)
",9999999.000,9999999.000,0.000,1.000,0.000,12,0,1,0,12,1,13,0,1.0,0.0,1.0,0.9230769230769231,0.96,0.040000000000000036
"G[0,1](((Resp >= 2.993 -> SaO2 <= 0.000) & MAP >= 0.000) -> Glucose <= 0.000)
",9999999.000,9999999.000,0.000,1.000,0.000,11,0,1,1,12,1,12,1,0.9166666666666666,0.0,1.0,0.9166666666666666,0.88,0.12
"G[1,1]((Magnesium <= 0.184 | pH >= 0.080) & HR >= 0.164)
",-5926709896572977.000,-0.164,0.000,1.000,0.000,11,0,1,1,12,1,12,1,0.9166666666666666,0.0,1.0,0.9166666666666666,0.88,0.12
"G[1,1](((WBC >= 0.035 | Hgb >= 0.000) & Bilirubin_total <= 0.000) & Hgb >= 0.000)
",0.000,0.000,0.000,1.000,0.000,11,0,1,1,12,1,12,1,0.9166666666666666,0.0,1.0,0.9166666666666666,0.88,0.12
"G[0,1](((Magnesium <= 0.523 -> Potassium <= 2.347) -> Resp >= 0.108) | MAP >= 0.054)
",9999999.000,9999999.000,0.000,1.000,0.000,11,0,0,2,13,0,11,2,0.8461538461538461,0.0,0.0,1.0,0.88,0.12
"G[0,1]((FiO2 <= 0.121 & Resp >= 7.927) | Platelets <= 18.011)
",9999999.000,9999999.000,0.000,1.000,0.000,11,0,1,1,12,1,12,1,0.9166666666666666,0.0,1.0,0.9166666666666666,0.88,0.12
"G[1,1](((Glucose <= 30.326 -> PaCO2 >= 0.520) | SBP >= 0.482) -> Hct <= 45.378)
",-6386450801520079.000,-45.378,0.000,1.000,0.000,11,0,1,1,12,1,12,1,0.9166666666666666,0.0,1.0,0.9166666666666666,0.88,0.12
"G[0,1](((BaseExcess <= -0.052 | Magnesium <= 1.276) -> PTT >= 0.042) -> Alkalinephos >= 0.064)
",9999999.000,9999999.000,0.000,1.000,0.000,11,0,1,1,12,1,12,1,0.9166666666666666,0.0,1.0,0.9166666666666666,0.88,0.12
"G[0,1](Creatinine < 0.761 & SepsisLabel = 0.000)
",9999999.000,9999999.000,0.000,1.000,0.000,11,0,1,1,12,1,12,1,0.9166666666666666,0.0,1.0,0.9166666666666666,0.88,0.12
"G[0,1](((Potassium >= 0.110 -> Resp <= 20.613) & FiO2 >= 6.642) | Glucose <= 19.529)
",9999999.000,9999999.000,0.000,1.000,0.000,11,0,1,1,12,1,12,1,0.9166666666666666,0.0,1.0,0.9166666666666666,0.88,0.12
"G[1,1](Fibrinogen >= 0.000 & Creatinine <= 0.248)
",0.000,0.000,0.000,1.000,0.000,11,0,1,1,12,1,12,1,0.9166666666666666,0.0,1.0,0.9166666666666666,0.88,0.12
"G[0,0]((Bilirubin_total <= 0.500 & FiO2 <= 0.204) & Phosphate <= 0.207)
",7345806205360689.000,0.204,0.000,1.000,0.000,11,0,0,2,13,0,11,2,0.8461538461538461,0.0,0.0,1.0,0.88,0.12
"G[0,1](TroponinI <= 0.000 & O2Sat >= 73.986)
",9999999.000,9999999.000,0.000,1.000,0.000,11,0,0,2,13,0,11,2,0.8461538461538461,0.0,0.0,1.0,0.88,0.12
"G[0,1](PaCO2 >= 5.252 | FiO2 <= 0.382)
",9999999.000,9999999.000,0.000,1.000,0.000,11,0,1,1,12,1,12,1,0.9166666666666666,0.0,1.0,0.9166666666666666,0.88,0.12
"G[0,1](((Chloride >= 0.853 | PaCO2 <= 41.904) -> MAP >= 3.987) & MAP >= 4.126)
",9999999.000,9999999.000,0.000,1.000,0.000,11,0,0,2,13,0,11,2,0.8461538461538461,0.0,0.0,1.0,0.88,0.12
"G[1,1](((BUN >= 0.341 | O2Sat >= 38.498) -> O2Sat <= 94.913) | SBP <= 96.494)
",96.494,96.494,0.000,1.000,0.000,10,0,1,2,12,1,11,2,0.8333333333333334,0.0,1.0,0.9090909090909091,0.8,0.19999999999999996
"G[0,1]((PaCO2 <= 16.547 & pH >= 0.797) | HR >= 0.036)
",9999999.000,9999999.000,0.000,1.000,0.000,10,0,0,3,13,0,10,3,0.7692307692307693,0.0,0.0,1.0,0.8,0.19999999999999996
"G[0,1](Resp >= 15.314 & TroponinI >= 0.000)
",9999999.000,9999999.000,0.000,1.000,0.000,7,0,0,6,13,0,7,6,0.5384615384615384,0.0,0.0,1.0,0.56,0.43999999999999995
"G[0,1]((DBP <= 76.460 & MAP <= 95.921) | pH >= 65.462)
",9999999.000,9999999.000,0.000,1.000,0.000,5,0,1,7,12,1,6,7,0.4166666666666667,0.0,1.0,0.8333333333333334,0.4,0.6
"G[1,1](DBP <= 63.865 -> Glucose >= 3.365)
",-63.865,-63.865,0.000,1.000,0.000,4,0,1,8,12,1,5,8,0.3333333333333333,0.0,1.0,0.8,0.32,0.6799999999999999
"G[1,1](((MAP <= 93.991 & Bilirubin_total <= 0.234) | Bilirubin_direct >= 0.017) -> Platelets >= 0.011)
",-0.234,-0.234,0.000,1.000,0.000,3,0,1,9,12,1,4,9,0.25,0.0,1.0,0.75,0.24,0.76
"G[0,1](BUN <= 4.377 & DBP >= 3.221)
",9999999.000,9999999.000,0.000,1.000,0.000,3,0,0,10,13,0,3,10,0.23076923076923078,0.0,0.0,1.0,0.24,0.76
"G[0,0]((SBP >= 21.995 -> BaseExcess <= -0.052) & MAP >= -0.105)
",7519614617135883.000,0.052,0.000,1.000,0.000,2,0,0,11,13,0,2,11,0.15384615384615385,0.0,0.0,1.0,0.16,0.84
"G[0,0](((Lactate >= 0.000 -> Lactate <= 0.000) & Resp <= 0.000) & Temp <= 0.000)
",-3.314,-85.292,0.000,1.000,0.000,2,0,0,11,13,0,2,11,0.15384615384615385,0.0,0.0,1.0,0.16,0.84
"G[1,1](Fibrinogen >= 0.000 & Magnesium >= 0.033)
",-4806510310751706.000,-0.033,0.000,1.000,0.000,1,0,1,11,12,1,2,11,0.08333333333333333,0.0,1.0,0.5,0.08,0.92
"G[0,0]((PaCO2 <= 28.894 -> Temp >= 5.408) & AST <= 26.357)
",-5.085,-82.742,0.000,1.000,0.000,1,0,0,12,13,0,1,12,0.07692307692307693,0.0,0.0,1.0,0.08,0.92
"G[1,1](Chloride >= 1.926 & HCO3 >= 0.927)
",-8673173440541553.000,-1.926,0.000,1.000,0.000,1,0,1,11,12,1,2,11,0.08333333333333333,0.0,1.0,0.5,0.08,0.92
"G[1,1](((Hgb <= 0.000 | Hct <= 16.376) -> WBC >= 0.083) & Platelets >= 0.537)
",-16.376,-16.376,0.000,1.000,0.000,1,0,1,11,12,1,2,11,0.08333333333333333,0.0,1.0,0.5,0.08,0.92
"G[1,1](Platelets <= 42.252 -> WBC >= 0.293)
",-5946479669058030.000,-42.252,0.000,1.000,0.000,1,0,1,11,12,1,2,11,0.08333333333333333,0.0,1.0,0.5,0.08,0.92
"G[1,1](((Hgb <= 0.000 | Hct <= 32.925) -> WBC >= 0.102) & Platelets >= 3.104)
",-32.925,-32.925,0.000,1.000,0.000,1,0,1,11,12,1,2,11,0.08333333333333333,0.0,1.0,0.5,0.08,0.92
"G[1,1](Chloride >= 0.590 & HCO3 >= 1.070)
",-4817155523374295.000,-1.070,0.000,1.000,0.000,1,0,1,11,12,1,2,11,0.08333333333333333,0.0,1.0,0.5,0.08,0.92
"G[1,1]((Creatinine >= 0.005 | Glucose >= 4.340) | Lactate >= 4.740)
",-6288002611225443.000,-0.005,0.000,1.000,0.000,1,0,1,11,12,1,2,11,0.08333333333333333,0.0,1.0,0.5,0.08,0.92
"G[1,2]((Creatinine >= 0.003 | FiO2 <= 0.378) & Resp >= 0.107)
",9999999.000,9999999.000,0.000,1.000,0.000,0,0,12,1,1,12,12,1,0.0,0.0,1.0,0.0,0.0,1.0
"G[0,1]((O2Sat >= 49.854 | Potassium <= 2.733) & BUN >= 0.138)
",9999999.000,9999999.000,0.000,1.000,0.000,0,0,0,13,13,0,0,13,0.0,0.0,0.0,0.0,0.0,1.0
"G[0,2](((DBP <= 97.031 -> FiO2 <= 0.364) & FiO2 >= 0.059) | MAP <= 0.399)
",9999999.000,9999999.000,0.000,1.000,0.000,0,0,3,10,10,3,3,10,0.0,0.0,1.0,0.0,0.0,1.0
"G[0,2]((Calcium >= 0.000 & HCO3 >= 1.056) -> HCO3 >= 0.492)
",9999999.000,9999999.000,0.000,1.000,0.000,0,0,13,0,0,13,13,0,0.0,0.0,1.0,0.0,0.0,1.0
"G[2,2]((Phosphate <= 4.052 | BUN >= 0.251) -> PTT >= 0.294)
",-4.052,-4.052,0.000,1.000,0.000,0,0,13,0,0,13,13,0,0.0,0.0,1.0,0.0,0.0,1.0
"G[0,2]((PTT >= 0.000 & HR >= 31.652) | FiO2 <= 78.967)
",9999999.000,9999999.000,0.000,1.000,0.000,0,0,13,0,0,13,13,0,0.0,0.0,1.0,0.0,0.0,1.0
"G[0,2](((PTT <= 0.000 & WBC <= 9.529) -> Phosphate <= 8.173) | Hct >= 0.141)
",9999999.000,9999999.000,0.000,1.000,0.000,0,0,13,0,0,13,13,0,0.0,0.0,1.0,0.0,0.0,1.0
"G[1,1](((SepsisLabel <= 0.000 -> HCO3 >= 0.183) -> SBP >= 0.786) & EtCO2 >= 0.264)
",-4753014603331198.000,-0.264,0.000,1.000,0.000,0,0,1,12,12,1,1,12,0.0,0.0,1.0,0.0,0.0,1.0
"G[1,2]((PTT <= 0.000 & Platelets <= 255.267) | TroponinI >= 1.513)
",9999999.000,9999999.000,0.000,1.000,0.000,0,0,12,1,1,12,12,1,0.0,0.0,1.0,0.0,0.0,1.0
"G[0,2](EtCO2 >= 0.000 & Bilirubin_total <= 0.086)
",9999999.000,9999999.000,0.000,1.000,0.000,0,0,12,1,1,12,12,1,0.0,0.0,1.0,0.0,0.0,1.0
"G[0,2](SaO2 <= 0.000 | PaCO2 >= 1.260)
",9999999.000,9999999.000,0.000,1.000,0.000,0,0,13,0,0,13,13,0,0.0,0.0,1.0,0.0,0.0,1.0
"G[0,2](O2Sat >= 54.893 & Hct >= 0.946)
",9999999.000,9999999.000,0.000,1.000,0.000,0,0,0,13,13,0,0,13,0.0,0.0,0.0,0.0,0.0,1.0
"G[2,2](SepsisLabel >= 0.000 | PTT >= 0.000)
",0.000,0.000,0.000,1.000,0.000,0,0,13,0,0,13,13,0,0.0,0.0,1.0,0.0,0.0,1.0
"G[2,2](((Calcium >= 0.000 | EtCO2 <= 0.000) & Lactate <= 0.000) & O2Sat >= 0.000)
",0.000,0.000,0.000,1.000,0.000,0,0,13,0,0,13,13,0,0.0,0.0,1.0,0.0,0.0,1.0
"G[0,1](((EtCO2 >= 0.000 -> HCO3 <= 2.970) | EtCO2 >= 0.720) -> BUN >= 0.462)
",9999999.000,9999999.000,0.000,1.000,0.000,0,0,0,13,13,0,0,13,0.0,0.0,0.0,0.0,0.0,1.0
"G[1,2](EtCO2 >= 0.000 -> BaseExcess <= -0.026)
",9999999.000,9999999.000,0.000,1.000,0.000,0,0,2,11,11,2,2,11,0.0,0.0,1.0,0.0,0.0,1.0
"G[1,2](Fibrinogen >= 0.000 -> Resp <= 22.884)
",9999999.000,9999999.000,0.000,1.000,0.000,0,0,12,1,1,12,12,1,0.0,0.0,1.0,0.0,0.0,1.0
"G[1,2](((WBC <= 9.193 & SaO2 <= 0.000) | Resp <= 0.000) -> BUN >= 0.000)
",9999999.000,9999999.000,0.000,1.000,0.000,0,0,13,0,0,13,13,0,0.0,0.0,1.0,0.0,0.0,1.0
"G[0,2]((BaseExcess >= -1.751 | SBP >= 93.682) & Creatinine <= 121.772)
",9999999.000,9999999.000,0.000,1.000,0.000,0,0,13,0,0,13,13,0,0.0,0.0,1.0,0.0,0.0,1.0
"G[1,2](BUN <= 2.543 | Chloride <= 36.018)
",9999999.000,9999999.000,0.000,1.000,0.000,0,0,12,1,1,12,12,1,0.0,0.0,1.0,0.0,0.0,1.0
"G[1,2](Bilirubin_total <= 0.610 | TroponinI >= 0.000)
",9999999.000,9999999.000,0.000,1.000,0.000,0,0,13,0,0,13,13,0,0.0,0.0,1.0,0.0,0.0,1.0
"G[0,2]((Hct <= 9.902 -> Temp >= 3.150) -> Hgb <= 28.928)
",9999999.000,9999999.000,0.000,1.000,0.000,0,0,13,0,0,13,13,0,0.0,0.0,1.0,0.0,0.0,1.0
"G[2,2]((Phosphate >= 0.067 & SepsisLabel >= 0.000) & BaseExcess >= 0.000)
",-0.067,-0.067,0.000,1.000,0.000,0,0,13,0,0,13,13,0,0.0,0.0,1.0,0.0,0.0,1.0
"G[0,2](O2Sat >= 53.282 | DBP >= 20.515)
",9999999.000,9999999.000,0.000,1.000,0.000,0,0,11,2,2,11,11,2,0.0,0.0,1.0,0.0,0.0,1.0
"G[0,2](((BaseExcess >= -0.635 & SaO2 >= 0.000) | Resp >= 0.000) -> SaO2 <= 0.000)
",9999999.000,9999999.000,0.000,1.000,0.000,0,0,13,0,0,13,13,0,0.0,0.0,1.0,0.0,0.0,1.0
"G[1,2]((DBP <= 47.028 -> Temp <= 10.451) -> Creatinine >= 2.554)
",9999999.000,9999999.000,0.000,1.000,0.000,0,0,3,10,10,3,3,10,0.0,0.0,1.0,0.0,0.0,1.0
"G[1,2](((O2Sat >= 19.564 & Magnesium <= 1.298) | DBP >= 0.034) -> BaseExcess <= 1.513)
",9999999.000,9999999.000,0.000,1.000,0.000,0,0,13,0,0,13,13,0,0.0,0.0,1.0,0.0,0.0,1.0
"G[0,0]((Fibrinogen <= 0.000 -> Temp >= 5.892) & EtCO2 >= 4.603)
",-3.514,-80.274,0.000,1.000,0.000,0,0,0,13,13,0,0,13,0.0,0.0,0.0,0.0,0.0,1.0
"G[0,0](AST >= 0.247 & AST <= 44.398)
",-0.247,-0.247,0.000,1.000,0.000,0,0,0,13,13,0,0,13,0.0,0.0,0.0,0.0,0.0,1.0
"G[1,2]((Creatinine <= 0.391 & Magnesium <= 0.464) | Calcium >= 0.063)
",9999999.000,9999999.000,0.000,1.000,0.000,0,0,12,1,1,12,12,1,0.0,0.0,1.0,0.0,0.0,1.0
"G[0,2]((Bilirubin_direct <= 0.000 & HR >= 61.812) -> FiO2 <= 85.022)
",9999999.000,9999999.000,0.000,1.000,0.000,0,0,13,0,0,13,13,0,0.0,0.0,1.0,0.0,0.0,1.0
"G[0,2](((FiO2 <= 0.166 | Hct >= 0.980) & TroponinI <= 43.839) | TroponinI >= 1.726)
",9999999.000,9999999.000,0.000,1.000,0.000,0,0,7,6,6,7,7,6,0.0,0.0,1.0,0.0,0.0,1.0
"G[0,2]((pH <= 5.672 & Creatinine <= 0.466) | Chloride <= 0.396)
",9999999.000,9999999.000,0.000,1.000,0.000,0,0,12,1,1,12,12,1,0.0,0.0,1.0,0.0,0.0,1.0
"G[0,2](FiO2 <= 0.302 -> MAP <= 93.279)
",9999999.000,9999999.000,0.000,1.000,0.000,0,0,7,6,6,7,7,6,0.0,0.0,1.0,0.0,0.0,1.0
"G[1,2](((Bilirubin_total >= 0.023 -> SepsisLabel <= 0.000) -> Alkalinephos >= 0.000) -> SaO2 <= 0.000)
",9999999.000,9999999.000,0.000,1.000,0.000,0,0,13,0,0,13,13,0,0.0,0.0,1.0,0.0,0.0,1.0
"G[2,2]((Magnesium >= 0.014 & EtCO2 <= 0.000) & SBP >= 0.000)
",-0.014,-0.014,0.000,1.000,0.000,0,0,13,0,0,13,13,0,0.0,0.0,1.0,0.0,0.0,1.0
"G[1,2](((HCO3 <= 19.839 -> SaO2 <= 0.000) -> BaseExcess >= 0.000) & Magnesium <= 0.000)
",9999999.000,9999999.000,0.000,1.000,0.000,0,0,11,2,2,11,11,2,0.0,0.0,1.0,0.0,0.0,1.0
"G[2,2](SepsisLabel <= 0.000 | BaseExcess <= -0.036)
",0.000,0.000,0.000,1.000,0.000,0,0,13,0,0,13,13,0,0.0,0.0,1.0,0.0,0.0,1.0
"G[0,1]((Alkalinephos <= 0.000 | Glucose <= 69.646) -> SaO2 >= 4.120)
",9999999.000,9999999.000,0.000,1.000,0.000,0,0,0,13,13,0,0,13,0.0,0.0,0.0,0.0,0.0,1.0
"G[0,2]((Magnesium >= 0.072 & O2Sat <= 87.513) -> Bilirubin_direct >= 62.652)
",9999999.000,9999999.000,0.000,1.000,0.000,0,0,13,0,0,13,13,0,0.0,0.0,1.0,0.0,0.0,1.0
"G[1,2]((Hgb >= 0.000 -> AST >= 1.133) & DBP >= 1.313)
",9999999.000,9999999.000,0.000,1.000,0.000,0,0,1,12,12,1,1,12,0.0,0.0,1.0,0.0,0.0,1.0
"G[1,2](((Hct >= 0.961 & pH <= 1.816) -> PTT >= 0.410) -> Temp <= 4.698)
",9999999.000,9999999.000,0.000,1.000,0.000,0,0,9,4,4,9,9,4,0.0,0.0,1.0,0.0,0.0,1.0
"G[1,2](((Creatinine <= 0.755 & Temp <= 27.241) | SepsisLabel >= 1.465) -> Lactate <= 20.628)
",9999999.000,9999999.000,0.000,1.000,0.000,0,0,13,0,0,13,13,0,0.0,0.0,1.0,0.0,0.0,1.0
"G[0,2]((Glucose >= 4.629 | PTT <= 0.000) & Glucose <= 0.000)
",9999999.000,9999999.000,0.000,1.000,0.000,0,0,12,1,1,12,12,1,0.0,0.0,1.0,0.0,0.0,1.0
"G[0,1](((SepsisLabel <= 0.000 & O2Sat <= 90.705) & Calcium >= 34.018) & Phosphate <= 91.104)
",9999999.000,9999999.000,0.000,1.000,0.000,0,0,0,13,13,0,0,13,0.0,0.0,0.0,0.0,0.0,1.0
"G[2,2](((Lactate <= 0.000 -> DBP >= 4.910) & BUN >= 19.707) & pH <= 29.396)
",-5546911250036287.000,-19.707,0.000,1.000,0.000,0,0,13,0,0,13,13,0,0.0,0.0,1.0,0.0,0.0,1.0
"G[1,2]((Bilirubin_direct >= 0.000 & Lactate <= 0.000) | Bilirubin_direct >= 0.000)
",9999999.000,9999999.000,0.000,1.000,0.000,0,0,13,0,0,13,13,0,0.0,0.0,1.0,0.0,0.0,1.0
"G[2,2](Temp >= 1.407 | Hct <= 14.481)
",14.481,14.481,0.000,1.000,0.000,0,0,13,0,0,13,13,0,0.0,0.0,1.0,0.0,0.0,1.0
"G[0,0]((Phosphate >= 0.011 & Chloride <= 79.515) & TroponinI >= 3.497)
",-3.497,-3.497,0.000,1.000,0.000,0,0,0,13,13,0,0,13,0.0,0.0,0.0,0.0,0.0,1.0
"G[1,2](Chloride >= 2.894 | O2Sat <= 86.146)
",9999999.000,9999999.000,0.000,1.000,0.000,0,0,2,11,11,2,2,11,0.0,0.0,1.0,0.0,0.0,1.0
"G[2,2]((HR >= 22.033 | SepsisLabel >= 0.000) -> O2Sat <= 0.000)
",0.000,0.000,0.000,1.000,0.000,0,0,13,0,0,13,13,0,0.0,0.0,1.0,0.0,0.0,1.0
"G[1,2]((pH <= 5.891 -> Resp <= 21.317) -> O2Sat <= 19.882)
",9999999.000,9999999.000,0.000,1.000,0.000,0,0,2,11,11,2,2,11,0.0,0.0,1.0,0.0,0.0,1.0
"G[0,2]((PTT >= 0.000 | Calcium >= 0.000) | Fibrinogen <= 0.000)
",9999999.000,9999999.000,0.000,1.000,0.000,0,0,13,0,0,13,13,0,0.0,0.0,1.0,0.0,0.0,1.0
"G[1,2]((BUN <= 13.168 | Hgb >= 0.000) -> Creatinine <= 0.000)
",9999999.000,9999999.000,0.000,1.000,0.000,0,0,12,1,1,12,12,1,0.0,0.0,1.0,0.0,0.0,1.0
"G[1,2]((Bilirubin_direct <= 0.000 | pH >= 0.400) & FiO2 <= 1.358)
",9999999.000,9999999.000,0.000,1.000,0.000,0,0,13,0,0,13,13,0,0.0,0.0,1.0,0.0,0.0,1.0
"G[2,2]((Magnesium >= 0.054 -> Hct >= 1.249) & Temp >= 0.063)
",-0.063,-0.063,0.000,1.000,0.000,0,0,13,0,0,13,13,0,0.0,0.0,1.0,0.0,0.0,1.0
"G[1,2](Platelets >= 2.435 | MAP >= 31.251)
",9999999.000,9999999.000,0.000,1.000,0.000,0,0,13,0,0,13,13,0,0.0,0.0,1.0,0.0,0.0,1.0
"G[1,2](O2Sat <= 89.728 & Creatinine <= 0.162)
",9999999.000,9999999.000,0.000,1.000,0.000,0,0,1,12,12,1,1,12,0.0,0.0,1.0,0.0,0.0,1.0
"G[0,2](((Alkalinephos >= 0.000 & Temp >= 2.896) -> Resp <= 13.462) | O2Sat >= 5.153)
",9999999.000,9999999.000,0.000,1.000,0.000,0,0,13,0,0,13,13,0,0.0,0.0,1.0,0.0,0.0,1.0
"G[0,1](((Magnesium <= 1.212 | WBC >= 0.164) -> AST >= 0.194) & pH <= 7.898)
",9999999.000,9999999.000,0.000,1.000,0.000,0,0,0,13,13,0,0,13,0.0,0.0,0.0,0.0,0.0,1.0
"G[1,2](BaseExcess >= -0.971 & Platelets >= 3.771)
",9999999.000,9999999.000,0.000,1.000,0.000,0,0,2,11,11,2,2,11,0.0,0.0,1.0,0.0,0.0,1.0
"G[0,1]((TroponinI <= 0.000 | Phosphate <= 1.560) & HR <= 0.895)
",9999999.000,9999999.000,0.000,1.000,0.000,0,0,1,12,12,1,1,12,0.0,0.0,1.0,0.0,0.0,1.0
"G[0,2]((PTT <= 0.000 -> Bilirubin_total <= 0.092) | SepsisLabel <= 0.332)
",9999999.000,9999999.000,0.000,1.000,0.000,0,0,13,0,0,13,13,0,0.0,0.0,1.0,0.0,0.0,1.0
"G[0,1]((O2Sat <= 88.651 -> HCO3 >= 0.156) -> MAP <= 5.943)
",9999999.000,9999999.000,0.000,1.000,0.000,0,0,1,12,12,1,1,12,0.0,0.0,1.0,0.0,0.0,1.0
"G[2,2](((Fibrinogen >= 0.000 | SBP <= 132.800) & DBP >= 106.967) & Calcium >= 36.769)
",-7527168183784897.000,-106.967,0.000,1.000,0.000,0,0,13,0,0,13,13,0,0.0,0.0,1.0,0.0,0.0,1.0
"G[0,2]((Calcium <= 0.000 | Hct <= 40.770) -> Temp >= 0.544)
",9999999.000,9999999.000,0.000,1.000,0.000,0,0,0,13,13,0,0,13,0.0,0.0,0.0,0.0,0.0,1.0
"G[1,2]((pH <= 2.879 -> Hgb <= 0.000) | EtCO2 <= 0.000)
",9999999.000,9999999.000,0.000,1.000,0.000,0,0,13,0,0,13,13,0,0.0,0.0,1.0,0.0,0.0,1.0
"G[1,2](FiO2 <= 0.168 | Phosphate >= 0.072)
",9999999.000,9999999.000,0.000,1.000,0.000,0,0,7,6,6,7,7,6,0.0,0.0,1.0,0.0,0.0,1.0
"G[0,1](Glucose >= 1.043 & SepsisLabel >= 0.000)
",9999999.000,9999999.000,0.000,1.000,0.000,0,0,0,13,13,0,0,13,0.0,0.0,0.0,0.0,0.0,1.0
"G[2,2](Bilirubin_direct <= 0.000 & Chloride >= 1.806)
",-8133631881164383.000,-1.806,0.000,1.000,0.000,0,0,13,0,0,13,13,0,0.0,0.0,1.0,0.0,0.0,1.0
"G[0,1]((Creatinine >= 0.010 & DBP <= 80.398) & Potassium >= 3.937)
",9999999.000,9999999.000,0.000,1.000,0.000,0,0,0,13,13,0,0,13,0.0,0.0,0.0,0.0,0.0,1.0
"G[0,2](Creatinine <= 0.144 & SaO2 >= 0.000)
",9999999.000,9999999.000,0.000,1.000,0.000,0,0,12,1,1,12,12,1,0.0,0.0,1.0,0.0,0.0,1.0
"G[0,2]((SBP <= 135.953 | Potassium >= 0.020) & Platelets <= 3.785)
",9999999.000,9999999.000,0.000,1.000,0.000,0,0,7,6,6,7,7,6,0.0,0.0,1.0,0.0,0.0,1.0
"G[2,2]((SaO2 >= 0.000 & FiO2 >= 0.054) & Glucose <= 0.166)
",-0.054,-0.054,0.000,1.000,0.000,0,0,13,0,0,13,13,0,0.0,0.0,1.0,0.0,0.0,1.0
"G[1,2](MAP <= 91.894 -> Temp >= 0.096)
",9999999.000,9999999.000,0.000,1.000,0.000,0,0,7,6,6,7,7,6,0.0,0.0,1.0,0.0,0.0,1.0
"G[1,2]((TroponinI <= 0.000 & FiO2 >= 0.031) -> Calcium >= 0.061)
",9999999.000,9999999.000,0.000,1.000,0.000,0,0,6,7,7,6,6,7,0.0,0.0,1.0,0.0,0.0,1.0
"G[2,2](((Hct >= 0.016 & Phosphate <= 1.692) & Chloride <= 1.405) & Temp >= 0.004)
",-4589830908599081.000,-0.016,0.000,1.000,0.000,0,0,13,0,0,13,13,0,0.0,0.0,1.0,0.0,0.0,1.0
"G[1,2](BaseExcess >= -1.175 -> PaCO2 <= 16.194)
",9999999.000,9999999.000,0.000,1.000,0.000,0,0,12,1,1,12,12,1,0.0,0.0,1.0,0.0,0.0,1.0
"G[1,2]((SepsisLabel <= 0.000 -> TroponinI <= 0.000) -> EtCO2 <= 0.000)
",9999999.000,9999999.000,0.000,1.000,0.000,0,0,13,0,0,13,13,0,0.0,0.0,1.0,0.0,0.0,1.0
"G[1,2](((MAP >= 39.094 & pH >= 0.665) | SepsisLabel <= 2.978) & DBP >= 0.336)
",9999999.000,9999999.000,0.000,1.000,0.000,0,0,5,8,8,5,5,8,0.0,0.0,1.0,0.0,0.0,1.0
"G[0,1](((SepsisLabel <= 0.000 | MAP <= 88.926) -> Hct >= 22.370) & Magnesium >= 4.255)
",9999999.000,9999999.000,0.000,1.000,0.000,0,0,0,13,13,0,0,13,0.0,0.0,0.0,0.0,0.0,1.0
"G[0,2](((pH >= 0.540 -> DBP >= 11.302) & Lactate >= 3.619) | FiO2 >= 10.239)
",9999999.000,9999999.000,0.000,1.000,0.000,0,0,0,13,13,0,0,13,0.0,0.0,0.0,0.0,0.0,1.0
"G[0,2](TroponinI >= 0.000 | Chloride <= 13.381)
",9999999.000,9999999.000,0.000,1.000,0.000,0,0,13,0,0,13,13,0,0.0,0.0,1.0,0.0,0.0,1.0
"G[0,2](AST <= 36.689 | Hct >= 0.273)
",9999999.000,9999999.000,0.000,1.000,0.000,0,0,13,0,0,13,13,0,0.0,0.0,1.0,0.0,0.0,1.0
"G[1,2](((EtCO2 <= 0.000 -> Lactate <= 0.000) & SaO2 >= 0.000) | SBP >= 0.000)
",9999999.000,9999999.000,0.000,1.000,0.000,0,0,13,0,0,13,13,0,0.0,0.0,1.0,0.0,0.0,1.0
"G[0,2]((SaO2 >= 0.000 -> Bilirubin_total <= 0.118) -> HCO3 <= 0.307)
",9999999.000,9999999.000,0.000,1.000,0.000,0,0,13,0,0,13,13,0,0.0,0.0,1.0,0.0,0.0,1.0
"G[2,2](BUN <= 0.918 & Creatinine >= 0.024)
",-0.024,-0.024,0.000,1.000,0.000,0,0,13,0,0,13,13,0,0.0,0.0,1.0,0.0,0.0,1.0
"G[1,2](Platelets <= 121.070 -> WBC >= 0.412)
",9999999.000,9999999.000,0.000,1.000,0.000,0,0,2,11,11,2,2,11,0.0,0.0,1.0,0.0,0.0,1.0
"G[0,1](((Hgb <= 0.000 | Hct <= 4.402) -> WBC >= 0.159) & Platelets >= 9.400)
",9999999.000,9999999.000,0.000,1.000,0.000,0,0,0,13,13,0,0,13,0.0,0.0,0.0,0.0,0.0,1.0
"G[0,1](BUN <= 4.077 & Creatinine >= 0.006)
",9999999.000,9999999.000,0.000,1.000,0.000,0,0,0,13,13,0,0,13,0.0,0.0,0.0,0.0,0.0,1.0
"G[2,2](Magnesium > 0.075 -> SepsisLabel = 0.000)
",0.000,0.000,0.000,1.000,0.000,0,0,13,0,0,13,13,0,0.0,0.0,1.0,0.0,0.0,1.0
"G[1,2](O2Sat >= 35.770 & SepsisLabel = 0.000)
",9999999.000,9999999.000,0.000,1.000,0.000,0,0,13,0,0,13,13,0,0.0,0.0,1.0,0.0,0.0,1.0
"G[2,2](AST >= 0.604 & SepsisLabel = 0.000)
",-0.604,-0.604,0.000,1.000,0.000,0,0,13,0,0,13,13,0,0.0,0.0,1.0,0.0,0.0,1.0
"G[1,2](AST >= 1.350 -> SepsisLabel = 0.000)
",9999999.000,9999999.000,0.000,1.000,0.000,0,0,13,0,0,13,13,0,0.0,0.0,1.0,0.0,0.0,1.0
"G[1,2](SBP > 107.513 & SepsisLabel = 0.000)
",9999999.000,9999999.000,0.000,1.000,0.000,0,0,13,0,0,13,13,0,0.0,0.0,1.0,0.0,0.0,1.0
"G[1,2](Bilirubin_direct <= 0.000 & SepsisLabel = 0.000)
",9999999.000,9999999.000,0.000,1.000,0.000,0,0,13,0,0,13,13,0,0.0,0.0,1.0,0.0,0.0,1.0
"G[1,2](pH < 5.446 & SepsisLabel = 0.000)
",9999999.000,9999999.000,0.000,1.000,0.000,0,0,11,2,2,11,11,2,0.0,0.0,1.0,0.0,0.0,1.0
"G[0,2](Glucose < 109.647 & SepsisLabel = 0.000)
",9999999.000,9999999.000,0.000,1.000,0.000,0,0,12,1,1,12,12,1,0.0,0.0,1.0,0.0,0.0,1.0
"G[1,2]((Magnesium >= 0.068 & Phosphate >= 0.132) | PaCO2 >= 0.167)
",9999999.000,9999999.000,0.000,1.000,0.000,0,0,4,9,9,4,4,9,0.0,0.0,1.0,0.0,0.0,1.0
"G[0,1](Chloride <= 89.461 & Potassium >= 0.060)
",9999999.000,9999999.000,0.000,1.000,0.000,0,0,0,13,13,0,0,13,0.0,0.0,0.0,0.0,0.0,1.0
"G[0,2](Phosphate >= 0.060 -> Potassium >= 0.047)
",9999999.000,9999999.000,0.000,1.000,0.000,0,0,13,0,0,13,13,0,0.0,0.0,1.0,0.0,0.0,1.0
"G[0,2](((Magnesium <= 0.638 -> Potassium >= 0.176) -> WBC <= 0.667) -> pH >= 0.165)
",9999999.000,9999999.000,0.000,1.000,0.000,0,0,1,12,12,1,1,12,0.0,0.0,1.0,0.0,0.0,1.0
"G[1,2](((Temp >= 1.312 & Temp <= 7.286) -> Potassium >= 0.374) -> Alkalinephos <= 34.913)
",9999999.000,9999999.000,0.000,1.000,0.000,0,0,13,0,0,13,13,0,0.0,0.0,1.0,0.0,0.0,1.0
"G[1,2]((BUN >= 0.527 & Glucose <= 90.347) | pH <= 109.508)
",9999999.000,9999999.000,0.000,1.000,0.000,0,0,13,0,0,13,13,0,0.0,0.0,1.0,0.0,0.0,1.0
"G[1,2](((Chloride >= 0.370 & Creatinine >= 0.022) | Resp >= 0.018) -> Hgb <= 0.523)
",9999999.000,9999999.000,0.000,1.000,0.000,0,0,13,0,0,13,13,0,0.0,0.0,1.0,0.0,0.0,1.0
"G[0,2](((Bilirubin_total <= 0.145 -> BUN <= 3.192) | Alkalinephos >= 0.141) -> Lactate <= 5.688)
",9999999.000,9999999.000,0.000,1.000,0.000,0,0,13,0,0,13,13,0,0.0,0.0,1.0,0.0,0.0,1.0
"G[2,2]((Platelets <= 264.833 | WBC >= 0.104) | BaseExcess >= 0.304)
",4658998460648214.000,264.833,0.000,1.000,0.000,0,0,13,0,0,13,13,0,0.0,0.0,1.0,0.0,0.0,1.0
"G[0,2]((Bilirubin_total <= 0.247 -> Hct <= 9.717) & O2Sat <= 35.329)
",9999999.000,9999999.000,0.000,1.000,0.000,0,0,1,12,12,1,1,12,0.0,0.0,1.0,0.0,0.0,1.0
"G[0,2](((MAP >= 70.075 -> O2Sat <= 90.315) & Bilirubin_total >= 77.679) | Magnesium >= 76.385)
",9999999.000,9999999.000,0.000,1.000,0.000,0,0,0,13,13,0,0,13,0.0,0.0,0.0,0.0,0.0,1.0
"G[2,2](((O2Sat >= 28.380 -> Resp >= 2.898) | EtCO2 >= 1.360) | BUN <= 17.400)
",4897698414125402.000,17.400,0.000,1.000,0.000,0,0,13,0,0,13,13,0,0.0,0.0,1.0,0.0,0.0,1.0
"G[0,2](((MAP >= 50.860 -> Resp <= 20.370) & pH <= 23.770) & Temp <= 18.681)
",9999999.000,9999999.000,0.000,1.000,0.000,0,0,9,4,4,9,9,4,0.0,0.0,1.0,0.0,0.0,1.0
"G[2,2](HR >= 36.732 -> Resp >= 11.854)
",11.854,11.854,0.000,1.000,0.000,0,0,13,0,0,13,13,0,0.0,0.0,1.0,0.0,0.0,1.0
"G[0,2](((Creatinine <= 0.564 -> HR <= 81.882) -> HCO3 >= 43.678) -> Bilirubin_total >= 8.095)
",9999999.000,9999999.000,0.000,1.000,0.000,0,0,5,8,8,5,5,8,0.0,0.0,1.0,0.0,0.0,1.0
"G[0,2](((AST >= 1.781 & HR >= 45.680) & Chloride <= 95.497) | FiO2 >= 5.218)
",9999999.000,9999999.000,0.000,1.000,0.000,0,0,0,13,13,0,0,13,0.0,0.0,0.0,0.0,0.0,1.0
"G[0,1](Chloride >= 2.597 & HCO3 >= 0.934)
",9999999.000,9999999.000,0.000,1.000,0.000,0,0,0,13,13,0,0,13,0.0,0.0,0.0,0.0,0.0,1.0
"G[1,2](((Hgb <= 0.000 | Hct <= 25.907) -> WBC >= 0.239) & Platelets >= 3.996)
",9999999.000,9999999.000,0.000,1.000,0.000,0,0,2,11,11,2,2,11,0.0,0.0,1.0,0.0,0.0,1.0
"G[0,2](((AST <= 5.735 | WBC >= 0.205) | Chloride >= 0.348) -> pH >= 0.074)
",9999999.000,9999999.000,0.000,1.000,0.000,0,0,1,12,12,1,1,12,0.0,0.0,1.0,0.0,0.0,1.0
"G[1,2](Chloride >= 1.646 & HCO3 >= 1.096)
",9999999.000,9999999.000,0.000,1.000,0.000,0,0,2,11,11,2,2,11,0.0,0.0,1.0,0.0,0.0,1.0
"G[0,1](((Hgb <= 0.000 | Hct <= 22.872) -> WBC >= 0.208) & Platelets >= 5.261)
",9999999.000,9999999.000,0.000,1.000,0.000,0,0,0,13,13,0,0,13,0.0,0.0,0.0,0.0,0.0,1.0
"G[0,2](BUN <= 11.457 & Creatinine >= 0.003)
",9999999.000,9999999.000,0.000,1.000,0.000,0,0,0,13,13,0,0,13,0.0,0.0,0.0,0.0,0.0,1.0
"G[0,2](Chloride >= 0.036 & HCO3 >= 0.243)
",9999999.000,9999999.000,0.000,1.000,0.000,0,0,0,13,13,0,0,13,0.0,0.0,0.0,0.0,0.0,1.0
"G[1,2](Platelets <= 185.999 -> WBC >= 0.147)
",9999999.000,9999999.000,0.000,1.000,0.000,0,0,2,11,11,2,2,11,0.0,0.0,1.0,0.0,0.0,1.0
"G[2,2](((Hgb <= 0.000 | Hct <= 42.065) -> WBC >= 0.201) & Platelets >= 7.357)
",-42.065,-42.065,0.000,1.000,0.000,0,0,13,0,0,13,13,0,0.0,0.0,1.0,0.0,0.0,1.0
"G[0,2](BUN <= 4.084 & Creatinine >= 0.019)
",9999999.000,9999999.000,0.000,1.000,0.000,0,0,0,13,13,0,0,13,0.0,0.0,0.0,0.0,0.0,1.0
"G[0,1](Chloride >= 2.832 & HCO3 >= 0.705)
",9999999.000,9999999.000,0.000,1.000,0.000,0,0,0,13,13,0,0,13,0.0,0.0,0.0,0.0,0.0,1.0
"G[2,2](Platelets <= 163.973 -> WBC >= 0.427)
",-163.973,-163.973,0.000,1.000,0.000,0,0,13,0,0,13,13,0,0.0,0.0,1.0,0.0,0.0,1.0
"G[2,2](((Hgb <= 0.000 | Hct <= 36.014) -> WBC >= 0.203) & Platelets >= 4.354)
",-36.014,-36.014,0.000,1.000,0.000,0,0,13,0,0,13,13,0,0.0,0.0,1.0,0.0,0.0,1.0
"G[0,2](BUN <= 13.525 & Creatinine >= 0.029)
",9999999.000,9999999.000,0.000,1.000,0.000,0,0,0,13,13,0,0,13,0.0,0.0,0.0,0.0,0.0,1.0
"G[0,1](Chloride >= 3.040 & HCO3 >= 0.110)
",9999999.000,9999999.000,0.000,1.000,0.000,0,0,0,13,13,0,0,13,0.0,0.0,0.0,0.0,0.0,1.0
"G[0,1](Platelets <= 59.260 -> WBC >= 0.260)
",9999999.000,9999999.000,0.000,1.000,0.000,0,0,0,13,13,0,0,13,0.0,0.0,0.0,0.0,0.0,1.0
"G[0,2](((Hgb <= 0.000 | Hct <= 24.423) -> WBC >= 0.182) & Platelets >= 5.098)
",9999999.000,9999999.000,0.000,1.000,0.000,0,0,0,13,13,0,0,13,0.0,0.0,0.0,0.0,0.0,1.0
"G[0,1](BUN <= 2.202 & Creatinine >= 0.018)
",9999999.000,9999999.000,0.000,1.000,0.000,0,0,0,13,13,0,0,13,0.0,0.0,0.0,0.0,0.0,1.0
"G[1,2](Chloride >= 2.931 & HCO3 >= 0.538)
",9999999.000,9999999.000,0.000,1.000,0.000,0,0,2,11,11,2,2,11,0.0,0.0,1.0,0.0,0.0,1.0
"G[1,2](Platelets <= 182.246 -> WBC >= 0.273)
",9999999.000,9999999.000,0.000,1.000,0.000,0,0,2,11,11,2,2,11,0.0,0.0,1.0,0.0,0.0,1.0
"G[1,2](BUN <= 13.791 & Creatinine >= 0.022)
",9999999.000,9999999.000,0.000,1.000,0.000,0,0,1,12,12,1,1,12,0.0,0.0,1.0,0.0,0.0,1.0
"G[2,2](Chloride >= 2.779 & HCO3 >= 1.186)
",-2.779,-2.779,0.000,1.000,0.000,0,0,13,0,0,13,13,0,0.0,0.0,1.0,0.0,0.0,1.0
"G[0,0](Platelets <= 30.563 -> WBC >= 0.116)
",-8602761584446337.000,-30.563,0.000,1.000,0.000,0,0,0,13,13,0,0,13,0.0,0.0,0.0,0.0,0.0,1.0
"G[1,2](((Hgb <= 0.000 | Hct <= 32.435) -> WBC >= 0.231) & Platelets >= 1.457)
",9999999.000,9999999.000,0.000,1.000,0.000,0,0,2,11,11,2,2,11,0.0,0.0,1.0,0.0,0.0,1.0
"G[0,1](BUN <= 13.910 & Creatinine >= 0.001)
",9999999.000,9999999.000,0.000,1.000,0.000,0,0,0,13,13,0,0,13,0.0,0.0,0.0,0.0,0.0,1.0
"G[0,2](Chloride >= 0.804 & HCO3 >= 0.296)
",9999999.000,9999999.000,0.000,1.000,0.000,0,0,0,13,13,0,0,13,0.0,0.0,0.0,0.0,0.0,1.0
"G[0,2](Platelets <= 100.314 -> WBC >= 0.443)
",9999999.000,9999999.000,0.000,1.000,0.000,0,0,0,13,13,0,0,13,0.0,0.0,0.0,0.0,0.0,1.0
"G[0,0](BUN <= 7.704 & Creatinine >= 0.028)
",-8185887981970223.000,-0.028,0.000,1.000,0.000,0,0,0,13,13,0,0,13,0.0,0.0,0.0,0.0,0.0,1.0
"G[0,0](Platelets <= 138.857 -> WBC >= 0.249)
",-4885597877734601.000,-138.857,0.000,1.000,0.000,0,0,0,13,13,0,0,13,0.0,0.0,0.0,0.0,0.0,1.0
"G[2,2](((Hgb <= 0.000 | Hct <= 34.408) -> WBC >= 0.273) & Platelets >= 2.096)
",-4842555796087901.000,-34.408,0.000,1.000,0.000,0,0,13,0,0,13,13,0,0.0,0.0,1.0,0.0,0.0,1.0
"G[0,1](BUN <= 11.247 & Creatinine >= 0.027)
",9999999.000,9999999.000,0.000,1.000,0.000,0,0,0,13,13,0,0,13,0.0,0.0,0.0,0.0,0.0,1.0
"G[1,2]((FiO2 >= 0.059 -> PaCO2 <= 24.261) | BUN <= 39.634)
",9999999.000,9999999.000,0.000,1.000,0.000,0,0,13,0,0,13,13,0,0.0,0.0,1.0,0.0,0.0,1.0
"G[0,2](((FiO2 <= 0.194 -> Magnesium <= 1.752) | Lactate <= 1.617) -> O2Sat >= 0.074)
",9999999.000,9999999.000,0.000,1.000,0.000,0,0,11,2,2,11,11,2,0.0,0.0,1.0,0.0,0.0,1.0
"G[0,2]((FiO2 >= 0.104 & Hct >= 0.227) -> AST <= 20.717)
",9999999.000,9999999.000,0.000,1.000,0.000,0,0,12,1,1,12,12,1,0.0,0.0,1.0,0.0,0.0,1.0
"G[1,2](((FiO2 <= 0.384 -> MAP >= 72.352) -> AST >= 5.780) -> Resp <= 83.234)
",9999999.000,9999999.000,0.000,1.000,0.000,0,0,13,0,0,13,13,0,0.0,0.0,1.0,0.0,0.0,1.0
"G[1,2]((Glucose <= 13.167 & SBP >= 18.677) -> SepsisLabel >= 78.251)
",9999999.000,9999999.000,0.000,1.000,0.000,0,0,2,11,11,2,2,11,0.0,0.0,1.0,0.0,0.0,1.0
"G[1,2](((BaseExcess <= -0.014 -> Platelets >= 8.927) & MAP >= 9.746) & Alkalinephos <= 234.028)
",9999999.000,9999999.000,0.000,1.000,0.000,0,0,12,1,1,12,12,1,0.0,0.0,1.0,0.0,0.0,1.0
"G[0,2](((BaseExcess >= -0.886 | HCO3 <= 8.987) & WBC >= 0.409) & Chloride >= 0.684)
",9999999.000,9999999.000,0.000,1.000,0.000,0,0,0,13,13,0,0,13,0.0,0.0,0.0,0.0,0.0,1.0
"G[1,2](((BaseExcess >= -0.898 -> Bilirubin_total >= 0.011) -> HR >= 0.002) & SBP >= 0.023)
",9999999.000,9999999.000,0.000,1.000,0.000,0,0,12,1,1,12,12,1,0.0,0.0,1.0,0.0,0.0,1.0
"G[1,2]((Magnesium <= 1.350 & MAP >= 72.353) & Phosphate >= 20.308)
",9999999.000,9999999.000,0.000,1.000,0.000,0,0,1,12,12,1,1,12,0.0,0.0,1.0,0.0,0.0,1.0
"G[2,2]((Hct <= 3.773 | MAP <= 84.978) & Glucose >= 18.762)
",-5280915129406783.000,-18.762,0.000,1.000,0.000,0,0,13,0,0,13,13,0,0.0,0.0,1.0,0.0,0.0,1.0
"G[1,2]((MAP <= 97.649 | WBC >= 0.049) | MAP >= 0.200)
",9999999.000,9999999.000,0.000,1.000,0.000,0,0,13,0,0,13,13,0,0.0,0.0,1.0,0.0,0.0,1.0
"G[0,2]((Calcium >= 0.000 -> HR <= 78.554) -> Resp <= 92.318)
",9999999.000,9999999.000,0.000,1.000,0.000,0,0,13,0,0,13,13,0,0.0,0.0,1.0,0.0,0.0,1.0
"G[1,2]((Glucose <= 73.485 & Bilirubin_total <= 0.331) & Creatinine <= 0.045)
",9999999.000,9999999.000,0.000,1.000,0.000,0,0,12,1,1,12,12,1,0.0,0.0,1.0,0.0,0.0,1.0
"G[0,2]((Bilirubin_direct >= 0.000 | Magnesium <= 0.097) & Glucose <= 1.741)
",9999999.000,9999999.000,0.000,1.000,0.000,0,0,12,1,1,12,12,1,0.0,0.0,1.0,0.0,0.0,1.0
"G[1,2](((SepsisLabel <= 0.000 -> Alkalinephos <= 0.000) & Fibrinogen >= 0.000) & HR <= 0.000)
",9999999.000,9999999.000,0.000,1.000,0.000,0,0,2,11,11,2,2,11,0.0,0.0,1.0,0.0,0.0,1.0
"G[0,2](DBP >= 9.121 | HR >= 13.355)
",9999999.000,9999999.000,0.000,1.000,0.000,0,0,10,3,3,10,10,3,0.0,0.0,1.0,0.0,0.0,1.0
"G[1,2]((Bilirubin_direct <= 0.000 | TroponinI >= 0.000) & Hgb <= 0.000)
",9999999.000,9999999.000,0.000,1.000,0.000,0,0,13,0,0,13,13,0,0.0,0.0,1.0,0.0,0.0,1.0
"G[0,2](((PaCO2 >= 0.636 | PTT >= 0.000) | O2Sat <= 0.000) -> AST >= 0.000)
",9999999.000,9999999.000,0.000,1.000,0.000,0,0,13,0,0,13,13,0,0.0,0.0,1.0,0.0,0.0,1.0
"G[0,2](Platelets <= 59.144 -> WBC >= 0.300)
",9999999.000,9999999.000,0.000,1.000,0.000,0,0,0,13,13,0,0,13,0.0,0.0,0.0,0.0,0.0,1.0
"G[0,2]((EtCO2 <= 0.000 -> Platelets >= 2.050) | EtCO2 >= 4.081)
",9999999.000,9999999.000,0.000,1.000,0.000,0,0,0,13,13,0,0,13,0.0,0.0,0.0,0.0,0.0,1.0
"G[0,2](SepsisLabel <= 0.000 -> SBP >= 90.556)
",9999999.000,9999999.000,0.000,1.000,0.000,0,0,11,2,2,11,11,2,0.0,0.0,1.0,0.0,0.0,1.0
"G[0,2](((HR >= 14.976 -> SaO2 >= 0.000) -> TroponinI <= 0.000) -> Resp <= 0.000)
",9999999.000,9999999.000,0.000,1.000,0.000,0,0,1,12,12,1,1,12,0.0,0.0,1.0,0.0,0.0,1.0
"G[1,2](HCO3 >= 0.489 | pH <= 4.732)
",9999999.000,9999999.000,0.000,1.000,0.000,0,0,11,2,2,11,11,2,0.0,0.0,1.0,0.0,0.0,1.0
"G[0,2](DBP <= 109.031 & AST >= 0.624)
",9999999.000,9999999.000,0.000,1.000,0.000,0,0,0,13,13,0,0,13,0.0,0.0,0.0,0.0,0.0,1.0
"G[0,1](((Temp <= 24.525 | Resp >= 11.347) & MAP >= 10.673) -> Glucose >= 9.575)
",9999999.000,9999999.000,0.000,1.000,0.000,0,0,1,12,12,1,1,12,0.0,0.0,1.0,0.0,0.0,1.0
"G[0,2]((Platelets >= 8.456 | Glucose <= 60.288) | Chloride <= 29.339)
",9999999.000,9999999.000,0.000,1.000,0.000,0,0,13,0,0,13,13,0,0.0,0.0,1.0,0.0,0.0,1.0
"G[0,2](((PTT >= 0.000 | Glucose <= 83.368) -> EtCO2 <= 87.252) & HCO3 >= 2.352)
",9999999.000,9999999.000,0.000,1.000,0.000,0,0,0,13,13,0,0,13,0.0,0.0,0.0,0.0,0.0,1.0
"G[2,2](((Bilirubin_direct >= 0.000 | pH >= 0.864) | Lactate >= 0.610) & O2Sat >= 0.103)
",-7443647348368513.000,-0.103,0.000,1.000,0.000,0,0,13,0,0,13,13,0,0.0,0.0,1.0,0.0,0.0,1.0
"G[1,2]((FiO2 <= 0.265 & SepsisLabel >= 0.000) & HR <= 0.000)
",9999999.000,9999999.000,0.000,1.000,0.000,0,0,1,12,12,1,1,12,0.0,0.0,1.0,0.0,0.0,1.0
"G[0,2](SepsisLabel >= 0.000 -> SaO2 <= 0.000)
",9999999.000,9999999.000,0.000,1.000,0.000,0,0,13,0,0,13,13,0,0.0,0.0,1.0,0.0,0.0,1.0
"G[2,2](((Glucose <= 81.483 -> AST <= 12.747) & BaseExcess <= 23.195) -> Glucose <= 24.620)
",-6929898188951161.000,-24.620,0.000,1.000,0.000,0,0,13,0,0,13,13,0,0.0,0.0,1.0,0.0,0.0,1.0
"G[0,2](((Glucose >= 0.044 | O2Sat <= 87.595) & Hgb >= 51.654) & Potassium >= 63.348)
",9999999.000,9999999.000,0.000,1.000,0.000,0,0,0,13,13,0,0,13,0.0,0.0,0.0,0.0,0.0,1.0
"G[0,2]((O2Sat <= 97.486 -> WBC >= 0.278) & AST <= 10.604)
",9999999.000,9999999.000,0.000,1.000,0.000,0,0,0,13,13,0,0,13,0.0,0.0,0.0,0.0,0.0,1.0
"G[1,2](Chloride >= 1.091 -> O2Sat <= 94.852)
",9999999.000,9999999.000,0.000,1.000,0.000,0,0,13,0,0,13,13,0,0.0,0.0,1.0,0.0,0.0,1.0
"G[1,2]((HCO3 <= 14.878 & Temp >= 2.679) | TroponinI >= 4.629)
",9999999.000,9999999.000,0.000,1.000,0.000,0,0,5,8,8,5,5,8,0.0,0.0,1.0,0.0,0.0,1.0
"G[1,2](BaseExcess >= -0.987 -> MAP >= 27.039)
",9999999.000,9999999.000,0.000,1.000,0.000,0,0,13,0,0,13,13,0,0.0,0.0,1.0,0.0,0.0,1.0
"G[1,2](((FiO2 >= 0.048 & SBP >= 12.937) | Calcium >= 100.420) | BaseExcess >= 72.397)
",9999999.000,9999999.000,0.000,1.000,0.000,0,0,8,5,5,8,8,5,0.0,0.0,1.0,0.0,0.0,1.0
"G[1,2]((BaseExcess >= -0.510 | SBP <= 124.798) | WBC >= 101.044)
",9999999.000,9999999.000,0.000,1.000,0.000,0,0,12,1,1,12,12,1,0.0,0.0,1.0,0.0,0.0,1.0
"G[0,2](((DBP <= 86.813 -> HR >= 50.544) & HCO3 >= 37.952) | HR <= 92.435)
",9999999.000,9999999.000,0.000,1.000,0.000,0,0,12,1,1,12,12,1,0.0,0.0,1.0,0.0,0.0,1.0
"G[2,2](((O2Sat <= 92.670 & Temp <= 34.708) -> O2Sat <= 30.242) & BUN <= 29.648)
",-34.708,-34.708,0.000,1.000,0.000,0,0,13,0,0,13,13,0,0.0,0.0,1.0,0.0,0.0,1.0
"G[0,2](((DBP >= 22.558 | Phosphate >= 0.181) -> Resp >= 0.178) -> Resp >= 0.052)
",9999999.000,9999999.000,0.000,1.000,0.000,0,0,11,2,2,11,11,2,0.0,0.0,1.0,0.0,0.0,1.0
"G[2,2]((DBP >= 9.156 & Magnesium <= 0.801) | Temp <= 0.617)
",0.617,0.617,0.000,1.000,0.000,0,0,13,0,0,13,13,0,0.0,0.0,1.0,0.0,0.0,1.0
"G[1,2](DBP <= 117.496 | WBC <= 6.876)
",9999999.000,9999999.000,0.000,1.000,0.000,0,0,13,0,0,13,13,0,0.0,0.0,1.0,0.0,0.0,1.0
"G[2,2](O2Sat >= 61.970 & pH <= 5.267)
",-2907166687273452.500,-61.970,0.000,1.000,0.000,0,0,13,0,0,13,13,0,0.0,0.0,1.0,0.0,0.0,1.0
"G[0,1](((O2Sat <= 93.406 -> PaCO2 <= 20.488) -> SBP <= 41.269) | Hgb >= 5.477)
",9999999.000,9999999.000,0.000,1.000,0.000,0,0,1,12,12,1,1,12,0.0,0.0,1.0,0.0,0.0,1.0
"G[1,2](((MAP <= 86.153 & PaCO2 >= 4.079) & Alkalinephos <= 16.296) & SBP >= 0.714)
",9999999.000,9999999.000,0.000,1.000,0.000,0,0,2,11,11,2,2,11,0.0,0.0,1.0,0.0,0.0,1.0
"G[1,2](((BaseExcess <= -0.078 -> Temp >= 4.579) | DBP <= 7.807) & MAP <= 12.249)
",9999999.000,9999999.000,0.000,1.000,0.000,0,0,1,12,12,1,1,12,0.0,0.0,1.0,0.0,0.0,1.0
"G[2,2](((HCO3 >= 1.068 | pH >= 0.843) -> SBP <= 3.529) | Fibrinogen >= 0.188)
",-0.188,-0.188,0.000,1.000,0.000,0,0,13,0,0,13,13,0,0.0,0.0,1.0,0.0,0.0,1.0
"G[0,2](((HCO3 >= 1.135 -> Resp >= 7.869) | Potassium <= 22.359) -> PTT <= 16.603)
",9999999.000,9999999.000,0.000,1.000,0.000,0,0,13,0,0,13,13,0,0.0,0.0,1.0,0.0,0.0,1.0
"G[0,2](((pH <= 3.177 | Phosphate >= 0.087) -> TroponinI >= 0.068) -> Potassium >= 0.079)
",9999999.000,9999999.000,0.000,1.000,0.000,0,0,11,2,2,11,11,2,0.0,0.0,1.0,0.0,0.0,1.0
"G[0,1](((AST <= 6.304 & pH <= 3.009) -> Resp <= 5.312) & MAP <= 5.936)
",9999999.000,9999999.000,0.000,1.000,0.000,0,0,1,12,12,1,1,12,0.0,0.0,1.0,0.0,0.0,1.0
"G[0,2](((Hct <= 6.699 -> pH <= 7.009) | AST <= 6.338) -> PaCO2 >= 0.593)
",9999999.000,9999999.000,0.000,1.000,0.000,0,0,1,12,12,1,1,12,0.0,0.0,1.0,0.0,0.0,1.0
"G[0,2](Glucose <= 47.083 | pH <= 0.986)
",9999999.000,9999999.000,0.000,1.000,0.000,0,0,13,0,0,13,13,0,0.0,0.0,1.0,0.0,0.0,1.0
"G[1,2]((pH <= 5.521 | Platelets <= 140.212) | Potassium <= 24.313)
",9999999.000,9999999.000,0.000,1.000,0.000,0,0,13,0,0,13,13,0,0.0,0.0,1.0,0.0,0.0,1.0
"G[1,2](PaCO2 >= 4.837 | Phosphate >= 0.034)
",9999999.000,9999999.000,0.000,1.000,0.000,0,0,4,9,9,4,4,9,0.0,0.0,1.0,0.0,0.0,1.0
"G[0,2](Chloride <= 79.446 -> PaCO2 >= 4.021)
",9999999.000,9999999.000,0.000,1.000,0.000,0,0,1,12,12,1,1,12,0.0,0.0,1.0,0.0,0.0,1.0
"G[0,2](PaCO2 <= 36.154 | Platelets <= 92.548)
",9999999.000,9999999.000,0.000,1.000,0.000,0,0,13,0,0,13,13,0,0.0,0.0,1.0,0.0,0.0,1.0
"G[1,2](Glucose >= 1.427 -> PaCO2 <= 13.082)
",9999999.000,9999999.000,0.000,1.000,0.000,0,0,13,0,0,13,13,0,0.0,0.0,1.0,0.0,0.0,1.0
"G[0,2](((PaCO2 <= 9.819 | Potassium <= 4.384) -> Magnesium <= 3.265) | Glucose <= 0.627)
",9999999.000,9999999.000,0.000,1.000,0.000,0,0,13,0,0,13,13,0,0.0,0.0,1.0,0.0,0.0,1.0
"G[0,2]((HR >= 19.542 | PaCO2 <= 44.383) & Chloride <= 14.817)
",9999999.000,9999999.000,0.000,1.000,0.000,0,0,12,1,1,12,12,1,0.0,0.0,1.0,0.0,0.0,1.0
"G[2,2]((Glucose <= 87.984 | Resp >= 4.244) -> Temp <= 22.720)
",-87.984,-87.984,0.000,1.000,0.000,0,0,13,0,0,13,13,0,0.0,0.0,1.0,0.0,0.0,1.0
"G[2,2](Chloride <= 18.808 & Hgb <= 0.000)
",0.000,0.000,0.000,1.000,0.000,0,0,13,0,0,13,13,0,0.0,0.0,1.0,0.0,0.0,1.0
