Rule,Discrimination Score,Pos Robustness,Neg Robustness,Percent Class +,Percent Class -,TP,TN,FP,FN,Actual Yes,Actual No,Predicted Yes,Predicted No,TPR/Sens,TNR/Spec,FPR,Precision,Accuracy,MCR
"G[1,1](((Hct >= 0.754 | O2Sat <= 99.245) | FiO2 <= 97.887) -> EtCO2 <= 99.667)
",0.000,-99.667,-99.667,1.000,0.000,31,0,0,0,31,0,31,0,1.0,0.0,0.0,1.0,1.0,0.0
"G[0,1]((SepsisLabel >= 0.028 | Hgb <= 9.142) | Lactate <= 6.333)
",0.000,9999999.000,9999999.000,1.000,0.000,31,0,0,0,31,0,31,0,1.0,0.0,0.0,1.0,1.0,0.0
"G[0,1](((SaO2 >= 0.000 | Bilirubin_total >= 0.000) & Bilirubin_direct >= 0.000) | Fibrinogen >= 0.000)
",0.000,9999999.000,9999999.000,1.000,0.000,31,0,0,0,31,0,31,0,1.0,0.0,0.0,1.0,1.0,0.0
"G[1,1](((O2Sat <= 98.203 & Creatinine >= 0.033) | Resp >= 0.022) | Lactate <= 0.384)
",-2.000,0.384,0.384,1.000,0.000,31,0,0,0,31,0,31,0,1.0,0.0,0.0,1.0,1.0,0.0
"G[0,1](((Glucose <= 137.670 & Platelets >= 6.500) -> Creatinine <= 130.937) & O2Sat <= 223.778)
",0.000,9999999.000,9999999.000,1.000,0.000,31,0,0,0,31,0,31,0,1.0,0.0,0.0,1.0,1.0,0.0
"G[0,1](((SaO2 <= 0.000 | Resp <= 24.092) & Hgb >= 16.423) -> Temp >= 15.593)
",0.000,9999999.000,9999999.000,1.000,0.000,31,0,0,0,31,0,31,0,1.0,0.0,0.0,1.0,1.0,0.0
"G[1,1](Bilirubin_direct >= 0.000 | AST >= 0.000)
",0.000,0.000,0.000,1.000,0.000,31,0,0,0,31,0,31,0,1.0,0.0,0.0,1.0,1.0,0.0
"G[1,1](((Chloride <= 85.088 -> HCO3 <= 7.056) -> FiO2 <= 7.295) & O2Sat >= 0.687)
",0.000,-7.295,-7.295,1.000,0.000,31,0,0,0,31,0,31,0,1.0,0.0,0.0,1.0,1.0,0.0
"G[0,0](((Glucose <= 24.122 -> Calcium <= 8.592) | Chloride >= 0.057) | Hct <= 2.605)
",0.000,2.605,2.605,1.000,0.000,31,0,0,0,31,0,31,0,1.0,0.0,0.0,1.0,1.0,0.0
"G[0,1](HCO3 <= 9.198 -> PTT <= 8.081)
",0.000,9999999.000,9999999.000,1.000,0.000,31,0,0,0,31,0,31,0,1.0,0.0,0.0,1.0,1.0,0.0
"G[1,1]((Chloride <= 10.863 & Potassium <= 0.734) -> SaO2 <= 1.274)
",-2.000,-1.274,-1.274,1.000,0.000,31,0,0,0,31,0,31,0,1.0,0.0,0.0,1.0,1.0,0.0
"G[0,0](((MAP <= 102.592 & HR <= 105.261) & O2Sat >= 73.345) -> TroponinI <= 104.174)
",4.000,-104.174,-104.174,1.000,0.000,31,0,0,0,31,0,31,0,1.0,0.0,0.0,1.0,1.0,0.0
"G[0,1](FiO2 <= 0.269 | Lactate >= 0.000)
",0.000,9999999.000,9999999.000,1.000,0.000,31,0,0,0,31,0,31,0,1.0,0.0,0.0,1.0,1.0,0.0
"G[0,1]((HCO3 <= 9.476 & Hct <= 6.961) | WBC >= 0.829)
",0.000,9999999.000,9999999.000,1.000,0.000,31,0,0,0,31,0,31,0,1.0,0.0,0.0,1.0,1.0,0.0
"G[0,1](((FiO2 >= 0.057 -> PTT >= 0.133) -> Bilirubin_total >= 1.081) -> Alkalinephos <= 7.661)
",0.000,9999999.000,9999999.000,1.000,0.000,31,0,0,0,31,0,31,0,1.0,0.0,0.0,1.0,1.0,0.0
"G[1,1](((HR >= 50.480 & SepsisLabel <= 0.668) -> BaseExcess >= 0.004) | Bilirubin_total <= 0.395)
",0.000,0.395,0.395,1.000,0.000,31,0,0,0,31,0,31,0,1.0,0.0,0.0,1.0,1.0,0.0
"G[1,1](((BaseExcess <= -0.001 & Resp >= 20.881) | PaCO2 >= 8.968) | DBP >= 1.817)
",4.000,-1.817,-1.817,1.000,0.000,31,0,0,0,31,0,31,0,1.0,0.0,0.0,1.0,1.0,0.0
"G[1,1](((HR <= 103.813 -> Phosphate >= 0.094) -> MAP <= 1.941) -> Calcium <= 0.552)
",-0.000,-0.552,-0.552,1.000,0.000,31,0,0,0,31,0,31,0,1.0,0.0,0.0,1.0,1.0,0.0
"G[0,0]((Phosphate >= 0.060 | Platelets <= 132.681) | DBP >= 9.056)
",-0.000,132.681,132.681,1.000,0.000,31,0,0,0,31,0,31,0,1.0,0.0,0.0,1.0,1.0,0.0
"G[0,1](((Potassium <= 1.923 | Resp >= 12.791) -> Bilirubin_total >= 20.924) -> AST <= 25.329)
",0.000,9999999.000,9999999.000,1.000,0.000,31,0,0,0,31,0,31,0,1.0,0.0,0.0,1.0,1.0,0.0
"G[0,0](Chloride >= 5.322 -> Phosphate >= 0.027)
",4.000,0.027,0.027,1.000,0.000,31,0,0,0,31,0,31,0,1.0,0.0,0.0,1.0,1.0,0.0
"G[0,1](((Alkalinephos >= 0.000 | Hct >= 0.730) & Bilirubin_direct >= 1.376) -> Calcium >= 0.703)
",0.000,9999999.000,9999999.000,1.000,0.000,31,0,0,0,31,0,31,0,1.0,0.0,0.0,1.0,1.0,0.0
"G[0,1]((FiO2 <= 0.521 & MAP <= 106.439) -> Temp <= 96.633)
",0.000,9999999.000,9999999.000,1.000,0.000,31,0,0,0,31,0,31,0,1.0,0.0,0.0,1.0,1.0,0.0
"G[1,1]((DBP >= 25.176 | HR >= 34.251) | Fibrinogen >= 36.604)
",2.000,-25.176,-25.176,1.000,0.000,31,0,0,0,31,0,31,0,1.0,0.0,0.0,1.0,1.0,0.0
"G[0,1]((Hgb >= 0.132 -> Platelets >= 7.891) | Bilirubin_direct <= 51.073)
",0.000,9999999.000,9999999.000,1.000,0.000,31,0,0,0,31,0,31,0,1.0,0.0,0.0,1.0,1.0,0.0
"G[0,1]((Lactate <= 1.442 & Platelets <= 113.546) | MAP >= 0.783)
",0.000,9999999.000,9999999.000,1.000,0.000,31,0,0,0,31,0,31,0,1.0,0.0,0.0,1.0,1.0,0.0
"G[0,1](((Magnesium >= 0.049 -> AST >= 0.000) & Creatinine >= 0.000) | Lactate <= 0.000)
",0.000,9999999.000,9999999.000,1.000,0.000,31,0,0,0,31,0,31,0,1.0,0.0,0.0,1.0,1.0,0.0
"G[0,0](((Phosphate <= 2.224 | HR <= 99.305) -> SepsisLabel <= 103.143) | BaseExcess <= 114.064)
",4.000,114.064,114.064,1.000,0.000,31,0,0,0,31,0,31,0,1.0,0.0,0.0,1.0,1.0,0.0
"G[0,0](BUN >= 0.360 -> HR >= 35.497)
",2.000,-5666.503,-5666.503,1.000,0.000,31,0,0,0,31,0,31,0,1.0,0.0,0.0,1.0,1.0,0.0
"G[0,1](((O2Sat >= 19.147 -> WBC >= 0.465) & pH >= 0.177) -> BUN >= 0.576)
",0.000,9999999.000,9999999.000,1.000,0.000,31,0,0,0,31,0,31,0,1.0,0.0,0.0,1.0,1.0,0.0
"G[1,1](((pH >= 0.249 & Potassium >= 0.218) & Calcium <= 1.627) -> BUN <= 2.923)
",0.000,-2.923,-2.923,1.000,0.000,31,0,0,0,31,0,31,0,1.0,0.0,0.0,1.0,1.0,0.0
"G[0,0](((Hgb >= 0.077 | Lactate >= 0.067) -> Fibrinogen <= 2.513) | Calcium <= 2.131)
",-3.000,2.131,2.131,1.000,0.000,31,0,0,0,31,0,31,0,1.0,0.0,0.0,1.0,1.0,0.0
"G[0,1](((Alkalinephos <= 0.000 & MAP <= 93.455) | Resp <= 93.503) | Potassium <= 101.097)
",0.000,9999999.000,9999999.000,1.000,0.000,31,0,0,0,31,0,31,0,1.0,0.0,0.0,1.0,1.0,0.0
"G[0,0](((Lactate >= 0.059 -> Resp <= 22.475) -> Fibrinogen <= 22.462) | Magnesium <= 23.424)
",-0.000,23.424,23.424,1.000,0.000,31,0,0,0,31,0,31,0,1.0,0.0,0.0,1.0,1.0,0.0
"G[0,1](((BaseExcess >= -1.907 -> PTT <= 2.489) & FiO2 >= 0.739) -> Potassium >= 0.916)
",0.000,9999999.000,9999999.000,1.000,0.000,31,0,0,0,31,0,31,0,1.0,0.0,0.0,1.0,1.0,0.0
"G[1,1](BUN <= 5.903 -> Lactate <= 1.019)
",-1.000,-5.903,-5.903,1.000,0.000,31,0,0,0,31,0,31,0,1.0,0.0,0.0,1.0,1.0,0.0
"G[0,1](((SepsisLabel <= 0.998 -> Bilirubin_total >= 0.000) & Chloride <= 0.000) | SaO2 <= 0.000)
",0.000,9999999.000,9999999.000,1.000,0.000,31,0,0,0,31,0,31,0,1.0,0.0,0.0,1.0,1.0,0.0
"G[0,1](((Bilirubin_total >= 0.000 & Calcium <= 5.258) | Temp <= 5.649) | FiO2 <= 4.243)
",0.000,9999999.000,9999999.000,1.000,0.000,31,0,0,0,31,0,31,0,1.0,0.0,0.0,1.0,1.0,0.0
"G[1,1](((MAP <= 97.968 & WBC >= 0.434) -> TroponinI >= 0.091) & EtCO2 <= 6.916)
",-3.000,0.091,0.091,1.000,0.000,31,0,0,0,31,0,31,0,1.0,0.0,0.0,1.0,1.0,0.0
"G[1,1](((DBP >= 3.415 -> Platelets >= 8.533) | Fibrinogen <= 215.699) | Chloride >= 1.171)
",1.500,215.699,215.699,1.000,0.000,31,0,0,0,31,0,31,0,1.0,0.0,0.0,1.0,1.0,0.0
"G[0,1](((BUN >= 0.746 -> Alkalinephos >= 0.000) | Bilirubin_direct <= 0.000) | MAP >= 0.000)
",0.000,9999999.000,9999999.000,1.000,0.000,31,0,0,0,31,0,31,0,1.0,0.0,0.0,1.0,1.0,0.0
"G[0,1](TroponinI <= 0.000 | Potassium >= 0.207)
",0.000,9999999.000,9999999.000,1.000,0.000,31,0,0,0,31,0,31,0,1.0,0.0,0.0,1.0,1.0,0.0
"G[1,1](DBP >= 19.314 -> Magnesium <= 1.709)
",4.000,-1.709,-1.709,1.000,0.000,30,0,0,1,31,0,30,1,0.967741935483871,0.0,0.0,1.0,0.967741935483871,0.032258064516129004
"G[1,1](Chloride >= 3.515 | HR <= 113.639)
",-4.000,113.639,113.639,1.000,0.000,30,0,0,1,31,0,30,1,0.967741935483871,0.0,0.0,1.0,0.967741935483871,0.032258064516129004
"G[1,1]((Glucose >= 4.148 -> O2Sat <= 97.154) -> HR >= 74.043)
",0.000,74.043,74.043,1.000,0.000,30,0,0,1,31,0,30,1,0.967741935483871,0.0,0.0,1.0,0.967741935483871,0.032258064516129004
"G[0,0](((DBP <= 69.045 -> Hct <= 5.208) & AST <= 4.040) & FiO2 <= 36.222)
",-0.200,-7.664,-5.208,1.000,0.000,30,0,0,1,31,0,30,1,0.967741935483871,0.0,0.0,1.0,0.967741935483871,0.032258064516129004
"G[0,1](((FiO2 >= 0.089 & Platelets <= 107.170) -> Potassium <= 49.035) & O2Sat >= 7.531)
",0.000,9999999.000,9999999.000,1.000,0.000,30,0,0,1,31,0,30,1,0.967741935483871,0.0,0.0,1.0,0.967741935483871,0.032258064516129004
"G[0,0](((FiO2 >= 0.049 | Magnesium >= 0.017) & BUN >= 0.032) -> BaseExcess >= 0.006)
",0.000,0.006,0.006,1.000,0.000,29,0,0,2,31,0,29,2,0.9354838709677419,0.0,0.0,1.0,0.9354838709677419,0.06451612903225812
"G[0,0](BUN <= 11.039 -> Glucose <= 20.833)
",-0.000,-20.833,-20.833,1.000,0.000,29,0,0,2,31,0,29,2,0.9354838709677419,0.0,0.0,1.0,0.9354838709677419,0.06451612903225812
"G[0,0](((Glucose <= 119.708 & pH >= 0.142) -> SBP >= 0.153) & Chloride <= 7.272)
",0.131,-5.644,-9.523,1.000,0.000,29,0,0,2,31,0,29,2,0.9354838709677419,0.0,0.0,1.0,0.9354838709677419,0.06451612903225812
"G[0,0](((Alkalinephos >= 0.000 & BUN >= 0.019) -> HR <= 3.305) & Bilirubin_total <= 8.267)
",-0.000,0.019,0.019,1.000,0.000,29,0,0,2,31,0,29,2,0.9354838709677419,0.0,0.0,1.0,0.9354838709677419,0.06451612903225812
"G[0,0](FiO2 <= 0.481 | Resp <= 24.124)
",0.200,1.391,0.481,1.000,0.000,29,0,0,2,31,0,29,2,0.9354838709677419,0.0,0.0,1.0,0.9354838709677419,0.06451612903225812
"G[0,1](((MAP <= 95.594 -> PTT <= 17.951) & Glucose >= 0.418) | BUN <= 17.364)
",0.000,9999999.000,9999999.000,1.000,0.000,29,0,0,2,31,0,29,2,0.9354838709677419,0.0,0.0,1.0,0.9354838709677419,0.06451612903225812
"G[0,0](Magnesium >= 0.062 -> Calcium <= 7.438)
",-0.000,-7.438,-7.438,1.000,0.000,29,0,0,2,31,0,29,2,0.9354838709677419,0.0,0.0,1.0,0.9354838709677419,0.06451612903225812
"G[0,0]((BUN >= 0.947 & FiO2 <= 0.550) | PaCO2 <= 0.162)
",-0.200,0.119,0.162,1.000,0.000,28,0,0,3,31,0,28,3,0.9032258064516129,0.0,0.0,1.0,0.9032258064516129,0.09677419354838712
"G[0,1](Creatinine >= 0.036 -> Potassium <= 3.257)
",0.000,9999999.000,9999999.000,1.000,0.000,28,0,0,3,31,0,28,3,0.9032258064516129,0.0,0.0,1.0,0.9032258064516129,0.09677419354838712
"G[0,1](Chloride <= 107.899 | PTT <= 7.660)
",0.000,9999999.000,9999999.000,1.000,0.000,28,0,0,3,31,0,28,3,0.9032258064516129,0.0,0.0,1.0,0.9032258064516129,0.09677419354838712
"G[0,1]((BUN >= 0.252 & HCO3 >= 0.788) -> MAP <= 3.788)
",0.000,9999999.000,9999999.000,1.000,0.000,28,0,0,3,31,0,28,3,0.9032258064516129,0.0,0.0,1.0,0.9032258064516129,0.09677419354838712
"G[0,1]((HR <= 115.805 -> MAP >= 60.503) & SaO2 <= 95.044)
",0.000,9999999.000,9999999.000,1.000,0.000,28,0,0,3,31,0,28,3,0.9032258064516129,0.0,0.0,1.0,0.9032258064516129,0.09677419354838712
"G[0,1]((Glucose <= 109.219 | TroponinI >= 0.000) & Platelets <= 0.000)
",0.000,9999999.000,9999999.000,1.000,0.000,28,0,0,3,31,0,28,3,0.9032258064516129,0.0,0.0,1.0,0.9032258064516129,0.09677419354838712
"G[0,1](((Calcium <= 1.841 & O2Sat >= 69.604) | SaO2 >= 63.942) & FiO2 <= 99.614)
",0.000,9999999.000,9999999.000,1.000,0.000,27,0,0,4,31,0,27,4,0.8709677419354839,0.0,0.0,1.0,0.8709677419354839,0.12903225806451613
"G[0,1](((MAP >= 48.596 -> Phosphate >= 0.051) | Magnesium >= 0.103) -> Bilirubin_total >= 0.082)
",0.000,9999999.000,9999999.000,1.000,0.000,26,0,0,5,31,0,26,5,0.8387096774193549,0.0,0.0,1.0,0.8387096774193549,0.16129032258064513
"G[0,1](Glucose <= 65.543 & MAP >= 44.434)
",0.000,9999999.000,9999999.000,1.000,0.000,24,0,0,7,31,0,24,7,0.7741935483870968,0.0,0.0,1.0,0.7741935483870968,0.22580645161290325
"G[0,1]((DBP <= 70.523 -> pH >= 0.122) -> BUN >= 0.441)
",0.000,9999999.000,9999999.000,1.000,0.000,19,0,0,12,31,0,19,12,0.6129032258064516,0.0,0.0,1.0,0.6129032258064516,0.3870967741935484
"G[0,1](PaCO2 >= 1.616 | Temp <= 25.157)
",0.000,9999999.000,9999999.000,1.000,0.000,17,0,0,14,31,0,17,14,0.5483870967741935,0.0,0.0,1.0,0.5483870967741935,0.4516129032258065
"G[0,1](Chloride >= 2.620 | Temp <= 24.169)
",0.000,9999999.000,9999999.000,1.000,0.000,16,0,0,15,31,0,16,15,0.5161290322580645,0.0,0.0,1.0,0.5161290322580645,0.4838709677419355
"G[1,1]((HCO3 >= 0.856 | SBP <= 136.437) -> Bilirubin_direct >= 77.842)
",-0.000,-136.437,-136.437,1.000,0.000,13,0,0,18,31,0,13,18,0.41935483870967744,0.0,0.0,1.0,0.41935483870967744,0.5806451612903225
"G[0,1](FiO2 <= 0.401 & Bilirubin_direct >= 0.000)
",0.000,9999999.000,9999999.000,1.000,0.000,13,0,0,18,31,0,13,18,0.41935483870967744,0.0,0.0,1.0,0.41935483870967744,0.5806451612903225
"G[0,0](O2Sat <= 97.001 | Platelets >= 4.037)
",0.290,9.817,2.741,1.000,0.000,11,0,0,20,31,0,11,20,0.3548387096774194,0.0,0.0,1.0,0.3548387096774194,0.6451612903225806
"G[0,0](Calcium <= 3.460 & FiO2 >= 0.032)
",-0.000,-0.032,-0.032,1.000,0.000,10,0,0,21,31,0,10,21,0.3225806451612903,0.0,0.0,1.0,0.3225806451612903,0.6774193548387097
"G[0,0]((Calcium >= 0.191 | PaCO2 >= 2.665) & Potassium <= 5.819)
",0.200,0.000,-0.191,1.000,0.000,5,0,0,26,31,0,5,26,0.16129032258064516,0.0,0.0,1.0,0.16129032258064516,0.8387096774193549
"G[0,1](((BaseExcess <= -0.033 | HR <= 99.844) -> Lactate >= 64.952) | Temp >= 88.416)
",0.000,9999999.000,9999999.000,1.000,0.000,5,0,0,26,31,0,5,26,0.16129032258064516,0.0,0.0,1.0,0.16129032258064516,0.8387096774193549
"G[0,1]((Chloride <= 39.414 & Resp <= 23.673) -> Magnesium >= 6.875)
",0.000,9999999.000,9999999.000,1.000,0.000,4,0,0,27,31,0,4,27,0.12903225806451613,0.0,0.0,1.0,0.12903225806451613,0.8709677419354839
"G[0,1](Platelets <= 188.783 & O2Sat <= 97.358)
",0.000,9999999.000,9999999.000,1.000,0.000,4,0,0,27,31,0,4,27,0.12903225806451613,0.0,0.0,1.0,0.12903225806451613,0.8709677419354839
"G[0,0]((DBP <= 67.567 | Hgb >= 0.305) & Chloride >= 0.590)
",0.000,-0.590,-0.590,1.000,0.000,2,0,0,29,31,0,2,29,0.06451612903225806,0.0,0.0,1.0,0.06451612903225806,0.935483870967742
"G[0,0](((Hgb <= 2.110 | Hct <= 17.298) -> WBC >= 0.399) & Platelets >= 0.315)
",0.000,-17.298,-17.298,1.000,0.000,2,0,0,29,31,0,2,29,0.06451612903225806,0.0,0.0,1.0,0.06451612903225806,0.935483870967742
"G[0,0](Chloride >= 4.822 & HCO3 >= 0.866)
",0.000,-4.822,-4.822,1.000,0.000,2,0,0,29,31,0,2,29,0.06451612903225806,0.0,0.0,1.0,0.06451612903225806,0.935483870967742
"G[0,0](Platelets <= 211.003 -> WBC >= 0.291)
",0.000,-211.003,-211.003,1.000,0.000,2,0,0,29,31,0,2,29,0.06451612903225806,0.0,0.0,1.0,0.06451612903225806,0.935483870967742
"G[0,0](((Hgb <= 11.200 | Hct <= 20.374) -> WBC >= 0.575) & Platelets >= 5.235)
",0.000,-20.374,-20.374,1.000,0.000,2,0,0,29,31,0,2,29,0.06451612903225806,0.0,0.0,1.0,0.06451612903225806,0.935483870967742
"G[0,0](Platelets <= 233.530 -> WBC >= 0.567)
",-0.000,-233.530,-233.530,1.000,0.000,2,0,0,29,31,0,2,29,0.06451612903225806,0.0,0.0,1.0,0.06451612903225806,0.935483870967742
"G[0,0](Platelets <= 25.843 -> WBC >= 0.040)
",0.000,-25.843,-25.843,1.000,0.000,2,0,0,29,31,0,2,29,0.06451612903225806,0.0,0.0,1.0,0.06451612903225806,0.935483870967742
"G[0,0](Chloride >= 2.676 & HCO3 >= 0.266)
",3.000,-2.676,-2.676,1.000,0.000,2,0,0,29,31,0,2,29,0.06451612903225806,0.0,0.0,1.0,0.06451612903225806,0.935483870967742
"G[0,0]((Bilirubin_direct >= 0.000 -> Hct >= 1.749) & Hct >= 0.465)
",-5.000,-0.465,-0.465,1.000,0.000,2,0,0,29,31,0,2,29,0.06451612903225806,0.0,0.0,1.0,0.06451612903225806,0.935483870967742
"G[1,1](((Bilirubin_direct <= 0.000 & Hgb >= 0.337) -> PTT >= 0.301) & Temp >= 0.099)
",0.000,-0.099,-0.099,1.000,0.000,2,0,0,29,31,0,2,29,0.06451612903225806,0.0,0.0,1.0,0.06451612903225806,0.935483870967742
"G[0,0](Platelets <= 100.107 -> WBC >= 0.469)
",0.000,-100.107,-100.107,1.000,0.000,2,0,0,29,31,0,2,29,0.06451612903225806,0.0,0.0,1.0,0.06451612903225806,0.935483870967742
"G[1,1](((Hgb <= 8.068 | Hct <= 5.111) -> WBC >= 0.004) & Platelets >= 10.705)
",0.000,-10.705,-10.705,1.000,0.000,1,0,0,30,31,0,1,30,0.03225806451612903,0.0,0.0,1.0,0.03225806451612903,0.967741935483871
"G[1,1](Platelets <= 32.465 -> WBC >= 0.489)
",0.000,-32.465,-32.465,1.000,0.000,1,0,0,30,31,0,1,30,0.03225806451612903,0.0,0.0,1.0,0.03225806451612903,0.967741935483871
"G[1,1](PaCO2 <= 9.915 & WBC >= 0.485)
",-0.000,-0.485,-0.485,1.000,0.000,1,0,0,30,31,0,1,30,0.03225806451612903,0.0,0.0,1.0,0.03225806451612903,0.967741935483871
"G[1,2]((BUN <= 7.146 | SBP <= 156.229) -> SepsisLabel >= 26.306)
",0.000,9999999.000,9999999.000,1.000,0.000,0,0,0,31,31,0,0,31,0.0,0.0,0.0,0.0,0.0,1.0
"G[2,2]((MAP <= 94.405 -> Temp >= 7.200) -> Magnesium >= 0.051)
",5.000,0.051,0.051,1.000,0.000,0,0,31,0,0,31,31,0,0.0,0.0,1.0,0.0,0.0,1.0
"G[1,2](((BaseExcess >= -1.330 -> Glucose <= 40.163) & SBP <= 106.264) | BUN <= 56.594)
",0.000,9999999.000,9999999.000,1.000,0.000,0,0,31,0,0,31,31,0,0.0,0.0,1.0,0.0,0.0,1.0
"G[1,2]((FiO2 <= 0.196 & Glucose <= 104.639) & Magnesium <= 63.257)
",0.000,9999999.000,9999999.000,1.000,0.000,0,0,23,8,8,23,23,8,0.0,0.0,1.0,0.0,0.0,1.0
"G[1,2]((BUN >= 0.369 & MAP >= 65.555) -> Platelets >= 39.304)
",0.000,9999999.000,9999999.000,1.000,0.000,0,0,31,0,0,31,31,0,0.0,0.0,1.0,0.0,0.0,1.0
"G[1,2]((Hgb <= 1.482 & O2Sat >= 60.777) -> Phosphate >= 18.065)
",0.000,9999999.000,9999999.000,1.000,0.000,0,0,1,30,30,1,1,30,0.0,0.0,1.0,0.0,0.0,1.0
"G[0,2](Chloride <= 79.910 & O2Sat >= 20.672)
",0.000,9999999.000,9999999.000,1.000,0.000,0,0,27,4,4,27,27,4,0.0,0.0,1.0,0.0,0.0,1.0
"G[0,2](MAP <= 105.082 & pH <= 6.012)
",0.000,9999999.000,9999999.000,1.000,0.000,0,0,24,7,7,24,24,7,0.0,0.0,1.0,0.0,0.0,1.0
"G[0,2](((Magnesium >= 0.004 | O2Sat <= 98.596) | PTT >= 64.461) | PaCO2 >= 72.436)
",0.000,9999999.000,9999999.000,1.000,0.000,0,0,12,19,19,12,12,19,0.0,0.0,1.0,0.0,0.0,1.0
"G[1,2](((DBP >= 8.734 | FiO2 >= 0.004) | SBP >= 0.137) | Fibrinogen >= 0.147)
",0.000,9999999.000,9999999.000,1.000,0.000,0,0,31,0,0,31,31,0,0.0,0.0,1.0,0.0,0.0,1.0
"G[2,2](((BUN >= 0.843 -> Temp <= 26.282) | BUN <= 37.254) -> HR <= 14.289)
",-2.000,-37.254,-37.254,1.000,0.000,0,0,31,0,0,31,31,0,0.0,0.0,1.0,0.0,0.0,1.0
"G[1,1]((O2Sat >= 45.549 -> SepsisLabel >= 0.069) & AST >= 0.001)
",0.000,-0.001,-0.001,1.000,0.000,0,0,0,31,31,0,0,31,0.0,0.0,0.0,0.0,0.0,1.0
"G[0,2](((PTT <= 2.268 & SBP <= 137.116) | O2Sat >= 62.310) -> Potassium <= 155.316)
",0.000,9999999.000,9999999.000,1.000,0.000,0,0,31,0,0,31,31,0,0.0,0.0,1.0,0.0,0.0,1.0
"G[0,2](Hgb >= 0.587 -> MAP <= 90.576)
",0.000,9999999.000,9999999.000,1.000,0.000,0,0,29,2,2,29,29,2,0.0,0.0,1.0,0.0,0.0,1.0
"G[0,2](((Calcium <= 2.314 | MAP <= 103.260) | SaO2 <= 93.561) | Hgb >= 26.841)
",0.000,9999999.000,9999999.000,1.000,0.000,0,0,31,0,0,31,31,0,0.0,0.0,1.0,0.0,0.0,1.0
"G[1,2](((SBP >= 11.247 | Temp >= 8.020) | Hct >= 9.440) -> Lactate <= 14.252)
",0.000,9999999.000,9999999.000,1.000,0.000,0,0,31,0,0,31,31,0,0.0,0.0,1.0,0.0,0.0,1.0
"G[1,2](O2Sat <= 98.786 & PaCO2 >= 0.090)
",0.000,9999999.000,9999999.000,1.000,0.000,0,0,0,31,31,0,0,31,0.0,0.0,0.0,0.0,0.0,1.0
"G[1,1](((Hgb <= 8.770 | Temp >= 6.283) | BUN <= 11.407) & BaseExcess >= 6.157)
",1.000,-6.157,-6.157,1.000,0.000,0,0,0,31,31,0,0,31,0.0,0.0,0.0,0.0,0.0,1.0
"G[1,2]((Phosphate <= 0.982 & SBP <= 153.897) | Hct >= 37.365)
",0.000,9999999.000,9999999.000,1.000,0.000,0,0,27,4,4,27,27,4,0.0,0.0,1.0,0.0,0.0,1.0
"G[0,2]((SBP <= 147.475 & WBC >= 0.467) | Bilirubin_direct <= 2.996)
",0.000,9999999.000,9999999.000,1.000,0.000,0,0,31,0,0,31,31,0,0.0,0.0,1.0,0.0,0.0,1.0
"G[2,2]((Creatinine >= 0.009 -> MAP <= 92.750) & pH <= 96.580)
",-0.000,-92.750,-92.750,1.000,0.000,0,0,31,0,0,31,31,0,0.0,0.0,1.0,0.0,0.0,1.0
"G[0,1](Chloride >= 4.424 & HCO3 >= 0.725)
",0.000,9999999.000,9999999.000,1.000,0.000,0,0,0,31,31,0,0,31,0.0,0.0,0.0,0.0,0.0,1.0
"G[0,1]((Phosphate <= 1.521 & Resp >= 12.622) -> Glucose >= 16.810)
",0.000,9999999.000,9999999.000,1.000,0.000,0,0,0,31,31,0,0,31,0.0,0.0,0.0,0.0,0.0,1.0
"G[2,2]((Platelets <= 42.473 & SBP >= 16.850) -> SaO2 <= 159.798)
",-0.000,-159.798,-159.798,1.000,0.000,0,0,31,0,0,31,31,0,0.0,0.0,1.0,0.0,0.0,1.0
"G[2,2]((Calcium <= 5.970 | Glucose <= 106.190) & Glucose <= 70.025)
",0.000,70.025,70.025,1.000,0.000,0,0,31,0,0,31,31,0,0.0,0.0,1.0,0.0,0.0,1.0
"G[1,2](((pH <= 5.301 | Resp <= 23.427) & Temp <= 22.445) & HCO3 >= 13.114)
",0.000,9999999.000,9999999.000,1.000,0.000,0,0,1,30,30,1,1,30,0.0,0.0,1.0,0.0,0.0,1.0
"G[0,2](((SepsisLabel <= 0.528 & Creatinine <= 0.688) -> HR <= 0.527) | Glucose >= 0.014)
",0.000,9999999.000,9999999.000,1.000,0.000,0,0,5,26,26,5,5,26,0.0,0.0,1.0,0.0,0.0,1.0
"G[0,2](((Bilirubin_total <= 0.000 & Hgb >= 0.412) | Chloride >= 0.408) | FiO2 >= 0.277)
",0.000,9999999.000,9999999.000,1.000,0.000,0,0,1,30,30,1,1,30,0.0,0.0,1.0,0.0,0.0,1.0
"G[0,2]((AST <= 0.000 | DBP <= 67.668) & O2Sat <= 64.184)
",0.000,9999999.000,9999999.000,1.000,0.000,0,0,0,31,31,0,0,31,0.0,0.0,0.0,0.0,0.0,1.0
"G[0,2](((WBC >= 0.539 -> Glucose >= 9.098) & O2Sat <= 60.009) -> O2Sat >= 4.035)
",0.000,9999999.000,9999999.000,1.000,0.000,0,0,30,1,1,30,30,1,0.0,0.0,1.0,0.0,0.0,1.0
"G[2,2](((pH >= 0.209 -> SBP <= 156.222) | HCO3 <= 144.903) | Potassium >= 130.855)
",3.000,144.903,144.903,1.000,0.000,0,0,31,0,0,31,31,0,0.0,0.0,1.0,0.0,0.0,1.0
"G[0,2](Hct >= 0.325 | Creatinine <= 0.238)
",0.000,9999999.000,9999999.000,1.000,0.000,0,0,31,0,0,31,31,0,0.0,0.0,1.0,0.0,0.0,1.0
"G[0,2]((Lactate <= 0.783 & Hgb >= 0.086) -> EtCO2 >= 0.497)
",0.000,9999999.000,9999999.000,1.000,0.000,0,0,29,2,2,29,29,2,0.0,0.0,1.0,0.0,0.0,1.0
"G[1,2](Platelets >= 7.392 -> Lactate <= 1.933)
",0.000,9999999.000,9999999.000,1.000,0.000,0,0,31,0,0,31,31,0,0.0,0.0,1.0,0.0,0.0,1.0
"G[2,2](BaseExcess <= -0.013 -> Hct <= 30.188)
",0.000,-30.188,-30.188,1.000,0.000,0,0,31,0,0,31,31,0,0.0,0.0,1.0,0.0,0.0,1.0
"G[1,2](Resp <= 22.039 | Alkalinephos >= 0.000)
",0.000,9999999.000,9999999.000,1.000,0.000,0,0,31,0,0,31,31,0,0.0,0.0,1.0,0.0,0.0,1.0
"G[0,1](Lactate >= 0.045 & Fibrinogen <= 0.000)
",0.000,9999999.000,9999999.000,1.000,0.000,0,0,0,31,31,0,0,31,0.0,0.0,0.0,0.0,0.0,1.0
"G[0,2]((Platelets >= 9.281 | DBP >= 23.415) | SBP <= 82.977)
",0.000,9999999.000,9999999.000,1.000,0.000,0,0,31,0,0,31,31,0,0.0,0.0,1.0,0.0,0.0,1.0
"G[0,1](WBC >= 0.694 & Fibrinogen >= 0.000)
",0.000,9999999.000,9999999.000,1.000,0.000,0,0,0,31,31,0,0,31,0.0,0.0,0.0,0.0,0.0,1.0
"G[1,2](((PaCO2 <= 15.335 -> AST >= 0.000) -> Temp >= 0.000) | FiO2 <= 0.000)
",0.000,9999999.000,9999999.000,1.000,0.000,0,0,31,0,0,31,31,0,0.0,0.0,1.0,0.0,0.0,1.0
"G[0,2]((SepsisLabel >= 0.126 & Creatinine >= 0.029) & Chloride <= 0.066)
",0.000,9999999.000,9999999.000,1.000,0.000,0,0,0,31,31,0,0,31,0.0,0.0,0.0,0.0,0.0,1.0
"G[0,2](Magnesium >= 0.034 -> Platelets <= 69.134)
",0.000,9999999.000,9999999.000,1.000,0.000,0,0,28,3,3,28,28,3,0.0,0.0,1.0,0.0,0.0,1.0
"G[0,2]((SaO2 <= 0.000 -> Lactate <= 0.095) -> Temp <= 0.513)
",0.000,9999999.000,9999999.000,1.000,0.000,0,0,16,15,15,16,16,15,0.0,0.0,1.0,0.0,0.0,1.0
"G[1,1](((Platelets >= 2.286 & HCO3 <= 14.329) | Fibrinogen >= 0.529) & O2Sat <= 11.121)
",0.000,-0.529,-0.529,1.000,0.000,0,0,0,31,31,0,0,31,0.0,0.0,0.0,0.0,0.0,1.0
"G[0,2](((O2Sat <= 99.562 & Creatinine >= 0.011) | Fibrinogen >= 0.012) & pH <= 0.956)
",0.000,9999999.000,9999999.000,1.000,0.000,0,0,0,31,31,0,0,31,0.0,0.0,0.0,0.0,0.0,1.0
"G[0,0]((Creatinine <= 0.130 -> O2Sat <= 99.644) & Bilirubin_direct >= 8.173)
",-0.350,-15.676,-9.159,1.000,0.000,0,0,0,31,31,0,0,31,0.0,0.0,0.0,0.0,0.0,1.0
"G[2,2]((Bilirubin_total >= 0.000 -> Bilirubin_direct <= 0.000) & SepsisLabel <= 0.000)
",0.000,0.000,0.000,1.000,0.000,0,0,31,0,0,31,31,0,0.0,0.0,1.0,0.0,0.0,1.0
"G[1,2]((BaseExcess >= -0.052 | BUN <= 14.156) | MAP <= 7.463)
",0.000,9999999.000,9999999.000,1.000,0.000,0,0,31,0,0,31,31,0,0.0,0.0,1.0,0.0,0.0,1.0
"G[0,1]((BaseExcess <= -0.017 & Creatinine <= 0.489) & WBC >= 0.017)
",0.000,9999999.000,9999999.000,1.000,0.000,0,0,0,31,31,0,0,31,0.0,0.0,0.0,0.0,0.0,1.0
"G[1,2](Creatinine <= 0.412 & O2Sat >= 50.867)
",0.000,9999999.000,9999999.000,1.000,0.000,0,0,30,1,1,30,30,1,0.0,0.0,1.0,0.0,0.0,1.0
"G[0,2](((HCO3 <= 6.602 | Temp >= 6.823) & Bilirubin_total >= 2.687) | Magnesium <= 14.810)
",0.000,9999999.000,9999999.000,1.000,0.000,0,0,31,0,0,31,31,0,0.0,0.0,1.0,0.0,0.0,1.0
"G[1,2](((Creatinine <= 0.466 & SBP <= 156.636) -> HCO3 >= 56.546) -> Phosphate <= 150.106)
",0.000,9999999.000,9999999.000,1.000,0.000,0,0,31,0,0,31,31,0,0.0,0.0,1.0,0.0,0.0,1.0
"G[1,2](((Magnesium <= 1.704 -> Resp <= 22.630) | Glucose <= 22.677) & Resp <= 22.546)
",0.000,9999999.000,9999999.000,1.000,0.000,0,0,9,22,22,9,9,22,0.0,0.0,1.0,0.0,0.0,1.0
"G[0,2](((HCO3 >= 0.621 -> Resp <= 23.263) & PTT <= 22.314) -> PTT >= 19.679)
",0.000,9999999.000,9999999.000,1.000,0.000,0,0,0,31,31,0,0,31,0.0,0.0,0.0,0.0,0.0,1.0
"G[1,2]((Resp >= 8.966 -> WBC <= 10.502) | PTT <= 11.772)
",0.000,9999999.000,9999999.000,1.000,0.000,0,0,30,1,1,30,30,1,0.0,0.0,1.0,0.0,0.0,1.0
"G[0,2](((Chloride >= 0.611 & FiO2 <= 0.204) & Hct >= 0.119) -> Bilirubin_total <= 0.242)
",0.000,9999999.000,9999999.000,1.000,0.000,0,0,31,0,0,31,31,0,0.0,0.0,1.0,0.0,0.0,1.0
"G[2,2]((FiO2 <= 0.303 -> Hct >= 0.684) & EtCO2 <= 2.782)
",-3.000,-0.303,-0.303,1.000,0.000,0,0,31,0,0,31,31,0,0.0,0.0,1.0,0.0,0.0,1.0
"G[1,2](((Hct >= 1.739 & Resp >= 11.391) & BaseExcess <= 24.367) -> Resp <= 24.023)
",0.000,9999999.000,9999999.000,1.000,0.000,0,0,31,0,0,31,31,0,0.0,0.0,1.0,0.0,0.0,1.0
"G[0,1](((Potassium <= 1.369 -> SBP >= 17.753) | Temp <= 149.965) -> BUN >= 54.009)
",0.000,9999999.000,9999999.000,1.000,0.000,0,0,0,31,31,0,0,31,0.0,0.0,0.0,0.0,0.0,1.0
"G[1,2]((WBC <= 6.415 -> Resp <= 24.079) & EtCO2 <= 25.313)
",0.000,9999999.000,9999999.000,1.000,0.000,0,0,27,4,4,27,27,4,0.0,0.0,1.0,0.0,0.0,1.0
"G[0,2](((Fibrinogen <= 0.000 | MAP <= 87.522) | HCO3 <= 105.178) | Platelets <= 96.827)
",0.000,9999999.000,9999999.000,1.000,0.000,0,0,31,0,0,31,31,0,0.0,0.0,1.0,0.0,0.0,1.0
"G[0,2]((Bilirubin_direct >= 0.000 | EtCO2 >= 0.000) -> BUN >= 0.000)
",0.000,9999999.000,9999999.000,1.000,0.000,0,0,31,0,0,31,31,0,0.0,0.0,1.0,0.0,0.0,1.0
"G[1,2](((HR >= 23.756 & Resp <= 25.612) -> Hct <= 22.059) & Hgb <= 22.194)
",0.000,9999999.000,9999999.000,1.000,0.000,0,0,30,1,1,30,30,1,0.0,0.0,1.0,0.0,0.0,1.0
"G[1,2]((EtCO2 >= 0.000 -> TroponinI >= 0.000) -> PaCO2 <= 0.000)
",0.000,9999999.000,9999999.000,1.000,0.000,0,0,30,1,1,30,30,1,0.0,0.0,1.0,0.0,0.0,1.0
"G[2,2](Resp <= 23.462 -> Temp >= 1.682)
",-3.000,-23.462,-23.462,1.000,0.000,0,0,31,0,0,31,31,0,0.0,0.0,1.0,0.0,0.0,1.0
"G[2,2](((pH <= 0.699 & SBP <= 137.424) | O2Sat <= 134.708) | SBP <= 140.811)
",-0.000,140.811,140.811,1.000,0.000,0,0,31,0,0,31,31,0,0.0,0.0,1.0,0.0,0.0,1.0
"G[0,2](((Lactate <= 1.574 & SepsisLabel <= 0.181) & Bilirubin_total <= 0.738) & SepsisLabel <= 0.576)
",0.000,9999999.000,9999999.000,1.000,0.000,0,0,24,7,7,24,24,7,0.0,0.0,1.0,0.0,0.0,1.0
"G[0,1](BUN <= 13.808 & Creatinine >= 0.027)
",0.000,9999999.000,9999999.000,1.000,0.000,0,0,0,31,31,0,0,31,0.0,0.0,0.0,0.0,0.0,1.0
"G[1,2](MAP < 87.866 & SepsisLabel = 0.899)
",0.000,9999999.000,9999999.000,1.000,0.000,0,0,0,31,31,0,0,31,0.0,0.0,0.0,0.0,0.0,1.0
"G[0,1](pH < 5.463 & SepsisLabel = 0.048)
",0.000,9999999.000,9999999.000,1.000,0.000,0,0,0,31,31,0,0,31,0.0,0.0,0.0,0.0,0.0,1.0
"G[0,1](HR <= 108.193 & SepsisLabel = 0.752)
",0.000,9999999.000,9999999.000,1.000,0.000,0,0,0,31,31,0,0,31,0.0,0.0,0.0,0.0,0.0,1.0
"G[0,1](Potassium <= 1.299 & SepsisLabel = 0.150)
",0.000,9999999.000,9999999.000,1.000,0.000,0,0,0,31,31,0,0,31,0.0,0.0,0.0,0.0,0.0,1.0
"G[1,2](HCO3 < 13.804 -> SepsisLabel = 0.016)
",0.000,9999999.000,9999999.000,1.000,0.000,0,0,1,30,30,1,1,30,0.0,0.0,1.0,0.0,0.0,1.0
"G[2,2](Creatinine >= 0.039 -> SepsisLabel = 0.619)
",-0.000,0.039,0.039,1.000,0.000,0,0,31,0,0,31,31,0,0.0,0.0,1.0,0.0,0.0,1.0
"G[1,2](Temp < 30.940 -> SepsisLabel = 0.711)
",0.000,9999999.000,9999999.000,1.000,0.000,0,0,2,29,29,2,2,29,0.0,0.0,1.0,0.0,0.0,1.0
"G[1,2](O2Sat <= 99.248 -> SepsisLabel = 0.018)
",0.000,9999999.000,9999999.000,1.000,0.000,0,0,8,23,23,8,8,23,0.0,0.0,1.0,0.0,0.0,1.0
"G[0,1](SaO2 >= 0.000 & SepsisLabel = 0.626)
",0.000,9999999.000,9999999.000,1.000,0.000,0,0,0,31,31,0,0,31,0.0,0.0,0.0,0.0,0.0,1.0
"G[1,1](TroponinI > 0.000 & SepsisLabel = 0.514)
",0.000,-0.514,-0.514,1.000,0.000,0,0,0,31,31,0,0,31,0.0,0.0,0.0,0.0,0.0,1.0
"G[0,0](((HCO3 <= 15.875 | Magnesium <= 1.254) | Resp >= 0.032) -> SaO2 >= 0.007)
",-0.842,-65.195,-54.468,1.000,0.000,0,0,0,31,31,0,0,31,0.0,0.0,0.0,0.0,0.0,1.0
"G[0,2](Hgb <= 7.080 -> PTT <= 9.621)
",0.000,9999999.000,9999999.000,1.000,0.000,0,0,31,0,0,31,31,0,0.0,0.0,1.0,0.0,0.0,1.0
"G[1,2](Calcium <= 2.767 | PTT >= 0.313)
",0.000,9999999.000,9999999.000,1.000,0.000,0,0,31,0,0,31,31,0,0.0,0.0,1.0,0.0,0.0,1.0
"G[1,2]((HCO3 <= 1.951 -> Hgb >= 0.578) -> TroponinI <= 12.254)
",0.000,9999999.000,9999999.000,1.000,0.000,0,0,31,0,0,31,31,0,0.0,0.0,1.0,0.0,0.0,1.0
"G[2,2]((Hgb >= 0.033 | Phosphate <= 2.264) | SaO2 <= 0.307)
",2.000,2.264,2.264,1.000,0.000,0,0,31,0,0,31,31,0,0.0,0.0,1.0,0.0,0.0,1.0
"G[0,2](((BUN >= 0.936 | Hct >= 1.501) | Bilirubin_direct <= 1.957) | Fibrinogen >= 0.858)
",0.000,9999999.000,9999999.000,1.000,0.000,0,0,31,0,0,31,31,0,0.0,0.0,1.0,0.0,0.0,1.0
"G[0,1]((Hct <= 31.528 -> Phosphate <= 0.939) -> Calcium >= 0.041)
",0.000,9999999.000,9999999.000,1.000,0.000,0,0,0,31,31,0,0,31,0.0,0.0,0.0,0.0,0.0,1.0
"G[0,2]((Phosphate <= 1.674 -> WBC >= 0.475) | SBP <= 11.336)
",0.000,9999999.000,9999999.000,1.000,0.000,0,0,0,31,31,0,0,31,0.0,0.0,0.0,0.0,0.0,1.0
"G[0,1](((Hct >= 1.024 & Magnesium >= 0.058) -> MAP >= 0.058) -> FiO2 >= 0.096)
",0.000,9999999.000,9999999.000,1.000,0.000,0,0,0,31,31,0,0,31,0.0,0.0,0.0,0.0,0.0,1.0
"G[2,2]((BUN >= 0.197 -> Phosphate >= 0.045) -> EtCO2 <= 1.637)
",-2.000,-1.637,-1.637,1.000,0.000,0,0,31,0,0,31,31,0,0.0,0.0,1.0,0.0,0.0,1.0
"G[0,2](((HCO3 <= 8.235 -> Phosphate <= 0.915) | MAP <= 0.347) | SBP >= 0.032)
",0.000,9999999.000,9999999.000,1.000,0.000,0,0,31,0,0,31,31,0,0.0,0.0,1.0,0.0,0.0,1.0
"G[1,2](Creatinine <= 0.577 | Platelets <= 201.695)
",0.000,9999999.000,9999999.000,1.000,0.000,0,0,31,0,0,31,31,0,0.0,0.0,1.0,0.0,0.0,1.0
"G[1,2]((Calcium >= 0.246 & Platelets >= 5.311) -> pH >= 4.682)
",0.000,9999999.000,9999999.000,1.000,0.000,0,0,30,1,1,30,30,1,0.0,0.0,1.0,0.0,0.0,1.0
"G[0,2]((Hct <= 19.648 -> WBC >= 0.425) & PaCO2 <= 4.462)
",0.000,9999999.000,9999999.000,1.000,0.000,0,0,0,31,31,0,0,31,0.0,0.0,0.0,0.0,0.0,1.0
"G[2,2](((Magnesium <= 0.537 -> WBC >= 0.492) & Lactate >= 0.507) | PaCO2 <= 5.611)
",-1.000,5.611,5.611,1.000,0.000,0,0,31,0,0,31,31,0,0.0,0.0,1.0,0.0,0.0,1.0
"G[0,2](FiO2 >= 0.019 & SepsisLabel = 0.737)
",0.000,9999999.000,9999999.000,1.000,0.000,0,0,0,31,31,0,0,31,0.0,0.0,0.0,0.0,0.0,1.0
"G[2,2](Chloride >= 3.928 & HCO3 >= 0.614)
",-2.000,-3.928,-3.928,1.000,0.000,0,0,31,0,0,31,31,0,0.0,0.0,1.0,0.0,0.0,1.0
"G[0,1]((Creatinine >= 0.002 | Temp >= 8.177) & EtCO2 <= 29.328)
",0.000,9999999.000,9999999.000,1.000,0.000,0,0,0,31,31,0,0,31,0.0,0.0,0.0,0.0,0.0,1.0
"G[1,2](BUN <= 10.217 & Creatinine >= 0.012)
",0.000,9999999.000,9999999.000,1.000,0.000,0,0,0,31,31,0,0,31,0.0,0.0,0.0,0.0,0.0,1.0
"G[0,1](BUN <= 1.929 & Creatinine >= 0.038)
",0.000,9999999.000,9999999.000,1.000,0.000,0,0,0,31,31,0,0,31,0.0,0.0,0.0,0.0,0.0,1.0
"G[0,2](Chloride >= 1.958 & HCO3 >= 0.395)
",0.000,9999999.000,9999999.000,1.000,0.000,0,0,0,31,31,0,0,31,0.0,0.0,0.0,0.0,0.0,1.0
"G[1,2](Platelets <= 152.628 -> WBC >= 0.043)
",0.000,9999999.000,9999999.000,1.000,0.000,0,0,1,30,30,1,1,30,0.0,0.0,1.0,0.0,0.0,1.0
"G[0,1](((Hgb <= 6.446 | Hct <= 34.619) -> WBC >= 0.077) & Platelets >= 10.694)
",0.000,9999999.000,9999999.000,1.000,0.000,0,0,0,31,31,0,0,31,0.0,0.0,0.0,0.0,0.0,1.0
"G[0,2](BUN <= 3.000 & Creatinine >= 0.040)
",0.000,9999999.000,9999999.000,1.000,0.000,0,0,0,31,31,0,0,31,0.0,0.0,0.0,0.0,0.0,1.0
"G[0,1](BUN <= 15.224 & Creatinine >= 0.043)
",0.000,9999999.000,9999999.000,1.000,0.000,0,0,0,31,31,0,0,31,0.0,0.0,0.0,0.0,0.0,1.0
"G[0,2](Chloride >= 4.481 & HCO3 >= 0.926)
",0.000,9999999.000,9999999.000,1.000,0.000,0,0,0,31,31,0,0,31,0.0,0.0,0.0,0.0,0.0,1.0
"G[2,2](((Hgb <= 6.739 | Hct <= 33.679) -> WBC >= 0.496) & Platelets >= 7.908)
",0.000,-33.679,-33.679,1.000,0.000,0,0,31,0,0,31,31,0,0.0,0.0,1.0,0.0,0.0,1.0
"G[1,2](BUN <= 22.053 & Creatinine >= 0.004)
",0.000,9999999.000,9999999.000,1.000,0.000,0,0,1,30,30,1,1,30,0.0,0.0,1.0,0.0,0.0,1.0
"G[0,2](Chloride >= 5.483 & HCO3 >= 0.042)
",0.000,9999999.000,9999999.000,1.000,0.000,0,0,0,31,31,0,0,31,0.0,0.0,0.0,0.0,0.0,1.0
"G[1,2](Platelets <= 79.649 -> WBC >= 0.148)
",0.000,9999999.000,9999999.000,1.000,0.000,0,0,1,30,30,1,1,30,0.0,0.0,1.0,0.0,0.0,1.0
"G[1,2](((Hgb <= 2.204 | Hct <= 15.553) -> WBC >= 0.546) & Platelets >= 4.987)
",0.000,9999999.000,9999999.000,1.000,0.000,0,0,1,30,30,1,1,30,0.0,0.0,1.0,0.0,0.0,1.0
"G[2,2](BUN <= 15.970 & Creatinine >= 0.022)
",0.000,-0.022,-0.022,1.000,0.000,0,0,31,0,0,31,31,0,0.0,0.0,1.0,0.0,0.0,1.0
"G[0,2](Chloride >= 4.687 & HCO3 >= 0.503)
",0.000,9999999.000,9999999.000,1.000,0.000,0,0,0,31,31,0,0,31,0.0,0.0,0.0,0.0,0.0,1.0
"G[1,2](((Hgb <= 3.533 | Hct <= 15.604) -> WBC >= 0.403) & Platelets >= 4.889)
",0.000,9999999.000,9999999.000,1.000,0.000,0,0,1,30,30,1,1,30,0.0,0.0,1.0,0.0,0.0,1.0
"G[0,1](BUN <= 11.662 & Creatinine >= 0.038)
",0.000,9999999.000,9999999.000,1.000,0.000,0,0,0,31,31,0,0,31,0.0,0.0,0.0,0.0,0.0,1.0
"G[0,1](Chloride >= 3.266 & HCO3 >= 0.787)
",0.000,9999999.000,9999999.000,1.000,0.000,0,0,0,31,31,0,0,31,0.0,0.0,0.0,0.0,0.0,1.0
"G[0,1](Platelets <= 185.831 -> WBC >= 0.270)
",0.000,9999999.000,9999999.000,1.000,0.000,0,0,0,31,31,0,0,31,0.0,0.0,0.0,0.0,0.0,1.0
"G[1,2](((Hgb <= 0.835 | Hct <= 28.974) -> WBC >= 0.325) & Platelets >= 6.112)
",0.000,9999999.000,9999999.000,1.000,0.000,0,0,1,30,30,1,1,30,0.0,0.0,1.0,0.0,0.0,1.0
"G[0,1](BUN <= 22.975 & Creatinine >= 0.025)
",0.000,9999999.000,9999999.000,1.000,0.000,0,0,0,31,31,0,0,31,0.0,0.0,0.0,0.0,0.0,1.0
"G[0,2](Platelets <= 162.466 -> WBC >= 0.262)
",0.000,9999999.000,9999999.000,1.000,0.000,0,0,0,31,31,0,0,31,0.0,0.0,0.0,0.0,0.0,1.0
"G[2,2](((Hgb <= 6.860 | Hct <= 21.712) -> WBC >= 0.110) & Platelets >= 8.235)
",-0.000,-21.712,-21.712,1.000,0.000,0,0,31,0,0,31,31,0,0.0,0.0,1.0,0.0,0.0,1.0
"G[0,0](BUN <= 1.637 & Creatinine >= 0.005)
",-0.000,-0.005,-0.005,1.000,0.000,0,0,0,31,31,0,0,31,0.0,0.0,0.0,0.0,0.0,1.0
"G[0,2](Chloride >= 2.995 & HCO3 >= 0.419)
",0.000,9999999.000,9999999.000,1.000,0.000,0,0,0,31,31,0,0,31,0.0,0.0,0.0,0.0,0.0,1.0
"G[1,2](((Hgb <= 9.345 | Hct <= 9.000) -> WBC >= 0.070) & Platelets >= 7.133)
",0.000,9999999.000,9999999.000,1.000,0.000,0,0,1,30,30,1,1,30,0.0,0.0,1.0,0.0,0.0,1.0
"G[1,2](((Platelets <= 139.949 -> WBC <= 7.810) -> Chloride >= 0.471) | Calcium <= 8.931)
",0.000,9999999.000,9999999.000,1.000,0.000,0,0,31,0,0,31,31,0,0.0,0.0,1.0,0.0,0.0,1.0
"G[0,0](((Creatinine >= 0.031 & Phosphate <= 1.036) & Chloride >= 0.100) & Magnesium <= 1.749)
",5.000,-0.100,-0.100,1.000,0.000,0,0,0,31,31,0,0,31,0.0,0.0,0.0,0.0,0.0,1.0
"G[1,2]((Creatinine >= 0.013 | Hct <= 27.130) -> Creatinine >= 0.366)
",0.000,9999999.000,9999999.000,1.000,0.000,0,0,1,30,30,1,1,30,0.0,0.0,1.0,0.0,0.0,1.0
"G[0,2]((DBP <= 69.349 | SBP >= 50.444) -> Phosphate >= 126.463)
",0.000,9999999.000,9999999.000,1.000,0.000,0,0,0,31,31,0,0,31,0.0,0.0,0.0,0.0,0.0,1.0
"G[1,2](PaCO2 <= 31.973 & PTT >= 0.194)
",0.000,9999999.000,9999999.000,1.000,0.000,0,0,1,30,30,1,1,30,0.0,0.0,1.0,0.0,0.0,1.0
"G[1,2]((Chloride >= 1.403 | PaCO2 <= 29.013) -> EtCO2 >= 2.489)
",0.000,9999999.000,9999999.000,1.000,0.000,0,0,1,30,30,1,1,30,0.0,0.0,1.0,0.0,0.0,1.0
"G[0,2]((HCO3 <= 7.935 | PaCO2 >= 0.108) | Calcium >= 2.230)
",0.000,9999999.000,9999999.000,1.000,0.000,0,0,31,0,0,31,31,0,0.0,0.0,1.0,0.0,0.0,1.0
"G[0,2](FiO2 >= 0.137 -> SBP >= 59.726)
",0.000,9999999.000,9999999.000,1.000,0.000,0,0,31,0,0,31,31,0,0.0,0.0,1.0,0.0,0.0,1.0
"G[0,2](FiO2 >= 0.037 | HR >= 34.978)
",0.000,9999999.000,9999999.000,1.000,0.000,0,0,30,1,1,30,30,1,0.0,0.0,1.0,0.0,0.0,1.0
"G[1,2]((PaCO2 >= 0.470 -> SepsisLabel <= 0.947) & BUN <= 0.178)
",0.000,9999999.000,9999999.000,1.000,0.000,0,0,30,1,1,30,30,1,0.0,0.0,1.0,0.0,0.0,1.0
"G[0,2]((Glucose <= 140.949 | SepsisLabel >= 0.099) & Calcium >= 0.095)
",0.000,9999999.000,9999999.000,1.000,0.000,0,0,0,31,31,0,0,31,0.0,0.0,0.0,0.0,0.0,1.0
"G[0,2]((SBP >= 23.778 & SepsisLabel >= 0.109) -> Creatinine >= 0.138)
",0.000,9999999.000,9999999.000,1.000,0.000,0,0,26,5,5,26,26,5,0.0,0.0,1.0,0.0,0.0,1.0
"G[0,1]((Lactate >= 0.033 & Temp >= 2.997) | Hct >= 1.837)
",0.000,9999999.000,9999999.000,1.000,0.000,0,0,0,31,31,0,0,31,0.0,0.0,0.0,0.0,0.0,1.0
"G[0,2](Potassium <= 0.477 -> SepsisLabel >= 0.039)
",0.000,9999999.000,9999999.000,1.000,0.000,0,0,4,27,27,4,4,27,0.0,0.0,1.0,0.0,0.0,1.0
"G[2,2](((pH <= 5.897 & Temp >= 6.467) | Calcium >= 7.267) -> Resp >= 5.158)
",3.000,5.158,5.158,1.000,0.000,0,0,31,0,0,31,31,0,0.0,0.0,1.0,0.0,0.0,1.0
"G[1,2](Platelets <= 31.451 -> WBC >= 0.086)
",0.000,9999999.000,9999999.000,1.000,0.000,0,0,1,30,30,1,1,30,0.0,0.0,1.0,0.0,0.0,1.0
"G[0,2]((Chloride >= 1.858 -> SepsisLabel >= 0.066) | Potassium >= 0.137)
",0.000,9999999.000,9999999.000,1.000,0.000,0,0,31,0,0,31,31,0,0.0,0.0,1.0,0.0,0.0,1.0
"G[1,2](((Hgb >= 0.182 & SepsisLabel >= 0.054) & DBP >= 0.048) & Alkalinephos <= 0.890)
",0.000,9999999.000,9999999.000,1.000,0.000,0,0,0,31,31,0,0,31,0.0,0.0,0.0,0.0,0.0,1.0
"G[0,2](Phosphate >= 0.028 -> SepsisLabel >= 0.127)
",0.000,9999999.000,9999999.000,1.000,0.000,0,0,28,3,3,28,28,3,0.0,0.0,1.0,0.0,0.0,1.0
"G[1,2]((Creatinine >= 0.018 -> SepsisLabel <= 0.536) -> Bilirubin_direct >= 0.016)
",0.000,9999999.000,9999999.000,1.000,0.000,0,0,0,31,31,0,0,31,0.0,0.0,0.0,0.0,0.0,1.0
"G[1,2](Glucose >= 1.679 & Temp <= 34.260)
",0.000,9999999.000,9999999.000,1.000,0.000,0,0,1,30,30,1,1,30,0.0,0.0,1.0,0.0,0.0,1.0
"G[1,2](((Glucose >= 2.991 -> HR <= 95.359) & Bilirubin_total <= 101.560) | Hct <= 100.509)
",0.000,9999999.000,9999999.000,1.000,0.000,0,0,31,0,0,31,31,0,0.0,0.0,1.0,0.0,0.0,1.0
"G[0,1]((HR >= 22.012 -> Lactate <= 2.998) -> AST >= 0.035)
",0.000,9999999.000,9999999.000,1.000,0.000,0,0,0,31,31,0,0,31,0.0,0.0,0.0,0.0,0.0,1.0
"G[1,2](((PaCO2 <= 23.539 | SBP >= 29.718) | Hgb >= 105.825) -> Resp <= 140.863)
",0.000,9999999.000,9999999.000,1.000,0.000,0,0,31,0,0,31,31,0,0.0,0.0,1.0,0.0,0.0,1.0
"G[1,2](((DBP >= 6.219 & PaCO2 >= 0.608) & O2Sat >= 2.263) & Alkalinephos >= 1.896)
",0.000,9999999.000,9999999.000,1.000,0.000,0,0,0,31,31,0,0,31,0.0,0.0,0.0,0.0,0.0,1.0
"G[0,1](Hct >= 0.966 & HR >= 86.115)
",0.000,9999999.000,9999999.000,1.000,0.000,0,0,0,31,31,0,0,31,0.0,0.0,0.0,0.0,0.0,1.0
"G[1,1](((Calcium <= 8.376 -> HR <= 110.329) & AST <= 111.555) & Bilirubin_total >= 44.858)
",-4.000,-110.329,-110.329,1.000,0.000,0,0,0,31,31,0,0,31,0.0,0.0,0.0,0.0,0.0,1.0
"G[0,0](((HR >= 52.570 | Magnesium >= 0.060) | pH <= 1.984) -> Alkalinephos >= 0.031)
",3.000,-5649.430,-5649.430,1.000,0.000,0,0,0,31,31,0,0,31,0.0,0.0,0.0,0.0,0.0,1.0
"G[0,2](((SepsisLabel >= 0.091 & Temp <= 37.888) -> Glucose <= 14.223) | HCO3 <= 26.882)
",0.000,9999999.000,9999999.000,1.000,0.000,0,0,31,0,0,31,31,0,0.0,0.0,1.0,0.0,0.0,1.0
"G[0,2]((Hgb <= 1.369 -> PaCO2 >= 2.551) -> Lactate <= 36.806)
",0.000,9999999.000,9999999.000,1.000,0.000,0,0,31,0,0,31,31,0,0.0,0.0,1.0,0.0,0.0,1.0
"G[1,2]((PaCO2 <= 39.081 -> Phosphate >= 0.057) & TroponinI >= 0.004)
",0.000,9999999.000,9999999.000,1.000,0.000,0,0,0,31,31,0,0,31,0.0,0.0,0.0,0.0,0.0,1.0
"G[1,2](pH >= 0.054 & WBC <= 2.384)
",0.000,9999999.000,9999999.000,1.000,0.000,0,0,1,30,30,1,1,30,0.0,0.0,1.0,0.0,0.0,1.0
"G[1,2](((HR <= 100.955 | SBP >= 69.075) | Platelets <= 159.133) | Lactate >= 16.752)
",0.000,9999999.000,9999999.000,1.000,0.000,0,0,31,0,0,31,31,0,0.0,0.0,1.0,0.0,0.0,1.0
"G[1,2](Potassium <= 2.116 | PTT >= 0.999)
",0.000,9999999.000,9999999.000,1.000,0.000,0,0,31,0,0,31,31,0,0.0,0.0,1.0,0.0,0.0,1.0
"G[2,2](Calcium >= 0.241 -> Potassium <= 2.504)
",0.000,-2.504,-2.504,1.000,0.000,0,0,31,0,0,31,31,0,0.0,0.0,1.0,0.0,0.0,1.0
"G[0,1]((Phosphate >= 0.040 & Potassium <= 2.580) & Temp <= 1.778)
",0.000,9999999.000,9999999.000,1.000,0.000,0,0,0,31,31,0,0,31,0.0,0.0,0.0,0.0,0.0,1.0
"G[0,2](((Calcium >= 0.089 | Glucose >= 7.161) | Resp <= 102.902) & Chloride >= 3.816)
",0.000,9999999.000,9999999.000,1.000,0.000,0,0,0,31,31,0,0,31,0.0,0.0,0.0,0.0,0.0,1.0
"G[0,1](Glucose >= 4.340 & Hct <= 14.669)
",0.000,9999999.000,9999999.000,1.000,0.000,0,0,0,31,31,0,0,31,0.0,0.0,0.0,0.0,0.0,1.0
"G[2,2](((Glucose <= 83.034 -> PTT >= 0.659) & DBP <= 13.785) & BUN <= 4.492)
",-0.000,-83.034,-83.034,1.000,0.000,0,0,31,0,0,31,31,0,0.0,0.0,1.0,0.0,0.0,1.0
"G[0,2]((Chloride >= 4.469 -> Glucose <= 39.020) -> Magnesium <= 30.820)
",0.000,9999999.000,9999999.000,1.000,0.000,0,0,31,0,0,31,31,0,0.0,0.0,1.0,0.0,0.0,1.0
"G[0,2](((Glucose <= 94.740 & HCO3 <= 3.769) -> Hct <= 12.414) & Platelets <= 5.102)
",0.000,9999999.000,9999999.000,1.000,0.000,0,0,28,3,3,28,28,3,0.0,0.0,1.0,0.0,0.0,1.0
"G[2,2](((O2Sat <= 97.295 -> SBP >= 70.219) -> Chloride >= 105.347) & FiO2 <= 150.933)
",0.000,97.295,97.295,1.000,0.000,0,0,31,0,0,31,31,0,0.0,0.0,1.0,0.0,0.0,1.0
"G[0,0]((DBP <= 70.169 | MAP <= 104.782) & Calcium >= 74.313)
",-3.000,-74.313,-74.313,1.000,0.000,0,0,0,31,31,0,0,31,0.0,0.0,0.0,0.0,0.0,1.0
"G[0,1]((BaseExcess <= -0.012 & PaCO2 <= 11.640) | Creatinine >= 2.450)
",0.000,9999999.000,9999999.000,1.000,0.000,0,0,0,31,31,0,0,31,0.0,0.0,0.0,0.0,0.0,1.0
"G[0,1](BaseExcess <= -0.037 & pH >= 0.101)
",0.000,9999999.000,9999999.000,1.000,0.000,0,0,0,31,31,0,0,31,0.0,0.0,0.0,0.0,0.0,1.0
"G[1,2](((Chloride <= 19.051 -> pH <= 3.964) -> O2Sat <= 1.951) | Chloride >= 0.249)
",0.000,9999999.000,9999999.000,1.000,0.000,0,0,2,29,29,2,2,29,0.0,0.0,1.0,0.0,0.0,1.0
"G[0,2](((HR >= 5.077 -> MAP <= 89.623) | Lactate <= 106.032) -> MAP <= 90.030)
",0.000,9999999.000,9999999.000,1.000,0.000,0,0,11,20,20,11,11,20,0.0,0.0,1.0,0.0,0.0,1.0
"G[1,2](((Lactate >= 0.001 -> WBC <= 10.072) & SaO2 <= 1.946) & MAP <= 1.195)
",0.000,9999999.000,9999999.000,1.000,0.000,0,0,0,31,31,0,0,31,0.0,0.0,0.0,0.0,0.0,1.0
"G[2,2](PaCO2 >= 2.477 | Potassium <= 0.740)
",2.000,0.740,0.740,1.000,0.000,0,0,31,0,0,31,31,0,0.0,0.0,1.0,0.0,0.0,1.0
"G[0,2](((Glucose >= 8.625 & Lactate <= 0.099) & Magnesium <= 1.347) & Chloride >= 0.057)
",0.000,9999999.000,9999999.000,1.000,0.000,0,0,0,31,31,0,0,31,0.0,0.0,0.0,0.0,0.0,1.0
"G[0,1](((Creatinine >= 0.034 | pH <= 6.525) -> SaO2 <= 6.192) & DBP <= 1.947)
",0.000,9999999.000,9999999.000,1.000,0.000,0,0,0,31,31,0,0,31,0.0,0.0,0.0,0.0,0.0,1.0
"G[2,2](Creatinine >= 0.017 -> PaCO2 >= 0.705)
",2.000,0.017,0.017,1.000,0.000,0,0,31,0,0,31,31,0,0.0,0.0,1.0,0.0,0.0,1.0
"G[0,2](((FiO2 <= 0.222 & SepsisLabel >= 0.015) & SaO2 >= 0.079) | Calcium >= 0.037)
",0.000,9999999.000,9999999.000,1.000,0.000,0,0,0,31,31,0,0,31,0.0,0.0,0.0,0.0,0.0,1.0
"G[0,2](((pH <= 6.049 -> Phosphate >= 0.076) & Alkalinephos <= 1.338) -> HR >= 0.021)
",0.000,9999999.000,9999999.000,1.000,0.000,0,0,31,0,0,31,31,0,0.0,0.0,1.0,0.0,0.0,1.0
"G[0,2](((Hct <= 21.237 -> pH <= 2.966) & Resp >= 0.444) & DBP <= 1.198)
",0.000,9999999.000,9999999.000,1.000,0.000,0,0,0,31,31,0,0,31,0.0,0.0,0.0,0.0,0.0,1.0
"G[0,1](Hgb <= 5.055 & pH >= 0.200)
",0.000,9999999.000,9999999.000,1.000,0.000,0,0,0,31,31,0,0,31,0.0,0.0,0.0,0.0,0.0,1.0
"G[1,2](((Calcium >= 0.374 & pH >= 0.000) & BUN >= 0.400) -> PTT >= 0.319)
",0.000,9999999.000,9999999.000,1.000,0.000,0,0,31,0,0,31,31,0,0.0,0.0,1.0,0.0,0.0,1.0
"G[0,2](((pH <= 2.265 & Bilirubin_direct <= 0.000) & SepsisLabel <= 0.000) & Temp <= 0.000)
",0.000,9999999.000,9999999.000,1.000,0.000,0,0,11,20,20,11,11,20,0.0,0.0,1.0,0.0,0.0,1.0
