Rule,Discrimination Score,Pos Robustness,Neg Robustness,Percent Class +,Percent Class -,TP,TN,FP,FN,Actual Yes,Actual No,Predicted Yes,Predicted No,TPR/Sens,TNR/Spec,FPR,Precision,Accuracy,MCR
"G[0,0](((pH <= 4.851 -> Hct <= 31.774) -> Bilirubin_total <= 27.657) -> Platelets <= 26.468)
",-7450167139428703.000,-26.468,0.000,1.000,0.000,23,0,0,0,23,0,23,0,1.0,0.0,0.0,1.0,1.0,0.0
"G[0,0](((Bilirubin_total <= 0.000 | SepsisLabel >= 0.000) & Bilirubin_total >= 0.000) & DBP >= 0.000)
",0.000,0.000,0.000,1.000,0.000,23,0,0,0,23,0,23,0,1.0,0.0,0.0,1.0,1.0,0.0
"G[0,1]((Hgb >= 0.584 & Potassium <= 1.914) -> WBC >= 0.425)
",9999999.000,9999999.000,0.000,1.000,0.000,23,0,0,0,23,0,23,0,1.0,0.0,0.0,1.0,1.0,0.0
"G[0,0](Glucose <= 141.055 | MAP <= 80.594)
",4962937331092623.000,141.055,0.000,1.000,0.000,23,0,0,0,23,0,23,0,1.0,0.0,0.0,1.0,1.0,0.0
"G[0,0]((Resp >= 18.718 -> Fibrinogen >= 0.000) -> Bilirubin_total >= 0.000)
",-0.387,-0.548,0.000,1.000,0.000,23,0,0,0,23,0,23,0,1.0,0.0,0.0,1.0,1.0,0.0
"G[0,1](((HR <= 85.699 & SepsisLabel >= 0.000) | Resp <= 0.000) -> Fibrinogen >= 0.000)
",9999999.000,9999999.000,0.000,1.000,0.000,23,0,0,0,23,0,23,0,1.0,0.0,0.0,1.0,1.0,0.0
"G[0,0](((EtCO2 >= 0.000 | MAP >= 69.525) & Magnesium >= 62.527) | Fibrinogen <= 111.128)
",30.240,110.007,0.000,1.000,0.000,23,0,0,0,23,0,23,0,1.0,0.0,0.0,1.0,1.0,0.0
"G[0,0](((Phosphate <= 0.709 & EtCO2 >= 0.000) | SaO2 <= 0.000) | Platelets <= 0.000)
",3.240,0.647,0.000,1.000,0.000,23,0,0,0,23,0,23,0,1.0,0.0,0.0,1.0,1.0,0.0
"G[1,1]((Bilirubin_total <= 0.000 | Potassium <= 3.705) | AST >= 0.412)
",4171883053287737.000,3.705,0.000,1.000,0.000,23,0,0,0,23,0,23,0,1.0,0.0,0.0,1.0,1.0,0.0
"G[0,1]((HCO3 <= 21.234 | PTT >= 0.217) -> Phosphate <= 29.772)
",9999999.000,9999999.000,0.000,1.000,0.000,23,0,0,0,23,0,23,0,1.0,0.0,0.0,1.0,1.0,0.0
"G[1,1]((DBP >= 46.023 & Hgb >= 0.484) -> TroponinI <= 8.788)
",-8.788,-8.788,0.000,1.000,0.000,23,0,0,0,23,0,23,0,1.0,0.0,0.0,1.0,1.0,0.0
"G[0,1](TroponinI <= 0.000 -> SepsisLabel = 0.000)
",9999999.000,9999999.000,0.000,1.000,0.000,23,0,0,0,23,0,23,0,1.0,0.0,0.0,1.0,1.0,0.0
"G[1,1](((Chloride <= 100.348 -> Magnesium <= 2.172) | TroponinI <= 1.310) | Hgb <= 0.995)
",2950545569359330.000,1.310,0.000,1.000,0.000,23,0,0,0,23,0,23,0,1.0,0.0,0.0,1.0,1.0,0.0
"G[0,1](PaCO2 < 17.407 -> SepsisLabel = 0.000)
",9999999.000,9999999.000,0.000,1.000,0.000,23,0,0,0,23,0,23,0,1.0,0.0,0.0,1.0,1.0,0.0
"G[1,1]((pH >= 1.038 | Temp >= 3.786) -> Lactate <= 17.453)
",-4912682988248095.000,-17.453,0.000,1.000,0.000,23,0,0,0,23,0,23,0,1.0,0.0,0.0,1.0,1.0,0.0
"G[0,1](Alkalinephos > 0.000 -> SepsisLabel = 0.000)
",9999999.000,9999999.000,0.000,1.000,0.000,23,0,0,0,23,0,23,0,1.0,0.0,0.0,1.0,1.0,0.0
"G[0,0](FiO2 <= 0.144 -> MAP <= 104.709)
",-0.331,-1.773,0.000,1.000,0.000,23,0,0,0,23,0,23,0,1.0,0.0,0.0,1.0,1.0,0.0
"G[0,1](DBP > 50.380 -> SepsisLabel = 0.000)
",9999999.000,9999999.000,0.000,1.000,0.000,23,0,0,0,23,0,23,0,1.0,0.0,0.0,1.0,1.0,0.0
"G[0,1](((BUN <= 17.436 | Temp >= 0.653) | O2Sat <= 35.132) | Platelets <= 34.012)
",9999999.000,9999999.000,0.000,1.000,0.000,23,0,0,0,23,0,23,0,1.0,0.0,0.0,1.0,1.0,0.0
"G[1,1]((FiO2 >= 0.138 -> O2Sat >= 89.549) | Magnesium <= 97.956)
",6893018584983780.000,97.956,0.000,1.000,0.000,23,0,0,0,23,0,23,0,1.0,0.0,0.0,1.0,1.0,0.0
"G[1,1]((O2Sat >= 90.420 | SBP <= 144.566) & DBP <= 134.480)
",4731609322656193.000,134.480,0.000,1.000,0.000,23,0,0,0,23,0,23,0,1.0,0.0,0.0,1.0,1.0,0.0
"G[0,0](Hgb <= 8.952 | Platelets <= 51.490)
",3623301792821545.500,51.490,0.000,1.000,0.000,23,0,0,0,23,0,23,0,1.0,0.0,0.0,1.0,1.0,0.0
"G[0,1]((WBC >= 1.000 -> Bilirubin_total <= 0.000) | Temp >= 0.000)
",9999999.000,9999999.000,0.000,1.000,0.000,23,0,0,0,23,0,23,0,1.0,0.0,0.0,1.0,1.0,0.0
"G[0,0](((O2Sat >= 88.452 & PTT <= 15.742) -> SepsisLabel <= 8.076) & HR >= 0.626)
",-4546650490856033.000,-8.076,0.000,1.000,0.000,23,0,0,0,23,0,23,0,1.0,0.0,0.0,1.0,1.0,0.0
"G[0,0](SBP >= 91.570 | Lactate >= 0.093)
",-6699889142891844.000,-0.093,0.000,1.000,0.000,23,0,0,0,23,0,23,0,1.0,0.0,0.0,1.0,1.0,0.0
"G[1,1]((BUN >= 1.422 -> MAP >= 72.212) -> Creatinine <= 96.314)
",-96.314,-96.314,0.000,1.000,0.000,23,0,0,0,23,0,23,0,1.0,0.0,0.0,1.0,1.0,0.0
"G[1,1]((Chloride <= 19.099 & MAP <= 90.965) | Lactate <= 91.058)
",6407645511582180.000,91.058,0.000,1.000,0.000,23,0,0,0,23,0,23,0,1.0,0.0,0.0,1.0,1.0,0.0
"G[0,0](pH <= 3.799 | Bilirubin_total >= 0.000)
",12.452,3.743,0.000,1.000,0.000,23,0,0,0,23,0,23,0,1.0,0.0,0.0,1.0,1.0,0.0
"G[1,1]((FiO2 >= 0.090 -> Lactate <= 1.886) | Magnesium <= 1.344)
",3026405601152502.500,1.344,0.000,1.000,0.000,23,0,0,0,23,0,23,0,1.0,0.0,0.0,1.0,1.0,0.0
"G[0,0](((Alkalinephos >= 0.000 -> MAP <= 103.544) | HR >= 74.064) -> Hct <= 80.385)
",-6229762196989439.000,-5665.936,0.000,1.000,0.000,23,0,0,0,23,0,23,0,1.0,0.0,0.0,1.0,1.0,0.0
"G[0,0](((SepsisLabel >= 0.000 | HR <= 93.020) & Magnesium <= 85.634) & Alkalinephos <= 91.491)
",0.000,0.000,0.000,1.000,0.000,23,0,0,0,23,0,23,0,1.0,0.0,0.0,1.0,1.0,0.0
"G[1,1](((Creatinine >= 0.001 -> Magnesium <= 2.185) | Phosphate <= 1.019) | WBC >= 0.030)
",1.019,1.019,0.000,1.000,0.000,23,0,0,0,23,0,23,0,1.0,0.0,0.0,1.0,1.0,0.0
"G[1,1](((BaseExcess <= -0.025 | Creatinine <= 0.631) | HCO3 <= 0.224) | EtCO2 <= 0.327)
",2843322254105950.000,0.631,0.000,1.000,0.000,23,0,0,0,23,0,23,0,1.0,0.0,0.0,1.0,1.0,0.0
"G[1,1](Temp >= 7.010 -> Calcium <= 0.000)
",0.000,0.000,0.000,1.000,0.000,23,0,0,0,23,0,23,0,1.0,0.0,0.0,1.0,1.0,0.0
"G[0,1](((BUN <= 10.343 | WBC <= 17.013) & EtCO2 >= 0.707) | HR >= 0.500)
",9999999.000,9999999.000,0.000,1.000,0.000,23,0,0,0,23,0,23,0,1.0,0.0,0.0,1.0,1.0,0.0
"G[1,1](Creatinine >= 0.009 | Phosphate <= 1.391)
",1.391,1.391,0.000,1.000,0.000,23,0,0,0,23,0,23,0,1.0,0.0,0.0,1.0,1.0,0.0
"G[0,1]((HR <= 94.380 | Potassium >= 0.255) | Hgb <= 4.348)
",9999999.000,9999999.000,0.000,1.000,0.000,23,0,0,0,23,0,23,0,1.0,0.0,0.0,1.0,1.0,0.0
"G[0,0](BaseExcess <= -0.042 -> SBP >= 100.019)
",0.042,0.042,0.000,1.000,0.000,23,0,0,0,23,0,23,0,1.0,0.0,0.0,1.0,1.0,0.0
"G[0,1]((FiO2 <= 0.691 -> Bilirubin_direct <= 0.000) | Temp >= 0.000)
",9999999.000,9999999.000,0.000,1.000,0.000,23,0,0,0,23,0,23,0,1.0,0.0,0.0,1.0,1.0,0.0
"G[1,1](((Chloride <= 110.899 | Resp <= 21.234) & AST <= 21.712) & Creatinine <= 29.594)
",3055753895510214.500,21.712,0.000,1.000,0.000,22,0,0,1,23,0,22,1,0.9565217391304348,0.0,0.0,1.0,0.9565217391304348,0.04347826086956519
"G[0,1]((PaCO2 <= 31.410 & TroponinI >= 0.000) | BUN <= 0.000)
",9999999.000,9999999.000,0.000,1.000,0.000,22,0,0,1,23,0,22,1,0.9565217391304348,0.0,0.0,1.0,0.9565217391304348,0.04347826086956519
"G[0,1](Hgb <= 9.589 | PaCO2 <= 18.961)
",9999999.000,9999999.000,0.000,1.000,0.000,22,0,0,1,23,0,22,1,0.9565217391304348,0.0,0.0,1.0,0.9565217391304348,0.04347826086956519
"G[1,1](((HR <= 92.229 & PTT >= 0.610) | Hgb <= 3.871) & Hgb <= 16.969)
",4358710216279486.500,3.871,0.000,1.000,0.000,22,0,0,1,23,0,22,1,0.9565217391304348,0.0,0.0,1.0,0.9565217391304348,0.04347826086956519
"G[0,0](((HCO3 >= 2.465 | TroponinI <= 0.000) -> Glucose <= 0.000) | BaseExcess >= 0.000)
",0.000,0.000,0.000,1.000,0.000,21,0,0,2,23,0,21,2,0.9130434782608695,0.0,0.0,1.0,0.9130434782608695,0.08695652173913049
"G[0,1]((Creatinine >= 0.023 -> PTT >= 0.487) & Creatinine <= 22.746)
",9999999.000,9999999.000,0.000,1.000,0.000,21,0,0,2,23,0,21,2,0.9130434782608695,0.0,0.0,1.0,0.9130434782608695,0.08695652173913049
"G[1,1](((HR >= 68.431 | Creatinine >= 0.004) & Temp <= 1.091) | Alkalinephos >= 0.033)
",-2239771811952621.250,-0.004,0.000,1.000,0.000,20,0,0,3,23,0,20,3,0.8695652173913043,0.0,0.0,1.0,0.8695652173913043,0.13043478260869568
"G[1,1]((PTT >= 0.039 | PaCO2 <= 4.797) & Hct <= 37.655)
",2700622864079218.000,4.797,0.000,1.000,0.000,20,0,0,3,23,0,20,3,0.8695652173913043,0.0,0.0,1.0,0.8695652173913043,0.13043478260869568
"G[0,0](O2Sat <= 94.721 -> Temp <= 9.871)
",-1.742,-10.264,0.000,1.000,0.000,19,0,0,4,23,0,19,4,0.8260869565217391,0.0,0.0,1.0,0.8260869565217391,0.17391304347826086
"G[0,1](HR <= 91.182 & Platelets <= 122.827)
",9999999.000,9999999.000,0.000,1.000,0.000,19,0,0,4,23,0,19,4,0.8260869565217391,0.0,0.0,1.0,0.8260869565217391,0.17391304347826086
"G[0,1]((Potassium >= 0.079 | SaO2 <= 53.061) & DBP >= 11.187)
",9999999.000,9999999.000,0.000,1.000,0.000,19,0,0,4,23,0,19,4,0.8260869565217391,0.0,0.0,1.0,0.8260869565217391,0.17391304347826086
"G[0,1](Bilirubin_direct >= 0.000 & O2Sat <= 98.306)
",9999999.000,9999999.000,0.000,1.000,0.000,19,0,0,4,23,0,19,4,0.8260869565217391,0.0,0.0,1.0,0.8260869565217391,0.17391304347826086
"G[0,0](((Lactate <= 1.535 -> Magnesium <= 1.868) & HR >= 0.025) & Glucose <= 1.923)
",-19.603,-1.839,0.000,1.000,0.000,18,0,0,5,23,0,18,5,0.782608695652174,0.0,0.0,1.0,0.782608695652174,0.21739130434782605
"G[0,1]((BaseExcess >= -3.640 & Platelets <= 42.042) & Phosphate <= 90.178)
",9999999.000,9999999.000,0.000,1.000,0.000,18,0,0,5,23,0,18,5,0.782608695652174,0.0,0.0,1.0,0.782608695652174,0.21739130434782605
"G[0,1]((Hgb <= 8.787 | O2Sat >= 92.244) -> Chloride <= 98.956)
",9999999.000,9999999.000,0.000,1.000,0.000,18,0,0,5,23,0,18,5,0.782608695652174,0.0,0.0,1.0,0.782608695652174,0.21739130434782605
"G[1,1](((Alkalinephos >= 0.000 -> Bilirubin_direct >= 0.000) -> Hct <= 0.000) & Fibrinogen <= 0.000)
",0.000,0.000,0.000,1.000,0.000,18,0,0,5,23,0,18,5,0.782608695652174,0.0,0.0,1.0,0.782608695652174,0.21739130434782605
"G[0,0](Lactate >= 0.195 | Temp <= 34.737)
",-7037866351951829.000,-0.195,0.000,1.000,0.000,18,0,0,5,23,0,18,5,0.782608695652174,0.0,0.0,1.0,0.782608695652174,0.21739130434782605
"G[0,1](FiO2 <= 0.430 -> pH <= 2.315)
",9999999.000,9999999.000,0.000,1.000,0.000,18,0,0,5,23,0,18,5,0.782608695652174,0.0,0.0,1.0,0.782608695652174,0.21739130434782605
"G[1,1]((Hct >= 1.428 | HR >= 82.954) | Hct >= 80.392)
",-1.428,-1.428,0.000,1.000,0.000,18,0,0,5,23,0,18,5,0.782608695652174,0.0,0.0,1.0,0.782608695652174,0.21739130434782605
"G[1,1](((Hct >= 2.181 -> HCO3 >= 0.581) -> pH >= 1.601) -> HR <= 13.927)
",-7840452560941471.000,-13.927,0.000,1.000,0.000,17,0,0,6,23,0,17,6,0.7391304347826086,0.0,0.0,1.0,0.7391304347826086,0.26086956521739135
"G[0,1]((Chloride >= 2.037 | PTT >= 0.051) -> EtCO2 >= 0.418)
",9999999.000,9999999.000,0.000,1.000,0.000,17,0,0,6,23,0,17,6,0.7391304347826086,0.0,0.0,1.0,0.7391304347826086,0.26086956521739135
"G[0,0](HCO3 >= 0.359 | O2Sat <= 94.713)
",1.741,10.256,0.000,1.000,0.000,17,0,0,6,23,0,17,6,0.7391304347826086,0.0,0.0,1.0,0.7391304347826086,0.26086956521739135
"G[0,1](Hgb >= 1.060 | Glucose <= 72.397)
",9999999.000,9999999.000,0.000,1.000,0.000,16,0,0,7,23,0,16,7,0.6956521739130435,0.0,0.0,1.0,0.6956521739130435,0.30434782608695654
"G[0,1](Lactate <= 1.401 & pH <= 5.705)
",9999999.000,9999999.000,0.000,1.000,0.000,15,0,0,8,23,0,15,8,0.6521739130434783,0.0,0.0,1.0,0.6521739130434783,0.34782608695652173
"G[0,1](PaCO2 <= 15.773 & SBP >= 97.886)
",9999999.000,9999999.000,0.000,1.000,0.000,14,0,0,9,23,0,14,9,0.6086956521739131,0.0,0.0,1.0,0.6086956521739131,0.3913043478260869
"G[1,1](HR >= 79.403 & O2Sat >= 92.290)
",-6494341319825759.000,-92.290,0.000,1.000,0.000,14,0,0,9,23,0,14,9,0.6086956521739131,0.0,0.0,1.0,0.6086956521739131,0.3913043478260869
"G[0,1]((HR <= 90.159 -> Glucose >= 9.564) -> PaCO2 >= 13.767)
",9999999.000,9999999.000,0.000,1.000,0.000,14,0,0,9,23,0,14,9,0.6086956521739131,0.0,0.0,1.0,0.6086956521739131,0.3913043478260869
"G[0,1](DBP <= 68.993 & Temp <= 36.727)
",9999999.000,9999999.000,0.000,1.000,0.000,13,0,0,10,23,0,13,10,0.5652173913043478,0.0,0.0,1.0,0.5652173913043478,0.4347826086956522
"G[0,0](((O2Sat >= 93.267 & Fibrinogen >= 0.000) & Lactate >= 0.000) & SaO2 <= 0.000)
",-1.541,-8.886,0.000,1.000,0.000,10,0,0,13,23,0,10,13,0.43478260869565216,0.0,0.0,1.0,0.43478260869565216,0.5652173913043479
"G[1,1](((Platelets <= 59.183 & WBC >= 0.003) | FiO2 >= 0.597) | Hct >= 0.673)
",-4004529103101349.000,-0.003,0.000,1.000,0.000,7,0,0,16,23,0,7,16,0.30434782608695654,0.0,0.0,1.0,0.30434782608695654,0.6956521739130435
"G[1,1]((Chloride <= 30.853 & HR <= 90.704) -> Bilirubin_total >= 75.979)
",-2171056289072034.750,-30.853,0.000,1.000,0.000,7,0,0,16,23,0,7,16,0.30434782608695654,0.0,0.0,1.0,0.30434782608695654,0.6956521739130435
"G[0,1](FiO2 <= 0.200 -> Hct >= 2.951)
",9999999.000,9999999.000,0.000,1.000,0.000,5,0,0,18,23,0,5,18,0.21739130434782608,0.0,0.0,1.0,0.21739130434782608,0.782608695652174
"G[1,1]((Hgb >= 0.760 | Lactate <= 0.706) -> Platelets >= 0.178)
",-0.706,-0.706,0.000,1.000,0.000,5,0,0,18,23,0,5,18,0.21739130434782608,0.0,0.0,1.0,0.21739130434782608,0.782608695652174
"G[1,1](Glucose >= 8.746 & HR >= 77.377)
",-2722472933677610.000,-77.377,0.000,1.000,0.000,5,0,0,18,23,0,5,18,0.21739130434782608,0.0,0.0,1.0,0.21739130434782608,0.782608695652174
"G[0,0](BaseExcess <= -0.092 & BUN <= 17.496)
",-6626271124305953.000,-0.092,0.000,1.000,0.000,5,0,0,18,23,0,5,18,0.21739130434782608,0.0,0.0,1.0,0.21739130434782608,0.782608695652174
"G[1,1](Lactate >= 0.099 | PTT >= 0.548)
",-0.099,-0.099,0.000,1.000,0.000,4,0,0,19,23,0,4,19,0.17391304347826086,0.0,0.0,1.0,0.17391304347826086,0.8260869565217391
"G[0,0](BUN <= 16.669 & Lactate >= 0.174)
",-6264606929735215.000,-0.174,0.000,1.000,0.000,4,0,0,19,23,0,4,19,0.17391304347826086,0.0,0.0,1.0,0.17391304347826086,0.8260869565217391
"G[1,1](Creatinine <= 0.935 & FiO2 >= 0.075)
",-5420043297716689.000,-0.075,0.000,1.000,0.000,4,0,0,19,23,0,4,19,0.17391304347826086,0.0,0.0,1.0,0.17391304347826086,0.8260869565217391
"G[0,1](BaseExcess <= -0.451 & FiO2 <= 0.950)
",9999999.000,9999999.000,0.000,1.000,0.000,3,0,0,20,23,0,3,20,0.13043478260869565,0.0,0.0,1.0,0.13043478260869565,0.8695652173913043
"G[1,1](Fibrinogen >= 0.000 -> HCO3 >= 0.546)
",0.000,0.000,0.000,1.000,0.000,3,0,0,20,23,0,3,20,0.13043478260869565,0.0,0.0,1.0,0.13043478260869565,0.8695652173913043
"G[0,0]((Glucose <= 81.306 | Magnesium <= 1.248) & Chloride >= 0.141)
",-0.141,-0.141,0.000,1.000,0.000,3,0,0,20,23,0,3,20,0.13043478260869565,0.0,0.0,1.0,0.13043478260869565,0.8695652173913043
"G[1,1](DBP <= 84.433 -> Magnesium >= 0.138)
",-84.433,-84.433,0.000,1.000,0.000,3,0,0,20,23,0,3,20,0.13043478260869565,0.0,0.0,1.0,0.13043478260869565,0.8695652173913043
"G[0,0](Platelets <= 87.544 -> WBC >= 0.235)
",-87.544,-87.544,0.000,1.000,0.000,3,0,0,20,23,0,3,20,0.13043478260869565,0.0,0.0,1.0,0.13043478260869565,0.8695652173913043
"G[1,1]((Alkalinephos <= 0.000 | BUN >= 1.694) & BUN >= 1.907)
",-4294467241910318.500,-1.907,0.000,1.000,0.000,3,0,0,20,23,0,3,20,0.13043478260869565,0.0,0.0,1.0,0.13043478260869565,0.8695652173913043
"G[1,1](Chloride >= 2.414 & HCO3 >= 2.251)
",-2717745101840714.000,-2.414,0.000,1.000,0.000,3,0,0,20,23,0,3,20,0.13043478260869565,0.0,0.0,1.0,0.13043478260869565,0.8695652173913043
"G[1,1]((Temp >= 5.762 -> Magnesium <= 1.651) -> Potassium >= 0.065)
",4694100455585809.000,0.065,0.000,1.000,0.000,3,0,0,20,23,0,3,20,0.13043478260869565,0.0,0.0,1.0,0.13043478260869565,0.8695652173913043
"G[0,1](((MAP >= 71.092 -> PaCO2 <= 37.618) & Magnesium >= 2.817) | Hct >= 1.599)
",9999999.000,9999999.000,0.000,1.000,0.000,2,0,0,21,23,0,2,21,0.08695652173913043,0.0,0.0,1.0,0.08695652173913043,0.9130434782608696
"G[1,1](((Hgb <= 2.472 | Hct <= 24.900) -> WBC >= 0.841) & Platelets >= 0.620)
",-7008792349314445.000,-24.900,0.000,1.000,0.000,2,0,0,21,23,0,2,21,0.08695652173913043,0.0,0.0,1.0,0.08695652173913043,0.9130434782608696
"G[0,1](Chloride >= 12.344 & HCO3 >= 0.698)
",9999999.000,9999999.000,0.000,1.000,0.000,1,0,0,22,23,0,1,22,0.043478260869565216,0.0,0.0,1.0,0.043478260869565216,0.9565217391304348
"G[0,1](Chloride >= 0.092 & HCO3 >= 2.189)
",9999999.000,9999999.000,0.000,1.000,0.000,1,0,0,22,23,0,1,22,0.043478260869565216,0.0,0.0,1.0,0.043478260869565216,0.9565217391304348
"G[1,1](BUN <= 16.276 & Creatinine >= 0.077)
",-2764889862323969.500,-0.077,0.000,1.000,0.000,1,0,0,22,23,0,1,22,0.043478260869565216,0.0,0.0,1.0,0.043478260869565216,0.9565217391304348
"G[0,1]((Phosphate >= 0.032 | SBP >= 98.120) -> SaO2 >= 97.254)
",9999999.000,9999999.000,0.000,1.000,0.000,1,0,0,22,23,0,1,22,0.043478260869565216,0.0,0.0,1.0,0.043478260869565216,0.9565217391304348
"G[0,1]((Potassium >= 0.589 | SBP >= 104.063) & Chloride >= 99.285)
",9999999.000,9999999.000,0.000,1.000,0.000,1,0,0,22,23,0,1,22,0.043478260869565216,0.0,0.0,1.0,0.043478260869565216,0.9565217391304348
"G[0,1]((PaCO2 <= 7.953 | Lactate >= 0.101) & Glucose >= 0.141)
",9999999.000,9999999.000,0.000,1.000,0.000,1,0,0,22,23,0,1,22,0.043478260869565216,0.0,0.0,1.0,0.043478260869565216,0.9565217391304348
"G[0,0]((HR <= 90.354 -> Phosphate >= 0.041) & WBC <= 1.476)
",-0.240,-0.142,0.000,1.000,0.000,1,0,0,22,23,0,1,22,0.043478260869565216,0.0,0.0,1.0,0.043478260869565216,0.9565217391304348
"G[0,1]((TroponinI <= 0.000 & Chloride <= 72.009) -> HCO3 >= 12.396)
",9999999.000,9999999.000,0.000,1.000,0.000,1,0,0,22,23,0,1,22,0.043478260869565216,0.0,0.0,1.0,0.043478260869565216,0.9565217391304348
"G[0,1](O2Sat <= 98.015 & Potassium >= 0.349)
",9999999.000,9999999.000,0.000,1.000,0.000,1,0,0,22,23,0,1,22,0.043478260869565216,0.0,0.0,1.0,0.043478260869565216,0.9565217391304348
"G[0,1](FiO2 <= 0.525 & pH >= 0.914)
",9999999.000,9999999.000,0.000,1.000,0.000,1,0,0,22,23,0,1,22,0.043478260869565216,0.0,0.0,1.0,0.043478260869565216,0.9565217391304348
"G[2,2](BUN <= 14.115 -> O2Sat <= 95.674)
",-95.674,-95.674,0.000,1.000,0.000,0,0,23,0,0,23,23,0,0.0,0.0,1.0,0.0,0.0,1.0
"G[2,2]((HCO3 >= 0.610 & PaCO2 <= 12.477) | Chloride >= 0.227)
",-8160999945373153.000,-0.227,0.000,1.000,0.000,0,0,23,0,0,23,23,0,0.0,0.0,1.0,0.0,0.0,1.0
"G[0,2]((Lactate >= 0.035 | Phosphate <= 0.227) | EtCO2 <= 1.329)
",9999999.000,9999999.000,0.000,1.000,0.000,0,0,23,0,0,23,23,0,0.0,0.0,1.0,0.0,0.0,1.0
"G[1,2](((O2Sat >= 89.493 | Bilirubin_direct <= 0.000) & Platelets <= 0.000) -> Bilirubin_total >= 0.000)
",9999999.000,9999999.000,0.000,1.000,0.000,0,0,23,0,0,23,23,0,0.0,0.0,1.0,0.0,0.0,1.0
"G[0,2]((TroponinI >= 0.000 & Phosphate <= 1.633) & TroponinI <= 0.986)
",9999999.000,9999999.000,0.000,1.000,0.000,0,0,22,1,1,22,22,1,0.0,0.0,1.0,0.0,0.0,1.0
"G[0,2](SBP <= 133.090 & WBC <= 4.765)
",9999999.000,9999999.000,0.000,1.000,0.000,0,0,16,7,7,16,16,7,0.0,0.0,1.0,0.0,0.0,1.0
"G[1,2](((Creatinine >= 0.035 | pH >= 1.749) | FiO2 <= 5.536) -> SBP <= 2.877)
",9999999.000,9999999.000,0.000,1.000,0.000,0,0,0,23,23,0,0,23,0.0,0.0,0.0,0.0,0.0,1.0
"G[0,2](BaseExcess <= -0.329 & HCO3 >= 0.352)
",9999999.000,9999999.000,0.000,1.000,0.000,0,0,0,23,23,0,0,23,0.0,0.0,0.0,0.0,0.0,1.0
"G[1,2](((Magnesium >= 0.119 | SepsisLabel <= 0.000) -> Glucose >= 0.000) | Calcium <= 0.000)
",9999999.000,9999999.000,0.000,1.000,0.000,0,0,23,0,0,23,23,0,0.0,0.0,1.0,0.0,0.0,1.0
"G[1,2]((EtCO2 <= 0.000 -> Bilirubin_direct <= 0.000) -> PaCO2 <= 0.000)
",9999999.000,9999999.000,0.000,1.000,0.000,0,0,20,3,3,20,20,3,0.0,0.0,1.0,0.0,0.0,1.0
"G[2,2](((TroponinI <= 0.000 | Bilirubin_total <= 0.000) -> Hgb >= 0.000) | EtCO2 >= 0.000)
",0.000,0.000,0.000,1.000,0.000,0,0,23,0,0,23,23,0,0.0,0.0,1.0,0.0,0.0,1.0
"G[1,2](Hgb >= 1.037 -> MAP <= 105.208)
",9999999.000,9999999.000,0.000,1.000,0.000,0,0,23,0,0,23,23,0,0.0,0.0,1.0,0.0,0.0,1.0
"G[0,2](Calcium >= 0.000 -> Magnesium <= 1.701)
",9999999.000,9999999.000,0.000,1.000,0.000,0,0,20,3,3,20,20,3,0.0,0.0,1.0,0.0,0.0,1.0
"G[2,2](((Hct >= 4.786 -> WBC >= 0.703) -> TroponinI >= 1.003) & Creatinine >= 1.225)
",-5516242728761023.000,-1.225,0.000,1.000,0.000,0,0,23,0,0,23,23,0,0.0,0.0,1.0,0.0,0.0,1.0
"G[0,2](((SaO2 <= 46.000 & Temp >= 5.147) & BUN >= 3.002) & Potassium <= 35.452)
",9999999.000,9999999.000,0.000,1.000,0.000,0,0,0,23,23,0,0,23,0.0,0.0,0.0,0.0,0.0,1.0
"G[1,2](pH <= 6.456 | EtCO2 >= 0.000)
",9999999.000,9999999.000,0.000,1.000,0.000,0,0,23,0,0,23,23,0,0.0,0.0,1.0,0.0,0.0,1.0
"G[2,2]((Lactate <= 1.559 -> Phosphate <= 2.119) | DBP >= 0.012)
",-7187230785803475.000,-0.012,0.000,1.000,0.000,0,0,23,0,0,23,23,0,0.0,0.0,1.0,0.0,0.0,1.0
"G[1,2](((PTT <= 14.884 & SaO2 <= 32.819) | Alkalinephos <= 24.482) -> Platelets <= 14.829)
",9999999.000,9999999.000,0.000,1.000,0.000,0,0,21,2,2,21,21,2,0.0,0.0,1.0,0.0,0.0,1.0
"G[2,2]((BaseExcess >= -2.416 | MAP >= 69.466) & PaCO2 >= 64.906)
",-2283667341644394.500,-64.906,0.000,1.000,0.000,0,0,23,0,0,23,23,0,0.0,0.0,1.0,0.0,0.0,1.0
"G[2,2](((MAP >= 62.521 -> SepsisLabel >= 0.000) -> Creatinine >= 0.000) & TroponinI <= 0.000)
",0.000,0.000,0.000,1.000,0.000,0,0,23,0,0,23,23,0,0.0,0.0,1.0,0.0,0.0,1.0
"G[0,2](((Lactate >= 0.074 -> MAP >= 65.017) | PTT <= 75.701) -> BUN <= 79.664)
",9999999.000,9999999.000,0.000,1.000,0.000,0,0,23,0,0,23,23,0,0.0,0.0,1.0,0.0,0.0,1.0
"G[0,1](BaseExcess <= -0.434 & PTT >= 0.502)
",9999999.000,9999999.000,0.000,1.000,0.000,0,0,0,23,23,0,0,23,0.0,0.0,0.0,0.0,0.0,1.0
"G[1,2](((Creatinine >= 0.027 | Resp >= 13.996) -> Potassium >= 19.572) -> Lactate >= 15.819)
",9999999.000,9999999.000,0.000,1.000,0.000,0,0,20,3,3,20,20,3,0.0,0.0,1.0,0.0,0.0,1.0
"G[0,2](((PaCO2 >= 0.256 | Potassium <= 3.107) | DBP <= 3.904) & EtCO2 >= 0.464)
",9999999.000,9999999.000,0.000,1.000,0.000,0,0,0,23,23,0,0,23,0.0,0.0,0.0,0.0,0.0,1.0
"G[0,1]((SaO2 >= 13.339 & Temp >= 3.471) & Bilirubin_direct >= 3.380)
",9999999.000,9999999.000,0.000,1.000,0.000,0,0,0,23,23,0,0,23,0.0,0.0,0.0,0.0,0.0,1.0
"G[1,2](((O2Sat <= 94.112 -> Platelets <= 45.826) -> Hgb <= 6.135) -> MAP <= 35.315)
",9999999.000,9999999.000,0.000,1.000,0.000,0,0,1,22,22,1,1,22,0.0,0.0,1.0,0.0,0.0,1.0
"G[0,2](((pH <= 3.213 -> Bilirubin_total <= 0.000) | BUN >= 0.000) -> Calcium >= 0.000)
",9999999.000,9999999.000,0.000,1.000,0.000,0,0,23,0,0,23,23,0,0.0,0.0,1.0,0.0,0.0,1.0
"G[1,2](((Alkalinephos <= 0.000 -> PTT <= 17.233) -> PaCO2 >= 0.053) -> Platelets <= 17.085)
",9999999.000,9999999.000,0.000,1.000,0.000,0,0,22,1,1,22,22,1,0.0,0.0,1.0,0.0,0.0,1.0
"G[0,2]((DBP >= 53.003 -> PaCO2 >= 2.710) & Potassium <= 41.096)
",9999999.000,9999999.000,0.000,1.000,0.000,0,0,4,19,19,4,4,19,0.0,0.0,1.0,0.0,0.0,1.0
"G[0,2](((EtCO2 >= 0.000 | Temp >= 2.919) -> Bilirubin_total <= 11.342) -> Hct <= 9.552)
",9999999.000,9999999.000,0.000,1.000,0.000,0,0,14,9,9,14,14,9,0.0,0.0,1.0,0.0,0.0,1.0
"G[0,1](((MAP >= 65.476 | Temp >= 8.608) -> BUN >= 0.188) & Creatinine >= 4.827)
",9999999.000,9999999.000,0.000,1.000,0.000,0,0,0,23,23,0,0,23,0.0,0.0,0.0,0.0,0.0,1.0
"G[0,2](BUN >= 0.917 -> HR >= 72.121)
",9999999.000,9999999.000,0.000,1.000,0.000,0,0,23,0,0,23,23,0,0.0,0.0,1.0,0.0,0.0,1.0
"G[0,1]((Creatinine <= 0.267 | Lactate >= 0.139) & SBP <= 0.605)
",9999999.000,9999999.000,0.000,1.000,0.000,0,0,0,23,23,0,0,23,0.0,0.0,0.0,0.0,0.0,1.0
"G[2,2](((FiO2 <= 0.507 -> Temp >= 6.006) -> PTT >= 2.943) & TroponinI <= 36.490)
",2281566870938739.000,0.507,0.000,1.000,0.000,0,0,23,0,0,23,23,0,0.0,0.0,1.0,0.0,0.0,1.0
"G[1,2](((HR >= 75.373 -> Fibrinogen >= 0.000) & Creatinine >= 0.000) & SepsisLabel >= 0.000)
",9999999.000,9999999.000,0.000,1.000,0.000,0,0,23,0,0,23,23,0,0.0,0.0,1.0,0.0,0.0,1.0
"G[1,2](((Hct >= 0.751 & DBP <= 61.219) | Potassium >= 49.289) | Bilirubin_total >= 55.642)
",9999999.000,9999999.000,0.000,1.000,0.000,0,0,5,18,18,5,5,18,0.0,0.0,1.0,0.0,0.0,1.0
"G[0,2](((O2Sat <= 99.617 & Bilirubin_total <= 0.000) & Glucose >= 0.000) -> BUN >= 0.000)
",9999999.000,9999999.000,0.000,1.000,0.000,0,0,23,0,0,23,23,0,0.0,0.0,1.0,0.0,0.0,1.0
"G[2,2]((TroponinI >= 0.000 & Resp >= 16.911) | MAP >= 12.671)
",-12.671,-12.671,0.000,1.000,0.000,0,0,23,0,0,23,23,0,0.0,0.0,1.0,0.0,0.0,1.0
"G[1,2]((DBP >= 54.518 & WBC >= 0.955) | SBP >= 0.400)
",9999999.000,9999999.000,0.000,1.000,0.000,0,0,23,0,0,23,23,0,0.0,0.0,1.0,0.0,0.0,1.0
"G[1,2](((DBP >= 56.052 -> MAP >= 67.067) | Magnesium >= 69.588) -> EtCO2 >= 73.411)
",9999999.000,9999999.000,0.000,1.000,0.000,0,0,0,23,23,0,0,23,0.0,0.0,0.0,0.0,0.0,1.0
"G[1,2]((MAP >= 63.742 | Resp >= 14.195) | WBC <= 24.605)
",9999999.000,9999999.000,0.000,1.000,0.000,0,0,23,0,0,23,23,0,0.0,0.0,1.0,0.0,0.0,1.0
"G[0,2](Creatinine >= 0.063 -> Fibrinogen <= 0.000)
",9999999.000,9999999.000,0.000,1.000,0.000,0,0,23,0,0,23,23,0,0.0,0.0,1.0,0.0,0.0,1.0
"G[1,2]((Platelets >= 2.642 & SBP >= 106.658) & Calcium <= 129.673)
",9999999.000,9999999.000,0.000,1.000,0.000,0,0,1,22,22,1,1,22,0.0,0.0,1.0,0.0,0.0,1.0
"G[0,2]((Hgb >= 0.766 & FiO2 >= 0.125) & Calcium >= 0.001)
",9999999.000,9999999.000,0.000,1.000,0.000,0,0,0,23,23,0,0,23,0.0,0.0,0.0,0.0,0.0,1.0
"G[1,2](Hgb <= 7.541 | O2Sat <= 96.423)
",9999999.000,9999999.000,0.000,1.000,0.000,0,0,23,0,0,23,23,0,0.0,0.0,1.0,0.0,0.0,1.0
"G[2,2]((Platelets >= 4.702 -> Creatinine >= 0.075) | BaseExcess >= 0.041)
",0.075,0.075,0.000,1.000,0.000,0,0,23,0,0,23,23,0,0.0,0.0,1.0,0.0,0.0,1.0
"G[1,1](((HCO3 <= 15.650 -> Resp >= 19.104) | FiO2 <= 21.398) -> Alkalinephos >= 12.596)
",-21.398,-21.398,0.000,1.000,0.000,0,0,0,23,23,0,0,23,0.0,0.0,0.0,0.0,0.0,1.0
"G[0,0](((Bilirubin_direct >= 0.000 & FiO2 <= 0.194) & EtCO2 <= 0.635) & PaCO2 >= 0.033)
",-5.683,-20.118,0.000,1.000,0.000,0,0,0,23,23,0,0,23,0.0,0.0,0.0,0.0,0.0,1.0
"G[1,2](((Resp <= 20.476 & FiO2 <= 0.226) | PTT >= 0.125) -> SepsisLabel <= 0.566)
",9999999.000,9999999.000,0.000,1.000,0.000,0,0,23,0,0,23,23,0,0.0,0.0,1.0,0.0,0.0,1.0
"G[1,2]((Potassium <= 0.923 & AST <= 0.000) -> Phosphate >= 0.000)
",9999999.000,9999999.000,0.000,1.000,0.000,0,0,23,0,0,23,23,0,0.0,0.0,1.0,0.0,0.0,1.0
"G[1,2]((Hgb >= 0.996 | Glucose >= 4.892) & Platelets <= 53.840)
",9999999.000,9999999.000,0.000,1.000,0.000,0,0,4,19,19,4,4,19,0.0,0.0,1.0,0.0,0.0,1.0
"G[0,2](MAP >= 70.187 -> HCO3 <= 18.605)
",9999999.000,9999999.000,0.000,1.000,0.000,0,0,21,2,2,21,21,2,0.0,0.0,1.0,0.0,0.0,1.0
"G[1,2](MAP <= 94.057 & SaO2 <= 18.759)
",9999999.000,9999999.000,0.000,1.000,0.000,0,0,19,4,4,19,19,4,0.0,0.0,1.0,0.0,0.0,1.0
"G[1,2]((Hgb <= 10.050 -> HR >= 78.402) | Bilirubin_total >= 73.048)
",9999999.000,9999999.000,0.000,1.000,0.000,0,0,22,1,1,22,22,1,0.0,0.0,1.0,0.0,0.0,1.0
"G[0,1]((BUN >= 0.528 & PaCO2 >= 4.115) | Alkalinephos >= 1.386)
",9999999.000,9999999.000,0.000,1.000,0.000,0,0,0,23,23,0,0,23,0.0,0.0,0.0,0.0,0.0,1.0
"G[1,2](((Lactate >= 0.094 | Phosphate >= 0.009) | O2Sat >= 0.003) | SepsisLabel <= 1.065)
",9999999.000,9999999.000,0.000,1.000,0.000,0,0,23,0,0,23,23,0,0.0,0.0,1.0,0.0,0.0,1.0
"G[2,2]((DBP >= 52.265 -> FiO2 <= 0.588) | TroponinI >= 0.134)
",-2406655731437861.500,-0.134,0.000,1.000,0.000,0,0,23,0,0,23,23,0,0.0,0.0,1.0,0.0,0.0,1.0
"G[0,2]((TroponinI <= 0.000 | DBP >= 51.171) -> HCO3 <= 76.165)
",9999999.000,9999999.000,0.000,1.000,0.000,0,0,23,0,0,23,23,0,0.0,0.0,1.0,0.0,0.0,1.0
"G[0,2]((PTT <= 16.670 | Bilirubin_direct >= 0.000) -> BaseExcess >= 0.000)
",9999999.000,9999999.000,0.000,1.000,0.000,0,0,18,5,5,18,18,5,0.0,0.0,1.0,0.0,0.0,1.0
"G[2,2]((HCO3 >= 1.327 | SaO2 <= 49.571) & Platelets <= 64.007)
",6976470031528353.000,49.571,0.000,1.000,0.000,0,0,23,0,0,23,23,0,0.0,0.0,1.0,0.0,0.0,1.0
"G[2,2](pH <= 4.012 -> Glucose <= 149.872)
",-5273163292493601.000,-149.872,0.000,1.000,0.000,0,0,23,0,0,23,23,0,0.0,0.0,1.0,0.0,0.0,1.0
"G[1,2]((Phosphate <= 0.348 | Creatinine <= 0.533) | DBP <= 0.496)
",9999999.000,9999999.000,0.000,1.000,0.000,0,0,22,1,1,22,22,1,0.0,0.0,1.0,0.0,0.0,1.0
"G[1,2](((EtCO2 >= 0.000 | Magnesium >= 0.170) & Bilirubin_direct >= 0.178) & Potassium >= 0.156)
",9999999.000,9999999.000,0.000,1.000,0.000,0,0,0,23,23,0,0,23,0.0,0.0,0.0,0.0,0.0,1.0
"G[0,2](((DBP >= 48.026 | WBC >= 0.614) | Bilirubin_total >= 0.133) | Potassium <= 6.211)
",9999999.000,9999999.000,0.000,1.000,0.000,0,0,23,0,0,23,23,0,0.0,0.0,1.0,0.0,0.0,1.0
"G[0,2](Chloride >= 5.173 & HCO3 >= 0.623)
",9999999.000,9999999.000,0.000,1.000,0.000,0,0,1,22,22,1,1,22,0.0,0.0,1.0,0.0,0.0,1.0
"G[0,2]((Lactate <= 1.465 -> Platelets <= 73.926) & Temp <= 132.657)
",9999999.000,9999999.000,0.000,1.000,0.000,0,0,21,2,2,21,21,2,0.0,0.0,1.0,0.0,0.0,1.0
"G[0,2](Platelets <= 98.575 & SepsisLabel = 0.000)
",9999999.000,9999999.000,0.000,1.000,0.000,0,0,21,2,2,21,21,2,0.0,0.0,1.0,0.0,0.0,1.0
"G[2,2](Chloride >= 1.844 & HCO3 >= 1.407)
",-4153000039489227.000,-1.844,0.000,1.000,0.000,0,0,23,0,0,23,23,0,0.0,0.0,1.0,0.0,0.0,1.0
"G[0,2](Platelets <= 91.739 -> WBC >= 0.637)
",9999999.000,9999999.000,0.000,1.000,0.000,0,0,0,23,23,0,0,23,0.0,0.0,0.0,0.0,0.0,1.0
"G[0,2](((Hgb <= 1.354 | Hct <= 13.816) -> WBC >= 0.840) & Platelets >= 4.966)
",9999999.000,9999999.000,0.000,1.000,0.000,0,0,0,23,23,0,0,23,0.0,0.0,0.0,0.0,0.0,1.0
"G[0,0](BUN <= 2.657 & Creatinine >= 0.053)
",0.329,0.300,0.000,1.000,0.000,0,0,0,23,23,0,0,23,0.0,0.0,0.0,0.0,0.0,1.0
"G[1,2](Calcium < 0.000 & SepsisLabel = 0.000)
",9999999.000,9999999.000,0.000,1.000,0.000,0,0,0,23,23,0,0,23,0.0,0.0,0.0,0.0,0.0,1.0
"G[2,2](Bilirubin_total < 0.000 -> SepsisLabel = 0.000)
",0.000,0.000,0.000,1.000,0.000,0,0,23,0,0,23,23,0,0.0,0.0,1.0,0.0,0.0,1.0
"G[0,2](Resp >= 14.636 -> SepsisLabel = 0.000)
",9999999.000,9999999.000,0.000,1.000,0.000,0,0,23,0,0,23,23,0,0.0,0.0,1.0,0.0,0.0,1.0
"G[0,2](O2Sat > 92.339 -> SepsisLabel = 0.000)
",9999999.000,9999999.000,0.000,1.000,0.000,0,0,23,0,0,23,23,0,0.0,0.0,1.0,0.0,0.0,1.0
"G[0,2](Phosphate <= 1.661 -> SepsisLabel = 0.000)
",9999999.000,9999999.000,0.000,1.000,0.000,0,0,23,0,0,23,23,0,0.0,0.0,1.0,0.0,0.0,1.0
"G[0,2](SepsisLabel <= 0.000 -> SepsisLabel = 0.000)
",9999999.000,9999999.000,0.000,1.000,0.000,0,0,23,0,0,23,23,0,0.0,0.0,1.0,0.0,0.0,1.0
"G[0,2](DBP < 96.761 -> SepsisLabel = 0.000)
",9999999.000,9999999.000,0.000,1.000,0.000,0,0,23,0,0,23,23,0,0.0,0.0,1.0,0.0,0.0,1.0
"G[1,2](SaO2 < 38.550 -> SepsisLabel = 0.000)
",9999999.000,9999999.000,0.000,1.000,0.000,0,0,23,0,0,23,23,0,0.0,0.0,1.0,0.0,0.0,1.0
"G[1,2](((Hgb <= 8.575 | Hct <= 11.045) -> WBC >= 0.688) & Platelets >= 4.770)
",9999999.000,9999999.000,0.000,1.000,0.000,0,0,2,21,21,2,2,21,0.0,0.0,1.0,0.0,0.0,1.0
"G[2,2](Phosphate <= 2.169 -> PTT <= 9.450)
",-2659944339089006.000,-9.450,0.000,1.000,0.000,0,0,23,0,0,23,23,0,0.0,0.0,1.0,0.0,0.0,1.0
"G[2,2]((Chloride <= 107.512 & HCO3 >= 2.093) & SBP >= 1.146)
",-4713747213878479.000,-2.093,0.000,1.000,0.000,0,0,23,0,0,23,23,0,0.0,0.0,1.0,0.0,0.0,1.0
"G[0,0](Chloride >= 10.711 & Potassium <= 2.943)
",-3014957057472622.500,-10.711,0.000,1.000,0.000,0,0,0,23,23,0,0,23,0.0,0.0,0.0,0.0,0.0,1.0
"G[0,2](((BUN >= 0.151 | HCO3 >= 1.599) -> Alkalinephos <= 12.815) -> Potassium >= 2.808)
",9999999.000,9999999.000,0.000,1.000,0.000,0,0,1,22,22,1,1,22,0.0,0.0,1.0,0.0,0.0,1.0
"G[1,2](HCO3 >= 2.267 -> WBC <= 9.319)
",9999999.000,9999999.000,0.000,1.000,0.000,0,0,21,2,2,21,21,2,0.0,0.0,1.0,0.0,0.0,1.0
"G[0,2](((Chloride >= 0.400 -> Hgb >= 0.984) -> Hgb >= 1.003) | SaO2 >= 1.045)
",9999999.000,9999999.000,0.000,1.000,0.000,0,0,4,19,19,4,4,19,0.0,0.0,1.0,0.0,0.0,1.0
"G[2,2]((BUN <= 6.246 -> Magnesium >= 0.090) | SBP <= 2.093)
",2356020381635797.500,2.093,0.000,1.000,0.000,0,0,23,0,0,23,23,0,0.0,0.0,1.0,0.0,0.0,1.0
"G[0,2](Creatinine <= 0.884 -> Platelets <= 61.750)
",9999999.000,9999999.000,0.000,1.000,0.000,0,0,23,0,0,23,23,0,0.0,0.0,1.0,0.0,0.0,1.0
"G[2,2](Chloride <= 110.166 & Hct <= 31.008)
",4363995128150766.500,31.008,0.000,1.000,0.000,0,0,23,0,0,23,23,0,0.0,0.0,1.0,0.0,0.0,1.0
"G[0,2](((Hct >= 6.990 | Potassium >= 0.354) & FiO2 <= 1.354) | pH <= 4.020)
",9999999.000,9999999.000,0.000,1.000,0.000,0,0,18,5,5,18,18,5,0.0,0.0,1.0,0.0,0.0,1.0
"G[1,2](((BUN >= 2.179 -> Hgb >= 1.099) -> Glucose >= 1.045) & HR >= 1.039)
",9999999.000,9999999.000,0.000,1.000,0.000,0,0,7,16,16,7,7,16,0.0,0.0,1.0,0.0,0.0,1.0
"G[1,2](BUN <= 3.619 & Creatinine >= 0.031)
",9999999.000,9999999.000,0.000,1.000,0.000,0,0,0,23,23,0,0,23,0.0,0.0,0.0,0.0,0.0,1.0
"G[0,1](Platelets <= 78.007 -> WBC >= 0.247)
",9999999.000,9999999.000,0.000,1.000,0.000,0,0,0,23,23,0,0,23,0.0,0.0,0.0,0.0,0.0,1.0
"G[2,2]((Magnesium <= 2.192 | Potassium >= 0.353) | EtCO2 <= 3.742)
",8426086427477821.000,3.742,0.000,1.000,0.000,0,0,23,0,0,23,23,0,0.0,0.0,1.0,0.0,0.0,1.0
"G[2,2](BUN <= 2.603 & Creatinine >= 0.039)
",-0.039,-0.039,0.000,1.000,0.000,0,0,23,0,0,23,23,0,0.0,0.0,1.0,0.0,0.0,1.0
"G[0,2](((Hgb <= 6.198 | Hct <= 24.651) -> WBC >= 0.493) & Platelets >= 1.315)
",9999999.000,9999999.000,0.000,1.000,0.000,0,0,0,23,23,0,0,23,0.0,0.0,0.0,0.0,0.0,1.0
"G[1,2](Chloride >= 7.370 & HCO3 >= 1.090)
",9999999.000,9999999.000,0.000,1.000,0.000,0,0,3,20,20,3,3,20,0.0,0.0,1.0,0.0,0.0,1.0
"G[0,1](Platelets <= 114.620 -> WBC >= 0.959)
",9999999.000,9999999.000,0.000,1.000,0.000,0,0,0,23,23,0,0,23,0.0,0.0,0.0,0.0,0.0,1.0
"G[0,2](((Hgb <= 1.356 | Hct <= 17.717) -> WBC >= 1.470) & Platelets >= 3.129)
",9999999.000,9999999.000,0.000,1.000,0.000,0,0,0,23,23,0,0,23,0.0,0.0,0.0,0.0,0.0,1.0
"G[0,2](BUN <= 12.088 & Creatinine >= 0.006)
",9999999.000,9999999.000,0.000,1.000,0.000,0,0,0,23,23,0,0,23,0.0,0.0,0.0,0.0,0.0,1.0
"G[1,2](Chloride >= 0.478 & HCO3 >= 2.505)
",9999999.000,9999999.000,0.000,1.000,0.000,0,0,3,20,20,3,3,20,0.0,0.0,1.0,0.0,0.0,1.0
"G[0,1](Platelets <= 26.084 -> WBC >= 0.501)
",9999999.000,9999999.000,0.000,1.000,0.000,0,0,0,23,23,0,0,23,0.0,0.0,0.0,0.0,0.0,1.0
"G[1,2](((Hgb <= 6.906 | Hct <= 8.318) -> WBC >= 0.517) & Platelets >= 1.549)
",9999999.000,9999999.000,0.000,1.000,0.000,0,0,2,21,21,2,2,21,0.0,0.0,1.0,0.0,0.0,1.0
"G[0,2](BUN <= 3.746 & Creatinine >= 0.003)
",9999999.000,9999999.000,0.000,1.000,0.000,0,0,0,23,23,0,0,23,0.0,0.0,0.0,0.0,0.0,1.0
"G[0,2](Platelets <= 113.641 -> WBC >= 0.575)
",9999999.000,9999999.000,0.000,1.000,0.000,0,0,0,23,23,0,0,23,0.0,0.0,0.0,0.0,0.0,1.0
"G[0,0](((Hgb <= 5.532 | Hct <= 9.745) -> WBC >= 1.478) & Platelets >= 1.986)
",-2743067802431822.000,-9.745,0.000,1.000,0.000,0,0,0,23,23,0,0,23,0.0,0.0,0.0,0.0,0.0,1.0
"G[0,1](((Hgb <= 8.833 | Hct <= 20.810) -> WBC >= 0.094) & Platelets >= 1.684)
",9999999.000,9999999.000,0.000,1.000,0.000,0,0,0,23,23,0,0,23,0.0,0.0,0.0,0.0,0.0,1.0
"G[0,2](Chloride >= 10.010 & HCO3 >= 1.741)
",9999999.000,9999999.000,0.000,1.000,0.000,0,0,1,22,22,1,1,22,0.0,0.0,1.0,0.0,0.0,1.0
"G[0,1](BUN <= 4.171 & Creatinine >= 0.009)
",9999999.000,9999999.000,0.000,1.000,0.000,0,0,0,23,23,0,0,23,0.0,0.0,0.0,0.0,0.0,1.0
"G[2,2](Platelets <= 29.742 -> WBC >= 0.657)
",-8371567158712609.000,-29.742,0.000,1.000,0.000,0,0,23,0,0,23,23,0,0.0,0.0,1.0,0.0,0.0,1.0
"G[0,0](((Hgb <= 9.881 | Hct <= 28.636) -> WBC >= 0.233) & Platelets >= 4.562)
",-2686797466975196.500,-28.636,0.000,1.000,0.000,0,0,0,23,23,0,0,23,0.0,0.0,0.0,0.0,0.0,1.0
"G[0,1](BUN <= 16.025 & Creatinine >= 0.013)
",9999999.000,9999999.000,0.000,1.000,0.000,0,0,0,23,23,0,0,23,0.0,0.0,0.0,0.0,0.0,1.0
"G[1,2](Chloride >= 6.739 & HCO3 >= 2.217)
",9999999.000,9999999.000,0.000,1.000,0.000,0,0,3,20,20,3,3,20,0.0,0.0,1.0,0.0,0.0,1.0
"G[2,2](Platelets <= 38.439 -> WBC >= 1.023)
",-5409756897703135.000,-38.439,0.000,1.000,0.000,0,0,23,0,0,23,23,0,0.0,0.0,1.0,0.0,0.0,1.0
"G[0,1](BUN <= 14.589 & Creatinine >= 0.035)
",9999999.000,9999999.000,0.000,1.000,0.000,0,0,0,23,23,0,0,23,0.0,0.0,0.0,0.0,0.0,1.0
"G[0,2](Chloride >= 5.481 & HCO3 >= 0.992)
",9999999.000,9999999.000,0.000,1.000,0.000,0,0,1,22,22,1,1,22,0.0,0.0,1.0,0.0,0.0,1.0
"G[0,2](Platelets <= 91.996 -> WBC >= 0.326)
",9999999.000,9999999.000,0.000,1.000,0.000,0,0,0,23,23,0,0,23,0.0,0.0,0.0,0.0,0.0,1.0
"G[0,2](((Hgb <= 7.965 | Hct <= 15.187) -> WBC >= 1.411) & Platelets >= 2.403)
",9999999.000,9999999.000,0.000,1.000,0.000,0,0,0,23,23,0,0,23,0.0,0.0,0.0,0.0,0.0,1.0
"G[0,0](BUN <= 10.345 & Creatinine >= 0.002)
",0.387,1.347,0.000,1.000,0.000,0,0,0,23,23,0,0,23,0.0,0.0,0.0,0.0,0.0,1.0
"G[1,2]((Chloride >= 11.275 & Magnesium >= 0.173) & WBC <= 1.475)
",9999999.000,9999999.000,0.000,1.000,0.000,0,0,1,22,22,1,1,22,0.0,0.0,1.0,0.0,0.0,1.0
"G[0,2]((BaseExcess <= -0.470 -> pH >= 0.993) & HR >= 1.166)
",9999999.000,9999999.000,0.000,1.000,0.000,0,0,23,0,0,23,23,0,0.0,0.0,1.0,0.0,0.0,1.0
"G[2,2](((Creatinine <= 0.241 | PaCO2 >= 1.923) -> Platelets <= 21.225) | Phosphate >= 0.794)
",-0.794,-0.794,0.000,1.000,0.000,0,0,23,0,0,23,23,0,0.0,0.0,1.0,0.0,0.0,1.0
"G[0,2]((BaseExcess <= -0.051 | Magnesium <= 0.196) -> PTT <= 0.201)
",9999999.000,9999999.000,0.000,1.000,0.000,0,0,23,0,0,23,23,0,0.0,0.0,1.0,0.0,0.0,1.0
"G[1,2](((Creatinine <= 0.255 -> DBP >= 52.218) | Bilirubin_direct >= 55.860) & HR <= 88.316)
",9999999.000,9999999.000,0.000,1.000,0.000,0,0,13,10,10,13,13,10,0.0,0.0,1.0,0.0,0.0,1.0
"G[0,2](((Creatinine <= 0.749 & SBP >= 93.465) | Chloride >= 100.438) | Platelets <= 150.416)
",9999999.000,9999999.000,0.000,1.000,0.000,0,0,23,0,0,23,23,0,0.0,0.0,1.0,0.0,0.0,1.0
"G[0,2]((O2Sat >= 92.677 | WBC >= 1.121) | Creatinine >= 0.618)
",9999999.000,9999999.000,0.000,1.000,0.000,0,0,12,11,11,12,12,11,0.0,0.0,1.0,0.0,0.0,1.0
"G[1,2](DBP <= 83.497 -> Resp >= 13.018)
",9999999.000,9999999.000,0.000,1.000,0.000,0,0,20,3,3,20,20,3,0.0,0.0,1.0,0.0,0.0,1.0
"G[2,2]((DBP >= 54.053 | PTT <= 5.180) -> WBC <= 12.789)
",-7199676877506435.000,-12.789,0.000,1.000,0.000,0,0,23,0,0,23,23,0,0.0,0.0,1.0,0.0,0.0,1.0
"G[1,2](((PaCO2 <= 19.097 -> Resp >= 18.572) & SaO2 >= 18.093) | pH >= 12.509)
",9999999.000,9999999.000,0.000,1.000,0.000,0,0,3,20,20,3,3,20,0.0,0.0,1.0,0.0,0.0,1.0
"G[0,2]((MAP <= 77.154 & O2Sat >= 91.569) | Resp >= 88.255)
",9999999.000,9999999.000,0.000,1.000,0.000,0,0,10,13,13,10,10,13,0.0,0.0,1.0,0.0,0.0,1.0
"G[1,2](Lactate >= 0.199 -> WBC >= 1.206)
",9999999.000,9999999.000,0.000,1.000,0.000,0,0,20,3,3,20,20,3,0.0,0.0,1.0,0.0,0.0,1.0
"G[0,2](DBP <= 80.337 -> WBC >= 0.759)
",9999999.000,9999999.000,0.000,1.000,0.000,0,0,0,23,23,0,0,23,0.0,0.0,0.0,0.0,0.0,1.0
"G[0,2]((Magnesium <= 0.886 -> Resp <= 21.490) | HR <= 23.205)
",9999999.000,9999999.000,0.000,1.000,0.000,0,0,13,10,10,13,13,10,0.0,0.0,1.0,0.0,0.0,1.0
"G[1,2](((PaCO2 <= 9.070 -> WBC <= 8.072) & BaseExcess >= 0.108) & MAP >= 0.642)
",9999999.000,9999999.000,0.000,1.000,0.000,0,0,0,23,23,0,0,23,0.0,0.0,0.0,0.0,0.0,1.0
"G[0,2](Platelets <= 23.568 -> WBC >= 0.993)
",9999999.000,9999999.000,0.000,1.000,0.000,0,0,0,23,23,0,0,23,0.0,0.0,0.0,0.0,0.0,1.0
"G[1,2]((HR >= 74.837 | Resp <= 27.000) | TroponinI >= 19.605)
",9999999.000,9999999.000,0.000,1.000,0.000,0,0,23,0,0,23,23,0,0.0,0.0,1.0,0.0,0.0,1.0
"G[0,2](((MAP >= 65.700 -> PTT >= 0.078) & SepsisLabel >= 0.451) | WBC >= 0.386)
",9999999.000,9999999.000,0.000,1.000,0.000,0,0,0,23,23,0,0,23,0.0,0.0,0.0,0.0,0.0,1.0
"G[1,2](BUN <= 14.102 | HR >= 73.494)
",9999999.000,9999999.000,0.000,1.000,0.000,0,0,23,0,0,23,23,0,0.0,0.0,1.0,0.0,0.0,1.0
"G[0,2]((Platelets <= 125.385 | Temp >= 5.807) & BaseExcess <= 32.212)
",9999999.000,9999999.000,0.000,1.000,0.000,0,0,22,1,1,22,22,1,0.0,0.0,1.0,0.0,0.0,1.0
"G[1,2](DBP >= 50.296 & HR >= 69.763)
",9999999.000,9999999.000,0.000,1.000,0.000,0,0,19,4,4,19,19,4,0.0,0.0,1.0,0.0,0.0,1.0
"G[0,2]((HCO3 >= 2.140 -> HR <= 86.225) -> pH <= 87.655)
",9999999.000,9999999.000,0.000,1.000,0.000,0,0,23,0,0,23,23,0,0.0,0.0,1.0,0.0,0.0,1.0
"G[0,2](((Creatinine <= 0.248 & Lactate >= 0.011) & BaseExcess <= 1.565) & Hct >= 0.194)
",9999999.000,9999999.000,0.000,1.000,0.000,0,0,0,23,23,0,0,23,0.0,0.0,0.0,0.0,0.0,1.0
"G[0,2](((FiO2 >= 0.001 & Platelets <= 114.363) & HCO3 >= 4.994) & SepsisLabel >= 0.750)
",9999999.000,9999999.000,0.000,1.000,0.000,0,0,0,23,23,0,0,23,0.0,0.0,0.0,0.0,0.0,1.0
"G[1,2](DBP <= 74.804 -> SaO2 >= 0.831)
",9999999.000,9999999.000,0.000,1.000,0.000,0,0,4,19,19,4,4,19,0.0,0.0,1.0,0.0,0.0,1.0
"G[0,2](Resp >= 16.599 & Temp <= 11.035)
",9999999.000,9999999.000,0.000,1.000,0.000,0,0,6,17,17,6,6,17,0.0,0.0,1.0,0.0,0.0,1.0
"G[0,0]((Glucose <= 55.804 -> SBP <= 149.473) & Potassium >= 106.680)
",-8.148,-138.250,0.000,1.000,0.000,0,0,0,23,23,0,0,23,0.0,0.0,0.0,0.0,0.0,1.0
"G[0,2](((Hct >= 1.951 | O2Sat <= 95.698) | TroponinI >= 92.075) | Chloride <= 99.248)
",9999999.000,9999999.000,0.000,1.000,0.000,0,0,23,0,0,23,23,0,0.0,0.0,1.0,0.0,0.0,1.0
"G[1,1]((Hct <= 18.423 | SBP >= 92.665) -> Resp >= 91.896)
",-5185481433782753.000,-18.423,0.000,1.000,0.000,0,0,0,23,23,0,0,23,0.0,0.0,0.0,0.0,0.0,1.0
"G[1,2]((pH <= 2.805 & Resp >= 19.450) & SepsisLabel >= 19.115)
",9999999.000,9999999.000,0.000,1.000,0.000,0,0,0,23,23,0,0,23,0.0,0.0,0.0,0.0,0.0,1.0
"G[2,2](pH <= 6.957 -> SaO2 >= 4.452)
",-3916229516702386.000,-6.957,0.000,1.000,0.000,0,0,23,0,0,23,23,0,0.0,0.0,1.0,0.0,0.0,1.0
"G[0,2](((Hgb <= 2.118 | Phosphate >= 0.045) -> TroponinI <= 1.001) -> Resp >= 0.046)
",9999999.000,9999999.000,0.000,1.000,0.000,0,0,23,0,0,23,23,0,0.0,0.0,1.0,0.0,0.0,1.0
"G[1,1]((BaseExcess >= -2.476 -> O2Sat >= 88.923) & PaCO2 >= 88.906)
",-6256186748697089.000,-88.906,0.000,1.000,0.000,0,0,0,23,23,0,0,23,0.0,0.0,0.0,0.0,0.0,1.0
"G[1,2](((Platelets <= 45.943 -> PTT >= 0.475) -> Fibrinogen <= 4.900) & HR <= 18.373)
",9999999.000,9999999.000,0.000,1.000,0.000,0,0,0,23,23,0,0,23,0.0,0.0,0.0,0.0,0.0,1.0
"G[2,2]((Phosphate <= 2.126 -> Platelets >= 3.239) | HCO3 <= 103.978)
",3658392664615622.500,103.978,0.000,1.000,0.000,0,0,23,0,0,23,23,0,0.0,0.0,1.0,0.0,0.0,1.0
"G[0,2](((BaseExcess <= -0.328 -> PaCO2 >= 3.353) | Fibrinogen <= 5.597) | pH <= 36.091)
",9999999.000,9999999.000,0.000,1.000,0.000,0,0,23,0,0,23,23,0,0.0,0.0,1.0,0.0,0.0,1.0
"G[0,1](Creatinine >= 0.080 & Potassium <= 0.813)
",9999999.000,9999999.000,0.000,1.000,0.000,0,0,0,23,23,0,0,23,0.0,0.0,0.0,0.0,0.0,1.0
"G[0,2](((Chloride <= 89.295 -> Creatinine >= 0.081) | Resp <= 0.935) -> Hct <= 1.311)
",9999999.000,9999999.000,0.000,1.000,0.000,0,0,17,6,6,17,17,6,0.0,0.0,1.0,0.0,0.0,1.0
"G[2,2](((HCO3 >= 2.599 | Platelets >= 5.364) & Magnesium >= 4.107) & MAP >= 0.566)
",-2312095699573574.000,-4.107,0.000,1.000,0.000,0,0,23,0,0,23,23,0,0.0,0.0,1.0,0.0,0.0,1.0
"G[0,2](((FiO2 >= 0.019 & PaCO2 >= 0.903) -> TroponinI >= 1.822) -> AST <= 29.332)
",9999999.000,9999999.000,0.000,1.000,0.000,0,0,23,0,0,23,23,0,0.0,0.0,1.0,0.0,0.0,1.0
"G[0,2]((Hct <= 11.458 -> pH <= 5.971) | O2Sat <= 5.807)
",9999999.000,9999999.000,0.000,1.000,0.000,0,0,18,5,5,18,18,5,0.0,0.0,1.0,0.0,0.0,1.0
"G[0,2](O2Sat >= 89.104 -> pH >= 1.735)
",9999999.000,9999999.000,0.000,1.000,0.000,0,0,5,18,18,5,5,18,0.0,0.0,1.0,0.0,0.0,1.0
"G[0,2](O2Sat <= 94.841 -> SaO2 >= 3.751)
",9999999.000,9999999.000,0.000,1.000,0.000,0,0,8,15,15,8,8,15,0.0,0.0,1.0,0.0,0.0,1.0
"G[1,2](((Hgb >= 0.008 | PTT >= 0.332) & Hct >= 0.152) | Chloride <= 21.693)
",9999999.000,9999999.000,0.000,1.000,0.000,0,0,22,1,1,22,22,1,0.0,0.0,1.0,0.0,0.0,1.0
"G[1,2]((Hct <= 17.797 & Lactate >= 0.016) -> PaCO2 >= 0.170)
",9999999.000,9999999.000,0.000,1.000,0.000,0,0,23,0,0,23,23,0,0.0,0.0,1.0,0.0,0.0,1.0
"G[1,2](((BUN <= 9.455 -> PTT >= 0.269) | HR >= 0.471) -> Phosphate >= 0.097)
",9999999.000,9999999.000,0.000,1.000,0.000,0,0,1,22,22,1,1,22,0.0,0.0,1.0,0.0,0.0,1.0
"G[1,2]((BUN <= 18.509 -> Phosphate <= 1.544) -> Hct <= 0.121)
",9999999.000,9999999.000,0.000,1.000,0.000,0,0,19,4,4,19,19,4,0.0,0.0,1.0,0.0,0.0,1.0
"G[2,2]((Phosphate <= 0.236 | Potassium >= 0.408) -> Platelets <= 1.369)
",-6165558078107887.000,-1.369,0.000,1.000,0.000,0,0,23,0,0,23,23,0,0.0,0.0,1.0,0.0,0.0,1.0
"G[1,2]((Glucose <= 65.778 & PTT >= 0.024) & PaCO2 >= 0.246)
",9999999.000,9999999.000,0.000,1.000,0.000,0,0,0,23,23,0,0,23,0.0,0.0,0.0,0.0,0.0,1.0
"G[1,2](((HR <= 91.322 | PaCO2 >= 0.484) & AST >= 3.924) -> Creatinine <= 19.963)
",9999999.000,9999999.000,0.000,1.000,0.000,0,0,23,0,0,23,23,0,0.0,0.0,1.0,0.0,0.0,1.0
"G[0,2](((MAP <= 107.062 -> Resp <= 29.022) -> DBP <= 25.610) & AST >= 15.210)
",9999999.000,9999999.000,0.000,1.000,0.000,0,0,0,23,23,0,0,23,0.0,0.0,0.0,0.0,0.0,1.0
"G[1,2]((Magnesium <= 2.183 | Platelets >= 2.522) & Phosphate <= 21.611)
",9999999.000,9999999.000,0.000,1.000,0.000,0,0,22,1,1,22,22,1,0.0,0.0,1.0,0.0,0.0,1.0
"G[1,2](HR <= 88.078 -> SaO2 >= 6.045)
",9999999.000,9999999.000,0.000,1.000,0.000,0,0,9,14,14,9,9,14,0.0,0.0,1.0,0.0,0.0,1.0
"G[2,2]((Glucose <= 47.047 -> HCO3 <= 12.356) & MAP <= 22.782)
",-47.047,-47.047,0.000,1.000,0.000,0,0,23,0,0,23,23,0,0.0,0.0,1.0,0.0,0.0,1.0
"G[2,2](Hgb >= 0.880 | pH <= 4.104)
",4620472579670817.000,4.104,0.000,1.000,0.000,0,0,23,0,0,23,23,0,0.0,0.0,1.0,0.0,0.0,1.0
"G[0,2](((Glucose <= 37.332 & WBC >= 0.094) -> MAP <= 8.642) | FiO2 >= 0.053)
",9999999.000,9999999.000,0.000,1.000,0.000,0,0,21,2,2,21,21,2,0.0,0.0,1.0,0.0,0.0,1.0
"G[0,2]((Hgb >= 0.782 | Magnesium <= 1.611) -> SBP >= 0.017)
",9999999.000,9999999.000,0.000,1.000,0.000,0,0,23,0,0,23,23,0,0.0,0.0,1.0,0.0,0.0,1.0
