Rule,Discrimination Score,Pos Robustness,Neg Robustness,Percent Class +,Percent Class -,TP,TN,FP,FN,Actual Yes,Actual No,Predicted Yes,Predicted No,TPR/Sens,TNR/Spec,FPR,Precision,Accuracy,MCR,Class
"G[0,0](DBP <= 92.766 | FiO2 <= 0.488)
",0.897,4.069,0.000,1.000,0.000,23,0,0,0,23,0,23,0,1.0,0.0,0.0,1.0,1.0222222222222221,-0.022222222222222143,1
"G[0,0]((O2Sat <= 98.216 | Creatinine <= 0.202) -> Phosphate <= 0.510)
",-1.868,-20.970,0.000,1.000,0.000,23,0,0,0,23,0,23,0,1.0,0.0,0.0,1.0,1.0222222222222221,-0.022222222222222143,1
"F[0,0](((Hgb >= 0.231 -> Phosphate <= 1.934) | WBC <= 1.035) -> PTT >= 0.103)
",-0.671,-1.533,0.000,0.000,1.000,23,0,0,0,23,0,23,0,1.0,0.0,0.0,1.0,1.0222222222222221,-0.022222222222222143,-1
"F[0,0]((Calcium <= 4.653 & Potassium <= 3.899) & Magnesium >= 0.075)
",0.102,0.066,0.000,0.000,1.000,23,0,0,0,23,0,23,0,1.0,0.0,0.0,1.0,1.0222222222222221,-0.022222222222222143,-1
"F[0,0](((HCO3 <= 25.911 & Phosphate <= 2.482) | Temp <= 0.246) & Hct >= 0.064)
",-0.064,-0.064,0.000,0.000,1.000,23,0,0,0,23,0,23,0,1.0,0.0,0.0,1.0,1.0222222222222221,-0.022222222222222143,-1
"G[0,0](((FiO2 >= 0.093 | Potassium <= 2.337) & Bilirubin_total <= 3.652) | PaCO2 <= 3.810)
",4.916,3.595,0.000,1.000,0.000,23,0,0,0,23,0,23,0,1.0,0.0,0.0,1.0,1.0222222222222221,-0.022222222222222143,1
"F[0,0]((Calcium <= 7.034 & Potassium <= 3.897) & Magnesium >= 0.073)
",0.105,0.068,0.000,0.000,1.000,23,0,0,0,23,0,23,0,1.0,0.0,0.0,1.0,1.0222222222222221,-0.022222222222222143,-1
"G[0,0](((Chloride >= 1.792 | BaseExcess >= 0.039) -> AST <= 1.228) | Magnesium >= 0.022)
",0.184,0.119,0.000,1.000,0.000,23,0,0,0,23,0,23,0,1.0,0.0,0.0,1.0,1.0222222222222221,-0.022222222222222143,1
"G[0,0](((Chloride >= 8.019 | Glucose >= 11.925) | Resp >= 11.325) | Fibrinogen <= 96.369)
",52.356,95.969,0.000,1.000,0.000,23,0,0,0,23,0,23,0,1.0,0.0,0.0,1.0,1.0222222222222221,-0.022222222222222143,1
"G[0,0]((DBP >= 11.413 | EtCO2 <= 0.000) & Fibrinogen >= 0.000)
",0.218,0.400,0.000,1.000,0.000,23,0,0,0,23,0,23,0,1.0,0.0,0.0,1.0,1.0222222222222221,-0.022222222222222143,1
"F[0,0]((Calcium <= 2.082 & Potassium <= 0.750) & Magnesium >= 0.095)
",-0.410,-0.171,0.000,0.000,1.000,23,0,0,0,23,0,23,0,1.0,0.0,0.0,1.0,1.0222222222222221,-0.022222222222222143,-1
"G[0,0](((Resp >= 12.565 -> Hct >= 0.523) | Creatinine <= 33.470) | Lactate >= 0.102)
",1.371,50.684,0.000,1.000,0.000,23,0,0,0,23,0,23,0,1.0,0.0,0.0,1.0,1.0222222222222221,-0.022222222222222143,1
"G[0,0](((DBP >= 19.947 -> HCO3 <= 5.255) & PTT >= 1.572) -> DBP <= 22.214)
",6.848,71.650,0.000,1.000,0.000,23,0,0,0,23,0,23,0,1.0,0.0,0.0,1.0,1.0222222222222221,-0.022222222222222143,1
"G[0,0]((Phosphate >= 0.135 -> Platelets >= 3.854) | pH <= 244.525)
",1174.076,244.384,0.000,1.000,0.000,23,0,0,0,23,0,23,0,1.0,0.0,0.0,1.0,1.0222222222222221,-0.022222222222222143,1
"G[0,0](Chloride <= 26.911 | Resp <= 20.869)
",10.762,26.143,0.000,1.000,0.000,23,0,0,0,23,0,23,0,1.0,0.0,0.0,1.0,1.0222222222222221,-0.022222222222222143,1
"G[0,0](((PaCO2 <= 26.442 | Temp >= 5.971) | Hgb >= 7.280) -> Phosphate <= 24.757)
",-62.033,-92.665,0.000,1.000,0.000,23,0,0,0,23,0,23,0,1.0,0.0,0.0,1.0,1.0222222222222221,-0.022222222222222143,1
"G[0,0](((Temp >= 3.644 & WBC >= 0.229) -> PaCO2 <= 9.188) | HCO3 <= 7.106)
",10.666,6.924,0.000,1.000,0.000,23,0,0,0,23,0,23,0,1.0,0.0,0.0,1.0,1.0222222222222221,-0.022222222222222143,1
"G[0,0](Potassium >= 0.259 -> Resp >= 6.682)
",-3.985,-59.155,0.000,1.000,0.000,23,0,0,0,23,0,23,0,1.0,0.0,0.0,1.0,1.0222222222222221,-0.022222222222222143,1
"G[0,0]((Potassium >= 0.218 -> SBP <= 135.842) | Resp <= 152.865)
",5.448,87.320,0.000,1.000,0.000,23,0,0,0,23,0,23,0,1.0,0.0,0.0,1.0,1.0222222222222221,-0.022222222222222143,1
"((Chloride >= 1.317) U[1,1] (FiO2 >= 0.024))
",-6962663859378097.000,-0.024,0.000,0.000,1.000,22,0,0,1,23,0,22,1,0.9565217391304348,0.0,0.0,1.0,0.9777777777777777,0.022222222222222254,-1
"F[1,1](Chloride <= 78.948 & Hgb >= 0.107)
",-7680411134220234.000,-0.107,0.000,0.000,1.000,22,0,0,1,23,0,22,1,0.9565217391304348,0.0,0.0,1.0,0.9777777777777777,0.022222222222222254,-1
"G[0,1](((Glucose >= 10.398 -> Potassium >= 0.289) | Phosphate <= 1.891) | PTT <= 1.481)
",9999999.000,9999999.000,0.000,1.000,0.000,22,0,1,0,22,1,23,0,1.0,0.0,1.0,0.9565217391304348,0.9777777777777777,0.022222222222222254,1
"F[0,1]((Calcium <= 1.536 & Potassium <= 1.525) & Magnesium >= 0.163)
",-9999999.000,-9999999.000,0.000,0.000,1.000,22,0,0,1,23,0,22,1,0.9565217391304348,0.0,0.0,1.0,0.9777777777777777,0.022222222222222254,-1
"G[0,1]((Hct <= 24.329 | Bilirubin_direct <= 0.000) | Lactate <= 0.000)
",9999999.000,9999999.000,0.000,1.000,0.000,22,0,1,0,22,1,23,0,1.0,0.0,1.0,0.9565217391304348,0.9777777777777777,0.022222222222222254,1
"G[0,1](((pH <= 1.190 -> Temp <= 20.202) | Hct <= 25.103) | BUN <= 19.052)
",9999999.000,9999999.000,0.000,1.000,0.000,22,0,1,0,22,1,23,0,1.0,0.0,1.0,0.9565217391304348,0.9777777777777777,0.022222222222222254,1
"F[0,1]((Calcium <= 8.261 & Potassium <= 1.814) & Magnesium >= 0.191)
",-9999999.000,-9999999.000,0.000,0.000,1.000,22,0,0,1,23,0,22,1,0.9565217391304348,0.0,0.0,1.0,0.9777777777777777,0.022222222222222254,-1
"F[0,0]((MAP >= 9.289 -> BUN >= 0.439) & HR >= 0.565)
",-4.059,-131.886,0.000,0.000,1.000,22,0,0,1,23,0,22,1,0.9565217391304348,0.0,0.0,1.0,0.9777777777777777,0.022222222222222254,-1
"F[0,0](Lactate <= 3.120 -> Potassium >= 0.267)
",-2.673,-2.695,0.000,0.000,1.000,22,0,0,1,23,0,22,1,0.9565217391304348,0.0,0.0,1.0,0.9777777777777777,0.022222222222222254,-1
"F[0,1]((SBP <= 177.884 | Resp >= 8.571) -> SepsisLabel >= 12.924)
",-9999999.000,-9999999.000,0.000,0.000,1.000,22,0,0,1,23,0,22,1,0.9565217391304348,0.0,0.0,1.0,0.9777777777777777,0.022222222222222254,-1
"G[1,1]((HCO3 <= 14.097 -> Platelets <= 221.838) | WBC <= 30.186)
",2832228940312518.500,30.186,0.000,1.000,0.000,22,0,1,0,22,1,23,0,1.0,0.0,1.0,0.9565217391304348,0.9777777777777777,0.022222222222222254,1
"F[1,1]((Creatinine <= 0.374 & WBC >= 0.488) & MAP <= 12.998)
",-2933340515816412.000,-0.488,0.000,0.000,1.000,22,0,0,1,23,0,22,1,0.9565217391304348,0.0,0.0,1.0,0.9777777777777777,0.022222222222222254,-1
"F[1,1]((Phosphate >= 0.114 | Potassium <= 0.411) & HR <= 3.417)
",3706007047845766.500,0.411,0.000,0.000,1.000,22,0,0,1,23,0,22,1,0.9565217391304348,0.0,0.0,1.0,0.9777777777777777,0.022222222222222254,-1
"F[0,1]((Calcium <= 8.067 & Potassium <= 1.349) & Magnesium >= 0.046)
",-9999999.000,-9999999.000,0.000,0.000,1.000,22,0,0,1,23,0,22,1,0.9565217391304348,0.0,0.0,1.0,0.9777777777777777,0.022222222222222254,-1
"G[0,1](SepsisLabel <= 0.000 | Lactate <= 2.816)
",9999999.000,9999999.000,0.000,1.000,0.000,22,0,1,0,22,1,23,0,1.0,0.0,1.0,0.9565217391304348,0.9777777777777777,0.022222222222222254,1
"G[0,1](((Bilirubin_direct >= 0.000 & TroponinI <= 0.000) -> EtCO2 >= 0.000) | Fibrinogen <= 0.000)
",9999999.000,9999999.000,0.000,1.000,0.000,22,0,1,0,22,1,23,0,1.0,0.0,1.0,0.9565217391304348,0.9777777777777777,0.022222222222222254,1
"G[1,1](WBC <= 4.362 | DBP <= 70.383)
",4952766789716257.000,70.383,0.000,1.000,0.000,22,0,1,0,22,1,23,0,1.0,0.0,1.0,0.9565217391304348,0.9777777777777777,0.022222222222222254,1
"G[1,1](Resp >= 6.606 | TroponinI <= 0.000)
",0.000,0.000,0.000,1.000,0.000,22,0,1,0,22,1,23,0,1.0,0.0,1.0,0.9565217391304348,0.9777777777777777,0.022222222222222254,1
"G[0,1](((Bilirubin_total >= 0.000 -> SepsisLabel >= 0.000) | FiO2 >= 0.000) -> AST >= 0.000)
",9999999.000,9999999.000,0.000,1.000,0.000,22,0,1,0,22,1,23,0,1.0,0.0,1.0,0.9565217391304348,0.9777777777777777,0.022222222222222254,1
"G[0,1]((Calcium <= 1.953 | WBC >= 0.145) -> SepsisLabel <= 9.745)
",9999999.000,9999999.000,0.000,1.000,0.000,22,0,1,0,22,1,23,0,1.0,0.0,1.0,0.9565217391304348,0.9777777777777777,0.022222222222222254,1
"G[1,1](AST < 0.000 -> SepsisLabel = 0.000)
",0.000,0.000,0.000,1.000,0.000,22,0,1,0,22,1,23,0,1.0,0.0,1.0,0.9565217391304348,0.9777777777777777,0.022222222222222254,1
"G[0,1](MAP > 91.888 -> SepsisLabel = 0.000)
",9999999.000,9999999.000,0.000,1.000,0.000,22,0,1,0,22,1,23,0,1.0,0.0,1.0,0.9565217391304348,0.9777777777777777,0.022222222222222254,1
"G[0,1](((DBP <= 98.447 & Glucose >= 8.407) -> Glucose >= 7.273) | Calcium <= 78.184)
",9999999.000,9999999.000,0.000,1.000,0.000,22,0,1,0,22,1,23,0,1.0,0.0,1.0,0.9565217391304348,0.9777777777777777,0.022222222222222254,1
"G[0,0](((BaseExcess >= 0.092 -> BUN >= 0.357) | MAP <= 7.442) -> MAP >= 0.315)
",-4.306,-140.810,0.000,1.000,0.000,22,0,0,1,23,0,22,1,0.9565217391304348,0.0,0.0,1.0,0.9777777777777777,0.022222222222222254,1
"G[1,1](SaO2 >= 0.000 | BUN <= 2.112)
",2.112,2.112,0.000,1.000,0.000,22,0,1,0,22,1,23,0,1.0,0.0,1.0,0.9565217391304348,0.9777777777777777,0.022222222222222254,1
"G[0,1](Fibrinogen >= 0.000 | SaO2 >= 0.000)
",9999999.000,9999999.000,0.000,1.000,0.000,22,0,1,0,22,1,23,0,1.0,0.0,1.0,0.9565217391304348,0.9777777777777777,0.022222222222222254,1
"G[0,0]((Potassium <= 4.124 & WBC <= 8.243) & HCO3 <= 12.427)
",6.483,3.933,0.000,1.000,0.000,22,0,0,1,23,0,22,1,0.9565217391304348,0.0,0.0,1.0,0.9777777777777777,0.022222222222222254,1
"G[0,1](TroponinI >= 0.000 | Alkalinephos <= 0.000)
",9999999.000,9999999.000,0.000,1.000,0.000,22,0,1,0,22,1,23,0,1.0,0.0,1.0,0.9565217391304348,0.9777777777777777,0.022222222222222254,1
"G[1,1](((Hgb >= 0.379 | Magnesium <= 1.113) & WBC >= 0.073) -> Calcium >= 0.040)
",2885781088303738.000,0.040,0.000,1.000,0.000,22,0,1,0,22,1,23,0,1.0,0.0,1.0,0.9565217391304348,0.9777777777777777,0.022222222222222254,1
"G[0,1](HCO3 >= 0.475 -> HR <= 95.187)
",9999999.000,9999999.000,0.000,1.000,0.000,22,0,1,0,22,1,23,0,1.0,0.0,1.0,0.9565217391304348,0.9777777777777777,0.022222222222222254,1
"G[0,1](((Creatinine >= 0.024 | AST <= 0.000) & BaseExcess <= 0.000) | Glucose >= 0.000)
",9999999.000,9999999.000,0.000,1.000,0.000,22,0,1,0,22,1,23,0,1.0,0.0,1.0,0.9565217391304348,0.9777777777777777,0.022222222222222254,1
"G[1,1]((pH <= 4.858 | Resp >= 4.150) | Lactate <= 21.548)
",6065308936728879.000,21.548,0.000,1.000,0.000,22,0,1,0,22,1,23,0,1.0,0.0,1.0,0.9565217391304348,0.9777777777777777,0.022222222222222254,1
"G[0,1](((Platelets <= 74.093 & WBC >= 0.521) -> DBP >= 0.302) & Creatinine <= 11.692)
",9999999.000,9999999.000,0.000,1.000,0.000,22,0,1,0,22,1,23,0,1.0,0.0,1.0,0.9565217391304348,0.9777777777777777,0.022222222222222254,1
"G[0,1](((Magnesium >= 0.172 & Hct >= 1.474) -> DBP >= 1.486) & WBC <= 36.560)
",9999999.000,9999999.000,0.000,1.000,0.000,22,0,1,0,22,1,23,0,1.0,0.0,1.0,0.9565217391304348,0.9777777777777777,0.022222222222222254,1
"G[0,1](Bilirubin_direct <= 0.000 | SepsisLabel >= 0.000)
",9999999.000,9999999.000,0.000,1.000,0.000,22,0,1,0,22,1,23,0,1.0,0.0,1.0,0.9565217391304348,0.9777777777777777,0.022222222222222254,1
"G[0,0](BUN <= 1.690 & Calcium <= 6.975)
",1.690,1.690,0.000,1.000,0.000,22,0,0,1,23,0,22,1,0.9565217391304348,0.0,0.0,1.0,0.9777777777777777,0.022222222222222254,1
"G[1,1]((Fibrinogen >= 0.000 -> BaseExcess >= 0.111) -> Resp >= 0.041)
",0.000,0.000,0.000,1.000,0.000,22,0,1,0,22,1,23,0,1.0,0.0,1.0,0.9565217391304348,0.9777777777777777,0.022222222222222254,1
"F[0,0](((Chloride >= 8.108 -> Phosphate <= 2.737) & SaO2 >= 0.143) | PaCO2 >= 0.062)
",0.287,0.616,0.000,0.000,1.000,22,0,0,1,23,0,22,1,0.9565217391304348,0.0,0.0,1.0,0.9777777777777777,0.022222222222222254,-1
"((BUN > 0.405) U[1,1] (SepsisLabel = 0.000))
",0.000,0.000,0.000,0.000,1.000,21,0,0,2,23,0,21,2,0.9130434782608695,0.0,0.0,1.0,0.9333333333333333,0.06666666666666665,-1
"((BaseExcess >= 0.117) U[1,1] (Creatinine <= 0.055))
",3947831782922793.500,0.055,0.000,0.000,1.000,21,0,0,2,23,0,21,2,0.9130434782608695,0.0,0.0,1.0,0.9333333333333333,0.06666666666666665,-1
"F[1,1](((PaCO2 <= 24.668 | pH <= 1.236) & Calcium >= 0.527) & Phosphate >= 0.296)
",-0.527,-0.527,0.000,0.000,1.000,21,0,0,2,23,0,21,2,0.9130434782608695,0.0,0.0,1.0,0.9333333333333333,0.06666666666666665,-1
"((FiO2 >= 0.090) U[1,1] (Lactate >= 0.077))
",-5513078316654895.000,-0.077,0.000,0.000,1.000,21,0,0,2,23,0,21,2,0.9130434782608695,0.0,0.0,1.0,0.9333333333333333,0.06666666666666665,-1
"((Calcium >= 0.053) U[1,1] (HR <= 89.751))
",6315653077359295.000,89.751,0.000,0.000,1.000,21,0,0,2,23,0,21,2,0.9130434782608695,0.0,0.0,1.0,0.9333333333333333,0.06666666666666665,-1
"((BUN >= 0.213) U[1,1] (SBP >= 32.751))
",-0.213,-0.213,0.000,0.000,1.000,21,0,0,2,23,0,21,2,0.9130434782608695,0.0,0.0,1.0,0.9333333333333333,0.06666666666666665,-1
"((HCO3 >= 1.392) U[1,1] (Potassium <= 2.105))
",2370003466804117.500,2.105,0.000,0.000,1.000,21,0,0,2,23,0,21,2,0.9130434782608695,0.0,0.0,1.0,0.9333333333333333,0.06666666666666665,-1
"((BUN >= 0.463) U[1,2] (PTT >= 0.000))
",-9999999.000,-9999999.000,0.000,0.000,1.000,21,0,0,2,23,0,21,2,0.9130434782608695,0.0,0.0,1.0,0.9333333333333333,0.06666666666666665,-1
"G[1,1](((PaCO2 <= 45.011 | Glucose <= 57.387) & Hgb <= 87.685) | HR <= 46.423)
",4038219156594666.000,57.387,0.000,1.000,0.000,21,0,1,1,22,1,22,1,0.9545454545454546,0.0,1.0,0.9545454545454546,0.9333333333333333,0.06666666666666665,1
"G[0,1](TroponinI <= 0.000 -> Resp >= 5.841)
",9999999.000,9999999.000,0.000,1.000,0.000,21,0,1,1,22,1,22,1,0.9545454545454546,0.0,1.0,0.9545454545454546,0.9333333333333333,0.06666666666666665,1
"G[0,1]((HR >= 17.351 | Potassium >= 0.117) | TroponinI >= 0.113)
",9999999.000,9999999.000,0.000,1.000,0.000,21,0,1,1,22,1,22,1,0.9545454545454546,0.0,1.0,0.9545454545454546,0.9333333333333333,0.06666666666666665,1
"G[0,1]((Lactate <= 1.081 | WBC <= 14.667) | BaseExcess >= 0.046)
",9999999.000,9999999.000,0.000,1.000,0.000,21,0,1,1,22,1,22,1,0.9545454545454546,0.0,1.0,0.9545454545454546,0.9333333333333333,0.06666666666666665,1
"G[0,1](Lactate >= 0.053 -> Magnesium >= 0.096)
",9999999.000,9999999.000,0.000,1.000,0.000,21,0,1,1,22,1,22,1,0.9545454545454546,0.0,1.0,0.9545454545454546,0.9333333333333333,0.06666666666666665,1
"G[1,1]((Creatinine >= 0.036 -> pH <= 2.391) | Fibrinogen >= 0.507)
",-0.507,-0.507,0.000,1.000,0.000,21,0,1,1,22,1,22,1,0.9545454545454546,0.0,1.0,0.9545454545454546,0.9333333333333333,0.06666666666666665,1
"G[0,1](((HCO3 <= 12.596 & SBP <= 145.898) -> Fibrinogen <= 148.265) & MAP >= 23.441)
",9999999.000,9999999.000,0.000,1.000,0.000,21,0,1,1,22,1,22,1,0.9545454545454546,0.0,1.0,0.9545454545454546,0.9333333333333333,0.06666666666666665,1
"((Creatinine > 0.032) U[1,1] (SepsisLabel = 0.000))
",0.000,0.000,0.000,0.000,1.000,21,0,0,2,23,0,21,2,0.9130434782608695,0.0,0.0,1.0,0.9333333333333333,0.06666666666666665,-1
"F[0,1]((O2Sat >= 96.377 & Phosphate >= 0.016) & PaCO2 >= 0.149)
",-9999999.000,-9999999.000,0.000,0.000,1.000,21,0,0,2,23,0,21,2,0.9130434782608695,0.0,0.0,1.0,0.9333333333333333,0.06666666666666665,-1
"G[1,1]((MAP >= 73.533 & WBC >= 0.408) -> TroponinI >= 0.228)
",0.228,0.228,0.000,1.000,0.000,20,0,1,2,22,1,21,2,0.9090909090909091,0.0,1.0,0.9523809523809523,0.8888888888888888,0.11111111111111116,1
"G[0,1](Platelets <= 228.816 & SBP >= 55.810)
",9999999.000,9999999.000,0.000,1.000,0.000,20,0,0,3,23,0,20,3,0.8695652173913043,0.0,0.0,1.0,0.8888888888888888,0.11111111111111116,1
"G[1,1](HCO3 <= 8.857 & O2Sat >= 15.766)
",-4437602917397876.500,-15.766,0.000,1.000,0.000,20,0,1,2,22,1,21,2,0.9090909090909091,0.0,1.0,0.9523809523809523,0.8888888888888888,0.11111111111111116,1
"G[1,1](((HR <= 75.416 | EtCO2 >= 0.000) & Hct >= 0.000) -> BaseExcess <= 0.000)
",0.000,0.000,0.000,1.000,0.000,20,0,1,2,22,1,21,2,0.9090909090909091,0.0,1.0,0.9523809523809523,0.8888888888888888,0.11111111111111116,1
"F[1,1]((Calcium <= 1.855 | PaCO2 >= 0.948) & Chloride >= 3.120)
",-7025498421910465.000,-3.120,0.000,0.000,1.000,20,0,0,3,23,0,20,3,0.8695652173913043,0.0,0.0,1.0,0.8888888888888888,0.11111111111111116,-1
"F[0,1](((DBP <= 96.491 -> Lactate >= 0.019) & Lactate <= 3.284) & Hgb <= 1.602)
",-9999999.000,-9999999.000,0.000,0.000,1.000,20,0,0,3,23,0,20,3,0.8695652173913043,0.0,0.0,1.0,0.8888888888888888,0.11111111111111116,-1
"F[0,1](((Magnesium <= 0.820 -> BaseExcess <= 1.718) | AST >= 0.111) -> MAP <= 2.370)
",-9999999.000,-9999999.000,0.000,0.000,1.000,20,0,0,3,23,0,20,3,0.8695652173913043,0.0,0.0,1.0,0.8888888888888888,0.11111111111111116,-1
"F[1,1]((MAP <= 92.790 & pH >= 0.640) & Resp >= 0.654)
",-0.654,-0.654,0.000,0.000,1.000,20,0,0,3,23,0,20,3,0.8695652173913043,0.0,0.0,1.0,0.8888888888888888,0.11111111111111116,-1
"F[0,1](((BaseExcess <= 0.479 | Lactate <= 3.958) | Potassium <= 0.377) -> Platelets >= 0.129)
",-9999999.000,-9999999.000,0.000,0.000,1.000,20,0,0,3,23,0,20,3,0.8695652173913043,0.0,0.0,1.0,0.8888888888888888,0.11111111111111116,-1
"G[0,1](((MAP >= 48.640 & Fibrinogen <= 0.000) -> Platelets <= 0.000) & Fibrinogen <= 0.000)
",9999999.000,9999999.000,0.000,1.000,0.000,20,0,1,2,22,1,21,2,0.9090909090909091,0.0,1.0,0.9523809523809523,0.8888888888888888,0.11111111111111116,1
"G[1,1](Creatinine <= 0.139 & DBP <= 93.513)
",5015540793082257.000,0.139,0.000,1.000,0.000,19,0,1,3,22,1,20,3,0.8636363636363636,0.0,1.0,0.95,0.8444444444444444,0.15555555555555556,1
"((Hct <= 17.357) U[1,1] (Potassium >= 0.146))
",4885607439693276.000,17.357,0.000,0.000,1.000,19,0,0,4,23,0,19,4,0.8260869565217391,0.0,0.0,1.0,0.8444444444444444,0.15555555555555556,-1
"((DBP >= 24.265) U[0,1] (HCO3 >= 0.162))
",-9999999.000,-9999999.000,0.000,0.000,1.000,19,0,0,4,23,0,19,4,0.8260869565217391,0.0,0.0,1.0,0.8444444444444444,0.15555555555555556,-1
"G[0,1](((BaseExcess >= 0.017 | BUN <= 8.688) & PaCO2 >= 0.386) -> Fibrinogen >= 0.539)
",9999999.000,9999999.000,0.000,1.000,0.000,19,0,1,3,22,1,20,3,0.8636363636363636,0.0,1.0,0.95,0.8444444444444444,0.15555555555555556,1
"G[0,1](((Calcium >= 0.347 & SBP >= 129.086) -> EtCO2 >= 65.959) & Bilirubin_total <= 146.027)
",9999999.000,9999999.000,0.000,1.000,0.000,19,0,1,3,22,1,20,3,0.8636363636363636,0.0,1.0,0.95,0.8444444444444444,0.15555555555555556,1
"G[0,1](((FiO2 >= 0.094 & TroponinI <= 0.000) -> Hct >= 0.000) & Creatinine <= 0.000)
",9999999.000,9999999.000,0.000,1.000,0.000,19,0,1,3,22,1,20,3,0.8636363636363636,0.0,1.0,0.95,0.8444444444444444,0.15555555555555556,1
"G[1,1]((Magnesium <= 0.802 & SaO2 >= 0.000) & pH >= 0.000)
",0.000,0.000,0.000,1.000,0.000,19,0,1,3,22,1,20,3,0.8636363636363636,0.0,1.0,0.95,0.8444444444444444,0.15555555555555556,1
"G[1,1](((Lactate <= 3.182 | WBC <= 1.064) & Chloride <= 15.758) & HCO3 <= 14.814)
",7165488766950175.000,3.182,0.000,1.000,0.000,19,0,1,3,22,1,20,3,0.8636363636363636,0.0,1.0,0.95,0.8444444444444444,0.15555555555555556,1
"G[0,1](Calcium >= 0.542 -> HCO3 <= 5.272)
",9999999.000,9999999.000,0.000,1.000,0.000,19,0,1,3,22,1,20,3,0.8636363636363636,0.0,1.0,0.95,0.8444444444444444,0.15555555555555556,1
"G[0,1](BUN < 4.496 & SepsisLabel = 0.000)
",9999999.000,9999999.000,0.000,1.000,0.000,19,0,1,3,22,1,20,3,0.8636363636363636,0.0,1.0,0.95,0.8444444444444444,0.15555555555555556,1
"G[0,1]((Chloride >= 0.244 -> PaCO2 <= 4.845) -> Glucose <= 42.388)
",9999999.000,9999999.000,0.000,1.000,0.000,19,0,1,3,22,1,20,3,0.8636363636363636,0.0,1.0,0.95,0.8444444444444444,0.15555555555555556,1
"F[0,1]((pH >= 0.542 -> BaseExcess <= 0.940) -> AST >= 0.016)
",-9999999.000,-9999999.000,0.000,0.000,1.000,19,0,0,4,23,0,19,4,0.8260869565217391,0.0,0.0,1.0,0.8444444444444444,0.15555555555555556,-1
"((HCO3 <= 3.114) U[0,1] (BUN >= 0.058))
",-9999999.000,-9999999.000,0.000,0.000,1.000,19,0,0,4,23,0,19,4,0.8260869565217391,0.0,0.0,1.0,0.8444444444444444,0.15555555555555556,-1
"((Hct >= 0.928) U[0,1] (Phosphate >= 0.092))
",-9999999.000,-9999999.000,0.000,0.000,1.000,19,0,0,4,23,0,19,4,0.8260869565217391,0.0,0.0,1.0,0.8444444444444444,0.15555555555555556,-1
"((Creatinine >= 0.032) U[1,2] (Hgb <= 9.469))
",-9999999.000,-9999999.000,0.000,0.000,1.000,19,0,0,4,23,0,19,4,0.8260869565217391,0.0,0.0,1.0,0.8444444444444444,0.15555555555555556,-1
"F[0,1](((BUN >= 0.423 & Chloride <= 16.591) -> Phosphate >= 6.627) -> BUN >= 0.022)
",-9999999.000,-9999999.000,0.000,0.000,1.000,19,0,0,4,23,0,19,4,0.8260869565217391,0.0,0.0,1.0,0.8444444444444444,0.15555555555555556,-1
"F[0,1]((Magnesium >= 0.008 & Resp <= 22.331) | Bilirubin_total >= 9.153)
",-9999999.000,-9999999.000,0.000,0.000,1.000,19,0,0,4,23,0,19,4,0.8260869565217391,0.0,0.0,1.0,0.8444444444444444,0.15555555555555556,-1
"F[0,0]((PaCO2 <= 23.919 & SBP <= 163.184) -> Platelets >= 18.377)
",-10.837,-23.241,0.000,0.000,1.000,19,0,0,4,23,0,19,4,0.8260869565217391,0.0,0.0,1.0,0.8444444444444444,0.15555555555555556,-1
"F[0,1](((FiO2 <= 0.388 | Glucose <= 20.930) -> AST >= 9.030) & Potassium <= 143.371)
",-9999999.000,-9999999.000,0.000,0.000,1.000,19,0,0,4,23,0,19,4,0.8260869565217391,0.0,0.0,1.0,0.8444444444444444,0.15555555555555556,-1
"((Magnesium <= 0.421) U[0,1] (Potassium >= 0.208))
",-9999999.000,-9999999.000,0.000,0.000,1.000,18,0,0,5,23,0,18,5,0.782608695652174,0.0,0.0,1.0,0.8,0.19999999999999996,-1
"F[0,1](((Glucose >= 8.955 | Hct <= 28.879) -> PaCO2 <= 37.253) -> BUN >= 0.380)
",-9999999.000,-9999999.000,0.000,0.000,1.000,18,0,0,5,23,0,18,5,0.782608695652174,0.0,0.0,1.0,0.8,0.19999999999999996,-1
"F[0,1](O2Sat <= 97.849 & SepsisLabel = 0.000)
",-9999999.000,-9999999.000,0.000,0.000,1.000,18,0,0,5,23,0,18,5,0.782608695652174,0.0,0.0,1.0,0.8,0.19999999999999996,-1
"F[1,1]((Bilirubin_direct >= 0.000 | BUN <= 9.032) & Glucose >= 0.284)
",-0.284,-0.284,0.000,0.000,1.000,18,0,0,5,23,0,18,5,0.782608695652174,0.0,0.0,1.0,0.8,0.19999999999999996,-1
"F[0,1]((BaseExcess >= 0.126 -> Calcium <= 1.936) & Chloride >= 0.572)
",-9999999.000,-9999999.000,0.000,0.000,1.000,18,0,0,5,23,0,18,5,0.782608695652174,0.0,0.0,1.0,0.8,0.19999999999999996,-1
"F[0,1](((O2Sat <= 96.480 -> pH <= 1.675) & Chloride >= 0.531) & TroponinI <= 3.007)
",-9999999.000,-9999999.000,0.000,0.000,1.000,18,0,0,5,23,0,18,5,0.782608695652174,0.0,0.0,1.0,0.8,0.19999999999999996,-1
"G[0,0](FiO2 <= 0.273 | HCO3 >= 1.625)
",0.248,0.151,0.000,1.000,0.000,18,0,0,5,23,0,18,5,0.782608695652174,0.0,0.0,1.0,0.8,0.19999999999999996,1
"F[1,1](MAP <= 112.675 -> Platelets >= 5.477)
",-7928772235645903.000,-112.675,0.000,0.000,1.000,17,0,0,6,23,0,17,6,0.7391304347826086,0.0,0.0,1.0,0.7555555555555555,0.24444444444444446,-1
"((BUN >= 0.558) U[0,1] (Glucose >= 12.544))
",-9999999.000,-9999999.000,0.000,0.000,1.000,17,0,0,6,23,0,17,6,0.7391304347826086,0.0,0.0,1.0,0.7555555555555555,0.24444444444444446,-1
"F[0,1](Glucose >= 6.439 & MAP >= 51.008)
",-9999999.000,-9999999.000,0.000,0.000,1.000,17,0,0,6,23,0,17,6,0.7391304347826086,0.0,0.0,1.0,0.7555555555555555,0.24444444444444446,-1
"G[0,1](Lactate <= 3.930 & SBP >= 130.184)
",9999999.000,9999999.000,0.000,1.000,0.000,17,0,0,6,23,0,17,6,0.7391304347826086,0.0,0.0,1.0,0.7555555555555555,0.24444444444444446,1
"((FiO2 >= 0.037) U[1,2] (HR >= 50.708))
",-9999999.000,-9999999.000,0.000,0.000,1.000,16,0,0,7,23,0,16,7,0.6956521739130435,0.0,0.0,1.0,0.7111111111111111,0.28888888888888886,-1
"G[0,1](MAP <= 102.717 | WBC >= 0.055)
",9999999.000,9999999.000,0.000,1.000,0.000,16,0,1,6,22,1,17,6,0.7272727272727273,0.0,1.0,0.9411764705882353,0.7111111111111111,0.28888888888888886,1
"G[1,1]((PaCO2 <= 48.279 & Resp <= 21.002) | Bilirubin_direct >= 2.121)
",5911494159033985.000,21.002,0.000,1.000,0.000,15,0,1,7,22,1,16,7,0.6818181818181818,0.0,1.0,0.9375,0.6666666666666666,0.33333333333333337,1
"F[0,0]((Calcium >= 0.446 -> DBP >= 8.623) -> HR <= 66.287)
",8.147,85.240,0.000,0.000,1.000,14,0,0,9,23,0,14,9,0.6086956521739131,0.0,0.0,1.0,0.6222222222222222,0.37777777777777777,-1
"F[1,1]((PTT >= 0.000 & FiO2 <= 0.186) -> Creatinine >= 0.083)
",0.000,0.000,0.000,0.000,1.000,14,0,0,9,23,0,14,9,0.6086956521739131,0.0,0.0,1.0,0.6222222222222222,0.37777777777777777,-1
"F[1,1]((Resp >= 15.067 -> Temp >= 6.194) & Temp >= 3.840)
",-2161942890716139.000,-3.840,0.000,0.000,1.000,12,0,0,11,23,0,12,11,0.5217391304347826,0.0,0.0,1.0,0.5333333333333333,0.4666666666666667,-1
"G[0,0]((DBP <= 66.513 | Platelets >= 0.491) & Hct <= 193.010)
",-8845892522593251.000,-0.491,0.000,1.000,0.000,12,0,0,11,23,0,12,11,0.5217391304347826,0.0,0.0,1.0,0.5333333333333333,0.4666666666666667,1
"G[0,1]((HR <= 75.989 -> WBC >= 0.083) -> Temp >= 0.132)
",9999999.000,9999999.000,0.000,1.000,0.000,12,0,0,11,23,0,12,11,0.5217391304347826,0.0,0.0,1.0,0.5333333333333333,0.4666666666666667,1
"F[0,1]((Hct <= 2.041 & Calcium <= 0.824) & Temp >= 0.472)
",-9999999.000,-9999999.000,0.000,0.000,1.000,11,0,0,12,23,0,11,12,0.4782608695652174,0.0,0.0,1.0,0.4888888888888889,0.5111111111111111,-1
"F[1,1](((HR >= 35.479 & SBP <= 149.327) | HR >= 128.684) & Creatinine <= 143.029)
",-4993284816318385.000,-35.479,0.000,0.000,1.000,10,0,0,13,23,0,10,13,0.43478260869565216,0.0,0.0,1.0,0.4444444444444444,0.5555555555555556,-1
"F[1,1]((Temp >= 3.862 | Chloride >= 3.639) & Magnesium <= 70.596)
",-4097506294574470.000,-3.639,0.000,0.000,1.000,10,0,0,13,23,0,10,13,0.43478260869565216,0.0,0.0,1.0,0.4444444444444444,0.5555555555555556,-1
"F[0,1](BaseExcess >= 0.091 | FiO2 >= 0.122)
",-9999999.000,-9999999.000,0.000,0.000,1.000,10,0,0,13,23,0,10,13,0.43478260869565216,0.0,0.0,1.0,0.4444444444444444,0.5555555555555556,-1
"((MAP >= 27.206) U[0,0] (SBP <= 149.169))
",10.148,142.331,0.000,0.000,1.000,7,0,0,16,23,0,7,16,0.30434782608695654,0.0,0.0,1.0,0.3111111111111111,0.6888888888888889,-1
"G[1,1](((Fibrinogen <= 0.000 & Phosphate <= 2.694) & FiO2 >= 0.012) & HCO3 <= 1.175)
",-0.012,-0.012,0.000,1.000,0.000,6,0,1,16,22,1,7,16,0.2727272727272727,0.0,1.0,0.8571428571428571,0.26666666666666666,0.7333333333333334,1
"((MAP >= 38.029) U[0,1] (SBP <= 150.112))
",-9999999.000,-9999999.000,0.000,0.000,1.000,6,0,0,17,23,0,6,17,0.2608695652173913,0.0,0.0,1.0,0.26666666666666666,0.7333333333333334,-1
"G[0,1]((Calcium <= 4.828 -> Platelets <= 129.064) & DBP <= 61.416)
",9999999.000,9999999.000,0.000,1.000,0.000,4,0,1,18,22,1,5,18,0.18181818181818182,0.0,1.0,0.8,0.17777777777777778,0.8222222222222222,1
"((Potassium <= 0.450) U[1,1] (MAP <= 112.078))
",7886801401795421.000,112.078,0.000,0.000,1.000,4,0,0,19,23,0,4,19,0.17391304347826086,0.0,0.0,1.0,0.17777777777777778,0.8222222222222222,-1
"((Lactate >= 0.154) U[1,2] (PaCO2 >= 1.533))
",-9999999.000,-9999999.000,0.000,0.000,1.000,3,0,0,20,23,0,3,20,0.13043478260869565,0.0,0.0,1.0,0.13333333333333333,0.8666666666666667,-1
"((Hgb >= 0.538) U[1,2] (Potassium >= 0.306))
",-9999999.000,-9999999.000,0.000,0.000,1.000,3,0,0,20,23,0,3,20,0.13043478260869565,0.0,0.0,1.0,0.13333333333333333,0.8666666666666667,-1
"F[0,0](Resp >= 2.421 -> SBP <= 173.074)
",-10.535,-164.602,0.000,0.000,1.000,3,0,0,20,23,0,3,20,0.13043478260869565,0.0,0.0,1.0,0.13333333333333333,0.8666666666666667,-1
"((MAP >= 72.069) U[0,0] (SBP <= 174.912))
",10.653,166.439,0.000,0.000,1.000,3,0,0,20,23,0,3,20,0.13043478260869565,0.0,0.0,1.0,0.13333333333333333,0.8666666666666667,-1
"G[1,1]((Creatinine >= 0.028 | HCO3 <= 25.260) & pH >= 0.062)
",-2986756219878940.000,-0.062,0.000,1.000,0.000,3,0,1,19,22,1,4,19,0.13636363636363635,0.0,1.0,0.75,0.13333333333333333,0.8666666666666667,1
"F[1,1]((Phosphate >= 0.077 & Magnesium > 0.135) -> Calcium < 1.608)
",-3620849916998446.000,-1.608,0.000,0.000,1.000,2,0,0,21,23,0,2,21,0.08695652173913043,0.0,0.0,1.0,0.08888888888888889,0.9111111111111111,-1
"F[1,1](Hgb <= 8.894 | Hct <= 6.549)
",5006766146818383.000,8.894,0.000,0.000,1.000,2,0,0,21,23,0,2,21,0.08695652173913043,0.0,0.0,1.0,0.08888888888888889,0.9111111111111111,-1
"((MAP >= 46.979) U[0,1] (SBP <= 155.628))
",-9999999.000,-9999999.000,0.000,0.000,1.000,2,0,0,21,23,0,2,21,0.08695652173913043,0.0,0.0,1.0,0.08888888888888889,0.9111111111111111,-1
"F[0,0](Creatinine <= 0.295 & PaCO2 <= 41.448)
",-0.388,-12.887,0.000,0.000,1.000,2,0,0,21,23,0,2,21,0.08695652173913043,0.0,0.0,1.0,0.08888888888888889,0.9111111111111111,-1
"F[1,1]((Phosphate >= 0.137 & Magnesium > 0.104) -> Calcium < 5.002)
",-5631629836685921.000,-5.002,0.000,0.000,1.000,2,0,0,21,23,0,2,21,0.08695652173913043,0.0,0.0,1.0,0.08888888888888889,0.9111111111111111,-1
"F[1,1]((Phosphate >= 0.018 & Magnesium > 0.015) -> Calcium < 2.858)
",-3217311841303358.000,-2.858,0.000,0.000,1.000,2,0,0,21,23,0,2,21,0.08695652173913043,0.0,0.0,1.0,0.08888888888888889,0.9111111111111111,-1
"F[0,1](HR >= 65.882 & SBP >= 108.526)
",-9999999.000,-9999999.000,0.000,0.000,1.000,2,0,0,21,23,0,2,21,0.08695652173913043,0.0,0.0,1.0,0.08888888888888889,0.9111111111111111,-1
"G[1,1](Chloride >= 8.071 & HCO3 >= 0.639)
",-4543556317353377.000,-8.071,0.000,1.000,0.000,2,0,1,20,22,1,3,20,0.09090909090909091,0.0,1.0,0.6666666666666666,0.08888888888888889,0.9111111111111111,1
"G[1,1](((Hgb <= 8.689 | Hct <= 9.079) -> WBC >= 0.148) & Platelets >= 8.726)
",-5111188318785073.000,-9.079,0.000,1.000,0.000,2,0,1,20,22,1,3,20,0.09090909090909091,0.0,1.0,0.6666666666666666,0.08888888888888889,0.9111111111111111,1
"G[1,1](BUN >= 0.218 & Resp >= 1.670)
",-7522601522829229.000,-1.670,0.000,1.000,0.000,2,0,1,20,22,1,3,20,0.09090909090909091,0.0,1.0,0.6666666666666666,0.08888888888888889,0.9111111111111111,1
"G[1,1](Platelets <= 18.396 -> WBC >= 0.284)
",-5178072455366911.000,-18.396,0.000,1.000,0.000,2,0,1,20,22,1,3,20,0.09090909090909091,0.0,1.0,0.6666666666666666,0.08888888888888889,0.9111111111111111,1
"G[1,1](Hgb >= 0.265 | WBC >= 0.425)
",-0.265,-0.265,0.000,1.000,0.000,2,0,1,20,22,1,3,20,0.09090909090909091,0.0,1.0,0.6666666666666666,0.08888888888888889,0.9111111111111111,1
"F[1,1]((Glucose >= 0.057 | Resp <= 23.807) | Glucose >= 6.940)
",6701062213482733.000,23.807,0.000,0.000,1.000,2,0,0,21,23,0,2,21,0.08695652173913043,0.0,0.0,1.0,0.08888888888888889,0.9111111111111111,-1
"((HR <= 99.787) U[0,0] (Magnesium <= 0.432))
",0.451,0.291,0.000,0.000,1.000,1,0,0,22,23,0,1,22,0.043478260869565216,0.0,0.0,1.0,0.044444444444444446,0.9555555555555556,-1
"F[1,1]((BaseExcess <= 0.895 -> Creatinine <= 0.731) | Hct <= 0.515)
",4639753822653057.000,0.515,0.000,0.000,1.000,1,0,0,22,23,0,1,22,0.043478260869565216,0.0,0.0,1.0,0.044444444444444446,0.9555555555555556,-1
"((HCO3 <= 23.775) U[1,2] (MAP <= 118.300))
",-9999999.000,-9999999.000,0.000,0.000,1.000,1,0,0,22,23,0,1,22,0.043478260869565216,0.0,0.0,1.0,0.044444444444444446,0.9555555555555556,-1
"F[1,1](Creatinine >= 0.013 -> HR <= 83.408)
",-5869314691824497.000,-83.408,0.000,0.000,1.000,1,0,0,22,23,0,1,22,0.043478260869565216,0.0,0.0,1.0,0.044444444444444446,0.9555555555555556,-1
"G[0,0]((Hgb <= 5.692 & pH >= 0.150) & O2Sat >= 0.535)
",-0.222,-1.298,0.000,1.000,0.000,1,0,0,22,23,0,1,22,0.043478260869565216,0.0,0.0,1.0,0.044444444444444446,0.9555555555555556,1
"G[1,1]((pH <= 6.915 -> Platelets <= 44.085) -> FiO2 >= 6.392)
",7197014105677469.000,6.392,0.000,1.000,0.000,1,0,1,21,22,1,2,21,0.045454545454545456,0.0,1.0,0.5,0.044444444444444446,0.9555555555555556,1
"((DBP <= 78.860) U[1,2] (Potassium <= 4.021))
",-9999999.000,-9999999.000,0.000,0.000,1.000,1,0,0,22,23,0,1,22,0.043478260869565216,0.0,0.0,1.0,0.044444444444444446,0.9555555555555556,-1
"G[0,0](((Chloride <= 88.118 | Potassium >= 0.288) | Lactate >= 0.018) & Temp >= 0.307)
",21.555,90.086,0.000,1.000,0.000,1,0,0,22,23,0,1,22,0.043478260869565216,0.0,0.0,1.0,0.044444444444444446,0.9555555555555556,1
"G[0,0](Chloride >= 4.071 & HCO3 >= 0.320)
",-3.459,-3.730,0.000,1.000,0.000,1,0,0,22,23,0,1,22,0.043478260869565216,0.0,0.0,1.0,0.044444444444444446,0.9555555555555556,1
"F[0,0](((Calcium < 7.379 & Potassium < 0.753) & Magnesium < 1.985) & Phosphate < 2.432)
",0.659,0.458,0.000,0.000,1.000,1,0,0,22,23,0,1,22,0.043478260869565216,0.0,0.0,1.0,0.044444444444444446,0.9555555555555556,-1
"((MAP >= 67.456) U[1,2] (SBP <= 147.373))
",-9999999.000,-9999999.000,0.000,0.000,1.000,1,0,0,22,23,0,1,22,0.043478260869565216,0.0,0.0,1.0,0.044444444444444446,0.9555555555555556,-1
"((Phosphate >= 0.114) U[0,1] (MAP <= 117.255))
",-9999999.000,-9999999.000,0.000,0.000,1.000,1,0,0,22,23,0,1,22,0.043478260869565216,0.0,0.0,1.0,0.044444444444444446,0.9555555555555556,-1
"((HR >= 23.931) U[1,1] (EtCO2 >= 0.000))
",0.000,0.000,0.000,0.000,1.000,1,0,0,22,23,0,1,22,0.043478260869565216,0.0,0.0,1.0,0.044444444444444446,0.9555555555555556,-1
"((Creatinine <= 0.095) U[1,2] (SepsisLabel = 0.000))
",-9999999.000,-9999999.000,0.000,0.000,1.000,1,0,0,22,23,0,1,22,0.043478260869565216,0.0,0.0,1.0,0.044444444444444446,0.9555555555555556,-1
"F[0,0]((SaO2 >= 0.000 -> SepsisLabel <= 0.000) & BaseExcess <= 0.000)
",-0.316,-3.273,0.000,0.000,1.000,1,0,0,22,23,0,1,22,0.043478260869565216,0.0,0.0,1.0,0.044444444444444446,0.9555555555555556,-1
"((FiO2 >= 0.074) U[0,1] (MAP <= 106.510))
",-9999999.000,-9999999.000,0.000,0.000,1.000,1,0,0,22,23,0,1,22,0.043478260869565216,0.0,0.0,1.0,0.044444444444444446,0.9555555555555556,-1
"F[0,0]((DBP <= 64.429 & Magnesium >= 0.047) -> HCO3 <= 1.953)
",-2.728,-1.771,0.000,0.000,1.000,1,0,0,22,23,0,1,22,0.043478260869565216,0.0,0.0,1.0,0.044444444444444446,0.9555555555555556,-1
"((Calcium >= 0.578) U[0,1] (FiO2 <= 0.215))
",-9999999.000,-9999999.000,0.000,0.000,1.000,1,0,0,22,23,0,1,22,0.043478260869565216,0.0,0.0,1.0,0.044444444444444446,0.9555555555555556,-1
"F[0,0](BUN <= 8.259 & SepsisLabel = 0.000)
",-0.218,-9.364,0.000,0.000,1.000,1,0,0,22,23,0,1,22,0.043478260869565216,0.0,0.0,1.0,0.044444444444444446,0.9555555555555556,-1
"((Temp < 15.391) U[1,1] (SepsisLabel = 0.000))
",2888149666748633.500,15.391,0.000,0.000,1.000,1,0,0,22,23,0,1,22,0.043478260869565216,0.0,0.0,1.0,0.044444444444444446,0.9555555555555556,-1
"((Phosphate <= 1.699) U[1,2] (Temp >= 2.619))
",-9999999.000,-9999999.000,0.000,0.000,1.000,1,0,0,22,23,0,1,22,0.043478260869565216,0.0,0.0,1.0,0.044444444444444446,0.9555555555555556,-1
"F[0,0](Hct <= 26.578 -> Calcium <= 0.852)
",-7481173187985645.000,-26.578,0.000,0.000,1.000,1,0,0,22,23,0,1,22,0.043478260869565216,0.0,0.0,1.0,0.044444444444444446,0.9555555555555556,-1
"F[1,2]((PaCO2 >= 2.047 | SaO2 <= 0.000) & PaCO2 >= 0.000)
",-9999999.000,-9999999.000,0.000,0.000,1.000,0,0,0,23,23,0,0,23,0.0,0.0,0.0,0.0,0.0,1.0,-1
"F[0,1](((PaCO2 <= 4.356 | BaseExcess >= 0.055) -> Alkalinephos >= 0.020) -> Bilirubin_total >= 0.098)
",-9999999.000,-9999999.000,0.000,0.000,1.000,0,0,0,23,23,0,0,23,0.0,0.0,0.0,0.0,0.0,1.0,-1
"F[1,2]((Alkalinephos >= 0.000 -> Alkalinephos <= 0.000) -> SaO2 >= 0.000)
",-9999999.000,-9999999.000,0.000,0.000,1.000,0,0,0,23,23,0,0,23,0.0,0.0,0.0,0.0,0.0,1.0,-1
"F[0,1](WBC <= 4.086 & Chloride <= 59.531)
",-9999999.000,-9999999.000,0.000,0.000,1.000,0,0,0,23,23,0,0,23,0.0,0.0,0.0,0.0,0.0,1.0,-1
"F[1,2](((EtCO2 >= 0.000 | BaseExcess <= 1.409) | SepsisLabel >= 0.023) -> HR >= 0.112)
",-9999999.000,-9999999.000,0.000,0.000,1.000,0,0,0,23,23,0,0,23,0.0,0.0,0.0,0.0,0.0,1.0,-1
"((PTT <= 0.000) U[0,2] (TroponinI >= 0.000))
",-9999999.000,-9999999.000,0.000,0.000,1.000,0,0,0,23,23,0,0,23,0.0,0.0,0.0,0.0,0.0,1.0,-1
"F[0,2](((SBP <= 145.646 -> Platelets >= 7.124) & Bilirubin_direct >= 7.766) & EtCO2 >= 8.336)
",-9999999.000,-9999999.000,0.000,0.000,1.000,0,0,0,23,23,0,0,23,0.0,0.0,0.0,0.0,0.0,1.0,-1
"((TroponinI >= 0.000) U[0,2] (PaCO2 >= 0.823))
",-9999999.000,-9999999.000,0.000,0.000,1.000,0,0,0,23,23,0,0,23,0.0,0.0,0.0,0.0,0.0,1.0,-1
"F[0,2](Bilirubin_total <= 0.000 -> EtCO2 <= 0.000)
",-9999999.000,-9999999.000,0.000,0.000,1.000,0,0,0,23,23,0,0,23,0.0,0.0,0.0,0.0,0.0,1.0,-1
"F[0,2]((Lactate <= 1.384 & Temp <= 25.664) | TroponinI >= 0.382)
",-9999999.000,-9999999.000,0.000,0.000,1.000,0,0,0,23,23,0,0,23,0.0,0.0,0.0,0.0,0.0,1.0,-1
"F[1,1]((Fibrinogen <= 0.000 -> Fibrinogen <= 0.000) | Temp <= 0.000)
",0.000,0.000,0.000,0.000,1.000,0,0,0,23,23,0,0,23,0.0,0.0,0.0,0.0,0.0,1.0,-1
"F[1,2]((pH <= 0.686 -> WBC <= 9.895) & Chloride <= 0.895)
",-9999999.000,-9999999.000,0.000,0.000,1.000,0,0,0,23,23,0,0,23,0.0,0.0,0.0,0.0,0.0,1.0,-1
"((O2Sat >= 95.210) U[0,1] (Platelets <= 86.201))
",-9999999.000,-9999999.000,0.000,0.000,1.000,0,0,0,23,23,0,0,23,0.0,0.0,0.0,0.0,0.0,1.0,-1
"F[2,2](((FiO2 <= 0.331 | Bilirubin_total >= 0.000) -> Magnesium >= 0.000) -> Bilirubin_direct >= 0.000)
",0.000,0.000,0.000,0.000,1.000,0,0,0,23,23,0,0,23,0.0,0.0,0.0,0.0,0.0,1.0,-1
"((BaseExcess >= 0.093) U[0,2] (Platelets >= 7.070))
",-9999999.000,-9999999.000,0.000,0.000,1.000,0,0,0,23,23,0,0,23,0.0,0.0,0.0,0.0,0.0,1.0,-1
"F[1,1]((EtCO2 <= 0.000 & Resp >= 12.197) & TroponinI <= 24.307)
",-12.197,-12.197,0.000,0.000,1.000,0,0,0,23,23,0,0,23,0.0,0.0,0.0,0.0,0.0,1.0,-1
"F[1,2](((BaseExcess >= 0.125 -> Hct >= 0.103) & PTT <= 24.647) & Temp <= 14.052)
",-9999999.000,-9999999.000,0.000,0.000,1.000,0,0,0,23,23,0,0,23,0.0,0.0,0.0,0.0,0.0,1.0,-1
"F[0,1](O2Sat <= 98.708 -> SepsisLabel = 0.000)
",-9999999.000,-9999999.000,0.000,0.000,1.000,0,0,0,23,23,0,0,23,0.0,0.0,0.0,0.0,0.0,1.0,-1
"F[1,2](((Potassium >= 0.284 -> Alkalinephos <= 0.000) & Fibrinogen >= 0.000) -> Fibrinogen <= 0.000)
",-9999999.000,-9999999.000,0.000,0.000,1.000,0,0,0,23,23,0,0,23,0.0,0.0,0.0,0.0,0.0,1.0,-1
"F[1,2](BaseExcess <= 0.282 & Bilirubin_total <= 0.000)
",-9999999.000,-9999999.000,0.000,0.000,1.000,0,0,0,23,23,0,0,23,0.0,0.0,0.0,0.0,0.0,1.0,-1
"F[1,2](((BaseExcess >= 0.132 & Fibrinogen >= 0.000) & FiO2 >= 0.000) & Phosphate >= 0.000)
",-9999999.000,-9999999.000,0.000,0.000,1.000,0,0,0,23,23,0,0,23,0.0,0.0,0.0,0.0,0.0,1.0,-1
"F[0,2](((Lactate >= 0.094 & SBP >= 79.072) | Creatinine >= 109.487) & Resp <= 147.854)
",-9999999.000,-9999999.000,0.000,0.000,1.000,0,0,0,23,23,0,0,23,0.0,0.0,0.0,0.0,0.0,1.0,-1
"F[1,2]((HR <= 88.629 | Bilirubin_total <= 0.000) | Bilirubin_total <= 0.000)
",-9999999.000,-9999999.000,0.000,0.000,1.000,0,0,0,23,23,0,0,23,0.0,0.0,0.0,0.0,0.0,1.0,-1
"F[1,1](PTT >= 0.000 & EtCO2 <= 0.000)
",0.000,0.000,0.000,0.000,1.000,0,0,0,23,23,0,0,23,0.0,0.0,0.0,0.0,0.0,1.0,-1
"F[0,2](BaseExcess <= 1.676 & Hgb <= 13.881)
",-9999999.000,-9999999.000,0.000,0.000,1.000,0,0,0,23,23,0,0,23,0.0,0.0,0.0,0.0,0.0,1.0,-1
"F[1,2](Hgb >= 0.069 | TroponinI <= 0.000)
",-9999999.000,-9999999.000,0.000,0.000,1.000,0,0,0,23,23,0,0,23,0.0,0.0,0.0,0.0,0.0,1.0,-1
"F[0,2](((Phosphate <= 0.739 -> Creatinine >= 0.021) -> Potassium >= 0.004) & Temp >= 0.043)
",-9999999.000,-9999999.000,0.000,0.000,1.000,0,0,0,23,23,0,0,23,0.0,0.0,0.0,0.0,0.0,1.0,-1
"((pH <= 1.971) U[0,0] (Fibrinogen <= 0.000))
",8.791,1.830,0.000,0.000,1.000,0,0,0,23,23,0,0,23,0.0,0.0,0.0,0.0,0.0,1.0,-1
"F[0,0](Creatinine >= 0.014 | Lactate <= 1.248)
",0.433,14.200,0.000,0.000,1.000,0,0,0,23,23,0,0,23,0.0,0.0,0.0,0.0,0.0,1.0,-1
"((Alkalinephos >= 0.000) U[2,2] (O2Sat >= 42.556))
",0.000,0.000,0.000,0.000,1.000,0,0,0,23,23,0,0,23,0.0,0.0,0.0,0.0,0.0,1.0,-1
"F[1,1]((TroponinI <= 0.000 & EtCO2 >= 0.000) | Hct >= 0.000)
",0.000,0.000,0.000,0.000,1.000,0,0,0,23,23,0,0,23,0.0,0.0,0.0,0.0,0.0,1.0,-1
"F[0,1](((PTT <= 0.000 -> FiO2 <= 0.177) & Chloride <= 0.196) -> Glucose <= 0.495)
",-9999999.000,-9999999.000,0.000,0.000,1.000,0,0,0,23,23,0,0,23,0.0,0.0,0.0,0.0,0.0,1.0,-1
"F[2,2]((Calcium <= 4.729 | TroponinI <= 0.000) | SepsisLabel >= 0.000)
",4.729,4.729,0.000,0.000,1.000,0,0,0,23,23,0,0,23,0.0,0.0,0.0,0.0,0.0,1.0,-1
"((PTT <= 0.000) U[1,2] (DBP >= 7.699))
",-9999999.000,-9999999.000,0.000,0.000,1.000,0,0,0,23,23,0,0,23,0.0,0.0,0.0,0.0,0.0,1.0,-1
"F[1,2]((SBP >= 101.085 | Bilirubin_total <= 0.000) -> TroponinI >= 0.000)
",-9999999.000,-9999999.000,0.000,0.000,1.000,0,0,0,23,23,0,0,23,0.0,0.0,0.0,0.0,0.0,1.0,-1
"F[0,1]((AST <= 0.000 | MAP >= 82.078) | Resp >= 48.555)
",-9999999.000,-9999999.000,0.000,0.000,1.000,0,0,0,23,23,0,0,23,0.0,0.0,0.0,0.0,0.0,1.0,-1
"F[1,2]((Platelets >= 2.731 | Phosphate <= 2.209) | Fibrinogen <= 0.624)
",-9999999.000,-9999999.000,0.000,0.000,1.000,0,0,0,23,23,0,0,23,0.0,0.0,0.0,0.0,0.0,1.0,-1
"((HR >= 22.165) U[0,0] (Hct <= 3.936))
",5729.835,5729.835,0.000,0.000,1.000,0,0,0,23,23,0,0,23,0.0,0.0,0.0,0.0,0.0,1.0,-1
"((O2Sat >= 86.359) U[0,1] (pH <= 4.956))
",-9999999.000,-9999999.000,0.000,0.000,1.000,0,0,0,23,23,0,0,23,0.0,0.0,0.0,0.0,0.0,1.0,-1
"F[1,2](((HR >= 61.956 & Resp <= 24.612) | Temp <= 20.034) -> TroponinI >= 16.758)
",-9999999.000,-9999999.000,0.000,0.000,1.000,0,0,0,23,23,0,0,23,0.0,0.0,0.0,0.0,0.0,1.0,-1
"F[2,2](SepsisLabel >= 0.000 & BUN <= 1.984)
",0.000,0.000,0.000,0.000,1.000,0,0,0,23,23,0,0,23,0.0,0.0,0.0,0.0,0.0,1.0,-1
"F[0,2]((AST >= 0.000 -> Calcium <= 1.868) -> Lactate >= 0.466)
",-9999999.000,-9999999.000,0.000,0.000,1.000,0,0,0,23,23,0,0,23,0.0,0.0,0.0,0.0,0.0,1.0,-1
"G[0,2](BUN <= 8.774 & Creatinine >= 0.041)
",9999999.000,9999999.000,0.000,1.000,0.000,0,0,0,23,23,0,0,23,0.0,0.0,0.0,0.0,0.0,1.0,1
"F[0,1](((Glucose <= 114.644 & Lactate >= 0.085) | Glucose >= 0.065) -> DBP <= 2.096)
",-9999999.000,-9999999.000,0.000,0.000,1.000,0,0,0,23,23,0,0,23,0.0,0.0,0.0,0.0,0.0,1.0,-1
"((Bilirubin_direct >= 0.000) U[1,2] (Phosphate <= 2.177))
",-9999999.000,-9999999.000,0.000,0.000,1.000,0,0,0,23,23,0,0,23,0.0,0.0,0.0,0.0,0.0,1.0,-1
"F[0,2](Temp >= 8.405 -> SepsisLabel >= 0.000)
",-9999999.000,-9999999.000,0.000,0.000,1.000,0,0,0,23,23,0,0,23,0.0,0.0,0.0,0.0,0.0,1.0,-1
"F[0,1](((HR >= 65.881 & Bilirubin_total >= 0.000) | Fibrinogen <= 0.000) | pH >= 0.000)
",-9999999.000,-9999999.000,0.000,0.000,1.000,0,0,0,23,23,0,0,23,0.0,0.0,0.0,0.0,0.0,1.0,-1
"F[0,1](Platelets <= 230.694 & EtCO2 >= 0.000)
",-9999999.000,-9999999.000,0.000,0.000,1.000,0,0,0,23,23,0,0,23,0.0,0.0,0.0,0.0,0.0,1.0,-1
"F[2,2]((EtCO2 >= 0.000 -> Calcium >= 0.167) & Magnesium <= 8.884)
",0.000,0.000,0.000,0.000,1.000,0,0,0,23,23,0,0,23,0.0,0.0,0.0,0.0,0.0,1.0,-1
"F[1,2]((Bilirubin_direct <= 0.000 & Alkalinephos <= 0.000) | Alkalinephos <= 0.000)
",-9999999.000,-9999999.000,0.000,0.000,1.000,0,0,0,23,23,0,0,23,0.0,0.0,0.0,0.0,0.0,1.0,-1
"((SaO2 >= 0.000) U[0,0] (EtCO2 >= 0.000))
",4.498,22.386,0.000,0.000,1.000,0,0,0,23,23,0,0,23,0.0,0.0,0.0,0.0,0.0,1.0,-1
"F[0,0]((Glucose >= 4.114 -> BUN >= 0.407) | EtCO2 <= 1.181)
",7334267642182719.000,0.407,0.000,0.000,1.000,0,0,0,23,23,0,0,23,0.0,0.0,0.0,0.0,0.0,1.0,-1
"F[0,2](((Calcium <= 2.550 | Resp <= 25.442) -> Calcium >= 5.495) | Creatinine <= 23.182)
",-9999999.000,-9999999.000,0.000,0.000,1.000,0,0,0,23,23,0,0,23,0.0,0.0,0.0,0.0,0.0,1.0,-1
"F[2,2](Chloride <= 75.158 -> BaseExcess <= 1.236)
",-2644373664589230.000,-75.158,0.000,0.000,1.000,0,0,0,23,23,0,0,23,0.0,0.0,0.0,0.0,0.0,1.0,-1
"F[1,2](((MAP <= 104.321 | WBC <= 2.245) & Glucose <= 4.675) | Creatinine >= 0.105)
",-9999999.000,-9999999.000,0.000,0.000,1.000,0,0,0,23,23,0,0,23,0.0,0.0,0.0,0.0,0.0,1.0,-1
"F[0,2]((Platelets <= 76.480 & Glucose >= 9.617) -> WBC >= 3.789)
",-9999999.000,-9999999.000,0.000,0.000,1.000,0,0,0,23,23,0,0,23,0.0,0.0,0.0,0.0,0.0,1.0,-1
"F[0,2](((Temp >= 2.990 & pH >= 0.185) -> Hgb <= 6.668) & Magnesium >= 0.339)
",-9999999.000,-9999999.000,0.000,0.000,1.000,0,0,0,23,23,0,0,23,0.0,0.0,0.0,0.0,0.0,1.0,-1
"F[1,2](((BaseExcess >= 0.033 | Bilirubin_direct >= 0.000) | MAP <= 0.000) & FiO2 <= 0.000)
",-9999999.000,-9999999.000,0.000,0.000,1.000,0,0,0,23,23,0,0,23,0.0,0.0,0.0,0.0,0.0,1.0,-1
"((AST >= 0.000) U[1,2] (Resp >= 12.201))
",-9999999.000,-9999999.000,0.000,0.000,1.000,0,0,0,23,23,0,0,23,0.0,0.0,0.0,0.0,0.0,1.0,-1
"F[0,1]((Glucose <= 112.448 | Bilirubin_direct >= 0.000) -> Alkalinephos <= 0.000)
",-9999999.000,-9999999.000,0.000,0.000,1.000,0,0,0,23,23,0,0,23,0.0,0.0,0.0,0.0,0.0,1.0,-1
"F[2,2]((MAP >= 20.187 & PaCO2 >= 1.758) & HR >= 0.963)
",-5682010714847841.000,-20.187,0.000,0.000,1.000,0,0,0,23,23,0,0,23,0.0,0.0,0.0,0.0,0.0,1.0,-1
"F[1,2](Chloride >= 8.160 & Alkalinephos >= 0.000)
",-9999999.000,-9999999.000,0.000,0.000,1.000,0,0,0,23,23,0,0,23,0.0,0.0,0.0,0.0,0.0,1.0,-1
"F[0,2]((PTT <= 0.000 -> Phosphate >= 0.068) | Platelets >= 0.155)
",-9999999.000,-9999999.000,0.000,0.000,1.000,0,0,0,23,23,0,0,23,0.0,0.0,0.0,0.0,0.0,1.0,-1
"F[2,2](((FiO2 <= 0.282 -> pH <= 2.915) & Bilirubin_direct >= 0.297) & WBC <= 1.541)
",-3281679432382610.000,-2.915,0.000,0.000,1.000,0,0,0,23,23,0,0,23,0.0,0.0,0.0,0.0,0.0,1.0,-1
"((Hgb >= 0.036) U[0,2] (HR >= 24.357))
",-9999999.000,-9999999.000,0.000,0.000,1.000,0,0,0,23,23,0,0,23,0.0,0.0,0.0,0.0,0.0,1.0,-1
"F[0,1](((SepsisLabel <= 0.000 | O2Sat <= 97.798) | BUN <= 98.419) | AST >= 36.298)
",-9999999.000,-9999999.000,0.000,0.000,1.000,0,0,0,23,23,0,0,23,0.0,0.0,0.0,0.0,0.0,1.0,-1
"F[0,2](((Hgb <= 13.139 -> WBC <= 2.014) | EtCO2 >= 0.565) -> HCO3 >= 0.482)
",-9999999.000,-9999999.000,0.000,0.000,1.000,0,0,0,23,23,0,0,23,0.0,0.0,0.0,0.0,0.0,1.0,-1
"((Creatinine >= 0.042) U[0,1] (SepsisLabel = 0.000))
",-9999999.000,-9999999.000,0.000,0.000,1.000,0,0,0,23,23,0,0,23,0.0,0.0,0.0,0.0,0.0,1.0,-1
"F[2,2]((Resp >= 0.017 | MAP >= 27.406) | BaseExcess >= 62.761)
",-4778436705252031.000,-0.017,0.000,0.000,1.000,0,0,0,23,23,0,0,23,0.0,0.0,0.0,0.0,0.0,1.0,-1
"F[2,2](((O2Sat >= 5.016 -> PTT <= 0.000) & Hct >= 0.000) | Creatinine <= 0.000)
",0.000,0.000,0.000,0.000,1.000,0,0,0,23,23,0,0,23,0.0,0.0,0.0,0.0,0.0,1.0,-1
"F[0,2](((Chloride <= 11.052 & Bilirubin_direct <= 0.000) | BUN >= 0.000) & SepsisLabel >= 0.000)
",-9999999.000,-9999999.000,0.000,0.000,1.000,0,0,0,23,23,0,0,23,0.0,0.0,0.0,0.0,0.0,1.0,-1
"F[0,2]((Phosphate >= 0.152 -> Hgb >= 0.225) | FiO2 <= 1.323)
",-9999999.000,-9999999.000,0.000,0.000,1.000,0,0,0,23,23,0,0,23,0.0,0.0,0.0,0.0,0.0,1.0,-1
"F[1,1]((PaCO2 >= 3.271 | Lactate <= 0.254) -> EtCO2 <= 0.934)
",-8410710263126081.000,-0.934,0.000,0.000,1.000,0,0,0,23,23,0,0,23,0.0,0.0,0.0,0.0,0.0,1.0,-1
"F[0,2]((Bilirubin_direct <= 0.000 -> Alkalinephos <= 0.000) & Hct <= 0.000)
",-9999999.000,-9999999.000,0.000,0.000,1.000,0,0,0,23,23,0,0,23,0.0,0.0,0.0,0.0,0.0,1.0,-1
"F[0,2](Phosphate <= 1.372 -> EtCO2 >= 0.000)
",-9999999.000,-9999999.000,0.000,0.000,1.000,0,0,0,23,23,0,0,23,0.0,0.0,0.0,0.0,0.0,1.0,-1
"F[0,0](((DBP >= 55.850 | DBP >= 60.206) -> Lactate <= 88.657) | BaseExcess >= 11.730)
",-11.730,-11.730,0.000,0.000,1.000,0,0,0,23,23,0,0,23,0.0,0.0,0.0,0.0,0.0,1.0,-1
"F[2,2](((TroponinI >= 0.000 & EtCO2 >= 0.000) & Bilirubin_total <= 0.000) & Resp >= 0.000)
",0.000,0.000,0.000,0.000,1.000,0,0,0,23,23,0,0,23,0.0,0.0,0.0,0.0,0.0,1.0,-1
"F[0,1](Lactate <= 1.896 | Calcium <= 6.453)
",-9999999.000,-9999999.000,0.000,0.000,1.000,0,0,0,23,23,0,0,23,0.0,0.0,0.0,0.0,0.0,1.0,-1
"F[2,2]((O2Sat <= 98.227 | Platelets <= 108.134) & SaO2 >= 1.250)
",-1.250,-1.250,0.000,0.000,1.000,0,0,0,23,23,0,0,23,0.0,0.0,0.0,0.0,0.0,1.0,-1
"F[0,0](((O2Sat <= 97.387 -> MAP <= 100.503) & Platelets >= 38.920) -> TroponinI <= 122.779)
",-2879939204635922.500,-122.779,0.000,0.000,1.000,0,0,0,23,23,0,0,23,0.0,0.0,0.0,0.0,0.0,1.0,-1
"F[0,1]((Bilirubin_direct >= 0.000 | TroponinI <= 0.000) & Glucose >= 0.000)
",-9999999.000,-9999999.000,0.000,0.000,1.000,0,0,0,23,23,0,0,23,0.0,0.0,0.0,0.0,0.0,1.0,-1
"F[0,1](((Fibrinogen >= 0.000 | Lactate <= 3.439) | BUN >= 0.059) | AST <= 1.650)
",-9999999.000,-9999999.000,0.000,0.000,1.000,0,0,0,23,23,0,0,23,0.0,0.0,0.0,0.0,0.0,1.0,-1
"F[0,0](Bilirubin_total <= 0.000 & Lactate <= 1.776)
",-0.468,-22.995,0.000,0.000,1.000,0,0,0,23,23,0,0,23,0.0,0.0,0.0,0.0,0.0,1.0,-1
"F[0,2]((Chloride >= 1.561 -> PaCO2 <= 22.832) -> Fibrinogen >= 1.355)
",-9999999.000,-9999999.000,0.000,0.000,1.000,0,0,0,23,23,0,0,23,0.0,0.0,0.0,0.0,0.0,1.0,-1
"F[0,2](Potassium >= 0.016 -> SepsisLabel = 0.000)
",-9999999.000,-9999999.000,0.000,0.000,1.000,0,0,0,23,23,0,0,23,0.0,0.0,0.0,0.0,0.0,1.0,-1
"((Bilirubin_total >= 0.000) U[0,2] (SepsisLabel = 0.000))
",-9999999.000,-9999999.000,0.000,0.000,1.000,0,0,0,23,23,0,0,23,0.0,0.0,0.0,0.0,0.0,1.0,-1
"F[2,2](((O2Sat <= 97.764 -> WBC <= 5.509) | PTT >= 0.498) -> Platelets >= 0.068)
",4884189491504687.000,0.068,0.000,0.000,1.000,0,0,0,23,23,0,0,23,0.0,0.0,0.0,0.0,0.0,1.0,-1
"F[0,2](((Creatinine <= 0.751 & Platelets <= 223.484) | AST >= 5.599) -> HR >= 7.692)
",-9999999.000,-9999999.000,0.000,0.000,1.000,0,0,0,23,23,0,0,23,0.0,0.0,0.0,0.0,0.0,1.0,-1
"F[1,2](((Chloride >= 1.916 & O2Sat <= 99.039) | Temp >= 41.109) | HR >= 46.469)
",-9999999.000,-9999999.000,0.000,0.000,1.000,0,0,0,23,23,0,0,23,0.0,0.0,0.0,0.0,0.0,1.0,-1
"F[0,2](FiO2 >= 0.124 & Hct <= 4.198)
",-9999999.000,-9999999.000,0.000,0.000,1.000,0,0,0,23,23,0,0,23,0.0,0.0,0.0,0.0,0.0,1.0,-1
"F[1,1]((Glucose <= 19.598 -> O2Sat <= 99.132) -> WBC <= 99.392)
",-99.392,-99.392,0.000,0.000,1.000,0,0,0,23,23,0,0,23,0.0,0.0,0.0,0.0,0.0,1.0,-1
"F[1,2](Hgb >= 0.489 & HR >= 10.462)
",-9999999.000,-9999999.000,0.000,0.000,1.000,0,0,0,23,23,0,0,23,0.0,0.0,0.0,0.0,0.0,1.0,-1
"F[0,0](MAP <= 122.809 | Temp <= 26.183)
",-0.526,-17.963,0.000,0.000,1.000,0,0,0,23,23,0,0,23,0.0,0.0,0.0,0.0,0.0,1.0,-1
"F[0,2]((HCO3 >= 1.653 -> Resp <= 22.242) & WBC >= 10.435)
",-9999999.000,-9999999.000,0.000,0.000,1.000,0,0,0,23,23,0,0,23,0.0,0.0,0.0,0.0,0.0,1.0,-1
"F[1,2]((Hgb >= 0.107 -> Resp <= 20.160) -> BUN >= 1.639)
",-9999999.000,-9999999.000,0.000,0.000,1.000,0,0,0,23,23,0,0,23,0.0,0.0,0.0,0.0,0.0,1.0,-1
"F[1,2](O2Sat <= 97.818 | Temp <= 9.630)
",-9999999.000,-9999999.000,0.000,0.000,1.000,0,0,0,23,23,0,0,23,0.0,0.0,0.0,0.0,0.0,1.0,-1
"((BaseExcess <= 2.937) U[0,1] (MAP >= 41.755))
",-9999999.000,-9999999.000,0.000,0.000,1.000,0,0,0,23,23,0,0,23,0.0,0.0,0.0,0.0,0.0,1.0,-1
"F[1,2]((MAP <= 99.715 -> Phosphate >= 0.096) -> Phosphate <= 1.267)
",-9999999.000,-9999999.000,0.000,0.000,1.000,0,0,0,23,23,0,0,23,0.0,0.0,0.0,0.0,0.0,1.0,-1
"F[1,1](((Phosphate <= 2.812 & Resp >= 2.334) & O2Sat <= 21.140) -> BUN >= 8.489)
",5255270739838321.000,2.334,0.000,0.000,1.000,0,0,0,23,23,0,0,23,0.0,0.0,0.0,0.0,0.0,1.0,-1
"((Creatinine >= 0.041) U[0,1] (Resp >= 5.366))
",-9999999.000,-9999999.000,0.000,0.000,1.000,0,0,0,23,23,0,0,23,0.0,0.0,0.0,0.0,0.0,1.0,-1
"F[2,2]((BUN <= 9.816 | MAP >= 51.926) & MAP >= 60.538)
",-8520033019170111.000,-60.538,0.000,0.000,1.000,0,0,0,23,23,0,0,23,0.0,0.0,0.0,0.0,0.0,1.0,-1
"F[0,1](((Resp <= 20.284 | WBC <= 15.179) & EtCO2 <= 9.705) | Fibrinogen >= 0.328)
",-9999999.000,-9999999.000,0.000,0.000,1.000,0,0,0,23,23,0,0,23,0.0,0.0,0.0,0.0,0.0,1.0,-1
"F[1,2](FiO2 <= 0.385 | Potassium <= 1.922)
",-9999999.000,-9999999.000,0.000,0.000,1.000,0,0,0,23,23,0,0,23,0.0,0.0,0.0,0.0,0.0,1.0,-1
"F[0,0]((O2Sat >= 42.302 & Potassium <= 1.702) -> HCO3 <= 2.409)
",-11.535,-2.344,0.000,0.000,1.000,0,0,0,23,23,0,0,23,0.0,0.0,0.0,0.0,0.0,1.0,-1
"F[1,2](((FiO2 >= 0.039 & O2Sat <= 96.784) | Lactate >= 89.744) | FiO2 >= 74.985)
",-9999999.000,-9999999.000,0.000,0.000,1.000,0,0,0,23,23,0,0,23,0.0,0.0,0.0,0.0,0.0,1.0,-1
"F[0,2](((BaseExcess >= 0.079 & Magnesium <= 2.165) & Lactate >= 0.052) | PaCO2 <= 2.119)
",-9999999.000,-9999999.000,0.000,0.000,1.000,0,0,0,23,23,0,0,23,0.0,0.0,0.0,0.0,0.0,1.0,-1
"F[0,2](((HCO3 <= 18.269 | PaCO2 <= 47.906) -> Temp >= 1.986) -> EtCO2 <= 29.200)
",-9999999.000,-9999999.000,0.000,0.000,1.000,0,0,0,23,23,0,0,23,0.0,0.0,0.0,0.0,0.0,1.0,-1
"F[1,2](((Calcium >= 0.325 & Temp >= 1.851) & Bilirubin_direct >= 0.336) -> AST <= 17.763)
",-9999999.000,-9999999.000,0.000,0.000,1.000,0,0,0,23,23,0,0,23,0.0,0.0,0.0,0.0,0.0,1.0,-1
"F[1,2](((HCO3 >= 0.891 & Temp >= 6.137) -> Alkalinephos <= 25.224) -> Glucose <= 29.534)
",-9999999.000,-9999999.000,0.000,0.000,1.000,0,0,0,23,23,0,0,23,0.0,0.0,0.0,0.0,0.0,1.0,-1
"F[0,2](((DBP >= 42.529 | HR <= 90.427) & Resp >= 32.957) & Hct <= 92.478)
",-9999999.000,-9999999.000,0.000,0.000,1.000,0,0,0,23,23,0,0,23,0.0,0.0,0.0,0.0,0.0,1.0,-1
"F[0,1]((HCO3 <= 18.942 & pH >= 0.048) -> FiO2 <= 1.537)
",-9999999.000,-9999999.000,0.000,0.000,1.000,0,0,0,23,23,0,0,23,0.0,0.0,0.0,0.0,0.0,1.0,-1
"F[1,2](((Calcium >= 0.242 & pH <= 1.859) & Glucose >= 0.184) & SBP <= 7.379)
",-9999999.000,-9999999.000,0.000,0.000,1.000,0,0,0,23,23,0,0,23,0.0,0.0,0.0,0.0,0.0,1.0,-1
"F[1,2](((BUN <= 2.770 -> pH <= 6.518) & PaCO2 >= 0.019) & DBP >= 0.341)
",-9999999.000,-9999999.000,0.000,0.000,1.000,0,0,0,23,23,0,0,23,0.0,0.0,0.0,0.0,0.0,1.0,-1
"F[0,2]((Lactate <= 2.010 & Potassium >= 0.087) -> Temp <= 3.726)
",-9999999.000,-9999999.000,0.000,0.000,1.000,0,0,0,23,23,0,0,23,0.0,0.0,0.0,0.0,0.0,1.0,-1
"F[1,2]((Calcium <= 3.878 & Potassium <= 4.057) & Magnesium >= 0.124)
",-9999999.000,-9999999.000,0.000,0.000,1.000,0,0,0,23,23,0,0,23,0.0,0.0,0.0,0.0,0.0,1.0,-1
"F[2,2](BaseExcess >= 0.037 & Potassium >= 0.051)
",-7367517258053789.000,-0.051,0.000,0.000,1.000,0,0,0,23,23,0,0,23,0.0,0.0,0.0,0.0,0.0,1.0,-1
"((FiO2 >= 0.059) U[0,1] (Magnesium <= 2.097))
",-9999999.000,-9999999.000,0.000,0.000,1.000,0,0,0,23,23,0,0,23,0.0,0.0,0.0,0.0,0.0,1.0,-1
"F[2,2](((pH <= 4.241 & Phosphate >= 0.137) | HCO3 <= 0.498) -> BUN >= 0.042)
",-4483041256272366.500,-0.498,0.000,0.000,1.000,0,0,0,23,23,0,0,23,0.0,0.0,0.0,0.0,0.0,1.0,-1
"F[1,2](FiO2 <= 0.331 | Temp <= 20.179)
",-9999999.000,-9999999.000,0.000,0.000,1.000,0,0,0,23,23,0,0,23,0.0,0.0,0.0,0.0,0.0,1.0,-1
"F[0,2]((Hct <= 5.309 -> pH <= 1.556) & Resp <= 3.783)
",-9999999.000,-9999999.000,0.000,0.000,1.000,0,0,0,23,23,0,0,23,0.0,0.0,0.0,0.0,0.0,1.0,-1
"((Hct >= 1.129) U[0,2] (Temp <= 26.934))
",-9999999.000,-9999999.000,0.000,0.000,1.000,0,0,0,23,23,0,0,23,0.0,0.0,0.0,0.0,0.0,1.0,-1
"F[1,2]((BUN <= 6.943 | PaCO2 >= 3.157) | HCO3 <= 30.454)
",-9999999.000,-9999999.000,0.000,0.000,1.000,0,0,0,23,23,0,0,23,0.0,0.0,0.0,0.0,0.0,1.0,-1
"F[1,2]((Glucose >= 8.034 -> PaCO2 <= 8.330) | SaO2 <= 21.778)
",-9999999.000,-9999999.000,0.000,0.000,1.000,0,0,0,23,23,0,0,23,0.0,0.0,0.0,0.0,0.0,1.0,-1
"F[0,2]((MAP <= 93.859 & Potassium <= 2.869) & WBC <= 0.973)
",-9999999.000,-9999999.000,0.000,0.000,1.000,0,0,0,23,23,0,0,23,0.0,0.0,0.0,0.0,0.0,1.0,-1
"F[1,2](((O2Sat <= 96.739 -> Resp <= 25.583) & AST <= 21.058) | FiO2 <= 22.138)
",-9999999.000,-9999999.000,0.000,0.000,1.000,0,0,0,23,23,0,0,23,0.0,0.0,0.0,0.0,0.0,1.0,-1
"F[0,2](((pH >= 0.083 | WBC <= 16.021) -> WBC >= 0.549) | PTT >= 0.125)
",-9999999.000,-9999999.000,0.000,0.000,1.000,0,0,0,23,23,0,0,23,0.0,0.0,0.0,0.0,0.0,1.0,-1
"F[1,2](MAP <= 97.976 | SBP <= 169.165)
",-9999999.000,-9999999.000,0.000,0.000,1.000,0,0,0,23,23,0,0,23,0.0,0.0,0.0,0.0,0.0,1.0,-1
"F[1,2]((Hgb >= 0.499 | PaCO2 >= 3.538) | SBP <= 12.526)
",-9999999.000,-9999999.000,0.000,0.000,1.000,0,0,0,23,23,0,0,23,0.0,0.0,0.0,0.0,0.0,1.0,-1
"F[2,2](((HCO3 >= 1.108 -> Lactate >= 0.059) -> Phosphate >= 0.097) -> HR >= 0.137)
",2857659784130681.500,0.059,0.000,0.000,1.000,0,0,0,23,23,0,0,23,0.0,0.0,0.0,0.0,0.0,1.0,-1
"F[2,2](((PaCO2 <= 15.440 -> Platelets <= 68.852) & PaCO2 >= 4.339) -> Fibrinogen <= 53.778)
",-53.778,-53.778,0.000,0.000,1.000,0,0,0,23,23,0,0,23,0.0,0.0,0.0,0.0,0.0,1.0,-1
"F[0,1]((Chloride >= 7.748 -> pH <= 3.681) | Calcium >= 0.162)
",-9999999.000,-9999999.000,0.000,0.000,1.000,0,0,0,23,23,0,0,23,0.0,0.0,0.0,0.0,0.0,1.0,-1
"F[0,0](((DBP >= 14.847 & O2Sat >= 57.142) -> HR <= 98.685) -> Lactate <= 97.736)
",-1.810,-77.583,0.000,0.000,1.000,0,0,0,23,23,0,0,23,0.0,0.0,0.0,0.0,0.0,1.0,-1
"F[2,2](DBP >= 16.634 | MAP >= 13.261)
",-3732670653904262.500,-13.261,0.000,0.000,1.000,0,0,0,23,23,0,0,23,0.0,0.0,0.0,0.0,0.0,1.0,-1
"F[0,1]((BaseExcess <= 1.922 | Glucose <= 148.621) & Resp <= 136.731)
",-9999999.000,-9999999.000,0.000,0.000,1.000,0,0,0,23,23,0,0,23,0.0,0.0,0.0,0.0,0.0,1.0,-1
"F[2,2]((O2Sat <= 97.354 -> SBP >= 62.417) & Hct >= 95.510)
",-6850652951703967.000,-97.354,0.000,0.000,1.000,0,0,0,23,23,0,0,23,0.0,0.0,0.0,0.0,0.0,1.0,-1
"F[1,2](PaCO2 <= 32.887 & WBC >= 0.262)
",-9999999.000,-9999999.000,0.000,0.000,1.000,0,0,0,23,23,0,0,23,0.0,0.0,0.0,0.0,0.0,1.0,-1
"F[1,2]((Lactate >= 0.103 & Phosphate <= 2.034) & Fibrinogen <= 2.837)
",-9999999.000,-9999999.000,0.000,0.000,1.000,0,0,0,23,23,0,0,23,0.0,0.0,0.0,0.0,0.0,1.0,-1
"F[1,2](((Creatinine >= 0.030 | Lactate >= 0.020) & WBC >= 0.042) -> MAP >= 0.146)
",-9999999.000,-9999999.000,0.000,0.000,1.000,0,0,0,23,23,0,0,23,0.0,0.0,0.0,0.0,0.0,1.0,-1
"F[0,1](((Hct <= 18.535 | Lactate >= 0.062) & SepsisLabel <= 0.601) | SaO2 <= 3.561)
",-9999999.000,-9999999.000,0.000,0.000,1.000,0,0,0,23,23,0,0,23,0.0,0.0,0.0,0.0,0.0,1.0,-1
"F[0,1](((Lactate >= 0.040 | Platelets >= 8.593) | Resp <= 144.775) -> Alkalinephos <= 145.682)
",-9999999.000,-9999999.000,0.000,0.000,1.000,0,0,0,23,23,0,0,23,0.0,0.0,0.0,0.0,0.0,1.0,-1
"F[2,2](Glucose <= 78.122 | Platelets <= 14.120)
",2748688144113798.000,78.122,0.000,0.000,1.000,0,0,0,23,23,0,0,23,0.0,0.0,0.0,0.0,0.0,1.0,-1
"F[2,2](PaCO2 <= 28.445 & Phosphate >= 0.164)
",-2953145410314706.000,-0.164,0.000,0.000,1.000,0,0,0,23,23,0,0,23,0.0,0.0,0.0,0.0,0.0,1.0,-1
"F[0,2](Glucose <= 46.627 | Lactate <= 0.230)
",-9999999.000,-9999999.000,0.000,0.000,1.000,0,0,0,23,23,0,0,23,0.0,0.0,0.0,0.0,0.0,1.0,-1
"F[0,2](((BUN >= 0.578 -> Hct >= 1.447) -> Hgb >= 1.144) -> Resp <= 25.613)
",-9999999.000,-9999999.000,0.000,0.000,1.000,0,0,0,23,23,0,0,23,0.0,0.0,0.0,0.0,0.0,1.0,-1
"F[1,2](((Magnesium <= 1.541 -> Platelets >= 2.010) & O2Sat <= 106.275) & WBC <= 56.648)
",-9999999.000,-9999999.000,0.000,0.000,1.000,0,0,0,23,23,0,0,23,0.0,0.0,0.0,0.0,0.0,1.0,-1
"F[0,1]((BaseExcess >= 0.125 | PaCO2 <= 19.834) & FiO2 <= 48.945)
",-9999999.000,-9999999.000,0.000,0.000,1.000,0,0,0,23,23,0,0,23,0.0,0.0,0.0,0.0,0.0,1.0,-1
"F[0,1](Glucose <= 133.012 | HCO3 <= 1.974)
",-9999999.000,-9999999.000,0.000,0.000,1.000,0,0,0,23,23,0,0,23,0.0,0.0,0.0,0.0,0.0,1.0,-1
"F[0,1](Glucose <= 45.692 & Phosphate <= 0.963)
",-9999999.000,-9999999.000,0.000,0.000,1.000,0,0,0,23,23,0,0,23,0.0,0.0,0.0,0.0,0.0,1.0,-1
"((Creatinine >= 0.012) U[2,2] (Glucose <= 114.021))
",8023483126521855.000,114.021,0.000,0.000,1.000,0,0,0,23,23,0,0,23,0.0,0.0,0.0,0.0,0.0,1.0,-1
"F[0,1](((HCO3 <= 18.663 & WBC >= 0.170) | Fibrinogen >= 0.021) -> SBP <= 4.298)
",-9999999.000,-9999999.000,0.000,0.000,1.000,0,0,0,23,23,0,0,23,0.0,0.0,0.0,0.0,0.0,1.0,-1
"F[1,2]((BUN >= 0.204 | Hgb >= 0.060) -> TroponinI <= 6.503)
",-9999999.000,-9999999.000,0.000,0.000,1.000,0,0,0,23,23,0,0,23,0.0,0.0,0.0,0.0,0.0,1.0,-1
"F[0,1](Magnesium <= 1.180 -> WBC <= 7.649)
",-9999999.000,-9999999.000,0.000,0.000,1.000,0,0,0,23,23,0,0,23,0.0,0.0,0.0,0.0,0.0,1.0,-1
"F[0,2](((BaseExcess >= 0.111 & pH >= 0.322) -> BaseExcess >= 0.579) | AST >= 0.219)
",-9999999.000,-9999999.000,0.000,0.000,1.000,0,0,0,23,23,0,0,23,0.0,0.0,0.0,0.0,0.0,1.0,-1
"F[1,1](((HCO3 <= 21.381 & Hgb >= 0.402) & TroponinI <= 4.231) -> Magnesium >= 0.077)
",5533795764504945.000,0.077,0.000,0.000,1.000,0,0,0,23,23,0,0,23,0.0,0.0,0.0,0.0,0.0,1.0,-1
"F[2,2]((HCO3 >= 1.487 | Hct >= 0.491) & Magnesium >= 0.805)
",-0.805,-0.805,0.000,0.000,1.000,0,0,0,23,23,0,0,23,0.0,0.0,0.0,0.0,0.0,1.0,-1
"F[2,2](((Calcium >= 0.050 | Hgb <= 11.050) -> SaO2 >= 0.447) | Fibrinogen >= 0.144)
",-0.144,-0.144,0.000,0.000,1.000,0,0,0,23,23,0,0,23,0.0,0.0,0.0,0.0,0.0,1.0,-1
"F[1,2]((Chloride <= 39.458 | Creatinine >= 0.045) | Platelets <= 0.608)
",-9999999.000,-9999999.000,0.000,0.000,1.000,0,0,0,23,23,0,0,23,0.0,0.0,0.0,0.0,0.0,1.0,-1
"F[0,2](((Creatinine <= 0.665 & Potassium >= 0.035) | TroponinI <= 3.526) & BUN >= 0.298)
",-9999999.000,-9999999.000,0.000,0.000,1.000,0,0,0,23,23,0,0,23,0.0,0.0,0.0,0.0,0.0,1.0,-1
"F[1,2](BaseExcess <= 0.741 & Temp >= 6.490)
",-9999999.000,-9999999.000,0.000,0.000,1.000,0,0,0,23,23,0,0,23,0.0,0.0,0.0,0.0,0.0,1.0,-1
"F[1,2]((Hgb >= 0.351 | Temp >= 2.029) -> O2Sat >= 2.318)
",-9999999.000,-9999999.000,0.000,0.000,1.000,0,0,0,23,23,0,0,23,0.0,0.0,0.0,0.0,0.0,1.0,-1
"F[0,1](WBC >= 0.501 -> SepsisLabel = 0.000)
",-9999999.000,-9999999.000,0.000,0.000,1.000,0,0,0,23,23,0,0,23,0.0,0.0,0.0,0.0,0.0,1.0,-1
"F[0,2](((Calcium < 2.023 & Potassium < 0.892) & Magnesium < 1.677) & Phosphate < 1.337)
",-9999999.000,-9999999.000,0.000,0.000,1.000,0,0,0,23,23,0,0,23,0.0,0.0,0.0,0.0,0.0,1.0,-1
"F[2,2](Calcium <= 7.718 | Creatinine <= 0.319)
",4344823608704705.500,7.718,0.000,0.000,1.000,0,0,0,23,23,0,0,23,0.0,0.0,0.0,0.0,0.0,1.0,-1
"F[0,2]((BUN <= 7.598 -> HCO3 <= 2.351) | Glucose >= 0.513)
",-9999999.000,-9999999.000,0.000,0.000,1.000,0,0,0,23,23,0,0,23,0.0,0.0,0.0,0.0,0.0,1.0,-1
"F[0,2]((BUN >= 0.163 | Phosphate >= 0.053) -> HCO3 <= 1.846)
",-9999999.000,-9999999.000,0.000,0.000,1.000,0,0,0,23,23,0,0,23,0.0,0.0,0.0,0.0,0.0,1.0,-1
"F[0,0](((Chloride <= 80.419 | Magnesium <= 1.986) | Magnesium >= 0.137) | Magnesium >= 0.039)
",32.788,79.651,0.000,0.000,1.000,0,0,0,23,23,0,0,23,0.0,0.0,0.0,0.0,0.0,1.0,-1
"F[1,2](((Creatinine >= 0.001 & Phosphate <= 0.594) -> SBP <= 0.474) & SaO2 >= 0.096)
",-9999999.000,-9999999.000,0.000,0.000,1.000,0,0,0,23,23,0,0,23,0.0,0.0,0.0,0.0,0.0,1.0,-1
"F[2,2]((Hgb <= 1.364 & Platelets <= 132.623) & HCO3 <= 233.312)
",3072475213119070.000,1.364,0.000,0.000,1.000,0,0,0,23,23,0,0,23,0.0,0.0,0.0,0.0,0.0,1.0,-1
"((Hct >= 0.670) U[0,2] (Hgb <= 2.638))
",-9999999.000,-9999999.000,0.000,0.000,1.000,0,0,0,23,23,0,0,23,0.0,0.0,0.0,0.0,0.0,1.0,-1
"((AST < 0.000) U[2,2] (SepsisLabel = 0.000))
",0.000,0.000,0.000,0.000,1.000,0,0,0,23,23,0,0,23,0.0,0.0,0.0,0.0,0.0,1.0,-1
"F[0,0](HR >= 71.622 -> SepsisLabel = 0.000)
",-5680.378,-5680.378,0.000,0.000,1.000,0,0,0,23,23,0,0,23,0.0,0.0,0.0,0.0,0.0,1.0,-1
"((O2Sat >= 13.595) U[0,1] (SepsisLabel = 0.000))
",-9999999.000,-9999999.000,0.000,0.000,1.000,0,0,0,23,23,0,0,23,0.0,0.0,0.0,0.0,0.0,1.0,-1
"F[2,2](Resp <= 25.091 -> SepsisLabel = 0.000)
",-25.091,-25.091,0.000,0.000,1.000,0,0,0,23,23,0,0,23,0.0,0.0,0.0,0.0,0.0,1.0,-1
"F[1,1](EtCO2 >= 0.000 & SepsisLabel = 0.000)
",0.000,0.000,0.000,0.000,1.000,0,0,0,23,23,0,0,23,0.0,0.0,0.0,0.0,0.0,1.0,-1
"F[0,1](FiO2 <= 0.394 -> SepsisLabel = 0.000)
",-9999999.000,-9999999.000,0.000,0.000,1.000,0,0,0,23,23,0,0,23,0.0,0.0,0.0,0.0,0.0,1.0,-1
"F[0,1](Calcium >= 0.094 -> SepsisLabel = 0.000)
",-9999999.000,-9999999.000,0.000,0.000,1.000,0,0,0,23,23,0,0,23,0.0,0.0,0.0,0.0,0.0,1.0,-1
"((Calcium >= 0.090) U[0,1] (Chloride <= 41.979))
",-9999999.000,-9999999.000,0.000,0.000,1.000,0,0,0,23,23,0,0,23,0.0,0.0,0.0,0.0,0.0,1.0,-1
"F[2,2]((Hct >= 1.188 -> WBC >= 0.049) -> BUN >= 0.079)
",-7083588625652317.000,-0.049,0.000,0.000,1.000,0,0,0,23,23,0,0,23,0.0,0.0,0.0,0.0,0.0,1.0,-1
"F[0,2](((Glucose <= 37.293 | Magnesium <= 1.355) & FiO2 <= 0.235) | BaseExcess <= 0.740)
",-9999999.000,-9999999.000,0.000,0.000,1.000,0,0,0,23,23,0,0,23,0.0,0.0,0.0,0.0,0.0,1.0,-1
"F[0,1]((Calcium >= 0.472 & Magnesium <= 1.205) | Bilirubin_total <= 0.449)
",-9999999.000,-9999999.000,0.000,0.000,1.000,0,0,0,23,23,0,0,23,0.0,0.0,0.0,0.0,0.0,1.0,-1
"F[0,2](WBC >= 0.544 -> SepsisLabel = 0.000)
",-9999999.000,-9999999.000,0.000,0.000,1.000,0,0,0,23,23,0,0,23,0.0,0.0,0.0,0.0,0.0,1.0,-1
"((Resp >= 18.775) U[2,2] (SepsisLabel = 0.000))
",0.000,0.000,0.000,0.000,1.000,0,0,0,23,23,0,0,23,0.0,0.0,0.0,0.0,0.0,1.0,-1
"((Magnesium > 0.138) U[0,2] (SepsisLabel = 0.000))
",-9999999.000,-9999999.000,0.000,0.000,1.000,0,0,0,23,23,0,0,23,0.0,0.0,0.0,0.0,0.0,1.0,-1
"((DBP >= 13.436) U[0,2] (SepsisLabel = 0.000))
",-9999999.000,-9999999.000,0.000,0.000,1.000,0,0,0,23,23,0,0,23,0.0,0.0,0.0,0.0,0.0,1.0,-1
"F[2,2](Bilirubin_total < 0.000 & SepsisLabel = 0.000)
",0.000,0.000,0.000,0.000,1.000,0,0,0,23,23,0,0,23,0.0,0.0,0.0,0.0,0.0,1.0,-1
"((Bilirubin_direct > 0.000) U[0,2] (SepsisLabel = 0.000))
",-9999999.000,-9999999.000,0.000,0.000,1.000,0,0,0,23,23,0,0,23,0.0,0.0,0.0,0.0,0.0,1.0,-1
"F[0,1](Creatinine >= 0.007 -> SepsisLabel = 0.000)
",-9999999.000,-9999999.000,0.000,0.000,1.000,0,0,0,23,23,0,0,23,0.0,0.0,0.0,0.0,0.0,1.0,-1
"((Hct >= 1.202) U[2,2] (SepsisLabel = 0.000))
",0.000,0.000,0.000,0.000,1.000,0,0,0,23,23,0,0,23,0.0,0.0,0.0,0.0,0.0,1.0,-1
"((EtCO2 >= 0.000) U[0,2] (SepsisLabel = 0.000))
",-9999999.000,-9999999.000,0.000,0.000,1.000,0,0,0,23,23,0,0,23,0.0,0.0,0.0,0.0,0.0,1.0,-1
"((HCO3 >= 0.707) U[0,2] (SepsisLabel = 0.000))
",-9999999.000,-9999999.000,0.000,0.000,1.000,0,0,0,23,23,0,0,23,0.0,0.0,0.0,0.0,0.0,1.0,-1
"F[0,1](Fibrinogen < 0.000 -> SepsisLabel = 0.000)
",-9999999.000,-9999999.000,0.000,0.000,1.000,0,0,0,23,23,0,0,23,0.0,0.0,0.0,0.0,0.0,1.0,-1
"((Alkalinephos >= 0.000) U[1,2] (SepsisLabel = 0.000))
",-9999999.000,-9999999.000,0.000,0.000,1.000,0,0,0,23,23,0,0,23,0.0,0.0,0.0,0.0,0.0,1.0,-1
"F[1,2](EtCO2 >= 0.000 & SepsisLabel = 0.000)
",-9999999.000,-9999999.000,0.000,0.000,1.000,0,0,0,23,23,0,0,23,0.0,0.0,0.0,0.0,0.0,1.0,-1
"F[0,0](SBP <= 148.334 -> SepsisLabel = 0.000)
",-8.952,-139.861,0.000,0.000,1.000,0,0,0,23,23,0,0,23,0.0,0.0,0.0,0.0,0.0,1.0,-1
"F[0,0](TroponinI >= 0.000 & SepsisLabel = 0.000)
",-0.218,-9.364,0.000,0.000,1.000,0,0,0,23,23,0,0,23,0.0,0.0,0.0,0.0,0.0,1.0,-1
"F[0,2](Hgb <= 10.068 | Hct <= 33.597)
",-9999999.000,-9999999.000,0.000,0.000,1.000,0,0,0,23,23,0,0,23,0.0,0.0,0.0,0.0,0.0,1.0,-1
"F[1,2](Hgb <= 9.017 | Hct <= 14.868)
",-9999999.000,-9999999.000,0.000,0.000,1.000,0,0,0,23,23,0,0,23,0.0,0.0,0.0,0.0,0.0,1.0,-1
"F[0,2](((HR >= 31.610 -> PaCO2 >= 0.808) | SaO2 >= 0.043) & SepsisLabel <= 48.807)
",-9999999.000,-9999999.000,0.000,0.000,1.000,0,0,0,23,23,0,0,23,0.0,0.0,0.0,0.0,0.0,1.0,-1
"((MAP >= 31.774) U[0,2] (SBP <= 153.239))
",-9999999.000,-9999999.000,0.000,0.000,1.000,0,0,0,23,23,0,0,23,0.0,0.0,0.0,0.0,0.0,1.0,-1
"((MAP >= 32.112) U[0,2] (SBP <= 167.380))
",-9999999.000,-9999999.000,0.000,0.000,1.000,0,0,0,23,23,0,0,23,0.0,0.0,0.0,0.0,0.0,1.0,-1
"F[0,1](((Calcium < 3.543 & Potassium < 2.898) & Magnesium < 2.178) & Phosphate < 1.903)
",-9999999.000,-9999999.000,0.000,0.000,1.000,0,0,0,23,23,0,0,23,0.0,0.0,0.0,0.0,0.0,1.0,-1
"F[0,0](Hgb <= 2.645 | Hct <= 22.633)
",3185307810455870.000,22.633,0.000,0.000,1.000,0,0,0,23,23,0,0,23,0.0,0.0,0.0,0.0,0.0,1.0,-1
"F[1,2]((Phosphate >= 0.008 & Magnesium > 0.128) -> Calcium < 8.198)
",-9999999.000,-9999999.000,0.000,0.000,1.000,0,0,0,23,23,0,0,23,0.0,0.0,0.0,0.0,0.0,1.0,-1
"F[1,2](((Calcium < 2.543 & Potassium < 3.628) & Magnesium < 1.573) & Phosphate < 2.085)
",-9999999.000,-9999999.000,0.000,0.000,1.000,0,0,0,23,23,0,0,23,0.0,0.0,0.0,0.0,0.0,1.0,-1
"F[1,2](Hgb <= 1.131 | Hct <= 37.153)
",-9999999.000,-9999999.000,0.000,0.000,1.000,0,0,0,23,23,0,0,23,0.0,0.0,0.0,0.0,0.0,1.0,-1
"((MAP >= 56.102) U[0,1] (SBP <= 176.325))
",-9999999.000,-9999999.000,0.000,0.000,1.000,0,0,0,23,23,0,0,23,0.0,0.0,0.0,0.0,0.0,1.0,-1
"F[1,2](((Calcium < 4.088 & Potassium < 1.415) & Magnesium < 0.405) & Phosphate < 0.914)
",-9999999.000,-9999999.000,0.000,0.000,1.000,0,0,0,23,23,0,0,23,0.0,0.0,0.0,0.0,0.0,1.0,-1
"F[1,2]((Calcium <= 5.659 & Potassium <= 1.340) & Magnesium >= 0.108)
",-9999999.000,-9999999.000,0.000,0.000,1.000,0,0,0,23,23,0,0,23,0.0,0.0,0.0,0.0,0.0,1.0,-1
"F[0,1]((Phosphate >= 0.111 & Magnesium > 0.153) -> Calcium < 3.927)
",-9999999.000,-9999999.000,0.000,0.000,1.000,0,0,0,23,23,0,0,23,0.0,0.0,0.0,0.0,0.0,1.0,-1
"F[2,2](((Calcium < 3.665 & Potassium < 2.667) & Magnesium < 0.213) & Phosphate < 2.817)
",0.213,0.213,0.000,0.000,1.000,0,0,0,23,23,0,0,23,0.0,0.0,0.0,0.0,0.0,1.0,-1
"F[1,2]((Calcium <= 7.440 & Potassium <= 1.933) & Magnesium >= 0.162)
",-9999999.000,-9999999.000,0.000,0.000,1.000,0,0,0,23,23,0,0,23,0.0,0.0,0.0,0.0,0.0,1.0,-1
"F[0,1](Hgb <= 2.891 | Hct <= 24.244)
",-9999999.000,-9999999.000,0.000,0.000,1.000,0,0,0,23,23,0,0,23,0.0,0.0,0.0,0.0,0.0,1.0,-1
"F[2,2](Chloride <= 90.184 -> HCO3 >= 0.089)
",-3173080550414442.000,-90.184,0.000,0.000,1.000,0,0,0,23,23,0,0,23,0.0,0.0,0.0,0.0,0.0,1.0,-1
"F[1,2](Creatinine <= 0.868 | Magnesium >= 0.180)
",-9999999.000,-9999999.000,0.000,0.000,1.000,0,0,0,23,23,0,0,23,0.0,0.0,0.0,0.0,0.0,1.0,-1
"((Hct >= 0.452) U[0,1] (SepsisLabel = 0.000))
",-9999999.000,-9999999.000,0.000,0.000,1.000,0,0,0,23,23,0,0,23,0.0,0.0,0.0,0.0,0.0,1.0,-1
"F[1,2](PTT <= 0.000 & SepsisLabel = 0.000)
",-9999999.000,-9999999.000,0.000,0.000,1.000,0,0,0,23,23,0,0,23,0.0,0.0,0.0,0.0,0.0,1.0,-1
"F[0,1]((Phosphate >= 0.078 & Magnesium > 0.184) -> Calcium < 8.041)
",-9999999.000,-9999999.000,0.000,0.000,1.000,0,0,0,23,23,0,0,23,0.0,0.0,0.0,0.0,0.0,1.0,-1
"F[1,2](Hgb <= 3.079 | Hct <= 27.229)
",-9999999.000,-9999999.000,0.000,0.000,1.000,0,0,0,23,23,0,0,23,0.0,0.0,0.0,0.0,0.0,1.0,-1
"F[1,2]((Phosphate >= 0.086 & Magnesium > 0.170) -> Calcium < 7.529)
",-9999999.000,-9999999.000,0.000,0.000,1.000,0,0,0,23,23,0,0,23,0.0,0.0,0.0,0.0,0.0,1.0,-1
"F[1,2](((Calcium < 1.359 & Potassium < 1.360) & Magnesium < 2.197) & Phosphate < 0.184)
",-9999999.000,-9999999.000,0.000,0.000,1.000,0,0,0,23,23,0,0,23,0.0,0.0,0.0,0.0,0.0,1.0,-1
"F[1,2](Hgb <= 8.611 | Hct <= 26.421)
",-9999999.000,-9999999.000,0.000,0.000,1.000,0,0,0,23,23,0,0,23,0.0,0.0,0.0,0.0,0.0,1.0,-1
"F[1,2]((Phosphate >= 0.107 & Magnesium > 0.051) -> Calcium < 8.338)
",-9999999.000,-9999999.000,0.000,0.000,1.000,0,0,0,23,23,0,0,23,0.0,0.0,0.0,0.0,0.0,1.0,-1
"F[0,2](((Calcium < 3.452 & Potassium < 3.476) & Magnesium < 2.224) & Phosphate < 2.489)
",-9999999.000,-9999999.000,0.000,0.000,1.000,0,0,0,23,23,0,0,23,0.0,0.0,0.0,0.0,0.0,1.0,-1
"F[0,2]((Calcium <= 5.307 & Potassium <= 1.584) & Magnesium >= 0.001)
",-9999999.000,-9999999.000,0.000,0.000,1.000,0,0,0,23,23,0,0,23,0.0,0.0,0.0,0.0,0.0,1.0,-1
"((MAP >= 71.064) U[2,2] (SBP <= 174.211))
",174.211,174.211,0.000,0.000,1.000,0,0,0,23,23,0,0,23,0.0,0.0,0.0,0.0,0.0,1.0,-1
"F[0,2](O2Sat > 18.948 & SepsisLabel = 0.000)
",-9999999.000,-9999999.000,0.000,0.000,1.000,0,0,0,23,23,0,0,23,0.0,0.0,0.0,0.0,0.0,1.0,-1
"F[1,2]((Phosphate >= 0.140 & Magnesium > 0.137) -> Calcium < 6.483)
",-9999999.000,-9999999.000,0.000,0.000,1.000,0,0,0,23,23,0,0,23,0.0,0.0,0.0,0.0,0.0,1.0,-1
"F[1,2](Hgb <= 9.662 | Hct <= 8.948)
",-9999999.000,-9999999.000,0.000,0.000,1.000,0,0,0,23,23,0,0,23,0.0,0.0,0.0,0.0,0.0,1.0,-1
"((MAP >= 2.658) U[2,2] (SBP <= 170.850))
",3005622704322282.000,170.850,0.000,0.000,1.000,0,0,0,23,23,0,0,23,0.0,0.0,0.0,0.0,0.0,1.0,-1
"F[1,2](((Calcium < 3.844 & Potassium < 0.971) & Magnesium < 0.241) & Phosphate < 2.988)
",-9999999.000,-9999999.000,0.000,0.000,1.000,0,0,0,23,23,0,0,23,0.0,0.0,0.0,0.0,0.0,1.0,-1
"F[1,2]((Phosphate >= 0.077 & Magnesium > 0.186) -> Calcium < 4.558)
",-9999999.000,-9999999.000,0.000,0.000,1.000,0,0,0,23,23,0,0,23,0.0,0.0,0.0,0.0,0.0,1.0,-1
"F[2,2](((Calcium < 1.673 & Potassium < 0.721) & Magnesium < 1.013) & Phosphate < 0.771)
",3245557893579238.000,0.721,0.000,0.000,1.000,0,0,0,23,23,0,0,23,0.0,0.0,0.0,0.0,0.0,1.0,-1
"F[1,2](Hgb <= 2.209 | Hct <= 20.610)
",-9999999.000,-9999999.000,0.000,0.000,1.000,0,0,0,23,23,0,0,23,0.0,0.0,0.0,0.0,0.0,1.0,-1
"F[0,0](BUN <= 8.770 | HR <= 95.778)
",2468535229520514.500,8.770,0.000,0.000,1.000,0,0,0,23,23,0,0,23,0.0,0.0,0.0,0.0,0.0,1.0,-1
"F[0,0]((Hgb >= 0.278 -> Magnesium >= 0.190) & Hgb <= 2.137)
",-0.211,-1.484,0.000,0.000,1.000,0,0,0,23,23,0,0,23,0.0,0.0,0.0,0.0,0.0,1.0,-1
"G[0,2](((BaseExcess <= 2.808 | Chloride >= 6.682) & SepsisLabel <= 97.229) & SepsisLabel >= 0.367)
",9999999.000,9999999.000,0.000,1.000,0.000,0,0,0,23,23,0,0,23,0.0,0.0,0.0,0.0,0.0,1.0,1
"G[0,1]((FiO2 <= 0.187 -> Phosphate <= 2.498) -> BUN >= 0.129)
",9999999.000,9999999.000,0.000,1.000,0.000,0,0,0,23,23,0,0,23,0.0,0.0,0.0,0.0,0.0,1.0,1
"G[1,2]((FiO2 >= 0.116 | SBP <= 163.667) -> Calcium >= 101.636)
",9999999.000,9999999.000,0.000,1.000,0.000,0,0,4,19,19,4,4,19,0.0,0.0,1.0,0.0,0.0,1.0,1
"G[1,2](((Creatinine >= 0.041 & Temp <= 17.210) & PaCO2 <= 25.745) & HCO3 <= 23.616)
",9999999.000,9999999.000,0.000,1.000,0.000,0,0,1,22,22,1,1,22,0.0,0.0,1.0,0.0,0.0,1.0,1
"G[1,2](((BUN >= 0.257 -> Temp <= 16.752) & PTT <= 21.946) & Calcium >= 3.158)
",9999999.000,9999999.000,0.000,1.000,0.000,0,0,3,20,20,3,3,20,0.0,0.0,1.0,0.0,0.0,1.0,1
"G[1,2](((BUN <= 3.015 & FiO2 <= 0.297) -> Magnesium <= 0.324) -> Glucose <= 0.302)
",9999999.000,9999999.000,0.000,1.000,0.000,0,0,19,4,4,19,19,4,0.0,0.0,1.0,0.0,0.0,1.0,1
"G[1,2]((Calcium >= 0.319 | Hct >= 0.948) -> Magnesium <= 10.925)
",9999999.000,9999999.000,0.000,1.000,0.000,0,0,23,0,0,23,23,0,0.0,0.0,1.0,0.0,0.0,1.0,1
"G[0,2](((DBP >= 6.861 -> Resp >= 7.144) | HCO3 <= 22.806) & Glucose >= 5.423)
",9999999.000,9999999.000,0.000,1.000,0.000,0,0,0,23,23,0,0,23,0.0,0.0,0.0,0.0,0.0,1.0,1
"G[2,2]((Lactate <= 1.358 -> Resp <= 20.086) -> Lactate <= 24.102)
",-24.102,-24.102,0.000,1.000,0.000,0,0,23,0,0,23,23,0,0.0,0.0,1.0,0.0,0.0,1.0,1
"G[2,2](PaCO2 < 27.162 & SepsisLabel = 0.000)
",0.000,0.000,0.000,1.000,0.000,0,0,23,0,0,23,23,0,0.0,0.0,1.0,0.0,0.0,1.0,1
"G[1,2](BUN <= 3.869 & Creatinine <= 0.882)
",9999999.000,9999999.000,0.000,1.000,0.000,0,0,21,2,2,21,21,2,0.0,0.0,1.0,0.0,0.0,1.0,1
"G[2,2]((BUN >= 0.251 & Platelets >= 0.742) | Potassium >= 8.941)
",-0.742,-0.742,0.000,1.000,0.000,0,0,23,0,0,23,23,0,0.0,0.0,1.0,0.0,0.0,1.0,1
"G[0,1](Chloride <= 13.490 -> Lactate >= 0.091)
",9999999.000,9999999.000,0.000,1.000,0.000,0,0,0,23,23,0,0,23,0.0,0.0,0.0,0.0,0.0,1.0,1
"G[1,2]((pH <= 5.752 -> Potassium <= 0.834) -> PTT <= 2.866)
",9999999.000,9999999.000,0.000,1.000,0.000,0,0,23,0,0,23,23,0,0.0,0.0,1.0,0.0,0.0,1.0,1
"G[0,2](((HR >= 41.141 -> Lactate >= 0.023) -> Magnesium >= 0.132) | Lactate <= 3.416)
",9999999.000,9999999.000,0.000,1.000,0.000,0,0,23,0,0,23,23,0,0.0,0.0,1.0,0.0,0.0,1.0,1
"G[2,2](PaCO2 >= 2.911 & Potassium >= 0.184)
",-6555247553885519.000,-2.911,0.000,1.000,0.000,0,0,23,0,0,23,23,0,0.0,0.0,1.0,0.0,0.0,1.0,1
"G[0,2](((Hct >= 1.558 & SBP <= 180.455) & Magnesium >= 118.556) & Hct >= 98.714)
",9999999.000,9999999.000,0.000,1.000,0.000,0,0,0,23,23,0,0,23,0.0,0.0,0.0,0.0,0.0,1.0,1
"G[1,2]((HR <= 97.576 | MAP >= 54.188) -> Hct <= 99.065)
",9999999.000,9999999.000,0.000,1.000,0.000,0,0,23,0,0,23,23,0,0.0,0.0,1.0,0.0,0.0,1.0,1
"G[0,2]((HCO3 <= 23.537 -> Magnesium >= 0.055) & Resp <= 2.295)
",9999999.000,9999999.000,0.000,1.000,0.000,0,0,0,23,23,0,0,23,0.0,0.0,0.0,0.0,0.0,1.0,1
"G[0,2](((Creatinine >= 0.008 & SBP >= 115.921) -> Lactate <= 152.256) | Glucose <= 166.231)
",9999999.000,9999999.000,0.000,1.000,0.000,0,0,23,0,0,23,23,0,0.0,0.0,1.0,0.0,0.0,1.0,1
"G[0,0](((Hgb <= 11.922 | Hct <= 1.907) -> WBC >= 0.086) & Platelets >= 9.391)
",-22.393,-11.807,0.000,1.000,0.000,0,0,0,23,23,0,0,23,0.0,0.0,0.0,0.0,0.0,1.0,1
"G[1,2]((Creatinine <= 0.835 & pH >= 0.380) | Temp >= 0.056)
",9999999.000,9999999.000,0.000,1.000,0.000,0,0,12,11,11,12,12,11,0.0,0.0,1.0,0.0,0.0,1.0,1
"G[0,2]((Hct >= 1.186 & Hct >= 0.647) -> Bilirubin_direct >= 0.723)
",9999999.000,9999999.000,0.000,1.000,0.000,0,0,21,2,2,21,21,2,0.0,0.0,1.0,0.0,0.0,1.0,1
"G[1,2]((Glucose <= 93.341 | Creatinine <= 0.561) -> pH >= 0.024)
",9999999.000,9999999.000,0.000,1.000,0.000,0,0,5,18,18,5,5,18,0.0,0.0,1.0,0.0,0.0,1.0,1
"G[2,2]((HCO3 <= 22.923 | Hct >= 0.830) -> PaCO2 >= 0.698)
",-6452235862798719.000,-22.923,0.000,1.000,0.000,0,0,23,0,0,23,23,0,0.0,0.0,1.0,0.0,0.0,1.0,1
"G[1,2]((Platelets <= 74.850 | FiO2 >= 0.106) -> Phosphate <= 0.222)
",9999999.000,9999999.000,0.000,1.000,0.000,0,0,22,1,1,22,22,1,0.0,0.0,1.0,0.0,0.0,1.0,1
"G[2,2](((HR <= 98.113 | TroponinI <= 0.000) & Glucose >= 0.000) & SaO2 >= 0.000)
",0.000,0.000,0.000,1.000,0.000,0,0,23,0,0,23,23,0,0.0,0.0,1.0,0.0,0.0,1.0,1
"G[1,2]((Creatinine <= 0.178 & FiO2 <= 0.175) & Bilirubin_direct <= 0.310)
",9999999.000,9999999.000,0.000,1.000,0.000,0,0,15,8,8,15,15,8,0.0,0.0,1.0,0.0,0.0,1.0,1
"G[0,0](((Magnesium <= 1.670 | MAP <= 121.793) | BUN >= 17.013) & Hgb >= 67.923)
",-9.429,-66.386,0.000,1.000,0.000,0,0,0,23,23,0,0,23,0.0,0.0,0.0,0.0,0.0,1.0,1
"G[1,2]((Chloride >= 5.423 & MAP >= 15.322) | PaCO2 <= 99.441)
",9999999.000,9999999.000,0.000,1.000,0.000,0,0,23,0,0,23,23,0,0.0,0.0,1.0,0.0,0.0,1.0,1
"G[1,2]((Platelets <= 227.716 & Temp >= 5.077) -> TroponinI >= 3.498)
",9999999.000,9999999.000,0.000,1.000,0.000,0,0,13,10,10,13,13,10,0.0,0.0,1.0,0.0,0.0,1.0,1
"G[0,1](Magnesium >= 0.157 | PaCO2 >= 0.079)
",9999999.000,9999999.000,0.000,1.000,0.000,0,0,0,23,23,0,0,23,0.0,0.0,0.0,0.0,0.0,1.0,1
"G[0,1](((BUN >= 0.562 -> Lactate >= 0.159) -> pH >= 0.043) | AST >= 0.024)
",9999999.000,9999999.000,0.000,1.000,0.000,0,0,0,23,23,0,0,23,0.0,0.0,0.0,0.0,0.0,1.0,1
"G[1,1]((MAP <= 118.851 -> Resp >= 8.475) & pH >= 11.252)
",-4181688772881611.000,-118.851,0.000,1.000,0.000,0,0,1,22,22,1,1,22,0.0,0.0,1.0,0.0,0.0,1.0,1
"G[1,2](((HR >= 3.444 -> Resp <= 20.835) | Chloride >= 12.144) | PTT <= 20.732)
",9999999.000,9999999.000,0.000,1.000,0.000,0,0,23,0,0,23,23,0,0.0,0.0,1.0,0.0,0.0,1.0,1
"G[2,2]((Hgb >= 0.489 | Lactate >= 0.028) & DBP >= 0.088)
",-6341322343829521.000,-0.088,0.000,1.000,0.000,0,0,23,0,0,23,23,0,0.0,0.0,1.0,0.0,0.0,1.0,1
"G[0,2](Platelets >= 5.063 & SepsisLabel = 0.000)
",9999999.000,9999999.000,0.000,1.000,0.000,0,0,0,23,23,0,0,23,0.0,0.0,0.0,0.0,0.0,1.0,1
"G[1,2](((Glucose >= 2.138 & WBC <= 11.432) | O2Sat <= 12.572) & Chloride >= 0.398)
",9999999.000,9999999.000,0.000,1.000,0.000,0,0,3,20,20,3,3,20,0.0,0.0,1.0,0.0,0.0,1.0,1
"G[0,2](HR >= 70.959 | O2Sat >= 41.314)
",9999999.000,9999999.000,0.000,1.000,0.000,0,0,22,1,1,22,22,1,0.0,0.0,1.0,0.0,0.0,1.0,1
"G[0,1](((Magnesium <= 2.130 & pH >= 0.346) & O2Sat <= 4.226) & Lactate <= 3.766)
",9999999.000,9999999.000,0.000,1.000,0.000,0,0,0,23,23,0,0,23,0.0,0.0,0.0,0.0,0.0,1.0,1
"G[0,2](((Glucose <= 59.219 & Hgb <= 1.912) -> Creatinine >= 0.275) | pH <= 12.849)
",9999999.000,9999999.000,0.000,1.000,0.000,0,0,23,0,0,23,23,0,0.0,0.0,1.0,0.0,0.0,1.0,1
"G[0,2]((Platelets <= 192.279 | Potassium <= 2.107) -> Glucose >= 0.126)
",9999999.000,9999999.000,0.000,1.000,0.000,0,0,0,23,23,0,0,23,0.0,0.0,0.0,0.0,0.0,1.0,1
"G[0,2](((Lactate >= 0.059 | pH <= 6.124) & Potassium <= 1.482) | Glucose <= 5.321)
",9999999.000,9999999.000,0.000,1.000,0.000,0,0,19,4,4,19,19,4,0.0,0.0,1.0,0.0,0.0,1.0,1
"G[0,2](Chloride <= 41.487 -> Platelets >= 6.125)
",9999999.000,9999999.000,0.000,1.000,0.000,0,0,0,23,23,0,0,23,0.0,0.0,0.0,0.0,0.0,1.0,1
"G[1,2](((Chloride <= 91.302 | Hct <= 34.800) -> SBP >= 1.041) -> Hct <= 33.308)
",9999999.000,9999999.000,0.000,1.000,0.000,0,0,21,2,2,21,21,2,0.0,0.0,1.0,0.0,0.0,1.0,1
"G[0,1](((Glucose >= 11.212 | pH <= 1.831) & Creatinine <= 4.298) & PTT >= 0.012)
",9999999.000,9999999.000,0.000,1.000,0.000,0,0,0,23,23,0,0,23,0.0,0.0,0.0,0.0,0.0,1.0,1
"G[1,2](Glucose >= 1.524 & SepsisLabel = 0.000)
",9999999.000,9999999.000,0.000,1.000,0.000,0,0,5,18,18,5,5,18,0.0,0.0,1.0,0.0,0.0,1.0,1
"G[0,2](((Hct <= 27.249 & Platelets >= 3.595) -> Alkalinephos <= 209.689) -> Temp >= 1.790)
",9999999.000,9999999.000,0.000,1.000,0.000,0,0,0,23,23,0,0,23,0.0,0.0,0.0,0.0,0.0,1.0,1
"G[0,2](((Hct >= 0.675 | Magnesium >= 0.140) -> Lactate >= 0.181) -> Lactate >= 0.155)
",9999999.000,9999999.000,0.000,1.000,0.000,0,0,0,23,23,0,0,23,0.0,0.0,0.0,0.0,0.0,1.0,1
"G[2,2](((Calcium >= 0.003 -> Glucose >= 2.005) & HCO3 >= 2.089) -> EtCO2 <= 67.487)
",-4748978061575263.000,-67.487,0.000,1.000,0.000,0,0,23,0,0,23,23,0,0.0,0.0,1.0,0.0,0.0,1.0,1
"G[1,2](Chloride <= 98.282 & WBC >= 0.461)
",9999999.000,9999999.000,0.000,1.000,0.000,0,0,2,21,21,2,2,21,0.0,0.0,1.0,0.0,0.0,1.0,1
"G[1,2]((BUN >= 0.160 | WBC <= 14.190) & SepsisLabel <= 15.105)
",9999999.000,9999999.000,0.000,1.000,0.000,0,0,23,0,0,23,23,0,0.0,0.0,1.0,0.0,0.0,1.0,1
"G[0,2](((Hct <= 19.836 & PaCO2 <= 22.176) -> PaCO2 >= 2.485) & WBC <= 13.201)
",9999999.000,9999999.000,0.000,1.000,0.000,0,0,0,23,23,0,0,23,0.0,0.0,0.0,0.0,0.0,1.0,1
"G[1,2](WBC >= 0.553 -> SepsisLabel = 0.000)
",9999999.000,9999999.000,0.000,1.000,0.000,0,0,23,0,0,23,23,0,0.0,0.0,1.0,0.0,0.0,1.0,1
"G[1,2](Calcium < 2.295 & SepsisLabel = 0.000)
",9999999.000,9999999.000,0.000,1.000,0.000,0,0,21,2,2,21,21,2,0.0,0.0,1.0,0.0,0.0,1.0,1
"G[0,2](((BaseExcess <= 1.981 | Lactate <= 2.624) -> Phosphate >= 0.109) | Hgb <= 0.938)
",9999999.000,9999999.000,0.000,1.000,0.000,0,0,23,0,0,23,23,0,0.0,0.0,1.0,0.0,0.0,1.0,1
"G[0,2](((Resp <= 26.384 -> PTT <= 0.000) | HR >= 0.000) -> HR >= 0.000)
",9999999.000,9999999.000,0.000,1.000,0.000,0,0,23,0,0,23,23,0,0.0,0.0,1.0,0.0,0.0,1.0,1
"G[0,2](Resp >= 12.647 -> Magnesium <= 0.282)
",9999999.000,9999999.000,0.000,1.000,0.000,0,0,19,4,4,19,19,4,0.0,0.0,1.0,0.0,0.0,1.0,1
"G[1,2](Platelets <= 172.038 -> WBC >= 0.091)
",9999999.000,9999999.000,0.000,1.000,0.000,0,0,3,20,20,3,3,20,0.0,0.0,1.0,0.0,0.0,1.0,1
"G[0,2]((Platelets >= 0.435 -> Temp >= 4.804) | pH <= 15.489)
",9999999.000,9999999.000,0.000,1.000,0.000,0,0,23,0,0,23,23,0,0.0,0.0,1.0,0.0,0.0,1.0,1
"G[0,1](Chloride >= 8.386 & HCO3 >= 0.593)
",9999999.000,9999999.000,0.000,1.000,0.000,0,0,0,23,23,0,0,23,0.0,0.0,0.0,0.0,0.0,1.0,1
"G[1,2](((Resp <= 26.200 -> SBP <= 139.639) -> Magnesium >= 122.366) -> SepsisLabel >= 49.707)
",9999999.000,9999999.000,0.000,1.000,0.000,0,0,8,15,15,8,8,15,0.0,0.0,1.0,0.0,0.0,1.0,1
"G[1,2](Bilirubin_direct <= 0.000 | Hgb >= 0.217)
",9999999.000,9999999.000,0.000,1.000,0.000,0,0,23,0,0,23,23,0,0.0,0.0,1.0,0.0,0.0,1.0,1
"G[0,2]((SepsisLabel >= 0.000 & pH >= 0.443) -> Calcium >= 0.357)
",9999999.000,9999999.000,0.000,1.000,0.000,0,0,20,3,3,20,20,3,0.0,0.0,1.0,0.0,0.0,1.0,1
"G[0,2]((Resp >= 15.154 & Hgb <= 4.209) & WBC >= 0.100)
",9999999.000,9999999.000,0.000,1.000,0.000,0,0,0,23,23,0,0,23,0.0,0.0,0.0,0.0,0.0,1.0,1
"G[0,2](Platelets <= 234.982 -> WBC >= 0.372)
",9999999.000,9999999.000,0.000,1.000,0.000,0,0,0,23,23,0,0,23,0.0,0.0,0.0,0.0,0.0,1.0,1
"G[0,2](DBP <= 69.440 -> Temp <= 17.673)
",9999999.000,9999999.000,0.000,1.000,0.000,0,0,14,9,9,14,14,9,0.0,0.0,1.0,0.0,0.0,1.0,1
"G[2,2](((Hgb <= 9.544 | Hct <= 35.928) -> WBC >= 0.080) & Platelets >= 4.119)
",-5056466797877329.000,-35.928,0.000,1.000,0.000,0,0,23,0,0,23,23,0,0.0,0.0,1.0,0.0,0.0,1.0,1
"G[1,2](((FiO2 <= 0.185 -> Glucose >= 11.112) -> SaO2 <= 91.865) & Alkalinephos >= 13.889)
",9999999.000,9999999.000,0.000,1.000,0.000,0,0,1,22,22,1,1,22,0.0,0.0,1.0,0.0,0.0,1.0,1
"G[1,2](BUN <= 6.046 & Creatinine >= 0.000)
",9999999.000,9999999.000,0.000,1.000,0.000,0,0,21,2,2,21,21,2,0.0,0.0,1.0,0.0,0.0,1.0,1
"G[1,2](Chloride >= 2.399 & HCO3 >= 0.004)
",9999999.000,9999999.000,0.000,1.000,0.000,0,0,3,20,20,3,3,20,0.0,0.0,1.0,0.0,0.0,1.0,1
"G[0,0](Platelets <= 73.774 -> WBC >= 0.428)
",-2595676046869314.000,-73.774,0.000,1.000,0.000,0,0,0,23,23,0,0,23,0.0,0.0,0.0,0.0,0.0,1.0,1
"G[0,0](((Hgb <= 3.615 | Hct <= 14.144) -> WBC >= 0.457) & Platelets >= 8.174)
",-3981048252281057.500,-14.144,0.000,1.000,0.000,0,0,0,23,23,0,0,23,0.0,0.0,0.0,0.0,0.0,1.0,1
"G[1,2](((AST >= 0.000 | Calcium <= 7.313) & EtCO2 <= 1.635) | Platelets <= 2.630)
",9999999.000,9999999.000,0.000,1.000,0.000,0,0,23,0,0,23,23,0,0.0,0.0,1.0,0.0,0.0,1.0,1
"G[0,2](((Fibrinogen >= 0.000 | Calcium >= 0.384) & Chloride <= 2.592) & EtCO2 <= 1.924)
",9999999.000,9999999.000,0.000,1.000,0.000,0,0,19,4,4,19,19,4,0.0,0.0,1.0,0.0,0.0,1.0,1
"G[0,2](((Bilirubin_total >= 0.000 -> EtCO2 >= 0.000) -> Hgb <= 0.000) & Hct >= 0.000)
",9999999.000,9999999.000,0.000,1.000,0.000,0,0,21,2,2,21,21,2,0.0,0.0,1.0,0.0,0.0,1.0,1
"G[0,0]((BaseExcess <= 1.611 & Resp >= 12.604) & PaCO2 >= 7.590)
",-2.915,-7.140,0.000,1.000,0.000,0,0,0,23,23,0,0,23,0.0,0.0,0.0,0.0,0.0,1.0,1
"G[0,0](BUN <= 6.451 & Creatinine >= 0.014)
",0.391,0.867,0.000,1.000,0.000,0,0,0,23,23,0,0,23,0.0,0.0,0.0,0.0,0.0,1.0,1
"G[1,2](((Glucose >= 8.706 | Potassium >= 0.162) | FiO2 <= 2.711) | BUN <= 0.766)
",9999999.000,9999999.000,0.000,1.000,0.000,0,0,23,0,0,23,23,0,0.0,0.0,1.0,0.0,0.0,1.0,1
"G[0,0]((PTT <= 0.000 -> HR >= 50.786) & Resp >= 50.556)
",-6268551030066687.000,-5701.214,0.000,1.000,0.000,0,0,0,23,23,0,0,23,0.0,0.0,0.0,0.0,0.0,1.0,1
"G[0,2](DBP <= 77.847 & WBC <= 8.123)
",9999999.000,9999999.000,0.000,1.000,0.000,0,0,17,6,6,17,17,6,0.0,0.0,1.0,0.0,0.0,1.0,1
"G[0,2](Chloride >= 5.847 & HCO3 >= 1.484)
",9999999.000,9999999.000,0.000,1.000,0.000,0,0,0,23,23,0,0,23,0.0,0.0,0.0,0.0,0.0,1.0,1
"G[0,2]((Temp <= 13.404 -> Hct <= 34.458) | BUN >= 1.098)
",9999999.000,9999999.000,0.000,1.000,0.000,0,0,23,0,0,23,23,0,0.0,0.0,1.0,0.0,0.0,1.0,1
"G[2,2](Platelets <= 64.160 -> WBC >= 0.211)
",-4514891782068927.000,-64.160,0.000,1.000,0.000,0,0,23,0,0,23,23,0,0.0,0.0,1.0,0.0,0.0,1.0,1
"G[0,2](Glucose >= 4.952 & Potassium <= 1.924)
",9999999.000,9999999.000,0.000,1.000,0.000,0,0,0,23,23,0,0,23,0.0,0.0,0.0,0.0,0.0,1.0,1
"G[1,2]((Alkalinephos >= 0.000 -> Hct >= 0.494) & Lactate <= 38.942)
",9999999.000,9999999.000,0.000,1.000,0.000,0,0,3,20,20,3,3,20,0.0,0.0,1.0,0.0,0.0,1.0,1
"G[1,2](BUN <= 6.030 & Creatinine >= 0.040)
",9999999.000,9999999.000,0.000,1.000,0.000,0,0,1,22,22,1,1,22,0.0,0.0,1.0,0.0,0.0,1.0,1
"G[0,2](BUN <= 0.883 & Creatinine >= 0.004)
",9999999.000,9999999.000,0.000,1.000,0.000,0,0,0,23,23,0,0,23,0.0,0.0,0.0,0.0,0.0,1.0,1
"G[0,2]((DBP <= 76.918 -> Creatinine <= 0.275) -> HR >= 0.050)
",9999999.000,9999999.000,0.000,1.000,0.000,0,0,22,1,1,22,22,1,0.0,0.0,1.0,0.0,0.0,1.0,1
"G[1,2]((Hct >= 1.602 -> Potassium >= 0.069) & FiO2 <= 0.748)
",9999999.000,9999999.000,0.000,1.000,0.000,0,0,23,0,0,23,23,0,0.0,0.0,1.0,0.0,0.0,1.0,1
"G[0,1](Chloride >= 4.274 & HCO3 >= 1.641)
",9999999.000,9999999.000,0.000,1.000,0.000,0,0,0,23,23,0,0,23,0.0,0.0,0.0,0.0,0.0,1.0,1
"G[1,2](HR <= 93.711 & TroponinI >= 0.000)
",9999999.000,9999999.000,0.000,1.000,0.000,0,0,18,5,5,18,18,5,0.0,0.0,1.0,0.0,0.0,1.0,1
"G[0,2]((Chloride <= 81.058 -> Platelets <= 208.902) -> TroponinI <= 37.854)
",9999999.000,9999999.000,0.000,1.000,0.000,0,0,23,0,0,23,23,0,0.0,0.0,1.0,0.0,0.0,1.0,1
"G[0,2](Platelets <= 128.157 -> WBC >= 0.467)
",9999999.000,9999999.000,0.000,1.000,0.000,0,0,0,23,23,0,0,23,0.0,0.0,0.0,0.0,0.0,1.0,1
"G[0,2](((Calcium >= 0.024 -> Phosphate <= 0.265) -> Lactate <= 0.610) -> PTT <= 2.074)
",9999999.000,9999999.000,0.000,1.000,0.000,0,0,23,0,0,23,23,0,0.0,0.0,1.0,0.0,0.0,1.0,1
"G[0,2](((Hgb <= 8.665 | Hct <= 34.626) -> WBC >= 0.203) & Platelets >= 1.270)
",9999999.000,9999999.000,0.000,1.000,0.000,0,0,0,23,23,0,0,23,0.0,0.0,0.0,0.0,0.0,1.0,1
"G[1,2](BUN <= 6.806 & Creatinine >= 0.022)
",9999999.000,9999999.000,0.000,1.000,0.000,0,0,1,22,22,1,1,22,0.0,0.0,1.0,0.0,0.0,1.0,1
"G[0,2](Chloride >= 0.663 & HCO3 >= 0.614)
",9999999.000,9999999.000,0.000,1.000,0.000,0,0,0,23,23,0,0,23,0.0,0.0,0.0,0.0,0.0,1.0,1
"G[1,2]((Temp <= 9.955 | Resp <= 23.691) | Alkalinephos >= 7.873)
",9999999.000,9999999.000,0.000,1.000,0.000,0,0,23,0,0,23,23,0,0.0,0.0,1.0,0.0,0.0,1.0,1
"G[1,2](((BaseExcess <= 0.340 | AST <= 0.000) -> EtCO2 >= 0.000) & PTT >= 0.000)
",9999999.000,9999999.000,0.000,1.000,0.000,0,0,23,0,0,23,23,0,0.0,0.0,1.0,0.0,0.0,1.0,1
"G[0,2]((PTT >= 0.000 | Hgb >= 0.227) -> Creatinine >= 0.100)
",9999999.000,9999999.000,0.000,1.000,0.000,0,0,0,23,23,0,0,23,0.0,0.0,0.0,0.0,0.0,1.0,1
"G[1,2]((SBP >= 44.082 & SepsisLabel >= 0.000) -> pH <= 0.000)
",9999999.000,9999999.000,0.000,1.000,0.000,0,0,20,3,3,20,20,3,0.0,0.0,1.0,0.0,0.0,1.0,1
"G[0,1](((DBP >= 13.961 & SBP >= 92.001) & Bilirubin_direct >= 89.902) | Calcium >= 73.215)
",9999999.000,9999999.000,0.000,1.000,0.000,0,0,0,23,23,0,0,23,0.0,0.0,0.0,0.0,0.0,1.0,1
"G[0,2](((DBP >= 35.155 & SepsisLabel >= 0.000) | Resp <= 0.000) -> Temp >= 0.000)
",9999999.000,9999999.000,0.000,1.000,0.000,0,0,23,0,0,23,23,0,0.0,0.0,1.0,0.0,0.0,1.0,1
"G[2,2]((Glucose >= 7.661 -> Bilirubin_direct <= 0.000) -> Lactate >= 0.000)
",0.000,0.000,0.000,1.000,0.000,0,0,23,0,0,23,23,0,0.0,0.0,1.0,0.0,0.0,1.0,1
"G[0,2]((Hct >= 1.156 & WBC >= 0.499) -> TroponinI <= 9.739)
",9999999.000,9999999.000,0.000,1.000,0.000,0,0,23,0,0,23,23,0,0.0,0.0,1.0,0.0,0.0,1.0,1
"G[1,2]((Platelets >= 7.652 | SaO2 <= 0.000) -> HCO3 <= 0.000)
",9999999.000,9999999.000,0.000,1.000,0.000,0,0,21,2,2,21,21,2,0.0,0.0,1.0,0.0,0.0,1.0,1
"G[0,2]((Lactate <= 0.435 & Calcium >= 0.487) | BaseExcess >= 0.560)
",9999999.000,9999999.000,0.000,1.000,0.000,0,0,0,23,23,0,0,23,0.0,0.0,0.0,0.0,0.0,1.0,1
"G[0,2](Lactate >= 0.084 -> HR >= 69.394)
",9999999.000,9999999.000,0.000,1.000,0.000,0,0,22,1,1,22,22,1,0.0,0.0,1.0,0.0,0.0,1.0,1
"G[0,2](((Magnesium <= 2.145 -> Bilirubin_direct >= 0.000) & Lactate <= 0.000) & DBP <= 0.000)
",9999999.000,9999999.000,0.000,1.000,0.000,0,0,2,21,21,2,2,21,0.0,0.0,1.0,0.0,0.0,1.0,1
"G[2,2](AST <= 0.000 & Phosphate >= 0.100)
",-0.100,-0.100,0.000,1.000,0.000,0,0,23,0,0,23,23,0,0.0,0.0,1.0,0.0,0.0,1.0,1
"G[1,2]((Lactate <= 0.770 & SaO2 <= 0.000) -> Bilirubin_direct <= 0.000)
",9999999.000,9999999.000,0.000,1.000,0.000,0,0,23,0,0,23,23,0,0.0,0.0,1.0,0.0,0.0,1.0,1
"G[1,2]((AST <= 0.000 -> MAP >= 58.730) | TroponinI <= 122.618)
",9999999.000,9999999.000,0.000,1.000,0.000,0,0,23,0,0,23,23,0,0.0,0.0,1.0,0.0,0.0,1.0,1
"G[0,1](((Hgb <= 8.474 | Hct <= 38.396) -> WBC >= 0.389) & Platelets >= 3.421)
",9999999.000,9999999.000,0.000,1.000,0.000,0,0,0,23,23,0,0,23,0.0,0.0,0.0,0.0,0.0,1.0,1
"G[0,2]((Calcium >= 0.552 -> Lactate >= 0.136) -> O2Sat >= 0.102)
",9999999.000,9999999.000,0.000,1.000,0.000,0,0,22,1,1,22,22,1,0.0,0.0,1.0,0.0,0.0,1.0,1
"G[0,2]((Creatinine <= 0.909 | Hct >= 0.033) | Bilirubin_direct >= 0.837)
",9999999.000,9999999.000,0.000,1.000,0.000,0,0,23,0,0,23,23,0,0.0,0.0,1.0,0.0,0.0,1.0,1
"F[0,1](((BUN <= 1.293 | O2Sat <= 96.591) | SaO2 >= 15.218) & FiO2 <= 97.879)
",-9999999.000,-9999999.000,0.000,0.000,1.000,0,0,0,23,23,0,0,23,0.0,0.0,0.0,0.0,0.0,1.0,-1
"G[1,2](PaCO2 >= 0.427 & Resp <= 24.869)
",9999999.000,9999999.000,0.000,1.000,0.000,0,0,4,19,19,4,4,19,0.0,0.0,1.0,0.0,0.0,1.0,1
"G[0,2](((EtCO2 >= 0.000 -> HR >= 54.836) -> WBC <= 95.017) | O2Sat <= 99.862)
",9999999.000,9999999.000,0.000,1.000,0.000,0,0,23,0,0,23,23,0,0.0,0.0,1.0,0.0,0.0,1.0,1
"F[0,1](((Hct >= 1.494 -> MAP >= 59.853) -> Temp <= 117.099) | EtCO2 >= 38.245)
",-9999999.000,-9999999.000,0.000,0.000,1.000,0,0,0,23,23,0,0,23,0.0,0.0,0.0,0.0,0.0,1.0,-1
"F[2,2]((DBP <= 65.951 | pH <= 2.077) & Phosphate >= 0.059)
",-8440185188319478.000,-0.059,0.000,0.000,1.000,0,0,0,23,23,0,0,23,0.0,0.0,0.0,0.0,0.0,1.0,-1
"F[1,1](((HCO3 <= 23.110 | Hct <= 37.640) -> Resp >= 1.429) -> SepsisLabel <= 31.000)
",-2908540465395961.500,-31.000,0.000,0.000,1.000,0,0,0,23,23,0,0,23,0.0,0.0,0.0,0.0,0.0,1.0,-1
"F[1,2]((DBP >= 40.336 & Phosphate <= 1.404) & TroponinI >= 0.078)
",-9999999.000,-9999999.000,0.000,0.000,1.000,0,0,0,23,23,0,0,23,0.0,0.0,0.0,0.0,0.0,1.0,-1
"F[0,1](SBP >= 64.566 | Bilirubin_total >= 0.000)
",-9999999.000,-9999999.000,0.000,0.000,1.000,0,0,0,23,23,0,0,23,0.0,0.0,0.0,0.0,0.0,1.0,-1
"F[1,1]((Bilirubin_total >= 0.000 | HCO3 <= 15.843) -> SepsisLabel <= 22.399)
",-3152373898542738.000,-22.399,0.000,0.000,1.000,0,0,0,23,23,0,0,23,0.0,0.0,0.0,0.0,0.0,1.0,-1
"F[0,0](((DBP <= 82.363 -> WBC <= 5.291) -> Fibrinogen <= 15.080) & Potassium <= 11.072)
",-8.009,-14.680,0.000,0.000,1.000,0,0,0,23,23,0,0,23,0.0,0.0,0.0,0.0,0.0,1.0,-1
"F[2,2]((HR <= 89.487 -> Platelets <= 35.597) | Calcium >= 9.835)
",-9.835,-9.835,0.000,0.000,1.000,0,0,0,23,23,0,0,23,0.0,0.0,0.0,0.0,0.0,1.0,-1
"G[1,2](((MAP <= 101.680 & O2Sat >= 7.580) & MAP <= 96.998) | FiO2 <= 97.077)
",9999999.000,9999999.000,0.000,1.000,0.000,0,0,23,0,0,23,23,0,0.0,0.0,1.0,0.0,0.0,1.0,1
"G[0,1](((Fibrinogen <= 0.000 & Hgb >= 0.044) | Glucose >= 0.188) | SepsisLabel >= 0.233)
",9999999.000,9999999.000,0.000,1.000,0.000,0,0,0,23,23,0,0,23,0.0,0.0,0.0,0.0,0.0,1.0,1
"G[1,2]((Hct <= 9.110 & AST >= 0.000) -> Hgb <= 0.000)
",9999999.000,9999999.000,0.000,1.000,0.000,0,0,23,0,0,23,23,0,0.0,0.0,1.0,0.0,0.0,1.0,1
"G[0,1](Hct >= 1.435 | Potassium >= 0.295)
",9999999.000,9999999.000,0.000,1.000,0.000,0,0,0,23,23,0,0,23,0.0,0.0,0.0,0.0,0.0,1.0,1
"G[0,2](Creatinine >= 0.031 | MAP <= 116.167)
",9999999.000,9999999.000,0.000,1.000,0.000,0,0,22,1,1,22,22,1,0.0,0.0,1.0,0.0,0.0,1.0,1
"G[0,1]((BUN <= 9.335 -> Potassium <= 0.551) -> O2Sat <= 2.559)
",9999999.000,9999999.000,0.000,1.000,0.000,0,0,0,23,23,0,0,23,0.0,0.0,0.0,0.0,0.0,1.0,1
"G[2,2]((SBP >= 67.481 & EtCO2 <= 0.000) & EtCO2 <= 0.000)
",-4748532843402548.000,-67.481,0.000,1.000,0.000,0,0,23,0,0,23,23,0,0.0,0.0,1.0,0.0,0.0,1.0,1
"G[2,2](HR <= 92.610 & SepsisLabel >= 0.000)
",0.000,0.000,0.000,1.000,0.000,0,0,23,0,0,23,23,0,0.0,0.0,1.0,0.0,0.0,1.0,1
"G[1,1]((DBP <= 90.051 -> MAP <= 107.579) & Potassium >= 80.276)
",-107.579,-107.579,0.000,1.000,0.000,0,0,1,22,22,1,1,22,0.0,0.0,1.0,0.0,0.0,1.0,1
"G[2,2]((Bilirubin_total >= 0.000 -> MAP >= 78.570) & Hct <= 120.390)
",0.000,0.000,0.000,1.000,0.000,0,0,23,0,0,23,23,0,0.0,0.0,1.0,0.0,0.0,1.0,1
"G[1,2](BaseExcess >= 0.115 & SepsisLabel >= 0.000)
",9999999.000,9999999.000,0.000,1.000,0.000,0,0,3,20,20,3,3,20,0.0,0.0,1.0,0.0,0.0,1.0,1
"G[1,2]((Calcium <= 8.345 & Potassium >= 0.148) & SaO2 <= 3.429)
",9999999.000,9999999.000,0.000,1.000,0.000,0,0,2,21,21,2,2,21,0.0,0.0,1.0,0.0,0.0,1.0,1
"G[1,2]((O2Sat <= 99.434 -> Bilirubin_direct >= 0.000) | FiO2 >= 0.000)
",9999999.000,9999999.000,0.000,1.000,0.000,0,0,23,0,0,23,23,0,0.0,0.0,1.0,0.0,0.0,1.0,1
"G[0,2](Chloride >= 0.818 & HCO3 >= 1.073)
",9999999.000,9999999.000,0.000,1.000,0.000,0,0,0,23,23,0,0,23,0.0,0.0,0.0,0.0,0.0,1.0,1
"G[0,0](BUN <= 3.905 & Creatinine >= 0.002)
",0.396,0.531,0.000,1.000,0.000,0,0,0,23,23,0,0,23,0.0,0.0,0.0,0.0,0.0,1.0,1
"G[2,2](((Hgb <= 5.877 | Hct <= 23.789) -> WBC >= 0.564) & Platelets >= 0.610)
",-6695976646748703.000,-23.789,0.000,1.000,0.000,0,0,23,0,0,23,23,0,0.0,0.0,1.0,0.0,0.0,1.0,1
"G[0,1]((Phosphate >= 0.045 & TroponinI >= 0.000) & MAP >= 0.000)
",9999999.000,9999999.000,0.000,1.000,0.000,0,0,0,23,23,0,0,23,0.0,0.0,0.0,0.0,0.0,1.0,1
"F[0,0](((Fibrinogen >= 0.000 | MAP <= 94.429) & Glucose >= 67.867) -> Chloride >= 63.676)
",25.896,62.908,0.000,0.000,1.000,0,0,0,23,23,0,0,23,0.0,0.0,0.0,0.0,0.0,1.0,-1
"F[0,0]((Calcium >= 0.222 -> O2Sat >= 8.047) | pH <= 99.257)
",476.174,99.116,0.000,0.000,1.000,0,0,0,23,23,0,0,23,0.0,0.0,0.0,0.0,0.0,1.0,-1
"F[2,2]((HCO3 <= 15.348 & Lactate <= 1.273) | Fibrinogen <= 0.204)
",2866971187597226.000,1.273,0.000,0.000,1.000,0,0,0,23,23,0,0,23,0.0,0.0,0.0,0.0,0.0,1.0,-1
"F[0,1](Glucose >= 9.216 -> SBP <= 160.975)
",-9999999.000,-9999999.000,0.000,0.000,1.000,0,0,0,23,23,0,0,23,0.0,0.0,0.0,0.0,0.0,1.0,-1
"((DBP <= 97.863) U[1,2] (Hct >= 1.378))
",-9999999.000,-9999999.000,0.000,0.000,1.000,0,0,0,23,23,0,0,23,0.0,0.0,0.0,0.0,0.0,1.0,-1
"F[1,2](((Chloride >= 7.151 & Temp <= 12.542) -> PaCO2 >= 4.180) | Phosphate >= 2.894)
",-9999999.000,-9999999.000,0.000,0.000,1.000,0,0,0,23,23,0,0,23,0.0,0.0,0.0,0.0,0.0,1.0,-1
"F[0,2](((Magnesium >= 0.144 & Temp >= 8.520) | Chloride >= 0.261) -> Alkalinephos <= 26.619)
",-9999999.000,-9999999.000,0.000,0.000,1.000,0,0,0,23,23,0,0,23,0.0,0.0,0.0,0.0,0.0,1.0,-1
"F[2,2]((Lactate <= 3.173 -> O2Sat >= 89.220) | O2Sat >= 81.806)
",-7144090085471412.000,-3.173,0.000,0.000,1.000,0,0,0,23,23,0,0,23,0.0,0.0,0.0,0.0,0.0,1.0,-1
"F[0,2](((SBP >= 45.525 & WBC <= 11.994) & Creatinine >= 0.290) & SepsisLabel >= 0.340)
",-9999999.000,-9999999.000,0.000,0.000,1.000,0,0,0,23,23,0,0,23,0.0,0.0,0.0,0.0,0.0,1.0,-1
"((O2Sat <= 97.089) U[0,0] (Platelets <= 146.510))
",5154851082955393.000,146.510,0.000,0.000,1.000,0,0,0,23,23,0,0,23,0.0,0.0,0.0,0.0,0.0,1.0,-1
"F[0,1](((Hct >= 1.601 -> O2Sat >= 79.930) | Chloride <= 96.794) & WBC <= 99.728)
",-9999999.000,-9999999.000,0.000,0.000,1.000,0,0,0,23,23,0,0,23,0.0,0.0,0.0,0.0,0.0,1.0,-1
"F[0,1](((Potassium <= 1.591 | Temp >= 7.678) | Creatinine <= 18.760) -> Calcium <= 36.656)
",-9999999.000,-9999999.000,0.000,0.000,1.000,0,0,0,23,23,0,0,23,0.0,0.0,0.0,0.0,0.0,1.0,-1
"F[2,2](((Magnesium >= 0.182 | SBP <= 181.331) & HCO3 >= 15.898) | BUN <= 166.089)
",5843726419619537.000,166.089,0.000,0.000,1.000,0,0,0,23,23,0,0,23,0.0,0.0,0.0,0.0,0.0,1.0,-1
"F[1,2](((Lactate >= 0.008 | MAP <= 101.738) -> HCO3 <= 116.210) & pH <= 98.872)
",-9999999.000,-9999999.000,0.000,0.000,1.000,0,0,0,23,23,0,0,23,0.0,0.0,0.0,0.0,0.0,1.0,-1
"F[0,2](((pH <= 5.041 & Temp >= 6.538) & Calcium <= 29.491) & Alkalinephos >= 2.893)
",-9999999.000,-9999999.000,0.000,0.000,1.000,0,0,0,23,23,0,0,23,0.0,0.0,0.0,0.0,0.0,1.0,-1
"((HR >= 45.967) U[0,2] (Phosphate <= 1.706))
",-9999999.000,-9999999.000,0.000,0.000,1.000,0,0,0,23,23,0,0,23,0.0,0.0,0.0,0.0,0.0,1.0,-1
"((Hgb >= 0.288) U[2,2] (O2Sat >= 12.310))
",-0.288,-0.288,0.000,0.000,1.000,0,0,0,23,23,0,0,23,0.0,0.0,0.0,0.0,0.0,1.0,-1
"F[0,2]((FiO2 >= 0.047 -> WBC >= 0.145) -> PaCO2 <= 0.821)
",-9999999.000,-9999999.000,0.000,0.000,1.000,0,0,0,23,23,0,0,23,0.0,0.0,0.0,0.0,0.0,1.0,-1
"F[0,0](((Chloride >= 5.266 -> DBP >= 6.614) | Alkalinephos <= 102.717) | BaseExcess >= 7.707)
",43.970,101.990,0.000,0.000,1.000,0,0,0,23,23,0,0,23,0.0,0.0,0.0,0.0,0.0,1.0,-1
"F[0,2](((Hgb <= 2.159 & SBP >= 64.592) -> Phosphate >= 129.888) | PaCO2 >= 9.606)
",-9999999.000,-9999999.000,0.000,0.000,1.000,0,0,0,23,23,0,0,23,0.0,0.0,0.0,0.0,0.0,1.0,-1
"F[0,1](((BaseExcess >= 3.8268346314040966e-08 -> HR >= 27.016) -> Resp >= 2.053) | O2Sat >= 60.479)
",-9999999.000,-9999999.000,0.000,0.000,1.000,0,0,0,23,23,0,0,23,0.0,0.0,0.0,0.0,0.0,1.0,-1
"F[0,2]((EtCO2 <= 0.000 & PaCO2 >= 2.743) -> MAP >= 0.279)
",-9999999.000,-9999999.000,0.000,0.000,1.000,0,0,0,23,23,0,0,23,0.0,0.0,0.0,0.0,0.0,1.0,-1
"F[0,0]((BaseExcess >= 0.038 & O2Sat >= 12.587) -> HCO3 <= 97.861)
",-150.456,-97.679,0.000,0.000,1.000,0,0,0,23,23,0,0,23,0.0,0.0,0.0,0.0,0.0,1.0,-1
"F[2,2]((FiO2 <= 0.407 | PaCO2 <= 45.631) & PTT >= 1.981)
",-4459822543727669.000,-1.981,0.000,0.000,1.000,0,0,0,23,23,0,0,23,0.0,0.0,0.0,0.0,0.0,1.0,-1
"F[1,2](SepsisLabel >= 0.000 -> Calcium >= 0.327)
",-9999999.000,-9999999.000,0.000,0.000,1.000,0,0,0,23,23,0,0,23,0.0,0.0,0.0,0.0,0.0,1.0,-1
"F[1,2](Fibrinogen >= 0.000 -> O2Sat >= 68.827)
",-9999999.000,-9999999.000,0.000,0.000,1.000,0,0,0,23,23,0,0,23,0.0,0.0,0.0,0.0,0.0,1.0,-1
"((Chloride >= 0.544) U[0,2] (HR <= 76.816))
",-9999999.000,-9999999.000,0.000,0.000,1.000,0,0,0,23,23,0,0,23,0.0,0.0,0.0,0.0,0.0,1.0,-1
"F[0,2](Glucose >= 6.963 & HR <= 88.615)
",-9999999.000,-9999999.000,0.000,0.000,1.000,0,0,0,23,23,0,0,23,0.0,0.0,0.0,0.0,0.0,1.0,-1
"((Phosphate >= 0.095) U[0,2] (SaO2 <= 0.000))
",-9999999.000,-9999999.000,0.000,0.000,1.000,0,0,0,23,23,0,0,23,0.0,0.0,0.0,0.0,0.0,1.0,-1
"G[0,2](PaCO2 <= 29.843 & Fibrinogen <= 0.000)
",9999999.000,9999999.000,0.000,1.000,0.000,0,0,19,4,4,19,19,4,0.0,0.0,1.0,0.0,0.0,1.0,1
"G[0,1]((Glucose <= 55.392 -> Hgb <= 5.182) -> MAP <= 13.503)
",9999999.000,9999999.000,0.000,1.000,0.000,0,0,0,23,23,0,0,23,0.0,0.0,0.0,0.0,0.0,1.0,1
"G[0,2](Platelets <= 82.668 -> WBC >= 0.050)
",9999999.000,9999999.000,0.000,1.000,0.000,0,0,0,23,23,0,0,23,0.0,0.0,0.0,0.0,0.0,1.0,1
"G[0,2](((Phosphate >= 0.138 -> WBC <= 14.891) -> Temp >= 0.283) | SepsisLabel >= 0.188)
",9999999.000,9999999.000,0.000,1.000,0.000,0,0,0,23,23,0,0,23,0.0,0.0,0.0,0.0,0.0,1.0,1
"G[1,2](MAP >= 29.109 -> PaCO2 >= 3.543)
",9999999.000,9999999.000,0.000,1.000,0.000,0,0,4,19,19,4,4,19,0.0,0.0,1.0,0.0,0.0,1.0,1
"G[1,2]((Calcium >= 0.495 | MAP <= 118.237) & Creatinine <= 100.451)
",9999999.000,9999999.000,0.000,1.000,0.000,0,0,22,1,1,22,22,1,0.0,0.0,1.0,0.0,0.0,1.0,1
"G[1,2](BaseExcess >= 0.067 & WBC >= 0.533)
",9999999.000,9999999.000,0.000,1.000,0.000,0,0,1,22,22,1,1,22,0.0,0.0,1.0,0.0,0.0,1.0,1
"G[2,2](Resp < 22.185 -> SepsisLabel = 0.000)
",-3122330481995958.000,-22.185,0.000,1.000,0.000,0,0,23,0,0,23,23,0,0.0,0.0,1.0,0.0,0.0,1.0,1
"G[0,2]((Chloride <= 20.177 -> SBP >= 12.189) -> pH >= 47.742)
",9999999.000,9999999.000,0.000,1.000,0.000,0,0,2,21,21,2,2,21,0.0,0.0,1.0,0.0,0.0,1.0,1
"G[0,1](Platelets <= 96.098 -> WBC >= 0.264)
",9999999.000,9999999.000,0.000,1.000,0.000,0,0,0,23,23,0,0,23,0.0,0.0,0.0,0.0,0.0,1.0,1
"G[0,1](((Hgb <= 5.753 | Hct <= 33.164) -> WBC >= 0.192) & Platelets >= 9.354)
",9999999.000,9999999.000,0.000,1.000,0.000,0,0,0,23,23,0,0,23,0.0,0.0,0.0,0.0,0.0,1.0,1
"G[2,2](BUN <= 6.949 & Creatinine >= 0.022)
",-3104281933284214.000,-0.022,0.000,1.000,0.000,0,0,23,0,0,23,23,0,0.0,0.0,1.0,0.0,0.0,1.0,1
"G[0,2]((Glucose <= 103.752 -> Temp >= 1.797) | Calcium <= 18.349)
",9999999.000,9999999.000,0.000,1.000,0.000,0,0,23,0,0,23,23,0,0.0,0.0,1.0,0.0,0.0,1.0,1
"G[1,2](Chloride >= 1.364 & HCO3 >= 1.130)
",9999999.000,9999999.000,0.000,1.000,0.000,0,0,3,20,20,3,3,20,0.0,0.0,1.0,0.0,0.0,1.0,1
"G[0,1](Platelets <= 222.316 -> WBC >= 0.400)
",9999999.000,9999999.000,0.000,1.000,0.000,0,0,0,23,23,0,0,23,0.0,0.0,0.0,0.0,0.0,1.0,1
"G[1,2](Hgb <= 2.863 & WBC >= 0.580)
",9999999.000,9999999.000,0.000,1.000,0.000,0,0,1,22,22,1,1,22,0.0,0.0,1.0,0.0,0.0,1.0,1
"G[1,2](((BaseExcess <= 0.326 | SBP <= 154.058) | PaCO2 <= 160.612) | TroponinI <= 172.828)
",9999999.000,9999999.000,0.000,1.000,0.000,0,0,23,0,0,23,23,0,0.0,0.0,1.0,0.0,0.0,1.0,1
"G[0,1](((FiO2 >= 0.035 | Resp <= 22.016) & Creatinine >= 18.951) & Lactate >= 2.158)
",9999999.000,9999999.000,0.000,1.000,0.000,0,0,0,23,23,0,0,23,0.0,0.0,0.0,0.0,0.0,1.0,1
"G[0,2](BUN <= 1.636 & Creatinine >= 0.048)
",9999999.000,9999999.000,0.000,1.000,0.000,0,0,0,23,23,0,0,23,0.0,0.0,0.0,0.0,0.0,1.0,1
"G[1,2]((BUN <= 3.893 | DBP >= 26.806) -> PaCO2 >= 8.070)
",9999999.000,9999999.000,0.000,1.000,0.000,0,0,4,19,19,4,4,19,0.0,0.0,1.0,0.0,0.0,1.0,1
"G[0,1](((Creatinine <= 0.917 | DBP >= 19.924) -> TroponinI >= 4.701) | Hgb >= 58.170)
",9999999.000,9999999.000,0.000,1.000,0.000,0,0,0,23,23,0,0,23,0.0,0.0,0.0,0.0,0.0,1.0,1
"G[0,2](pH >= 0.116 & SBP >= 122.248)
",9999999.000,9999999.000,0.000,1.000,0.000,0,0,0,23,23,0,0,23,0.0,0.0,0.0,0.0,0.0,1.0,1
"G[0,2](DBP >= 15.110 & Hgb <= 9.549)
",9999999.000,9999999.000,0.000,1.000,0.000,0,0,19,4,4,19,19,4,0.0,0.0,1.0,0.0,0.0,1.0,1
"G[2,2]((Magnesium <= 0.922 -> Phosphate <= 2.676) -> Potassium >= 0.037)
",5315212085209711.000,0.037,0.000,1.000,0.000,0,0,23,0,0,23,23,0,0.0,0.0,1.0,0.0,0.0,1.0,1
"G[1,2](HR <= 101.291 | pH >= 0.270)
",9999999.000,9999999.000,0.000,1.000,0.000,0,0,23,0,0,23,23,0,0.0,0.0,1.0,0.0,0.0,1.0,1
"G[0,2](SBP >= 21.753 -> Temp <= 29.513)
",9999999.000,9999999.000,0.000,1.000,0.000,0,0,13,10,10,13,13,10,0.0,0.0,1.0,0.0,0.0,1.0,1
"G[0,2](Hgb > 0.269 -> SepsisLabel = 0.000)
",9999999.000,9999999.000,0.000,1.000,0.000,0,0,23,0,0,23,23,0,0.0,0.0,1.0,0.0,0.0,1.0,1
"G[0,2]((Creatinine <= 0.332 | O2Sat >= 78.117) -> Creatinine >= 84.434)
",9999999.000,9999999.000,0.000,1.000,0.000,0,0,0,23,23,0,0,23,0.0,0.0,0.0,0.0,0.0,1.0,1
"G[1,2](((BUN >= 0.373 & Magnesium >= 0.078) & BaseExcess >= 0.173) -> O2Sat >= 0.053)
",9999999.000,9999999.000,0.000,1.000,0.000,0,0,23,0,0,23,23,0,0.0,0.0,1.0,0.0,0.0,1.0,1
"G[1,2](Phosphate >= 0.072 -> SepsisLabel = 0.000)
",9999999.000,9999999.000,0.000,1.000,0.000,0,0,23,0,0,23,23,0,0.0,0.0,1.0,0.0,0.0,1.0,1
"G[0,2](((HR >= 8.155 -> Temp >= 3.973) -> Chloride <= 12.930) & PTT <= 24.568)
",9999999.000,9999999.000,0.000,1.000,0.000,0,0,22,1,1,22,22,1,0.0,0.0,1.0,0.0,0.0,1.0,1
"G[1,2](((Phosphate <= 1.247 -> Glucose <= 108.994) -> Magnesium <= 66.150) -> Lactate <= 96.700)
",9999999.000,9999999.000,0.000,1.000,0.000,0,0,23,0,0,23,23,0,0.0,0.0,1.0,0.0,0.0,1.0,1
"G[0,2](((Platelets <= 157.469 -> Resp >= 6.847) | Resp <= 20.200) & SepsisLabel <= 23.101)
",9999999.000,9999999.000,0.000,1.000,0.000,0,0,23,0,0,23,23,0,0.0,0.0,1.0,0.0,0.0,1.0,1
"G[0,2](Chloride >= 4.601 & HCO3 >= 1.657)
",9999999.000,9999999.000,0.000,1.000,0.000,0,0,0,23,23,0,0,23,0.0,0.0,0.0,0.0,0.0,1.0,1
"G[1,2]((Fibrinogen >= 0.000 -> Calcium <= 0.970) -> Potassium >= 0.209)
",9999999.000,9999999.000,0.000,1.000,0.000,0,0,4,19,19,4,4,19,0.0,0.0,1.0,0.0,0.0,1.0,1
"G[0,2]((HR >= 58.978 & Lactate >= 0.083) -> WBC >= 0.048)
",9999999.000,9999999.000,0.000,1.000,0.000,0,0,22,1,1,22,22,1,0.0,0.0,1.0,0.0,0.0,1.0,1
"G[0,1](BUN <= 8.611 & Creatinine >= 0.019)
",9999999.000,9999999.000,0.000,1.000,0.000,0,0,0,23,23,0,0,23,0.0,0.0,0.0,0.0,0.0,1.0,1
"G[1,2](((Hgb <= 1.029 | Hct <= 34.088) -> WBC >= 0.504) & Platelets >= 6.732)
",9999999.000,9999999.000,0.000,1.000,0.000,0,0,3,20,20,3,3,20,0.0,0.0,1.0,0.0,0.0,1.0,1
"G[1,2](((Phosphate <= 0.710 | SBP <= 142.910) -> BaseExcess <= 173.535) | O2Sat <= 173.356)
",9999999.000,9999999.000,0.000,1.000,0.000,0,0,23,0,0,23,23,0,0.0,0.0,1.0,0.0,0.0,1.0,1
"G[0,2](BaseExcess <= 1.479 -> DBP >= 23.082)
",9999999.000,9999999.000,0.000,1.000,0.000,0,0,20,3,3,20,20,3,0.0,0.0,1.0,0.0,0.0,1.0,1
"G[1,2]((FiO2 <= 0.194 -> pH <= 2.416) & Calcium <= 5.239)
",9999999.000,9999999.000,0.000,1.000,0.000,0,0,20,3,3,20,20,3,0.0,0.0,1.0,0.0,0.0,1.0,1
"G[1,2](((Hgb <= 6.642 | Hct <= 12.627) -> WBC >= 0.204) & Platelets >= 2.239)
",9999999.000,9999999.000,0.000,1.000,0.000,0,0,3,20,20,3,3,20,0.0,0.0,1.0,0.0,0.0,1.0,1
"G[0,2]((Hgb <= 5.197 | MAP <= 106.477) | SBP >= 73.757)
",9999999.000,9999999.000,0.000,1.000,0.000,0,0,23,0,0,23,23,0,0.0,0.0,1.0,0.0,0.0,1.0,1
"G[0,2](SepsisLabel <= 0.000 & SepsisLabel = 0.000)
",9999999.000,9999999.000,0.000,1.000,0.000,0,0,23,0,0,23,23,0,0.0,0.0,1.0,0.0,0.0,1.0,1
"G[1,2](BaseExcess >= 0.097 | Resp <= 20.767)
",9999999.000,9999999.000,0.000,1.000,0.000,0,0,16,7,7,16,16,7,0.0,0.0,1.0,0.0,0.0,1.0,1
"G[2,2](O2Sat >= 12.832 & PaCO2 >= 0.545)
",-7223961199129663.000,-12.832,0.000,1.000,0.000,0,0,23,0,0,23,23,0,0.0,0.0,1.0,0.0,0.0,1.0,1
"G[1,2](((Magnesium <= 1.687 -> O2Sat <= 97.399) & Alkalinephos >= 80.743) -> FiO2 <= 99.840)
",9999999.000,9999999.000,0.000,1.000,0.000,0,0,23,0,0,23,23,0,0.0,0.0,1.0,0.0,0.0,1.0,1
"G[0,2]((FiO2 >= 0.004 & Platelets <= 71.634) & WBC <= 216.535)
",9999999.000,9999999.000,0.000,1.000,0.000,0,0,1,22,22,1,1,22,0.0,0.0,1.0,0.0,0.0,1.0,1
"G[2,2](BaseExcess >= 0.045 -> Phosphate >= 0.160)
",6430802928016415.000,0.045,0.000,1.000,0.000,0,0,23,0,0,23,23,0,0.0,0.0,1.0,0.0,0.0,1.0,1
"G[1,2](MAP <= 93.069 -> SepsisLabel = 0.000)
",9999999.000,9999999.000,0.000,1.000,0.000,0,0,23,0,0,23,23,0,0.0,0.0,1.0,0.0,0.0,1.0,1
"G[1,2](((BaseExcess >= 0.110 | HCO3 >= 0.177) & O2Sat >= 0.039) | Bilirubin_direct <= 21.076)
",9999999.000,9999999.000,0.000,1.000,0.000,0,0,23,0,0,23,23,0,0.0,0.0,1.0,0.0,0.0,1.0,1
"G[1,2]((DBP <= 63.793 & PaCO2 <= 44.099) -> Temp <= 22.494)
",9999999.000,9999999.000,0.000,1.000,0.000,0,0,17,6,6,17,17,6,0.0,0.0,1.0,0.0,0.0,1.0,1
"G[0,2](FiO2 >= 0.032 -> Hgb >= 0.169)
",9999999.000,9999999.000,0.000,1.000,0.000,0,0,12,11,11,12,12,11,0.0,0.0,1.0,0.0,0.0,1.0,1
"G[0,1]((Hct <= 37.540 -> HR >= 0.145) & Lactate >= 54.654)
",9999999.000,9999999.000,0.000,1.000,0.000,0,0,0,23,23,0,0,23,0.0,0.0,0.0,0.0,0.0,1.0,1
"G[0,2](((HR >= 48.024 -> Platelets <= 164.502) | O2Sat >= 3.620) | Glucose <= 37.968)
",9999999.000,9999999.000,0.000,1.000,0.000,0,0,23,0,0,23,23,0,0.0,0.0,1.0,0.0,0.0,1.0,1
"G[0,1](Platelets <= 79.863 -> WBC >= 0.536)
",9999999.000,9999999.000,0.000,1.000,0.000,0,0,0,23,23,0,0,23,0.0,0.0,0.0,0.0,0.0,1.0,1
"G[0,1](((Hct <= 28.213 & Resp >= 4.715) -> Hct <= 25.835) -> Calcium >= 13.249)
",9999999.000,9999999.000,0.000,1.000,0.000,0,0,0,23,23,0,0,23,0.0,0.0,0.0,0.0,0.0,1.0,1
"G[2,2](((Calcium <= 4.643 & Resp >= 2.296) & Lactate <= 22.682) & Calcium >= 2.839)
",-6393649406296863.000,-2.839,0.000,1.000,0.000,0,0,23,0,0,23,23,0,0.0,0.0,1.0,0.0,0.0,1.0,1
"((BUN >= 0.031) U[2,2] (pH >= 0.171))
",-8805304441313279.000,-0.031,0.000,0.000,1.000,0,0,0,23,23,0,0,23,0.0,0.0,0.0,0.0,0.0,1.0,-1
