Rule,Discrimination Score,Pos Robustness,Neg Robustness,Percent Class +,Percent Class -,TP,TN,FP,FN,Actual Yes,Actual No,Predicted Yes,Predicted No,TPR/Sens,TNR/Spec,FPR,Precision,Accuracy,MCR
"F[0,0]((Calcium <= 0.000 & Potassium <= 3.932) & Magnesium >= 0.054)
",-3.606,-0.050,0.000,0.000,1.000,15,0,0,0,15,0,15,0,1.0,0,0,1.0,1.0344827586206897,-0.034482758620689724
"F[0,0](AST > 0.000 & SepsisLabel = 0.000)
",-0.277,-16.500,0.000,0.000,1.000,15,0,0,0,15,0,15,0,1.0,0,0,1.0,1.0344827586206897,-0.034482758620689724
"F[0,1](((Fibrinogen >= 0.000 & SaO2 >= 9.336) -> BUN >= 28.457) & pH >= 23.111)
",-9999999.000,-9999999.000,0.000,0.000,1.000,14,0,0,1,15,0,14,1,0.9333333333333333,0,0,1.0,0.9655172413793104,0.03448275862068961
"F[1,1]((SepsisLabel <= 0.000 & PTT <= 26.514) -> HR <= 12.359)
",-6957663068468543.000,-12.359,0.000,0.000,1.000,14,0,0,1,15,0,14,1,0.9333333333333333,0,0,1.0,0.9655172413793104,0.03448275862068961
"((Calcium < 0.000) U[1,1] (SepsisLabel = 0.000))
",0.000,0.000,0.000,0.000,1.000,14,0,0,1,15,0,14,1,0.9333333333333333,0,0,1.0,0.9655172413793104,0.03448275862068961
"F[0,1](((Platelets <= 107.441 & PaCO2 >= 1.348) & TroponinI >= 1.451) & Magnesium >= 5.476)
",-9999999.000,-9999999.000,0.000,0.000,1.000,14,0,0,1,15,0,14,1,0.9333333333333333,0,0,1.0,0.9655172413793104,0.03448275862068961
"F[0,1]((Magnesium >= 0.005 | Platelets <= 67.938) -> Bilirubin_direct >= 4.719)
",-9999999.000,-9999999.000,0.000,0.000,1.000,14,0,0,1,15,0,14,1,0.9333333333333333,0,0,1.0,0.9655172413793104,0.03448275862068961
"F[0,1](((Hgb >= 0.797 -> SBP >= 94.974) | Bilirubin_total >= 14.963) -> DBP >= 75.553)
",-9999999.000,-9999999.000,0.000,0.000,1.000,14,0,0,1,15,0,14,1,0.9333333333333333,0,0,1.0,0.9655172413793104,0.03448275862068961
"F[0,0](((MAP <= 73.274 -> pH >= 1.006) -> Magnesium <= 6.651) -> Chloride >= 2.654)
",5975563857189793.000,2.654,0.000,0.000,1.000,14,0,0,1,15,0,14,1,0.9333333333333333,0,0,1.0,0.9655172413793104,0.03448275862068961
"F[1,1]((Hgb >= 1.032 | Chloride <= 76.645) -> FiO2 >= 2.064)
",-5393420635826054.000,-76.645,0.000,0.000,1.000,14,0,0,1,15,0,14,1,0.9333333333333333,0,0,1.0,0.9655172413793104,0.03448275862068961
"F[0,0]((Creatinine <= 0.410 | Resp >= 1.663) -> PTT >= 7.314)
",-8.845,-55.873,0.000,0.000,1.000,14,0,0,1,15,0,14,1,0.9333333333333333,0,0,1.0,0.9655172413793104,0.03448275862068961
"F[0,1](((Bilirubin_direct <= 0.000 | Chloride <= 105.552) -> TroponinI >= 3.692) & Alkalinephos <= 70.581)
",-9999999.000,-9999999.000,0.000,0.000,1.000,14,0,0,1,15,0,14,1,0.9333333333333333,0,0,1.0,0.9655172413793104,0.03448275862068961
"F[1,1](((DBP >= 12.181 | O2Sat >= 83.559) -> MAP <= 96.643) -> Platelets >= 25.403)
",7150335114763306.000,25.403,0.000,0.000,1.000,14,0,0,1,15,0,14,1,0.9333333333333333,0,0,1.0,0.9655172413793104,0.03448275862068961
"F[0,1](((Calcium < 0.000 & Potassium < 3.730) & Magnesium < 1.686) & Phosphate < 0.000)
",-9999999.000,-9999999.000,0.000,0.000,1.000,14,0,0,1,15,0,14,1,0.9333333333333333,0,0,1.0,0.9655172413793104,0.03448275862068961
"F[0,1](((Calcium < 0.000 & Potassium < 2.047) & Magnesium < 0.571) & Phosphate < 0.000)
",-9999999.000,-9999999.000,0.000,0.000,1.000,14,0,0,1,15,0,14,1,0.9333333333333333,0,0,1.0,0.9655172413793104,0.03448275862068961
"F[0,1](((Calcium < 0.000 & Potassium < 3.205) & Magnesium < 1.587) & Phosphate < 0.000)
",-9999999.000,-9999999.000,0.000,0.000,1.000,14,0,0,1,15,0,14,1,0.9333333333333333,0,0,1.0,0.9655172413793104,0.03448275862068961
"F[0,0]((Chloride >= 0.798 -> Temp <= 28.901) & HR <= 28.634)
",-6428147535831247.000,-5846.366,0.000,0.000,1.000,14,0,0,1,15,0,14,1,0.9333333333333333,0,0,1.0,0.9655172413793104,0.03448275862068961
"F[1,1](((Glucose >= 14.025 & SBP >= 49.967) & Magnesium >= 5.686) | TroponinI >= 6.173)
",-6.173,-6.173,0.000,0.000,1.000,14,0,0,1,15,0,14,1,0.9333333333333333,0,0,1.0,0.9655172413793104,0.03448275862068961
"((Platelets >= 1.474) U[1,1] (BUN <= 5.206))
",5.206,5.206,0.000,0.000,1.000,14,0,0,1,15,0,14,1,0.9333333333333333,0,0,1.0,0.9655172413793104,0.03448275862068961
"((PaCO2 >= 6.696) U[1,1] (PTT >= 0.991))
",-8929114314953807.000,-0.991,0.000,0.000,1.000,14,0,0,1,15,0,14,1,0.9333333333333333,0,0,1.0,0.9655172413793104,0.03448275862068961
"((Chloride >= 5.897) U[1,2] (Calcium <= 0.000))
",-9999999.000,-9999999.000,0.000,0.000,1.000,13,0,0,2,15,0,13,2,0.8666666666666667,0,0,1.0,0.896551724137931,0.10344827586206895
"((Chloride >= 6.525) U[0,1] (Magnesium >= 0.136))
",-9999999.000,-9999999.000,0.000,0.000,1.000,13,0,0,2,15,0,13,2,0.8666666666666667,0,0,1.0,0.896551724137931,0.10344827586206895
"F[1,1]((Calcium <= 0.000 & Potassium <= 1.242) & Magnesium >= 0.046)
",-6618460598938607.000,-0.046,0.000,0.000,1.000,13,0,0,2,15,0,13,2,0.8666666666666667,0,0,1.0,0.896551724137931,0.10344827586206895
"F[0,1]((Fibrinogen <= 0.000 -> Bilirubin_direct <= 0.000) -> Resp <= 0.000)
",-9999999.000,-9999999.000,0.000,0.000,1.000,13,0,0,2,15,0,13,2,0.8666666666666667,0,0,1.0,0.896551724137931,0.10344827586206895
"((Chloride > 7.438) U[1,1] (SepsisLabel = 0.000))
",0.000,0.000,0.000,0.000,1.000,13,0,0,2,15,0,13,2,0.8666666666666667,0,0,1.0,0.896551724137931,0.10344827586206895
"F[0,1](((Creatinine >= 0.025 -> DBP >= 45.378) & O2Sat >= 27.288) -> Phosphate >= 10.883)
",-9999999.000,-9999999.000,0.000,0.000,1.000,13,0,0,2,15,0,13,2,0.8666666666666667,0,0,1.0,0.896551724137931,0.10344827586206895
"F[0,1]((Calcium <= 0.000 & Potassium <= 1.566) & Magnesium >= 0.048)
",-9999999.000,-9999999.000,0.000,0.000,1.000,13,0,0,2,15,0,13,2,0.8666666666666667,0,0,1.0,0.896551724137931,0.10344827586206895
"F[1,1](O2Sat >= 54.105 -> Potassium >= 0.912)
",2739387542348156.500,0.912,0.000,0.000,1.000,12,0,0,3,15,0,12,3,0.8,0,0,1.0,0.8275862068965517,0.1724137931034483
"F[0,1](BUN >= 0.449 & PaCO2 <= 7.974)
",-9999999.000,-9999999.000,0.000,0.000,1.000,12,0,0,3,15,0,12,3,0.8,0,0,1.0,0.8275862068965517,0.1724137931034483
"F[1,1](((SaO2 <= 72.651 & WBC <= 10.078) -> Bilirubin_direct <= 5.975) -> Potassium >= 0.171)
",6165752144341937.000,0.171,0.000,0.000,1.000,12,0,0,3,15,0,12,3,0.8,0,0,1.0,0.8275862068965517,0.1724137931034483
"((Lactate >= 0.197) U[1,1] (SepsisLabel = 0.000))
",0.000,0.000,0.000,0.000,1.000,12,0,0,3,15,0,12,3,0.8,0,0,1.0,0.8275862068965517,0.1724137931034483
"F[0,1](FiO2 > 0.001 & SepsisLabel = 0.000)
",-9999999.000,-9999999.000,0.000,0.000,1.000,12,0,0,3,15,0,12,3,0.8,0,0,1.0,0.8275862068965517,0.1724137931034483
"F[1,1](BaseExcess >= -1.425 & Glucose >= 8.149)
",-4587416701350871.000,-8.149,0.000,0.000,1.000,12,0,0,3,15,0,12,3,0.8,0,0,1.0,0.8275862068965517,0.1724137931034483
"((Magnesium <= 1.061) U[1,1] (Potassium >= 0.591))
",4779896808179111.000,1.061,0.000,0.000,1.000,12,0,0,3,15,0,12,3,0.8,0,0,1.0,0.8275862068965517,0.1724137931034483
"F[0,1](((MAP >= 13.347 | PTT <= 7.869) & HR >= 0.590) -> Platelets >= 0.460)
",-9999999.000,-9999999.000,0.000,0.000,1.000,12,0,0,3,15,0,12,3,0.8,0,0,1.0,0.8275862068965517,0.1724137931034483
"F[0,1](((Platelets >= 7.070 & HCO3 >= 1.602) -> PaCO2 <= 16.288) -> Lactate >= 1.827)
",-9999999.000,-9999999.000,0.000,0.000,1.000,11,0,0,4,15,0,11,4,0.7333333333333333,0,0,1.0,0.7586206896551724,0.24137931034482762
"F[0,1]((DBP >= 30.490 | Hct >= 5.736) & Temp <= 11.173)
",-9999999.000,-9999999.000,0.000,0.000,1.000,11,0,0,4,15,0,11,4,0.7333333333333333,0,0,1.0,0.7586206896551724,0.24137931034482762
"F[0,1](BaseExcess <= -0.201 & Platelets <= 74.599)
",-9999999.000,-9999999.000,0.000,0.000,1.000,11,0,0,4,15,0,11,4,0.7333333333333333,0,0,1.0,0.7586206896551724,0.24137931034482762
"F[1,1](Potassium <= 2.394 & pH >= 2.570)
",-2893821644571807.000,-2.570,0.000,0.000,1.000,10,0,0,5,15,0,10,5,0.6666666666666666,0,0,1.0,0.6896551724137931,0.31034482758620685
"F[0,1](((BaseExcess <= -0.098 & SBP <= 119.040) -> Phosphate >= 70.001) -> BUN >= 99.117)
",-9999999.000,-9999999.000,0.000,0.000,1.000,10,0,0,5,15,0,10,5,0.6666666666666666,0,0,1.0,0.6896551724137931,0.31034482758620685
"F[0,1]((Magnesium >= 0.065 | Temp >= 15.019) -> Alkalinephos >= 19.691)
",-9999999.000,-9999999.000,0.000,0.000,1.000,10,0,0,5,15,0,10,5,0.6666666666666666,0,0,1.0,0.6896551724137931,0.31034482758620685
"F[1,1](((HCO3 >= 1.272 | SaO2 <= 59.819) & PaCO2 <= 84.566) -> Bilirubin_total >= 18.171)
",-2806270168408257.500,-59.819,0.000,0.000,1.000,10,0,0,5,15,0,10,5,0.6666666666666666,0,0,1.0,0.6896551724137931,0.31034482758620685
"F[0,0](MAP >= 41.002 & O2Sat <= 96.739)
",2.066,12.739,0.000,0.000,1.000,9,0,0,6,15,0,9,6,0.6,0,0,1.0,0.6206896551724138,0.3793103448275862
"F[0,0](Creatinine >= 0.004 | MAP <= 70.853)
",0.522,23.424,0.000,0.000,1.000,9,0,0,6,15,0,9,6,0.6,0,0,1.0,0.6206896551724138,0.3793103448275862
"((BUN >= 0.157) U[0,0] (pH >= 0.765))
",-0.157,-0.157,0.000,0.000,1.000,8,0,0,7,15,0,8,7,0.5333333333333333,0,0,1.0,0.5517241379310345,0.4482758620689655
"F[0,1](BaseExcess <= -0.180 | Lactate >= 0.207)
",-9999999.000,-9999999.000,0.000,0.000,1.000,8,0,0,7,15,0,8,7,0.5333333333333333,0,0,1.0,0.5517241379310345,0.4482758620689655
"F[0,1](Hgb <= 4.454 -> Creatinine >= 0.019)
",-9999999.000,-9999999.000,0.000,0.000,1.000,8,0,0,7,15,0,8,7,0.5333333333333333,0,0,1.0,0.5517241379310345,0.4482758620689655
"F[0,1]((Hgb >= 1.699 & MAP >= 53.162) & O2Sat >= 27.223)
",-9999999.000,-9999999.000,0.000,0.000,1.000,8,0,0,7,15,0,8,7,0.5333333333333333,0,0,1.0,0.5517241379310345,0.4482758620689655
"((Glucose >= 16.709) U[1,2] (Platelets <= 186.693))
",-9999999.000,-9999999.000,0.000,0.000,1.000,8,0,0,7,15,0,8,7,0.5333333333333333,0,0,1.0,0.5517241379310345,0.4482758620689655
"((MAP >= 65.845) U[0,0] (SBP <= 108.367))
",7.867,74.338,0.000,0.000,1.000,8,0,0,7,15,0,8,7,0.5333333333333333,0,0,1.0,0.5517241379310345,0.4482758620689655
"F[0,1]((BUN <= 17.659 & Creatinine <= 0.804) & Glucose >= 0.003)
",-9999999.000,-9999999.000,0.000,0.000,1.000,8,0,0,7,15,0,8,7,0.5333333333333333,0,0,1.0,0.5517241379310345,0.4482758620689655
"((Creatinine >= 0.030) U[0,1] (Hgb >= 1.097))
",-9999999.000,-9999999.000,0.000,0.000,1.000,8,0,0,7,15,0,8,7,0.5333333333333333,0,0,1.0,0.5517241379310345,0.4482758620689655
"((FiO2 <= 0.396) U[0,1] (Glucose >= 37.726))
",-9999999.000,-9999999.000,0.000,0.000,1.000,7,0,0,8,15,0,7,8,0.4666666666666667,0,0,1.0,0.4827586206896552,0.5172413793103448
"((pH <= 5.136) U[1,1] (Lactate <= 1.864))
",5.136,5.136,0.000,0.000,1.000,7,0,0,8,15,0,7,8,0.4666666666666667,0,0,1.0,0.4827586206896552,0.5172413793103448
"((MAP >= 1.350) U[0,0] (SBP <= 109.145))
",23.416,106.847,0.000,0.000,1.000,7,0,0,8,15,0,7,8,0.4666666666666667,0,0,1.0,0.4827586206896552,0.5172413793103448
"F[1,1](HR <= 84.794 & Lactate <= 0.983)
",8849601404874927.000,0.983,0.000,0.000,1.000,7,0,0,8,15,0,7,8,0.4666666666666667,0,0,1.0,0.4827586206896552,0.5172413793103448
"F[0,1](((Hct >= 2.299 -> PaCO2 >= 6.679) & Creatinine >= 0.490) | Glucose >= 0.173)
",-9999999.000,-9999999.000,0.000,0.000,1.000,7,0,0,8,15,0,7,8,0.4666666666666667,0,0,1.0,0.4827586206896552,0.5172413793103448
"((MAP >= 51.257) U[0,1] (SBP <= 106.086))
",-9999999.000,-9999999.000,0.000,0.000,1.000,6,0,0,9,15,0,6,9,0.4,0,0,1.0,0.41379310344827586,0.5862068965517242
"((Glucose < 66.267) U[1,2] (SepsisLabel = 0.000))
",-9999999.000,-9999999.000,0.000,0.000,1.000,6,0,0,9,15,0,6,9,0.4,0,0,1.0,0.41379310344827586,0.5862068965517242
"((HR <= 80.899) U[0,1] (pH <= 4.935))
",-9999999.000,-9999999.000,0.000,0.000,1.000,5,0,0,10,15,0,5,10,0.3333333333333333,0,0,1.0,0.3448275862068966,0.6551724137931034
"F[0,0](Hgb <= 6.711 & Platelets <= 107.543)
",-0.402,-5.860,0.000,0.000,1.000,5,0,0,10,15,0,5,10,0.3333333333333333,0,0,1.0,0.3448275862068966,0.6551724137931034
"((Alkalinephos <= 0.000) U[1,1] (SaO2 <= 60.881))
",2856080163494579.500,60.881,0.000,0.000,1.000,5,0,0,10,15,0,5,10,0.3333333333333333,0,0,1.0,0.3448275862068966,0.6551724137931034
"F[0,0]((Chloride <= 66.318 -> DBP <= 61.433) | SaO2 <= 55.722)
",2.736,46.794,0.000,0.000,1.000,5,0,0,10,15,0,5,10,0.3333333333333333,0,0,1.0,0.3448275862068966,0.6551724137931034
"((MAP >= 65.657) U[1,2] (SBP <= 121.657))
",-9999999.000,-9999999.000,0.000,0.000,1.000,5,0,0,10,15,0,5,10,0.3333333333333333,0,0,1.0,0.3448275862068966,0.6551724137931034
"((PaCO2 <= 12.725) U[1,2] (Resp <= 22.271))
",-9999999.000,-9999999.000,0.000,0.000,1.000,4,0,0,11,15,0,4,11,0.26666666666666666,0,0,1.0,0.27586206896551724,0.7241379310344828
"F[1,1](O2Sat <= 99.483 | Magnesium >= 0.115)
",3500236831814497.000,99.483,0.000,0.000,1.000,4,0,0,11,15,0,4,11,0.26666666666666666,0,0,1.0,0.27586206896551724,0.7241379310344828
"F[1,1](MAP <= 75.429 & PaCO2 <= 39.630)
",2788711658140481.000,39.630,0.000,0.000,1.000,4,0,0,11,15,0,4,11,0.26666666666666666,0,0,1.0,0.27586206896551724,0.7241379310344828
"F[0,0](Hgb <= 4.477 | Hct <= 30.907)
",2899894413388385.500,30.907,0.000,0.000,1.000,3,0,0,12,15,0,3,12,0.2,0,0,1.0,0.20689655172413793,0.7931034482758621
"F[1,1](SaO2 >= 1.768 | SBP <= 111.379)
",3918797648389037.500,111.379,0.000,0.000,1.000,3,0,0,12,15,0,3,12,0.2,0,0,1.0,0.20689655172413793,0.7931034482758621
"F[1,1](Lactate <= 0.703 & Potassium <= 4.353)
",6330001527367407.000,0.703,0.000,0.000,1.000,3,0,0,12,15,0,3,12,0.2,0,0,1.0,0.20689655172413793,0.7931034482758621
"((Lactate <= 0.685) U[1,2] (O2Sat >= 66.801))
",-9999999.000,-9999999.000,0.000,0.000,1.000,2,0,0,13,15,0,2,13,0.13333333333333333,0,0,1.0,0.13793103448275862,0.8620689655172413
"F[1,1](((BUN >= 0.238 & Hct >= 3.786) | Bilirubin_direct >= 4.255) -> HR <= 12.110)
",-12.110,-12.110,0.000,0.000,1.000,2,0,0,13,15,0,2,13,0.13333333333333333,0,0,1.0,0.13793103448275862,0.8620689655172413
"((DBP >= 16.684) U[0,1] (Temp >= 21.793))
",-9999999.000,-9999999.000,0.000,0.000,1.000,2,0,0,13,15,0,2,13,0.13333333333333333,0,0,1.0,0.13793103448275862,0.8620689655172413
"((EtCO2 >= 0.000) U[1,1] (BaseExcess >= -0.931))
",0.931,0.931,0.000,0.000,1.000,2,0,0,13,15,0,2,13,0.13333333333333333,0,0,1.0,0.13793103448275862,0.8620689655172413
"F[0,0]((DBP >= 3.564 -> PaCO2 <= 39.620) & EtCO2 <= 9.037)
",-13.800,-68.972,0.000,0.000,1.000,2,0,0,13,15,0,2,13,0.13333333333333333,0,0,1.0,0.13793103448275862,0.8620689655172413
"F[1,1](Hgb <= 8.070 | Hct <= 22.506)
",3167386082292279.000,22.506,0.000,0.000,1.000,2,0,0,13,15,0,2,13,0.13333333333333333,0,0,1.0,0.13793103448275862,0.8620689655172413
"F[0,1](Chloride <= 102.055 -> HR <= 85.991)
",-9999999.000,-9999999.000,0.000,0.000,1.000,2,0,0,13,15,0,2,13,0.13333333333333333,0,0,1.0,0.13793103448275862,0.8620689655172413
"((Hct >= 3.138) U[0,0] (SBP <= 112.475))
",8.301,78.446,0.000,0.000,1.000,2,0,0,13,15,0,2,13,0.13333333333333333,0,0,1.0,0.13793103448275862,0.8620689655172413
"F[0,0](DBP > 7.950 & SepsisLabel = 0.000)
",-0.277,-16.500,0.000,0.000,1.000,2,0,0,13,15,0,2,13,0.13333333333333333,0,0,1.0,0.13793103448275862,0.8620689655172413
"F[0,0](((HCO3 <= 21.135 -> Lactate >= 0.228) -> Platelets >= 0.093) & Fibrinogen <= 2.015)
",-0.508,-3.317,0.000,0.000,1.000,2,0,0,13,15,0,2,13,0.13333333333333333,0,0,1.0,0.13793103448275862,0.8620689655172413
"F[0,1](BUN >= 1.450 | Temp >= 26.919)
",-9999999.000,-9999999.000,0.000,0.000,1.000,2,0,0,13,15,0,2,13,0.13333333333333333,0,0,1.0,0.13793103448275862,0.8620689655172413
"F[0,1](DBP <= 68.676 -> Lactate <= 0.336)
",-9999999.000,-9999999.000,0.000,0.000,1.000,2,0,0,13,15,0,2,13,0.13333333333333333,0,0,1.0,0.13793103448275862,0.8620689655172413
"((Chloride <= 104.576) U[1,2] (Creatinine <= 0.744))
",-9999999.000,-9999999.000,0.000,0.000,1.000,1,0,0,14,15,0,1,14,0.06666666666666667,0,0,1.0,0.06896551724137931,0.9310344827586207
"F[0,1](((PTT >= 0.675 | SepsisLabel >= 0.000) -> Phosphate <= 0.000) & Hgb <= 0.000)
",-9999999.000,-9999999.000,0.000,0.000,1.000,1,0,0,14,15,0,1,14,0.06666666666666667,0,0,1.0,0.06896551724137931,0.9310344827586207
"F[0,0]((BaseExcess <= -0.029 | BUN <= 8.540) & Chloride <= 7.694)
",4331245386186190.500,7.694,0.000,0.000,1.000,1,0,0,14,15,0,1,14,0.06666666666666667,0,0,1.0,0.06896551724137931,0.9310344827586207
"F[0,0](((BUN >= 1.686 | Potassium <= 2.447) -> SaO2 <= 1.527) | HCO3 <= 1.531)
",2.328,1.889,0.000,0.000,1.000,1,0,0,14,15,0,1,14,0.06666666666666667,0,0,1.0,0.06896551724137931,0.9310344827586207
"F[1,1]((Platelets <= 174.168 & Lactate <= 1.171) | Hct >= 0.020)
",5273293196105679.000,1.171,0.000,0.000,1.000,1,0,0,14,15,0,1,14,0.06666666666666667,0,0,1.0,0.06896551724137931,0.9310344827586207
"((Creatinine <= 0.357) U[0,1] (WBC <= 8.455))
",-9999999.000,-9999999.000,0.000,0.000,1.000,1,0,0,14,15,0,1,14,0.06666666666666667,0,0,1.0,0.06896551724137931,0.9310344827586207
"F[1,1]((BaseExcess <= -0.131 | Hgb <= 6.622) | FiO2 >= 0.670)
",7456257437310001.000,6.622,0.000,0.000,1.000,1,0,0,14,15,0,1,14,0.06666666666666667,0,0,1.0,0.06896551724137931,0.9310344827586207
"((SBP >= 21.043) U[1,2] (HCO3 >= 1.913))
",-9999999.000,-9999999.000,0.000,0.000,1.000,1,0,0,14,15,0,1,14,0.06666666666666667,0,0,1.0,0.06896551724137931,0.9310344827586207
"((HCO3 <= 12.937) U[1,2] (Potassium <= 3.070))
",-9999999.000,-9999999.000,0.000,0.000,1.000,1,0,0,14,15,0,1,14,0.06666666666666667,0,0,1.0,0.06896551724137931,0.9310344827586207
"((HR >= 6.535) U[0,0] (Magnesium <= 2.148))
",6452445445660769.000,5868.465,0.000,0.000,1.000,1,0,0,14,15,0,1,14,0.06666666666666667,0,0,1.0,0.06896551724137931,0.9310344827586207
"((FiO2 >= 0.001) U[1,2] (Magnesium >= 0.123))
",-9999999.000,-9999999.000,0.000,0.000,1.000,1,0,0,14,15,0,1,14,0.06666666666666667,0,0,1.0,0.06896551724137931,0.9310344827586207
"F[0,0]((BaseExcess <= -0.028 -> Potassium <= 3.679) | PTT >= 0.571)
",0.746,3.637,0.000,0.000,1.000,1,0,0,14,15,0,1,14,0.06666666666666667,0,0,1.0,0.06896551724137931,0.9310344827586207
"((Chloride <= 45.254) U[1,1] (SBP >= 37.579))
",6368960980129215.000,45.254,0.000,0.000,1.000,1,0,0,14,15,0,1,14,0.06666666666666667,0,0,1.0,0.06896551724137931,0.9310344827586207
"F[0,0]((SBP <= 109.370 | WBC <= 6.483) & SBP >= 1.800)
",3.411,32.229,0.000,0.000,1.000,1,0,0,14,15,0,1,14,0.06666666666666667,0,0,1.0,0.06896551724137931,0.9310344827586207
"((Platelets <= 142.398) U[0,1] (Potassium <= 4.267))
",-9999999.000,-9999999.000,0.000,0.000,1.000,1,0,0,14,15,0,1,14,0.06666666666666667,0,0,1.0,0.06896551724137931,0.9310344827586207
"((O2Sat <= 99.066) U[1,2] (Temp <= 27.989))
",-9999999.000,-9999999.000,0.000,0.000,1.000,1,0,0,14,15,0,1,14,0.06666666666666667,0,0,1.0,0.06896551724137931,0.9310344827586207
"F[0,1](((BUN <= 3.936 -> HR <= 81.673) -> SaO2 >= 74.041) | HR <= 82.660)
",-9999999.000,-9999999.000,0.000,0.000,1.000,1,0,0,14,15,0,1,14,0.06666666666666667,0,0,1.0,0.06896551724137931,0.9310344827586207
"((Chloride <= 106.475) U[0,0] (Platelets <= 75.423))
",7492508546107493.000,106.475,0.000,0.000,1.000,1,0,0,14,15,0,1,14,0.06666666666666667,0,0,1.0,0.06896551724137931,0.9310344827586207
"((MAP >= 14.220) U[1,2] (SBP <= 105.794))
",-9999999.000,-9999999.000,0.000,0.000,1.000,1,0,0,14,15,0,1,14,0.06666666666666667,0,0,1.0,0.06896551724137931,0.9310344827586207
"F[0,1]((Glucose <= 146.776 & Magnesium <= 0.550) | Magnesium <= 0.667)
",-9999999.000,-9999999.000,0.000,0.000,1.000,1,0,0,14,15,0,1,14,0.06666666666666667,0,0,1.0,0.06896551724137931,0.9310344827586207
"F[0,0]((Phosphate >= 0.000 & Magnesium > 0.133) -> Calcium < 0.000)
",0.000,0.000,0.000,0.000,1.000,1,0,0,14,15,0,1,14,0.06666666666666667,0,0,1.0,0.06896551724137931,0.9310344827586207
"F[1,1]((Phosphate >= 0.000 & Magnesium > 0.145) -> Calcium < 0.000)
",0.000,0.000,0.000,0.000,1.000,1,0,0,14,15,0,1,14,0.06666666666666667,0,0,1.0,0.06896551724137931,0.9310344827586207
"F[0,1](Hgb <= 8.582 | Hct <= 12.339)
",-9999999.000,-9999999.000,0.000,0.000,1.000,1,0,0,14,15,0,1,14,0.06666666666666667,0,0,1.0,0.06896551724137931,0.9310344827586207
"F[0,0](Creatinine <= 0.340 | Magnesium <= 2.139)
",4.338,2.011,0.000,0.000,1.000,1,0,0,14,15,0,1,14,0.06666666666666667,0,0,1.0,0.06896551724137931,0.9310344827586207
"F[0,1](((Magnesium <= 2.140 | WBC <= 12.456) -> MAP <= 12.019) -> Hgb <= 7.967)
",-9999999.000,-9999999.000,0.000,0.000,1.000,1,0,0,14,15,0,1,14,0.06666666666666667,0,0,1.0,0.06896551724137931,0.9310344827586207
"F[1,1]((Phosphate >= 0.000 & Magnesium > 0.165) -> Calcium < 0.000)
",0.000,0.000,0.000,0.000,1.000,1,0,0,14,15,0,1,14,0.06666666666666667,0,0,1.0,0.06896551724137931,0.9310344827586207
"F[0,1]((Lactate >= 0.143 | Bilirubin_total >= 0.000) & Potassium <= 0.000)
",-9999999.000,-9999999.000,0.000,0.000,1.000,1,0,0,14,15,0,1,14,0.06666666666666667,0,0,1.0,0.06896551724137931,0.9310344827586207
"((MAP >= 32.431) U[0,1] (SBP <= 111.418))
",-9999999.000,-9999999.000,0.000,0.000,1.000,1,0,0,14,15,0,1,14,0.06666666666666667,0,0,1.0,0.06896551724137931,0.9310344827586207
"F[0,1](((Alkalinephos <= 0.000 & Magnesium <= 0.195) | Hgb <= 2.477) & TroponinI <= 2.123)
",-9999999.000,-9999999.000,0.000,0.000,1.000,1,0,0,14,15,0,1,14,0.06666666666666667,0,0,1.0,0.06896551724137931,0.9310344827586207
"((Platelets <= 167.446) U[1,2] (TroponinI <= 0.000))
",-9999999.000,-9999999.000,0.000,0.000,1.000,1,0,0,14,15,0,1,14,0.06666666666666667,0,0,1.0,0.06896551724137931,0.9310344827586207
"F[1,1]((Phosphate >= 0.000 & Magnesium > 0.134) -> Calcium < 0.000)
",0.000,0.000,0.000,0.000,1.000,1,0,0,14,15,0,1,14,0.06666666666666667,0,0,1.0,0.06896551724137931,0.9310344827586207
"((Creatinine < 0.149) U[1,1] (SepsisLabel = 0.000))
",5371850869356886.000,0.149,0.000,0.000,1.000,1,0,0,14,15,0,1,14,0.06666666666666667,0,0,1.0,0.06896551724137931,0.9310344827586207
"((Resp <= 20.315) U[0,1] (Glucose <= 100.294))
",-9999999.000,-9999999.000,0.000,0.000,1.000,1,0,0,14,15,0,1,14,0.06666666666666667,0,0,1.0,0.06896551724137931,0.9310344827586207
"F[2,2](((SBP <= 121.526 & Glucose <= 61.223) | BUN >= 31.626) -> Chloride <= 72.646)
",-5111980456432727.000,-72.646,0.000,0.000,1.000,0,0,0,15,15,0,0,15,0.0,0,0,0.0,0.0,1.0
"F[2,2](((pH >= 1.024 -> Calcium >= 0.000) -> Hgb >= 0.000) -> DBP >= 0.000)
",0.000,0.000,0.000,0.000,1.000,0,0,0,15,15,0,0,15,0.0,0,0,0.0,0.0,1.0
"F[1,2]((Fibrinogen <= 0.000 & AST <= 0.000) & PaCO2 >= 0.000)
",-9999999.000,-9999999.000,0.000,0.000,1.000,0,0,0,15,15,0,0,15,0.0,0,0,0.0,0.0,1.0
"F[2,2]((PaCO2 >= 5.161 -> HR >= 65.104) | MAP >= 21.766)
",5.161,5.161,0.000,0.000,1.000,0,0,0,15,15,0,0,15,0.0,0,0,0.0,0.0,1.0
"F[0,1]((EtCO2 >= 0.000 | HR >= 15.202) | PTT >= 20.696)
",-9999999.000,-9999999.000,0.000,0.000,1.000,0,0,0,15,15,0,0,15,0.0,0,0,0.0,0.0,1.0
"F[1,1]((SepsisLabel <= 0.000 -> Creatinine <= 0.645) -> Fibrinogen <= 0.720)
",-0.720,-0.720,0.000,0.000,1.000,0,0,0,15,15,0,0,15,0.0,0,0,0.0,0.0,1.0
"F[0,1](Resp >= 16.459 | FiO2 <= 0.256)
",-9999999.000,-9999999.000,0.000,0.000,1.000,0,0,0,15,15,0,0,15,0.0,0,0,0.0,0.0,1.0
"F[1,2](((SaO2 <= 65.547 | SBP >= 31.303) | Resp >= 92.449) & Phosphate >= 64.812)
",-9999999.000,-9999999.000,0.000,0.000,1.000,0,0,0,15,15,0,0,15,0.0,0,0,0.0,0.0,1.0
"F[0,1](((PaCO2 >= 5.756 & WBC <= 6.309) & Bilirubin_direct <= 10.918) -> PTT <= 13.029)
",-9999999.000,-9999999.000,0.000,0.000,1.000,0,0,0,15,15,0,0,15,0.0,0,0,0.0,0.0,1.0
"F[0,1](((Phosphate <= 0.000 -> EtCO2 >= 0.000) & Bilirubin_direct >= 0.000) & BUN >= 0.000)
",-9999999.000,-9999999.000,0.000,0.000,1.000,0,0,0,15,15,0,0,15,0.0,0,0,0.0,0.0,1.0
"F[1,2](EtCO2 >= 0.000 | EtCO2 >= 0.000)
",-9999999.000,-9999999.000,0.000,0.000,1.000,0,0,0,15,15,0,0,15,0.0,0,0,0.0,0.0,1.0
"F[1,2]((Hgb <= 4.583 | Bilirubin_direct <= 0.000) -> PaCO2 >= 0.000)
",-9999999.000,-9999999.000,0.000,0.000,1.000,0,0,0,15,15,0,0,15,0.0,0,0,0.0,0.0,1.0
"F[1,2]((TroponinI <= 0.000 & Hgb <= 9.008) & BaseExcess >= 2.270)
",-9999999.000,-9999999.000,0.000,0.000,1.000,0,0,0,15,15,0,0,15,0.0,0,0,0.0,0.0,1.0
"((Resp >= 0.049) U[0,2] (Magnesium <= 1.265))
",-9999999.000,-9999999.000,0.000,0.000,1.000,0,0,0,15,15,0,0,15,0.0,0,0,0.0,0.0,1.0
"F[1,2](SepsisLabel <= 0.000 | TroponinI <= 0.000)
",-9999999.000,-9999999.000,0.000,0.000,1.000,0,0,0,15,15,0,0,15,0.0,0,0,0.0,0.0,1.0
"F[0,2]((PaCO2 >= 1.126 & SepsisLabel <= 0.000) -> SepsisLabel >= 0.000)
",-9999999.000,-9999999.000,0.000,0.000,1.000,0,0,0,15,15,0,0,15,0.0,0,0,0.0,0.0,1.0
"F[2,2](((pH >= 0.413 & Glucose <= 39.240) | Bilirubin_direct >= 16.153) -> MAP >= 33.605)
",7433341188661921.000,0.413,0.000,0.000,1.000,0,0,0,15,15,0,0,15,0.0,0,0,0.0,0.0,1.0
"F[0,1](((Hgb <= 9.492 | BaseExcess >= -2.195) -> WBC >= -2.074) | TroponinI >= -0.707)
",-9999999.000,-9999999.000,0.000,0.000,1.000,0,0,0,15,15,0,0,15,0.0,0,0,0.0,0.0,1.0
"F[1,2](((Hct <= 9.880 | Creatinine <= 0.727) -> AST <= 0.150) & Alkalinephos <= 0.666)
",-9999999.000,-9999999.000,0.000,0.000,1.000,0,0,0,15,15,0,0,15,0.0,0,0,0.0,0.0,1.0
"((EtCO2 >= 0.000) U[1,2] (Potassium <= 1.968))
",-9999999.000,-9999999.000,0.000,0.000,1.000,0,0,0,15,15,0,0,15,0.0,0,0,0.0,0.0,1.0
"((Magnesium >= 0.147) U[2,2] (SBP >= 85.207))
",-0.147,-0.147,0.000,0.000,1.000,0,0,0,15,15,0,0,15,0.0,0,0,0.0,0.0,1.0
"((Alkalinephos <= 0.000) U[0,2] (Potassium <= 3.552))
",-9999999.000,-9999999.000,0.000,0.000,1.000,0,0,0,15,15,0,0,15,0.0,0,0,0.0,0.0,1.0
"F[0,1]((BaseExcess <= -0.135 | MAP <= 82.482) | Creatinine <= 70.601)
",-9999999.000,-9999999.000,0.000,0.000,1.000,0,0,0,15,15,0,0,15,0.0,0,0,0.0,0.0,1.0
"F[2,2]((Platelets <= 192.098 & Bilirubin_direct <= 0.000) -> Resp <= 0.000)
",0.000,0.000,0.000,0.000,1.000,0,0,0,15,15,0,0,15,0.0,0,0,0.0,0.0,1.0
"F[0,1]((Glucose <= 126.355 | Resp <= 17.530) | Magnesium >= 14.577)
",-9999999.000,-9999999.000,0.000,0.000,1.000,0,0,0,15,15,0,0,15,0.0,0,0,0.0,0.0,1.0
"((SepsisLabel >= 0.000) U[0,2] (EtCO2 >= 0.000))
",-9999999.000,-9999999.000,0.000,0.000,1.000,0,0,0,15,15,0,0,15,0.0,0,0,0.0,0.0,1.0
"F[0,2]((HR >= 7.588 | EtCO2 <= 0.000) | Temp <= 0.000)
",-9999999.000,-9999999.000,0.000,0.000,1.000,0,0,0,15,15,0,0,15,0.0,0,0,0.0,0.0,1.0
"F[1,2]((BUN >= 0.060 & Resp >= 14.085) & TroponinI >= 11.194)
",-9999999.000,-9999999.000,0.000,0.000,1.000,0,0,0,15,15,0,0,15,0.0,0,0,0.0,0.0,1.0
"F[1,2]((Magnesium <= 0.756 -> O2Sat <= 94.484) & BaseExcess >= 77.250)
",-9999999.000,-9999999.000,0.000,0.000,1.000,0,0,0,15,15,0,0,15,0.0,0,0,0.0,0.0,1.0
"F[1,2](Lactate <= 1.923 & Hct >= 1.876)
",-9999999.000,-9999999.000,0.000,0.000,1.000,0,0,0,15,15,0,0,15,0.0,0,0,0.0,0.0,1.0
"((BaseExcess >= -1.161) U[2,2] (O2Sat >= 38.096))
",1.161,1.161,0.000,0.000,1.000,0,0,0,15,15,0,0,15,0.0,0,0,0.0,0.0,1.0
"F[2,2]((PTT <= 6.303 -> Bilirubin_direct <= 0.000) | O2Sat <= 0.000)
",0.000,0.000,0.000,0.000,1.000,0,0,0,15,15,0,0,15,0.0,0,0,0.0,0.0,1.0
"((FiO2 >= 0.013) U[0,1] (Platelets <= 226.572))
",-9999999.000,-9999999.000,0.000,0.000,1.000,0,0,0,15,15,0,0,15,0.0,0,0,0.0,0.0,1.0
"F[2,2](((Magnesium <= 1.213 -> MAP >= 54.111) -> Bilirubin_total >= 54.270) | MAP >= 45.402)
",2732417071688657.000,1.213,0.000,0.000,1.000,0,0,0,15,15,0,0,15,0.0,0,0,0.0,0.0,1.0
"F[2,2](DBP >= 48.977 | PTT <= 26.319)
",3704120100729314.500,26.319,0.000,0.000,1.000,0,0,0,15,15,0,0,15,0.0,0,0,0.0,0.0,1.0
"F[0,0]((MAP <= 77.115 | Fibrinogen >= 0.000) -> Alkalinephos >= 0.000)
",-0.522,-4.000,0.000,0.000,1.000,0,0,0,15,15,0,0,15,0.0,0,0,0.0,0.0,1.0
"F[1,1]((BUN >= 0.959 & BaseExcess <= -0.176) | SepsisLabel >= -0.310)
",0.310,0.310,0.000,0.000,1.000,0,0,0,15,15,0,0,15,0.0,0,0,0.0,0.0,1.0
"F[0,2](Potassium >= 1.042 | SBP <= 120.208)
",-9999999.000,-9999999.000,0.000,0.000,1.000,0,0,0,15,15,0,0,15,0.0,0,0,0.0,0.0,1.0
"F[1,2](((Magnesium <= 0.575 | SaO2 <= 59.278) -> PaCO2 <= 78.889) | DBP <= 91.494)
",-9999999.000,-9999999.000,0.000,0.000,1.000,0,0,0,15,15,0,0,15,0.0,0,0,0.0,0.0,1.0
"F[1,2]((HCO3 <= 6.682 -> MAP <= 76.512) -> Alkalinephos >= 29.746)
",-9999999.000,-9999999.000,0.000,0.000,1.000,0,0,0,15,15,0,0,15,0.0,0,0,0.0,0.0,1.0
"((O2Sat >= 35.361) U[2,2] (PTT <= 12.605))
",7095821564254207.000,12.605,0.000,0.000,1.000,0,0,0,15,15,0,0,15,0.0,0,0,0.0,0.0,1.0
"F[0,1]((O2Sat >= 46.247 | Platelets >= 0.993) | Creatinine >= 1.384)
",-9999999.000,-9999999.000,0.000,0.000,1.000,0,0,0,15,15,0,0,15,0.0,0,0,0.0,0.0,1.0
"F[1,2](DBP <= 59.488 & HCO3 >= 1.572)
",-9999999.000,-9999999.000,0.000,0.000,1.000,0,0,0,15,15,0,0,15,0.0,0,0,0.0,0.0,1.0
"F[2,2](((Alkalinephos >= 0.000 -> Bilirubin_direct >= 0.000) -> TroponinI >= 0.000) -> Bilirubin_direct >= 0.000)
",0.000,0.000,0.000,0.000,1.000,0,0,0,15,15,0,0,15,0.0,0,0,0.0,0.0,1.0
"F[0,1](((Potassium >= 0.751 | HCO3 >= 0.327) -> Potassium >= 0.520) | Lactate <= 7.957)
",-9999999.000,-9999999.000,0.000,0.000,1.000,0,0,0,15,15,0,0,15,0.0,0,0,0.0,0.0,1.0
"F[0,1](WBC >= 1.537 -> PaCO2 >= 5.390)
",-9999999.000,-9999999.000,0.000,0.000,1.000,0,0,0,15,15,0,0,15,0.0,0,0,0.0,0.0,1.0
"F[0,1]((BUN <= 5.904 -> DBP >= 40.153) & BUN <= 58.716)
",-9999999.000,-9999999.000,0.000,0.000,1.000,0,0,0,15,15,0,0,15,0.0,0,0,0.0,0.0,1.0
"F[1,2](((SepsisLabel <= 0.000 | Glucose <= 144.905) -> PaCO2 <= 112.551) & SepsisLabel <= 98.907)
",-9999999.000,-9999999.000,0.000,0.000,1.000,0,0,0,15,15,0,0,15,0.0,0,0,0.0,0.0,1.0
"F[0,0](EtCO2 >= 0.000 -> Bilirubin_total >= 0.000)
",-8.113,-17.893,0.000,0.000,1.000,0,0,0,15,15,0,0,15,0.0,0,0,0.0,0.0,1.0
"F[0,2](((Bilirubin_direct <= 0.000 -> AST <= 0.000) -> BaseExcess <= 0.000) | Fibrinogen <= 0.000)
",-9999999.000,-9999999.000,0.000,0.000,1.000,0,0,0,15,15,0,0,15,0.0,0,0,0.0,0.0,1.0
"F[1,2](((Bilirubin_direct >= 0.000 & Bilirubin_total >= 0.000) | Calcium >= 0.000) & Glucose <= 0.000)
",-9999999.000,-9999999.000,0.000,0.000,1.000,0,0,0,15,15,0,0,15,0.0,0,0,0.0,0.0,1.0
"((SaO2 <= 57.096) U[0,2] (Glucose <= 85.099))
",-9999999.000,-9999999.000,0.000,0.000,1.000,0,0,0,15,15,0,0,15,0.0,0,0,0.0,0.0,1.0
"F[0,1]((BUN >= 1.488 | BaseExcess >= -2.906) | Magnesium <= -0.180)
",-9999999.000,-9999999.000,0.000,0.000,1.000,0,0,0,15,15,0,0,15,0.0,0,0,0.0,0.0,1.0
"F[0,2](((Hct >= 2.256 | HR <= 85.488) | BUN <= 85.040) | BaseExcess <= 82.681)
",-9999999.000,-9999999.000,0.000,0.000,1.000,0,0,0,15,15,0,0,15,0.0,0,0,0.0,0.0,1.0
"((Platelets >= 0.008) U[0,2] (PTT >= 0.131))
",-9999999.000,-9999999.000,0.000,0.000,1.000,0,0,0,15,15,0,0,15,0.0,0,0,0.0,0.0,1.0
"((TroponinI >= 0.000) U[1,1] (MAP >= 16.099))
",0.000,0.000,0.000,0.000,1.000,0,0,0,15,15,0,0,15,0.0,0,0,0.0,0.0,1.0
"F[1,2]((Temp >= 13.829 & BaseExcess <= -0.095) | Creatinine >= -2.132)
",-9999999.000,-9999999.000,0.000,0.000,1.000,0,0,0,15,15,0,0,15,0.0,0,0,0.0,0.0,1.0
"F[0,2](((Magnesium >= 0.099 | Fibrinogen >= 0.000) & BaseExcess <= 0.000) -> SaO2 >= 0.000)
",-9999999.000,-9999999.000,0.000,0.000,1.000,0,0,0,15,15,0,0,15,0.0,0,0,0.0,0.0,1.0
"F[0,2](BUN >= 0.249 -> PTT <= 8.557)
",-9999999.000,-9999999.000,0.000,0.000,1.000,0,0,0,15,15,0,0,15,0.0,0,0,0.0,0.0,1.0
"F[0,1](((Resp >= 13.662 | Magnesium <= 0.559) | Fibrinogen <= 2.129) | PTT <= 1.519)
",-9999999.000,-9999999.000,0.000,0.000,1.000,0,0,0,15,15,0,0,15,0.0,0,0,0.0,0.0,1.0
"F[0,1](((FiO2 <= 0.052 & BaseExcess >= -2.143) | Phosphate <= -0.162) | DBP <= -0.227)
",-9999999.000,-9999999.000,0.000,0.000,1.000,0,0,0,15,15,0,0,15,0.0,0,0,0.0,0.0,1.0
"F[0,1](((BaseExcess <= -0.061 | Potassium <= 1.409) | HCO3 >= 0.142) & TroponinI <= 2.002)
",-9999999.000,-9999999.000,0.000,0.000,1.000,0,0,0,15,15,0,0,15,0.0,0,0,0.0,0.0,1.0
"F[1,2](((Hgb >= 1.593 & Platelets <= 197.683) -> Glucose <= 147.723) & Glucose >= 1.462)
",-9999999.000,-9999999.000,0.000,0.000,1.000,0,0,0,15,15,0,0,15,0.0,0,0,0.0,0.0,1.0
"F[1,1](Resp <= 19.444 -> PTT <= 6.483)
",-2736504031565569.000,-19.444,0.000,0.000,1.000,0,0,0,15,15,0,0,15,0.0,0,0,0.0,0.0,1.0
"((EtCO2 >= 0.000) U[2,2] (Bilirubin_total <= 0.000))
",0.000,0.000,0.000,0.000,1.000,0,0,0,15,15,0,0,15,0.0,0,0,0.0,0.0,1.0
"F[0,1](((Calcium >= 0.000 | BUN >= 1.560) -> TroponinI >= 1.576) -> EtCO2 >= 1.569)
",-9999999.000,-9999999.000,0.000,0.000,1.000,0,0,0,15,15,0,0,15,0.0,0,0,0.0,0.0,1.0
"F[1,2](((Chloride <= 102.711 & Resp <= 17.984) | Hct <= 21.756) | Platelets <= 20.256)
",-9999999.000,-9999999.000,0.000,0.000,1.000,0,0,0,15,15,0,0,15,0.0,0,0,0.0,0.0,1.0
"F[2,2](((Platelets <= 129.330 -> Hgb >= 1.523) -> EtCO2 >= 2.364) | Bilirubin_total >= 0.019)
",5323058576703161.000,2.364,0.000,0.000,1.000,0,0,0,15,15,0,0,15,0.0,0,0,0.0,0.0,1.0
"F[0,2]((Potassium <= 2.125 | WBC <= 4.294) -> Hgb <= 12.436)
",-9999999.000,-9999999.000,0.000,0.000,1.000,0,0,0,15,15,0,0,15,0.0,0,0,0.0,0.0,1.0
"F[2,2](((EtCO2 >= 0.000 -> pH >= 1.528) -> O2Sat <= 5.625) | TroponinI >= 2.756)
",-3102738119268383.000,-2.756,0.000,0.000,1.000,0,0,0,15,15,0,0,15,0.0,0,0,0.0,0.0,1.0
"F[1,2]((Calcium <= 0.000 -> O2Sat <= 97.829) -> Magnesium >= 46.000)
",-9999999.000,-9999999.000,0.000,0.000,1.000,0,0,0,15,15,0,0,15,0.0,0,0,0.0,0.0,1.0
"F[0,1](((MAP <= 79.038 -> TroponinI <= 0.000) | BaseExcess >= 0.000) -> Magnesium >= 0.000)
",-9999999.000,-9999999.000,0.000,0.000,1.000,0,0,0,15,15,0,0,15,0.0,0,0,0.0,0.0,1.0
"F[0,1](((FiO2 <= 0.389 -> HCO3 >= 0.652) -> FiO2 <= 3.897) | Chloride >= 0.042)
",-9999999.000,-9999999.000,0.000,0.000,1.000,0,0,0,15,15,0,0,15,0.0,0,0,0.0,0.0,1.0
"F[0,0]((Chloride >= 3.643 & BaseExcess >= -0.481) | Phosphate >= -0.989)
",1.539,1.347,0.000,0.000,1.000,0,0,0,15,15,0,0,15,0.0,0,0,0.0,0.0,1.0
"F[0,2]((Lactate >= 0.311 & Phosphate <= 0.000) | O2Sat <= 0.000)
",-9999999.000,-9999999.000,0.000,0.000,1.000,0,0,0,15,15,0,0,15,0.0,0,0,0.0,0.0,1.0
"F[1,2](((Temp <= 29.126 | Lactate >= 0.140) -> SepsisLabel >= 0.279) | Phosphate >= 0.201)
",-9999999.000,-9999999.000,0.000,0.000,1.000,0,0,0,15,15,0,0,15,0.0,0,0,0.0,0.0,1.0
"F[0,2]((MAP <= 70.289 | Alkalinephos >= 0.000) | HR <= 0.000)
",-9999999.000,-9999999.000,0.000,0.000,1.000,0,0,0,15,15,0,0,15,0.0,0,0,0.0,0.0,1.0
"F[1,1]((BUN <= 14.614 | PTT <= 5.371) -> Potassium <= 14.999)
",-14.999,-14.999,0.000,0.000,1.000,0,0,0,15,15,0,0,15,0.0,0,0,0.0,0.0,1.0
"F[0,2]((Potassium >= 0.511 -> MAP >= 15.503) -> EtCO2 <= 73.335)
",-9999999.000,-9999999.000,0.000,0.000,1.000,0,0,0,15,15,0,0,15,0.0,0,0,0.0,0.0,1.0
"F[1,1]((MAP <= 74.943 & WBC <= 9.701) -> O2Sat >= 0.015)
",-5461097239684562.000,-9.701,0.000,0.000,1.000,0,0,0,15,15,0,0,15,0.0,0,0,0.0,0.0,1.0
"F[1,2](((Hgb >= 1.228 -> TroponinI >= 0.000) & Potassium >= 0.000) & HCO3 >= 0.000)
",-9999999.000,-9999999.000,0.000,0.000,1.000,0,0,0,15,15,0,0,15,0.0,0,0,0.0,0.0,1.0
"F[2,2](((Phosphate <= 0.000 | Glucose <= 114.760) | Magnesium <= 104.079) | SBP >= 24.066)
",8075546022475793.000,114.760,0.000,0.000,1.000,0,0,0,15,15,0,0,15,0.0,0,0,0.0,0.0,1.0
"F[0,1](((AST <= 0.000 & Potassium <= 4.035) | TroponinI <= 1.965) -> MAP >= 0.673)
",-9999999.000,-9999999.000,0.000,0.000,1.000,0,0,0,15,15,0,0,15,0.0,0,0,0.0,0.0,1.0
"F[1,2](((Platelets <= 100.864 | Hct >= 8.814) -> Bilirubin_total >= 5.764) -> Potassium <= 13.281)
",-9999999.000,-9999999.000,0.000,0.000,1.000,0,0,0,15,15,0,0,15,0.0,0,0,0.0,0.0,1.0
"F[0,1]((SBP <= 121.630 -> HR >= 70.229) & Hgb <= 83.392)
",-9999999.000,-9999999.000,0.000,0.000,1.000,0,0,0,15,15,0,0,15,0.0,0,0,0.0,0.0,1.0
"F[1,1](((Platelets <= 171.855 -> HCO3 >= 0.243) -> Alkalinephos >= 1.530) | MAP >= 1.077)
",6888743217920273.000,1.530,0.000,0.000,1.000,0,0,0,15,15,0,0,15,0.0,0,0,0.0,0.0,1.0
"F[2,2](Hgb <= 7.726 -> Hgb >= 1.968)
",-4349076774156255.500,-7.726,0.000,0.000,1.000,0,0,0,15,15,0,0,15,0.0,0,0,0.0,0.0,1.0
"F[2,2](((Bilirubin_direct <= 0.000 | Glucose <= 102.704) & pH <= 86.402) -> MAP <= 74.273)
",-86.402,-86.402,0.000,0.000,1.000,0,0,0,15,15,0,0,15,0.0,0,0,0.0,0.0,1.0
"F[0,2](((HCO3 >= 2.204 -> MAP >= 56.634) -> PTT >= 11.187) & Alkalinephos <= 75.317)
",-9999999.000,-9999999.000,0.000,0.000,1.000,0,0,0,15,15,0,0,15,0.0,0,0,0.0,0.0,1.0
"F[0,1](Temp <= 28.609 | DBP >= 37.519)
",-9999999.000,-9999999.000,0.000,0.000,1.000,0,0,0,15,15,0,0,15,0.0,0,0,0.0,0.0,1.0
"F[2,2](((Alkalinephos <= 0.000 & Bilirubin_direct <= 0.000) | Chloride >= 0.000) | Alkalinephos >= 0.000)
",0.000,0.000,0.000,0.000,1.000,0,0,0,15,15,0,0,15,0.0,0,0,0.0,0.0,1.0
"F[0,0](((DBP >= 11.634 | Bilirubin_total <= 0.000) & SBP <= 0.000) | Bilirubin_total <= 0.000)
",-0.522,-0.921,0.000,0.000,1.000,0,0,0,15,15,0,0,15,0.0,0,0,0.0,0.0,1.0
"F[0,2]((Bilirubin_direct <= 0.000 | Phosphate <= 0.000) | Lactate <= 0.000)
",-9999999.000,-9999999.000,0.000,0.000,1.000,0,0,0,15,15,0,0,15,0.0,0,0,0.0,0.0,1.0
"F[0,0](((Lactate >= 0.048 -> Magnesium <= 1.920) | WBC >= 0.034) | AST <= 0.257)
",0.293,2.262,0.000,0.000,1.000,0,0,0,15,15,0,0,15,0.0,0,0,0.0,0.0,1.0
"F[1,2](Temp >= 14.520 & MAP >= 15.740)
",-9999999.000,-9999999.000,0.000,0.000,1.000,0,0,0,15,15,0,0,15,0.0,0,0,0.0,0.0,1.0
"((HR <= 83.872) U[0,1] (Bilirubin_total >= 0.000))
",-9999999.000,-9999999.000,0.000,0.000,1.000,0,0,0,15,15,0,0,15,0.0,0,0,0.0,0.0,1.0
"F[0,2](((SepsisLabel >= 0.000 | FiO2 <= 0.080) -> Temp <= 0.166) | Hct >= 0.027)
",-9999999.000,-9999999.000,0.000,0.000,1.000,0,0,0,15,15,0,0,15,0.0,0,0,0.0,0.0,1.0
"F[1,1](((Lactate <= 0.514 -> Glucose <= 124.914) -> Bilirubin_total <= 39.367) & Chloride <= 157.772)
",-5540407940567794.000,-39.367,0.000,0.000,1.000,0,0,0,15,15,0,0,15,0.0,0,0,0.0,0.0,1.0
"F[1,1]((Temp >= 7.540 & EtCO2 <= 0.000) -> Hct >= 0.000)
",0.000,0.000,0.000,0.000,1.000,0,0,0,15,15,0,0,15,0.0,0,0,0.0,0.0,1.0
"F[0,1](Bilirubin_total >= 0.000 -> Fibrinogen <= 0.000)
",-9999999.000,-9999999.000,0.000,0.000,1.000,0,0,0,15,15,0,0,15,0.0,0,0,0.0,0.0,1.0
"F[1,2](SepsisLabel <= 0.000 -> SBP >= 53.621)
",-9999999.000,-9999999.000,0.000,0.000,1.000,0,0,0,15,15,0,0,15,0.0,0,0,0.0,0.0,1.0
"F[1,2]((PTT <= 12.863 -> Phosphate <= 0.000) | pH >= 0.000)
",-9999999.000,-9999999.000,0.000,0.000,1.000,0,0,0,15,15,0,0,15,0.0,0,0,0.0,0.0,1.0
"F[2,2](SBP >= 9.623 | WBC <= 3.910)
",4402104424772063.500,3.910,0.000,0.000,1.000,0,0,0,15,15,0,0,15,0.0,0,0,0.0,0.0,1.0
"F[0,2](PTT >= 0.933 -> Hgb >= 1.853)
",-9999999.000,-9999999.000,0.000,0.000,1.000,0,0,0,15,15,0,0,15,0.0,0,0,0.0,0.0,1.0
"F[2,2](Hgb <= 5.565 | Hct <= 10.051)
",5658481257957633.000,10.051,0.000,0.000,1.000,0,0,0,15,15,0,0,15,0.0,0,0,0.0,0.0,1.0
"F[1,2](((FiO2 >= 0.025 -> Temp <= 34.171) -> Magnesium <= 28.365) -> HR <= 34.887)
",-9999999.000,-9999999.000,0.000,0.000,1.000,0,0,0,15,15,0,0,15,0.0,0,0,0.0,0.0,1.0
"F[2,2](Hgb <= 3.629 | Resp >= 15.534)
",2723665005697998.500,3.629,0.000,0.000,1.000,0,0,0,15,15,0,0,15,0.0,0,0,0.0,0.0,1.0
"F[2,2](Glucose >= 24.247 -> SepsisLabel = 0.000)
",0.000,0.000,0.000,0.000,1.000,0,0,0,15,15,0,0,15,0.0,0,0,0.0,0.0,1.0
"F[0,1]((Chloride <= 58.229 | WBC >= 1.111) & FiO2 <= 3.642)
",-9999999.000,-9999999.000,0.000,0.000,1.000,0,0,0,15,15,0,0,15,0.0,0,0,0.0,0.0,1.0
"F[1,1](((Creatinine <= 0.884 -> PTT <= 27.103) & Creatinine <= 21.787) | FiO2 >= 0.812)
",-7315968973762763.000,-0.812,0.000,0.000,1.000,0,0,0,15,15,0,0,15,0.0,0,0,0.0,0.0,1.0
"F[1,2](Creatinine >= 0.001 & SepsisLabel = 0.000)
",-9999999.000,-9999999.000,0.000,0.000,1.000,0,0,0,15,15,0,0,15,0.0,0,0,0.0,0.0,1.0
"((Bilirubin_total > 0.000) U[2,2] (SepsisLabel = 0.000))
",0.000,0.000,0.000,0.000,1.000,0,0,0,15,15,0,0,15,0.0,0,0,0.0,0.0,1.0
"F[1,1](DBP < 57.693 -> SepsisLabel = 0.000)
",-2706526476919985.500,-57.693,0.000,0.000,1.000,0,0,0,15,15,0,0,15,0.0,0,0,0.0,0.0,1.0
"((O2Sat > 48.756) U[0,1] (SepsisLabel = 0.000))
",-9999999.000,-9999999.000,0.000,0.000,1.000,0,0,0,15,15,0,0,15,0.0,0,0,0.0,0.0,1.0
"F[1,2](SBP <= 123.489 & SepsisLabel = 0.000)
",-9999999.000,-9999999.000,0.000,0.000,1.000,0,0,0,15,15,0,0,15,0.0,0,0,0.0,0.0,1.0
"F[1,2](((BUN <= 10.111 & HCO3 <= 7.157) -> EtCO2 >= 1.627) & MAP <= 21.219)
",-9999999.000,-9999999.000,0.000,0.000,1.000,0,0,0,15,15,0,0,15,0.0,0,0,0.0,0.0,1.0
"F[1,1](SepsisLabel <= 0.000 & SepsisLabel = 0.000)
",0.000,0.000,0.000,0.000,1.000,0,0,0,15,15,0,0,15,0.0,0,0,0.0,0.0,1.0
"((BUN >= 0.489) U[0,1] (SepsisLabel = 0.000))
",-9999999.000,-9999999.000,0.000,0.000,1.000,0,0,0,15,15,0,0,15,0.0,0,0,0.0,0.0,1.0
"F[0,2](Hgb > 2.262 & SepsisLabel = 0.000)
",-9999999.000,-9999999.000,0.000,0.000,1.000,0,0,0,15,15,0,0,15,0.0,0,0,0.0,0.0,1.0
"F[1,2](Lactate >= 0.298 & SepsisLabel = 0.000)
",-9999999.000,-9999999.000,0.000,0.000,1.000,0,0,0,15,15,0,0,15,0.0,0,0,0.0,0.0,1.0
"F[0,2](pH > 1.864 & SepsisLabel = 0.000)
",-9999999.000,-9999999.000,0.000,0.000,1.000,0,0,0,15,15,0,0,15,0.0,0,0,0.0,0.0,1.0
"((Magnesium <= 2.330) U[0,1] (SepsisLabel = 0.000))
",-9999999.000,-9999999.000,0.000,0.000,1.000,0,0,0,15,15,0,0,15,0.0,0,0,0.0,0.0,1.0
"F[2,2](HCO3 <= 8.772 & WBC <= 2.031)
",4572289001330881.000,2.031,0.000,0.000,1.000,0,0,0,15,15,0,0,15,0.0,0,0,0.0,0.0,1.0
"F[0,1](O2Sat >= 52.994 & SBP >= 42.121)
",-9999999.000,-9999999.000,0.000,0.000,1.000,0,0,0,15,15,0,0,15,0.0,0,0,0.0,0.0,1.0
"((Lactate >= 0.308) U[0,0] (SepsisLabel = 0.000))
",0.727,40.319,0.000,0.000,1.000,0,0,0,15,15,0,0,15,0.0,0,0,0.0,0.0,1.0
"F[2,2](BUN <= 9.532 & Magnesium <= 0.293)
",0.293,0.293,0.000,0.000,1.000,0,0,0,15,15,0,0,15,0.0,0,0,0.0,0.0,1.0
"F[1,1](((DBP <= 65.263 & SBP >= 89.372) | SepsisLabel <= 108.951) -> FiO2 <= 107.880)
",-7666733230887353.000,-108.951,0.000,0.000,1.000,0,0,0,15,15,0,0,15,0.0,0,0,0.0,0.0,1.0
"F[1,2]((pH <= 5.272 | Potassium >= 0.909) | PaCO2 >= 0.597)
",-9999999.000,-9999999.000,0.000,0.000,1.000,0,0,0,15,15,0,0,15,0.0,0,0,0.0,0.0,1.0
"F[1,1](DBP <= 60.582 | Resp >= 1.474)
",8526185727164561.000,60.582,0.000,0.000,1.000,0,0,0,15,15,0,0,15,0.0,0,0,0.0,0.0,1.0
"((Hct <= 29.614) U[0,2] (SaO2 <= 46.162))
",-9999999.000,-9999999.000,0.000,0.000,1.000,0,0,0,15,15,0,0,15,0.0,0,0,0.0,0.0,1.0
"F[1,1](((Magnesium >= 0.092 & PTT <= 22.499) -> WBC >= 0.360) | EtCO2 >= 1.011)
",6660684695171578.000,0.092,0.000,0.000,1.000,0,0,0,15,15,0,0,15,0.0,0,0,0.0,0.0,1.0
"F[0,2](HR >= 15.508 -> Resp >= 9.229)
",-9999999.000,-9999999.000,0.000,0.000,1.000,0,0,0,15,15,0,0,15,0.0,0,0,0.0,0.0,1.0
"F[0,2](((BaseExcess >= -1.063 | Creatinine <= 0.127) | Hgb <= 0.885) | TroponinI >= 0.018)
",-9999999.000,-9999999.000,0.000,0.000,1.000,0,0,0,15,15,0,0,15,0.0,0,0,0.0,0.0,1.0
"F[1,2]((HR >= 38.856 -> O2Sat >= 72.429) | Lactate <= 95.230)
",-9999999.000,-9999999.000,0.000,0.000,1.000,0,0,0,15,15,0,0,15,0.0,0,0,0.0,0.0,1.0
"((BaseExcess <= -0.121) U[2,2] (Platelets >= 0.959))
",-8742119344956767.000,-0.121,0.000,0.000,1.000,0,0,0,15,15,0,0,15,0.0,0,0,0.0,0.0,1.0
"F[0,2](((BaseExcess >= -2.360 -> PTT <= 17.000) -> BUN <= 3.374) -> MAP >= 0.599)
",-9999999.000,-9999999.000,0.000,0.000,1.000,0,0,0,15,15,0,0,15,0.0,0,0,0.0,0.0,1.0
"F[1,2](((Hct >= 4.864 & Hgb <= 8.425) | Hct >= 1.175) & SBP >= 2.102)
",-9999999.000,-9999999.000,0.000,0.000,1.000,0,0,0,15,15,0,0,15,0.0,0,0,0.0,0.0,1.0
"F[0,2]((HR <= 89.819 -> SBP <= 119.815) -> Bilirubin_total <= 122.214)
",-9999999.000,-9999999.000,0.000,0.000,1.000,0,0,0,15,15,0,0,15,0.0,0,0,0.0,0.0,1.0
"F[0,2](O2Sat >= 34.213 -> Resp >= 7.742)
",-9999999.000,-9999999.000,0.000,0.000,1.000,0,0,0,15,15,0,0,15,0.0,0,0,0.0,0.0,1.0
"F[1,2](((HR <= 80.756 & MAP <= 71.743) | Hct <= 75.965) & Glucose <= 70.528)
",-9999999.000,-9999999.000,0.000,0.000,1.000,0,0,0,15,15,0,0,15,0.0,0,0,0.0,0.0,1.0
"F[0,2](SaO2 < 81.138 & SepsisLabel = 0.000)
",-9999999.000,-9999999.000,0.000,0.000,1.000,0,0,0,15,15,0,0,15,0.0,0,0,0.0,0.0,1.0
"F[0,2](Bilirubin_total < 0.000 -> SepsisLabel = 0.000)
",-9999999.000,-9999999.000,0.000,0.000,1.000,0,0,0,15,15,0,0,15,0.0,0,0,0.0,0.0,1.0
"F[1,1](((BUN <= 8.670 -> Platelets <= 174.080) | Alkalinephos >= 4.394) -> Bilirubin_direct <= 83.671)
",-5887853250368591.000,-83.671,0.000,0.000,1.000,0,0,0,15,15,0,0,15,0.0,0,0,0.0,0.0,1.0
"F[0,2](((Calcium < 0.000 & Potassium < 1.732) & Magnesium < 1.545) & Phosphate < 0.000)
",-9999999.000,-9999999.000,0.000,0.000,1.000,0,0,0,15,15,0,0,15,0.0,0,0,0.0,0.0,1.0
"F[0,2](((Calcium < 0.000 & Potassium < 4.343) & Magnesium < 2.441) & Phosphate < 0.000)
",-9999999.000,-9999999.000,0.000,0.000,1.000,0,0,0,15,15,0,0,15,0.0,0,0,0.0,0.0,1.0
"F[1,2]((Calcium <= 0.000 & Potassium <= 4.556) & Magnesium >= 0.165)
",-9999999.000,-9999999.000,0.000,0.000,1.000,0,0,0,15,15,0,0,15,0.0,0,0,0.0,0.0,1.0
"F[0,2](Hgb <= 8.282 | Hct <= 28.869)
",-9999999.000,-9999999.000,0.000,0.000,1.000,0,0,0,15,15,0,0,15,0.0,0,0,0.0,0.0,1.0
"F[1,2]((Phosphate >= 0.000 & Magnesium > 0.153) -> Calcium < 0.000)
",-9999999.000,-9999999.000,0.000,0.000,1.000,0,0,0,15,15,0,0,15,0.0,0,0,0.0,0.0,1.0
"F[0,2](((Calcium < 0.000 & Potassium < 3.444) & Magnesium < 0.923) & Phosphate < 0.000)
",-9999999.000,-9999999.000,0.000,0.000,1.000,0,0,0,15,15,0,0,15,0.0,0,0,0.0,0.0,1.0
"F[0,2]((Calcium <= 0.000 & Potassium <= 1.349) & Magnesium >= 0.128)
",-9999999.000,-9999999.000,0.000,0.000,1.000,0,0,0,15,15,0,0,15,0.0,0,0,0.0,0.0,1.0
"F[0,2]((Calcium <= 0.000 & Potassium <= 3.337) & Magnesium >= 0.144)
",-9999999.000,-9999999.000,0.000,0.000,1.000,0,0,0,15,15,0,0,15,0.0,0,0,0.0,0.0,1.0
"((MAP >= 37.334) U[0,1] (SBP <= 120.829))
",-9999999.000,-9999999.000,0.000,0.000,1.000,0,0,0,15,15,0,0,15,0.0,0,0,0.0,0.0,1.0
"F[1,2](Hgb <= 4.603 | Hct <= 21.431)
",-9999999.000,-9999999.000,0.000,0.000,1.000,0,0,0,15,15,0,0,15,0.0,0,0,0.0,0.0,1.0
"((MAP >= 48.373) U[0,1] (SBP <= 124.194))
",-9999999.000,-9999999.000,0.000,0.000,1.000,0,0,0,15,15,0,0,15,0.0,0,0,0.0,0.0,1.0
"F[1,2]((Phosphate >= 0.000 & Magnesium > 0.081) -> Calcium < 0.000)
",-9999999.000,-9999999.000,0.000,0.000,1.000,0,0,0,15,15,0,0,15,0.0,0,0,0.0,0.0,1.0
"F[2,2](Hgb <= 8.068 | Hct <= 31.335)
",31.335,31.335,0.000,0.000,1.000,0,0,0,15,15,0,0,15,0.0,0,0,0.0,0.0,1.0
"((MAP >= 67.294) U[0,1] (SBP <= 118.552))
",-9999999.000,-9999999.000,0.000,0.000,1.000,0,0,0,15,15,0,0,15,0.0,0,0,0.0,0.0,1.0
"F[1,2]((Phosphate >= 0.000 & Magnesium > 0.116) -> Calcium < 0.000)
",-9999999.000,-9999999.000,0.000,0.000,1.000,0,0,0,15,15,0,0,15,0.0,0,0,0.0,0.0,1.0
"F[2,2]((Phosphate >= 0.000 & Magnesium > 0.071) -> Calcium < 0.000)
",0.000,0.000,0.000,0.000,1.000,0,0,0,15,15,0,0,15,0.0,0,0,0.0,0.0,1.0
"F[0,2]((Calcium <= 0.000 & Potassium <= 4.051) & Magnesium >= 0.094)
",-9999999.000,-9999999.000,0.000,0.000,1.000,0,0,0,15,15,0,0,15,0.0,0,0,0.0,0.0,1.0
"((Calcium >= 0.000) U[0,2] (SepsisLabel = 0.000))
",-9999999.000,-9999999.000,0.000,0.000,1.000,0,0,0,15,15,0,0,15,0.0,0,0,0.0,0.0,1.0
"F[1,2](((Calcium < 0.000 & Potassium < 4.135) & Magnesium < 0.361) & Phosphate < 0.000)
",-9999999.000,-9999999.000,0.000,0.000,1.000,0,0,0,15,15,0,0,15,0.0,0,0,0.0,0.0,1.0
"((WBC > 1.816) U[0,1] (SepsisLabel = 0.000))
",-9999999.000,-9999999.000,0.000,0.000,1.000,0,0,0,15,15,0,0,15,0.0,0,0,0.0,0.0,1.0
"F[0,2](Lactate <= 0.751 & SepsisLabel = 0.000)
",-9999999.000,-9999999.000,0.000,0.000,1.000,0,0,0,15,15,0,0,15,0.0,0,0,0.0,0.0,1.0
"F[1,2](WBC < 6.530 & SepsisLabel = 0.000)
",-9999999.000,-9999999.000,0.000,0.000,1.000,0,0,0,15,15,0,0,15,0.0,0,0,0.0,0.0,1.0
"F[2,2](((Calcium < 0.000 & Potassium < 3.403) & Magnesium < 1.864) & Phosphate < 0.000)
",0.000,0.000,0.000,0.000,1.000,0,0,0,15,15,0,0,15,0.0,0,0,0.0,0.0,1.0
"F[1,2]((Calcium <= 0.000 & Potassium <= 3.323) & Magnesium >= 0.161)
",-9999999.000,-9999999.000,0.000,0.000,1.000,0,0,0,15,15,0,0,15,0.0,0,0,0.0,0.0,1.0
"F[1,2](Hgb <= 2.543 | Hct <= 10.400)
",-9999999.000,-9999999.000,0.000,0.000,1.000,0,0,0,15,15,0,0,15,0.0,0,0,0.0,0.0,1.0
"F[1,2](Hgb <= 7.497 | Hct <= 21.484)
",-9999999.000,-9999999.000,0.000,0.000,1.000,0,0,0,15,15,0,0,15,0.0,0,0,0.0,0.0,1.0
"F[2,2](((Calcium < 0.000 & Potassium < 4.165) & Magnesium < 1.232) & Phosphate < 0.000)
",0.000,0.000,0.000,0.000,1.000,0,0,0,15,15,0,0,15,0.0,0,0,0.0,0.0,1.0
"((MAP >= 51.138) U[0,2] (SBP <= 114.763))
",-9999999.000,-9999999.000,0.000,0.000,1.000,0,0,0,15,15,0,0,15,0.0,0,0,0.0,0.0,1.0
"F[0,2]((Phosphate >= 0.000 & Magnesium > 0.128) -> Calcium < 0.000)
",-9999999.000,-9999999.000,0.000,0.000,1.000,0,0,0,15,15,0,0,15,0.0,0,0,0.0,0.0,1.0
"F[2,2](((Calcium < 0.000 & Potassium < 2.142) & Magnesium < 1.980) & Phosphate < 0.000)
",0.000,0.000,0.000,0.000,1.000,0,0,0,15,15,0,0,15,0.0,0,0,0.0,0.0,1.0
"F[1,2]((Calcium <= 0.000 & Potassium <= 4.226) & Magnesium >= 0.041)
",-9999999.000,-9999999.000,0.000,0.000,1.000,0,0,0,15,15,0,0,15,0.0,0,0,0.0,0.0,1.0
"F[0,2](Hgb <= 4.134 | Hct <= 20.262)
",-9999999.000,-9999999.000,0.000,0.000,1.000,0,0,0,15,15,0,0,15,0.0,0,0,0.0,0.0,1.0
"F[0,2]((Phosphate >= 0.000 & Magnesium > 0.085) -> Calcium < 0.000)
",-9999999.000,-9999999.000,0.000,0.000,1.000,0,0,0,15,15,0,0,15,0.0,0,0,0.0,0.0,1.0
"F[0,2]((Glucose <= 46.291 -> Potassium <= 4.305) & FiO2 >= 0.379)
",-9999999.000,-9999999.000,0.000,0.000,1.000,0,0,0,15,15,0,0,15,0.0,0,0,0.0,0.0,1.0
"F[2,2](((HR >= 33.835 -> Temp >= 9.467) | Bilirubin_total >= 3.828) | Platelets <= 32.233)
",32.233,32.233,0.000,0.000,1.000,0,0,0,15,15,0,0,15,0.0,0,0,0.0,0.0,1.0
"F[0,2](((Creatinine >= 0.031 & Lactate >= 0.083) -> SBP >= 0.017) & Hgb <= 1.744)
",-9999999.000,-9999999.000,0.000,0.000,1.000,0,0,0,15,15,0,0,15,0.0,0,0,0.0,0.0,1.0
"F[1,2]((Calcium <= 0.000 & Potassium <= 4.108) & Magnesium >= 0.166)
",-9999999.000,-9999999.000,0.000,0.000,1.000,0,0,0,15,15,0,0,15,0.0,0,0,0.0,0.0,1.0
"F[1,2]((HR <= 87.955 | Potassium <= 2.752) | Resp >= 0.063)
",-9999999.000,-9999999.000,0.000,0.000,1.000,0,0,0,15,15,0,0,15,0.0,0,0,0.0,0.0,1.0
"((Potassium >= 0.009) U[0,2] (Temp <= 34.396))
",-9999999.000,-9999999.000,0.000,0.000,1.000,0,0,0,15,15,0,0,15,0.0,0,0,0.0,0.0,1.0
"F[1,2](BUN >= 1.462 -> Lactate <= 1.857)
",-9999999.000,-9999999.000,0.000,0.000,1.000,0,0,0,15,15,0,0,15,0.0,0,0,0.0,0.0,1.0
"F[0,2](Chloride <= 31.321 -> Lactate >= 0.239)
",-9999999.000,-9999999.000,0.000,0.000,1.000,0,0,0,15,15,0,0,15,0.0,0,0,0.0,0.0,1.0
"F[1,2](((Glucose <= 66.551 | HR <= 81.010) & Phosphate >= 74.020) & O2Sat <= 84.913)
",-9999999.000,-9999999.000,0.000,0.000,1.000,0,0,0,15,15,0,0,15,0.0,0,0,0.0,0.0,1.0
"((FiO2 <= 0.352) U[0,2] (Hgb >= 0.008))
",-9999999.000,-9999999.000,0.000,0.000,1.000,0,0,0,15,15,0,0,15,0.0,0,0,0.0,0.0,1.0
"F[1,2](((pH <= 5.834 -> WBC >= 0.350) | TroponinI >= 0.393) | TroponinI <= 3.495)
",-9999999.000,-9999999.000,0.000,0.000,1.000,0,0,0,15,15,0,0,15,0.0,0,0,0.0,0.0,1.0
"F[1,1]((HR >= 52.043 -> PTT <= 25.398) & DBP >= 0.010)
",-3574463682706663.000,-25.398,0.000,0.000,1.000,0,0,0,15,15,0,0,15,0.0,0,0,0.0,0.0,1.0
"F[1,2](((BaseExcess >= -2.248 & Lactate >= 0.196) & pH <= 0.878) | Fibrinogen >= 0.215)
",-9999999.000,-9999999.000,0.000,0.000,1.000,0,0,0,15,15,0,0,15,0.0,0,0,0.0,0.0,1.0
"((BaseExcess >= -0.267) U[2,2] (HR <= 80.653))
",5675466787909558.000,80.653,0.000,0.000,1.000,0,0,0,15,15,0,0,15,0.0,0,0,0.0,0.0,1.0
"F[0,2](Chloride <= 19.060 -> PaCO2 >= 1.440)
",-9999999.000,-9999999.000,0.000,0.000,1.000,0,0,0,15,15,0,0,15,0.0,0,0,0.0,0.0,1.0
"F[1,2](Glucose <= 140.925 | Lactate >= 0.307)
",-9999999.000,-9999999.000,0.000,0.000,1.000,0,0,0,15,15,0,0,15,0.0,0,0,0.0,0.0,1.0
"F[0,2](PaCO2 <= 32.075 -> WBC <= 3.959)
",-9999999.000,-9999999.000,0.000,0.000,1.000,0,0,0,15,15,0,0,15,0.0,0,0,0.0,0.0,1.0
"F[1,2](MAP >= 12.269 -> Potassium <= 4.345)
",-9999999.000,-9999999.000,0.000,0.000,1.000,0,0,0,15,15,0,0,15,0.0,0,0,0.0,0.0,1.0
"F[0,2](((Hct <= 12.164 -> O2Sat >= 71.310) | pH >= 35.825) -> Alkalinephos >= 13.957)
",-9999999.000,-9999999.000,0.000,0.000,1.000,0,0,0,15,15,0,0,15,0.0,0,0,0.0,0.0,1.0
"F[1,2](Creatinine <= 0.648 -> HR <= 84.291)
",-9999999.000,-9999999.000,0.000,0.000,1.000,0,0,0,15,15,0,0,15,0.0,0,0,0.0,0.0,1.0
"((DBP <= 67.093) U[1,2] (FiO2 <= 0.400))
",-9999999.000,-9999999.000,0.000,0.000,1.000,0,0,0,15,15,0,0,15,0.0,0,0,0.0,0.0,1.0
"F[0,2](((Glucose >= 21.702 | Hct >= 3.901) | Fibrinogen <= 15.125) | TroponinI >= 4.279)
",-9999999.000,-9999999.000,0.000,0.000,1.000,0,0,0,15,15,0,0,15,0.0,0,0,0.0,0.0,1.0
"F[0,1](((Lactate <= 0.715 -> Platelets >= 4.442) -> HCO3 <= 220.146) & Magnesium <= 99.656)
",-9999999.000,-9999999.000,0.000,0.000,1.000,0,0,0,15,15,0,0,15,0.0,0,0,0.0,0.0,1.0
"F[2,2]((O2Sat >= 1.696 -> WBC <= 14.001) | SaO2 >= 1.454)
",-1.454,-1.454,0.000,0.000,1.000,0,0,0,15,15,0,0,15,0.0,0,0,0.0,0.0,1.0
"F[0,2]((HCO3 <= 11.475 | O2Sat <= 97.777) & Temp <= 95.425)
",-9999999.000,-9999999.000,0.000,0.000,1.000,0,0,0,15,15,0,0,15,0.0,0,0,0.0,0.0,1.0
"F[0,2]((BUN <= 14.046 | SaO2 >= 13.582) -> AST >= 19.041)
",-9999999.000,-9999999.000,0.000,0.000,1.000,0,0,0,15,15,0,0,15,0.0,0,0,0.0,0.0,1.0
"F[1,2](((FiO2 <= 0.373 -> Hct <= 24.411) -> Fibrinogen <= 22.877) & Phosphate <= 19.631)
",-9999999.000,-9999999.000,0.000,0.000,1.000,0,0,0,15,15,0,0,15,0.0,0,0,0.0,0.0,1.0
"F[0,1]((Chloride <= 87.566 -> FiO2 >= 0.005) | Bilirubin_direct <= 0.161)
",-9999999.000,-9999999.000,0.000,0.000,1.000,0,0,0,15,15,0,0,15,0.0,0,0,0.0,0.0,1.0
"((Glucose <= 119.873) U[0,1] (MAP >= 27.701))
",-9999999.000,-9999999.000,0.000,0.000,1.000,0,0,0,15,15,0,0,15,0.0,0,0,0.0,0.0,1.0
"((HR >= 7.071) U[0,2] (Platelets <= 224.175))
",-9999999.000,-9999999.000,0.000,0.000,1.000,0,0,0,15,15,0,0,15,0.0,0,0,0.0,0.0,1.0
"F[2,2](((Chloride <= 56.345 | SaO2 <= 86.258) -> Glucose >= 0.827) & AST >= 0.678)
",-6069835085820849.000,-86.258,0.000,0.000,1.000,0,0,0,15,15,0,0,15,0.0,0,0,0.0,0.0,1.0
"((O2Sat <= 95.661) U[2,2] (Potassium <= 3.045))
",6731526783223606.000,95.661,0.000,0.000,1.000,0,0,0,15,15,0,0,15,0.0,0,0,0.0,0.0,1.0
"((O2Sat >= 32.762) U[0,1] (PaCO2 <= 39.569))
",-9999999.000,-9999999.000,0.000,0.000,1.000,0,0,0,15,15,0,0,15,0.0,0,0,0.0,0.0,1.0
"F[1,2](((Platelets >= 1.187 & Resp >= 11.034) & TroponinI >= 14.066) -> BUN <= 19.039)
",-9999999.000,-9999999.000,0.000,0.000,1.000,0,0,0,15,15,0,0,15,0.0,0,0,0.0,0.0,1.0
"F[0,2](((PTT <= 2.150 -> Resp <= 18.939) & WBC <= 18.660) -> Bilirubin_total >= 12.394)
",-9999999.000,-9999999.000,0.000,0.000,1.000,0,0,0,15,15,0,0,15,0.0,0,0,0.0,0.0,1.0
"F[1,2]((Creatinine <= 0.541 | Temp <= 31.547) & HCO3 >= 19.104)
",-9999999.000,-9999999.000,0.000,0.000,1.000,0,0,0,15,15,0,0,15,0.0,0,0,0.0,0.0,1.0
"((O2Sat <= 99.216) U[2,2] (SaO2 <= 84.634))
",99.216,99.216,0.000,0.000,1.000,0,0,0,15,15,0,0,15,0.0,0,0,0.0,0.0,1.0
"F[0,1](((O2Sat >= 91.554 & pH <= 3.923) -> HCO3 <= 5.920) | Potassium >= 1.072)
",-9999999.000,-9999999.000,0.000,0.000,1.000,0,0,0,15,15,0,0,15,0.0,0,0,0.0,0.0,1.0
"F[0,2](((Creatinine >= 0.026 & HCO3 >= 0.184) -> AST >= 0.528) -> TroponinI >= 0.888)
",-9999999.000,-9999999.000,0.000,0.000,1.000,0,0,0,15,15,0,0,15,0.0,0,0,0.0,0.0,1.0
"F[2,2](((Glucose <= 144.753 -> Magnesium >= 0.103) -> Platelets >= 0.041) & Lactate >= 0.034)
",-4899925914630807.000,-0.034,0.000,0.000,1.000,0,0,0,15,15,0,0,15,0.0,0,0,0.0,0.0,1.0
"F[1,2](FiO2 <= 0.188 -> pH <= 6.027)
",-9999999.000,-9999999.000,0.000,0.000,1.000,0,0,0,15,15,0,0,15,0.0,0,0,0.0,0.0,1.0
"F[2,2](Hgb <= 7.653 & PTT >= 0.356)
",-6408386255471425.000,-0.356,0.000,0.000,1.000,0,0,0,15,15,0,0,15,0.0,0,0,0.0,0.0,1.0
"F[0,0]((Hct <= 28.973 & Temp <= 28.734) -> PTT <= 30.090)
",-5.309,-25.882,0.000,0.000,1.000,0,0,0,15,15,0,0,15,0.0,0,0,0.0,0.0,1.0
"F[1,2]((BaseExcess <= -0.191 & SaO2 <= 58.482) -> O2Sat >= 13.328)
",-9999999.000,-9999999.000,0.000,0.000,1.000,0,0,0,15,15,0,0,15,0.0,0,0,0.0,0.0,1.0
"F[2,2](DBP >= 19.262 -> SaO2 >= 19.027)
",19.027,19.027,0.000,0.000,1.000,0,0,0,15,15,0,0,15,0.0,0,0,0.0,0.0,1.0
"F[0,2](((DBP <= 69.173 -> pH >= 0.906) & Phosphate >= 2.229) | O2Sat >= 2.976)
",-9999999.000,-9999999.000,0.000,0.000,1.000,0,0,0,15,15,0,0,15,0.0,0,0,0.0,0.0,1.0
"F[1,2](((BaseExcess >= -1.039 -> PaCO2 <= 31.487) | Fibrinogen >= 1.932) & EtCO2 >= 5.489)
",-9999999.000,-9999999.000,0.000,0.000,1.000,0,0,0,15,15,0,0,15,0.0,0,0,0.0,0.0,1.0
"F[1,2](((Glucose <= 131.559 -> PTT >= 0.972) | MAP >= 0.033) | O2Sat >= 0.257)
",-9999999.000,-9999999.000,0.000,0.000,1.000,0,0,0,15,15,0,0,15,0.0,0,0,0.0,0.0,1.0
"F[0,1](((Creatinine >= 0.008 & PaCO2 <= 7.903) -> AST >= 4.996) -> BaseExcess <= 8.507)
",-9999999.000,-9999999.000,0.000,0.000,1.000,0,0,0,15,15,0,0,15,0.0,0,0,0.0,0.0,1.0
"F[1,2](((Hgb <= 3.311 & Magnesium >= 0.113) -> Chloride <= 2.208) & Resp <= 0.239)
",-9999999.000,-9999999.000,0.000,0.000,1.000,0,0,0,15,15,0,0,15,0.0,0,0,0.0,0.0,1.0
"((Lactate >= 0.286) U[0,2] (pH <= 6.705))
",-9999999.000,-9999999.000,0.000,0.000,1.000,0,0,0,15,15,0,0,15,0.0,0,0,0.0,0.0,1.0
"F[1,2]((Chloride >= 4.581 | Hct <= 21.525) | Chloride <= 25.031)
",-9999999.000,-9999999.000,0.000,0.000,1.000,0,0,0,15,15,0,0,15,0.0,0,0,0.0,0.0,1.0
"((Lactate >= 0.005) U[2,2] (SaO2 >= 30.967))
",-5990076492376186.000,-0.005,0.000,0.000,1.000,0,0,0,15,15,0,0,15,0.0,0,0,0.0,0.0,1.0
"F[1,2](((HCO3 >= 1.470 | Platelets >= 7.063) & HR <= 181.467) & SBP <= 66.069)
",-9999999.000,-9999999.000,0.000,0.000,1.000,0,0,0,15,15,0,0,15,0.0,0,0,0.0,0.0,1.0
"F[0,0](((SBP <= 115.179 -> Temp >= 10.735) & Bilirubin_direct <= 36.179) -> Hct <= 33.837)
",-33.837,-33.837,0.000,0.000,1.000,0,0,0,15,15,0,0,15,0.0,0,0,0.0,0.0,1.0
"F[2,2](((Creatinine >= 0.011 -> Glucose <= 58.058) & Chloride <= 92.474) & SepsisLabel <= 66.643)
",-8170988437451871.000,-58.058,0.000,0.000,1.000,0,0,0,15,15,0,0,15,0.0,0,0,0.0,0.0,1.0
"((Temp <= 31.676) U[0,2] (WBC <= 8.998))
",-9999999.000,-9999999.000,0.000,0.000,1.000,0,0,0,15,15,0,0,15,0.0,0,0,0.0,0.0,1.0
"((FiO2 >= 0.019) U[1,2] (PaCO2 >= 3.079))
",-9999999.000,-9999999.000,0.000,0.000,1.000,0,0,0,15,15,0,0,15,0.0,0,0,0.0,0.0,1.0
"F[0,2](Hgb >= 1.459 -> HR <= 89.335)
",-9999999.000,-9999999.000,0.000,0.000,1.000,0,0,0,15,15,0,0,15,0.0,0,0,0.0,0.0,1.0
"F[0,2](Lactate <= 1.178 -> MAP <= 73.675)
",-9999999.000,-9999999.000,0.000,0.000,1.000,0,0,0,15,15,0,0,15,0.0,0,0,0.0,0.0,1.0
"F[1,2](((Glucose >= 18.382 | Hgb >= 1.660) -> Calcium >= 2.283) -> Lactate <= 7.137)
",-9999999.000,-9999999.000,0.000,0.000,1.000,0,0,0,15,15,0,0,15,0.0,0,0,0.0,0.0,1.0
"F[1,1]((pH <= 5.413 -> Resp >= 13.663) & AST <= 18.444)
",-5.413,-5.413,0.000,0.000,1.000,0,0,0,15,15,0,0,15,0.0,0,0,0.0,0.0,1.0
"((Lactate >= 0.252) U[0,2] (Temp <= 28.393))
",-9999999.000,-9999999.000,0.000,0.000,1.000,0,0,0,15,15,0,0,15,0.0,0,0,0.0,0.0,1.0
"F[1,2](BaseExcess <= -0.018 & Temp <= 32.539)
",-9999999.000,-9999999.000,0.000,0.000,1.000,0,0,0,15,15,0,0,15,0.0,0,0,0.0,0.0,1.0
"F[2,2]((Hct <= 31.462 -> MAP <= 76.697) | Potassium <= 70.753)
",4978826996272607.000,70.753,0.000,0.000,1.000,0,0,0,15,15,0,0,15,0.0,0,0,0.0,0.0,1.0
"F[0,2]((BUN <= 17.987 & Glucose <= 101.232) -> Fibrinogen <= 67.111)
",-9999999.000,-9999999.000,0.000,0.000,1.000,0,0,0,15,15,0,0,15,0.0,0,0,0.0,0.0,1.0
"F[0,2]((HR >= 50.776 & SaO2 <= 78.050) -> DBP >= 7.433)
",-9999999.000,-9999999.000,0.000,0.000,1.000,0,0,0,15,15,0,0,15,0.0,0,0,0.0,0.0,1.0
"F[0,1](((Creatinine >= 0.013 & Hct >= 3.911) & Hgb <= 15.350) | MAP >= 5.457)
",-9999999.000,-9999999.000,0.000,0.000,1.000,0,0,0,15,15,0,0,15,0.0,0,0,0.0,0.0,1.0
"((Hct <= 24.862) U[0,1] (PTT <= 17.548))
",-9999999.000,-9999999.000,0.000,0.000,1.000,0,0,0,15,15,0,0,15,0.0,0,0,0.0,0.0,1.0
"F[1,2]((Magnesium >= 0.101 | PaCO2 >= 5.637) | Hct >= 1.327)
",-9999999.000,-9999999.000,0.000,0.000,1.000,0,0,0,15,15,0,0,15,0.0,0,0,0.0,0.0,1.0
"((Chloride >= 9.412) U[0,2] (Glucose >= 12.708))
",-9999999.000,-9999999.000,0.000,0.000,1.000,0,0,0,15,15,0,0,15,0.0,0,0,0.0,0.0,1.0
"F[0,2]((Glucose >= 23.689 -> WBC >= 1.265) -> Glucose >= 0.401)
",-9999999.000,-9999999.000,0.000,0.000,1.000,0,0,0,15,15,0,0,15,0.0,0,0,0.0,0.0,1.0
"F[1,2]((Potassium >= 0.921 -> SaO2 >= 10.962) & PaCO2 <= 85.198)
",-9999999.000,-9999999.000,0.000,0.000,1.000,0,0,0,15,15,0,0,15,0.0,0,0,0.0,0.0,1.0
