Rule,Discrimination Score,Pos Robustness,Neg Robustness,Percent Class +,Percent Class -,TP,TN,FP,FN,Actual Yes,Actual No,Predicted Yes,Predicted No,TPR/Sens,TNR/Spec,FPR,Precision,Accuracy,MCR
"G[0,0]((BUN <= 17.154 -> Magnesium <= 1.689) | SaO2 >= 0.019)
",0.431,7.981,0.000,1.000,0.000,20,0,0,0,20,0,20,0,1.0,0.0,0.0,1.0,1.0256410256410255,-0.02564102564102555
"G[0,0](((MAP <= 68.221 | Resp <= 17.707) -> PaCO2 <= 18.997) | Temp >= 10.255)
",46.716,87.692,0.000,1.000,0.000,20,0,0,0,20,0,20,0,1.0,0.0,0.0,1.0,1.0256410256410255,-0.02564102564102555
"G[0,0]((Magnesium >= 0.015 & O2Sat <= 98.530) | Bilirubin_direct <= 99.139)
",443.741,99.086,0.000,1.000,0.000,20,0,0,0,20,0,20,0,1.0,0.0,0.0,1.0,1.0256410256410255,-0.02564102564102555
"G[0,0](MAP > 61.112 -> SepsisLabel = 0.000)
",-7.247,-47.388,0.000,1.000,0.000,20,0,0,0,20,0,20,0,1.0,0.0,0.0,1.0,1.0256410256410255,-0.02564102564102555
"G[0,0]((Hgb <= 7.502 & PaCO2 <= 17.401) -> O2Sat >= 11.193)
",-9.485,-57.912,0.000,1.000,0.000,20,0,0,0,20,0,20,0,1.0,0.0,0.0,1.0,1.0256410256410255,-0.02564102564102555
"G[0,0]((HR >= 69.271 | Lactate <= 0.000) | Calcium <= 0.000)
",6740808299338764.000,6130.729,0.000,1.000,0.000,20,0,0,0,20,0,20,0,1.0,0.0,0.0,1.0,1.0256410256410255,-0.02564102564102555
"G[0,0](((Potassium >= 0.026 -> Alkalinephos <= 0.000) & HR <= 0.000) | BaseExcess >= 0.000)
",0.000,0.000,0.000,1.000,0.000,20,0,0,0,20,0,20,0,1.0,0.0,0.0,1.0,1.0256410256410255,-0.02564102564102555
"G[0,0]((EtCO2 <= 0.000 | HR >= 69.306) | Glucose >= 62.338)
",6130.694,6130.694,0.000,1.000,0.000,20,0,0,0,20,0,20,0,1.0,0.0,0.0,1.0,1.0256410256410255,-0.02564102564102555
"G[0,0]((Fibrinogen >= 2.029 -> SepsisLabel <= 0.000) & Bilirubin_total <= 0.000)
",-0.236,-0.221,0.000,1.000,0.000,20,0,0,0,20,0,20,0,1.0,0.0,0.0,1.0,1.0256410256410255,-0.02564102564102555
"G[0,0](Bilirubin_direct <= 0.000 & SepsisLabel = 0.000)
",-0.236,-5.158,0.000,1.000,0.000,20,0,0,0,20,0,20,0,1.0,0.0,0.0,1.0,1.0256410256410255,-0.02564102564102555
"G[0,0](AST <= 0.000 -> O2Sat >= 94.556)
",0.336,2.506,0.000,1.000,0.000,20,0,0,0,20,0,20,0,1.0,0.0,0.0,1.0,1.0256410256410255,-0.02564102564102555
"G[0,0](Hgb >= 0.015 -> Alkalinephos >= 0.000)
",-0.342,-2.614,0.000,1.000,0.000,20,0,0,0,20,0,20,0,1.0,0.0,0.0,1.0,1.0256410256410255,-0.02564102564102555
"G[0,0]((WBC <= 2.584 | FiO2 <= 0.000) | Resp >= 0.000)
",8.028,48.421,0.000,1.000,0.000,20,0,0,0,20,0,20,0,1.0,0.0,0.0,1.0,1.0256410256410255,-0.02564102564102555
"G[0,0](((Creatinine <= 0.723 & Potassium >= 0.093) | Resp >= 0.362) | Fibrinogen <= 2.199)
",7.968,48.059,0.000,1.000,0.000,20,0,0,0,20,0,20,0,1.0,0.0,0.0,1.0,1.0256410256410255,-0.02564102564102555
"G[0,0]((BaseExcess >= 0.857 -> Alkalinephos >= 0.000) -> Alkalinephos >= 0.000)
",-0.236,-1.263,0.000,1.000,0.000,20,0,0,0,20,0,20,0,1.0,0.0,0.0,1.0,1.0256410256410255,-0.02564102564102555
"G[0,0](((HR <= 74.708 -> PaCO2 <= 43.105) & Glucose >= 8.089) -> Lactate <= 49.747)
",-1.473,-40.359,0.000,1.000,0.000,20,0,0,0,20,0,20,0,1.0,0.0,0.0,1.0,1.0256410256410255,-0.02564102564102555
"G[1,1](((Temp <= 37.436 & MAP >= 58.850) & TroponinI >= 55.512) -> WBC <= 61.960)
",-61.960,-61.960,0.000,1.000,0.000,19,0,1,0,19,1,20,0,1.0,0.0,1.0,0.95,0.9743589743589743,0.02564102564102566
"G[0,1](((HCO3 >= 0.929 -> Phosphate >= 0.000) | Hgb <= 0.000) -> SaO2 >= 0.000)
",9999999.000,9999999.000,0.000,1.000,0.000,19,0,1,0,19,1,20,0,1.0,0.0,1.0,0.95,0.9743589743589743,0.02564102564102566
"G[1,1](Chloride > 3.121 -> SepsisLabel = 0.000)
",0.000,0.000,0.000,1.000,0.000,19,0,1,0,19,1,20,0,1.0,0.0,1.0,0.95,0.9743589743589743,0.02564102564102566
"G[0,1](((HR <= 76.182 -> Resp >= 12.859) -> BaseExcess <= 15.173) | SBP <= 22.028)
",9999999.000,9999999.000,0.000,1.000,0.000,19,0,1,0,19,1,20,0,1.0,0.0,1.0,0.95,0.9743589743589743,0.02564102564102566
"G[0,1](HCO3 <= 5.356 -> SepsisLabel = 0.000)
",9999999.000,9999999.000,0.000,1.000,0.000,19,0,1,0,19,1,20,0,1.0,0.0,1.0,0.95,0.9743589743589743,0.02564102564102566
"G[0,1](((WBC >= 0.277 | Alkalinephos >= 0.000) -> Platelets >= 0.000) & MAP >= 0.000)
",9999999.000,9999999.000,0.000,1.000,0.000,19,0,1,0,19,1,20,0,1.0,0.0,1.0,0.95,0.9743589743589743,0.02564102564102566
"G[0,1]((HR <= 77.038 -> FiO2 <= 0.000) | Bilirubin_total <= 0.000)
",9999999.000,9999999.000,0.000,1.000,0.000,19,0,1,0,19,1,20,0,1.0,0.0,1.0,0.95,0.9743589743589743,0.02564102564102566
"G[0,1](PaCO2 >= 10.395 -> Bilirubin_total <= 0.000)
",9999999.000,9999999.000,0.000,1.000,0.000,19,0,1,0,19,1,20,0,1.0,0.0,1.0,0.95,0.9743589743589743,0.02564102564102566
"G[0,1](((EtCO2 <= 0.000 -> Phosphate >= 0.000) & MAP <= 0.000) -> Potassium >= 0.000)
",9999999.000,9999999.000,0.000,1.000,0.000,19,0,1,0,19,1,20,0,1.0,0.0,1.0,0.95,0.9743589743589743,0.02564102564102566
"G[0,1]((Hct <= 18.279 -> SaO2 >= 2.163) | Calcium <= 25.188)
",9999999.000,9999999.000,0.000,1.000,0.000,19,0,1,0,19,1,20,0,1.0,0.0,1.0,0.95,0.9743589743589743,0.02564102564102566
"G[0,1]((Glucose >= 15.393 & Hgb >= 0.743) -> Bilirubin_direct <= 1.077)
",9999999.000,9999999.000,0.000,1.000,0.000,19,0,1,0,19,1,20,0,1.0,0.0,1.0,0.95,0.9743589743589743,0.02564102564102566
"G[0,0]((Alkalinephos <= 0.000 -> MAP >= 53.802) | TroponinI >= 53.286)
",-18.822,-51.507,0.000,1.000,0.000,19,0,0,1,20,0,19,1,0.95,0.0,0.0,1.0,0.9743589743589743,0.02564102564102566
"G[0,0](Glucose >= 0.801 -> HCO3 >= 1.044)
",0.174,0.260,0.000,1.000,0.000,19,0,0,1,20,0,19,1,0.95,0.0,0.0,1.0,0.9743589743589743,0.02564102564102566
"G[0,0]((HCO3 >= 1.406 & Platelets >= 1.759) -> pH >= 0.653)
",0.653,0.653,0.000,1.000,0.000,19,0,0,1,20,0,19,1,0.95,0.0,0.0,1.0,0.9743589743589743,0.02564102564102566
"G[1,1](((Platelets <= 113.014 & WBC <= 3.299) | Lactate <= 2.955) | Creatinine >= 0.283)
",7427986561899763.000,3.299,0.000,1.000,0.000,19,0,1,0,19,1,20,0,1.0,0.0,1.0,0.95,0.9743589743589743,0.02564102564102566
"G[1,1]((Creatinine >= 0.055 -> Resp <= 18.769) | PaCO2 >= 13.733)
",-7730739544599203.000,-13.733,0.000,1.000,0.000,19,0,1,0,19,1,20,0,1.0,0.0,1.0,0.95,0.9743589743589743,0.02564102564102566
"G[0,1]((Hct >= 3.081 & WBC <= 5.234) | Phosphate <= 4.480)
",9999999.000,9999999.000,0.000,1.000,0.000,19,0,1,0,19,1,20,0,1.0,0.0,1.0,0.95,0.9743589743589743,0.02564102564102566
"G[0,1]((HCO3 >= 0.463 -> Potassium <= 3.264) -> PTT <= 1.863)
",9999999.000,9999999.000,0.000,1.000,0.000,19,0,1,0,19,1,20,0,1.0,0.0,1.0,0.95,0.9743589743589743,0.02564102564102566
"G[0,1](((Creatinine <= 1.087 & Magnesium <= 1.476) -> SBP <= 0.805) | Calcium <= 1.381)
",9999999.000,9999999.000,0.000,1.000,0.000,19,0,1,0,19,1,20,0,1.0,0.0,1.0,0.95,0.9743589743589743,0.02564102564102566
"G[1,1](Hct >= 1.744 | Potassium <= 1.561)
",7032255930459538.000,1.561,0.000,1.000,0.000,19,0,1,0,19,1,20,0,1.0,0.0,1.0,0.95,0.9743589743589743,0.02564102564102566
"G[1,1](Calcium >= 0.088 -> Glucose >= 17.207)
",6348256079140315.000,0.088,0.000,1.000,0.000,19,0,1,0,19,1,20,0,1.0,0.0,1.0,0.95,0.9743589743589743,0.02564102564102566
"G[1,1]((pH <= 3.546 | Alkalinephos >= 0.000) & HCO3 >= 0.000)
",0.000,0.000,0.000,1.000,0.000,19,0,1,0,19,1,20,0,1.0,0.0,1.0,0.95,0.9743589743589743,0.02564102564102566
"G[0,0]((BUN >= 0.058 -> PaCO2 >= 0.655) | Calcium >= 4.918)
",-0.401,-0.728,0.000,1.000,0.000,19,0,0,1,20,0,19,1,0.95,0.0,0.0,1.0,0.9743589743589743,0.02564102564102566
"G[0,1](((HR <= 82.717 -> Magnesium >= 0.006) & Chloride >= 0.054) -> Bilirubin_direct <= 0.916)
",9999999.000,9999999.000,0.000,1.000,0.000,19,0,1,0,19,1,20,0,1.0,0.0,1.0,0.95,0.9743589743589743,0.02564102564102566
"G[1,1]((DBP >= 40.868 | O2Sat >= 96.305) | BaseExcess <= 98.807)
",6952892739374398.000,98.807,0.000,1.000,0.000,19,0,1,0,19,1,20,0,1.0,0.0,1.0,0.95,0.9743589743589743,0.02564102564102566
"G[0,1]((BaseExcess <= 2.254 | Resp >= 13.161) -> BaseExcess <= 21.348)
",9999999.000,9999999.000,0.000,1.000,0.000,19,0,1,0,19,1,20,0,1.0,0.0,1.0,0.95,0.9743589743589743,0.02564102564102566
"G[0,1](((Glucose >= 20.776 -> O2Sat >= 96.801) -> Resp >= 94.911) -> HCO3 <= 99.555)
",9999999.000,9999999.000,0.000,1.000,0.000,19,0,1,0,19,1,20,0,1.0,0.0,1.0,0.95,0.9743589743589743,0.02564102564102566
"G[0,1]((BUN <= 5.758 | O2Sat <= 98.453) | HCO3 <= 99.918)
",9999999.000,9999999.000,0.000,1.000,0.000,19,0,1,0,19,1,20,0,1.0,0.0,1.0,0.95,0.9743589743589743,0.02564102564102566
"G[1,1](((Fibrinogen <= 11.470 & Hct <= 9.321) | O2Sat >= 0.972) | Bilirubin_total <= 23.397)
",23.397,23.397,0.000,1.000,0.000,19,0,1,0,19,1,20,0,1.0,0.0,1.0,0.95,0.9743589743589743,0.02564102564102566
"G[1,1]((HCO3 <= 10.938 | SBP <= 109.579) | BaseExcess <= 109.139)
",7710957543635412.000,109.579,0.000,1.000,0.000,19,0,1,0,19,1,20,0,1.0,0.0,1.0,0.95,0.9743589743589743,0.02564102564102566
"G[0,1](((SBP >= 101.103 & Temp >= 23.517) -> O2Sat <= 36.510) -> FiO2 <= 31.942)
",9999999.000,9999999.000,0.000,1.000,0.000,19,0,1,0,19,1,20,0,1.0,0.0,1.0,0.95,0.9743589743589743,0.02564102564102566
"G[0,1](((SaO2 >= 9.692 & Alkalinephos <= 0.000) -> TroponinI >= 0.000) & SepsisLabel <= 0.000)
",9999999.000,9999999.000,0.000,1.000,0.000,19,0,1,0,19,1,20,0,1.0,0.0,1.0,0.95,0.9743589743589743,0.02564102564102566
"G[0,1](Calcium >= 0.020 -> Resp <= 22.728)
",9999999.000,9999999.000,0.000,1.000,0.000,19,0,1,0,19,1,20,0,1.0,0.0,1.0,0.95,0.9743589743589743,0.02564102564102566
"G[0,1](((Chloride >= 7.530 | SBP >= 102.515) & Hct >= 103.662) -> TroponinI >= 104.267)
",9999999.000,9999999.000,0.000,1.000,0.000,19,0,1,0,19,1,20,0,1.0,0.0,1.0,0.95,0.9743589743589743,0.02564102564102566
"G[1,1](((Platelets <= 46.100 & SaO2 >= 5.165) | O2Sat >= 2.974) | SaO2 >= 5.419)
",-2.974,-2.974,0.000,1.000,0.000,19,0,1,0,19,1,20,0,1.0,0.0,1.0,0.95,0.9743589743589743,0.02564102564102566
"G[0,1](((MAP <= 62.382 -> SaO2 <= 55.288) | WBC <= 83.080) -> Lactate <= 20.439)
",9999999.000,9999999.000,0.000,1.000,0.000,19,0,1,0,19,1,20,0,1.0,0.0,1.0,0.95,0.9743589743589743,0.02564102564102566
"G[0,1]((O2Sat <= 99.943 & PaCO2 <= 15.106) | Lactate <= 33.085)
",9999999.000,9999999.000,0.000,1.000,0.000,19,0,1,0,19,1,20,0,1.0,0.0,1.0,0.95,0.9743589743589743,0.02564102564102566
"G[0,1](((BaseExcess <= 5.728 -> Potassium >= 0.202) & Resp >= 0.366) | FiO2 <= 3.704)
",9999999.000,9999999.000,0.000,1.000,0.000,19,0,1,0,19,1,20,0,1.0,0.0,1.0,0.95,0.9743589743589743,0.02564102564102566
"G[1,1]((EtCO2 >= 0.000 & EtCO2 >= 0.000) -> Calcium >= 0.000)
",0.000,0.000,0.000,1.000,0.000,19,0,1,0,19,1,20,0,1.0,0.0,1.0,0.95,0.9743589743589743,0.02564102564102566
"G[1,1](((Potassium <= 2.819 | SaO2 >= 5.316) | PaCO2 <= 66.683) & Bilirubin_total <= 15.597)
",8780180196080340.000,15.597,0.000,1.000,0.000,19,0,1,0,19,1,20,0,1.0,0.0,1.0,0.95,0.9743589743589743,0.02564102564102566
"G[1,1](SepsisLabel <= 0.000 | FiO2 >= 0.000)
",0.000,0.000,0.000,1.000,0.000,19,0,1,0,19,1,20,0,1.0,0.0,1.0,0.95,0.9743589743589743,0.02564102564102566
"G[0,1](((HCO3 >= 1.164 | PaCO2 <= 44.349) | Chloride >= 4.799) -> SepsisLabel <= 31.493)
",9999999.000,9999999.000,0.000,1.000,0.000,19,0,1,0,19,1,20,0,1.0,0.0,1.0,0.95,0.9743589743589743,0.02564102564102566
"G[0,1]((SaO2 >= 12.444 -> Hgb <= 7.263) -> HR >= 0.782)
",9999999.000,9999999.000,0.000,1.000,0.000,19,0,1,0,19,1,20,0,1.0,0.0,1.0,0.95,0.9743589743589743,0.02564102564102566
"G[0,1](Phosphate >= 0.000 -> Fibrinogen <= 10.958)
",9999999.000,9999999.000,0.000,1.000,0.000,18,0,1,1,19,1,19,1,0.9473684210526315,0.0,1.0,0.9473684210526315,0.9230769230769231,0.07692307692307687
"G[1,1](((PaCO2 >= 10.118 | WBC <= 4.664) -> MAP >= 0.340) -> Fibrinogen <= 1.504)
",-6772165672371730.000,-1.504,0.000,1.000,0.000,18,0,1,1,19,1,19,1,0.9473684210526315,0.0,1.0,0.9473684210526315,0.9230769230769231,0.07692307692307687
"G[1,1](DBP <= 54.663 | HR >= 65.332)
",54.663,54.663,0.000,1.000,0.000,18,0,1,1,19,1,19,1,0.9473684210526315,0.0,1.0,0.9473684210526315,0.9230769230769231,0.07692307692307687
"G[0,1]((Hgb >= 0.608 -> Potassium >= 0.292) | PTT >= 0.267)
",9999999.000,9999999.000,0.000,1.000,0.000,18,0,1,1,19,1,19,1,0.9473684210526315,0.0,1.0,0.9473684210526315,0.9230769230769231,0.07692307692307687
"G[1,1]((Chloride >= 7.660 & Hgb >= 0.411) -> BUN <= 7.565)
",-7.565,-7.565,0.000,1.000,0.000,17,0,1,2,19,1,18,2,0.8947368421052632,0.0,1.0,0.9444444444444444,0.8717948717948718,0.1282051282051282
"G[0,1]((Creatinine >= 0.051 & HR >= 66.955) -> MAP >= 60.520)
",9999999.000,9999999.000,0.000,1.000,0.000,17,0,1,2,19,1,18,2,0.8947368421052632,0.0,1.0,0.9444444444444444,0.8717948717948718,0.1282051282051282
"G[0,1](Phosphate >= 0.000 -> PTT <= 26.911)
",9999999.000,9999999.000,0.000,1.000,0.000,17,0,1,2,19,1,18,2,0.8947368421052632,0.0,1.0,0.9444444444444444,0.8717948717948718,0.1282051282051282
"G[1,1](Potassium <= 2.239 | BaseExcess <= 2.001)
",5042719969353723.000,2.239,0.000,1.000,0.000,17,0,1,2,19,1,18,2,0.8947368421052632,0.0,1.0,0.9444444444444444,0.8717948717948718,0.1282051282051282
"G[1,1](BaseExcess >= 0.691 -> MAP <= 61.555)
",-8663029276584803.000,-61.555,0.000,1.000,0.000,17,0,1,2,19,1,18,2,0.8947368421052632,0.0,1.0,0.9444444444444444,0.8717948717948718,0.1282051282051282
"G[1,1]((Magnesium >= 0.115 -> WBC >= 0.169) -> Potassium <= 2.885)
",-6497556560810066.000,-2.885,0.000,1.000,0.000,16,0,1,3,19,1,17,3,0.8421052631578947,0.0,1.0,0.9411764705882353,0.8205128205128205,0.17948717948717952
"G[0,1](Hct <= 24.647 & SepsisLabel = 0.000)
",9999999.000,9999999.000,0.000,1.000,0.000,16,0,1,3,19,1,17,3,0.8421052631578947,0.0,1.0,0.9411764705882353,0.8205128205128205,0.17948717948717952
"G[0,1]((Platelets <= 93.007 -> SBP <= 118.246) & Hgb <= 112.548)
",9999999.000,9999999.000,0.000,1.000,0.000,16,0,1,3,19,1,17,3,0.8421052631578947,0.0,1.0,0.9411764705882353,0.8205128205128205,0.17948717948717952
"G[0,1](Hgb <= 6.609 & SepsisLabel = 0.000)
",9999999.000,9999999.000,0.000,1.000,0.000,15,0,1,4,19,1,16,4,0.7894736842105263,0.0,1.0,0.9375,0.7692307692307693,0.23076923076923073
"G[0,1](HCO3 <= 27.354 & O2Sat >= 96.921)
",9999999.000,9999999.000,0.000,1.000,0.000,14,0,1,5,19,1,15,5,0.7368421052631579,0.0,1.0,0.9333333333333333,0.717948717948718,0.28205128205128205
"G[0,1](((Lactate >= 0.000 -> Glucose >= 6.580) -> Bilirubin_direct >= 7.926) & Hct <= 53.646)
",9999999.000,9999999.000,0.000,1.000,0.000,13,0,1,6,19,1,14,6,0.6842105263157895,0.0,1.0,0.9285714285714286,0.6666666666666666,0.33333333333333337
"G[0,1](Calcium <= 8.282 & SBP <= 109.698)
",9999999.000,9999999.000,0.000,1.000,0.000,11,0,0,9,20,0,11,9,0.55,0.0,0.0,1.0,0.5641025641025641,0.4358974358974359
"G[1,1]((HR >= 65.251 & Temp >= 3.026) & DBP >= 4.283)
",-4591627776266373.000,-65.251,0.000,1.000,0.000,11,0,1,8,19,1,12,8,0.5789473684210527,0.0,1.0,0.9166666666666666,0.5641025641025641,0.4358974358974359
"G[0,1](((DBP <= 56.690 & PaCO2 <= 30.604) | Lactate >= 1.991) & HCO3 <= 54.062)
",9999999.000,9999999.000,0.000,1.000,0.000,10,0,1,9,19,1,11,9,0.5263157894736842,0.0,1.0,0.9090909090909091,0.5128205128205128,0.4871794871794872
"G[1,1](BaseExcess <= 5.400 & Temp <= 30.458)
",5.400,5.400,0.000,1.000,0.000,7,0,1,12,19,1,8,12,0.3684210526315789,0.0,1.0,0.875,0.358974358974359,0.641025641025641
"G[1,1]((DBP <= 48.484 | pH >= 0.591) -> Lactate >= 1.210)
",-6823557177743292.000,-48.484,0.000,1.000,0.000,6,0,1,13,19,1,7,13,0.3157894736842105,0.0,1.0,0.8571428571428571,0.3076923076923077,0.6923076923076923
"G[0,1](O2Sat <= 99.314 -> Potassium >= 0.182)
",9999999.000,9999999.000,0.000,1.000,0.000,6,0,0,14,20,0,6,14,0.3,0.0,0.0,1.0,0.3076923076923077,0.6923076923076923
"G[1,1](((Calcium <= 1.202 & PaCO2 >= 5.611) | Alkalinephos >= 4.560) & Temp <= 52.577)
",-5134591494461973.000,-4.560,0.000,1.000,0.000,5,0,1,14,19,1,6,14,0.2631578947368421,0.0,1.0,0.8333333333333334,0.2564102564102564,0.7435897435897436
"G[1,1](((Magnesium <= 0.294 & Temp <= 34.378) -> EtCO2 <= 29.740) & Glucose >= 11.251)
",-8370951045882029.000,-29.740,0.000,1.000,0.000,5,0,1,14,19,1,6,14,0.2631578947368421,0.0,1.0,0.8333333333333334,0.2564102564102564,0.7435897435897436
"G[0,0]((SBP >= 100.025 -> BaseExcess >= 0.577) & EtCO2 <= 3.168)
",-3.143,-12.305,0.000,1.000,0.000,4,0,0,16,20,0,4,16,0.2,0.0,0.0,1.0,0.20512820512820512,0.7948717948717949
"G[0,0](((HCO3 <= 6.666 -> Hct >= 2.601) | EtCO2 <= 22.350) -> Temp <= 23.749)
",-1.756,-6.876,0.000,1.000,0.000,3,0,0,17,20,0,3,17,0.15,0.0,0.0,1.0,0.15384615384615385,0.8461538461538461
"G[0,0]((Platelets <= 107.883 & Temp <= 33.182) & SBP >= 22.534)
",-34.503,-64.766,0.000,1.000,0.000,3,0,0,17,20,0,3,17,0.15,0.0,0.0,1.0,0.15384615384615385,0.8461538461538461
"G[1,1](Chloride >= 0.919 & HCO3 >= 0.659)
",-4139033294147401.500,-0.919,0.000,1.000,0.000,2,0,1,17,19,1,3,17,0.10526315789473684,0.0,1.0,0.6666666666666666,0.10256410256410256,0.8974358974358975
"G[1,1](((Hgb <= 9.556 | Hct <= 24.050) -> WBC >= 0.206) & Platelets >= 4.788)
",-24.050,-24.050,0.000,1.000,0.000,2,0,1,17,19,1,3,17,0.10526315789473684,0.0,1.0,0.6666666666666666,0.10256410256410256,0.8974358974358975
"G[0,1](DBP <= 54.340 -> SaO2 >= 0.511)
",9999999.000,9999999.000,0.000,1.000,0.000,2,0,0,18,20,0,2,18,0.1,0.0,0.0,1.0,0.10256410256410256,0.8974358974358975
"G[1,1](Platelets <= 74.006 -> WBC >= 0.051)
",-5207700496071737.000,-74.006,0.000,1.000,0.000,2,0,1,17,19,1,3,17,0.10526315789473684,0.0,1.0,0.6666666666666666,0.10256410256410256,0.8974358974358975
"G[1,1](Platelets <= 109.319 -> WBC >= 0.049)
",-109.319,-109.319,0.000,1.000,0.000,2,0,1,17,19,1,3,17,0.10526315789473684,0.0,1.0,0.6666666666666666,0.10256410256410256,0.8974358974358975
"G[0,0](Glucose > 0.347 & SepsisLabel = 0.000)
",-0.252,-5.487,0.000,1.000,0.000,2,0,0,18,20,0,2,18,0.1,0.0,0.0,1.0,0.10256410256410256,0.8974358974358975
"G[0,0](((Magnesium >= 0.061 -> O2Sat <= 99.010) -> Glucose >= 94.563) | FiO2 >= 95.402)
",4.898,29.904,0.000,1.000,0.000,2,0,0,18,20,0,2,18,0.1,0.0,0.0,1.0,0.10256410256410256,0.8974358974358975
"G[1,1]((SBP >= 104.156 | HR <= 73.564) -> EtCO2 >= 63.818)
",-5176585776177764.000,-73.564,0.000,1.000,0.000,2,0,1,17,19,1,3,17,0.10526315789473684,0.0,1.0,0.6666666666666666,0.10256410256410256,0.8974358974358975
"G[1,1]((BaseExcess <= 2.328 | DBP <= 49.177) -> HCO3 >= 36.409)
",-6921052872113468.000,-49.177,0.000,1.000,0.000,2,0,1,17,19,1,3,17,0.10526315789473684,0.0,1.0,0.6666666666666666,0.10256410256410256,0.8974358974358975
"G[1,1](BUN <= 23.238 & Creatinine >= 0.003)
",-0.003,-0.003,0.000,1.000,0.000,2,0,1,17,19,1,3,17,0.10526315789473684,0.0,1.0,0.6666666666666666,0.10256410256410256,0.8974358974358975
"G[0,0](HCO3 <= 3.478 -> WBC >= 0.031)
",-2.824,-3.056,0.000,1.000,0.000,1,0,0,19,20,0,1,19,0.05,0.0,0.0,1.0,0.05128205128205128,0.9487179487179487
"G[0,0](Chloride >= 3.611 & HCO3 >= 0.587)
",-3.611,-3.611,0.000,1.000,0.000,1,0,0,19,20,0,1,19,0.05,0.0,0.0,1.0,0.05128205128205128,0.9487179487179487
"G[0,0](Platelets <= 37.776 -> WBC >= 0.011)
",-37.776,-37.776,0.000,1.000,0.000,1,0,0,19,20,0,1,19,0.05,0.0,0.0,1.0,0.05128205128205128,0.9487179487179487
"G[1,1]((Glucose <= 61.170 | MAP <= 62.545) -> Bilirubin_total >= 57.887)
",-4401237568327910.500,-62.545,0.000,1.000,0.000,1,0,1,18,19,1,2,18,0.05263157894736842,0.0,1.0,0.5,0.05128205128205128,0.9487179487179487
"G[0,0](Chloride >= 4.627 & HCO3 >= 0.916)
",-5209007691018955.000,-4.627,0.000,1.000,0.000,1,0,0,19,20,0,1,19,0.05,0.0,0.0,1.0,0.05128205128205128,0.9487179487179487
"G[0,0](Chloride >= 5.787 & HCO3 >= 2.168)
",-5.787,-5.787,0.000,1.000,0.000,1,0,0,19,20,0,1,19,0.05,0.0,0.0,1.0,0.05128205128205128,0.9487179487179487
"G[1,1]((Fibrinogen <= 72.949 & HCO3 >= 0.299) & pH <= 24.731)
",-0.299,-0.299,0.000,1.000,0.000,1,0,1,18,19,1,2,18,0.05263157894736842,0.0,1.0,0.5,0.05128205128205128,0.9487179487179487
"G[1,1]((SaO2 >= 6.383 & WBC >= 0.412) & PTT >= 0.267)
",-7187043878309755.000,-6.383,0.000,1.000,0.000,1,0,1,18,19,1,2,18,0.05263157894736842,0.0,1.0,0.5,0.05128205128205128,0.9487179487179487
"G[1,1](Potassium >= 0.293 & WBC <= 1.319)
",-5286695089179495.000,-0.293,0.000,1.000,0.000,1,0,1,18,19,1,2,18,0.05263157894736842,0.0,1.0,0.5,0.05128205128205128,0.9487179487179487
"G[0,1](Magnesium <= 1.114 -> PaCO2 >= 0.808)
",9999999.000,9999999.000,0.000,1.000,0.000,1,0,0,19,20,0,1,19,0.05,0.0,0.0,1.0,0.05128205128205128,0.9487179487179487
"G[1,2](Hgb >= 0.849 | Hct >= 0.098)
",9999999.000,9999999.000,0.000,1.000,0.000,0,0,5,15,15,5,5,15,0.0,0.0,1.0,0.0,0.0,1.0
"G[2,2]((MAP <= 66.758 -> PaCO2 <= 40.071) & HR >= 7.507)
",-4697692556086681.000,-66.758,0.000,1.000,0.000,0,0,20,0,0,20,20,0,0.0,0.0,1.0,0.0,0.0,1.0
"G[0,2](Fibrinogen >= 4.443 -> Magnesium <= 0.292)
",9999999.000,9999999.000,0.000,1.000,0.000,0,0,20,0,0,20,20,0,0.0,0.0,1.0,0.0,0.0,1.0
"G[1,2]((Bilirubin_total <= 0.000 -> PaCO2 >= 1.262) & Creatinine <= 20.580)
",9999999.000,9999999.000,0.000,1.000,0.000,0,0,7,13,13,7,7,13,0.0,0.0,1.0,0.0,0.0,1.0
"G[1,2]((MAP >= 57.265 & Platelets >= 0.686) -> Alkalinephos >= 4.706)
",9999999.000,9999999.000,0.000,1.000,0.000,0,0,19,1,1,19,19,1,0.0,0.0,1.0,0.0,0.0,1.0
"G[0,1]((Chloride >= 3.211 | MAP <= 71.146) & FiO2 >= 60.607)
",9999999.000,9999999.000,0.000,1.000,0.000,0,0,0,20,20,0,0,20,0.0,0.0,0.0,0.0,0.0,1.0
"G[0,2](((Glucose >= 10.455 | WBC <= 0.655) | Creatinine >= 0.146) -> BUN >= 0.095)
",9999999.000,9999999.000,0.000,1.000,0.000,0,0,0,20,20,0,0,20,0.0,0.0,0.0,0.0,0.0,1.0
"G[1,2](HCO3 <= 4.794 & MAP <= 70.338)
",9999999.000,9999999.000,0.000,1.000,0.000,0,0,18,2,2,18,18,2,0.0,0.0,1.0,0.0,0.0,1.0
"G[1,2](((TroponinI >= 0.000 -> FiO2 <= 0.000) -> PaCO2 <= 0.000) | SBP >= 0.000)
",9999999.000,9999999.000,0.000,1.000,0.000,0,0,20,0,0,20,20,0,0.0,0.0,1.0,0.0,0.0,1.0
"G[0,2]((MAP <= 65.722 -> AST >= 0.000) -> Glucose <= 0.000)
",9999999.000,9999999.000,0.000,1.000,0.000,0,0,14,6,6,14,14,6,0.0,0.0,1.0,0.0,0.0,1.0
"G[2,2](((Hct <= 22.327 -> SBP >= 97.875) | O2Sat <= 114.578) & Magnesium <= 119.502)
",114.578,114.578,0.000,1.000,0.000,0,0,20,0,0,20,20,0,0.0,0.0,1.0,0.0,0.0,1.0
"G[1,1](((Creatinine <= 0.762 | Temp >= 22.055) | Temp >= 3.765) -> FiO2 >= 11.058)
",-6859403462624878.000,-0.762,0.000,1.000,0.000,0,0,1,19,19,1,1,19,0.0,0.0,1.0,0.0,0.0,1.0
"G[0,1](((MAP >= 57.467 & WBC >= 0.011) -> Hgb <= 3.549) -> Lactate >= 0.228)
",9999999.000,9999999.000,0.000,1.000,0.000,0,0,0,20,20,0,0,20,0.0,0.0,0.0,0.0,0.0,1.0
"G[0,2]((Glucose >= 22.451 & PaCO2 <= 20.224) -> HR <= 29.632)
",9999999.000,9999999.000,0.000,1.000,0.000,0,0,18,2,2,18,18,2,0.0,0.0,1.0,0.0,0.0,1.0
"G[0,1]((AST <= 0.000 | AST >= 0.000) & DBP <= 0.000)
",9999999.000,9999999.000,0.000,1.000,0.000,0,0,0,20,20,0,0,20,0.0,0.0,0.0,0.0,0.0,1.0
"G[2,2]((Calcium >= 0.034 -> Potassium <= 2.740) -> FiO2 >= 0.390)
",7026651878120460.000,0.390,0.000,1.000,0.000,0,0,20,0,0,20,20,0,0.0,0.0,1.0,0.0,0.0,1.0
"G[1,1](((Glucose >= 4.938 & SBP <= 111.138) | Glucose <= 113.027) & SaO2 >= 99.668)
",-7013509152968300.000,-99.668,0.000,1.000,0.000,0,0,1,19,19,1,1,19,0.0,0.0,1.0,0.0,0.0,1.0
"G[1,2]((Magnesium >= 0.076 -> BUN >= 0.622) | PTT <= 17.753)
",9999999.000,9999999.000,0.000,1.000,0.000,0,0,20,0,0,20,20,0,0.0,0.0,1.0,0.0,0.0,1.0
"G[0,2](EtCO2 <= 0.000 -> Hct <= 9.253)
",9999999.000,9999999.000,0.000,1.000,0.000,0,0,14,6,6,14,14,6,0.0,0.0,1.0,0.0,0.0,1.0
"G[0,2](((BUN <= 17.334 | MAP <= 67.270) | Phosphate >= 59.198) -> Resp >= 59.920)
",9999999.000,9999999.000,0.000,1.000,0.000,0,0,0,20,20,0,0,20,0.0,0.0,0.0,0.0,0.0,1.0
"G[0,1](((Calcium <= 2.654 & Temp <= 29.296) & Alkalinephos >= 27.793) & Hct >= 10.210)
",9999999.000,9999999.000,0.000,1.000,0.000,0,0,0,20,20,0,0,20,0.0,0.0,0.0,0.0,0.0,1.0
"G[1,2](PTT <= 20.542 & FiO2 <= 0.000)
",9999999.000,9999999.000,0.000,1.000,0.000,0,0,18,2,2,18,18,2,0.0,0.0,1.0,0.0,0.0,1.0
"G[0,0](((Calcium <= 7.290 & HR >= 63.267) -> Platelets <= 69.710) & Potassium >= 61.399)
",-69.710,-69.710,0.000,1.000,0.000,0,0,0,20,20,0,0,20,0.0,0.0,0.0,0.0,0.0,1.0
"G[0,2]((Potassium <= 1.156 & Platelets <= 75.925) -> Potassium >= 6.797)
",9999999.000,9999999.000,0.000,1.000,0.000,0,0,0,20,20,0,0,20,0.0,0.0,0.0,0.0,0.0,1.0
"G[1,2](((BUN <= 13.484 & Creatinine >= 0.024) -> Fibrinogen >= 0.013) & Hct <= 0.263)
",9999999.000,9999999.000,0.000,1.000,0.000,0,0,16,4,4,16,16,4,0.0,0.0,1.0,0.0,0.0,1.0
"G[0,2](((BUN >= 0.236 & DBP >= 33.100) | SepsisLabel <= 54.124) -> Platelets >= 40.305)
",9999999.000,9999999.000,0.000,1.000,0.000,0,0,0,20,20,0,0,20,0.0,0.0,0.0,0.0,0.0,1.0
"G[1,2](((SaO2 >= 1.185 & AST <= 0.000) & Phosphate >= 0.000) | TroponinI >= 0.000)
",9999999.000,9999999.000,0.000,1.000,0.000,0,0,20,0,0,20,20,0,0.0,0.0,1.0,0.0,0.0,1.0
"G[0,1]((Fibrinogen >= 4.053 -> Calcium <= 4.868) -> O2Sat <= 8.200)
",9999999.000,9999999.000,0.000,1.000,0.000,0,0,0,20,20,0,0,20,0.0,0.0,0.0,0.0,0.0,1.0
"G[2,2](((O2Sat >= 96.209 -> SaO2 <= 54.818) | HCO3 >= 6.232) -> WBC >= 2.147)
",4834018518596726.000,2.147,0.000,1.000,0.000,0,0,20,0,0,20,20,0,0.0,0.0,1.0,0.0,0.0,1.0
"G[2,2]((Magnesium <= 0.406 & SBP >= 98.868) | Platelets <= 113.226)
",113.226,113.226,0.000,1.000,0.000,0,0,20,0,0,20,20,0,0.0,0.0,1.0,0.0,0.0,1.0
"G[2,2]((AST <= 0.000 | FiO2 >= 0.000) | BUN >= 0.000)
",0.000,0.000,0.000,1.000,0.000,0,0,20,0,0,20,20,0,0.0,0.0,1.0,0.0,0.0,1.0
"G[1,2](((BUN <= 19.774 & Resp >= 11.587) & DBP <= 22.577) -> Bilirubin_total >= 13.097)
",9999999.000,9999999.000,0.000,1.000,0.000,0,0,20,0,0,20,20,0,0.0,0.0,1.0,0.0,0.0,1.0
"G[2,2](((Bilirubin_direct >= 0.000 & SepsisLabel <= 0.000) & MAP <= 0.000) | Lactate <= 0.000)
",0.000,0.000,0.000,1.000,0.000,0,0,20,0,0,20,20,0,0.0,0.0,1.0,0.0,0.0,1.0
"G[1,2](((DBP <= 48.845 -> O2Sat >= 96.595) -> SBP <= 98.463) & SepsisLabel >= 98.150)
",9999999.000,9999999.000,0.000,1.000,0.000,0,0,1,19,19,1,1,19,0.0,0.0,1.0,0.0,0.0,1.0
"G[1,2]((Hgb <= 7.780 -> Resp >= 12.137) & AST <= 22.420)
",9999999.000,9999999.000,0.000,1.000,0.000,0,0,14,6,6,14,14,6,0.0,0.0,1.0,0.0,0.0,1.0
"G[0,0]((Hct >= 2.320 & Temp <= 34.782) & SepsisLabel >= 6.040)
",-33.650,-63.165,0.000,1.000,0.000,0,0,0,20,20,0,0,20,0.0,0.0,0.0,0.0,0.0,1.0
"G[1,2]((O2Sat >= 94.637 & SBP >= 97.476) | PaCO2 >= 99.888)
",9999999.000,9999999.000,0.000,1.000,0.000,0,0,18,2,2,18,18,2,0.0,0.0,1.0,0.0,0.0,1.0
"G[1,2](SBP >= 103.744 | SaO2 >= 10.403)
",9999999.000,9999999.000,0.000,1.000,0.000,0,0,15,5,5,15,15,5,0.0,0.0,1.0,0.0,0.0,1.0
"G[0,2](SBP >= 103.473 | SBP >= 99.836)
",9999999.000,9999999.000,0.000,1.000,0.000,0,0,16,4,4,16,16,4,0.0,0.0,1.0,0.0,0.0,1.0
"G[0,2](((Chloride >= 4.683 -> O2Sat <= 98.835) -> Chloride <= 99.106) -> EtCO2 >= 97.751)
",9999999.000,9999999.000,0.000,1.000,0.000,0,0,0,20,20,0,0,20,0.0,0.0,0.0,0.0,0.0,1.0
"G[0,2](BUN >= 1.070 | FiO2 <= 0.000)
",9999999.000,9999999.000,0.000,1.000,0.000,0,0,20,0,0,20,20,0,0.0,0.0,1.0,0.0,0.0,1.0
"G[1,2]((Creatinine >= 0.008 & SaO2 <= 78.163) | Calcium >= 7.319)
",9999999.000,9999999.000,0.000,1.000,0.000,0,0,3,17,17,3,3,17,0.0,0.0,1.0,0.0,0.0,1.0
"G[1,2](WBC >= 0.037 & Bilirubin_direct >= 0.000)
",9999999.000,9999999.000,0.000,1.000,0.000,0,0,3,17,17,3,3,17,0.0,0.0,1.0,0.0,0.0,1.0
"G[2,2]((BaseExcess <= 5.756 -> MAP <= 62.614) | Bilirubin_direct <= 69.739)
",4907430150618070.000,69.739,0.000,1.000,0.000,0,0,20,0,0,20,20,0,0.0,0.0,1.0,0.0,0.0,1.0
"G[1,2](((Bilirubin_total >= 0.000 | WBC >= 0.174) & SaO2 <= 5.669) | Alkalinephos <= 1.294)
",9999999.000,9999999.000,0.000,1.000,0.000,0,0,20,0,0,20,20,0,0.0,0.0,1.0,0.0,0.0,1.0
"G[1,2](((O2Sat <= 99.496 | Resp >= 10.129) -> Calcium >= 14.669) & Resp <= 17.232)
",9999999.000,9999999.000,0.000,1.000,0.000,0,0,1,19,19,1,1,19,0.0,0.0,1.0,0.0,0.0,1.0
"G[0,2]((Magnesium >= 0.101 | Bilirubin_total <= 0.000) & Chloride >= 0.000)
",9999999.000,9999999.000,0.000,1.000,0.000,0,0,20,0,0,20,20,0,0.0,0.0,1.0,0.0,0.0,1.0
"G[0,2](Resp >= 12.232 -> SepsisLabel <= 0.000)
",9999999.000,9999999.000,0.000,1.000,0.000,0,0,20,0,0,20,20,0,0.0,0.0,1.0,0.0,0.0,1.0
"G[1,2]((HCO3 <= 27.226 -> WBC <= 1.023) | PaCO2 <= 0.449)
",9999999.000,9999999.000,0.000,1.000,0.000,0,0,20,0,0,20,20,0,0.0,0.0,1.0,0.0,0.0,1.0
"G[1,2](((AST >= 0.000 | PTT >= 0.185) | PaCO2 >= 1.069) & PaCO2 >= 0.603)
",9999999.000,9999999.000,0.000,1.000,0.000,0,0,7,13,13,7,7,13,0.0,0.0,1.0,0.0,0.0,1.0
"G[1,2](Potassium >= 0.035 -> Phosphate <= 0.000)
",9999999.000,9999999.000,0.000,1.000,0.000,0,0,20,0,0,20,20,0,0.0,0.0,1.0,0.0,0.0,1.0
"G[0,2](((BUN >= 0.556 -> HR <= 75.664) -> HR <= 80.192) -> MAP >= 67.976)
",9999999.000,9999999.000,0.000,1.000,0.000,0,0,0,20,20,0,0,20,0.0,0.0,0.0,0.0,0.0,1.0
"G[1,2](O2Sat >= 98.009 -> pH >= 1.763)
",9999999.000,9999999.000,0.000,1.000,0.000,0,0,15,5,5,15,15,5,0.0,0.0,1.0,0.0,0.0,1.0
"G[0,2](((Bilirubin_direct >= 0.000 & Potassium >= 0.060) | Hct <= 3.442) & O2Sat >= 0.219)
",9999999.000,9999999.000,0.000,1.000,0.000,0,0,18,2,2,18,18,2,0.0,0.0,1.0,0.0,0.0,1.0
"G[1,2](((pH <= 4.492 -> Fibrinogen >= 1.638) & AST >= 0.103) -> Potassium >= 4.716)
",9999999.000,9999999.000,0.000,1.000,0.000,0,0,20,0,0,20,20,0,0.0,0.0,1.0,0.0,0.0,1.0
"G[1,2](Magnesium <= 1.358 -> BUN <= 12.378)
",9999999.000,9999999.000,0.000,1.000,0.000,0,0,19,1,1,19,19,1,0.0,0.0,1.0,0.0,0.0,1.0
"G[1,2](((WBC <= 4.777 -> EtCO2 <= 0.000) & Resp <= 0.000) | WBC >= 0.000)
",9999999.000,9999999.000,0.000,1.000,0.000,0,0,20,0,0,20,20,0,0.0,0.0,1.0,0.0,0.0,1.0
"G[0,0](((WBC >= 0.009 -> Hct <= 6.030) | SepsisLabel <= 17.919) -> Fibrinogen >= 3.164)
",-5.085,-17.126,0.000,1.000,0.000,0,0,0,20,20,0,0,20,0.0,0.0,0.0,0.0,0.0,1.0
"G[1,2]((Bilirubin_total <= 0.000 -> Fibrinogen >= 0.293) & Potassium >= 0.540)
",9999999.000,9999999.000,0.000,1.000,0.000,0,0,2,18,18,2,2,18,0.0,0.0,1.0,0.0,0.0,1.0
"G[1,2](Phosphate >= 0.000 -> PaCO2 <= 30.767)
",9999999.000,9999999.000,0.000,1.000,0.000,0,0,14,6,6,14,14,6,0.0,0.0,1.0,0.0,0.0,1.0
"G[0,1](((SepsisLabel >= 0.000 | Temp <= 31.798) -> FiO2 >= 15.652) & Platelets >= 2.397)
",9999999.000,9999999.000,0.000,1.000,0.000,0,0,0,20,20,0,0,20,0.0,0.0,0.0,0.0,0.0,1.0
"G[2,2]((MAP <= 62.324 | Calcium >= 0.025) & Alkalinephos >= 0.126)
",-0.126,-0.126,0.000,1.000,0.000,0,0,20,0,0,20,20,0,0.0,0.0,1.0,0.0,0.0,1.0
"G[1,2](((SaO2 <= 73.828 & TroponinI >= 0.000) | Phosphate <= 0.000) | Calcium >= 0.000)
",9999999.000,9999999.000,0.000,1.000,0.000,0,0,20,0,0,20,20,0,0.0,0.0,1.0,0.0,0.0,1.0
"G[0,2](FiO2 <= 0.000 -> WBC >= 0.306)
",9999999.000,9999999.000,0.000,1.000,0.000,0,0,0,20,20,0,0,20,0.0,0.0,0.0,0.0,0.0,1.0
"G[1,2](SepsisLabel <= 0.000 | pH <= 3.053)
",9999999.000,9999999.000,0.000,1.000,0.000,0,0,20,0,0,20,20,0,0.0,0.0,1.0,0.0,0.0,1.0
"G[1,2](SBP <= 119.112 & Bilirubin_total <= 0.000)
",9999999.000,9999999.000,0.000,1.000,0.000,0,0,18,2,2,18,18,2,0.0,0.0,1.0,0.0,0.0,1.0
"G[0,2]((SepsisLabel <= 0.000 -> BUN >= 0.891) | O2Sat <= 15.459)
",9999999.000,9999999.000,0.000,1.000,0.000,0,0,0,20,20,0,0,20,0.0,0.0,0.0,0.0,0.0,1.0
"G[0,2](((Hct >= 0.354 | Glucose <= 153.129) -> Calcium <= 38.446) & Fibrinogen <= 109.587)
",9999999.000,9999999.000,0.000,1.000,0.000,0,0,19,1,1,19,19,1,0.0,0.0,1.0,0.0,0.0,1.0
"G[0,2]((Chloride >= 7.483 & Platelets >= 0.468) -> FiO2 >= 0.885)
",9999999.000,9999999.000,0.000,1.000,0.000,0,0,17,3,3,17,17,3,0.0,0.0,1.0,0.0,0.0,1.0
"G[2,2]((Creatinine <= 0.502 -> EtCO2 >= 0.000) | Phosphate <= 0.000)
",0.000,0.000,0.000,1.000,0.000,0,0,20,0,0,20,20,0,0.0,0.0,1.0,0.0,0.0,1.0
"G[0,2](((SBP >= 106.565 | SBP >= 104.458) & PTT <= 112.304) -> FiO2 <= 120.300)
",9999999.000,9999999.000,0.000,1.000,0.000,0,0,20,0,0,20,20,0,0.0,0.0,1.0,0.0,0.0,1.0
"G[1,1]((PTT >= 0.557 | Hgb >= 0.112) & pH <= 7.150)
",-0.112,-0.112,0.000,1.000,0.000,0,0,1,19,19,1,1,19,0.0,0.0,1.0,0.0,0.0,1.0
"G[0,1](((Platelets <= 18.193 -> Creatinine <= 0.641) & Hct >= 0.054) & Temp <= 1.043)
",9999999.000,9999999.000,0.000,1.000,0.000,0,0,0,20,20,0,0,20,0.0,0.0,0.0,0.0,0.0,1.0
"G[0,2](((Bilirubin_total <= 0.000 | BaseExcess <= 3.795) | Hct >= 0.508) -> PTT >= 0.538)
",9999999.000,9999999.000,0.000,1.000,0.000,0,0,0,20,20,0,0,20,0.0,0.0,0.0,0.0,0.0,1.0
"G[1,2](((AST <= 0.000 -> SepsisLabel >= 0.000) -> Resp >= 0.000) -> Creatinine <= 0.000)
",9999999.000,9999999.000,0.000,1.000,0.000,0,0,18,2,2,18,18,2,0.0,0.0,1.0,0.0,0.0,1.0
"G[1,2]((Alkalinephos <= 0.000 & BaseExcess >= 0.456) & SaO2 <= 3.828)
",9999999.000,9999999.000,0.000,1.000,0.000,0,0,4,16,16,4,4,16,0.0,0.0,1.0,0.0,0.0,1.0
"G[0,2](Glucose >= 4.033 & MAP >= 56.297)
",9999999.000,9999999.000,0.000,1.000,0.000,0,0,1,19,19,1,1,19,0.0,0.0,1.0,0.0,0.0,1.0
"G[0,2](MAP >= 53.721 & pH >= 1.001)
",9999999.000,9999999.000,0.000,1.000,0.000,0,0,1,19,19,1,1,19,0.0,0.0,1.0,0.0,0.0,1.0
"G[2,2](((O2Sat <= 99.089 | Resp <= 19.415) -> Bilirubin_total <= 18.582) | Hgb >= 14.189)
",-14.189,-14.189,0.000,1.000,0.000,0,0,20,0,0,20,20,0,0.0,0.0,1.0,0.0,0.0,1.0
"G[1,2](((Chloride <= 53.150 | Resp <= 19.267) | PTT >= 14.292) -> O2Sat >= 12.573)
",9999999.000,9999999.000,0.000,1.000,0.000,0,0,20,0,0,20,20,0,0.0,0.0,1.0,0.0,0.0,1.0
"G[0,2](BUN <= 11.926 & Creatinine >= 0.041)
",9999999.000,9999999.000,0.000,1.000,0.000,0,0,0,20,20,0,0,20,0.0,0.0,0.0,0.0,0.0,1.0
"G[1,2](Hgb > 0.099 & SepsisLabel = 0.000)
",9999999.000,9999999.000,0.000,1.000,0.000,0,0,3,17,17,3,3,17,0.0,0.0,1.0,0.0,0.0,1.0
"G[1,2](pH >= 0.380 & SepsisLabel = 0.000)
",9999999.000,9999999.000,0.000,1.000,0.000,0,0,8,12,12,8,8,12,0.0,0.0,1.0,0.0,0.0,1.0
"G[0,2](BaseExcess <= 1.190 & SepsisLabel = 0.000)
",9999999.000,9999999.000,0.000,1.000,0.000,0,0,12,8,8,12,12,8,0.0,0.0,1.0,0.0,0.0,1.0
"G[0,2](PaCO2 > 4.973 -> SepsisLabel = 0.000)
",9999999.000,9999999.000,0.000,1.000,0.000,0,0,20,0,0,20,20,0,0.0,0.0,1.0,0.0,0.0,1.0
"G[2,2](O2Sat <= 99.648 -> SepsisLabel = 0.000)
",-7012125698916029.000,-99.648,0.000,1.000,0.000,0,0,20,0,0,20,20,0,0.0,0.0,1.0,0.0,0.0,1.0
"G[1,2](Bilirubin_total < 0.000 & SepsisLabel = 0.000)
",9999999.000,9999999.000,0.000,1.000,0.000,0,0,1,19,19,1,1,19,0.0,0.0,1.0,0.0,0.0,1.0
"G[1,2](PaCO2 < 33.385 -> SepsisLabel = 0.000)
",9999999.000,9999999.000,0.000,1.000,0.000,0,0,20,0,0,20,20,0,0.0,0.0,1.0,0.0,0.0,1.0
"G[1,2](Glucose <= 78.033 & SepsisLabel = 0.000)
",9999999.000,9999999.000,0.000,1.000,0.000,0,0,15,5,5,15,15,5,0.0,0.0,1.0,0.0,0.0,1.0
"G[0,2](Resp < 21.399 -> SepsisLabel = 0.000)
",9999999.000,9999999.000,0.000,1.000,0.000,0,0,20,0,0,20,20,0,0.0,0.0,1.0,0.0,0.0,1.0
"G[0,2](SBP <= 117.547 & SepsisLabel = 0.000)
",9999999.000,9999999.000,0.000,1.000,0.000,0,0,17,3,3,17,17,3,0.0,0.0,1.0,0.0,0.0,1.0
"G[1,2](Chloride >= 7.608 -> SepsisLabel = 0.000)
",9999999.000,9999999.000,0.000,1.000,0.000,0,0,20,0,0,20,20,0,0.0,0.0,1.0,0.0,0.0,1.0
"G[0,2](FiO2 >= 0.000 -> SepsisLabel = 0.000)
",9999999.000,9999999.000,0.000,1.000,0.000,0,0,20,0,0,20,20,0,0.0,0.0,1.0,0.0,0.0,1.0
"G[0,2](((Chloride <= 74.635 -> Creatinine <= 0.936) & pH <= 0.845) -> BaseExcess <= 0.383)
",9999999.000,9999999.000,0.000,1.000,0.000,0,0,20,0,0,20,20,0,0.0,0.0,1.0,0.0,0.0,1.0
"G[1,2](((BUN <= 12.635 | WBC <= 5.545) -> Creatinine >= 0.036) & Lactate >= 0.350)
",9999999.000,9999999.000,0.000,1.000,0.000,0,0,1,19,19,1,1,19,0.0,0.0,1.0,0.0,0.0,1.0
"G[1,2](BUN >= 1.370 -> Creatinine >= 0.071)
",9999999.000,9999999.000,0.000,1.000,0.000,0,0,20,0,0,20,20,0,0.0,0.0,1.0,0.0,0.0,1.0
"G[0,2]((BUN <= 2.379 -> HCO3 <= 19.048) | Fibrinogen <= 17.075)
",9999999.000,9999999.000,0.000,1.000,0.000,0,0,20,0,0,20,20,0,0.0,0.0,1.0,0.0,0.0,1.0
"G[2,2](BUN <= 11.068 -> Chloride <= 67.892)
",-67.892,-67.892,0.000,1.000,0.000,0,0,20,0,0,20,20,0,0.0,0.0,1.0,0.0,0.0,1.0
"G[0,2](HCO3 >= 1.866 & Hgb <= 5.243)
",9999999.000,9999999.000,0.000,1.000,0.000,0,0,0,20,20,0,0,20,0.0,0.0,0.0,0.0,0.0,1.0
"G[0,2]((Chloride >= 0.232 -> PTT >= 1.478) & HCO3 >= 1.621)
",9999999.000,9999999.000,0.000,1.000,0.000,0,0,0,20,20,0,0,20,0.0,0.0,0.0,0.0,0.0,1.0
"G[2,2]((Platelets <= 61.418 | PTT <= 14.035) -> SaO2 <= 23.937)
",-8643847724977171.000,-61.418,0.000,1.000,0.000,0,0,20,0,0,20,20,0,0.0,0.0,1.0,0.0,0.0,1.0
"G[0,2](HCO3 <= 9.684 & PTT <= 23.536)
",9999999.000,9999999.000,0.000,1.000,0.000,0,0,17,3,3,17,17,3,0.0,0.0,1.0,0.0,0.0,1.0
"G[2,2]((PTT >= 0.992 -> WBC <= 5.216) & Temp >= 0.426)
",-5.216,-5.216,0.000,1.000,0.000,0,0,20,0,0,20,20,0,0.0,0.0,1.0,0.0,0.0,1.0
"G[0,2](Fibrinogen <= 93.128 & PTT >= 0.764)
",9999999.000,9999999.000,0.000,1.000,0.000,0,0,0,20,20,0,0,20,0.0,0.0,0.0,0.0,0.0,1.0
"G[0,2]((Magnesium <= 1.111 | WBC <= 2.693) & Alkalinephos <= 5.213)
",9999999.000,9999999.000,0.000,1.000,0.000,0,0,18,2,2,18,18,2,0.0,0.0,1.0,0.0,0.0,1.0
"G[1,2]((Magnesium <= 0.290 -> Platelets >= 5.287) | Bilirubin_direct >= 5.980)
",9999999.000,9999999.000,0.000,1.000,0.000,0,0,3,17,17,3,3,17,0.0,0.0,1.0,0.0,0.0,1.0
"G[0,2](pH >= 0.959 | SaO2 <= 63.781)
",9999999.000,9999999.000,0.000,1.000,0.000,0,0,20,0,0,20,20,0,0.0,0.0,1.0,0.0,0.0,1.0
"G[1,2]((Calcium >= 0.125 | PTT <= 32.742) & Chloride >= 0.032)
",9999999.000,9999999.000,0.000,1.000,0.000,0,0,2,18,18,2,2,18,0.0,0.0,1.0,0.0,0.0,1.0
"G[0,2](Magnesium <= 0.159 & SepsisLabel = 0.000)
",9999999.000,9999999.000,0.000,1.000,0.000,0,0,17,3,3,17,17,3,0.0,0.0,1.0,0.0,0.0,1.0
"G[0,1](((Hgb <= 5.645 | Hct <= 21.719) -> WBC >= 0.007) & Platelets >= 7.545)
",9999999.000,9999999.000,0.000,1.000,0.000,0,0,0,20,20,0,0,20,0.0,0.0,0.0,0.0,0.0,1.0
"G[0,2](((Calcium <= 5.237 -> Platelets >= 3.486) & Lactate <= 102.790) | HR >= 6.256)
",9999999.000,9999999.000,0.000,1.000,0.000,0,0,20,0,0,20,20,0,0.0,0.0,1.0,0.0,0.0,1.0
"G[2,2](Platelets <= 16.873 -> WBC >= 0.173)
",-4749273650768597.000,-16.873,0.000,1.000,0.000,0,0,20,0,0,20,20,0,0.0,0.0,1.0,0.0,0.0,1.0
"G[0,1](((Hgb <= 4.930 | Hct <= 13.372) -> WBC >= 0.394) & Platelets >= 3.725)
",9999999.000,9999999.000,0.000,1.000,0.000,0,0,0,20,20,0,0,20,0.0,0.0,0.0,0.0,0.0,1.0
"G[1,2](BUN <= 22.802 & Creatinine >= 0.036)
",9999999.000,9999999.000,0.000,1.000,0.000,0,0,3,17,17,3,3,17,0.0,0.0,1.0,0.0,0.0,1.0
"G[0,1](Chloride >= 0.621 & HCO3 >= 1.932)
",9999999.000,9999999.000,0.000,1.000,0.000,0,0,0,20,20,0,0,20,0.0,0.0,0.0,0.0,0.0,1.0
"G[0,1](((Hgb <= 3.101 | Hct <= 24.923) -> WBC >= 0.154) & Platelets >= 5.787)
",9999999.000,9999999.000,0.000,1.000,0.000,0,0,0,20,20,0,0,20,0.0,0.0,0.0,0.0,0.0,1.0
"G[0,0](BUN <= 16.055 & Creatinine >= 0.046)
",0.223,0.802,0.000,1.000,0.000,0,0,0,20,20,0,0,20,0.0,0.0,0.0,0.0,0.0,1.0
"G[0,2](Chloride >= 3.361 & HCO3 >= 0.732)
",9999999.000,9999999.000,0.000,1.000,0.000,0,0,0,20,20,0,0,20,0.0,0.0,0.0,0.0,0.0,1.0
"G[1,2](Platelets <= 46.842 -> WBC >= 0.415)
",9999999.000,9999999.000,0.000,1.000,0.000,0,0,3,17,17,3,3,17,0.0,0.0,1.0,0.0,0.0,1.0
"G[2,2](((Hgb <= 6.850 | Hct <= 13.798) -> WBC >= 0.222) & Platelets >= 0.248)
",-7767596405153617.000,-13.798,0.000,1.000,0.000,0,0,20,0,0,20,20,0,0.0,0.0,1.0,0.0,0.0,1.0
"G[2,2](Platelets <= 115.656 -> WBC >= 0.219)
",-8138595356760436.000,-115.656,0.000,1.000,0.000,0,0,20,0,0,20,20,0,0.0,0.0,1.0,0.0,0.0,1.0
"G[0,2](((Hgb <= 3.048 | Hct <= 12.177) -> WBC >= 0.234) & Platelets >= 7.981)
",9999999.000,9999999.000,0.000,1.000,0.000,0,0,0,20,20,0,0,20,0.0,0.0,0.0,0.0,0.0,1.0
"G[1,2](BUN <= 20.874 & Creatinine >= 0.043)
",9999999.000,9999999.000,0.000,1.000,0.000,0,0,3,17,17,3,3,17,0.0,0.0,1.0,0.0,0.0,1.0
"G[0,1](Platelets <= 77.736 -> WBC >= 0.149)
",9999999.000,9999999.000,0.000,1.000,0.000,0,0,0,20,20,0,0,20,0.0,0.0,0.0,0.0,0.0,1.0
"G[0,2](((Hgb <= 3.576 | Hct <= 10.691) -> WBC >= 0.091) & Platelets >= 1.157)
",9999999.000,9999999.000,0.000,1.000,0.000,0,0,0,20,20,0,0,20,0.0,0.0,0.0,0.0,0.0,1.0
"G[1,2](BUN <= 19.631 & Creatinine >= 0.060)
",9999999.000,9999999.000,0.000,1.000,0.000,0,0,3,17,17,3,3,17,0.0,0.0,1.0,0.0,0.0,1.0
"G[0,1](Chloride >= 5.697 & HCO3 >= 1.859)
",9999999.000,9999999.000,0.000,1.000,0.000,0,0,0,20,20,0,0,20,0.0,0.0,0.0,0.0,0.0,1.0
"G[1,2](Platelets <= 107.719 -> WBC >= 0.326)
",9999999.000,9999999.000,0.000,1.000,0.000,0,0,3,17,17,3,3,17,0.0,0.0,1.0,0.0,0.0,1.0
"G[1,2](BUN <= 15.575 & Creatinine >= 0.000)
",9999999.000,9999999.000,0.000,1.000,0.000,0,0,19,1,1,19,19,1,0.0,0.0,1.0,0.0,0.0,1.0
"G[1,2](Chloride >= 3.184 & HCO3 >= 1.083)
",9999999.000,9999999.000,0.000,1.000,0.000,0,0,3,17,17,3,3,17,0.0,0.0,1.0,0.0,0.0,1.0
"G[2,2](((Hgb <= 5.247 | Hct <= 21.320) -> WBC >= 0.395) & Platelets >= 7.564)
",-6001046009058866.000,-21.320,0.000,1.000,0.000,0,0,20,0,0,20,20,0,0.0,0.0,1.0,0.0,0.0,1.0
"G[1,2](BUN <= 13.981 & Creatinine >= 0.045)
",9999999.000,9999999.000,0.000,1.000,0.000,0,0,1,19,19,1,1,19,0.0,0.0,1.0,0.0,0.0,1.0
"G[1,2](Chloride >= 2.990 & HCO3 >= 1.384)
",9999999.000,9999999.000,0.000,1.000,0.000,0,0,3,17,17,3,3,17,0.0,0.0,1.0,0.0,0.0,1.0
"G[1,2](((Hgb <= 5.106 | Hct <= 8.539) -> WBC >= 0.393) & Platelets >= 4.556)
",9999999.000,9999999.000,0.000,1.000,0.000,0,0,3,17,17,3,3,17,0.0,0.0,1.0,0.0,0.0,1.0
"G[0,1](BUN <= 12.492 & Creatinine >= 0.028)
",9999999.000,9999999.000,0.000,1.000,0.000,0,0,0,20,20,0,0,20,0.0,0.0,0.0,0.0,0.0,1.0
"G[0,1](Platelets <= 48.260 -> WBC >= 0.205)
",9999999.000,9999999.000,0.000,1.000,0.000,0,0,0,20,20,0,0,20,0.0,0.0,0.0,0.0,0.0,1.0
"G[0,1](((Hgb <= 8.526 | Hct <= 7.083) -> WBC >= 0.281) & Platelets >= 7.558)
",9999999.000,9999999.000,0.000,1.000,0.000,0,0,0,20,20,0,0,20,0.0,0.0,0.0,0.0,0.0,1.0
"G[1,1](BUN <= 9.803 & Creatinine >= 0.064)
",-4601777777638917.000,-0.064,0.000,1.000,0.000,0,0,1,19,19,1,1,19,0.0,0.0,1.0,0.0,0.0,1.0
"G[0,1](Chloride >= 2.147 & HCO3 >= 0.500)
",9999999.000,9999999.000,0.000,1.000,0.000,0,0,0,20,20,0,0,20,0.0,0.0,0.0,0.0,0.0,1.0
"G[0,2](((Hgb >= 0.249 & PTT >= 0.116) | MAP <= 22.395) -> SBP >= 1.273)
",9999999.000,9999999.000,0.000,1.000,0.000,0,0,20,0,0,20,20,0,0.0,0.0,1.0,0.0,0.0,1.0
"G[1,2](((Chloride <= 66.711 & Magnesium <= 1.016) | Magnesium <= 1.602) & Hct >= 0.022)
",9999999.000,9999999.000,0.000,1.000,0.000,0,0,4,16,16,4,4,16,0.0,0.0,1.0,0.0,0.0,1.0
"G[0,2]((Hct <= 17.844 | Resp >= 12.110) | Hct >= 13.338)
",9999999.000,9999999.000,0.000,1.000,0.000,0,0,20,0,0,20,20,0,0.0,0.0,1.0,0.0,0.0,1.0
"G[2,2](((DBP >= 38.624 | Hgb <= 4.327) -> FiO2 <= 4.500) -> Phosphate <= 7.691)
",-4329692442320582.500,-7.691,0.000,1.000,0.000,0,0,20,0,0,20,20,0,0.0,0.0,1.0,0.0,0.0,1.0
"G[1,2]((SaO2 <= 61.564 & Temp >= 1.756) & Phosphate >= 27.194)
",9999999.000,9999999.000,0.000,1.000,0.000,0,0,1,19,19,1,1,19,0.0,0.0,1.0,0.0,0.0,1.0
"G[2,2](BaseExcess <= 5.930 -> Chloride <= 102.250)
",-102.250,-102.250,0.000,1.000,0.000,0,0,20,0,0,20,20,0,0.0,0.0,1.0,0.0,0.0,1.0
"G[2,2]((BaseExcess >= 0.406 -> Platelets <= 49.500) -> SepsisLabel >= 1.388)
",6251211748235099.000,1.388,0.000,1.000,0.000,0,0,20,0,0,20,20,0,0.0,0.0,1.0,0.0,0.0,1.0
"G[1,2](((PTT <= 18.660 -> Resp >= 12.010) & Temp >= 10.857) | SepsisLabel >= 14.088)
",9999999.000,9999999.000,0.000,1.000,0.000,0,0,8,12,12,8,8,12,0.0,0.0,1.0,0.0,0.0,1.0
"G[0,2]((Creatinine >= 0.055 -> SaO2 >= 2.875) | DBP <= 55.567)
",9999999.000,9999999.000,0.000,1.000,0.000,0,0,20,0,0,20,20,0,0.0,0.0,1.0,0.0,0.0,1.0
"G[2,2](HR >= 66.399 -> MAP >= 53.852)
",53.852,53.852,0.000,1.000,0.000,0,0,20,0,0,20,20,0,0.0,0.0,1.0,0.0,0.0,1.0
"G[0,2]((Hgb <= 2.414 | Temp <= 38.039) -> Phosphate <= 29.966)
",9999999.000,9999999.000,0.000,1.000,0.000,0,0,20,0,0,20,20,0,0.0,0.0,1.0,0.0,0.0,1.0
"G[0,1](HR <= 74.046 & SaO2 >= 1.083)
",9999999.000,9999999.000,0.000,1.000,0.000,0,0,0,20,20,0,0,20,0.0,0.0,0.0,0.0,0.0,1.0
"G[0,2](Platelets <= 60.805 -> WBC >= 0.039)
",9999999.000,9999999.000,0.000,1.000,0.000,0,0,0,20,20,0,0,20,0.0,0.0,0.0,0.0,0.0,1.0
"G[1,2]((SaO2 <= 72.514 -> WBC <= 5.059) | Fibrinogen <= 5.977)
",9999999.000,9999999.000,0.000,1.000,0.000,0,0,19,1,1,19,19,1,0.0,0.0,1.0,0.0,0.0,1.0
"G[1,1]((Platelets <= 22.482 | SBP >= 104.155) -> BUN >= 102.607)
",-6328138337494834.000,-22.482,0.000,1.000,0.000,0,0,1,19,19,1,1,19,0.0,0.0,1.0,0.0,0.0,1.0
"G[0,2]((Hgb <= 7.974 & Resp <= 18.508) & Resp >= 14.264)
",9999999.000,9999999.000,0.000,1.000,0.000,0,0,5,15,15,5,5,15,0.0,0.0,1.0,0.0,0.0,1.0
"G[0,2]((Creatinine <= 0.603 & SBP >= 98.602) -> Magnesium <= 109.887)
",9999999.000,9999999.000,0.000,1.000,0.000,0,0,20,0,0,20,20,0,0.0,0.0,1.0,0.0,0.0,1.0
"G[2,2]((BaseExcess <= 5.354 & BUN <= 3.750) -> Phosphate <= 23.113)
",-6505749901367090.000,-23.113,0.000,1.000,0.000,0,0,20,0,0,20,20,0,0.0,0.0,1.0,0.0,0.0,1.0
"G[2,2](BUN >= 0.472 | SaO2 >= 0.117)
",-8455124771795820.000,-0.117,0.000,1.000,0.000,0,0,20,0,0,20,20,0,0.0,0.0,1.0,0.0,0.0,1.0
"G[1,1](Creatinine >= 0.054 & Temp <= 32.743)
",-0.054,-0.054,0.000,1.000,0.000,0,0,1,19,19,1,1,19,0.0,0.0,1.0,0.0,0.0,1.0
"G[0,1](HCO3 >= 0.231 & Temp >= 16.792)
",9999999.000,9999999.000,0.000,1.000,0.000,0,0,0,20,20,0,0,20,0.0,0.0,0.0,0.0,0.0,1.0
"G[1,2](Temp >= 13.609 & WBC >= 0.323)
",9999999.000,9999999.000,0.000,1.000,0.000,0,0,3,17,17,3,3,17,0.0,0.0,1.0,0.0,0.0,1.0
"G[1,2]((BUN >= 0.382 | Temp <= 36.007) & Calcium <= 37.498)
",9999999.000,9999999.000,0.000,1.000,0.000,0,0,10,10,10,10,10,10,0.0,0.0,1.0,0.0,0.0,1.0
"G[1,2](((Glucose >= 7.913 -> Temp >= 2.894) & Magnesium >= 21.349) -> Platelets <= 30.114)
",9999999.000,9999999.000,0.000,1.000,0.000,0,0,20,0,0,20,20,0,0.0,0.0,1.0,0.0,0.0,1.0
"G[0,2](((PaCO2 >= 7.556 -> Potassium >= 0.252) & DBP <= 3.236) -> O2Sat <= 3.666)
",9999999.000,9999999.000,0.000,1.000,0.000,0,0,20,0,0,20,20,0,0.0,0.0,1.0,0.0,0.0,1.0
"G[0,1]((MAP <= 64.051 | PTT >= 0.594) & Platelets >= 1.410)
",9999999.000,9999999.000,0.000,1.000,0.000,0,0,0,20,20,0,0,20,0.0,0.0,0.0,0.0,0.0,1.0
"G[0,2](((O2Sat <= 99.451 -> WBC >= 0.139) -> TroponinI <= 5.216) | Bilirubin_direct >= 0.172)
",9999999.000,9999999.000,0.000,1.000,0.000,0,0,20,0,0,20,20,0,0.0,0.0,1.0,0.0,0.0,1.0
"G[1,2]((BUN <= 23.562 & SBP >= 101.313) & Calcium <= 113.636)
",9999999.000,9999999.000,0.000,1.000,0.000,0,0,17,3,3,17,17,3,0.0,0.0,1.0,0.0,0.0,1.0
"G[0,2]((Calcium >= 0.188 | O2Sat <= 99.607) | HR >= 95.566)
",9999999.000,9999999.000,0.000,1.000,0.000,0,0,10,10,10,10,10,10,0.0,0.0,1.0,0.0,0.0,1.0
"G[2,2](PTT <= 17.990 | Temp <= 37.842)
",37.842,37.842,0.000,1.000,0.000,0,0,20,0,0,20,20,0,0.0,0.0,1.0,0.0,0.0,1.0
"G[1,2]((Chloride <= 31.876 | O2Sat <= 99.981) & BaseExcess <= 99.452)
",9999999.000,9999999.000,0.000,1.000,0.000,0,0,19,1,1,19,19,1,0.0,0.0,1.0,0.0,0.0,1.0
"G[1,2]((DBP >= 45.997 | PTT >= 1.129) -> FiO2 >= 0.475)
",9999999.000,9999999.000,0.000,1.000,0.000,0,0,5,15,15,5,5,15,0.0,0.0,1.0,0.0,0.0,1.0
"G[1,2](Magnesium <= 1.678 | pH <= 4.098)
",9999999.000,9999999.000,0.000,1.000,0.000,0,0,19,1,1,19,19,1,0.0,0.0,1.0,0.0,0.0,1.0
"G[1,2](((Glucose <= 144.438 -> Magnesium >= 0.044) -> PTT >= 0.031) & pH >= 0.130)
",9999999.000,9999999.000,0.000,1.000,0.000,0,0,6,14,14,6,6,14,0.0,0.0,1.0,0.0,0.0,1.0
"G[0,0](((Creatinine >= 0.012 & PaCO2 >= 1.796) -> Potassium >= 10.641) -> O2Sat <= 49.045)
",-2.328,-1.515,0.000,1.000,0.000,0,0,0,20,20,0,0,20,0.0,0.0,0.0,0.0,0.0,1.0
"G[0,2](Calcium <= 5.358 -> Creatinine >= 0.011)
",9999999.000,9999999.000,0.000,1.000,0.000,0,0,0,20,20,0,0,20,0.0,0.0,0.0,0.0,0.0,1.0
"G[0,2](((Glucose >= 1.857 -> HCO3 >= 0.588) | Hct >= 1.290) | HR <= 16.562)
",9999999.000,9999999.000,0.000,1.000,0.000,0,0,18,2,2,18,18,2,0.0,0.0,1.0,0.0,0.0,1.0
"G[0,1](((Creatinine <= 0.131 -> Glucose <= 160.273) -> Bilirubin_total >= 11.012) & SaO2 <= 109.586)
",9999999.000,9999999.000,0.000,1.000,0.000,0,0,0,20,20,0,0,20,0.0,0.0,0.0,0.0,0.0,1.0
"G[1,2](BaseExcess <= 3.089 & SaO2 >= 11.107)
",9999999.000,9999999.000,0.000,1.000,0.000,0,0,2,18,18,2,2,18,0.0,0.0,1.0,0.0,0.0,1.0
"G[1,2](((Glucose <= 51.311 | WBC >= 0.129) & Bilirubin_total >= 0.071) -> Phosphate >= 0.319)
",9999999.000,9999999.000,0.000,1.000,0.000,0,0,20,0,0,20,20,0,0.0,0.0,1.0,0.0,0.0,1.0
"G[0,1](((MAP >= 57.635 -> SBP >= 100.290) | Hgb >= 105.843) -> Calcium >= 98.324)
",9999999.000,9999999.000,0.000,1.000,0.000,0,0,0,20,20,0,0,20,0.0,0.0,0.0,0.0,0.0,1.0
"G[0,2](((Chloride >= 3.980 -> Fibrinogen >= 4.154) -> Creatinine >= 0.981) & Temp <= 114.913)
",9999999.000,9999999.000,0.000,1.000,0.000,0,0,0,20,20,0,0,20,0.0,0.0,0.0,0.0,0.0,1.0
"G[2,2](((Calcium >= 0.180 | Magnesium <= 1.045) & Temp >= 0.019) | Fibrinogen >= 0.128)
",-0.019,-0.019,0.000,1.000,0.000,0,0,20,0,0,20,20,0,0.0,0.0,1.0,0.0,0.0,1.0
"G[1,2]((Magnesium >= 0.006 | Potassium >= 0.177) -> Temp >= 0.105)
",9999999.000,9999999.000,0.000,1.000,0.000,0,0,19,1,1,19,19,1,0.0,0.0,1.0,0.0,0.0,1.0
"G[0,2]((Glucose <= 97.173 & PTT <= 20.722) | SBP >= 1.243)
",9999999.000,9999999.000,0.000,1.000,0.000,0,0,20,0,0,20,20,0,0.0,0.0,1.0,0.0,0.0,1.0
"G[0,1](((Glucose <= 36.755 & Hct <= 16.107) | BaseExcess <= 13.462) -> Calcium >= 1.594)
",9999999.000,9999999.000,0.000,1.000,0.000,0,0,0,20,20,0,0,20,0.0,0.0,0.0,0.0,0.0,1.0
"G[1,2](Calcium >= 0.010 -> Hgb <= 4.393)
",9999999.000,9999999.000,0.000,1.000,0.000,0,0,19,1,1,19,19,1,0.0,0.0,1.0,0.0,0.0,1.0
"G[1,1](Magnesium >= 0.005 & SaO2 <= 81.866)
",-0.005,-0.005,0.000,1.000,0.000,0,0,1,19,19,1,1,19,0.0,0.0,1.0,0.0,0.0,1.0
"G[2,2](((Calcium <= 7.984 & Potassium >= 0.271) | Potassium <= 0.478) -> Magnesium >= 0.163)
",-0.478,-0.478,0.000,1.000,0.000,0,0,20,0,0,20,20,0,0.0,0.0,1.0,0.0,0.0,1.0
"G[2,2]((Fibrinogen <= 105.738 & Potassium >= 0.392) & Alkalinephos <= 1.615)
",-7058331244142196.000,-0.392,0.000,1.000,0.000,0,0,20,0,0,20,20,0,0.0,0.0,1.0,0.0,0.0,1.0
"G[0,2](Calcium <= 4.715 & SaO2 >= 7.113)
",9999999.000,9999999.000,0.000,1.000,0.000,0,0,1,19,19,1,1,19,0.0,0.0,1.0,0.0,0.0,1.0
"G[1,2]((BUN >= 1.385 & Fibrinogen <= 64.759) | Glucose >= 2.034)
",9999999.000,9999999.000,0.000,1.000,0.000,0,0,6,14,14,6,6,14,0.0,0.0,1.0,0.0,0.0,1.0
"G[0,1]((Hct <= 9.660 -> Magnesium >= 0.012) & Glucose <= 0.585)
",9999999.000,9999999.000,0.000,1.000,0.000,0,0,0,20,20,0,0,20,0.0,0.0,0.0,0.0,0.0,1.0
"G[1,2]((DBP <= 51.134 -> SBP <= 119.817) & BUN <= 115.842)
",9999999.000,9999999.000,0.000,1.000,0.000,0,0,19,1,1,19,19,1,0.0,0.0,1.0,0.0,0.0,1.0
"G[0,1](((Resp >= 11.997 | SaO2 <= 82.082) | Fibrinogen <= 95.610) & Chloride >= 6.077)
",9999999.000,9999999.000,0.000,1.000,0.000,0,0,0,20,20,0,0,20,0.0,0.0,0.0,0.0,0.0,1.0
"G[2,2](((Fibrinogen <= 7.914 | SBP <= 120.736) & SepsisLabel <= 111.311) | BaseExcess <= 117.055)
",117.055,117.055,0.000,1.000,0.000,0,0,20,0,0,20,20,0,0.0,0.0,1.0,0.0,0.0,1.0
"G[0,2](((Resp <= 21.626 | Temp <= 29.419) -> Phosphate >= 14.642) -> Alkalinephos >= 14.857)
",9999999.000,9999999.000,0.000,1.000,0.000,0,0,20,0,0,20,20,0,0.0,0.0,1.0,0.0,0.0,1.0
"G[0,1]((Fibrinogen >= 4.775 & HR <= 69.467) & PTT <= 79.645)
",9999999.000,9999999.000,0.000,1.000,0.000,0,0,0,20,20,0,0,20,0.0,0.0,0.0,0.0,0.0,1.0
"G[2,2](((PaCO2 <= 52.094 | Temp >= 4.162) | BaseExcess <= 31.012) -> Hgb >= 0.490)
",-52.094,-52.094,0.000,1.000,0.000,0,0,20,0,0,20,20,0,0.0,0.0,1.0,0.0,0.0,1.0
"G[1,2](Glucose >= 3.295 & HR <= 74.193)
",9999999.000,9999999.000,0.000,1.000,0.000,0,0,4,16,16,4,4,16,0.0,0.0,1.0,0.0,0.0,1.0
"G[0,2](DBP >= 45.110 & Temp <= 32.161)
",9999999.000,9999999.000,0.000,1.000,0.000,0,0,3,17,17,3,3,17,0.0,0.0,1.0,0.0,0.0,1.0
"G[2,2](((O2Sat <= 99.075 -> pH >= 1.408) & Bilirubin_direct <= 3.361) & MAP <= 3.113)
",-99.075,-99.075,0.000,1.000,0.000,0,0,20,0,0,20,20,0,0.0,0.0,1.0,0.0,0.0,1.0
"G[0,2](((PTT <= 9.863 & Platelets <= 96.322) -> Hct >= 2.329) & HR <= 35.685)
",9999999.000,9999999.000,0.000,1.000,0.000,0,0,0,20,20,0,0,20,0.0,0.0,0.0,0.0,0.0,1.0
