Rule,Discrimination Score,Pos Robustness,Neg Robustness,Percent Class +,Percent Class -,TP,TN,FP,FN,Actual Yes,Actual No,Predicted Yes,Predicted No,TPR/Sens,TNR/Spec,FPR,Precision,Accuracy,MCR
"F[0,0](((Hgb >= 0.117 | O2Sat >= 52.326) -> Bilirubin_direct <= 87.548) -> TroponinI >= 19.986)
",19.986,19.986,0.000,0.000,1.000,21,0,0,0,21,0,21,0,1.0,0,0,1.0,1.0,0.0
"F[0,1]((Calcium <= 4.118 & Potassium <= 2.773) & Magnesium >= 0.013)
",-9999999.000,-9999999.000,0.000,0.000,1.000,21,0,0,0,21,0,21,0,1.0,0,0,1.0,1.0,0.0
"F[0,1](((Phosphate <= 1.716 | Potassium >= 0.150) | Lactate >= 0.168) & SepsisLabel >= 0.242)
",-9999999.000,-9999999.000,0.000,0.000,1.000,21,0,0,0,21,0,21,0,1.0,0,0,1.0,1.0,0.0
"F[0,1](((Temp >= 2.105 -> Fibrinogen >= 8.269) | SaO2 >= 6.851) & Magnesium >= 7.511)
",-9999999.000,-9999999.000,0.000,0.000,1.000,21,0,0,0,21,0,21,0,1.0,0,0,1.0,1.0,0.0
"F[0,1](WBC <= 5.537 & Glucose >= 0.606)
",-9999999.000,-9999999.000,0.000,0.000,1.000,21,0,0,0,21,0,21,0,1.0,0,0,1.0,1.0,0.0
"F[0,1](PaCO2 > 0.000 & SepsisLabel = 0.000)
",-9999999.000,-9999999.000,0.000,0.000,1.000,21,0,0,0,21,0,21,0,1.0,0,0,1.0,1.0,0.0
"F[0,1](((O2Sat <= 91.020 | Platelets <= 39.946) -> Phosphate >= 0.097) & PaCO2 >= 1.398)
",-9999999.000,-9999999.000,0.000,0.000,1.000,21,0,0,0,21,0,21,0,1.0,0,0,1.0,1.0,0.0
"F[0,1]((Calcium <= 3.442 & Potassium <= 0.727) & Magnesium >= 0.035)
",-9999999.000,-9999999.000,0.000,0.000,1.000,21,0,0,0,21,0,21,0,1.0,0,0,1.0,1.0,0.0
"F[0,0](((Magnesium <= 1.286 -> Hct <= 20.747) | DBP >= 1.366) & SepsisLabel >= 0.196)
",0.187,2.478,0.000,0.000,1.000,21,0,0,0,21,0,21,0,1.0,0,0,1.0,1.0,0.0
"F[0,1](((Fibrinogen >= 2.449 & Hct >= 1.268) & PTT <= 11.220) & Chloride <= 12.302)
",-9999999.000,-9999999.000,0.000,0.000,1.000,21,0,0,0,21,0,21,0,1.0,0,0,1.0,1.0,0.0
"F[0,1]((Calcium <= 7.279 & Potassium <= 0.648) & Magnesium >= 0.081)
",-9999999.000,-9999999.000,0.000,0.000,1.000,21,0,0,0,21,0,21,0,1.0,0,0,1.0,1.0,0.0
"((Temp >= 2.092) U[1,1] (BaseExcess <= 0.000))
",0.000,0.000,0.000,0.000,1.000,20,0,0,1,21,0,20,1,0.9523809523809523,0,0,1.0,0.9523809523809523,0.04761904761904767
"((Hct >= 1.752) U[0,0] (Hct >= 1.630))
",-3670009091671501.500,-1.630,0.000,0.000,1.000,20,0,0,1,21,0,20,1,0.9523809523809523,0,0,1.0,0.9523809523809523,0.04761904761904767
"((Creatinine >= 0.524) U[1,2] (SepsisLabel = 0.000))
",-9999999.000,-9999999.000,0.000,0.000,1.000,20,0,0,1,21,0,20,1,0.9523809523809523,0,0,1.0,0.9523809523809523,0.04761904761904767
"F[0,1](((Calcium <= 8.507 | Platelets <= 53.447) | Fibrinogen <= 59.989) -> FiO2 >= 1.376)
",-9999999.000,-9999999.000,0.000,0.000,1.000,20,0,0,1,21,0,20,1,0.9523809523809523,0,0,1.0,0.9523809523809523,0.04761904761904767
"((Chloride >= 4.030) U[0,1] (PTT >= 0.115))
",-9999999.000,-9999999.000,0.000,0.000,1.000,20,0,0,1,21,0,20,1,0.9523809523809523,0,0,1.0,0.9523809523809523,0.04761904761904767
"((Temp >= 2.006) U[1,1] (WBC >= 0.247))
",-8887174417290057.000,-0.247,0.000,0.000,1.000,20,0,0,1,21,0,20,1,0.9523809523809523,0,0,1.0,0.9523809523809523,0.04761904761904767
"((Chloride <= 27.093) U[0,0] (Phosphate >= 0.086))
",14.233,26.674,0.000,0.000,1.000,20,0,0,1,21,0,20,1,0.9523809523809523,0,0,1.0,0.9523809523809523,0.04761904761904767
"F[0,0]((Calcium >= 0.532 & WBC >= 0.272) | Hgb >= 0.653)
",0.126,0.682,0.000,0.000,1.000,20,0,0,1,21,0,20,1,0.9523809523809523,0,0,1.0,0.9523809523809523,0.04761904761904767
"F[0,0]((Phosphate <= 2.499 | Resp <= 22.136) -> TroponinI >= 9.699)
",-6230848834749778.000,-22.136,0.000,0.000,1.000,20,0,0,1,21,0,20,1,0.9523809523809523,0,0,1.0,0.9523809523809523,0.04761904761904767
"F[0,0](WBC >= 0.224 | WBC >= 0.691)
",-8081619112464107.000,-0.224,0.000,0.000,1.000,20,0,0,1,21,0,20,1,0.9523809523809523,0,0,1.0,0.9523809523809523,0.04761904761904767
"((SepsisLabel <= 0.000) U[0,1] (Bilirubin_total >= 0.003))
",-9999999.000,-9999999.000,0.000,0.000,1.000,20,0,0,1,21,0,20,1,0.9523809523809523,0,0,1.0,0.9523809523809523,0.04761904761904767
"F[1,1]((Lactate <= 0.000 -> Creatinine <= 0.954) -> BaseExcess >= 0.332)
",0.332,0.332,0.000,0.000,1.000,19,0,0,2,21,0,19,2,0.9047619047619048,0,0,1.0,0.9047619047619048,0.09523809523809523
"F[1,1]((BUN <= 52.330 -> O2Sat <= 89.370) & BUN >= 28.042)
",-3144440530281694.000,-89.370,0.000,0.000,1.000,19,0,0,2,21,0,19,2,0.9047619047619048,0,0,1.0,0.9047619047619048,0.09523809523809523
"((PTT >= 0.491) U[1,2] (Resp >= 4.773))
",-9999999.000,-9999999.000,0.000,0.000,1.000,19,0,0,2,21,0,19,2,0.9047619047619048,0,0,1.0,0.9047619047619048,0.09523809523809523
"((Calcium <= 3.417) U[1,1] (Glucose >= 0.637))
",7694137112493390.000,3.417,0.000,0.000,1.000,19,0,0,2,21,0,19,2,0.9047619047619048,0,0,1.0,0.9047619047619048,0.09523809523809523
"((FiO2 >= 0.000) U[0,1] (Hct >= 1.036))
",-9999999.000,-9999999.000,0.000,0.000,1.000,18,0,0,3,21,0,18,3,0.8571428571428571,0,0,1.0,0.8571428571428571,0.1428571428571429
"F[0,1](((FiO2 <= 0.000 | Magnesium >= 0.030) & Hgb <= 1.836) -> PaCO2 >= 0.009)
",-9999999.000,-9999999.000,0.000,0.000,1.000,18,0,0,3,21,0,18,3,0.8571428571428571,0,0,1.0,0.8571428571428571,0.1428571428571429
"F[0,1]((HCO3 >= 0.529 & O2Sat >= 25.644) & Lactate <= 96.515)
",-9999999.000,-9999999.000,0.000,0.000,1.000,18,0,0,3,21,0,18,3,0.8571428571428571,0,0,1.0,0.8571428571428571,0.1428571428571429
"F[0,1]((BUN <= 17.387 -> Calcium >= 0.411) & HR >= 0.073)
",-9999999.000,-9999999.000,0.000,0.000,1.000,18,0,0,3,21,0,18,3,0.8571428571428571,0,0,1.0,0.8571428571428571,0.1428571428571429
"F[0,1](Hgb >= 0.541 | Magnesium >= 0.035)
",-9999999.000,-9999999.000,0.000,0.000,1.000,18,0,0,3,21,0,18,3,0.8571428571428571,0,0,1.0,0.8571428571428571,0.1428571428571429
"F[0,1](((PaCO2 <= 0.000 & Calcium >= 0.129) & FiO2 <= 2.619) | WBC >= 0.398)
",-9999999.000,-9999999.000,0.000,0.000,1.000,18,0,0,3,21,0,18,3,0.8571428571428571,0,0,1.0,0.8571428571428571,0.1428571428571429
"F[0,1]((Bilirubin_total <= 0.452 | O2Sat >= 77.433) & Creatinine >= 8.678)
",-9999999.000,-9999999.000,0.000,0.000,1.000,18,0,0,3,21,0,18,3,0.8571428571428571,0,0,1.0,0.8571428571428571,0.1428571428571429
"F[0,1](Glucose >= 5.827 | Potassium >= 0.163)
",-9999999.000,-9999999.000,0.000,0.000,1.000,18,0,0,3,21,0,18,3,0.8571428571428571,0,0,1.0,0.8571428571428571,0.1428571428571429
"F[0,1]((Creatinine >= 0.503 | Potassium >= 0.014) & EtCO2 <= 2.028)
",-9999999.000,-9999999.000,0.000,0.000,1.000,18,0,0,3,21,0,18,3,0.8571428571428571,0,0,1.0,0.8571428571428571,0.1428571428571429
"((HCO3 >= 1.161) U[1,2] (Creatinine <= 2.567))
",-9999999.000,-9999999.000,0.000,0.000,1.000,18,0,0,3,21,0,18,3,0.8571428571428571,0,0,1.0,0.8571428571428571,0.1428571428571429
"F[0,1]((Hgb >= 0.034 & Platelets >= 2.710) & Chloride >= 3.721)
",-9999999.000,-9999999.000,0.000,0.000,1.000,18,0,0,3,21,0,18,3,0.8571428571428571,0,0,1.0,0.8571428571428571,0.1428571428571429
"F[0,1](O2Sat <= 85.559 & Hct <= 13.800)
",-9999999.000,-9999999.000,0.000,0.000,1.000,17,0,0,4,21,0,17,4,0.8095238095238095,0,0,1.0,0.8095238095238095,0.19047619047619047
"((O2Sat <= 85.143) U[1,2] (SepsisLabel = 0.000))
",-9999999.000,-9999999.000,0.000,0.000,1.000,17,0,0,4,21,0,17,4,0.8095238095238095,0,0,1.0,0.8095238095238095,0.19047619047619047
"F[0,1]((Platelets >= 1.618 | Temp >= 4.834) | Calcium >= 1.716)
",-9999999.000,-9999999.000,0.000,0.000,1.000,14,0,0,7,21,0,14,7,0.6666666666666666,0,0,1.0,0.6666666666666666,0.33333333333333337
"((Creatinine >= 0.667) U[0,0] (HR <= 68.946))
",0.190,3.809,0.000,0.000,1.000,14,0,0,7,21,0,14,7,0.6666666666666666,0,0,1.0,0.6666666666666666,0.33333333333333337
"((Bilirubin_direct >= 0.000) U[0,1] (Temp >= 0.275))
",-9999999.000,-9999999.000,0.000,0.000,1.000,14,0,0,7,21,0,14,7,0.6666666666666666,0,0,1.0,0.6666666666666666,0.33333333333333337
"F[0,1](O2Sat <= 94.608 & Alkalinephos <= 0.000)
",-9999999.000,-9999999.000,0.000,0.000,1.000,14,0,0,7,21,0,14,7,0.6666666666666666,0,0,1.0,0.6666666666666666,0.33333333333333337
"((Glucose >= 5.598) U[1,2] (Temp <= 33.238))
",-9999999.000,-9999999.000,0.000,0.000,1.000,14,0,0,7,21,0,14,7,0.6666666666666666,0,0,1.0,0.6666666666666666,0.33333333333333337
"((MAP >= 76.921) U[1,1] (SBP <= 160.562))
",5649290448567268.000,160.562,0.000,0.000,1.000,10,0,0,11,21,0,10,11,0.47619047619047616,0,0,1.0,0.47619047619047616,0.5238095238095238
"((Hgb <= 4.816) U[1,1] (HR <= 71.337))
",5019892278998747.000,71.337,0.000,0.000,1.000,10,0,0,11,21,0,10,11,0.47619047619047616,0,0,1.0,0.47619047619047616,0.5238095238095238
"F[0,1](((SBP <= 166.967 -> Temp >= 2.759) -> Chloride >= 0.526) -> Phosphate >= 5.337)
",-9999999.000,-9999999.000,0.000,0.000,1.000,10,0,0,11,21,0,10,11,0.47619047619047616,0,0,1.0,0.47619047619047616,0.5238095238095238
"((MAP >= 23.827) U[0,1] (SBP <= 153.180))
",-9999999.000,-9999999.000,0.000,0.000,1.000,8,0,0,13,21,0,8,13,0.38095238095238093,0,0,1.0,0.38095238095238093,0.6190476190476191
"((Glucose <= 22.833) U[1,1] (HR <= 72.473))
",5099829842337906.000,72.473,0.000,0.000,1.000,7,0,0,14,21,0,7,14,0.3333333333333333,0,0,1.0,0.3333333333333333,0.6666666666666667
"((MAP >= 21.258) U[0,1] (SBP <= 156.353))
",-9999999.000,-9999999.000,0.000,0.000,1.000,6,0,0,15,21,0,6,15,0.2857142857142857,0,0,1.0,0.2857142857142857,0.7142857142857143
"F[1,1](((Calcium >= 0.443 | Temp <= 28.263) | Chloride >= 2.856) & Potassium <= 13.964)
",7861105734764067.000,13.964,0.000,0.000,1.000,5,0,0,16,21,0,5,16,0.23809523809523808,0,0,1.0,0.23809523809523808,0.7619047619047619
"F[0,0](((Bilirubin_total <= 0.410 -> Potassium >= 0.221) | O2Sat >= 0.212) & SepsisLabel <= 2.555)
",-0.081,-1.056,0.000,0.000,1.000,4,0,0,17,21,0,4,17,0.19047619047619047,0,0,1.0,0.19047619047619047,0.8095238095238095
"((MAP >= 2.585) U[1,2] (Potassium <= 2.940))
",-9999999.000,-9999999.000,0.000,0.000,1.000,4,0,0,17,21,0,4,17,0.19047619047619047,0,0,1.0,0.19047619047619047,0.8095238095238095
"((Fibrinogen <= 85.540) U[1,1] (HCO3 <= 6.979))
",6019352244180689.000,85.540,0.000,0.000,1.000,3,0,0,18,21,0,3,18,0.14285714285714285,0,0,1.0,0.14285714285714285,0.8571428571428572
"((Hct >= 0.617) U[0,1] (SBP <= 165.610))
",-9999999.000,-9999999.000,0.000,0.000,1.000,2,0,0,19,21,0,2,19,0.09523809523809523,0,0,1.0,0.09523809523809523,0.9047619047619048
"F[1,1](((Calcium < 2.084 & Potassium < 1.730) & Magnesium < 0.760) & Phosphate < 0.751)
",6762340821450483.000,0.751,0.000,0.000,1.000,2,0,0,19,21,0,2,19,0.09523809523809523,0,0,1.0,0.09523809523809523,0.9047619047619048
"F[1,1]((Bilirubin_total >= 0.004 -> Resp >= 2.570) -> BUN <= 20.094)
",-5656073495976050.000,-20.094,0.000,0.000,1.000,2,0,0,19,21,0,2,19,0.09523809523809523,0,0,1.0,0.09523809523809523,0.9047619047619048
"F[1,1]((Fibrinogen <= 84.990 & Magnesium <= 1.082) & Bilirubin_direct <= 0.720)
",6488558469737692.000,0.720,0.000,0.000,1.000,2,0,0,19,21,0,2,19,0.09523809523809523,0,0,1.0,0.09523809523809523,0.9047619047619048
"F[1,1](((Calcium < 5.645 & Potassium < 2.380) & Magnesium < 0.962) & Phosphate < 5.535)
",4331285862617146.500,0.962,0.000,0.000,1.000,2,0,0,19,21,0,2,19,0.09523809523809523,0,0,1.0,0.09523809523809523,0.9047619047619048
"((MAP >= 91.738) U[0,0] (SBP <= 170.684))
",11.664,163.869,0.000,0.000,1.000,2,0,0,19,21,0,2,19,0.09523809523809523,0,0,1.0,0.09523809523809523,0.9047619047619048
"F[1,1](((Calcium <= 8.103 -> FiO2 <= 0.000) -> Temp <= 0.000) | Hct <= 0.000)
",0.000,0.000,0.000,0.000,1.000,2,0,0,19,21,0,2,19,0.09523809523809523,0,0,1.0,0.09523809523809523,0.9047619047619048
"((SepsisLabel <= 0.000) U[1,1] (BUN <= 64.871))
",2282446644630413.000,64.871,0.000,0.000,1.000,2,0,0,19,21,0,2,19,0.09523809523809523,0,0,1.0,0.09523809523809523,0.9047619047619048
"F[1,1]((Magnesium >= 0.108 & SBP <= 186.153) -> PaCO2 >= 23.624)
",0.108,0.108,0.000,0.000,1.000,2,0,0,19,21,0,2,19,0.09523809523809523,0,0,1.0,0.09523809523809523,0.9047619047619048
"((Potassium >= 0.269) U[0,1] (Temp <= 29.924))
",-9999999.000,-9999999.000,0.000,0.000,1.000,1,0,0,20,21,0,1,20,0.047619047619047616,0,0,1.0,0.047619047619047616,0.9523809523809523
"F[0,1](EtCO2 >= 0.000 -> SBP >= 22.109)
",-9999999.000,-9999999.000,0.000,0.000,1.000,1,0,0,20,21,0,1,20,0.047619047619047616,0,0,1.0,0.047619047619047616,0.9523809523809523
"((Magnesium <= 1.850) U[0,1] (Temp <= 11.141))
",-9999999.000,-9999999.000,0.000,0.000,1.000,1,0,0,20,21,0,1,20,0.047619047619047616,0,0,1.0,0.047619047619047616,0.9523809523809523
"F[0,1](((BUN <= 12.621 -> Phosphate <= 1.767) & HR <= 0.854) -> TroponinI >= 0.322)
",-9999999.000,-9999999.000,0.000,0.000,1.000,1,0,0,20,21,0,1,20,0.047619047619047616,0,0,1.0,0.047619047619047616,0.9523809523809523
"F[0,1](Calcium <= 0.722 -> Resp >= 4.249)
",-9999999.000,-9999999.000,0.000,0.000,1.000,1,0,0,20,21,0,1,20,0.047619047619047616,0,0,1.0,0.047619047619047616,0.9523809523809523
"F[0,0]((Phosphate <= 2.184 -> Calcium >= 0.251) -> Potassium <= 1.974)
",-3.708,-1.862,0.000,0.000,1.000,1,0,0,20,21,0,1,20,0.047619047619047616,0,0,1.0,0.047619047619047616,0.9523809523809523
"((HCO3 <= 9.019) U[1,2] (Resp <= 30.948))
",-9999999.000,-9999999.000,0.000,0.000,1.000,1,0,0,20,21,0,1,20,0.047619047619047616,0,0,1.0,0.047619047619047616,0.9523809523809523
"F[1,1](Hgb <= 2.972 | Hct <= 25.334)
",7131019158450996.000,25.334,0.000,0.000,1.000,1,0,0,20,21,0,1,20,0.047619047619047616,0,0,1.0,0.047619047619047616,0.9523809523809523
"((BUN <= 44.062) U[1,2] (Hct <= 8.920))
",-9999999.000,-9999999.000,0.000,0.000,1.000,1,0,0,20,21,0,1,20,0.047619047619047616,0,0,1.0,0.047619047619047616,0.9523809523809523
"F[0,0]((Phosphate >= 0.313 & Magnesium > 0.035) -> Calcium < 2.229)
",-2.229,-2.229,0.000,0.000,1.000,1,0,0,20,21,0,1,20,0.047619047619047616,0,0,1.0,0.047619047619047616,0.9523809523809523
"F[0,0]((SepsisLabel >= 0.000 & Glucose >= 5.326) -> Lactate >= 0.800)
",-0.193,-5.057,0.000,0.000,1.000,1,0,0,20,21,0,1,20,0.047619047619047616,0,0,1.0,0.047619047619047616,0.9523809523809523
"F[0,1](DBP >= 0.000 & Temp <= 17.598)
",-9999999.000,-9999999.000,0.000,0.000,1.000,1,0,0,20,21,0,1,20,0.047619047619047616,0,0,1.0,0.047619047619047616,0.9523809523809523
"F[0,0]((Phosphate >= 0.339 & Magnesium > 0.123) -> Calcium < 5.277)
",-5940856324054997.000,-5.277,0.000,0.000,1.000,1,0,0,20,21,0,1,20,0.047619047619047616,0,0,1.0,0.047619047619047616,0.9523809523809523
"((MAP <= 108.901) U[0,0] (Temp <= 15.327))
",-0.061,-4.003,0.000,0.000,1.000,1,0,0,20,21,0,1,20,0.047619047619047616,0,0,1.0,0.047619047619047616,0.9523809523809523
"F[0,0](((Calcium < 2.524 & Potassium < 2.625) & Magnesium < 1.478) & Phosphate < 4.470)
",1.408,1.276,0.000,0.000,1.000,1,0,0,20,21,0,1,20,0.047619047619047616,0,0,1.0,0.047619047619047616,0.9523809523809523
"F[0,0](((Calcium < 2.884 & Potassium < 0.427) & Magnesium < 1.227) & Phosphate < 4.236)
",0.148,0.170,0.000,0.000,1.000,1,0,0,20,21,0,1,20,0.047619047619047616,0,0,1.0,0.047619047619047616,0.9523809523809523
"F[0,0]((Phosphate >= 0.277 & Magnesium > 0.024) -> Calcium < 5.306)
",-5.306,-5.306,0.000,0.000,1.000,1,0,0,20,21,0,1,20,0.047619047619047616,0,0,1.0,0.047619047619047616,0.9523809523809523
"((Chloride <= 48.468) U[1,2] (MAP >= 11.303))
",-9999999.000,-9999999.000,0.000,0.000,1.000,1,0,0,20,21,0,1,20,0.047619047619047616,0,0,1.0,0.047619047619047616,0.9523809523809523
"F[0,0](((Alkalinephos <= 0.000 & FiO2 <= 0.000) -> O2Sat >= 0.000) & HCO3 <= 0.000)
",-1.783,-53.762,0.000,0.000,1.000,1,0,0,20,21,0,1,20,0.047619047619047616,0,0,1.0,0.047619047619047616,0.9523809523809523
"F[0,1](((Bilirubin_direct >= 0.000 & HR >= 0.699) & BaseExcess >= 20.111) | HR >= 8.586)
",-9999999.000,-9999999.000,0.000,0.000,1.000,1,0,0,20,21,0,1,20,0.047619047619047616,0,0,1.0,0.047619047619047616,0.9523809523809523
"((HCO3 <= 17.208) U[1,2] (Resp <= 27.959))
",-9999999.000,-9999999.000,0.000,0.000,1.000,1,0,0,20,21,0,1,20,0.047619047619047616,0,0,1.0,0.047619047619047616,0.9523809523809523
"F[0,0]((Chloride <= 41.159 -> TroponinI <= 0.000) -> Creatinine <= 0.000)
",0.224,1.541,0.000,0.000,1.000,1,0,0,20,21,0,1,20,0.047619047619047616,0,0,1.0,0.047619047619047616,0.9523809523809523
"((Chloride <= 24.517) U[0,1] (O2Sat >= 78.041))
",-9999999.000,-9999999.000,0.000,0.000,1.000,1,0,0,20,21,0,1,20,0.047619047619047616,0,0,1.0,0.047619047619047616,0.9523809523809523
"F[0,0](Hgb <= 3.726 | Hct <= 8.286)
",4664528006057083.000,8.286,0.000,0.000,1.000,1,0,0,20,21,0,1,20,0.047619047619047616,0,0,1.0,0.047619047619047616,0.9523809523809523
"F[1,2]((Phosphate >= 0.089 | HR >= 4.037) -> TroponinI <= 72.299)
",-9999999.000,-9999999.000,0.000,0.000,1.000,0,0,0,21,21,0,0,21,0.0,0,0,0.0,0.0,1.0
"F[1,2](((Resp >= 11.303 & HCO3 >= 0.456) -> Bilirubin_total <= 4.314) -> PTT <= 13.653)
",-9999999.000,-9999999.000,0.000,0.000,1.000,0,0,0,21,21,0,0,21,0.0,0,0,0.0,0.0,1.0
"F[0,2]((SBP >= 43.920 -> MAP <= 139.968) & Creatinine >= 6.672)
",-9999999.000,-9999999.000,0.000,0.000,1.000,0,0,0,21,21,0,0,21,0.0,0,0,0.0,0.0,1.0
"F[1,1](Glucose >= 4.336 | Glucose <= 104.080)
",104.080,104.080,0.000,0.000,1.000,0,0,0,21,21,0,0,21,0.0,0,0,0.0,0.0,1.0
"F[2,2](((FiO2 <= 0.000 & EtCO2 >= 0.000) | Resp >= 0.000) -> Creatinine <= 0.000)
",0.000,0.000,0.000,0.000,1.000,0,0,0,21,21,0,0,21,0.0,0,0,0.0,0.0,1.0
"F[2,2](((AST <= 0.000 -> O2Sat <= 85.632) | Glucose <= 94.347) & PaCO2 <= 98.859)
",6639102408743953.000,94.347,0.000,0.000,1.000,0,0,0,21,21,0,0,21,0.0,0,0,0.0,0.0,1.0
"((Phosphate <= 1.724) U[2,2] (Alkalinephos >= 0.000))
",1.724,1.724,0.000,0.000,1.000,0,0,0,21,21,0,0,21,0.0,0,0,0.0,0.0,1.0
"F[0,2]((SBP >= 48.264 -> PTT >= 0.442) | HCO3 <= 0.883)
",-9999999.000,-9999999.000,0.000,0.000,1.000,0,0,0,21,21,0,0,21,0.0,0,0,0.0,0.0,1.0
"((pH <= 0.000) U[1,2] (Bilirubin_total <= 0.443))
",-9999999.000,-9999999.000,0.000,0.000,1.000,0,0,0,21,21,0,0,21,0.0,0,0,0.0,0.0,1.0
"F[0,2](((Magnesium <= 0.864 -> Bilirubin_direct <= 0.000) & Phosphate >= 0.000) -> SBP <= 0.000)
",-9999999.000,-9999999.000,0.000,0.000,1.000,0,0,0,21,21,0,0,21,0.0,0,0,0.0,0.0,1.0
"F[2,2]((Temp >= 4.290 | Bilirubin_total >= 0.012) -> Bilirubin_total >= 0.012)
",6657808317625997.000,0.012,0.000,0.000,1.000,0,0,0,21,21,0,0,21,0.0,0,0,0.0,0.0,1.0
"F[0,0](((EtCO2 <= 0.000 -> FiO2 >= 0.000) | Chloride >= 0.000) | Lactate >= 0.000)
",0.224,5.857,0.000,0.000,1.000,0,0,0,21,21,0,0,21,0.0,0,0,0.0,0.0,1.0
"F[2,2]((Bilirubin_total <= 0.195 & Bilirubin_total <= 0.182) & Creatinine <= 0.272)
",0.182,0.182,0.000,0.000,1.000,0,0,0,21,21,0,0,21,0.0,0,0,0.0,0.0,1.0
"F[0,1](((PTT >= 0.046 & Temp <= 31.647) -> Hct >= 6.767) | Bilirubin_direct <= 35.932)
",-9999999.000,-9999999.000,0.000,0.000,1.000,0,0,0,21,21,0,0,21,0.0,0,0,0.0,0.0,1.0
"F[0,0]((SepsisLabel >= 0.000 & Alkalinephos >= 0.000) | HR <= 0.000)
",0.224,2.952,0.000,0.000,1.000,0,0,0,21,21,0,0,21,0.0,0,0,0.0,0.0,1.0
"F[0,1](((Bilirubin_direct <= 0.000 -> PaCO2 <= 0.000) & Calcium <= 0.000) & DBP >= 0.000)
",-9999999.000,-9999999.000,0.000,0.000,1.000,0,0,0,21,21,0,0,21,0.0,0,0,0.0,0.0,1.0
"F[0,0](((SepsisLabel >= 0.000 -> Magnesium >= 0.049) | Alkalinephos <= 1.653) | Creatinine <= 0.926)
",-0.102,-1.378,0.000,0.000,1.000,0,0,0,21,21,0,0,21,0.0,0,0,0.0,0.0,1.0
"F[1,2](Lactate >= 0.000 & TroponinI >= 0.000)
",-9999999.000,-9999999.000,0.000,0.000,1.000,0,0,0,21,21,0,0,21,0.0,0,0,0.0,0.0,1.0
"F[0,1](Glucose >= 5.075 -> PTT >= 0.289)
",-9999999.000,-9999999.000,0.000,0.000,1.000,0,0,0,21,21,0,0,21,0.0,0,0,0.0,0.0,1.0
"F[0,2]((BUN <= 63.862 -> Hct <= 23.735) | TroponinI <= 12.324)
",-9999999.000,-9999999.000,0.000,0.000,1.000,0,0,0,21,21,0,0,21,0.0,0,0,0.0,0.0,1.0
"F[2,2]((BUN <= 68.820 -> Creatinine >= 0.015) | Phosphate <= 7.655)
",7.655,7.655,0.000,0.000,1.000,0,0,0,21,21,0,0,21,0.0,0,0,0.0,0.0,1.0
"F[0,1](((Lactate <= 0.000 | BUN >= 3.549) | Fibrinogen <= 73.526) | MAP >= 0.271)
",-9999999.000,-9999999.000,0.000,0.000,1.000,0,0,0,21,21,0,0,21,0.0,0,0,0.0,0.0,1.0
"F[0,2]((Magnesium >= 0.066 & Hgb <= 1.503) -> Temp <= 8.953)
",-9999999.000,-9999999.000,0.000,0.000,1.000,0,0,0,21,21,0,0,21,0.0,0,0,0.0,0.0,1.0
"F[2,2]((Chloride <= 64.493 | MAP <= 122.009) | Chloride <= 111.641)
",8585653239333469.000,122.009,0.000,0.000,1.000,0,0,0,21,21,0,0,21,0.0,0,0,0.0,0.0,1.0
"F[0,2](((TroponinI <= 0.000 & Platelets >= 2.153) | SaO2 >= 0.900) | BUN >= 0.239)
",-9999999.000,-9999999.000,0.000,0.000,1.000,0,0,0,21,21,0,0,21,0.0,0,0,0.0,0.0,1.0
"F[0,1]((pH >= 0.000 -> HCO3 >= 0.588) | Hct <= 7.074)
",-9999999.000,-9999999.000,0.000,0.000,1.000,0,0,0,21,21,0,0,21,0.0,0,0,0.0,0.0,1.0
"F[0,0]((Lactate >= 0.000 & Lactate >= 0.000) -> EtCO2 >= 0.000)
",-0.880,-21.667,0.000,0.000,1.000,0,0,0,21,21,0,0,21,0.0,0,0,0.0,0.0,1.0
"F[2,2]((Glucose <= 115.174 | AST >= 0.000) & Hct >= 0.000)
",0.000,0.000,0.000,0.000,1.000,0,0,0,21,21,0,0,21,0.0,0,0,0.0,0.0,1.0
"F[1,2]((Hct <= 8.680 -> Temp >= 1.361) | BaseExcess <= 8.731)
",-9999999.000,-9999999.000,0.000,0.000,1.000,0,0,0,21,21,0,0,21,0.0,0,0,0.0,0.0,1.0
"F[0,2]((Alkalinephos >= 0.000 | HR >= 43.183) | PTT >= 50.836)
",-9999999.000,-9999999.000,0.000,0.000,1.000,0,0,0,21,21,0,0,21,0.0,0,0,0.0,0.0,1.0
"F[0,2](Creatinine >= 0.065 -> O2Sat >= 49.045)
",-9999999.000,-9999999.000,0.000,0.000,1.000,0,0,0,21,21,0,0,21,0.0,0,0,0.0,0.0,1.0
"F[1,2](Glucose >= 2.254 -> FiO2 >= 0.000)
",-9999999.000,-9999999.000,0.000,0.000,1.000,0,0,0,21,21,0,0,21,0.0,0,0,0.0,0.0,1.0
"F[0,1]((WBC <= 3.509 | pH >= 0.000) -> Chloride >= 0.000)
",-9999999.000,-9999999.000,0.000,0.000,1.000,0,0,0,21,21,0,0,21,0.0,0,0,0.0,0.0,1.0
"F[0,2](((PTT >= 0.104 | Fibrinogen <= 123.016) | Calcium >= 5.213) | Alkalinephos >= 3.398)
",-9999999.000,-9999999.000,0.000,0.000,1.000,0,0,0,21,21,0,0,21,0.0,0,0,0.0,0.0,1.0
"F[1,1](((WBC <= 1.807 & Platelets <= 16.090) -> Glucose <= 18.893) & Resp <= 62.683)
",-5317929545257900.000,-18.893,0.000,0.000,1.000,0,0,0,21,21,0,0,21,0.0,0,0,0.0,0.0,1.0
"((MAP >= 82.116) U[0,1] (Hgb <= 4.509))
",-9999999.000,-9999999.000,0.000,0.000,1.000,0,0,0,21,21,0,0,21,0.0,0,0,0.0,0.0,1.0
"F[1,2]((Fibrinogen <= 179.338 | Resp >= 4.623) | Lactate <= 28.539)
",-9999999.000,-9999999.000,0.000,0.000,1.000,0,0,0,21,21,0,0,21,0.0,0,0,0.0,0.0,1.0
"F[1,2](Fibrinogen >= 7.274 -> BaseExcess >= 0.000)
",-9999999.000,-9999999.000,0.000,0.000,1.000,0,0,0,21,21,0,0,21,0.0,0,0,0.0,0.0,1.0
"F[1,2](((FiO2 <= 0.000 & HR >= 57.035) -> Potassium >= 17.185) -> SaO2 >= 41.637)
",-9999999.000,-9999999.000,0.000,0.000,1.000,0,0,0,21,21,0,0,21,0.0,0,0,0.0,0.0,1.0
"F[0,0]((Potassium <= 1.875 -> TroponinI <= 0.000) | Phosphate <= 0.000)
",0.000,0.000,0.000,0.000,1.000,0,0,0,21,21,0,0,21,0.0,0,0,0.0,0.0,1.0
"F[1,2]((pH <= 0.000 | SepsisLabel >= 0.000) & TroponinI <= 0.000)
",-9999999.000,-9999999.000,0.000,0.000,1.000,0,0,0,21,21,0,0,21,0.0,0,0,0.0,0.0,1.0
"F[0,1](Bilirubin_total <= 0.447 & Lactate <= 0.000)
",-9999999.000,-9999999.000,0.000,0.000,1.000,0,0,0,21,21,0,0,21,0.0,0,0,0.0,0.0,1.0
"F[0,0]((WBC >= 0.215 -> BUN >= 3.230) & FiO2 <= 50.721)
",7747530345991938.000,0.215,0.000,0.000,1.000,0,0,0,21,21,0,0,21,0.0,0,0,0.0,0.0,1.0
"F[2,2](((SaO2 <= 0.000 | BaseExcess <= 0.000) -> Calcium <= 0.000) -> Phosphate >= 0.000)
",0.000,0.000,0.000,0.000,1.000,0,0,0,21,21,0,0,21,0.0,0,0,0.0,0.0,1.0
"F[0,1]((WBC >= 0.087 | SepsisLabel >= 0.000) & WBC <= 0.000)
",-9999999.000,-9999999.000,0.000,0.000,1.000,0,0,0,21,21,0,0,21,0.0,0,0,0.0,0.0,1.0
"((Hct <= 12.279) U[0,1] (DBP >= 0.000))
",-9999999.000,-9999999.000,0.000,0.000,1.000,0,0,0,21,21,0,0,21,0.0,0,0,0.0,0.0,1.0
"F[1,1]((BaseExcess >= 0.000 & Lactate <= 0.000) | Potassium <= 0.000)
",0.000,0.000,0.000,0.000,1.000,0,0,0,21,21,0,0,21,0.0,0,0,0.0,0.0,1.0
"F[1,2]((FiO2 <= 0.000 | EtCO2 >= 0.000) | Bilirubin_direct >= 0.000)
",-9999999.000,-9999999.000,0.000,0.000,1.000,0,0,0,21,21,0,0,21,0.0,0,0,0.0,0.0,1.0
"F[1,2](Resp >= 2.398 | PaCO2 >= 0.000)
",-9999999.000,-9999999.000,0.000,0.000,1.000,0,0,0,21,21,0,0,21,0.0,0,0,0.0,0.0,1.0
"((DBP >= 0.000) U[0,1] (Bilirubin_direct <= 0.000))
",-9999999.000,-9999999.000,0.000,0.000,1.000,0,0,0,21,21,0,0,21,0.0,0,0,0.0,0.0,1.0
"F[0,1]((HR <= 65.765 & Hgb >= 0.620) -> Temp <= 5.798)
",-9999999.000,-9999999.000,0.000,0.000,1.000,0,0,0,21,21,0,0,21,0.0,0,0,0.0,0.0,1.0
"F[0,2](((Bilirubin_direct >= 0.000 -> HCO3 <= 2.349) | DBP <= 16.922) & Alkalinephos <= 20.366)
",-9999999.000,-9999999.000,0.000,0.000,1.000,0,0,0,21,21,0,0,21,0.0,0,0,0.0,0.0,1.0
"F[0,1](((Potassium <= 4.248 & Bilirubin_direct >= 0.000) | Potassium >= 0.000) | MAP >= 0.000)
",-9999999.000,-9999999.000,0.000,0.000,1.000,0,0,0,21,21,0,0,21,0.0,0,0,0.0,0.0,1.0
"F[0,2]((pH >= 0.000 & DBP <= 0.000) & SBP >= 0.000)
",-9999999.000,-9999999.000,0.000,0.000,1.000,0,0,0,21,21,0,0,21,0.0,0,0,0.0,0.0,1.0
"F[0,1]((Temp >= 6.013 | TroponinI >= 0.000) -> Calcium <= 0.000)
",-9999999.000,-9999999.000,0.000,0.000,1.000,0,0,0,21,21,0,0,21,0.0,0,0,0.0,0.0,1.0
"F[1,2]((Lactate >= 0.000 | Hct >= 1.408) -> Glucose >= 0.704)
",-9999999.000,-9999999.000,0.000,0.000,1.000,0,0,0,21,21,0,0,21,0.0,0,0,0.0,0.0,1.0
"F[0,2](((SBP <= 151.554 -> Bilirubin_direct <= 0.000) | Fibrinogen >= 0.000) & SepsisLabel >= 0.000)
",-9999999.000,-9999999.000,0.000,0.000,1.000,0,0,0,21,21,0,0,21,0.0,0,0,0.0,0.0,1.0
"F[0,2](SBP <= 135.402 & BUN <= 18.507)
",-9999999.000,-9999999.000,0.000,0.000,1.000,0,0,0,21,21,0,0,21,0.0,0,0,0.0,0.0,1.0
"F[0,1](((Lactate <= 0.000 & EtCO2 <= 0.000) & pH <= 0.000) -> Hct >= 0.000)
",-9999999.000,-9999999.000,0.000,0.000,1.000,0,0,0,21,21,0,0,21,0.0,0,0,0.0,0.0,1.0
"((HCO3 <= 9.612) U[2,2] (EtCO2 >= 0.000))
",5411148252629812.000,9.612,0.000,0.000,1.000,0,0,0,21,21,0,0,21,0.0,0,0,0.0,0.0,1.0
"((WBC <= 4.661) U[0,2] (Phosphate >= 0.007))
",-9999999.000,-9999999.000,0.000,0.000,1.000,0,0,0,21,21,0,0,21,0.0,0,0,0.0,0.0,1.0
"((Fibrinogen <= 261.030) U[0,2] (Hgb <= 7.748))
",-9999999.000,-9999999.000,0.000,0.000,1.000,0,0,0,21,21,0,0,21,0.0,0,0,0.0,0.0,1.0
"F[0,0]((BaseExcess >= 0.000 & HCO3 >= 0.082) | BUN <= 21.313)
",5999099535489755.000,21.313,0.000,0.000,1.000,0,0,0,21,21,0,0,21,0.0,0,0,0.0,0.0,1.0
"((SepsisLabel <= 0.000) U[1,2] (Magnesium <= 1.309))
",-9999999.000,-9999999.000,0.000,0.000,1.000,0,0,0,21,21,0,0,21,0.0,0,0,0.0,0.0,1.0
"F[0,0](((PaCO2 <= 0.000 & BUN <= 55.950) | Magnesium <= 62.155) | HR <= 10.202)
",8747485703334775.000,62.155,0.000,0.000,1.000,0,0,0,21,21,0,0,21,0.0,0,0,0.0,0.0,1.0
"F[0,1](((HCO3 >= 0.155 & Potassium <= 3.182) | Platelets <= 2.975) -> Alkalinephos <= 1.877)
",-9999999.000,-9999999.000,0.000,0.000,1.000,0,0,0,21,21,0,0,21,0.0,0,0,0.0,0.0,1.0
"F[0,2](TroponinI >= 0.000 & Phosphate >= 0.194)
",-9999999.000,-9999999.000,0.000,0.000,1.000,0,0,0,21,21,0,0,21,0.0,0,0,0.0,0.0,1.0
"F[1,2]((HR >= 48.416 & Hgb <= 5.436) & SepsisLabel >= 0.498)
",-9999999.000,-9999999.000,0.000,0.000,1.000,0,0,0,21,21,0,0,21,0.0,0,0,0.0,0.0,1.0
"F[1,2]((Fibrinogen <= 169.150 -> FiO2 <= 0.000) & WBC <= 0.000)
",-9999999.000,-9999999.000,0.000,0.000,1.000,0,0,0,21,21,0,0,21,0.0,0,0,0.0,0.0,1.0
"F[0,1](TroponinI >= 0.000 -> FiO2 >= 0.000)
",-9999999.000,-9999999.000,0.000,0.000,1.000,0,0,0,21,21,0,0,21,0.0,0,0,0.0,0.0,1.0
"F[0,2]((TroponinI >= 0.000 & BUN <= 9.374) | HCO3 >= 1.763)
",-9999999.000,-9999999.000,0.000,0.000,1.000,0,0,0,21,21,0,0,21,0.0,0,0,0.0,0.0,1.0
"F[2,2]((Resp >= 2.836 -> SBP <= 158.743) -> pH <= 144.579)
",-2543464481523469.500,-144.579,0.000,0.000,1.000,0,0,0,21,21,0,0,21,0.0,0,0,0.0,0.0,1.0
"F[0,2](((BUN <= 29.025 | Hgb <= 5.614) | Phosphate <= 5.666) -> Bilirubin_direct <= 4.310)
",-9999999.000,-9999999.000,0.000,0.000,1.000,0,0,0,21,21,0,0,21,0.0,0,0,0.0,0.0,1.0
"F[1,2]((PaCO2 >= 0.000 | AST <= 0.000) -> Platelets <= 0.000)
",-9999999.000,-9999999.000,0.000,0.000,1.000,0,0,0,21,21,0,0,21,0.0,0,0,0.0,0.0,1.0
"F[0,0](Hct >= 0.101 -> TroponinI <= 0.000)
",0.000,0.000,0.000,0.000,1.000,0,0,0,21,21,0,0,21,0.0,0,0,0.0,0.0,1.0
"F[1,2](((HR <= 73.596 & pH >= 0.000) | HR <= 0.000) & HR >= 0.000)
",-9999999.000,-9999999.000,0.000,0.000,1.000,0,0,0,21,21,0,0,21,0.0,0,0,0.0,0.0,1.0
"F[1,2](SaO2 >= 0.000 & Chloride >= 6.752)
",-9999999.000,-9999999.000,0.000,0.000,1.000,0,0,0,21,21,0,0,21,0.0,0,0,0.0,0.0,1.0
"F[1,2]((EtCO2 <= 0.000 | Calcium >= 0.033) -> Hct >= 0.348)
",-9999999.000,-9999999.000,0.000,0.000,1.000,0,0,0,21,21,0,0,21,0.0,0,0,0.0,0.0,1.0
"F[0,0](((Hct <= 18.902 | Alkalinephos >= 0.000) -> Calcium >= 0.000) & Potassium >= 0.000)
",-1.961,-21.335,0.000,0.000,1.000,0,0,0,21,21,0,0,21,0.0,0,0,0.0,0.0,1.0
"F[0,1]((Glucose <= 84.366 & pH >= 0.000) | Glucose >= 0.000)
",-9999999.000,-9999999.000,0.000,0.000,1.000,0,0,0,21,21,0,0,21,0.0,0,0,0.0,0.0,1.0
"((BaseExcess >= 0.000) U[0,1] (pH >= 0.000))
",-9999999.000,-9999999.000,0.000,0.000,1.000,0,0,0,21,21,0,0,21,0.0,0,0,0.0,0.0,1.0
"F[0,2](((Chloride <= 64.680 | Calcium <= 2.094) -> TroponinI >= 0.141) | BaseExcess >= 0.462)
",-9999999.000,-9999999.000,0.000,0.000,1.000,0,0,0,21,21,0,0,21,0.0,0,0,0.0,0.0,1.0
"F[0,2](O2Sat >= 19.492 | SBP <= 145.887)
",-9999999.000,-9999999.000,0.000,0.000,1.000,0,0,0,21,21,0,0,21,0.0,0,0,0.0,0.0,1.0
"F[0,2](FiO2 >= 0.000 -> TroponinI >= 0.000)
",-9999999.000,-9999999.000,0.000,0.000,1.000,0,0,0,21,21,0,0,21,0.0,0,0,0.0,0.0,1.0
"F[0,2](((Platelets >= 0.359 & SepsisLabel >= 0.000) & EtCO2 >= 0.000) & PaCO2 <= 0.000)
",-9999999.000,-9999999.000,0.000,0.000,1.000,0,0,0,21,21,0,0,21,0.0,0,0,0.0,0.0,1.0
"F[2,2](Bilirubin_direct <= 0.000 -> TroponinI >= 0.000)
",0.000,0.000,0.000,0.000,1.000,0,0,0,21,21,0,0,21,0.0,0,0,0.0,0.0,1.0
"F[0,2]((DBP >= 0.000 & Calcium <= 4.139) & Temp >= 0.335)
",-9999999.000,-9999999.000,0.000,0.000,1.000,0,0,0,21,21,0,0,21,0.0,0,0,0.0,0.0,1.0
"F[1,2](SepsisLabel <= 0.000 & Hct >= 0.512)
",-9999999.000,-9999999.000,0.000,0.000,1.000,0,0,0,21,21,0,0,21,0.0,0,0,0.0,0.0,1.0
"F[1,2](((Magnesium <= 1.049 & pH <= 0.000) -> Creatinine <= 0.000) & AST <= 0.000)
",-9999999.000,-9999999.000,0.000,0.000,1.000,0,0,0,21,21,0,0,21,0.0,0,0,0.0,0.0,1.0
"F[0,2](((Hct <= 13.253 | Glucose >= 7.390) -> DBP <= 84.756) & DBP >= 2.927)
",-9999999.000,-9999999.000,0.000,0.000,1.000,0,0,0,21,21,0,0,21,0.0,0,0,0.0,0.0,1.0
"((BUN >= 1.031) U[0,2] (Calcium >= 0.139))
",-9999999.000,-9999999.000,0.000,0.000,1.000,0,0,0,21,21,0,0,21,0.0,0,0,0.0,0.0,1.0
"F[0,2](((TroponinI <= 0.000 -> BUN <= 10.897) | Platelets <= 76.429) | PaCO2 >= 0.562)
",-9999999.000,-9999999.000,0.000,0.000,1.000,0,0,0,21,21,0,0,21,0.0,0,0,0.0,0.0,1.0
"F[0,2]((HCO3 >= 0.630 | FiO2 >= 0.000) & DBP >= 0.000)
",-9999999.000,-9999999.000,0.000,0.000,1.000,0,0,0,21,21,0,0,21,0.0,0,0,0.0,0.0,1.0
"F[0,2](((Fibrinogen <= 202.264 & Fibrinogen <= 312.550) & BUN <= 122.140) | MAP <= 161.055)
",-9999999.000,-9999999.000,0.000,0.000,1.000,0,0,0,21,21,0,0,21,0.0,0,0,0.0,0.0,1.0
"F[0,0]((PTT >= 0.419 | TroponinI <= 0.000) & Temp >= 0.000)
",0.224,0.428,0.000,0.000,1.000,0,0,0,21,21,0,0,21,0.0,0,0,0.0,0.0,1.0
"F[1,1]((TroponinI >= 0.000 | Resp <= 27.975) & Lactate <= 24.617)
",24.617,24.617,0.000,0.000,1.000,0,0,0,21,21,0,0,21,0.0,0,0,0.0,0.0,1.0
"F[1,2]((PTT <= 20.657 | TroponinI >= 0.000) | Glucose >= 0.000)
",-9999999.000,-9999999.000,0.000,0.000,1.000,0,0,0,21,21,0,0,21,0.0,0,0,0.0,0.0,1.0
"F[1,2]((Alkalinephos >= 0.000 -> HR <= 63.006) & BaseExcess >= 48.270)
",-9999999.000,-9999999.000,0.000,0.000,1.000,0,0,0,21,21,0,0,21,0.0,0,0,0.0,0.0,1.0
"F[0,0]((Lactate >= 0.000 -> Alkalinephos <= 0.000) | SepsisLabel <= 0.000)
",-0.224,-2.952,0.000,0.000,1.000,0,0,0,21,21,0,0,21,0.0,0,0,0.0,0.0,1.0
"((BaseExcess <= 0.000) U[1,2] (Lactate <= 0.000))
",-9999999.000,-9999999.000,0.000,0.000,1.000,0,0,0,21,21,0,0,21,0.0,0,0,0.0,0.0,1.0
"F[1,2](WBC <= 4.773 & HR <= 64.782)
",-9999999.000,-9999999.000,0.000,0.000,1.000,0,0,0,21,21,0,0,21,0.0,0,0,0.0,0.0,1.0
"F[0,2](Alkalinephos >= 0.000 -> Temp <= 23.738)
",-9999999.000,-9999999.000,0.000,0.000,1.000,0,0,0,21,21,0,0,21,0.0,0,0,0.0,0.0,1.0
"((DBP >= 0.000) U[0,0] (FiO2 <= 0.000))
",1.706,88.968,0.000,0.000,1.000,0,0,0,21,21,0,0,21,0.0,0,0,0.0,0.0,1.0
"F[2,2]((Chloride >= 6.089 & Bilirubin_total <= 0.153) & Platelets <= 0.463)
",-3427751591518946.000,-6.089,0.000,0.000,1.000,0,0,0,21,21,0,0,21,0.0,0,0,0.0,0.0,1.0
"F[2,2]((HCO3 >= 0.975 & PaCO2 >= 0.000) -> Alkalinephos >= 0.000)
",0.000,0.000,0.000,0.000,1.000,0,0,0,21,21,0,0,21,0.0,0,0,0.0,0.0,1.0
"((Fibrinogen <= 125.994) U[0,2] (Magnesium >= 0.129))
",-9999999.000,-9999999.000,0.000,0.000,1.000,0,0,0,21,21,0,0,21,0.0,0,0,0.0,0.0,1.0
"F[1,1]((SepsisLabel <= 0.000 | DBP <= 0.000) -> SaO2 <= 0.000)
",0.000,0.000,0.000,0.000,1.000,0,0,0,21,21,0,0,21,0.0,0,0,0.0,0.0,1.0
"F[0,1](Hgb >= 0.422 | Chloride <= 71.885)
",-9999999.000,-9999999.000,0.000,0.000,1.000,0,0,0,21,21,0,0,21,0.0,0,0,0.0,0.0,1.0
"F[2,2]((Magnesium <= 1.263 -> MAP >= 4.226) | Glucose >= 75.494)
",-5687826688859035.000,-1.263,0.000,0.000,1.000,0,0,0,21,21,0,0,21,0.0,0,0,0.0,0.0,1.0
"F[1,2](((PTT <= 12.146 & SepsisLabel <= 0.000) | Platelets <= 0.000) | Fibrinogen >= 0.000)
",-9999999.000,-9999999.000,0.000,0.000,1.000,0,0,0,21,21,0,0,21,0.0,0,0,0.0,0.0,1.0
"F[0,2](((Alkalinephos <= 0.000 & Lactate >= 0.000) | HR <= 0.000) -> Potassium >= 0.000)
",-9999999.000,-9999999.000,0.000,0.000,1.000,0,0,0,21,21,0,0,21,0.0,0,0,0.0,0.0,1.0
"F[0,1]((Resp <= 20.656 | pH >= 0.000) & BaseExcess >= 0.000)
",-9999999.000,-9999999.000,0.000,0.000,1.000,0,0,0,21,21,0,0,21,0.0,0,0,0.0,0.0,1.0
"F[0,1]((FiO2 >= 0.000 | Alkalinephos >= 0.000) & BaseExcess <= 0.000)
",-9999999.000,-9999999.000,0.000,0.000,1.000,0,0,0,21,21,0,0,21,0.0,0,0,0.0,0.0,1.0
"F[0,1](((Bilirubin_direct >= 0.000 & AST >= 0.000) & Magnesium <= 0.000) & Fibrinogen <= 0.000)
",-9999999.000,-9999999.000,0.000,0.000,1.000,0,0,0,21,21,0,0,21,0.0,0,0,0.0,0.0,1.0
"F[0,1](((Platelets >= 3.059 & Resp <= 21.705) | Creatinine >= 14.747) -> MAP <= 30.273)
",-9999999.000,-9999999.000,0.000,0.000,1.000,0,0,0,21,21,0,0,21,0.0,0,0,0.0,0.0,1.0
"F[1,2](((Hgb <= 5.108 -> Potassium >= 0.101) | DBP <= 0.851) | Temp >= 0.245)
",-9999999.000,-9999999.000,0.000,0.000,1.000,0,0,0,21,21,0,0,21,0.0,0,0,0.0,0.0,1.0
"F[2,2](((Potassium <= 4.010 | Potassium <= 0.995) -> Calcium <= 1.742) -> Temp >= 0.077)
",2779492249267101.500,0.077,0.000,0.000,1.000,0,0,0,21,21,0,0,21,0.0,0,0,0.0,0.0,1.0
"F[0,2](((AST <= 0.000 -> Alkalinephos >= 0.000) -> Hct <= 0.000) & Potassium >= 0.000)
",-9999999.000,-9999999.000,0.000,0.000,1.000,0,0,0,21,21,0,0,21,0.0,0,0,0.0,0.0,1.0
"F[0,1](((Alkalinephos >= 0.000 & EtCO2 >= 0.000) & BaseExcess >= 0.000) -> MAP >= 0.000)
",-9999999.000,-9999999.000,0.000,0.000,1.000,0,0,0,21,21,0,0,21,0.0,0,0,0.0,0.0,1.0
"((BaseExcess <= 0.000) U[0,2] (Fibrinogen >= 7.161))
",-9999999.000,-9999999.000,0.000,0.000,1.000,0,0,0,21,21,0,0,21,0.0,0,0,0.0,0.0,1.0
"F[0,2]((PTT >= 0.401 | TroponinI >= 0.000) -> Magnesium <= 0.000)
",-9999999.000,-9999999.000,0.000,0.000,1.000,0,0,0,21,21,0,0,21,0.0,0,0,0.0,0.0,1.0
"F[1,2](Alkalinephos <= 0.000 | pH <= 0.000)
",-9999999.000,-9999999.000,0.000,0.000,1.000,0,0,0,21,21,0,0,21,0.0,0,0,0.0,0.0,1.0
"F[0,1]((Creatinine <= 9.175 -> BUN <= 10.746) | Temp <= 42.849)
",-9999999.000,-9999999.000,0.000,0.000,1.000,0,0,0,21,21,0,0,21,0.0,0,0,0.0,0.0,1.0
"F[0,1]((Platelets <= 48.603 -> SBP <= 157.852) | PTT <= 182.777)
",-9999999.000,-9999999.000,0.000,0.000,1.000,0,0,0,21,21,0,0,21,0.0,0,0,0.0,0.0,1.0
"F[1,2]((Fibrinogen >= 5.418 | MAP <= 138.353) -> SaO2 <= 141.292)
",-9999999.000,-9999999.000,0.000,0.000,1.000,0,0,0,21,21,0,0,21,0.0,0,0,0.0,0.0,1.0
"F[0,1](((EtCO2 >= 0.000 | PaCO2 >= 0.000) | DBP >= 0.000) -> FiO2 <= 0.000)
",-9999999.000,-9999999.000,0.000,0.000,1.000,0,0,0,21,21,0,0,21,0.0,0,0,0.0,0.0,1.0
"F[0,0](SaO2 <= 0.000 & SepsisLabel = 0.000)
",-0.224,-2.952,0.000,0.000,1.000,0,0,0,21,21,0,0,21,0.0,0,0,0.0,0.0,1.0
"F[0,2](PTT < 3.604 -> SepsisLabel = 0.000)
",-9999999.000,-9999999.000,0.000,0.000,1.000,0,0,0,21,21,0,0,21,0.0,0,0,0.0,0.0,1.0
"F[0,0](Lactate <= 0.000 & SepsisLabel = 0.000)
",-0.224,-5.857,0.000,0.000,1.000,0,0,0,21,21,0,0,21,0.0,0,0,0.0,0.0,1.0
"F[1,1](BaseExcess > 0.000 -> SepsisLabel = 0.000)
",0.000,0.000,0.000,0.000,1.000,0,0,0,21,21,0,0,21,0.0,0,0,0.0,0.0,1.0
"((SaO2 < 0.000) U[0,2] (SepsisLabel = 0.000))
",-9999999.000,-9999999.000,0.000,0.000,1.000,0,0,0,21,21,0,0,21,0.0,0,0,0.0,0.0,1.0
"F[0,1](HR >= 11.007 -> SepsisLabel = 0.000)
",-9999999.000,-9999999.000,0.000,0.000,1.000,0,0,0,21,21,0,0,21,0.0,0,0,0.0,0.0,1.0
"((Phosphate > 0.033) U[0,1] (SepsisLabel = 0.000))
",-9999999.000,-9999999.000,0.000,0.000,1.000,0,0,0,21,21,0,0,21,0.0,0,0,0.0,0.0,1.0
"F[2,2](Resp < 28.059 -> SepsisLabel = 0.000)
",-7897793508932509.000,-28.059,0.000,0.000,1.000,0,0,0,21,21,0,0,21,0.0,0,0,0.0,0.0,1.0
"F[0,0](PTT < 1.127 -> SepsisLabel = 0.000)
",-0.340,-0.680,0.000,0.000,1.000,0,0,0,21,21,0,0,21,0.0,0,0,0.0,0.0,1.0
"((Hgb >= 0.514) U[2,2] (Bilirubin_direct <= 0.000))
",0.000,0.000,0.000,0.000,1.000,0,0,0,21,21,0,0,21,0.0,0,0,0.0,0.0,1.0
"((Alkalinephos < 0.000) U[2,2] (SepsisLabel = 0.000))
",0.000,0.000,0.000,0.000,1.000,0,0,0,21,21,0,0,21,0.0,0,0,0.0,0.0,1.0
"F[1,1](WBC >= 0.578 -> SepsisLabel = 0.000)
",0.000,0.000,0.000,0.000,1.000,0,0,0,21,21,0,0,21,0.0,0,0,0.0,0.0,1.0
"((Temp >= 2.977) U[0,2] (SepsisLabel = 0.000))
",-9999999.000,-9999999.000,0.000,0.000,1.000,0,0,0,21,21,0,0,21,0.0,0,0,0.0,0.0,1.0
"((WBC <= 7.644) U[0,0] (SepsisLabel = 0.000))
",2868784421873924.000,7.644,0.000,0.000,1.000,0,0,0,21,21,0,0,21,0.0,0,0,0.0,0.0,1.0
"((DBP < 0.000) U[0,0] (SepsisLabel = 0.000))
",-0.224,-2.952,0.000,0.000,1.000,0,0,0,21,21,0,0,21,0.0,0,0,0.0,0.0,1.0
"((BaseExcess >= 0.000) U[1,2] (SepsisLabel = 0.000))
",-9999999.000,-9999999.000,0.000,0.000,1.000,0,0,0,21,21,0,0,21,0.0,0,0,0.0,0.0,1.0
"F[1,2](WBC <= 5.533 -> SepsisLabel = 0.000)
",-9999999.000,-9999999.000,0.000,0.000,1.000,0,0,0,21,21,0,0,21,0.0,0,0,0.0,0.0,1.0
"F[0,2](Bilirubin_direct >= 0.000 & SepsisLabel = 0.000)
",-9999999.000,-9999999.000,0.000,0.000,1.000,0,0,0,21,21,0,0,21,0.0,0,0,0.0,0.0,1.0
"((Creatinine >= 0.297) U[2,2] (SepsisLabel = 0.000))
",0.000,0.000,0.000,0.000,1.000,0,0,0,21,21,0,0,21,0.0,0,0,0.0,0.0,1.0
"F[1,2](Lactate < 0.000 -> SepsisLabel = 0.000)
",-9999999.000,-9999999.000,0.000,0.000,1.000,0,0,0,21,21,0,0,21,0.0,0,0,0.0,0.0,1.0
"((HCO3 <= 2.044) U[2,2] (SepsisLabel = 0.000))
",4602664034389659.000,2.044,0.000,0.000,1.000,0,0,0,21,21,0,0,21,0.0,0,0,0.0,0.0,1.0
"F[1,2]((BUN <= 68.101 & Chloride >= 4.206) & Hgb <= 14.135)
",-9999999.000,-9999999.000,0.000,0.000,1.000,0,0,0,21,21,0,0,21,0.0,0,0,0.0,0.0,1.0
"F[0,2](((Chloride >= 5.376 -> Hgb >= 0.126) | Hgb <= 4.766) | Glucose <= 8.481)
",-9999999.000,-9999999.000,0.000,0.000,1.000,0,0,0,21,21,0,0,21,0.0,0,0,0.0,0.0,1.0
"F[0,2]((Phosphate <= 1.624 & WBC <= 9.622) | SBP <= 1.553)
",-9999999.000,-9999999.000,0.000,0.000,1.000,0,0,0,21,21,0,0,21,0.0,0,0,0.0,0.0,1.0
"F[0,2](((Calcium <= 1.349 & Creatinine >= 0.162) | Hgb >= 0.585) | SaO2 >= 0.632)
",-9999999.000,-9999999.000,0.000,0.000,1.000,0,0,0,21,21,0,0,21,0.0,0,0,0.0,0.0,1.0
"((Creatinine <= 8.121) U[0,2] (WBC >= 0.392))
",-9999999.000,-9999999.000,0.000,0.000,1.000,0,0,0,21,21,0,0,21,0.0,0,0,0.0,0.0,1.0
"F[0,2](((Magnesium >= 0.018 -> WBC <= 2.261) -> Chloride >= 0.481) | WBC <= 5.855)
",-9999999.000,-9999999.000,0.000,0.000,1.000,0,0,0,21,21,0,0,21,0.0,0,0,0.0,0.0,1.0
"F[0,0](Creatinine >= 0.584 | HCO3 <= 2.756)
",0.366,7.073,0.000,0.000,1.000,0,0,0,21,21,0,0,21,0.0,0,0,0.0,0.0,1.0
"F[1,2]((Calcium <= 4.240 -> HCO3 <= 11.550) & Creatinine >= 0.178)
",-9999999.000,-9999999.000,0.000,0.000,1.000,0,0,0,21,21,0,0,21,0.0,0,0,0.0,0.0,1.0
"((Chloride <= 11.028) U[0,2] (Creatinine >= 0.197))
",-9999999.000,-9999999.000,0.000,0.000,1.000,0,0,0,21,21,0,0,21,0.0,0,0,0.0,0.0,1.0
"F[0,2](Chloride <= 55.022 & Hct <= 21.950)
",-9999999.000,-9999999.000,0.000,0.000,1.000,0,0,0,21,21,0,0,21,0.0,0,0,0.0,0.0,1.0
"F[1,2]((Hct >= 1.253 | Hgb <= 8.502) -> PaCO2 >= 0.488)
",-9999999.000,-9999999.000,0.000,0.000,1.000,0,0,0,21,21,0,0,21,0.0,0,0,0.0,0.0,1.0
"F[0,2]((Calcium <= 6.951 | Hct >= 0.809) -> Potassium >= 1.725)
",-9999999.000,-9999999.000,0.000,0.000,1.000,0,0,0,21,21,0,0,21,0.0,0,0,0.0,0.0,1.0
"F[1,2](((Calcium <= 3.666 & Hgb <= 4.417) -> SaO2 <= 2.244) & Resp <= 4.061)
",-9999999.000,-9999999.000,0.000,0.000,1.000,0,0,0,21,21,0,0,21,0.0,0,0,0.0,0.0,1.0
"F[0,2](BUN <= 50.743 & Magnesium <= 0.705)
",-9999999.000,-9999999.000,0.000,0.000,1.000,0,0,0,21,21,0,0,21,0.0,0,0,0.0,0.0,1.0
"((HCO3 >= 1.016) U[0,2] (SepsisLabel = 0.000))
",-9999999.000,-9999999.000,0.000,0.000,1.000,0,0,0,21,21,0,0,21,0.0,0,0,0.0,0.0,1.0
"((BaseExcess >= 0.000) U[1,1] (SepsisLabel = 0.000))
",0.000,0.000,0.000,0.000,1.000,0,0,0,21,21,0,0,21,0.0,0,0,0.0,0.0,1.0
"F[0,2](DBP > 0.000 & SepsisLabel = 0.000)
",-9999999.000,-9999999.000,0.000,0.000,1.000,0,0,0,21,21,0,0,21,0.0,0,0,0.0,0.0,1.0
"F[1,2](Hgb <= 7.828 -> SepsisLabel = 0.000)
",-9999999.000,-9999999.000,0.000,0.000,1.000,0,0,0,21,21,0,0,21,0.0,0,0,0.0,0.0,1.0
"F[0,2]((Calcium <= 6.474 & Potassium <= 1.775) & Magnesium >= 0.051)
",-9999999.000,-9999999.000,0.000,0.000,1.000,0,0,0,21,21,0,0,21,0.0,0,0,0.0,0.0,1.0
"((MAP >= 103.926) U[0,1] (SBP <= 177.220))
",-9999999.000,-9999999.000,0.000,0.000,1.000,0,0,0,21,21,0,0,21,0.0,0,0,0.0,0.0,1.0
"F[0,1](((Calcium < 1.928 & Potassium < 0.926) & Magnesium < 0.169) & Phosphate < 3.426)
",-9999999.000,-9999999.000,0.000,0.000,1.000,0,0,0,21,21,0,0,21,0.0,0,0,0.0,0.0,1.0
"F[2,2]((Calcium <= 1.400 & Potassium <= 0.814) & Magnesium >= 0.078)
",-5636857274822651.000,-0.078,0.000,0.000,1.000,0,0,0,21,21,0,0,21,0.0,0,0,0.0,0.0,1.0
"F[0,2](Hgb <= 1.190 | Hct <= 4.900)
",-9999999.000,-9999999.000,0.000,0.000,1.000,0,0,0,21,21,0,0,21,0.0,0,0,0.0,0.0,1.0
"((MAP >= 3.607) U[2,2] (SBP <= 168.779))
",5938392717410594.000,168.779,0.000,0.000,1.000,0,0,0,21,21,0,0,21,0.0,0,0,0.0,0.0,1.0
"F[0,2]((Phosphate >= 0.143 & Magnesium > 0.003) -> Calcium < 3.746)
",-9999999.000,-9999999.000,0.000,0.000,1.000,0,0,0,21,21,0,0,21,0.0,0,0,0.0,0.0,1.0
"F[2,2](((Calcium < 5.704 & Potassium < 3.122) & Magnesium < 0.577) & Phosphate < 1.805)
",0.577,0.577,0.000,0.000,1.000,0,0,0,21,21,0,0,21,0.0,0,0,0.0,0.0,1.0
"F[1,2]((Phosphate >= 0.135 & Magnesium > 0.084) -> Calcium < 3.781)
",-9999999.000,-9999999.000,0.000,0.000,1.000,0,0,0,21,21,0,0,21,0.0,0,0,0.0,0.0,1.0
"F[0,2]((Calcium <= 7.645 & Potassium <= 3.873) & Magnesium >= 0.062)
",-9999999.000,-9999999.000,0.000,0.000,1.000,0,0,0,21,21,0,0,21,0.0,0,0,0.0,0.0,1.0
"F[0,1](Hgb <= 1.080 | Hct <= 15.021)
",-9999999.000,-9999999.000,0.000,0.000,1.000,0,0,0,21,21,0,0,21,0.0,0,0,0.0,0.0,1.0
"((MAP >= 102.535) U[0,1] (SBP <= 188.760))
",-9999999.000,-9999999.000,0.000,0.000,1.000,0,0,0,21,21,0,0,21,0.0,0,0,0.0,0.0,1.0
"F[1,2]((Phosphate >= 0.083 & Magnesium > 0.097) -> Calcium < 5.780)
",-9999999.000,-9999999.000,0.000,0.000,1.000,0,0,0,21,21,0,0,21,0.0,0,0,0.0,0.0,1.0
"F[0,2](Hgb <= 7.298 | Hct <= 3.230)
",-9999999.000,-9999999.000,0.000,0.000,1.000,0,0,0,21,21,0,0,21,0.0,0,0,0.0,0.0,1.0
"F[0,1]((Phosphate >= 0.240 & Magnesium > 0.110) -> Calcium < 1.921)
",-9999999.000,-9999999.000,0.000,0.000,1.000,0,0,0,21,21,0,0,21,0.0,0,0,0.0,0.0,1.0
"F[0,1](((Calcium < 0.645 & Potassium < 4.095) & Magnesium < 1.479) & Phosphate < 4.021)
",-9999999.000,-9999999.000,0.000,0.000,1.000,0,0,0,21,21,0,0,21,0.0,0,0,0.0,0.0,1.0
"F[0,1](Hgb <= 0.727 | Hct <= 2.537)
",-9999999.000,-9999999.000,0.000,0.000,1.000,0,0,0,21,21,0,0,21,0.0,0,0,0.0,0.0,1.0
"F[2,2](((Calcium < 7.862 & Potassium < 1.354) & Magnesium < 0.718) & Phosphate < 3.140)
",6465640802990716.000,0.718,0.000,0.000,1.000,0,0,0,21,21,0,0,21,0.0,0,0,0.0,0.0,1.0
"F[2,2](O2Sat > 51.622 & SepsisLabel = 0.000)
",-51.622,-51.622,0.000,0.000,1.000,0,0,0,21,21,0,0,21,0.0,0,0,0.0,0.0,1.0
"F[2,2]((Phosphate >= 0.262 & Magnesium > 0.054) -> Calcium < 7.049)
",-7.049,-7.049,0.000,0.000,1.000,0,0,0,21,21,0,0,21,0.0,0,0,0.0,0.0,1.0
"F[1,1](BaseExcess >= 0.000 -> SepsisLabel = 0.000)
",0.000,0.000,0.000,0.000,1.000,0,0,0,21,21,0,0,21,0.0,0,0,0.0,0.0,1.0
"((MAP >= 90.774) U[0,1] (SBP <= 183.104))
",-9999999.000,-9999999.000,0.000,0.000,1.000,0,0,0,21,21,0,0,21,0.0,0,0,0.0,0.0,1.0
"F[0,2](Hgb <= 8.215 | Hct <= 9.514)
",-9999999.000,-9999999.000,0.000,0.000,1.000,0,0,0,21,21,0,0,21,0.0,0,0,0.0,0.0,1.0
"((MAP >= 85.321) U[0,2] (SBP <= 155.013))
",-9999999.000,-9999999.000,0.000,0.000,1.000,0,0,0,21,21,0,0,21,0.0,0,0,0.0,0.0,1.0
"F[1,2]((Phosphate >= 0.401 & Magnesium > 0.117) -> Calcium < 2.256)
",-9999999.000,-9999999.000,0.000,0.000,1.000,0,0,0,21,21,0,0,21,0.0,0,0,0.0,0.0,1.0
"F[1,2]((Calcium <= 6.347 & Potassium <= 1.097) & Magnesium >= 0.060)
",-9999999.000,-9999999.000,0.000,0.000,1.000,0,0,0,21,21,0,0,21,0.0,0,0,0.0,0.0,1.0
"F[1,2](Hgb <= 7.018 | Hct <= 4.944)
",-9999999.000,-9999999.000,0.000,0.000,1.000,0,0,0,21,21,0,0,21,0.0,0,0,0.0,0.0,1.0
"F[1,2]((Phosphate >= 0.003 & Magnesium > 0.069) -> Calcium < 1.194)
",-9999999.000,-9999999.000,0.000,0.000,1.000,0,0,0,21,21,0,0,21,0.0,0,0,0.0,0.0,1.0
"F[0,1](((Calcium < 1.138 & Potassium < 1.035) & Magnesium < 1.151) & Phosphate < 2.820)
",-9999999.000,-9999999.000,0.000,0.000,1.000,0,0,0,21,21,0,0,21,0.0,0,0,0.0,0.0,1.0
"F[1,2]((Calcium <= 4.178 & Potassium <= 2.814) & Magnesium >= 0.033)
",-9999999.000,-9999999.000,0.000,0.000,1.000,0,0,0,21,21,0,0,21,0.0,0,0,0.0,0.0,1.0
"F[0,1](Hgb <= 6.624 | Hct <= 2.756)
",-9999999.000,-9999999.000,0.000,0.000,1.000,0,0,0,21,21,0,0,21,0.0,0,0,0.0,0.0,1.0
"F[1,2](((Calcium < 8.068 & Potassium < 4.288) & Magnesium < 0.721) & Phosphate < 2.187)
",-9999999.000,-9999999.000,0.000,0.000,1.000,0,0,0,21,21,0,0,21,0.0,0,0,0.0,0.0,1.0
"F[1,2]((Calcium <= 4.546 & Potassium <= 3.954) & Magnesium >= 0.058)
",-9999999.000,-9999999.000,0.000,0.000,1.000,0,0,0,21,21,0,0,21,0.0,0,0,0.0,0.0,1.0
"F[0,2](Hgb <= 1.594 | Hct <= 12.171)
",-9999999.000,-9999999.000,0.000,0.000,1.000,0,0,0,21,21,0,0,21,0.0,0,0,0.0,0.0,1.0
"((MAP >= 74.911) U[0,1] (SBP <= 177.905))
",-9999999.000,-9999999.000,0.000,0.000,1.000,0,0,0,21,21,0,0,21,0.0,0,0,0.0,0.0,1.0
"F[0,1]((Hct >= 1.624 & Phosphate <= 3.517) -> Bilirubin_total >= 0.341)
",-9999999.000,-9999999.000,0.000,0.000,1.000,0,0,0,21,21,0,0,21,0.0,0,0,0.0,0.0,1.0
"F[1,2]((Magnesium >= 0.009 & Platelets >= 4.442) & SepsisLabel >= 3.624)
",-9999999.000,-9999999.000,0.000,0.000,1.000,0,0,0,21,21,0,0,21,0.0,0,0,0.0,0.0,1.0
"F[0,2]((Creatinine <= 4.321 -> Hct <= 13.751) & Hct >= 0.865)
",-9999999.000,-9999999.000,0.000,0.000,1.000,0,0,0,21,21,0,0,21,0.0,0,0,0.0,0.0,1.0
"F[0,2]((PTT <= 1.976 -> Temp <= 30.041) | Chloride >= 4.453)
",-9999999.000,-9999999.000,0.000,0.000,1.000,0,0,0,21,21,0,0,21,0.0,0,0,0.0,0.0,1.0
"F[0,1]((MAP <= 119.312 -> PTT <= 8.303) | TroponinI >= 0.401)
",-9999999.000,-9999999.000,0.000,0.000,1.000,0,0,0,21,21,0,0,21,0.0,0,0,0.0,0.0,1.0
"F[2,2](((BUN >= 2.636 -> O2Sat >= 50.095) & Hgb <= 88.334) -> BUN >= 8.215)
",-2.636,-2.636,0.000,0.000,1.000,0,0,0,21,21,0,0,21,0.0,0,0,0.0,0.0,1.0
"F[1,2]((Creatinine >= 0.123 & O2Sat >= 23.757) & Lactate <= 92.952)
",-9999999.000,-9999999.000,0.000,0.000,1.000,0,0,0,21,21,0,0,21,0.0,0,0,0.0,0.0,1.0
"F[0,0]((O2Sat <= 93.221 | WBC <= 7.926) | Temp <= 10.025)
",1.309,39.459,0.000,0.000,1.000,0,0,0,21,21,0,0,21,0.0,0,0,0.0,0.0,1.0
"F[0,1]((Glucose >= 2.725 -> O2Sat >= 54.189) | MAP <= 85.298)
",-9999999.000,-9999999.000,0.000,0.000,1.000,0,0,0,21,21,0,0,21,0.0,0,0,0.0,0.0,1.0
"F[0,2](O2Sat <= 97.950 | Potassium <= 3.470)
",-9999999.000,-9999999.000,0.000,0.000,1.000,0,0,0,21,21,0,0,21,0.0,0,0,0.0,0.0,1.0
"F[0,2]((Hct <= 12.677 & O2Sat >= 77.651) & SaO2 >= 10.233)
",-9999999.000,-9999999.000,0.000,0.000,1.000,0,0,0,21,21,0,0,21,0.0,0,0,0.0,0.0,1.0
"F[0,2]((HR <= 70.456 | Temp <= 35.025) -> Fibrinogen >= 1.982)
",-9999999.000,-9999999.000,0.000,0.000,1.000,0,0,0,21,21,0,0,21,0.0,0,0,0.0,0.0,1.0
"F[2,2](((O2Sat <= 95.937 -> Temp >= 5.651) -> pH >= 5.155) -> O2Sat >= 3.836)
",-5804146944803342.000,-5.155,0.000,0.000,1.000,0,0,0,21,21,0,0,21,0.0,0,0,0.0,0.0,1.0
"((Magnesium >= 0.026) U[0,2] (Resp >= 5.435))
",-9999999.000,-9999999.000,0.000,0.000,1.000,0,0,0,21,21,0,0,21,0.0,0,0,0.0,0.0,1.0
"F[1,2]((Glucose >= 7.345 & Resp <= 20.811) & DBP >= 4.586)
",-9999999.000,-9999999.000,0.000,0.000,1.000,0,0,0,21,21,0,0,21,0.0,0,0,0.0,0.0,1.0
"F[0,2]((BUN >= 0.984 -> Resp >= 5.874) & BUN <= 20.381)
",-9999999.000,-9999999.000,0.000,0.000,1.000,0,0,0,21,21,0,0,21,0.0,0,0,0.0,0.0,1.0
"F[0,1](((Hgb >= 0.313 | Resp <= 23.234) -> Chloride <= 29.153) & Glucose <= 29.197)
",-9999999.000,-9999999.000,0.000,0.000,1.000,0,0,0,21,21,0,0,21,0.0,0,0,0.0,0.0,1.0
"F[2,2](((Resp >= 2.576 -> WBC <= 8.424) | HR <= 7.591) & Hct <= 9.071)
",7.591,7.591,0.000,0.000,1.000,0,0,0,21,21,0,0,21,0.0,0,0,0.0,0.0,1.0
"F[2,2](Hct <= 24.246 & Resp >= 9.612)
",-5411230303535038.000,-9.612,0.000,0.000,1.000,0,0,0,21,21,0,0,21,0.0,0,0,0.0,0.0,1.0
"F[0,2]((Calcium <= 4.644 & Potassium <= 2.146) & Magnesium >= 0.033)
",-9999999.000,-9999999.000,0.000,0.000,1.000,0,0,0,21,21,0,0,21,0.0,0,0,0.0,0.0,1.0
"F[2,2](HR >= 42.841 | Magnesium <= 0.631)
",5683437180289556.000,0.631,0.000,0.000,1.000,0,0,0,21,21,0,0,21,0.0,0,0,0.0,0.0,1.0
"F[1,2](Hct >= 1.277 | Temp >= 5.158)
",-9999999.000,-9999999.000,0.000,0.000,1.000,0,0,0,21,21,0,0,21,0.0,0,0,0.0,0.0,1.0
"((HR <= 67.769) U[0,2] (WBC <= 2.950))
",-9999999.000,-9999999.000,0.000,0.000,1.000,0,0,0,21,21,0,0,21,0.0,0,0,0.0,0.0,1.0
"F[0,2](((Bilirubin_direct >= 0.000 -> Potassium >= 0.196) & Bilirubin_total <= 2.446) & BaseExcess >= 0.248)
",-9999999.000,-9999999.000,0.000,0.000,1.000,0,0,0,21,21,0,0,21,0.0,0,0,0.0,0.0,1.0
"F[0,1](BUN <= 11.304 | Alkalinephos >= 0.000)
",-9999999.000,-9999999.000,0.000,0.000,1.000,0,0,0,21,21,0,0,21,0.0,0,0,0.0,0.0,1.0
"((Lactate >= 0.000) U[0,1] (Creatinine <= 9.850))
",-9999999.000,-9999999.000,0.000,0.000,1.000,0,0,0,21,21,0,0,21,0.0,0,0,0.0,0.0,1.0
"F[2,2](DBP >= 0.000 -> HR >= 48.501)
",0.000,0.000,0.000,0.000,1.000,0,0,0,21,21,0,0,21,0.0,0,0,0.0,0.0,1.0
"((Magnesium <= 1.306) U[1,2] (MAP <= 119.511))
",-9999999.000,-9999999.000,0.000,0.000,1.000,0,0,0,21,21,0,0,21,0.0,0,0,0.0,0.0,1.0
"F[1,2](((SBP <= 140.056 | WBC <= 7.666) & Chloride <= 9.335) -> PTT >= 0.357)
",-9999999.000,-9999999.000,0.000,0.000,1.000,0,0,0,21,21,0,0,21,0.0,0,0,0.0,0.0,1.0
"F[0,2]((Chloride >= 2.446 | SBP <= 153.906) -> PaCO2 >= 109.972)
",-9999999.000,-9999999.000,0.000,0.000,1.000,0,0,0,21,21,0,0,21,0.0,0,0,0.0,0.0,1.0
"F[0,1]((Glucose >= 6.730 -> SBP >= 22.802) -> HR <= 186.920)
",-9999999.000,-9999999.000,0.000,0.000,1.000,0,0,0,21,21,0,0,21,0.0,0,0,0.0,0.0,1.0
"F[0,2](((MAP >= 100.817 | Phosphate >= 0.078) | Calcium >= 0.364) & SepsisLabel >= 0.341)
",-9999999.000,-9999999.000,0.000,0.000,1.000,0,0,0,21,21,0,0,21,0.0,0,0,0.0,0.0,1.0
"F[2,2]((Hgb >= 0.056 & MAP <= 134.113) & MAP <= 114.130)
",-8098351186032867.000,-0.056,0.000,0.000,1.000,0,0,0,21,21,0,0,21,0.0,0,0,0.0,0.0,1.0
"F[1,2](((Potassium <= 3.839 & SBP <= 177.727) -> BaseExcess <= 154.114) -> Magnesium >= 86.589)
",-9999999.000,-9999999.000,0.000,0.000,1.000,0,0,0,21,21,0,0,21,0.0,0,0,0.0,0.0,1.0
"F[2,2]((Bilirubin_total >= 0.011 -> HR <= 73.762) & Bilirubin_direct >= 37.769)
",-5190557955786588.000,-73.762,0.000,0.000,1.000,0,0,0,21,21,0,0,21,0.0,0,0,0.0,0.0,1.0
"F[0,2](Fibrinogen <= 320.304 & HR >= 28.827)
",-9999999.000,-9999999.000,0.000,0.000,1.000,0,0,0,21,21,0,0,21,0.0,0,0,0.0,0.0,1.0
"F[0,2]((Fibrinogen >= 6.540 -> O2Sat >= 12.710) | Bilirubin_direct <= 85.732)
",-9999999.000,-9999999.000,0.000,0.000,1.000,0,0,0,21,21,0,0,21,0.0,0,0,0.0,0.0,1.0
"F[0,2](((Calcium <= 4.634 & HR <= 62.728) & SaO2 >= 45.575) | HR >= 42.372)
",-9999999.000,-9999999.000,0.000,0.000,1.000,0,0,0,21,21,0,0,21,0.0,0,0,0.0,0.0,1.0
"F[0,2]((Fibrinogen >= 0.867 -> Resp <= 20.554) | Resp >= 18.694)
",-9999999.000,-9999999.000,0.000,0.000,1.000,0,0,0,21,21,0,0,21,0.0,0,0,0.0,0.0,1.0
"F[0,2]((Chloride <= 41.291 | Temp <= 23.956) -> Creatinine <= 21.338)
",-9999999.000,-9999999.000,0.000,0.000,1.000,0,0,0,21,21,0,0,21,0.0,0,0,0.0,0.0,1.0
"F[0,0](Chloride >= 1.003 | Magnesium <= 0.728)
",0.707,1.065,0.000,0.000,1.000,0,0,0,21,21,0,0,21,0.0,0,0,0.0,0.0,1.0
"F[1,2]((BUN <= 74.475 | Potassium <= 2.991) | PaCO2 >= 0.142)
",-9999999.000,-9999999.000,0.000,0.000,1.000,0,0,0,21,21,0,0,21,0.0,0,0,0.0,0.0,1.0
"F[0,2](Phosphate <= 4.269 -> Platelets <= 70.684)
",-9999999.000,-9999999.000,0.000,0.000,1.000,0,0,0,21,21,0,0,21,0.0,0,0,0.0,0.0,1.0
"F[2,2](Glucose >= 1.024 -> Hct >= 0.236)
",2830758662533465.500,0.236,0.000,0.000,1.000,0,0,0,21,21,0,0,21,0.0,0,0,0.0,0.0,1.0
"F[0,2](((MAP >= 78.456 | SBP <= 183.457) -> Resp >= 95.025) -> Temp <= 187.913)
",-9999999.000,-9999999.000,0.000,0.000,1.000,0,0,0,21,21,0,0,21,0.0,0,0,0.0,0.0,1.0
"F[0,2]((Glucose <= 45.731 & HCO3 >= 1.148) | Bilirubin_total >= 0.416)
",-9999999.000,-9999999.000,0.000,0.000,1.000,0,0,0,21,21,0,0,21,0.0,0,0,0.0,0.0,1.0
"F[0,1]((Hgb <= 4.731 & Potassium <= 0.635) | WBC >= 0.249)
",-9999999.000,-9999999.000,0.000,0.000,1.000,0,0,0,21,21,0,0,21,0.0,0,0,0.0,0.0,1.0
"F[1,2]((Creatinine >= 0.050 & Platelets >= 0.828) -> TroponinI <= 18.060)
",-9999999.000,-9999999.000,0.000,0.000,1.000,0,0,0,21,21,0,0,21,0.0,0,0,0.0,0.0,1.0
"F[0,1](((Chloride <= 87.232 -> Potassium <= 4.149) -> pH <= 1.168) | Hgb >= 0.103)
",-9999999.000,-9999999.000,0.000,0.000,1.000,0,0,0,21,21,0,0,21,0.0,0,0,0.0,0.0,1.0
"F[0,2](Chloride >= 2.150 -> Platelets <= 45.438)
",-9999999.000,-9999999.000,0.000,0.000,1.000,0,0,0,21,21,0,0,21,0.0,0,0,0.0,0.0,1.0
"F[0,2](HCO3 >= 0.757 | Phosphate <= 2.234)
",-9999999.000,-9999999.000,0.000,0.000,1.000,0,0,0,21,21,0,0,21,0.0,0,0,0.0,0.0,1.0
"F[0,0](BUN <= 12.903 -> HCO3 <= 7.013)
",-7263665083968861.000,-12.903,0.000,0.000,1.000,0,0,0,21,21,0,0,21,0.0,0,0,0.0,0.0,1.0
"F[1,2]((Calcium >= 0.554 -> Magnesium <= 0.281) -> Phosphate <= 1.304)
",-9999999.000,-9999999.000,0.000,0.000,1.000,0,0,0,21,21,0,0,21,0.0,0,0,0.0,0.0,1.0
"F[1,2]((Magnesium >= 0.091 | Phosphate >= 0.013) -> Creatinine <= 2.893)
",-9999999.000,-9999999.000,0.000,0.000,1.000,0,0,0,21,21,0,0,21,0.0,0,0,0.0,0.0,1.0
"F[0,2]((Calcium <= 1.861 & Phosphate >= 0.233) -> BUN >= 0.259)
",-9999999.000,-9999999.000,0.000,0.000,1.000,0,0,0,21,21,0,0,21,0.0,0,0,0.0,0.0,1.0
"((BUN >= 2.423) U[0,2] (Platelets >= 2.037))
",-9999999.000,-9999999.000,0.000,0.000,1.000,0,0,0,21,21,0,0,21,0.0,0,0,0.0,0.0,1.0
"F[1,2](((Creatinine <= 6.564 | Hgb <= 8.572) | FiO2 <= 1.393) & pH >= 0.296)
",-9999999.000,-9999999.000,0.000,0.000,1.000,0,0,0,21,21,0,0,21,0.0,0,0,0.0,0.0,1.0
"F[0,2]((Hct <= 19.686 -> Platelets <= 16.550) & MAP >= 2.768)
",-9999999.000,-9999999.000,0.000,0.000,1.000,0,0,0,21,21,0,0,21,0.0,0,0,0.0,0.0,1.0
"((Glucose >= 6.045) U[0,2] (WBC >= 0.017))
",-9999999.000,-9999999.000,0.000,0.000,1.000,0,0,0,21,21,0,0,21,0.0,0,0,0.0,0.0,1.0
"F[1,2](((HCO3 <= 18.847 -> Temp <= 22.620) -> Glucose >= 1.375) | HR >= 1.024)
",-9999999.000,-9999999.000,0.000,0.000,1.000,0,0,0,21,21,0,0,21,0.0,0,0,0.0,0.0,1.0
"((Platelets >= 0.008) U[0,2] (Potassium <= 1.008))
",-9999999.000,-9999999.000,0.000,0.000,1.000,0,0,0,21,21,0,0,21,0.0,0,0,0.0,0.0,1.0
"F[1,2](((Platelets <= 31.736 -> PTT >= 0.073) -> FiO2 >= 0.354) & Phosphate >= 0.405)
",-9999999.000,-9999999.000,0.000,0.000,1.000,0,0,0,21,21,0,0,21,0.0,0,0,0.0,0.0,1.0
"F[1,2](Fibrinogen >= 7.579 & Platelets >= 1.178)
",-9999999.000,-9999999.000,0.000,0.000,1.000,0,0,0,21,21,0,0,21,0.0,0,0,0.0,0.0,1.0
"F[0,2](((Creatinine <= 8.611 & PTT <= 11.454) -> Creatinine <= 7.125) -> EtCO2 <= 1.403)
",-9999999.000,-9999999.000,0.000,0.000,1.000,0,0,0,21,21,0,0,21,0.0,0,0,0.0,0.0,1.0
"F[0,1](((Bilirubin_total >= 0.004 -> Creatinine >= 0.022) -> BUN <= 7.653) | FiO2 <= 7.232)
",-9999999.000,-9999999.000,0.000,0.000,1.000,0,0,0,21,21,0,0,21,0.0,0,0,0.0,0.0,1.0
"F[1,1](((BUN <= 31.127 | Fibrinogen >= 2.656) | HR <= 306.309) | Hgb <= 171.073)
",5388644140064158.000,306.309,0.000,0.000,1.000,0,0,0,21,21,0,0,21,0.0,0,0,0.0,0.0,1.0
"F[0,2]((PTT >= 0.238 & WBC <= 2.461) | HCO3 <= 7.315)
",-9999999.000,-9999999.000,0.000,0.000,1.000,0,0,0,21,21,0,0,21,0.0,0,0,0.0,0.0,1.0
"F[0,1](((Bilirubin_total <= 0.161 & WBC <= 6.595) | SaO2 >= 0.328) | Phosphate >= 0.693)
",-9999999.000,-9999999.000,0.000,0.000,1.000,0,0,0,21,21,0,0,21,0.0,0,0,0.0,0.0,1.0
"F[1,2](((Calcium <= 2.686 -> PTT <= 13.714) & SBP <= 13.405) | Calcium >= 0.058)
",-9999999.000,-9999999.000,0.000,0.000,1.000,0,0,0,21,21,0,0,21,0.0,0,0,0.0,0.0,1.0
"F[1,2]((Bilirubin_total >= 0.011 -> Hgb <= 5.910) -> DBP >= 0.237)
",-9999999.000,-9999999.000,0.000,0.000,1.000,0,0,0,21,21,0,0,21,0.0,0,0,0.0,0.0,1.0
"F[0,2](Hgb >= 0.499 & PTT <= 16.218)
",-9999999.000,-9999999.000,0.000,0.000,1.000,0,0,0,21,21,0,0,21,0.0,0,0,0.0,0.0,1.0
"((Fibrinogen >= 6.908) U[0,1] (Hgb <= 9.061))
",-9999999.000,-9999999.000,0.000,0.000,1.000,0,0,0,21,21,0,0,21,0.0,0,0,0.0,0.0,1.0
"F[0,2](MAP <= 122.943 | O2Sat <= 98.473)
",-9999999.000,-9999999.000,0.000,0.000,1.000,0,0,0,21,21,0,0,21,0.0,0,0,0.0,0.0,1.0
"F[0,2](((O2Sat <= 93.194 & Resp >= 14.407) -> HR >= 0.185) & Potassium <= 28.820)
",-9999999.000,-9999999.000,0.000,0.000,1.000,0,0,0,21,21,0,0,21,0.0,0,0,0.0,0.0,1.0
"((Glucose >= 3.285) U[0,1] (Platelets <= 11.736))
",-9999999.000,-9999999.000,0.000,0.000,1.000,0,0,0,21,21,0,0,21,0.0,0,0,0.0,0.0,1.0
"F[1,2](((BUN >= 4.900 & Glucose >= 4.558) -> HCO3 >= 3.811) | PTT >= 5.010)
",-9999999.000,-9999999.000,0.000,0.000,1.000,0,0,0,21,21,0,0,21,0.0,0,0,0.0,0.0,1.0
"F[0,1]((TroponinI >= 0.000 & Calcium <= 1.996) | HR <= 7.486)
",-9999999.000,-9999999.000,0.000,0.000,1.000,0,0,0,21,21,0,0,21,0.0,0,0,0.0,0.0,1.0
