Rule,Discrimination Score,Pos Robustness,Neg Robustness,Percent Class +,Percent Class -,TP,TN,FP,FN,Actual Yes,Actual No,Predicted Yes,Predicted No,TPR/Sens,TNR/Spec,FPR,Precision,Accuracy,MCR,Class
"G[0,0]((Bilirubin_total >= 0.000 -> Bilirubin_direct <= 0.000) & Resp >= 0.000)
",-0.236,-0.200,0.000,1.000,0.000,20,0,0,0,20,0,20,0,1.0,0.0,0.0,1.0,1.0256410256410255,-0.02564102564102555,1
"G[0,0](Temp <= 30.300 | AST <= 0.000)
",2.309,25.516,0.000,1.000,0.000,20,0,0,0,20,0,20,0,1.0,0.0,0.0,1.0,1.0256410256410255,-0.02564102564102555,1
"F[0,0]((Calcium <= 1.392 & Potassium <= 1.523) & Magnesium >= 0.086)
",-0.390,-0.217,0.000,0.000,1.000,20,0,0,0,20,0,20,0,1.0,0.0,0.0,1.0,1.0256410256410255,-0.02564102564102555,-1
"F[0,0]((Calcium <= 5.305 & Potassium <= 1.335) & Magnesium >= 0.032)
",-0.289,-0.176,0.000,0.000,1.000,20,0,0,0,20,0,20,0,1.0,0.0,0.0,1.0,1.0256410256410255,-0.02564102564102555,-1
"F[0,0]((Calcium <= 5.416 & Potassium <= 1.586) & Magnesium >= 0.082)
",-0.387,-0.210,0.000,0.000,1.000,20,0,0,0,20,0,20,0,1.0,0.0,0.0,1.0,1.0256410256410255,-0.02564102564102555,-1
"G[0,0](HR <= 68.111 -> SepsisLabel = 0.000)
",0.236,11.789,0.000,1.000,0.000,20,0,0,0,20,0,20,0,1.0,0.0,0.0,1.0,1.0256410256410255,-0.02564102564102555,1
"F[0,0](((TroponinI >= 0.000 | Resp <= 12.511) -> FiO2 >= 9.430) & PaCO2 >= 6.073)
",-2.586,-7.876,0.000,0.000,1.000,20,0,0,0,20,0,20,0,1.0,0.0,0.0,1.0,1.0256410256410255,-0.02564102564102555,-1
"F[0,0](((Hct <= 20.110 & SBP <= 124.587) & Temp >= 72.038) | Bilirubin_direct >= 85.082)
",-1.711,-57.489,0.000,0.000,1.000,20,0,0,0,20,0,20,0,1.0,0.0,0.0,1.0,1.0256410256410255,-0.02564102564102555,-1
"G[0,0]((Fibrinogen <= 0.000 & EtCO2 >= 0.000) | PTT >= 0.000)
",0.236,0.658,0.000,1.000,0.000,20,0,0,0,20,0,20,0,1.0,0.0,0.0,1.0,1.0256410256410255,-0.02564102564102555,1
"G[0,0](((Temp >= 0.005 & BaseExcess >= 0.000) | AST >= 0.000) & PaCO2 >= 0.000)
",0.000,0.000,0.000,1.000,0.000,20,0,0,0,20,0,20,0,1.0,0.0,0.0,1.0,1.0256410256410255,-0.02564102564102555,1
"G[0,0]((EtCO2 <= 0.000 & DBP >= 27.975) -> Hct <= 59.192)
",-4165272018930137.500,-59.192,0.000,1.000,0.000,20,0,0,0,20,0,20,0,1.0,0.0,0.0,1.0,1.0256410256410255,-0.02564102564102555,1
"G[0,0]((HCO3 >= 0.412 & Hct >= 0.628) -> Phosphate <= 16.403)
",-42.974,-16.313,0.000,1.000,0.000,20,0,0,0,20,0,20,0,1.0,0.0,0.0,1.0,1.0256410256410255,-0.02564102564102555,1
"G[0,0](WBC <= 3.887 | Potassium >= 0.075)
",126.079,3.894,0.000,1.000,0.000,20,0,0,0,20,0,20,0,1.0,0.0,0.0,1.0,1.0256410256410255,-0.02564102564102555,1
"G[0,0]((Hgb >= 0.129 & WBC >= 0.089) | Bilirubin_total <= 2.441)
",0.675,3.750,0.000,1.000,0.000,20,0,0,0,20,0,20,0,1.0,0.0,0.0,1.0,1.0256410256410255,-0.02564102564102555,1
"F[0,1](((Chloride >= 1.482 | HCO3 >= 0.531) & TroponinI >= 0.107) & HR >= 0.811)
",-9999999.000,-9999999.000,0.000,0.000,1.000,19,0,0,1,20,0,19,1,0.95,0.0,0.0,1.0,0.9743589743589743,0.02564102564102566,-1
"G[0,1](((BaseExcess <= 0.000 -> EtCO2 <= 0.000) -> PaCO2 >= 0.000) | O2Sat <= 0.000)
",9999999.000,9999999.000,0.000,1.000,0.000,19,0,1,0,19,1,20,0,1.0,0.0,1.0,0.95,0.9743589743589743,0.02564102564102566,1
"((AST >= 0.000) U[1,1] (Platelets >= 7.611))
",0.000,0.000,0.000,0.000,1.000,19,0,0,1,20,0,19,1,0.95,0.0,0.0,1.0,0.9743589743589743,0.02564102564102566,-1
"G[0,1]((Hct <= 29.508 | Potassium >= 0.175) & AST <= 3.242)
",9999999.000,9999999.000,0.000,1.000,0.000,19,0,1,0,19,1,20,0,1.0,0.0,1.0,0.95,0.9743589743589743,0.02564102564102566,1
"F[0,1]((Temp <= 11.163 & Phosphate >= 0.111) & SaO2 >= 0.043)
",-9999999.000,-9999999.000,0.000,0.000,1.000,19,0,0,1,20,0,19,1,0.95,0.0,0.0,1.0,0.9743589743589743,0.02564102564102566,-1
"F[0,0](((DBP <= 67.352 | Magnesium <= 1.283) | Hct >= 0.031) & PTT >= 0.080)
",-0.027,-0.008,0.000,0.000,1.000,19,0,0,1,20,0,19,1,0.95,0.0,0.0,1.0,0.9743589743589743,0.02564102564102566,-1
"F[1,1](BUN >= 0.003 & SBP >= 8.139)
",-8.139,-8.139,0.000,0.000,1.000,19,0,0,1,20,0,19,1,0.95,0.0,0.0,1.0,0.9743589743589743,0.02564102564102566,-1
"G[1,1](((PTT <= 18.030 | SBP >= 14.327) & Alkalinephos >= 95.798) -> Phosphate >= 76.355)
",5373036532561593.000,76.355,0.000,1.000,0.000,19,0,1,0,19,1,20,0,1.0,0.0,1.0,0.95,0.9743589743589743,0.02564102564102566,1
"F[1,1]((Fibrinogen <= 0.000 | Potassium <= 3.669) & WBC >= 0.002)
",-0.002,-0.002,0.000,0.000,1.000,19,0,0,1,20,0,19,1,0.95,0.0,0.0,1.0,0.9743589743589743,0.02564102564102566,-1
"G[0,1](Alkalinephos >= 0.000 -> EtCO2 >= 0.000)
",9999999.000,9999999.000,0.000,1.000,0.000,19,0,1,0,19,1,20,0,1.0,0.0,1.0,0.95,0.9743589743589743,0.02564102564102566,1
"F[1,1](Glucose <= 92.460 -> Hgb >= 0.324)
",-6506310706647342.000,-92.460,0.000,0.000,1.000,19,0,0,1,20,0,19,1,0.95,0.0,0.0,1.0,0.9743589743589743,0.02564102564102566,-1
"F[0,1](((HCO3 >= 0.721 -> Potassium >= 0.027) -> Lactate >= 0.010) | Bilirubin_total >= 0.151)
",-9999999.000,-9999999.000,0.000,0.000,1.000,19,0,0,1,20,0,19,1,0.95,0.0,0.0,1.0,0.9743589743589743,0.02564102564102566,-1
"G[0,1]((pH >= 0.000 -> O2Sat >= 10.518) -> Creatinine <= 36.528)
",9999999.000,9999999.000,0.000,1.000,0.000,19,0,1,0,19,1,20,0,1.0,0.0,1.0,0.95,0.9743589743589743,0.02564102564102566,1
"F[0,1]((SaO2 >= 0.000 & Creatinine >= 0.006) & SBP <= 0.187)
",-9999999.000,-9999999.000,0.000,0.000,1.000,19,0,0,1,20,0,19,1,0.95,0.0,0.0,1.0,0.9743589743589743,0.02564102564102566,-1
"F[1,1]((Calcium <= 3.276 & Potassium <= 2.690) & Magnesium >= 0.071)
",-5100654407292690.000,-0.071,0.000,0.000,1.000,19,0,0,1,20,0,19,1,0.95,0.0,0.0,1.0,0.9743589743589743,0.02564102564102566,-1
"F[1,1](((BUN >= 0.204 | Creatinine <= 0.544) & Alkalinephos <= 0.125) & PaCO2 >= 0.013)
",-0.013,-0.013,0.000,0.000,1.000,19,0,0,1,20,0,19,1,0.95,0.0,0.0,1.0,0.9743589743589743,0.02564102564102566,-1
"F[0,1](((Phosphate >= 0.139 | Chloride >= 5.548) -> Hct >= 1.526) & SepsisLabel >= 1.389)
",-9999999.000,-9999999.000,0.000,0.000,1.000,19,0,0,1,20,0,19,1,0.95,0.0,0.0,1.0,0.9743589743589743,0.02564102564102566,-1
"F[1,1](Glucose <= 30.614 & PTT >= 0.642)
",-5780137127717915.000,-0.642,0.000,0.000,1.000,19,0,0,1,20,0,19,1,0.95,0.0,0.0,1.0,0.9743589743589743,0.02564102564102566,-1
"F[1,1](AST >= 0.000 & Glucose >= 3.171)
",-3.171,-3.171,0.000,0.000,1.000,19,0,0,1,20,0,19,1,0.95,0.0,0.0,1.0,0.9743589743589743,0.02564102564102566,-1
"F[0,1]((Chloride >= 4.295 & EtCO2 <= 0.000) & Creatinine <= 0.000)
",-9999999.000,-9999999.000,0.000,0.000,1.000,19,0,0,1,20,0,19,1,0.95,0.0,0.0,1.0,0.9743589743589743,0.02564102564102566,-1
"F[0,1](((Lactate <= 0.000 -> MAP <= 101.910) -> SepsisLabel >= 36.417) & PTT >= 46.276)
",-9999999.000,-9999999.000,0.000,0.000,1.000,19,0,0,1,20,0,19,1,0.95,0.0,0.0,1.0,0.9743589743589743,0.02564102564102566,-1
"F[1,1]((Hct <= 31.635 | MAP >= 39.430) & SaO2 >= 62.579)
",-8807155200380893.000,-62.579,0.000,0.000,1.000,19,0,0,1,20,0,19,1,0.95,0.0,0.0,1.0,0.9743589743589743,0.02564102564102566,-1
"F[1,1](Hct <= 10.334 & Creatinine >= 0.031)
",-4395713071733622.500,-0.031,0.000,0.000,1.000,19,0,0,1,20,0,19,1,0.95,0.0,0.0,1.0,0.9743589743589743,0.02564102564102566,-1
"F[1,1](((Lactate >= 0.000 -> Phosphate >= 0.056) -> EtCO2 >= 0.137) -> Bilirubin_total >= 0.067)
",0.000,0.000,0.000,0.000,1.000,19,0,0,1,20,0,19,1,0.95,0.0,0.0,1.0,0.9743589743589743,0.02564102564102566,-1
"F[0,1]((O2Sat >= 0.436 & Potassium >= 0.014) & BaseExcess >= 0.066)
",-9999999.000,-9999999.000,0.000,0.000,1.000,19,0,0,1,20,0,19,1,0.95,0.0,0.0,1.0,0.9743589743589743,0.02564102564102566,-1
"((Bilirubin_direct > 0.000) U[1,2] (SepsisLabel = 0.000))
",-9999999.000,-9999999.000,0.000,0.000,1.000,19,0,0,1,20,0,19,1,0.95,0.0,0.0,1.0,0.9743589743589743,0.02564102564102566,-1
"F[0,1]((Glucose >= 4.753 & MAP >= 14.851) & AST >= 7.431)
",-9999999.000,-9999999.000,0.000,0.000,1.000,19,0,0,1,20,0,19,1,0.95,0.0,0.0,1.0,0.9743589743589743,0.02564102564102566,-1
"F[1,1](((Potassium <= 0.255 | Resp >= 8.120) | Magnesium >= 9.165) -> BaseExcess >= 5.146)
",-0.255,-0.255,0.000,0.000,1.000,19,0,0,1,20,0,19,1,0.95,0.0,0.0,1.0,0.9743589743589743,0.02564102564102566,-1
"G[0,1]((Hct >= 0.972 & EtCO2 <= 0.000) | SepsisLabel >= 0.000)
",9999999.000,9999999.000,0.000,1.000,0.000,19,0,1,0,19,1,20,0,1.0,0.0,1.0,0.95,0.9743589743589743,0.02564102564102566,1
"G[0,1](((Glucose >= 1.693 -> HR >= 50.453) & FiO2 <= 74.324) -> pH <= 79.355)
",9999999.000,9999999.000,0.000,1.000,0.000,19,0,1,0,19,1,20,0,1.0,0.0,1.0,0.95,0.9743589743589743,0.02564102564102566,1
"G[0,1](((Calcium >= 0.380 | DBP >= 43.926) -> Platelets <= 52.204) -> Platelets <= 56.798)
",9999999.000,9999999.000,0.000,1.000,0.000,19,0,1,0,19,1,20,0,1.0,0.0,1.0,0.95,0.9743589743589743,0.02564102564102566,1
"G[0,1](PaCO2 < 0.000 -> SepsisLabel = 0.000)
",9999999.000,9999999.000,0.000,1.000,0.000,19,0,1,0,19,1,20,0,1.0,0.0,1.0,0.95,0.9743589743589743,0.02564102564102566,1
"G[1,1](SepsisLabel >= 0.000 | PaCO2 <= 0.000)
",0.000,0.000,0.000,1.000,0.000,19,0,1,0,19,1,20,0,1.0,0.0,1.0,0.95,0.9743589743589743,0.02564102564102566,1
"G[1,1](Fibrinogen >= 0.000 | Glucose <= 20.152)
",20.152,20.152,0.000,1.000,0.000,19,0,1,0,19,1,20,0,1.0,0.0,1.0,0.95,0.9743589743589743,0.02564102564102566,1
"G[1,1](((pH <= 0.000 | PaCO2 <= 0.000) | PTT >= 0.000) | Calcium <= 0.000)
",0.000,0.000,0.000,1.000,0.000,19,0,1,0,19,1,20,0,1.0,0.0,1.0,0.95,0.9743589743589743,0.02564102564102566,1
"G[1,1](Chloride >= 0.325 -> Magnesium <= 0.178)
",-0.178,-0.178,0.000,1.000,0.000,19,0,1,0,19,1,20,0,1.0,0.0,1.0,0.95,0.9743589743589743,0.02564102564102566,1
"G[0,1](SaO2 <= 0.000 -> SepsisLabel = 0.000)
",9999999.000,9999999.000,0.000,1.000,0.000,19,0,1,0,19,1,20,0,1.0,0.0,1.0,0.95,0.9743589743589743,0.02564102564102566,1
"G[0,1](((BUN <= 2.279 | WBC >= 0.114) -> SepsisLabel >= 0.028) | EtCO2 <= 2.661)
",9999999.000,9999999.000,0.000,1.000,0.000,19,0,1,0,19,1,20,0,1.0,0.0,1.0,0.95,0.9743589743589743,0.02564102564102566,1
"G[0,1](((Glucose <= 30.899 -> SBP <= 161.283) | Hct <= 127.019) & Bilirubin_direct <= 132.122)
",9999999.000,9999999.000,0.000,1.000,0.000,19,0,1,0,19,1,20,0,1.0,0.0,1.0,0.95,0.9743589743589743,0.02564102564102566,1
"G[1,1](Magnesium >= 0.052 -> SepsisLabel = 0.000)
",0.000,0.000,0.000,1.000,0.000,19,0,1,0,19,1,20,0,1.0,0.0,1.0,0.95,0.9743589743589743,0.02564102564102566,1
"G[1,1](BaseExcess <= 0.000 | Potassium <= 1.880)
",8468087989106317.000,1.880,0.000,1.000,0.000,19,0,1,0,19,1,20,0,1.0,0.0,1.0,0.95,0.9743589743589743,0.02564102564102566,1
"G[0,1](MAP <= 89.145 -> SepsisLabel = 0.000)
",9999999.000,9999999.000,0.000,1.000,0.000,19,0,1,0,19,1,20,0,1.0,0.0,1.0,0.95,0.9743589743589743,0.02564102564102566,1
"G[1,1](Hgb <= 11.415 -> WBC <= 2.088)
",-6426242997336596.000,-11.415,0.000,1.000,0.000,19,0,1,0,19,1,20,0,1.0,0.0,1.0,0.95,0.9743589743589743,0.02564102564102566,1
"G[0,1]((HR <= 76.337 -> MAP >= 52.448) | DBP <= 74.332)
",9999999.000,9999999.000,0.000,1.000,0.000,19,0,1,0,19,1,20,0,1.0,0.0,1.0,0.95,0.9743589743589743,0.02564102564102566,1
"G[1,1](((WBC <= 0.284 & Glucose >= 2.286) -> AST >= 0.902) & AST <= 88.298)
",8127420324759203.000,0.902,0.000,1.000,0.000,19,0,1,0,19,1,20,0,1.0,0.0,1.0,0.95,0.9743589743589743,0.02564102564102566,1
"G[0,1](((Hct >= 0.505 & PTT <= 19.046) & Phosphate >= 0.336) -> SaO2 <= 19.222)
",9999999.000,9999999.000,0.000,1.000,0.000,19,0,1,0,19,1,20,0,1.0,0.0,1.0,0.95,0.9743589743589743,0.02564102564102566,1
"G[0,1](((Chloride >= 3.384 & PTT >= 0.118) -> Bilirubin_direct <= 19.963) & AST <= 8.495)
",9999999.000,9999999.000,0.000,1.000,0.000,19,0,1,0,19,1,20,0,1.0,0.0,1.0,0.95,0.9743589743589743,0.02564102564102566,1
"G[0,1](((Magnesium >= 0.062 | PTT <= 4.857) | Hct >= 0.568) & SepsisLabel <= 19.943)
",9999999.000,9999999.000,0.000,1.000,0.000,19,0,1,0,19,1,20,0,1.0,0.0,1.0,0.95,0.9743589743589743,0.02564102564102566,1
"G[0,1]((Calcium >= 0.262 & Chloride >= 2.474) -> Hgb <= 71.536)
",9999999.000,9999999.000,0.000,1.000,0.000,19,0,1,0,19,1,20,0,1.0,0.0,1.0,0.95,0.9743589743589743,0.02564102564102566,1
"G[0,1](((Fibrinogen >= 0.000 | Lactate <= 0.000) -> Fibrinogen >= 0.000) -> Alkalinephos >= 0.000)
",9999999.000,9999999.000,0.000,1.000,0.000,19,0,1,0,19,1,20,0,1.0,0.0,1.0,0.95,0.9743589743589743,0.02564102564102566,1
"G[1,1](((TroponinI <= 0.000 -> Calcium >= 0.374) | PTT >= 0.122) | Bilirubin_total <= 4.936)
",4.936,4.936,0.000,1.000,0.000,19,0,1,0,19,1,20,0,1.0,0.0,1.0,0.95,0.9743589743589743,0.02564102564102566,1
"G[0,1](PaCO2 <= 0.000 | Alkalinephos <= 0.000)
",9999999.000,9999999.000,0.000,1.000,0.000,19,0,1,0,19,1,20,0,1.0,0.0,1.0,0.95,0.9743589743589743,0.02564102564102566,1
"G[0,1](((Chloride <= 101.589 & O2Sat >= 3.678) -> Potassium <= 98.797) | Alkalinephos >= 4.113)
",9999999.000,9999999.000,0.000,1.000,0.000,19,0,1,0,19,1,20,0,1.0,0.0,1.0,0.95,0.9743589743589743,0.02564102564102566,1
"G[0,1]((Hgb <= 12.005 & Bilirubin_total <= 0.000) -> FiO2 <= 0.000)
",9999999.000,9999999.000,0.000,1.000,0.000,19,0,1,0,19,1,20,0,1.0,0.0,1.0,0.95,0.9743589743589743,0.02564102564102566,1
"G[0,1]((AST <= 0.000 -> BaseExcess >= 0.000) | Bilirubin_direct <= 0.000)
",9999999.000,9999999.000,0.000,1.000,0.000,19,0,1,0,19,1,20,0,1.0,0.0,1.0,0.95,0.9743589743589743,0.02564102564102566,1
"G[0,1]((WBC >= 0.066 -> AST >= 0.000) | SBP >= 0.000)
",9999999.000,9999999.000,0.000,1.000,0.000,19,0,1,0,19,1,20,0,1.0,0.0,1.0,0.95,0.9743589743589743,0.02564102564102566,1
"G[0,1](((Calcium >= 0.245 & Creatinine <= 0.058) & Magnesium >= 0.018) -> SBP <= 0.546)
",9999999.000,9999999.000,0.000,1.000,0.000,19,0,1,0,19,1,20,0,1.0,0.0,1.0,0.95,0.9743589743589743,0.02564102564102566,1
"G[0,1]((WBC >= 0.103 | Bilirubin_direct <= 0.000) -> Hgb >= 0.000)
",9999999.000,9999999.000,0.000,1.000,0.000,19,0,1,0,19,1,20,0,1.0,0.0,1.0,0.95,0.9743589743589743,0.02564102564102566,1
"F[1,1]((Lactate >= 0.000 | Hgb >= 0.116) -> SepsisLabel >= 0.158)
",0.000,0.000,0.000,0.000,1.000,19,0,0,1,20,0,19,1,0.95,0.0,0.0,1.0,0.9743589743589743,0.02564102564102566,-1
"G[0,1](AST >= 0.000 -> PaCO2 >= 0.000)
",9999999.000,9999999.000,0.000,1.000,0.000,19,0,1,0,19,1,20,0,1.0,0.0,1.0,0.95,0.9743589743589743,0.02564102564102566,1
"G[1,1](((Glucose <= 36.340 | EtCO2 <= 0.000) -> Bilirubin_direct >= 0.000) -> Bilirubin_total <= 0.000)
",0.000,0.000,0.000,1.000,0.000,19,0,1,0,19,1,20,0,1.0,0.0,1.0,0.95,0.9743589743589743,0.02564102564102566,1
"G[0,1]((HR >= 6.732 -> Phosphate <= 2.720) | SaO2 <= 4.026)
",9999999.000,9999999.000,0.000,1.000,0.000,19,0,1,0,19,1,20,0,1.0,0.0,1.0,0.95,0.9743589743589743,0.02564102564102566,1
"G[1,1](((BUN <= 4.812 | AST >= 0.000) -> DBP >= 0.000) -> Temp <= 0.000)
",0.000,0.000,0.000,1.000,0.000,19,0,1,0,19,1,20,0,1.0,0.0,1.0,0.95,0.9743589743589743,0.02564102564102566,1
"G[1,1](Chloride <= 96.850 & AST >= 0.000)
",0.000,0.000,0.000,1.000,0.000,19,0,1,0,19,1,20,0,1.0,0.0,1.0,0.95,0.9743589743589743,0.02564102564102566,1
"G[1,1](HR <= 52.787 -> Platelets <= 100.386)
",-7064056247441924.000,-100.386,0.000,1.000,0.000,19,0,1,0,19,1,20,0,1.0,0.0,1.0,0.95,0.9743589743589743,0.02564102564102566,1
"F[0,0](HCO3 >= 0.889 | Phosphate >= 0.159)
",-0.183,-0.070,0.000,0.000,1.000,18,0,0,2,20,0,18,2,0.9,0.0,0.0,1.0,0.9230769230769231,0.07692307692307687,-1
"((Magnesium <= 0.358) U[0,0] (Platelets >= 8.182))
",6441190770156350.000,0.358,0.000,0.000,1.000,18,0,0,2,20,0,18,2,0.9,0.0,0.0,1.0,0.9230769230769231,0.07692307692307687,-1
"F[0,0]((Hgb <= 0.792 | HR >= 13.698) & Platelets >= 49.496)
",-49.496,-49.496,0.000,0.000,1.000,18,0,0,2,20,0,18,2,0.9,0.0,0.0,1.0,0.9230769230769231,0.07692307692307687,-1
"F[0,0](((Creatinine >= 0.029 -> PTT >= 0.254) & Platelets <= 24.933) -> HCO3 >= 0.398)
",-0.071,-0.007,0.000,0.000,1.000,18,0,0,2,20,0,18,2,0.9,0.0,0.0,1.0,0.9230769230769231,0.07692307692307687,-1
"G[0,0](((MAP <= 104.769 | O2Sat >= 1.367) & PaCO2 <= 37.733) | DBP <= 13.738)
",37.733,37.733,0.000,1.000,0.000,18,0,0,2,20,0,18,2,0.9,0.0,0.0,1.0,0.9230769230769231,0.07692307692307687,1
"F[0,0]((Bilirubin_total >= 0.000 | Phosphate <= 0.722) -> Magnesium >= 0.156)
",-1.286,-0.884,0.000,0.000,1.000,18,0,0,2,20,0,18,2,0.9,0.0,0.0,1.0,0.9230769230769231,0.07692307692307687,-1
"F[0,1]((Glucose >= 2.205 & SBP <= 156.774) & MAP <= 131.334)
",-9999999.000,-9999999.000,0.000,0.000,1.000,18,0,0,2,20,0,18,2,0.9,0.0,0.0,1.0,0.9230769230769231,0.07692307692307687,-1
"F[0,0](HR <= 66.583 & Glucose >= 0.242)
",-6929580227918242.000,-6302.417,0.000,0.000,1.000,18,0,0,2,20,0,18,2,0.9,0.0,0.0,1.0,0.9230769230769231,0.07692307692307687,-1
"F[0,0]((BUN >= 0.126 | Chloride >= 0.108) & pH <= 43.366)
",0.175,0.313,0.000,0.000,1.000,18,0,0,2,20,0,18,2,0.9,0.0,0.0,1.0,0.9230769230769231,0.07692307692307687,-1
"G[0,0](((EtCO2 <= 0.000 -> TroponinI <= 0.000) | Alkalinephos >= 0.000) -> Platelets <= 0.000)
",-0.236,-0.368,0.000,1.000,0.000,18,0,0,2,20,0,18,2,0.9,0.0,0.0,1.0,0.9230769230769231,0.07692307692307687,1
"G[0,1]((HR <= 68.496 | FiO2 <= 0.000) -> PTT <= 0.000)
",9999999.000,9999999.000,0.000,1.000,0.000,18,0,1,1,19,1,19,1,0.9473684210526315,0.0,1.0,0.9473684210526315,0.9230769230769231,0.07692307692307687,1
"G[0,0](((TroponinI >= 0.000 | Lactate <= 0.000) & PaCO2 <= 0.000) & Creatinine <= 0.000)
",-0.236,-5.789,0.000,1.000,0.000,18,0,0,2,20,0,18,2,0.9,0.0,0.0,1.0,0.9230769230769231,0.07692307692307687,1
"G[0,1](((SBP <= 118.489 -> Lactate <= 0.000) | TroponinI >= 0.000) -> Chloride <= 0.000)
",9999999.000,9999999.000,0.000,1.000,0.000,17,0,1,2,19,1,18,2,0.8947368421052632,0.0,1.0,0.9444444444444444,0.8717948717948718,0.1282051282051282,1
"F[0,1](Creatinine >= 0.009 | Glucose >= 1.346)
",-9999999.000,-9999999.000,0.000,0.000,1.000,17,0,0,3,20,0,17,3,0.85,0.0,0.0,1.0,0.8717948717948718,0.1282051282051282,-1
"F[1,1](((SepsisLabel >= 0.000 -> Magnesium >= 0.035) | O2Sat >= 0.020) & Creatinine <= 1.543)
",0.000,0.000,0.000,0.000,1.000,17,0,0,3,20,0,17,3,0.85,0.0,0.0,1.0,0.8717948717948718,0.1282051282051282,-1
"G[0,1](Creatinine <= 0.530 | Platelets <= 82.747)
",9999999.000,9999999.000,0.000,1.000,0.000,17,0,1,2,19,1,18,2,0.8947368421052632,0.0,1.0,0.9444444444444444,0.8717948717948718,0.1282051282051282,1
"G[0,1](Phosphate >= 0.196 -> Resp <= 11.782)
",9999999.000,9999999.000,0.000,1.000,0.000,17,0,1,2,19,1,18,2,0.8947368421052632,0.0,1.0,0.9444444444444444,0.8717948717948718,0.1282051282051282,1
"G[0,1](((MAP >= 60.798 & WBC <= 3.738) -> AST >= 0.228) -> HR <= 2.889)
",9999999.000,9999999.000,0.000,1.000,0.000,17,0,1,2,19,1,18,2,0.8947368421052632,0.0,1.0,0.9444444444444444,0.8717948717948718,0.1282051282051282,1
"G[0,1](SaO2 >= 0.000 -> Hct <= 22.754)
",9999999.000,9999999.000,0.000,1.000,0.000,17,0,1,2,19,1,18,2,0.8947368421052632,0.0,1.0,0.9444444444444444,0.8717948717948718,0.1282051282051282,1
"G[0,1](((O2Sat >= 9.933 | TroponinI <= 0.000) -> Chloride <= 0.000) & Alkalinephos <= 0.000)
",9999999.000,9999999.000,0.000,1.000,0.000,17,0,1,2,19,1,18,2,0.8947368421052632,0.0,1.0,0.9444444444444444,0.8717948717948718,0.1282051282051282,1
"G[0,1](((Hgb >= 0.494 | Bilirubin_total >= 0.000) | O2Sat >= 0.000) -> Calcium <= 0.000)
",9999999.000,9999999.000,0.000,1.000,0.000,17,0,1,2,19,1,18,2,0.8947368421052632,0.0,1.0,0.9444444444444444,0.8717948717948718,0.1282051282051282,1
"((Potassium >= 0.144) U[1,1] (Potassium <= 2.260))
",5089778439968442.000,2.260,0.000,0.000,1.000,17,0,0,3,20,0,17,3,0.85,0.0,0.0,1.0,0.8717948717948718,0.1282051282051282,-1
"F[0,1](((Hct >= 0.073 & Potassium >= 0.035) | Alkalinephos <= 2.173) & WBC >= 0.064)
",-9999999.000,-9999999.000,0.000,0.000,1.000,17,0,0,3,20,0,17,3,0.85,0.0,0.0,1.0,0.8717948717948718,0.1282051282051282,-1
"F[0,1]((MAP <= 88.588 & WBC >= 0.059) | HCO3 >= 0.221)
",-9999999.000,-9999999.000,0.000,0.000,1.000,17,0,0,3,20,0,17,3,0.85,0.0,0.0,1.0,0.8717948717948718,0.1282051282051282,-1
"((EtCO2 <= 0.000) U[0,1] (HCO3 >= 0.971))
",-9999999.000,-9999999.000,0.000,0.000,1.000,17,0,0,3,20,0,17,3,0.85,0.0,0.0,1.0,0.8717948717948718,0.1282051282051282,-1
"((WBC >= 0.226) U[1,2] (Potassium <= 2.894))
",-9999999.000,-9999999.000,0.000,0.000,1.000,17,0,0,3,20,0,17,3,0.85,0.0,0.0,1.0,0.8717948717948718,0.1282051282051282,-1
"((MAP >= 66.548) U[0,1] (Potassium >= 0.182))
",-9999999.000,-9999999.000,0.000,0.000,1.000,17,0,0,3,20,0,17,3,0.85,0.0,0.0,1.0,0.8717948717948718,0.1282051282051282,-1
"F[0,1](HCO3 >= 0.571 | HCO3 >= 0.142)
",-9999999.000,-9999999.000,0.000,0.000,1.000,17,0,0,3,20,0,17,3,0.85,0.0,0.0,1.0,0.8717948717948718,0.1282051282051282,-1
"F[0,1]((SBP >= 2.888 | Resp >= 0.658) & Hgb >= 6.917)
",-9999999.000,-9999999.000,0.000,0.000,1.000,17,0,0,3,20,0,17,3,0.85,0.0,0.0,1.0,0.8717948717948718,0.1282051282051282,-1
"F[0,1]((Calcium >= 0.134 | HCO3 >= 0.612) | Hct >= 0.789)
",-9999999.000,-9999999.000,0.000,0.000,1.000,17,0,0,3,20,0,17,3,0.85,0.0,0.0,1.0,0.8717948717948718,0.1282051282051282,-1
"((TroponinI >= 0.000) U[0,1] (Phosphate >= 0.178))
",-9999999.000,-9999999.000,0.000,0.000,1.000,17,0,0,3,20,0,17,3,0.85,0.0,0.0,1.0,0.8717948717948718,0.1282051282051282,-1
"((Potassium > 0.039) U[1,1] (SepsisLabel = 0.000))
",0.000,0.000,0.000,0.000,1.000,17,0,0,3,20,0,17,3,0.85,0.0,0.0,1.0,0.8717948717948718,0.1282051282051282,-1
"F[0,1](Potassium >= 0.127 & BaseExcess >= 0.000)
",-9999999.000,-9999999.000,0.000,0.000,1.000,17,0,0,3,20,0,17,3,0.85,0.0,0.0,1.0,0.8717948717948718,0.1282051282051282,-1
"((Chloride >= 0.187) U[1,2] (DBP >= 22.735))
",-9999999.000,-9999999.000,0.000,0.000,1.000,16,0,0,4,20,0,16,4,0.8,0.0,0.0,1.0,0.8205128205128205,0.17948717948717952,-1
"F[1,1](((Creatinine <= 0.481 -> HCO3 <= 8.421) -> Alkalinephos <= 8.510) & HR <= 18.161)
",-8.510,-8.510,0.000,0.000,1.000,16,0,0,4,20,0,16,4,0.8,0.0,0.0,1.0,0.8205128205128205,0.17948717948717952,-1
"F[1,1]((PTT <= 22.510 & PTT <= 11.998) & SBP <= 24.686)
",6754106483405123.000,11.998,0.000,0.000,1.000,16,0,0,4,20,0,16,4,0.8,0.0,0.0,1.0,0.8205128205128205,0.17948717948717952,-1
"G[1,1]((Temp >= 6.468 & Potassium >= 0.114) | HR >= 0.073)
",-0.073,-0.073,0.000,1.000,0.000,16,0,1,3,19,1,17,3,0.8421052631578947,0.0,1.0,0.9411764705882353,0.8205128205128205,0.17948717948717952,1
"G[0,0]((Phosphate <= 3.662 -> SBP <= 138.459) & TroponinI <= 161.943)
",-7.962,-128.793,0.000,1.000,0.000,15,0,0,5,20,0,15,5,0.75,0.0,0.0,1.0,0.7692307692307693,0.23076923076923073,1
"G[1,1](Potassium >= 0.193 | Resp >= 0.684)
",-6959680717478757.000,-0.193,0.000,1.000,0.000,15,0,1,4,19,1,16,4,0.7894736842105263,0.0,1.0,0.9375,0.7692307692307693,0.23076923076923073,1
"G[0,1](((HR <= 65.163 -> SBP <= 150.768) | Temp >= 43.123) | Phosphate >= 0.955)
",9999999.000,9999999.000,0.000,1.000,0.000,15,0,1,4,19,1,16,4,0.7894736842105263,0.0,1.0,0.9375,0.7692307692307693,0.23076923076923073,1
"G[1,1](Lactate >= 0.000 -> Resp >= 1.589)
",0.000,0.000,0.000,1.000,0.000,15,0,1,4,19,1,16,4,0.7894736842105263,0.0,1.0,0.9375,0.7692307692307693,0.23076923076923073,1
"F[0,0](((Platelets >= 1.696 | Resp >= 10.527) -> Phosphate >= 2.223) | Potassium >= 10.611)
",-1.564,-7.804,0.000,0.000,1.000,14,0,0,6,20,0,14,6,0.7,0.0,0.0,1.0,0.717948717948718,0.28205128205128205,-1
"((MAP >= 9.101) U[0,0] (SBP <= 107.159))
",5.783,117.076,0.000,0.000,1.000,14,0,0,6,20,0,14,6,0.7,0.0,0.0,1.0,0.717948717948718,0.28205128205128205,-1
"F[0,1]((Glucose <= 66.709 -> O2Sat >= 5.039) | Alkalinephos >= 11.398)
",-9999999.000,-9999999.000,0.000,0.000,1.000,13,0,0,7,20,0,13,7,0.65,0.0,0.0,1.0,0.6666666666666666,0.33333333333333337,-1
"F[0,1](((MAP >= 46.594 -> TroponinI <= 0.000) & MAP <= 0.000) & Creatinine <= 0.000)
",-9999999.000,-9999999.000,0.000,0.000,1.000,13,0,0,7,20,0,13,7,0.65,0.0,0.0,1.0,0.6666666666666666,0.33333333333333337,-1
"F[0,1](((Bilirubin_direct >= 0.000 -> Glucose >= 3.165) -> BaseExcess <= 91.096) -> SBP <= 42.442)
",-9999999.000,-9999999.000,0.000,0.000,1.000,13,0,0,7,20,0,13,7,0.65,0.0,0.0,1.0,0.6666666666666666,0.33333333333333337,-1
"F[0,1](((BUN <= 4.838 | Potassium >= 0.146) | Potassium >= 0.164) -> HR <= 3.312)
",-9999999.000,-9999999.000,0.000,0.000,1.000,13,0,0,7,20,0,13,7,0.65,0.0,0.0,1.0,0.6666666666666666,0.33333333333333337,-1
"G[0,1](((HR <= 67.207 & Potassium <= 3.526) -> Creatinine >= 0.149) -> HCO3 >= 0.042)
",9999999.000,9999999.000,0.000,1.000,0.000,13,0,1,6,19,1,14,6,0.6842105263157895,0.0,1.0,0.9285714285714286,0.6666666666666666,0.33333333333333337,1
"G[0,1](((Creatinine <= 0.359 & SBP >= 8.886) -> FiO2 <= 125.345) -> DBP >= 39.589)
",9999999.000,9999999.000,0.000,1.000,0.000,13,0,1,6,19,1,14,6,0.6842105263157895,0.0,1.0,0.9285714285714286,0.6666666666666666,0.33333333333333337,1
"G[0,0]((PTT >= 0.526 | Temp <= 34.679) & Magnesium <= 29.154)
",2.261,24.468,0.000,1.000,0.000,13,0,0,7,20,0,13,7,0.65,0.0,0.0,1.0,0.6666666666666666,0.33333333333333337,1
"G[0,1](WBC <= 3.633 -> Resp <= 15.895)
",9999999.000,9999999.000,0.000,1.000,0.000,13,0,0,7,20,0,13,7,0.65,0.0,0.0,1.0,0.6666666666666666,0.33333333333333337,1
"G[0,1](SBP > 29.418 & SepsisLabel = 0.000)
",9999999.000,9999999.000,0.000,1.000,0.000,13,0,1,6,19,1,14,6,0.6842105263157895,0.0,1.0,0.9285714285714286,0.6666666666666666,0.33333333333333337,1
"G[1,1](Creatinine >= 0.015 | MAP <= 82.034)
",82.034,82.034,0.000,1.000,0.000,12,0,1,7,19,1,13,7,0.631578947368421,0.0,1.0,0.9230769230769231,0.6153846153846154,0.3846153846153846,1
"((HR >= 5.589) U[0,0] (Temp >= 2.274))
",6996644875700354.000,6363.411,0.000,0.000,1.000,12,0,0,8,20,0,12,8,0.6,0.0,0.0,1.0,0.6153846153846154,0.3846153846153846,-1
"((MAP >= 40.588) U[0,0] (SBP <= 108.752))
",7.392,107.037,0.000,0.000,1.000,11,0,0,9,20,0,11,9,0.55,0.0,0.0,1.0,0.5641025641025641,0.4358974358974359,-1
"F[0,1](((Chloride >= 5.278 -> Hgb <= 9.609) & Alkalinephos <= 10.475) -> Temp >= 0.256)
",-9999999.000,-9999999.000,0.000,0.000,1.000,11,0,0,9,20,0,11,9,0.55,0.0,0.0,1.0,0.5641025641025641,0.4358974358974359,-1
"G[0,1]((MAP >= 9.639 & SBP <= 166.643) & FiO2 <= 132.566)
",9999999.000,9999999.000,0.000,1.000,0.000,11,0,1,8,19,1,12,8,0.5789473684210527,0.0,1.0,0.9166666666666666,0.5641025641025641,0.4358974358974359,1
"((MAP >= 54.958) U[1,1] (SBP <= 111.546))
",111.546,111.546,0.000,0.000,1.000,10,0,0,10,20,0,10,10,0.5,0.0,0.0,1.0,0.5128205128205128,0.4871794871794872,-1
"((MAP >= 50.561) U[0,1] (SBP <= 107.977))
",-9999999.000,-9999999.000,0.000,0.000,1.000,7,0,0,13,20,0,7,13,0.35,0.0,0.0,1.0,0.358974358974359,0.641025641025641,-1
"((pH >= 0.000) U[0,0] (MAP <= 88.549))
",0.516,18.642,0.000,0.000,1.000,7,0,0,13,20,0,7,13,0.35,0.0,0.0,1.0,0.358974358974359,0.641025641025641,-1
"F[1,1](Potassium <= 3.212 -> MAP <= 78.879)
",-78.879,-78.879,0.000,0.000,1.000,7,0,0,13,20,0,7,13,0.35,0.0,0.0,1.0,0.358974358974359,0.641025641025641,-1
"((MAP >= 65.084) U[0,0] (SBP <= 127.929))
",8.071,119.413,0.000,0.000,1.000,7,0,0,13,20,0,7,13,0.35,0.0,0.0,1.0,0.358974358974359,0.641025641025641,-1
"F[1,1](HCO3 >= 1.185 | Resp >= 10.292)
",-1.185,-1.185,0.000,0.000,1.000,6,0,0,14,20,0,6,14,0.3,0.0,0.0,1.0,0.3076923076923077,0.6923076923076923,-1
"G[1,1](((WBC <= 2.001 -> Resp <= 14.684) -> Hct >= 10.938) | Phosphate >= 2.007)
",10.938,10.938,0.000,1.000,0.000,6,0,1,13,19,1,7,13,0.3157894736842105,0.0,1.0,0.8571428571428571,0.3076923076923077,0.6923076923076923,1
"((O2Sat <= 26.134) U[0,0] (SBP >= 92.487))
",-0.867,-22.182,0.000,0.000,1.000,5,0,0,15,20,0,5,15,0.25,0.0,0.0,1.0,0.2564102564102564,0.7435897435897436,-1
"((MAP >= 51.817) U[0,1] (SBP <= 120.765))
",-9999999.000,-9999999.000,0.000,0.000,1.000,4,0,0,16,20,0,4,16,0.2,0.0,0.0,1.0,0.20512820512820512,0.7948717948717949,-1
"((Magnesium <= 0.541) U[1,1] (Resp >= 5.601))
",4870698888634918.000,0.541,0.000,0.000,1.000,4,0,0,16,20,0,4,16,0.2,0.0,0.0,1.0,0.20512820512820512,0.7948717948717949,-1
"((DBP >= 21.996) U[1,1] (SepsisLabel = 0.000))
",0.000,0.000,0.000,0.000,1.000,3,0,0,17,20,0,3,17,0.15,0.0,0.0,1.0,0.15384615384615385,0.8461538461538461,-1
"((MAP >= 22.334) U[1,2] (SBP <= 141.497))
",-9999999.000,-9999999.000,0.000,0.000,1.000,3,0,0,17,20,0,3,17,0.15,0.0,0.0,1.0,0.15384615384615385,0.8461538461538461,-1
"((Resp >= 3.396) U[1,1] (SepsisLabel = 0.000))
",0.000,0.000,0.000,0.000,1.000,3,0,0,17,20,0,3,17,0.15,0.0,0.0,1.0,0.15384615384615385,0.8461538461538461,-1
"((MAP >= 11.987) U[1,2] (SBP <= 150.252))
",-9999999.000,-9999999.000,0.000,0.000,1.000,3,0,0,17,20,0,3,17,0.15,0.0,0.0,1.0,0.15384615384615385,0.8461538461538461,-1
"((AST <= 0.000) U[0,0] (DBP <= 75.399))
",0.638,18.836,0.000,0.000,1.000,3,0,0,17,20,0,3,17,0.15,0.0,0.0,1.0,0.15384615384615385,0.8461538461538461,-1
"((MAP >= 38.795) U[1,2] (SBP <= 173.679))
",-9999999.000,-9999999.000,0.000,0.000,1.000,3,0,0,17,20,0,3,17,0.15,0.0,0.0,1.0,0.15384615384615385,0.8461538461538461,-1
"((MAP >= 42.292) U[1,2] (SBP <= 145.999))
",-9999999.000,-9999999.000,0.000,0.000,1.000,3,0,0,17,20,0,3,17,0.15,0.0,0.0,1.0,0.15384615384615385,0.8461538461538461,-1
"((WBC <= 0.897) U[0,0] (DBP >= 17.031))
",1.712,50.612,0.000,0.000,1.000,3,0,0,17,20,0,3,17,0.15,0.0,0.0,1.0,0.15384615384615385,0.8461538461538461,-1
"G[0,0](((BUN <= 6.650 & DBP >= 6.515) -> PTT <= 76.701) -> SBP <= 57.336)
",-2.947,-47.669,0.000,1.000,0.000,3,0,0,17,20,0,3,17,0.15,0.0,0.0,1.0,0.15384615384615385,0.8461538461538461,1
"G[0,0](Platelets >= 6.577 | Creatinine >= 0.012)
",0.235,5.777,0.000,1.000,0.000,2,0,0,18,20,0,2,18,0.1,0.0,0.0,1.0,0.10256410256410256,0.8974358974358975,1
"F[0,0](((Calcium < 6.253 & Potassium < 1.454) & Magnesium < 1.643) & Phosphate < 2.807)
",1.352,1.238,0.000,0.000,1.000,2,0,0,18,20,0,2,18,0.1,0.0,0.0,1.0,0.10256410256410256,0.8974358974358975,-1
"((Magnesium <= 0.553) U[1,2] (AST <= 0.000))
",-9999999.000,-9999999.000,0.000,0.000,1.000,2,0,0,18,20,0,2,18,0.1,0.0,0.0,1.0,0.10256410256410256,0.8974358974358975,-1
"F[0,0](((Calcium < 3.174 & Potassium < 1.699) & Magnesium < 1.407) & Phosphate < 3.320)
",1.419,1.207,0.000,0.000,1.000,2,0,0,18,20,0,2,18,0.1,0.0,0.0,1.0,0.10256410256410256,0.8974358974358975,-1
"((SepsisLabel <= 0.000) U[1,1] (O2Sat <= 76.376))
",76.376,76.376,0.000,0.000,1.000,2,0,0,18,20,0,2,18,0.1,0.0,0.0,1.0,0.10256410256410256,0.8974358974358975,-1
"F[0,0](Hgb <= 2.992 | Hct <= 13.731)
",13.731,13.731,0.000,0.000,1.000,2,0,0,18,20,0,2,18,0.1,0.0,0.0,1.0,0.10256410256410256,0.8974358974358975,-1
"G[0,0](DBP >= 10.717 & Hgb >= 0.530)
",-0.084,-0.796,0.000,1.000,0.000,2,0,0,18,20,0,2,18,0.1,0.0,0.0,1.0,0.10256410256410256,0.8974358974358975,1
"G[0,0](Chloride >= 5.611 & HCO3 >= 0.522)
",-4.702,-5.343,0.000,1.000,0.000,2,0,0,18,20,0,2,18,0.1,0.0,0.0,1.0,0.10256410256410256,0.8974358974358975,1
"G[0,1]((HCO3 <= 22.107 & SBP >= 27.351) -> Alkalinephos >= 38.047)
",9999999.000,9999999.000,0.000,1.000,0.000,2,0,0,18,20,0,2,18,0.1,0.0,0.0,1.0,0.10256410256410256,0.8974358974358975,1
"G[0,0](WBC >= 0.192 & Alkalinephos <= 0.000)
",-0.362,-0.550,0.000,1.000,0.000,2,0,0,18,20,0,2,18,0.1,0.0,0.0,1.0,0.10256410256410256,0.8974358974358975,1
"G[0,0](Platelets <= 70.021 -> WBC >= 0.184)
",-4927270560008566.000,-70.021,0.000,1.000,0.000,2,0,0,18,20,0,2,18,0.1,0.0,0.0,1.0,0.10256410256410256,0.8974358974358975,1
"G[0,0](((Hgb <= 3.492 | Hct <= 33.104) -> WBC >= 0.091) & Platelets >= 5.277)
",-4658909398880630.000,-33.104,0.000,1.000,0.000,2,0,0,18,20,0,2,18,0.1,0.0,0.0,1.0,0.10256410256410256,0.8974358974358975,1
"G[0,0](((Hgb <= 11.856 | Hct <= 17.529) -> WBC >= 0.007) & Platelets >= 0.114)
",-8.194,-18.048,0.000,1.000,0.000,2,0,0,18,20,0,2,18,0.1,0.0,0.0,1.0,0.10256410256410256,0.8974358974358975,1
"G[0,1](DBP >= 16.777 -> Phosphate >= 0.048)
",9999999.000,9999999.000,0.000,1.000,0.000,2,0,0,18,20,0,2,18,0.1,0.0,0.0,1.0,0.10256410256410256,0.8974358974358975,1
"((HCO3 >= 0.362) U[0,0] (PTT <= 13.253))
",4.512,12.595,0.000,0.000,1.000,1,0,0,19,20,0,1,19,0.05,0.0,0.0,1.0,0.05128205128205128,0.9487179487179487,-1
"F[0,0](Hgb >= 0.362 -> PTT >= 0.639)
",-0.190,-1.517,0.000,0.000,1.000,1,0,0,19,20,0,1,19,0.05,0.0,0.0,1.0,0.05128205128205128,0.9487179487179487,-1
"F[0,2](Chloride > 4.876 -> SepsisLabel = 0.000)
",-9999999.000,-9999999.000,0.000,0.000,1.000,0,0,0,20,20,0,0,20,0.0,0.0,0.0,0.0,0.0,1.0,-1
"((SBP <= 122.268) U[2,2] (SepsisLabel = 0.000))
",122.268,122.268,0.000,0.000,1.000,0,0,0,20,20,0,0,20,0.0,0.0,0.0,0.0,0.0,1.0,-1
"F[1,1](Hgb >= 0.453 | Creatinine <= 0.329)
",0.329,0.329,0.000,0.000,1.000,0,0,0,20,20,0,0,20,0.0,0.0,0.0,0.0,0.0,1.0,-1
"F[2,2](((Bilirubin_direct <= 0.000 -> BUN <= 5.394) & Glucose <= 5.772) | pH >= 0.253)
",-0.253,-0.253,0.000,0.000,1.000,0,0,0,20,20,0,0,20,0.0,0.0,0.0,0.0,0.0,1.0,-1
"F[2,2](Hgb <= 4.405 | Hct <= 35.614)
",35.614,35.614,0.000,0.000,1.000,0,0,0,20,20,0,0,20,0.0,0.0,0.0,0.0,0.0,1.0,-1
"F[1,2](((WBC >= 0.112 & Platelets >= 0.329) | DBP >= 5.830) -> Alkalinephos >= 1.777)
",-9999999.000,-9999999.000,0.000,0.000,1.000,0,0,0,20,20,0,0,20,0.0,0.0,0.0,0.0,0.0,1.0,-1
"((SBP >= 56.530) U[0,1] (SepsisLabel = 0.000))
",-9999999.000,-9999999.000,0.000,0.000,1.000,0,0,0,20,20,0,0,20,0.0,0.0,0.0,0.0,0.0,1.0,-1
"((Lactate >= 0.000) U[0,1] (SepsisLabel = 0.000))
",-9999999.000,-9999999.000,0.000,0.000,1.000,0,0,0,20,20,0,0,20,0.0,0.0,0.0,0.0,0.0,1.0,-1
"((PaCO2 < 0.000) U[2,2] (SepsisLabel = 0.000))
",0.000,0.000,0.000,0.000,1.000,0,0,0,20,20,0,0,20,0.0,0.0,0.0,0.0,0.0,1.0,-1
"((Bilirubin_direct >= 0.000) U[0,2] (SepsisLabel = 0.000))
",-9999999.000,-9999999.000,0.000,0.000,1.000,0,0,0,20,20,0,0,20,0.0,0.0,0.0,0.0,0.0,1.0,-1
"F[1,2](TroponinI > 0.000 -> SepsisLabel = 0.000)
",-9999999.000,-9999999.000,0.000,0.000,1.000,0,0,0,20,20,0,0,20,0.0,0.0,0.0,0.0,0.0,1.0,-1
"F[0,2](Fibrinogen <= 0.000 -> SepsisLabel = 0.000)
",-9999999.000,-9999999.000,0.000,0.000,1.000,0,0,0,20,20,0,0,20,0.0,0.0,0.0,0.0,0.0,1.0,-1
"((TroponinI <= 0.000) U[1,1] (SepsisLabel = 0.000))
",0.000,0.000,0.000,0.000,1.000,0,0,0,20,20,0,0,20,0.0,0.0,0.0,0.0,0.0,1.0,-1
"F[0,1](Hgb <= 2.288 & HCO3 <= 20.016)
",-9999999.000,-9999999.000,0.000,0.000,1.000,0,0,0,20,20,0,0,20,0.0,0.0,0.0,0.0,0.0,1.0,-1
"((Calcium < 1.419) U[0,2] (SepsisLabel = 0.000))
",-9999999.000,-9999999.000,0.000,0.000,1.000,0,0,0,20,20,0,0,20,0.0,0.0,0.0,0.0,0.0,1.0,-1
"F[0,1](Chloride < 8.054 -> SepsisLabel = 0.000)
",-9999999.000,-9999999.000,0.000,0.000,1.000,0,0,0,20,20,0,0,20,0.0,0.0,0.0,0.0,0.0,1.0,-1
"((Fibrinogen >= 0.000) U[1,1] (SepsisLabel = 0.000))
",0.000,0.000,0.000,0.000,1.000,0,0,0,20,20,0,0,20,0.0,0.0,0.0,0.0,0.0,1.0,-1
"F[1,1]((Alkalinephos >= 0.000 | pH >= 0.000) -> HCO3 <= 0.000)
",0.000,0.000,0.000,0.000,1.000,0,0,0,20,20,0,0,20,0.0,0.0,0.0,0.0,0.0,1.0,-1
"F[0,1]((BaseExcess >= 0.000 | HR <= 55.394) | Bilirubin_direct <= 52.691)
",-9999999.000,-9999999.000,0.000,0.000,1.000,0,0,0,20,20,0,0,20,0.0,0.0,0.0,0.0,0.0,1.0,-1
"F[2,2](((TroponinI >= 0.000 | Alkalinephos >= 0.000) | DBP >= 0.000) & SaO2 >= 0.000)
",0.000,0.000,0.000,0.000,1.000,0,0,0,20,20,0,0,20,0.0,0.0,0.0,0.0,0.0,1.0,-1
"F[0,2](((BUN <= 3.101 -> AST <= 0.000) -> Temp <= 0.000) | AST >= 0.000)
",-9999999.000,-9999999.000,0.000,0.000,1.000,0,0,0,20,20,0,0,20,0.0,0.0,0.0,0.0,0.0,1.0,-1
"((Bilirubin_total <= 0.000) U[0,1] (pH <= 0.000))
",-9999999.000,-9999999.000,0.000,0.000,1.000,0,0,0,20,20,0,0,20,0.0,0.0,0.0,0.0,0.0,1.0,-1
"F[1,2](((Lactate >= 0.000 | EtCO2 <= 0.000) & BUN <= 0.000) | Calcium >= 0.000)
",-9999999.000,-9999999.000,0.000,0.000,1.000,0,0,0,20,20,0,0,20,0.0,0.0,0.0,0.0,0.0,1.0,-1
"F[0,1]((SaO2 >= 0.000 -> EtCO2 >= 0.000) & Magnesium >= 0.000)
",-9999999.000,-9999999.000,0.000,0.000,1.000,0,0,0,20,20,0,0,20,0.0,0.0,0.0,0.0,0.0,1.0,-1
"F[1,2]((Hct <= 19.770 | Resp <= 14.665) & PTT >= 7.492)
",-9999999.000,-9999999.000,0.000,0.000,1.000,0,0,0,20,20,0,0,20,0.0,0.0,0.0,0.0,0.0,1.0,-1
"F[0,1]((Calcium <= 1.334 | PaCO2 <= 0.000) -> Alkalinephos <= 0.000)
",-9999999.000,-9999999.000,0.000,0.000,1.000,0,0,0,20,20,0,0,20,0.0,0.0,0.0,0.0,0.0,1.0,-1
"F[1,1]((Resp >= 3.738 -> Chloride >= 1.644) -> AST <= 66.632)
",-66.632,-66.632,0.000,0.000,1.000,0,0,0,20,20,0,0,20,0.0,0.0,0.0,0.0,0.0,1.0,-1
"F[0,1](((Lactate >= 0.000 | MAP >= 12.155) | PTT <= 105.123) | Chloride <= 101.558)
",-9999999.000,-9999999.000,0.000,0.000,1.000,0,0,0,20,20,0,0,20,0.0,0.0,0.0,0.0,0.0,1.0,-1
"F[1,2](((SepsisLabel <= 0.000 & MAP >= 12.157) | AST >= 20.148) | TroponinI <= 109.019)
",-9999999.000,-9999999.000,0.000,0.000,1.000,0,0,0,20,20,0,0,20,0.0,0.0,0.0,0.0,0.0,1.0,-1
"F[1,2](Glucose <= 48.353 & Magnesium <= 0.448)
",-9999999.000,-9999999.000,0.000,0.000,1.000,0,0,0,20,20,0,0,20,0.0,0.0,0.0,0.0,0.0,1.0,-1
"F[1,1](((Temp >= 2.895 | Creatinine <= 0.479) & Temp <= 0.277) | Bilirubin_total <= 0.582)
",5246114736351015.000,0.582,0.000,0.000,1.000,0,0,0,20,20,0,0,20,0.0,0.0,0.0,0.0,0.0,1.0,-1
"F[1,1](((Temp >= 7.008 & pH >= 0.000) & EtCO2 >= 0.000) | BUN <= 0.000)
",0.000,0.000,0.000,0.000,1.000,0,0,0,20,20,0,0,20,0.0,0.0,0.0,0.0,0.0,1.0,-1
"F[2,2](((HCO3 <= 21.783 -> O2Sat >= 7.888) | BaseExcess >= 11.128) & Creatinine >= 9.455)
",-11.128,-11.128,0.000,0.000,1.000,0,0,0,20,20,0,0,20,0.0,0.0,0.0,0.0,0.0,1.0,-1
"F[1,2]((Platelets <= 179.626 & TroponinI >= 0.000) & pH >= 0.000)
",-9999999.000,-9999999.000,0.000,0.000,1.000,0,0,0,20,20,0,0,20,0.0,0.0,0.0,0.0,0.0,1.0,-1
"F[0,2](((Alkalinephos >= 0.000 & Temp >= 7.530) | Glucose >= 6.939) & O2Sat <= 25.816)
",-9999999.000,-9999999.000,0.000,0.000,1.000,0,0,0,20,20,0,0,20,0.0,0.0,0.0,0.0,0.0,1.0,-1
"F[0,2](Calcium >= 0.255 | FiO2 <= 0.000)
",-9999999.000,-9999999.000,0.000,0.000,1.000,0,0,0,20,20,0,0,20,0.0,0.0,0.0,0.0,0.0,1.0,-1
"F[2,2]((AST <= 0.000 | SepsisLabel >= 0.000) & PaCO2 >= 0.000)
",0.000,0.000,0.000,0.000,1.000,0,0,0,20,20,0,0,20,0.0,0.0,0.0,0.0,0.0,1.0,-1
"G[1,1](((PaCO2 <= 0.000 -> WBC <= 4.387) | MAP <= 0.598) & Hct >= 0.147)
",-5310514553736027.000,-0.147,0.000,1.000,0.000,0,0,1,19,19,1,1,19,0.0,0.0,1.0,0.0,0.0,1.0,1
"((HCO3 <= 8.208) U[2,2] (SepsisLabel = 0.000))
",4620686259968795.000,8.208,0.000,0.000,1.000,0,0,0,20,20,0,0,20,0.0,0.0,0.0,0.0,0.0,1.0,-1
"((Hct >= 1.356) U[1,2] (Magnesium >= 0.070))
",-9999999.000,-9999999.000,0.000,0.000,1.000,0,0,0,20,20,0,0,20,0.0,0.0,0.0,0.0,0.0,1.0,-1
"F[1,2](Bilirubin_direct >= 0.000 & Hgb >= 0.359)
",-9999999.000,-9999999.000,0.000,0.000,1.000,0,0,0,20,20,0,0,20,0.0,0.0,0.0,0.0,0.0,1.0,-1
"((Resp <= 15.314) U[1,2] (Magnesium >= 0.036))
",-9999999.000,-9999999.000,0.000,0.000,1.000,0,0,0,20,20,0,0,20,0.0,0.0,0.0,0.0,0.0,1.0,-1
"F[2,2](PTT >= 0.594 | HCO3 >= 0.825)
",-5349580613642796.000,-0.594,0.000,0.000,1.000,0,0,0,20,20,0,0,20,0.0,0.0,0.0,0.0,0.0,1.0,-1
"F[0,0]((Temp >= 1.180 & SaO2 <= 0.000) | EtCO2 <= 0.000)
",-1.309,-0.746,0.000,0.000,1.000,0,0,0,20,20,0,0,20,0.0,0.0,0.0,0.0,0.0,1.0,-1
"((AST <= 0.000) U[0,2] (Hct >= 0.240))
",-9999999.000,-9999999.000,0.000,0.000,1.000,0,0,0,20,20,0,0,20,0.0,0.0,0.0,0.0,0.0,1.0,-1
"F[0,2](((Glucose <= 41.761 & AST >= 0.000) & Hct >= 0.000) | Potassium >= 0.000)
",-9999999.000,-9999999.000,0.000,0.000,1.000,0,0,0,20,20,0,0,20,0.0,0.0,0.0,0.0,0.0,1.0,-1
"F[1,2](((HR <= 68.488 -> Creatinine <= 0.490) -> PTT >= 0.027) & pH <= 0.300)
",-9999999.000,-9999999.000,0.000,0.000,1.000,0,0,0,20,20,0,0,20,0.0,0.0,0.0,0.0,0.0,1.0,-1
"F[2,2](((TroponinI <= 0.000 | MAP <= 77.469) -> FiO2 >= 2.876) -> Phosphate >= 57.400)
",57.400,57.400,0.000,0.000,1.000,0,0,0,20,20,0,0,20,0.0,0.0,0.0,0.0,0.0,1.0,-1
"((TroponinI >= 0.000) U[0,2] (Chloride <= 109.689))
",-9999999.000,-9999999.000,0.000,0.000,1.000,0,0,0,20,20,0,0,20,0.0,0.0,0.0,0.0,0.0,1.0,-1
"((Phosphate <= 1.486) U[0,1] (TroponinI >= 0.000))
",-9999999.000,-9999999.000,0.000,0.000,1.000,0,0,0,20,20,0,0,20,0.0,0.0,0.0,0.0,0.0,1.0,-1
"((Glucose <= 92.847) U[0,1] (O2Sat <= 29.527))
",-9999999.000,-9999999.000,0.000,0.000,1.000,0,0,0,20,20,0,0,20,0.0,0.0,0.0,0.0,0.0,1.0,-1
"F[1,2](Lactate <= 0.000 | EtCO2 >= 0.000)
",-9999999.000,-9999999.000,0.000,0.000,1.000,0,0,0,20,20,0,0,20,0.0,0.0,0.0,0.0,0.0,1.0,-1
"F[0,2](Lactate >= 0.000 | FiO2 >= 0.000)
",-9999999.000,-9999999.000,0.000,0.000,1.000,0,0,0,20,20,0,0,20,0.0,0.0,0.0,0.0,0.0,1.0,-1
"F[1,1]((PTT <= 22.930 | SepsisLabel <= 0.000) & Temp >= 0.000)
",0.000,0.000,0.000,0.000,1.000,0,0,0,20,20,0,0,20,0.0,0.0,0.0,0.0,0.0,1.0,-1
"F[2,2](((Glucose <= 20.824 | DBP >= 45.508) -> Temp <= 52.696) & MAP <= 67.108)
",-52.696,-52.696,0.000,0.000,1.000,0,0,0,20,20,0,0,20,0.0,0.0,0.0,0.0,0.0,1.0,-1
"F[1,2](((SaO2 <= 0.000 & Bilirubin_direct >= 0.000) -> PTT >= 0.000) & BaseExcess >= 0.000)
",-9999999.000,-9999999.000,0.000,0.000,1.000,0,0,0,20,20,0,0,20,0.0,0.0,0.0,0.0,0.0,1.0,-1
"F[0,2](((BaseExcess >= 0.000 | Bilirubin_direct >= 0.000) & SaO2 <= 0.000) | Potassium >= 0.000)
",-9999999.000,-9999999.000,0.000,0.000,1.000,0,0,0,20,20,0,0,20,0.0,0.0,0.0,0.0,0.0,1.0,-1
"F[1,1]((Bilirubin_total <= 0.000 & Bilirubin_total <= 0.000) & Creatinine >= 0.000)
",0.000,0.000,0.000,0.000,1.000,0,0,0,20,20,0,0,20,0.0,0.0,0.0,0.0,0.0,1.0,-1
"F[2,2](((AST <= 0.000 | Alkalinephos <= 0.000) & HCO3 >= 0.000) -> Bilirubin_direct <= 0.000)
",0.000,0.000,0.000,0.000,1.000,0,0,0,20,20,0,0,20,0.0,0.0,0.0,0.0,0.0,1.0,-1
"F[0,1](((AST <= 0.000 & MAP <= 94.856) & Calcium >= 63.682) -> Creatinine <= 75.037)
",-9999999.000,-9999999.000,0.000,0.000,1.000,0,0,0,20,20,0,0,20,0.0,0.0,0.0,0.0,0.0,1.0,-1
"((Fibrinogen <= 0.000) U[0,2] (PTT >= 0.584))
",-9999999.000,-9999999.000,0.000,0.000,1.000,0,0,0,20,20,0,0,20,0.0,0.0,0.0,0.0,0.0,1.0,-1
"F[1,2](Hgb <= 1.429 | MAP >= 41.769)
",-9999999.000,-9999999.000,0.000,0.000,1.000,0,0,0,20,20,0,0,20,0.0,0.0,0.0,0.0,0.0,1.0,-1
"F[0,1](HCO3 <= 17.931 | EtCO2 <= 0.000)
",-9999999.000,-9999999.000,0.000,0.000,1.000,0,0,0,20,20,0,0,20,0.0,0.0,0.0,0.0,0.0,1.0,-1
"F[1,2](((Bilirubin_total >= 0.000 -> Creatinine <= 0.217) -> FiO2 <= 0.154) | SBP <= 0.333)
",-9999999.000,-9999999.000,0.000,0.000,1.000,0,0,0,20,20,0,0,20,0.0,0.0,0.0,0.0,0.0,1.0,-1
"F[2,2](((Platelets <= 159.408 -> Phosphate <= 3.403) | PTT <= 3.090) & AST >= 0.040)
",-5703989834554245.000,-0.040,0.000,0.000,1.000,0,0,0,20,20,0,0,20,0.0,0.0,0.0,0.0,0.0,1.0,-1
"((O2Sat >= 2.626) U[0,2] (SepsisLabel >= 0.000))
",-9999999.000,-9999999.000,0.000,0.000,1.000,0,0,0,20,20,0,0,20,0.0,0.0,0.0,0.0,0.0,1.0,-1
"F[0,2]((EtCO2 <= 0.000 | SaO2 <= 0.000) & Bilirubin_direct <= 0.000)
",-9999999.000,-9999999.000,0.000,0.000,1.000,0,0,0,20,20,0,0,20,0.0,0.0,0.0,0.0,0.0,1.0,-1
"F[0,2]((SepsisLabel >= 0.000 & FiO2 >= 0.000) & Bilirubin_total >= 0.000)
",-9999999.000,-9999999.000,0.000,0.000,1.000,0,0,0,20,20,0,0,20,0.0,0.0,0.0,0.0,0.0,1.0,-1
"F[0,2](pH <= 0.000 & Bilirubin_total <= 0.000)
",-9999999.000,-9999999.000,0.000,0.000,1.000,0,0,0,20,20,0,0,20,0.0,0.0,0.0,0.0,0.0,1.0,-1
"((O2Sat >= 11.849) U[2,2] (Hct <= 26.503))
",7459941478668603.000,26.503,0.000,0.000,1.000,0,0,0,20,20,0,0,20,0.0,0.0,0.0,0.0,0.0,1.0,-1
"F[0,0]((Chloride <= 79.982 & Phosphate <= 2.901) -> Chloride >= 0.000)
",-2.784,-3.169,0.000,0.000,1.000,0,0,0,20,20,0,0,20,0.0,0.0,0.0,0.0,0.0,1.0,-1
"F[2,2]((Phosphate <= 0.798 | FiO2 <= 0.000) | SepsisLabel <= 0.000)
",7188149615855778.000,0.798,0.000,0.000,1.000,0,0,0,20,20,0,0,20,0.0,0.0,0.0,0.0,0.0,1.0,-1
"F[1,2](((Creatinine <= 0.060 -> Hgb <= 6.973) & Alkalinephos <= 7.380) & EtCO2 <= 4.001)
",-9999999.000,-9999999.000,0.000,0.000,1.000,0,0,0,20,20,0,0,20,0.0,0.0,0.0,0.0,0.0,1.0,-1
"F[0,2](Lactate >= 0.000 -> SaO2 <= 0.000)
",-9999999.000,-9999999.000,0.000,0.000,1.000,0,0,0,20,20,0,0,20,0.0,0.0,0.0,0.0,0.0,1.0,-1
"F[1,1](((Magnesium >= 0.024 -> Bilirubin_direct <= 0.000) | Creatinine <= 0.000) & Calcium <= 0.000)
",0.000,0.000,0.000,0.000,1.000,0,0,0,20,20,0,0,20,0.0,0.0,0.0,0.0,0.0,1.0,-1
"F[1,2](((PTT >= 0.149 & HR >= 32.022) & Calcium <= 72.531) -> Fibrinogen >= 6.752)
",-9999999.000,-9999999.000,0.000,0.000,1.000,0,0,0,20,20,0,0,20,0.0,0.0,0.0,0.0,0.0,1.0,-1
"F[1,2](Magnesium >= 0.074 & Temp <= 29.944)
",-9999999.000,-9999999.000,0.000,0.000,1.000,0,0,0,20,20,0,0,20,0.0,0.0,0.0,0.0,0.0,1.0,-1
"F[0,2]((Bilirubin_direct >= 0.000 | pH >= 0.000) & Hct <= 0.000)
",-9999999.000,-9999999.000,0.000,0.000,1.000,0,0,0,20,20,0,0,20,0.0,0.0,0.0,0.0,0.0,1.0,-1
"((Hct <= 6.988) U[0,2] (Calcium >= 0.059))
",-9999999.000,-9999999.000,0.000,0.000,1.000,0,0,0,20,20,0,0,20,0.0,0.0,0.0,0.0,0.0,1.0,-1
"F[1,1]((AST <= 0.000 & AST >= 0.000) -> EtCO2 <= 0.000)
",0.000,0.000,0.000,0.000,1.000,0,0,0,20,20,0,0,20,0.0,0.0,0.0,0.0,0.0,1.0,-1
"F[1,2]((PaCO2 >= 0.000 & O2Sat >= 10.061) & Chloride >= 2.722)
",-9999999.000,-9999999.000,0.000,0.000,1.000,0,0,0,20,20,0,0,20,0.0,0.0,0.0,0.0,0.0,1.0,-1
"F[0,1]((BaseExcess >= 0.000 -> Phosphate >= 0.007) | Phosphate <= 3.342)
",-9999999.000,-9999999.000,0.000,0.000,1.000,0,0,0,20,20,0,0,20,0.0,0.0,0.0,0.0,0.0,1.0,-1
"F[0,2](((pH <= 0.000 & WBC >= 0.111) -> Hgb >= 0.143) -> EtCO2 <= 1.892)
",-9999999.000,-9999999.000,0.000,0.000,1.000,0,0,0,20,20,0,0,20,0.0,0.0,0.0,0.0,0.0,1.0,-1
"F[2,2]((SBP <= 142.944 & HCO3 <= 8.278) & SaO2 <= 5.740)
",5.740,5.740,0.000,0.000,1.000,0,0,0,20,20,0,0,20,0.0,0.0,0.0,0.0,0.0,1.0,-1
"F[0,1](MAP >= 69.511 -> HR <= 61.935)
",-9999999.000,-9999999.000,0.000,0.000,1.000,0,0,0,20,20,0,0,20,0.0,0.0,0.0,0.0,0.0,1.0,-1
"F[1,2]((Phosphate >= 0.128 -> FiO2 <= 0.000) & Hgb >= 0.000)
",-9999999.000,-9999999.000,0.000,0.000,1.000,0,0,0,20,20,0,0,20,0.0,0.0,0.0,0.0,0.0,1.0,-1
"F[0,2](Bilirubin_direct <= 0.000 | AST >= 0.000)
",-9999999.000,-9999999.000,0.000,0.000,1.000,0,0,0,20,20,0,0,20,0.0,0.0,0.0,0.0,0.0,1.0,-1
"((Hgb < 1.517) U[0,2] (SepsisLabel = 0.000))
",-9999999.000,-9999999.000,0.000,0.000,1.000,0,0,0,20,20,0,0,20,0.0,0.0,0.0,0.0,0.0,1.0,-1
"F[1,1](HR > 20.670 -> SepsisLabel = 0.000)
",0.000,0.000,0.000,0.000,1.000,0,0,0,20,20,0,0,20,0.0,0.0,0.0,0.0,0.0,1.0,-1
"F[0,2](((PaCO2 <= 0.000 & Magnesium <= 0.134) | Alkalinephos <= 0.911) | Magnesium >= 0.071)
",-9999999.000,-9999999.000,0.000,0.000,1.000,0,0,0,20,20,0,0,20,0.0,0.0,0.0,0.0,0.0,1.0,-1
"((TroponinI > 0.000) U[0,1] (SepsisLabel = 0.000))
",-9999999.000,-9999999.000,0.000,0.000,1.000,0,0,0,20,20,0,0,20,0.0,0.0,0.0,0.0,0.0,1.0,-1
"((WBC <= 1.413) U[0,2] (Hgb <= 9.499))
",-9999999.000,-9999999.000,0.000,0.000,1.000,0,0,0,20,20,0,0,20,0.0,0.0,0.0,0.0,0.0,1.0,-1
"F[0,1]((SBP >= 84.194 & Creatinine <= 0.346) -> Magnesium <= 0.279)
",-9999999.000,-9999999.000,0.000,0.000,1.000,0,0,0,20,20,0,0,20,0.0,0.0,0.0,0.0,0.0,1.0,-1
"F[0,2](((HCO3 >= 0.133 & HR >= 14.812) & BUN <= 77.440) -> PaCO2 >= 27.032)
",-9999999.000,-9999999.000,0.000,0.000,1.000,0,0,0,20,20,0,0,20,0.0,0.0,0.0,0.0,0.0,1.0,-1
"F[0,2](O2Sat <= 46.910 | PTT >= 0.257)
",-9999999.000,-9999999.000,0.000,0.000,1.000,0,0,0,20,20,0,0,20,0.0,0.0,0.0,0.0,0.0,1.0,-1
"F[0,2]((Hct <= 10.699 -> HR <= 53.302) & O2Sat <= 73.857)
",-9999999.000,-9999999.000,0.000,0.000,1.000,0,0,0,20,20,0,0,20,0.0,0.0,0.0,0.0,0.0,1.0,-1
"F[1,1](BUN >= 0.078 -> HR <= 54.351)
",-54.351,-54.351,0.000,0.000,1.000,0,0,0,20,20,0,0,20,0.0,0.0,0.0,0.0,0.0,1.0,-1
"F[0,2](HR <= 78.464 -> WBC >= 0.066)
",-9999999.000,-9999999.000,0.000,0.000,1.000,0,0,0,20,20,0,0,20,0.0,0.0,0.0,0.0,0.0,1.0,-1
"F[0,1]((HR >= 5.581 -> PTT >= 0.096) | PTT <= 24.509)
",-9999999.000,-9999999.000,0.000,0.000,1.000,0,0,0,20,20,0,0,20,0.0,0.0,0.0,0.0,0.0,1.0,-1
"F[0,1](PTT <= 1.209 & Resp <= 15.211)
",-9999999.000,-9999999.000,0.000,0.000,1.000,0,0,0,20,20,0,0,20,0.0,0.0,0.0,0.0,0.0,1.0,-1
"F[1,2](Calcium <= 6.991 & Resp <= 11.747)
",-9999999.000,-9999999.000,0.000,0.000,1.000,0,0,0,20,20,0,0,20,0.0,0.0,0.0,0.0,0.0,1.0,-1
"F[2,2](Hct <= 7.507 -> Resp >= 7.783)
",-8452273417952468.000,-7.507,0.000,0.000,1.000,0,0,0,20,20,0,0,20,0.0,0.0,0.0,0.0,0.0,1.0,-1
"F[1,2](DBP <= 79.876 -> Platelets <= 211.554)
",-9999999.000,-9999999.000,0.000,0.000,1.000,0,0,0,20,20,0,0,20,0.0,0.0,0.0,0.0,0.0,1.0,-1
"((Potassium <= 2.662) U[0,2] (SBP <= 146.676))
",-9999999.000,-9999999.000,0.000,0.000,1.000,0,0,0,20,20,0,0,20,0.0,0.0,0.0,0.0,0.0,1.0,-1
"F[1,2]((Phosphate <= 3.065 -> Potassium >= 0.134) -> HR >= 0.163)
",-9999999.000,-9999999.000,0.000,0.000,1.000,0,0,0,20,20,0,0,20,0.0,0.0,0.0,0.0,0.0,1.0,-1
"F[1,1]((Platelets >= 4.164 -> Potassium <= 1.328) -> Fibrinogen <= 0.340)
",-0.340,-0.340,0.000,0.000,1.000,0,0,0,20,20,0,0,20,0.0,0.0,0.0,0.0,0.0,1.0,-1
"F[2,2](Alkalinephos <= 0.000 | Hct >= 1.583)
",0.000,0.000,0.000,0.000,1.000,0,0,0,20,20,0,0,20,0.0,0.0,0.0,0.0,0.0,1.0,-1
"F[1,2]((HR >= 10.590 -> Calcium <= 5.727) -> MAP >= 0.097)
",-9999999.000,-9999999.000,0.000,0.000,1.000,0,0,0,20,20,0,0,20,0.0,0.0,0.0,0.0,0.0,1.0,-1
"F[0,2]((SepsisLabel <= 0.000 | Fibrinogen >= 0.000) | TroponinI >= 0.000)
",-9999999.000,-9999999.000,0.000,0.000,1.000,0,0,0,20,20,0,0,20,0.0,0.0,0.0,0.0,0.0,1.0,-1
"((Chloride >= 0.160) U[0,1] (Temp <= 26.280))
",-9999999.000,-9999999.000,0.000,0.000,1.000,0,0,0,20,20,0,0,20,0.0,0.0,0.0,0.0,0.0,1.0,-1
"F[2,2]((HCO3 >= 0.066 & Temp <= 19.978) & BaseExcess <= 32.028)
",-4770952220298782.000,-0.066,0.000,0.000,1.000,0,0,0,20,20,0,0,20,0.0,0.0,0.0,0.0,0.0,1.0,-1
"F[0,2]((Calcium <= 2.150 & Potassium <= 0.889) & Magnesium >= 0.072)
",-9999999.000,-9999999.000,0.000,0.000,1.000,0,0,0,20,20,0,0,20,0.0,0.0,0.0,0.0,0.0,1.0,-1
"F[1,2](DBP >= 38.966 -> Hgb >= 0.166)
",-9999999.000,-9999999.000,0.000,0.000,1.000,0,0,0,20,20,0,0,20,0.0,0.0,0.0,0.0,0.0,1.0,-1
"F[0,2]((DBP >= 3.160 | Hct <= 5.245) -> HR <= 2.043)
",-9999999.000,-9999999.000,0.000,0.000,1.000,0,0,0,20,20,0,0,20,0.0,0.0,0.0,0.0,0.0,1.0,-1
"F[1,2]((Potassium >= 0.191 & Temp <= 10.975) | MAP >= 6.112)
",-9999999.000,-9999999.000,0.000,0.000,1.000,0,0,0,20,20,0,0,20,0.0,0.0,0.0,0.0,0.0,1.0,-1
"F[0,2](((Creatinine >= 0.004 -> Temp <= 25.572) | Bilirubin_total <= 22.891) & Temp >= 4.231)
",-9999999.000,-9999999.000,0.000,0.000,1.000,0,0,0,20,20,0,0,20,0.0,0.0,0.0,0.0,0.0,1.0,-1
"F[1,1]((Magnesium >= 0.067 | Temp <= 28.227) -> FiO2 <= 17.925)
",-28.227,-28.227,0.000,0.000,1.000,0,0,0,20,20,0,0,20,0.0,0.0,0.0,0.0,0.0,1.0,-1
"F[2,2]((SBP >= 12.237 & FiO2 <= 0.000) & Resp <= 0.000)
",-12.237,-12.237,0.000,0.000,1.000,0,0,0,20,20,0,0,20,0.0,0.0,0.0,0.0,0.0,1.0,-1
"F[1,2](((Chloride <= 78.599 & MAP >= 49.381) -> PTT >= 12.913) | Resp >= 28.355)
",-9999999.000,-9999999.000,0.000,0.000,1.000,0,0,0,20,20,0,0,20,0.0,0.0,0.0,0.0,0.0,1.0,-1
"F[2,2](Resp >= 10.238 -> WBC >= 0.140)
",0.140,0.140,0.000,0.000,1.000,0,0,0,20,20,0,0,20,0.0,0.0,0.0,0.0,0.0,1.0,-1
"F[0,1]((BUN <= 3.498 & Resp <= 15.123) -> EtCO2 <= 18.182)
",-9999999.000,-9999999.000,0.000,0.000,1.000,0,0,0,20,20,0,0,20,0.0,0.0,0.0,0.0,0.0,1.0,-1
"F[1,2]((Calcium >= 0.024 | MAP <= 81.072) -> Lactate <= 96.017)
",-9999999.000,-9999999.000,0.000,0.000,1.000,0,0,0,20,20,0,0,20,0.0,0.0,0.0,0.0,0.0,1.0,-1
"F[0,2](Alkalinephos <= 0.000 & EtCO2 <= 0.000)
",-9999999.000,-9999999.000,0.000,0.000,1.000,0,0,0,20,20,0,0,20,0.0,0.0,0.0,0.0,0.0,1.0,-1
"F[0,2](SBP <= 114.821 -> Phosphate <= 1.359)
",-9999999.000,-9999999.000,0.000,0.000,1.000,0,0,0,20,20,0,0,20,0.0,0.0,0.0,0.0,0.0,1.0,-1
"((DBP >= 47.986) U[0,1] (HR >= 51.585))
",-9999999.000,-9999999.000,0.000,0.000,1.000,0,0,0,20,20,0,0,20,0.0,0.0,0.0,0.0,0.0,1.0,-1
"F[1,2](((PTT <= 19.484 -> WBC <= 1.841) & Temp <= 1.940) & Alkalinephos <= 1.681)
",-9999999.000,-9999999.000,0.000,0.000,1.000,0,0,0,20,20,0,0,20,0.0,0.0,0.0,0.0,0.0,1.0,-1
"((HCO3 <= 9.567) U[0,2] (WBC <= 1.019))
",-9999999.000,-9999999.000,0.000,0.000,1.000,0,0,0,20,20,0,0,20,0.0,0.0,0.0,0.0,0.0,1.0,-1
"((MAP <= 112.240) U[1,2] (Resp >= 9.334))
",-9999999.000,-9999999.000,0.000,0.000,1.000,0,0,0,20,20,0,0,20,0.0,0.0,0.0,0.0,0.0,1.0,-1
"F[0,0](((Hgb <= 8.993 & MAP >= 40.901) & O2Sat <= 73.404) -> Phosphate <= 76.949)
",-202.472,-76.859,0.000,0.000,1.000,0,0,0,20,20,0,0,20,0.0,0.0,0.0,0.0,0.0,1.0,-1
"F[1,2](MAP <= 77.896 | Phosphate >= 0.102)
",-9999999.000,-9999999.000,0.000,0.000,1.000,0,0,0,20,20,0,0,20,0.0,0.0,0.0,0.0,0.0,1.0,-1
"F[0,0](Hct <= 34.648 | Temp >= 7.410)
",2.131,43.481,0.000,0.000,1.000,0,0,0,20,20,0,0,20,0.0,0.0,0.0,0.0,0.0,1.0,-1
"F[0,2]((BUN <= 3.497 -> Temp >= 2.009) -> Lactate >= 4.522)
",-9999999.000,-9999999.000,0.000,0.000,1.000,0,0,0,20,20,0,0,20,0.0,0.0,0.0,0.0,0.0,1.0,-1
"F[0,2](((DBP >= 3.744 | PTT >= 0.684) & Phosphate <= 14.572) | Platelets >= 0.701)
",-9999999.000,-9999999.000,0.000,0.000,1.000,0,0,0,20,20,0,0,20,0.0,0.0,0.0,0.0,0.0,1.0,-1
"F[0,1](((MAP <= 101.686 -> PTT <= 22.167) | Creatinine >= 0.148) & BaseExcess <= 25.009)
",-9999999.000,-9999999.000,0.000,0.000,1.000,0,0,0,20,20,0,0,20,0.0,0.0,0.0,0.0,0.0,1.0,-1
"((O2Sat >= 0.374) U[0,2] (Resp >= 4.509))
",-9999999.000,-9999999.000,0.000,0.000,1.000,0,0,0,20,20,0,0,20,0.0,0.0,0.0,0.0,0.0,1.0,-1
"((Magnesium <= 1.288) U[2,2] (SBP >= 22.350))
",5801977889539019.000,1.288,0.000,0.000,1.000,0,0,0,20,20,0,0,20,0.0,0.0,0.0,0.0,0.0,1.0,-1
"F[0,2](((DBP <= 55.891 | Temp <= 20.198) -> MAP >= 2.158) & Platelets >= 7.318)
",-9999999.000,-9999999.000,0.000,0.000,1.000,0,0,0,20,20,0,0,20,0.0,0.0,0.0,0.0,0.0,1.0,-1
"F[0,0](((Resp >= 10.319 | Temp >= 6.693) & Bilirubin_direct >= 6.533) -> PaCO2 <= 8.361)
",-4706631698899845.000,-8.361,0.000,0.000,1.000,0,0,0,20,20,0,0,20,0.0,0.0,0.0,0.0,0.0,1.0,-1
"F[2,2](HCO3 >= 0.379 & PTT >= 0.127)
",-6825231600027060.000,-0.379,0.000,0.000,1.000,0,0,0,20,20,0,0,20,0.0,0.0,0.0,0.0,0.0,1.0,-1
"F[1,2](Potassium >= 0.165 -> PTT >= 0.120)
",-9999999.000,-9999999.000,0.000,0.000,1.000,0,0,0,20,20,0,0,20,0.0,0.0,0.0,0.0,0.0,1.0,-1
"F[1,2]((Resp <= 12.182 & SBP <= 156.853) -> Bilirubin_total >= 40.586)
",-9999999.000,-9999999.000,0.000,0.000,1.000,0,0,0,20,20,0,0,20,0.0,0.0,0.0,0.0,0.0,1.0,-1
"F[0,2]((DBP >= 27.163 -> Resp >= 4.843) | BUN >= 1.198)
",-9999999.000,-9999999.000,0.000,0.000,1.000,0,0,0,20,20,0,0,20,0.0,0.0,0.0,0.0,0.0,1.0,-1
"F[0,1]((Chloride <= 100.166 & SBP >= 45.252) -> MAP <= 149.546)
",-9999999.000,-9999999.000,0.000,0.000,1.000,0,0,0,20,20,0,0,20,0.0,0.0,0.0,0.0,0.0,1.0,-1
"F[1,1](((SBP <= 109.673 -> WBC <= 5.023) -> SepsisLabel <= 2.697) -> pH <= 2.191)
",-4934737179809010.000,-2.191,0.000,0.000,1.000,0,0,0,20,20,0,0,20,0.0,0.0,0.0,0.0,0.0,1.0,-1
"F[0,1](((Magnesium >= 0.042 | WBC <= 5.060) & WBC >= 0.229) | PaCO2 <= 4.150)
",-9999999.000,-9999999.000,0.000,0.000,1.000,0,0,0,20,20,0,0,20,0.0,0.0,0.0,0.0,0.0,1.0,-1
"F[0,2](((Hct <= 22.346 -> Platelets <= 117.363) & Creatinine <= 52.660) -> PaCO2 >= 5.933)
",-9999999.000,-9999999.000,0.000,0.000,1.000,0,0,0,20,20,0,0,20,0.0,0.0,0.0,0.0,0.0,1.0,-1
"F[0,2]((Creatinine >= 0.016 | WBC >= 0.139) & Bilirubin_direct <= 3.679)
",-9999999.000,-9999999.000,0.000,0.000,1.000,0,0,0,20,20,0,0,20,0.0,0.0,0.0,0.0,0.0,1.0,-1
"((Chloride >= 4.658) U[1,2] (WBC >= 0.141))
",-9999999.000,-9999999.000,0.000,0.000,1.000,0,0,0,20,20,0,0,20,0.0,0.0,0.0,0.0,0.0,1.0,-1
"F[2,2](((Phosphate >= 0.052 -> WBC <= 2.230) -> Calcium >= 0.237) & HR <= 4.190)
",0.237,0.237,0.000,0.000,1.000,0,0,0,20,20,0,0,20,0.0,0.0,0.0,0.0,0.0,1.0,-1
"F[0,2](((DBP <= 78.387 | SBP >= 63.269) | Glucose <= 142.470) | Temp <= 125.443)
",-9999999.000,-9999999.000,0.000,0.000,1.000,0,0,0,20,20,0,0,20,0.0,0.0,0.0,0.0,0.0,1.0,-1
"F[0,2]((BUN <= 3.089 | PTT <= 2.412) -> PTT >= 0.287)
",-9999999.000,-9999999.000,0.000,0.000,1.000,0,0,0,20,20,0,0,20,0.0,0.0,0.0,0.0,0.0,1.0,-1
"F[0,2](Calcium <= 2.187 & Platelets <= 115.996)
",-9999999.000,-9999999.000,0.000,0.000,1.000,0,0,0,20,20,0,0,20,0.0,0.0,0.0,0.0,0.0,1.0,-1
"F[2,2]((Phosphate <= 0.272 & Platelets >= 7.152) -> WBC >= 8.588)
",8051967697586543.000,7.152,0.000,0.000,1.000,0,0,0,20,20,0,0,20,0.0,0.0,0.0,0.0,0.0,1.0,-1
"F[1,2](((Creatinine >= 0.020 & SBP >= 74.757) -> Resp >= 89.223) | Resp <= 154.194)
",-9999999.000,-9999999.000,0.000,0.000,1.000,0,0,0,20,20,0,0,20,0.0,0.0,0.0,0.0,0.0,1.0,-1
"F[1,2](((DBP <= 76.680 -> MAP >= 33.519) | HCO3 <= 92.558) | Alkalinephos >= 32.502)
",-9999999.000,-9999999.000,0.000,0.000,1.000,0,0,0,20,20,0,0,20,0.0,0.0,0.0,0.0,0.0,1.0,-1
"((HCO3 <= 9.839) U[1,2] (Hgb >= 0.307))
",-9999999.000,-9999999.000,0.000,0.000,1.000,0,0,0,20,20,0,0,20,0.0,0.0,0.0,0.0,0.0,1.0,-1
"F[0,1](BUN <= 2.544 -> Platelets <= 168.790)
",-9999999.000,-9999999.000,0.000,0.000,1.000,0,0,0,20,20,0,0,20,0.0,0.0,0.0,0.0,0.0,1.0,-1
"((Glucose <= 57.117) U[0,1] (HCO3 <= 22.683))
",-9999999.000,-9999999.000,0.000,0.000,1.000,0,0,0,20,20,0,0,20,0.0,0.0,0.0,0.0,0.0,1.0,-1
"F[1,2]((HR >= 31.792 | Resp <= 14.205) | O2Sat <= 11.539)
",-9999999.000,-9999999.000,0.000,0.000,1.000,0,0,0,20,20,0,0,20,0.0,0.0,0.0,0.0,0.0,1.0,-1
"F[1,1](((Phosphate >= 0.005 & PTT >= 0.015) & Magnesium >= 0.039) | FiO2 <= 16.925)
",16.925,16.925,0.000,0.000,1.000,0,0,0,20,20,0,0,20,0.0,0.0,0.0,0.0,0.0,1.0,-1
"F[2,2]((Creatinine >= 0.007 & DBP >= 12.739) -> SBP <= 72.601)
",-72.601,-72.601,0.000,0.000,1.000,0,0,0,20,20,0,0,20,0.0,0.0,0.0,0.0,0.0,1.0,-1
"F[1,1]((DBP >= 27.620 | HCO3 >= 0.335) | pH <= 20.198)
",5685360722237420.000,20.198,0.000,0.000,1.000,0,0,0,20,20,0,0,20,0.0,0.0,0.0,0.0,0.0,1.0,-1
"F[0,1](HR >= 31.080 | O2Sat >= 11.257)
",-9999999.000,-9999999.000,0.000,0.000,1.000,0,0,0,20,20,0,0,20,0.0,0.0,0.0,0.0,0.0,1.0,-1
"F[1,2]((Phosphate >= 0.061 & Magnesium > 0.009) -> Calcium < 6.599)
",-9999999.000,-9999999.000,0.000,0.000,1.000,0,0,0,20,20,0,0,20,0.0,0.0,0.0,0.0,0.0,1.0,-1
"F[0,1]((Chloride >= 4.322 | Potassium <= 2.436) | SaO2 <= 2.139)
",-9999999.000,-9999999.000,0.000,0.000,1.000,0,0,0,20,20,0,0,20,0.0,0.0,0.0,0.0,0.0,1.0,-1
"F[1,2]((BUN <= 5.831 & Phosphate >= 0.175) & pH >= 0.159)
",-9999999.000,-9999999.000,0.000,0.000,1.000,0,0,0,20,20,0,0,20,0.0,0.0,0.0,0.0,0.0,1.0,-1
"F[1,2]((Hct <= 21.850 -> Hgb <= 9.254) & Chloride >= 0.264)
",-9999999.000,-9999999.000,0.000,0.000,1.000,0,0,0,20,20,0,0,20,0.0,0.0,0.0,0.0,0.0,1.0,-1
"((AST <= 0.000) U[0,1] (SepsisLabel = 0.000))
",-9999999.000,-9999999.000,0.000,0.000,1.000,0,0,0,20,20,0,0,20,0.0,0.0,0.0,0.0,0.0,1.0,-1
"((EtCO2 >= 0.000) U[0,2] (SepsisLabel = 0.000))
",-9999999.000,-9999999.000,0.000,0.000,1.000,0,0,0,20,20,0,0,20,0.0,0.0,0.0,0.0,0.0,1.0,-1
"F[1,2](((Hct <= 18.306 & Magnesium <= 1.071) | Creatinine <= 0.856) -> MAP >= 0.039)
",-9999999.000,-9999999.000,0.000,0.000,1.000,0,0,0,20,20,0,0,20,0.0,0.0,0.0,0.0,0.0,1.0,-1
"F[0,2](Hgb <= 4.824 | Hct <= 3.109)
",-9999999.000,-9999999.000,0.000,0.000,1.000,0,0,0,20,20,0,0,20,0.0,0.0,0.0,0.0,0.0,1.0,-1
"F[0,1](Creatinine >= 0.030 | Potassium <= 1.630)
",-9999999.000,-9999999.000,0.000,0.000,1.000,0,0,0,20,20,0,0,20,0.0,0.0,0.0,0.0,0.0,1.0,-1
"F[1,2]((Phosphate >= 0.149 & Magnesium > 0.009) -> Calcium < 7.164)
",-9999999.000,-9999999.000,0.000,0.000,1.000,0,0,0,20,20,0,0,20,0.0,0.0,0.0,0.0,0.0,1.0,-1
"F[1,1](((Calcium < 4.849 & Potassium < 3.662) & Magnesium < 1.059) & Phosphate < 1.389)
",4771306772339058.000,1.059,0.000,0.000,1.000,0,0,0,20,20,0,0,20,0.0,0.0,0.0,0.0,0.0,1.0,-1
"F[0,1]((Phosphate >= 0.005 & Magnesium > 0.008) -> Calcium < 3.348)
",-9999999.000,-9999999.000,0.000,0.000,1.000,0,0,0,20,20,0,0,20,0.0,0.0,0.0,0.0,0.0,1.0,-1
"F[2,2](((Calcium < 6.547 & Potassium < 3.389) & Magnesium < 0.974) & Phosphate < 0.845)
",0.845,0.845,0.000,0.000,1.000,0,0,0,20,20,0,0,20,0.0,0.0,0.0,0.0,0.0,1.0,-1
"F[0,2]((Calcium <= 0.413 & Potassium <= 2.227) & Magnesium >= 0.057)
",-9999999.000,-9999999.000,0.000,0.000,1.000,0,0,0,20,20,0,0,20,0.0,0.0,0.0,0.0,0.0,1.0,-1
"F[0,2](Hgb <= 11.005 | Hct <= 2.461)
",-9999999.000,-9999999.000,0.000,0.000,1.000,0,0,0,20,20,0,0,20,0.0,0.0,0.0,0.0,0.0,1.0,-1
"F[0,1](((Magnesium <= 0.834 -> Potassium <= 3.770) -> Potassium >= 0.148) -> HR <= 2.703)
",-9999999.000,-9999999.000,0.000,0.000,1.000,0,0,0,20,20,0,0,20,0.0,0.0,0.0,0.0,0.0,1.0,-1
"F[1,2]((BUN >= 0.116 | Hgb >= 0.371) | MAP <= 10.675)
",-9999999.000,-9999999.000,0.000,0.000,1.000,0,0,0,20,20,0,0,20,0.0,0.0,0.0,0.0,0.0,1.0,-1
"F[2,2](Hgb <= 6.352 | Hct <= 14.127)
",7952788663143796.000,14.127,0.000,0.000,1.000,0,0,0,20,20,0,0,20,0.0,0.0,0.0,0.0,0.0,1.0,-1
"F[1,2]((Calcium >= 0.128 & Phosphate >= 0.046) -> Phosphate >= 0.098)
",-9999999.000,-9999999.000,0.000,0.000,1.000,0,0,0,20,20,0,0,20,0.0,0.0,0.0,0.0,0.0,1.0,-1
"((Bilirubin_total < 0.000) U[2,2] (SepsisLabel = 0.000))
",0.000,0.000,0.000,0.000,1.000,0,0,0,20,20,0,0,20,0.0,0.0,0.0,0.0,0.0,1.0,-1
"((SaO2 < 0.000) U[2,2] (SepsisLabel = 0.000))
",0.000,0.000,0.000,0.000,1.000,0,0,0,20,20,0,0,20,0.0,0.0,0.0,0.0,0.0,1.0,-1
"((FiO2 >= 0.000) U[1,2] (SepsisLabel = 0.000))
",-9999999.000,-9999999.000,0.000,0.000,1.000,0,0,0,20,20,0,0,20,0.0,0.0,0.0,0.0,0.0,1.0,-1
"F[0,2](Creatinine >= 0.026 -> SepsisLabel = 0.000)
",-9999999.000,-9999999.000,0.000,0.000,1.000,0,0,0,20,20,0,0,20,0.0,0.0,0.0,0.0,0.0,1.0,-1
"F[0,2](((Calcium <= 3.843 & Glucose <= 73.176) | TroponinI >= 5.056) -> Magnesium >= 3.740)
",-9999999.000,-9999999.000,0.000,0.000,1.000,0,0,0,20,20,0,0,20,0.0,0.0,0.0,0.0,0.0,1.0,-1
"F[0,2](((Hgb >= 0.505 -> Magnesium >= 0.008) | Resp <= 1.555) | PTT >= 0.044)
",-9999999.000,-9999999.000,0.000,0.000,1.000,0,0,0,20,20,0,0,20,0.0,0.0,0.0,0.0,0.0,1.0,-1
"((HCO3 >= 0.001) U[1,2] (Magnesium >= 0.016))
",-9999999.000,-9999999.000,0.000,0.000,1.000,0,0,0,20,20,0,0,20,0.0,0.0,0.0,0.0,0.0,1.0,-1
"((Calcium >= 0.397) U[0,1] (Magnesium <= 0.532))
",-9999999.000,-9999999.000,0.000,0.000,1.000,0,0,0,20,20,0,0,20,0.0,0.0,0.0,0.0,0.0,1.0,-1
"F[0,2](Chloride >= 5.169 -> Glucose <= 16.637)
",-9999999.000,-9999999.000,0.000,0.000,1.000,0,0,0,20,20,0,0,20,0.0,0.0,0.0,0.0,0.0,1.0,-1
"F[2,2]((BUN <= 6.122 & Glucose >= 0.675) & Alkalinephos <= 71.465)
",-0.675,-0.675,0.000,0.000,1.000,0,0,0,20,20,0,0,20,0.0,0.0,0.0,0.0,0.0,1.0,-1
"((Calcium <= 7.688) U[0,2] (Potassium >= 0.004))
",-9999999.000,-9999999.000,0.000,0.000,1.000,0,0,0,20,20,0,0,20,0.0,0.0,0.0,0.0,0.0,1.0,-1
"F[1,2]((Glucose <= 93.171 -> Phosphate <= 1.870) | Magnesium >= 0.153)
",-9999999.000,-9999999.000,0.000,0.000,1.000,0,0,0,20,20,0,0,20,0.0,0.0,0.0,0.0,0.0,1.0,-1
"F[0,2](((Glucose >= 0.407 | Hct >= 1.498) | SBP <= 2.332) -> SBP >= 0.344)
",-9999999.000,-9999999.000,0.000,0.000,1.000,0,0,0,20,20,0,0,20,0.0,0.0,0.0,0.0,0.0,1.0,-1
"F[0,1]((Chloride >= 0.159 & Magnesium <= 0.427) -> WBC >= 0.036)
",-9999999.000,-9999999.000,0.000,0.000,1.000,0,0,0,20,20,0,0,20,0.0,0.0,0.0,0.0,0.0,1.0,-1
"F[0,1](((Calcium < 7.351 & Potassium < 1.930) & Magnesium < 0.835) & Phosphate < 2.675)
",-9999999.000,-9999999.000,0.000,0.000,1.000,0,0,0,20,20,0,0,20,0.0,0.0,0.0,0.0,0.0,1.0,-1
"F[0,2]((Calcium <= 5.467 & Potassium <= 0.648) & Magnesium >= 0.020)
",-9999999.000,-9999999.000,0.000,0.000,1.000,0,0,0,20,20,0,0,20,0.0,0.0,0.0,0.0,0.0,1.0,-1
"F[1,2]((Creatinine <= 0.396 -> O2Sat <= 84.761) & TroponinI >= 6.899)
",-9999999.000,-9999999.000,0.000,0.000,1.000,0,0,0,20,20,0,0,20,0.0,0.0,0.0,0.0,0.0,1.0,-1
"F[0,1](Hgb <= 3.543 | Hct <= 15.860)
",-9999999.000,-9999999.000,0.000,0.000,1.000,0,0,0,20,20,0,0,20,0.0,0.0,0.0,0.0,0.0,1.0,-1
"F[0,1]((Phosphate >= 0.145 & Magnesium > 0.028) -> Calcium < 6.521)
",-9999999.000,-9999999.000,0.000,0.000,1.000,0,0,0,20,20,0,0,20,0.0,0.0,0.0,0.0,0.0,1.0,-1
"F[0,2]((Calcium <= 6.440 & Potassium <= 3.065) & Magnesium >= 0.070)
",-9999999.000,-9999999.000,0.000,0.000,1.000,0,0,0,20,20,0,0,20,0.0,0.0,0.0,0.0,0.0,1.0,-1
"F[0,2](Hgb <= 12.137 | Hct <= 24.704)
",-9999999.000,-9999999.000,0.000,0.000,1.000,0,0,0,20,20,0,0,20,0.0,0.0,0.0,0.0,0.0,1.0,-1
"F[0,1]((Phosphate >= 0.044 & Magnesium > 0.035) -> Calcium < 3.338)
",-9999999.000,-9999999.000,0.000,0.000,1.000,0,0,0,20,20,0,0,20,0.0,0.0,0.0,0.0,0.0,1.0,-1
"F[1,1](((Calcium < 7.190 & Potassium < 1.786) & Magnesium < 1.319) & Phosphate < 2.576)
",1.319,1.319,0.000,0.000,1.000,0,0,0,20,20,0,0,20,0.0,0.0,0.0,0.0,0.0,1.0,-1
"F[1,2]((Calcium <= 2.966 & Potassium <= 3.826) & Magnesium >= 0.059)
",-9999999.000,-9999999.000,0.000,0.000,1.000,0,0,0,20,20,0,0,20,0.0,0.0,0.0,0.0,0.0,1.0,-1
"F[0,2](Chloride >= 0.163 | Hct >= 0.873)
",-9999999.000,-9999999.000,0.000,0.000,1.000,0,0,0,20,20,0,0,20,0.0,0.0,0.0,0.0,0.0,1.0,-1
"F[1,2](Hgb <= 11.141 | Hct <= 29.561)
",-9999999.000,-9999999.000,0.000,0.000,1.000,0,0,0,20,20,0,0,20,0.0,0.0,0.0,0.0,0.0,1.0,-1
"F[0,1]((Hgb <= 9.121 -> Potassium <= 0.834) | Glucose >= 0.108)
",-9999999.000,-9999999.000,0.000,0.000,1.000,0,0,0,20,20,0,0,20,0.0,0.0,0.0,0.0,0.0,1.0,-1
"((Bilirubin_direct >= 0.000) U[1,2] (Potassium >= 0.058))
",-9999999.000,-9999999.000,0.000,0.000,1.000,0,0,0,20,20,0,0,20,0.0,0.0,0.0,0.0,0.0,1.0,-1
"F[0,1]((Chloride <= 101.289 & DBP <= 53.442) -> PaCO2 <= 76.346)
",-9999999.000,-9999999.000,0.000,0.000,1.000,0,0,0,20,20,0,0,20,0.0,0.0,0.0,0.0,0.0,1.0,-1
"F[0,2]((O2Sat <= 97.323 & WBC >= 0.092) | Temp >= 0.157)
",-9999999.000,-9999999.000,0.000,0.000,1.000,0,0,0,20,20,0,0,20,0.0,0.0,0.0,0.0,0.0,1.0,-1
"F[1,2]((O2Sat <= 31.405 -> Platelets <= 172.673) | EtCO2 <= 31.692)
",-9999999.000,-9999999.000,0.000,0.000,1.000,0,0,0,20,20,0,0,20,0.0,0.0,0.0,0.0,0.0,1.0,-1
"F[0,2](((BUN >= 0.160 & O2Sat >= 7.003) & Fibrinogen <= 50.816) -> HCO3 >= 9.297)
",-9999999.000,-9999999.000,0.000,0.000,1.000,0,0,0,20,20,0,0,20,0.0,0.0,0.0,0.0,0.0,1.0,-1
"F[1,1]((Phosphate >= 0.115 & Magnesium > 0.018) -> Calcium < 7.488)
",-7.488,-7.488,0.000,0.000,1.000,0,0,0,20,20,0,0,20,0.0,0.0,0.0,0.0,0.0,1.0,-1
"F[0,1](((Calcium < 7.979 & Potassium < 3.487) & Magnesium < 0.336) & Phosphate < 3.659)
",-9999999.000,-9999999.000,0.000,0.000,1.000,0,0,0,20,20,0,0,20,0.0,0.0,0.0,0.0,0.0,1.0,-1
"F[1,2](Hgb <= 1.527 | Hct <= 6.811)
",-9999999.000,-9999999.000,0.000,0.000,1.000,0,0,0,20,20,0,0,20,0.0,0.0,0.0,0.0,0.0,1.0,-1
"F[1,1](((Calcium < 6.796 & Potassium < 0.642) & Magnesium < 0.972) & Phosphate < 0.723)
",0.642,0.642,0.000,0.000,1.000,0,0,0,20,20,0,0,20,0.0,0.0,0.0,0.0,0.0,1.0,-1
"F[0,2]((Phosphate >= 0.011 & Magnesium > 0.069) -> Calcium < 3.031)
",-9999999.000,-9999999.000,0.000,0.000,1.000,0,0,0,20,20,0,0,20,0.0,0.0,0.0,0.0,0.0,1.0,-1
"F[0,1](((Calcium < 6.414 & Potassium < 3.511) & Magnesium < 1.610) & Phosphate < 3.701)
",-9999999.000,-9999999.000,0.000,0.000,1.000,0,0,0,20,20,0,0,20,0.0,0.0,0.0,0.0,0.0,1.0,-1
"F[0,1](Hgb <= 10.691 | Hct <= 4.138)
",-9999999.000,-9999999.000,0.000,0.000,1.000,0,0,0,20,20,0,0,20,0.0,0.0,0.0,0.0,0.0,1.0,-1
"F[1,1]((Phosphate >= 0.079 & Magnesium > 0.085) -> Calcium < 1.480)
",-1.480,-1.480,0.000,0.000,1.000,0,0,0,20,20,0,0,20,0.0,0.0,0.0,0.0,0.0,1.0,-1
"F[0,2](((Calcium < 5.983 & Potassium < 3.282) & Magnesium < 1.114) & Phosphate < 0.286)
",-9999999.000,-9999999.000,0.000,0.000,1.000,0,0,0,20,20,0,0,20,0.0,0.0,0.0,0.0,0.0,1.0,-1
"F[1,2]((Phosphate >= 0.026 & Magnesium > 0.083) -> Calcium < 7.150)
",-9999999.000,-9999999.000,0.000,0.000,1.000,0,0,0,20,20,0,0,20,0.0,0.0,0.0,0.0,0.0,1.0,-1
"F[0,2](HCO3 < 14.306 & SepsisLabel = 0.000)
",-9999999.000,-9999999.000,0.000,0.000,1.000,0,0,0,20,20,0,0,20,0.0,0.0,0.0,0.0,0.0,1.0,-1
"F[1,2]((Phosphate >= 0.037 & Magnesium > 0.045) -> Calcium < 4.392)
",-9999999.000,-9999999.000,0.000,0.000,1.000,0,0,0,20,20,0,0,20,0.0,0.0,0.0,0.0,0.0,1.0,-1
"F[1,2]((Calcium <= 7.376 & Potassium <= 0.725) & Magnesium >= 0.025)
",-9999999.000,-9999999.000,0.000,0.000,1.000,0,0,0,20,20,0,0,20,0.0,0.0,0.0,0.0,0.0,1.0,-1
"F[0,2](SBP < 151.717 -> SepsisLabel = 0.000)
",-9999999.000,-9999999.000,0.000,0.000,1.000,0,0,0,20,20,0,0,20,0.0,0.0,0.0,0.0,0.0,1.0,-1
"((Potassium <= 0.845) U[0,0] (SepsisLabel = 0.000))
",0.687,0.629,0.000,0.000,1.000,0,0,0,20,20,0,0,20,0.0,0.0,0.0,0.0,0.0,1.0,-1
"F[1,2](FiO2 > 0.000 -> SepsisLabel = 0.000)
",-9999999.000,-9999999.000,0.000,0.000,1.000,0,0,0,20,20,0,0,20,0.0,0.0,0.0,0.0,0.0,1.0,-1
"F[0,0](DBP >= 48.144 -> SepsisLabel = 0.000)
",-1.304,-25.860,0.000,0.000,1.000,0,0,0,20,20,0,0,20,0.0,0.0,0.0,0.0,0.0,1.0,-1
"((Chloride > 1.444) U[0,1] (SepsisLabel = 0.000))
",-9999999.000,-9999999.000,0.000,0.000,1.000,0,0,0,20,20,0,0,20,0.0,0.0,0.0,0.0,0.0,1.0,-1
"((Platelets >= 2.750) U[0,1] (Glucose <= 92.978))
",-9999999.000,-9999999.000,0.000,0.000,1.000,0,0,0,20,20,0,0,20,0.0,0.0,0.0,0.0,0.0,1.0,-1
"F[1,1]((Hct <= 12.356 & EtCO2 >= 0.000) & FiO2 >= 0.000)
",0.000,0.000,0.000,0.000,1.000,0,0,0,20,20,0,0,20,0.0,0.0,0.0,0.0,0.0,1.0,-1
"F[0,0]((EtCO2 <= 0.000 -> Alkalinephos <= 0.000) & Lactate >= 0.000)
",0.236,0.368,0.000,0.000,1.000,0,0,0,20,20,0,0,20,0.0,0.0,0.0,0.0,0.0,1.0,-1
"G[0,2](Chloride >= 3.932 & HCO3 >= 0.490)
",9999999.000,9999999.000,0.000,1.000,0.000,0,0,0,20,20,0,0,20,0.0,0.0,0.0,0.0,0.0,1.0,1
"G[1,2](Platelets <= 67.216 -> WBC >= 0.025)
",9999999.000,9999999.000,0.000,1.000,0.000,0,0,1,19,19,1,1,19,0.0,0.0,1.0,0.0,0.0,1.0,1
"G[2,2](Chloride >= 4.729 & HCO3 >= 1.214)
",-4.729,-4.729,0.000,1.000,0.000,0,0,20,0,0,20,20,0,0.0,0.0,1.0,0.0,0.0,1.0,1
"G[0,1](Chloride >= 1.790 & HCO3 >= 1.270)
",9999999.000,9999999.000,0.000,1.000,0.000,0,0,0,20,20,0,0,20,0.0,0.0,0.0,0.0,0.0,1.0,1
"G[0,1](BUN <= 6.288 & Creatinine >= 0.010)
",9999999.000,9999999.000,0.000,1.000,0.000,0,0,0,20,20,0,0,20,0.0,0.0,0.0,0.0,0.0,1.0,1
"G[1,2](Platelets <= 52.887 -> WBC >= 0.004)
",9999999.000,9999999.000,0.000,1.000,0.000,0,0,1,19,19,1,1,19,0.0,0.0,1.0,0.0,0.0,1.0,1
"G[0,2](BUN <= 4.100 & Creatinine >= 0.003)
",9999999.000,9999999.000,0.000,1.000,0.000,0,0,0,20,20,0,0,20,0.0,0.0,0.0,0.0,0.0,1.0,1
"G[2,2](((Hgb <= 7.687 | Hct <= 21.805) -> WBC >= 0.052) & Platelets >= 1.534)
",-6137603927335806.000,-21.805,0.000,1.000,0.000,0,0,20,0,0,20,20,0,0.0,0.0,1.0,0.0,0.0,1.0,1
"G[1,1](Platelets <= 126.056 -> WBC >= 0.218)
",-8870391636767037.000,-126.056,0.000,1.000,0.000,0,0,1,19,19,1,1,19,0.0,0.0,1.0,0.0,0.0,1.0,1
"G[1,2](Chloride >= 5.100 & HCO3 >= 0.266)
",9999999.000,9999999.000,0.000,1.000,0.000,0,0,1,19,19,1,1,19,0.0,0.0,1.0,0.0,0.0,1.0,1
"G[1,1](BUN <= 1.651 & Creatinine >= 0.015)
",-8480535967420355.000,-0.015,0.000,1.000,0.000,0,0,1,19,19,1,1,19,0.0,0.0,1.0,0.0,0.0,1.0,1
"G[0,1](((Hgb <= 8.752 | Hct <= 31.879) -> WBC >= 0.100) & Platelets >= 4.489)
",9999999.000,9999999.000,0.000,1.000,0.000,0,0,0,20,20,0,0,20,0.0,0.0,0.0,0.0,0.0,1.0,1
"G[1,1](Platelets <= 151.247 -> WBC >= 0.231)
",-151.247,-151.247,0.000,1.000,0.000,0,0,1,19,19,1,1,19,0.0,0.0,1.0,0.0,0.0,1.0,1
"G[1,2](BUN <= 6.399 & Creatinine >= 0.021)
",9999999.000,9999999.000,0.000,1.000,0.000,0,0,1,19,19,1,1,19,0.0,0.0,1.0,0.0,0.0,1.0,1
"G[2,2](((HR <= 78.475 & Magnesium >= 0.042) & HCO3 >= 0.075) | SaO2 >= 0.028)
",-8059292314787220.000,-0.028,0.000,1.000,0.000,0,0,20,0,0,20,20,0,0.0,0.0,1.0,0.0,0.0,1.0,1
"G[1,2](((Hgb <= 3.318 | Hct <= 14.647) -> WBC >= 0.016) & Platelets >= 5.312)
",9999999.000,9999999.000,0.000,1.000,0.000,0,0,1,19,19,1,1,19,0.0,0.0,1.0,0.0,0.0,1.0,1
"G[0,1](((Hgb <= 8.669 | Hct <= 14.655) -> WBC >= 0.202) & Platelets >= 0.713)
",9999999.000,9999999.000,0.000,1.000,0.000,0,0,0,20,20,0,0,20,0.0,0.0,0.0,0.0,0.0,1.0,1
"G[1,2](Platelets <= 22.217 -> WBC >= 0.153)
",9999999.000,9999999.000,0.000,1.000,0.000,0,0,1,19,19,1,1,19,0.0,0.0,1.0,0.0,0.0,1.0,1
"G[1,2](BUN <= 5.928 & Creatinine >= 0.005)
",9999999.000,9999999.000,0.000,1.000,0.000,0,0,1,19,19,1,1,19,0.0,0.0,1.0,0.0,0.0,1.0,1
"G[2,2](Chloride >= 5.134 & HCO3 >= 0.109)
",-5.134,-5.134,0.000,1.000,0.000,0,0,20,0,0,20,20,0,0.0,0.0,1.0,0.0,0.0,1.0,1
"G[0,1]((Glucose >= 4.386 -> Potassium <= 1.524) & Resp <= 0.785)
",9999999.000,9999999.000,0.000,1.000,0.000,0,0,0,20,20,0,0,20,0.0,0.0,0.0,0.0,0.0,1.0,1
"G[0,1](((Calcium >= 0.248 -> Hct >= 0.251) -> Creatinine <= 26.348) & Temp >= 1.093)
",9999999.000,9999999.000,0.000,1.000,0.000,0,0,1,19,19,1,1,19,0.0,0.0,1.0,0.0,0.0,1.0,1
"G[0,2](((Calcium >= 0.316 & Hgb >= 0.247) -> SaO2 >= 0.413) & Fibrinogen >= 0.044)
",9999999.000,9999999.000,0.000,1.000,0.000,0,0,0,20,20,0,0,20,0.0,0.0,0.0,0.0,0.0,1.0,1
"G[2,2](((BUN <= 2.852 | Hct >= 0.289) -> Magnesium >= 0.488) -> EtCO2 <= 4.903)
",-4.903,-4.903,0.000,1.000,0.000,0,0,20,0,0,20,20,0,0.0,0.0,1.0,0.0,0.0,1.0,1
"G[1,2](((Hgb >= 0.531 -> Phosphate <= 1.190) & AST >= 0.068) & DBP <= 3.128)
",9999999.000,9999999.000,0.000,1.000,0.000,0,0,1,19,19,1,1,19,0.0,0.0,1.0,0.0,0.0,1.0,1
"G[2,2]((Hct <= 16.014 | Phosphate >= 0.163) -> HCO3 >= 0.083)
",-4507531068983962.000,-16.014,0.000,1.000,0.000,0,0,20,0,0,20,20,0,0.0,0.0,1.0,0.0,0.0,1.0,1
"G[1,2](((Platelets <= 170.492 & Platelets >= 8.791) -> Calcium >= 2.509) & Potassium <= 164.062)
",9999999.000,9999999.000,0.000,1.000,0.000,0,0,20,0,0,20,20,0,0.0,0.0,1.0,0.0,0.0,1.0,1
"G[0,0](BUN <= 4.579 & Creatinine >= 0.016)
",0.221,0.226,0.000,1.000,0.000,0,0,0,20,20,0,0,20,0.0,0.0,0.0,0.0,0.0,1.0,1
"G[0,2](Chloride >= 2.634 & HCO3 >= 0.258)
",9999999.000,9999999.000,0.000,1.000,0.000,0,0,0,20,20,0,0,20,0.0,0.0,0.0,0.0,0.0,1.0,1
"G[0,2](Platelets <= 20.099 -> WBC >= 0.131)
",9999999.000,9999999.000,0.000,1.000,0.000,0,0,0,20,20,0,0,20,0.0,0.0,0.0,0.0,0.0,1.0,1
"G[1,2](((Hgb <= 10.188 | Hct <= 15.767) -> WBC >= 0.150) & Platelets >= 6.810)
",9999999.000,9999999.000,0.000,1.000,0.000,0,0,1,19,19,1,1,19,0.0,0.0,1.0,0.0,0.0,1.0,1
"G[2,2](((Calcium >= 0.145 & HR >= 8.539) -> FiO2 <= 60.926) -> BUN >= 1.844)
",8306624749931298.000,1.844,0.000,1.000,0.000,0,0,20,0,0,20,20,0,0.0,0.0,1.0,0.0,0.0,1.0,1
"G[2,2](((Creatinine >= 0.013 | Resp <= 17.286) -> SepsisLabel <= 14.381) & Chloride <= 18.880)
",-4865459675527522.000,-17.286,0.000,1.000,0.000,0,0,20,0,0,20,20,0,0.0,0.0,1.0,0.0,0.0,1.0,1
"G[0,2](Chloride <= 81.462 | Resp >= 8.468)
",9999999.000,9999999.000,0.000,1.000,0.000,0,0,20,0,0,20,20,0,0.0,0.0,1.0,0.0,0.0,1.0,1
"G[2,2]((Glucose >= 1.403 | Resp >= 7.570) & Lactate <= 16.629)
",-1.403,-1.403,0.000,1.000,0.000,0,0,20,0,0,20,20,0,0.0,0.0,1.0,0.0,0.0,1.0,1
"G[2,2](((Hgb <= 10.895 -> Resp >= 9.287) & EtCO2 >= 1.513) -> Chloride <= 14.353)
",-8080162685371436.000,-14.353,0.000,1.000,0.000,0,0,20,0,0,20,20,0,0.0,0.0,1.0,0.0,0.0,1.0,1
"G[1,2](((O2Sat <= 31.317 -> Phosphate >= 0.005) & HCO3 >= 0.013) | Potassium >= 0.152)
",9999999.000,9999999.000,0.000,1.000,0.000,0,0,1,19,19,1,1,19,0.0,0.0,1.0,0.0,0.0,1.0,1
"G[0,2](Hct <= 28.182 & O2Sat >= 11.840)
",9999999.000,9999999.000,0.000,1.000,0.000,0,0,1,19,19,1,1,19,0.0,0.0,1.0,0.0,0.0,1.0,1
"G[1,2]((Hgb <= 10.055 & O2Sat <= 57.677) | SaO2 <= 95.951)
",9999999.000,9999999.000,0.000,1.000,0.000,0,0,20,0,0,20,20,0,0.0,0.0,1.0,0.0,0.0,1.0,1
"G[2,2]((Calcium >= 0.047 & O2Sat <= 35.696) | AST <= 37.746)
",5312312628815244.000,37.746,0.000,1.000,0.000,0,0,20,0,0,20,20,0,0.0,0.0,1.0,0.0,0.0,1.0,1
"G[0,2](Magnesium >= 0.030 | O2Sat <= 33.839)
",9999999.000,9999999.000,0.000,1.000,0.000,0,0,15,5,5,15,15,5,0.0,0.0,1.0,0.0,0.0,1.0,1
"G[0,2](DBP >= 6.267 | Potassium <= 1.953)
",9999999.000,9999999.000,0.000,1.000,0.000,0,0,20,0,0,20,20,0,0.0,0.0,1.0,0.0,0.0,1.0,1
"G[1,1]((DBP >= 38.816 | Glucose <= 67.054) & Magnesium >= 1.112)
",-1.112,-1.112,0.000,1.000,0.000,0,0,1,19,19,1,1,19,0.0,0.0,1.0,0.0,0.0,1.0,1
"G[2,2](((DBP <= 75.079 & Phosphate >= 0.175) & DBP >= 0.090) -> DBP >= 0.181)
",6293095763354188.000,0.175,0.000,1.000,0.000,0,0,20,0,0,20,20,0,0.0,0.0,1.0,0.0,0.0,1.0,1
"G[2,2](((HCO3 >= 0.187 & MAP <= 77.909) -> Calcium <= 88.625) | Glucose >= 33.617)
",-4731237130140185.000,-33.617,0.000,1.000,0.000,0,0,20,0,0,20,20,0,0.0,0.0,1.0,0.0,0.0,1.0,1
"G[1,1](((Calcium <= 4.658 | Temp <= 30.647) & HCO3 >= 3.898) & Potassium <= 8.342)
",-8777519927601826.000,-3.898,0.000,1.000,0.000,0,0,1,19,19,1,1,19,0.0,0.0,1.0,0.0,0.0,1.0,1
"G[1,1](Calcium >= 0.286 & SBP >= 46.898)
",-6600337828136740.000,-46.898,0.000,1.000,0.000,0,0,1,19,19,1,1,19,0.0,0.0,1.0,0.0,0.0,1.0,1
"G[0,2](Magnesium <= 0.407 -> Phosphate <= 4.035)
",9999999.000,9999999.000,0.000,1.000,0.000,0,0,20,0,0,20,20,0,0.0,0.0,1.0,0.0,0.0,1.0,1
"G[2,2]((WBC <= 3.569 | Fibrinogen <= 0.000) -> Resp <= 0.000)
",-3.569,-3.569,0.000,1.000,0.000,0,0,20,0,0,20,20,0,0.0,0.0,1.0,0.0,0.0,1.0,1
"G[0,2]((Creatinine <= 0.279 -> Hct <= 18.134) | Bilirubin_total >= 1.130)
",9999999.000,9999999.000,0.000,1.000,0.000,0,0,20,0,0,20,20,0,0.0,0.0,1.0,0.0,0.0,1.0,1
"G[1,1](((BUN >= 0.136 & Calcium <= 0.972) | BUN >= 0.196) & Lactate >= 0.317)
",-0.317,-0.317,0.000,1.000,0.000,0,0,1,19,19,1,1,19,0.0,0.0,1.0,0.0,0.0,1.0,1
"G[1,2](BUN <= 5.592 & Creatinine >= 0.004)
",9999999.000,9999999.000,0.000,1.000,0.000,0,0,1,19,19,1,1,19,0.0,0.0,1.0,0.0,0.0,1.0,1
"G[0,2](((Hgb <= 10.004 | Hct <= 30.510) -> WBC >= 0.199) & Platelets >= 5.510)
",9999999.000,9999999.000,0.000,1.000,0.000,0,0,0,20,20,0,0,20,0.0,0.0,0.0,0.0,0.0,1.0,1
"G[1,2](Platelets <= 10.731 -> WBC >= 0.172)
",9999999.000,9999999.000,0.000,1.000,0.000,0,0,1,19,19,1,1,19,0.0,0.0,1.0,0.0,0.0,1.0,1
"G[1,1](Chloride >= 4.813 & HCO3 >= 1.084)
",-4.813,-4.813,0.000,1.000,0.000,0,0,1,19,19,1,1,19,0.0,0.0,1.0,0.0,0.0,1.0,1
"G[0,2](BUN <= 2.440 & Creatinine >= 0.003)
",9999999.000,9999999.000,0.000,1.000,0.000,0,0,0,20,20,0,0,20,0.0,0.0,0.0,0.0,0.0,1.0,1
"G[1,2](SBP > 43.725 & SepsisLabel = 0.000)
",9999999.000,9999999.000,0.000,1.000,0.000,0,0,17,3,3,17,17,3,0.0,0.0,1.0,0.0,0.0,1.0,1
"G[1,2](Chloride <= 56.121 & SepsisLabel = 0.000)
",9999999.000,9999999.000,0.000,1.000,0.000,0,0,20,0,0,20,20,0,0.0,0.0,1.0,0.0,0.0,1.0,1
"G[1,2](Bilirubin_total > 0.000 -> SepsisLabel = 0.000)
",9999999.000,9999999.000,0.000,1.000,0.000,0,0,20,0,0,20,20,0,0.0,0.0,1.0,0.0,0.0,1.0,1
"G[0,2]((PaCO2 <= 0.000 & SaO2 <= 0.000) & Resp <= 0.000)
",9999999.000,9999999.000,0.000,1.000,0.000,0,0,0,20,20,0,0,20,0.0,0.0,0.0,0.0,0.0,1.0,1
"G[0,2](((Hct >= 0.128 -> Chloride >= 1.503) -> Chloride >= 4.510) -> Creatinine >= 2.564)
",9999999.000,9999999.000,0.000,1.000,0.000,0,0,18,2,2,18,18,2,0.0,0.0,1.0,0.0,0.0,1.0,1
"G[2,2]((Phosphate <= 1.852 -> Alkalinephos >= 0.000) & PaCO2 >= 0.000)
",-4169714312533398.500,-1.852,0.000,1.000,0.000,0,0,20,0,0,20,20,0,0.0,0.0,1.0,0.0,0.0,1.0,1
"G[0,2](((Magnesium <= 0.198 -> Fibrinogen >= 0.000) & Lactate <= 0.000) | Chloride <= 0.000)
",9999999.000,9999999.000,0.000,1.000,0.000,0,0,20,0,0,20,20,0,0.0,0.0,1.0,0.0,0.0,1.0,1
"G[0,1](((Hgb <= 12.320 -> Temp <= 30.435) | PTT <= 16.215) & Platelets >= 0.729)
",9999999.000,9999999.000,0.000,1.000,0.000,0,0,0,20,20,0,0,20,0.0,0.0,0.0,0.0,0.0,1.0,1
"G[0,1](((Creatinine >= 0.020 & WBC <= 2.664) | O2Sat >= 0.185) & Hgb <= 2.846)
",9999999.000,9999999.000,0.000,1.000,0.000,0,0,1,19,19,1,1,19,0.0,0.0,1.0,0.0,0.0,1.0,1
"G[0,2](Hct <= 14.008 | PTT >= 0.517)
",9999999.000,9999999.000,0.000,1.000,0.000,0,0,19,1,1,19,19,1,0.0,0.0,1.0,0.0,0.0,1.0,1
"G[1,2](((EtCO2 <= 0.000 & Platelets >= 6.133) | Resp >= 8.487) & Magnesium >= 3.743)
",9999999.000,9999999.000,0.000,1.000,0.000,0,0,1,19,19,1,1,19,0.0,0.0,1.0,0.0,0.0,1.0,1
"G[0,2](((HR >= 10.063 & TroponinI <= 0.000) | Alkalinephos <= 0.000) -> Chloride <= 0.000)
",9999999.000,9999999.000,0.000,1.000,0.000,0,0,18,2,2,18,18,2,0.0,0.0,1.0,0.0,0.0,1.0,1
"G[1,2](((FiO2 >= 0.000 & Phosphate <= 1.269) -> HR <= 1.058) | Potassium <= 0.853)
",9999999.000,9999999.000,0.000,1.000,0.000,0,0,20,0,0,20,20,0,0.0,0.0,1.0,0.0,0.0,1.0,1
"G[1,1](WBC <= 5.518 & Creatinine >= 0.012)
",-6770337956697379.000,-0.012,0.000,1.000,0.000,0,0,1,19,19,1,1,19,0.0,0.0,1.0,0.0,0.0,1.0,1
"G[1,2]((Lactate <= 0.000 -> Hct >= 0.812) & HCO3 >= 0.904)
",9999999.000,9999999.000,0.000,1.000,0.000,0,0,1,19,19,1,1,19,0.0,0.0,1.0,0.0,0.0,1.0,1
"G[1,2]((TroponinI <= 0.000 | SepsisLabel >= 0.000) & DBP >= 0.000)
",9999999.000,9999999.000,0.000,1.000,0.000,0,0,20,0,0,20,20,0,0.0,0.0,1.0,0.0,0.0,1.0,1
"G[0,2]((O2Sat <= 83.057 -> EtCO2 >= 0.000) -> O2Sat <= 0.000)
",9999999.000,9999999.000,0.000,1.000,0.000,0,0,15,5,5,15,15,5,0.0,0.0,1.0,0.0,0.0,1.0,1
"G[2,2](Magnesium >= 0.064 -> Bilirubin_direct >= 0.000)
",0.000,0.000,0.000,1.000,0.000,0,0,20,0,0,20,20,0,0.0,0.0,1.0,0.0,0.0,1.0,1
"G[1,2]((O2Sat <= 61.169 -> Lactate <= 0.000) & Resp <= 0.000)
",9999999.000,9999999.000,0.000,1.000,0.000,0,0,5,15,15,5,5,15,0.0,0.0,1.0,0.0,0.0,1.0,1
"G[0,1](HCO3 >= 1.000 & Fibrinogen <= 0.000)
",9999999.000,9999999.000,0.000,1.000,0.000,0,0,0,20,20,0,0,20,0.0,0.0,0.0,0.0,0.0,1.0,1
"G[2,2](Chloride >= 0.766 | Hct >= 1.545)
",-0.766,-0.766,0.000,1.000,0.000,0,0,20,0,0,20,20,0,0.0,0.0,1.0,0.0,0.0,1.0,1
"G[0,2]((FiO2 <= 0.000 -> Hgb <= 4.730) -> Temp >= 0.061)
",9999999.000,9999999.000,0.000,1.000,0.000,0,0,1,19,19,1,1,19,0.0,0.0,1.0,0.0,0.0,1.0,1
"G[2,2]((Fibrinogen >= 0.000 & MAP >= 34.777) -> Bilirubin_direct >= 12.942)
",12.942,12.942,0.000,1.000,0.000,0,0,20,0,0,20,20,0,0.0,0.0,1.0,0.0,0.0,1.0,1
"G[1,2]((Alkalinephos >= 0.000 | MAP >= 6.979) | Chloride >= 52.985)
",9999999.000,9999999.000,0.000,1.000,0.000,0,0,20,0,0,20,20,0,0.0,0.0,1.0,0.0,0.0,1.0,1
"G[1,2](Potassium >= 0.133 | Chloride <= 8.989)
",9999999.000,9999999.000,0.000,1.000,0.000,0,0,20,0,0,20,20,0,0.0,0.0,1.0,0.0,0.0,1.0,1
"G[0,2](Lactate >= 0.000 | Magnesium >= 0.032)
",9999999.000,9999999.000,0.000,1.000,0.000,0,0,20,0,0,20,20,0,0.0,0.0,1.0,0.0,0.0,1.0,1
"G[1,2](((PaCO2 >= 0.000 | SaO2 >= 0.000) | FiO2 <= 0.000) & Creatinine >= 0.000)
",9999999.000,9999999.000,0.000,1.000,0.000,0,0,20,0,0,20,20,0,0.0,0.0,1.0,0.0,0.0,1.0,1
"G[1,2]((Lactate <= 0.000 | HR >= 23.174) | Lactate >= 44.742)
",9999999.000,9999999.000,0.000,1.000,0.000,0,0,20,0,0,20,20,0,0.0,0.0,1.0,0.0,0.0,1.0,1
"G[1,2](((AST >= 0.000 & Alkalinephos <= 0.000) | Potassium >= 0.000) & Bilirubin_total >= 0.000)
",9999999.000,9999999.000,0.000,1.000,0.000,0,0,20,0,0,20,20,0,0.0,0.0,1.0,0.0,0.0,1.0,1
"G[2,2](Platelets >= 9.311 & HR >= 6.734)
",-9.311,-9.311,0.000,1.000,0.000,0,0,20,0,0,20,20,0,0.0,0.0,1.0,0.0,0.0,1.0,1
"G[2,2]((DBP >= 3.688 | pH >= 0.000) | DBP <= 0.000)
",0.000,0.000,0.000,1.000,0.000,0,0,20,0,0,20,20,0,0.0,0.0,1.0,0.0,0.0,1.0,1
"G[0,2](FiO2 > 0.000 & SepsisLabel = 0.000)
",9999999.000,9999999.000,0.000,1.000,0.000,0,0,0,20,20,0,0,20,0.0,0.0,0.0,0.0,0.0,1.0,1
"G[1,2](PTT <= 22.743 -> EtCO2 >= 0.000)
",9999999.000,9999999.000,0.000,1.000,0.000,0,0,20,0,0,20,20,0,0.0,0.0,1.0,0.0,0.0,1.0,1
"G[0,2](Creatinine <= 0.322 & SepsisLabel = 0.000)
",9999999.000,9999999.000,0.000,1.000,0.000,0,0,18,2,2,18,18,2,0.0,0.0,1.0,0.0,0.0,1.0,1
"G[2,2](AST <= 0.000 & SepsisLabel = 0.000)
",0.000,0.000,0.000,1.000,0.000,0,0,20,0,0,20,20,0,0.0,0.0,1.0,0.0,0.0,1.0,1
"G[0,2](Alkalinephos >= 0.000 -> SepsisLabel = 0.000)
",9999999.000,9999999.000,0.000,1.000,0.000,0,0,20,0,0,20,20,0,0.0,0.0,1.0,0.0,0.0,1.0,1
"G[0,2](Magnesium < 0.981 -> SepsisLabel = 0.000)
",9999999.000,9999999.000,0.000,1.000,0.000,0,0,20,0,0,20,20,0,0.0,0.0,1.0,0.0,0.0,1.0,1
"G[2,2](TroponinI < 0.000 & SepsisLabel = 0.000)
",0.000,0.000,0.000,1.000,0.000,0,0,20,0,0,20,20,0,0.0,0.0,1.0,0.0,0.0,1.0,1
"G[1,2](Chloride > 4.422 -> SepsisLabel = 0.000)
",9999999.000,9999999.000,0.000,1.000,0.000,0,0,20,0,0,20,20,0,0.0,0.0,1.0,0.0,0.0,1.0,1
"G[1,2](EtCO2 < 0.000 & SepsisLabel = 0.000)
",9999999.000,9999999.000,0.000,1.000,0.000,0,0,1,19,19,1,1,19,0.0,0.0,1.0,0.0,0.0,1.0,1
"G[0,1](BUN <= 4.468 & Creatinine >= 0.016)
",9999999.000,9999999.000,0.000,1.000,0.000,0,0,0,20,20,0,0,20,0.0,0.0,0.0,0.0,0.0,1.0,1
"G[1,1](((Hgb <= 3.942 | Hct <= 11.576) -> WBC >= 0.022) & Platelets >= 1.003)
",-11.576,-11.576,0.000,1.000,0.000,0,0,1,19,19,1,1,19,0.0,0.0,1.0,0.0,0.0,1.0,1
"G[0,2](Platelets <= 9.954 -> WBC >= 0.149)
",9999999.000,9999999.000,0.000,1.000,0.000,0,0,0,20,20,0,0,20,0.0,0.0,0.0,0.0,0.0,1.0,1
"G[1,1](Chloride >= 5.339 & HCO3 >= 1.007)
",-6011672836919092.000,-5.339,0.000,1.000,0.000,0,0,1,19,19,1,1,19,0.0,0.0,1.0,0.0,0.0,1.0,1
"G[0,2](BUN <= 3.503 & Creatinine >= 0.005)
",9999999.000,9999999.000,0.000,1.000,0.000,0,0,0,20,20,0,0,20,0.0,0.0,0.0,0.0,0.0,1.0,1
"G[0,2](((Hgb <= 2.109 | Hct <= 33.225) -> WBC >= 0.110) & Platelets >= 0.811)
",9999999.000,9999999.000,0.000,1.000,0.000,0,0,0,20,20,0,0,20,0.0,0.0,0.0,0.0,0.0,1.0,1
"G[0,1](Platelets <= 139.928 -> WBC >= 0.225)
",9999999.000,9999999.000,0.000,1.000,0.000,0,0,0,20,20,0,0,20,0.0,0.0,0.0,0.0,0.0,1.0,1
"G[1,2](Creatinine >= 0.020 -> Hgb <= 9.825)
",9999999.000,9999999.000,0.000,1.000,0.000,0,0,20,0,0,20,20,0,0.0,0.0,1.0,0.0,0.0,1.0,1
"G[0,2](Platelets <= 44.373 | Chloride <= 33.195)
",9999999.000,9999999.000,0.000,1.000,0.000,0,0,18,2,2,18,18,2,0.0,0.0,1.0,0.0,0.0,1.0,1
"G[0,1](Chloride >= 4.246 & HCO3 >= 1.052)
",9999999.000,9999999.000,0.000,1.000,0.000,0,0,0,20,20,0,0,20,0.0,0.0,0.0,0.0,0.0,1.0,1
"G[1,2]((AST <= 0.000 & Temp <= 32.387) | PTT >= 2.491)
",9999999.000,9999999.000,0.000,1.000,0.000,0,0,20,0,0,20,20,0,0.0,0.0,1.0,0.0,0.0,1.0,1
"G[0,2](BUN >= 0.228 & Temp <= 30.495)
",9999999.000,9999999.000,0.000,1.000,0.000,0,0,0,20,20,0,0,20,0.0,0.0,0.0,0.0,0.0,1.0,1
"G[1,2]((HR >= 15.084 & WBC >= 0.033) -> Calcium <= 3.526)
",9999999.000,9999999.000,0.000,1.000,0.000,0,0,20,0,0,20,20,0,0.0,0.0,1.0,0.0,0.0,1.0,1
"G[1,2]((Temp >= 0.558 & EtCO2 <= 0.000) & HCO3 >= 0.000)
",9999999.000,9999999.000,0.000,1.000,0.000,0,0,1,19,19,1,1,19,0.0,0.0,1.0,0.0,0.0,1.0,1
"G[2,2]((Platelets >= 8.842 -> Alkalinephos <= 0.000) & PaCO2 >= 0.000)
",0.000,0.000,0.000,1.000,0.000,0,0,20,0,0,20,20,0,0.0,0.0,1.0,0.0,0.0,1.0,1
"G[1,1]((Creatinine <= 0.115 & Magnesium >= 0.059) & pH <= 1.186)
",-8464405315371810.000,-0.059,0.000,1.000,0.000,0,0,1,19,19,1,1,19,0.0,0.0,1.0,0.0,0.0,1.0,1
"G[0,2]((SepsisLabel <= 0.000 | SBP <= 143.930) -> WBC <= 125.007)
",9999999.000,9999999.000,0.000,1.000,0.000,0,0,20,0,0,20,20,0,0.0,0.0,1.0,0.0,0.0,1.0,1
"G[0,2](Potassium <= 1.708 | MAP <= 87.333)
",9999999.000,9999999.000,0.000,1.000,0.000,0,0,19,1,1,19,19,1,0.0,0.0,1.0,0.0,0.0,1.0,1
"G[1,2](((Chloride <= 78.705 | HR <= 70.930) & DBP >= 25.110) & Creatinine >= 31.859)
",9999999.000,9999999.000,0.000,1.000,0.000,0,0,1,19,19,1,1,19,0.0,0.0,1.0,0.0,0.0,1.0,1
"G[1,1](Creatinine >= 0.012 & HR <= 79.258)
",-0.012,-0.012,0.000,1.000,0.000,0,0,1,19,19,1,1,19,0.0,0.0,1.0,0.0,0.0,1.0,1
"F[1,2](PaCO2 <= 0.000 -> MAP <= 80.907)
",-9999999.000,-9999999.000,0.000,0.000,1.000,0,0,0,20,20,0,0,20,0.0,0.0,0.0,0.0,0.0,1.0,-1
"F[2,2]((Alkalinephos <= 0.000 & SaO2 >= 0.000) -> Bilirubin_direct <= 0.000)
",0.000,0.000,0.000,0.000,1.000,0,0,0,20,20,0,0,20,0.0,0.0,0.0,0.0,0.0,1.0,-1
"F[0,2]((HR >= 29.167 & DBP <= 53.292) & Glucose >= 31.310)
",-9999999.000,-9999999.000,0.000,0.000,1.000,0,0,0,20,20,0,0,20,0.0,0.0,0.0,0.0,0.0,1.0,-1
"F[0,2]((Hgb <= 8.495 & Platelets <= 142.382) | Chloride >= 7.509)
",-9999999.000,-9999999.000,0.000,0.000,1.000,0,0,0,20,20,0,0,20,0.0,0.0,0.0,0.0,0.0,1.0,-1
"F[0,2](((FiO2 >= 0.000 -> Hgb >= 0.458) -> Hct >= 0.352) -> Glucose <= 8.608)
",-9999999.000,-9999999.000,0.000,0.000,1.000,0,0,0,20,20,0,0,20,0.0,0.0,0.0,0.0,0.0,1.0,-1
"F[0,0]((BUN >= 0.150 -> Fibrinogen <= 0.000) | Fibrinogen >= 0.000)
",0.236,0.316,0.000,0.000,1.000,0,0,0,20,20,0,0,20,0.0,0.0,0.0,0.0,0.0,1.0,-1
"F[2,2]((SepsisLabel <= 0.000 -> Platelets >= 6.721) & PTT <= 109.018)
",0.000,0.000,0.000,0.000,1.000,0,0,0,20,20,0,0,20,0.0,0.0,0.0,0.0,0.0,1.0,-1
"F[0,1](((Temp >= 4.608 | Fibrinogen >= 0.000) & DBP >= 0.000) | BaseExcess <= 0.000)
",-9999999.000,-9999999.000,0.000,0.000,1.000,0,0,0,20,20,0,0,20,0.0,0.0,0.0,0.0,0.0,1.0,-1
"((Creatinine <= 0.523) U[0,1] (FiO2 <= 0.000))
",-9999999.000,-9999999.000,0.000,0.000,1.000,0,0,0,20,20,0,0,20,0.0,0.0,0.0,0.0,0.0,1.0,-1
"((SaO2 >= 0.000) U[0,1] (Chloride <= 63.975))
",-9999999.000,-9999999.000,0.000,0.000,1.000,0,0,0,20,20,0,0,20,0.0,0.0,0.0,0.0,0.0,1.0,-1
"F[0,0]((SaO2 <= 0.000 & BUN >= 0.067) -> BaseExcess <= 5.474)
",-6162756592536996.000,-5.474,0.000,0.000,1.000,0,0,0,20,20,0,0,20,0.0,0.0,0.0,0.0,0.0,1.0,-1
"F[2,2](((Platelets <= 204.280 & PaCO2 >= 0.000) | Potassium <= 0.000) | SBP <= 0.000)
",0.000,0.000,0.000,0.000,1.000,0,0,0,20,20,0,0,20,0.0,0.0,0.0,0.0,0.0,1.0,-1
"((Hgb <= 10.981) U[1,2] (HCO3 >= 0.468))
",-9999999.000,-9999999.000,0.000,0.000,1.000,0,0,0,20,20,0,0,20,0.0,0.0,0.0,0.0,0.0,1.0,-1
"((Alkalinephos >= 0.000) U[0,2] (Hct >= 0.093))
",-9999999.000,-9999999.000,0.000,0.000,1.000,0,0,0,20,20,0,0,20,0.0,0.0,0.0,0.0,0.0,1.0,-1
"F[1,2]((SaO2 <= 0.000 | O2Sat >= 10.736) & Platelets >= 12.583)
",-9999999.000,-9999999.000,0.000,0.000,1.000,0,0,0,20,20,0,0,20,0.0,0.0,0.0,0.0,0.0,1.0,-1
"G[1,2](EtCO2 >= 0.000 & HR >= 16.163)
",9999999.000,9999999.000,0.000,1.000,0.000,0,0,17,3,3,17,17,3,0.0,0.0,1.0,0.0,0.0,1.0,1
"F[0,2](((HR >= 8.624 -> TroponinI <= 0.000) & SaO2 <= 0.000) & O2Sat <= 0.000)
",-9999999.000,-9999999.000,0.000,0.000,1.000,0,0,0,20,20,0,0,20,0.0,0.0,0.0,0.0,0.0,1.0,-1
"F[1,2]((Alkalinephos >= 0.000 | Alkalinephos <= 0.000) & Fibrinogen <= 0.000)
",-9999999.000,-9999999.000,0.000,0.000,1.000,0,0,0,20,20,0,0,20,0.0,0.0,0.0,0.0,0.0,1.0,-1
"F[0,2](((SaO2 >= 0.000 | SaO2 >= 0.000) | Potassium <= 0.000) | Temp <= 0.000)
",-9999999.000,-9999999.000,0.000,0.000,1.000,0,0,0,20,20,0,0,20,0.0,0.0,0.0,0.0,0.0,1.0,-1
"F[2,2](((EtCO2 <= 0.000 | Glucose <= 94.029) | Chloride <= 33.688) -> Bilirubin_total <= 47.057)
",-6616693874929883.000,-94.029,0.000,0.000,1.000,0,0,0,20,20,0,0,20,0.0,0.0,0.0,0.0,0.0,1.0,-1
"F[0,2](Platelets >= 9.051 -> HCO3 <= 10.436)
",-9999999.000,-9999999.000,0.000,0.000,1.000,0,0,0,20,20,0,0,20,0.0,0.0,0.0,0.0,0.0,1.0,-1
"G[1,1]((Hgb <= 11.291 | Phosphate >= 0.113) -> Glucose >= 0.146)
",-11.291,-11.291,0.000,1.000,0.000,0,0,1,19,19,1,1,19,0.0,0.0,1.0,0.0,0.0,1.0,1
"G[2,2](SBP <= 130.382 | PTT >= 0.204)
",130.382,130.382,0.000,1.000,0.000,0,0,20,0,0,20,20,0,0.0,0.0,1.0,0.0,0.0,1.0,1
"G[1,2](((SaO2 <= 0.000 | O2Sat >= 6.835) & Glucose <= 87.154) & WBC <= 47.610)
",9999999.000,9999999.000,0.000,1.000,0.000,0,0,20,0,0,20,20,0,0.0,0.0,1.0,0.0,0.0,1.0,1
"G[2,2](((TroponinI >= 0.000 | AST <= 0.000) & SepsisLabel >= 0.000) & WBC >= 0.000)
",0.000,0.000,0.000,1.000,0.000,0,0,20,0,0,20,20,0,0.0,0.0,1.0,0.0,0.0,1.0,1
"G[1,2](Chloride >= 1.541 -> O2Sat <= 21.645)
",9999999.000,9999999.000,0.000,1.000,0.000,0,0,20,0,0,20,20,0,0.0,0.0,1.0,0.0,0.0,1.0,1
"G[0,2](((PaCO2 <= 0.000 -> Glucose >= 4.516) -> Resp >= 0.065) -> Phosphate >= 3.666)
",9999999.000,9999999.000,0.000,1.000,0.000,0,0,0,20,20,0,0,20,0.0,0.0,0.0,0.0,0.0,1.0,1
"G[0,2](((Chloride <= 92.623 | Phosphate >= 0.065) -> SaO2 <= 2.599) & Fibrinogen <= 0.965)
",9999999.000,9999999.000,0.000,1.000,0.000,0,0,20,0,0,20,20,0,0.0,0.0,1.0,0.0,0.0,1.0,1
"((WBC >= 0.042) U[0,2] (Alkalinephos >= 0.000))
",-9999999.000,-9999999.000,0.000,0.000,1.000,0,0,0,20,20,0,0,20,0.0,0.0,0.0,0.0,0.0,1.0,-1
"F[2,2]((Glucose <= 96.273 & SBP >= 98.486) & AST >= 79.543)
",-6930342470345148.000,-98.486,0.000,0.000,1.000,0,0,0,20,20,0,0,20,0.0,0.0,0.0,0.0,0.0,1.0,-1
"G[1,2]((Lactate <= 0.000 -> Phosphate >= 0.014) -> O2Sat >= 0.118)
",9999999.000,9999999.000,0.000,1.000,0.000,0,0,20,0,0,20,20,0,0.0,0.0,1.0,0.0,0.0,1.0,1
"F[0,2]((HR <= 63.750 & Phosphate <= 1.746) -> O2Sat >= 0.193)
",-9999999.000,-9999999.000,0.000,0.000,1.000,0,0,0,20,20,0,0,20,0.0,0.0,0.0,0.0,0.0,1.0,-1
"F[1,2](Hct >= 1.616 & Hct >= 0.298)
",-9999999.000,-9999999.000,0.000,0.000,1.000,0,0,0,20,20,0,0,20,0.0,0.0,0.0,0.0,0.0,1.0,-1
"F[1,2](((MAP <= 88.966 | Platelets <= 113.906) | MAP >= 0.648) | Potassium >= 2.539)
",-9999999.000,-9999999.000,0.000,0.000,1.000,0,0,0,20,20,0,0,20,0.0,0.0,0.0,0.0,0.0,1.0,-1
"F[1,2]((Magnesium <= 1.610 | FiO2 >= 0.000) -> BUN <= 0.000)
",-9999999.000,-9999999.000,0.000,0.000,1.000,0,0,0,20,20,0,0,20,0.0,0.0,0.0,0.0,0.0,1.0,-1
"F[1,2]((Chloride >= 0.617 | TroponinI >= 0.000) -> FiO2 <= 0.000)
",-9999999.000,-9999999.000,0.000,0.000,1.000,0,0,0,20,20,0,0,20,0.0,0.0,0.0,0.0,0.0,1.0,-1
"F[1,1]((WBC <= 0.597 -> SaO2 <= 0.000) & Hct <= 0.000)
",-5378183949165163.000,-0.597,0.000,0.000,1.000,0,0,0,20,20,0,0,20,0.0,0.0,0.0,0.0,0.0,1.0,-1
"F[0,0](((Hct >= 0.131 & BaseExcess <= 0.000) -> O2Sat >= 0.000) | Glucose >= 0.000)
",0.000,0.000,0.000,0.000,1.000,0,0,0,20,20,0,0,20,0.0,0.0,0.0,0.0,0.0,1.0,-1
"F[0,2]((Platelets >= 0.939 & O2Sat >= 8.946) | BUN <= 14.735)
",-9999999.000,-9999999.000,0.000,0.000,1.000,0,0,0,20,20,0,0,20,0.0,0.0,0.0,0.0,0.0,1.0,-1
"F[0,2](((DBP <= 59.240 & PTT >= 0.110) & Bilirubin_direct >= 0.462) -> BUN <= 21.292)
",-9999999.000,-9999999.000,0.000,0.000,1.000,0,0,0,20,20,0,0,20,0.0,0.0,0.0,0.0,0.0,1.0,-1
"F[1,2](((Glucose <= 65.216 -> Bilirubin_direct <= 0.000) & AST <= 0.000) & Temp <= 0.000)
",-9999999.000,-9999999.000,0.000,0.000,1.000,0,0,0,20,20,0,0,20,0.0,0.0,0.0,0.0,0.0,1.0,-1
"((BaseExcess <= 0.000) U[1,2] (TroponinI >= 0.000))
",-9999999.000,-9999999.000,0.000,0.000,1.000,0,0,0,20,20,0,0,20,0.0,0.0,0.0,0.0,0.0,1.0,-1
"F[0,1](((Glucose >= 1.168 & HCO3 <= 9.569) | Bilirubin_total >= 0.790) -> Potassium <= 12.091)
",-9999999.000,-9999999.000,0.000,0.000,1.000,0,0,0,20,20,0,0,20,0.0,0.0,0.0,0.0,0.0,1.0,-1
"F[0,1]((WBC >= 0.054 -> O2Sat <= 34.594) -> SBP >= 1.014)
",-9999999.000,-9999999.000,0.000,0.000,1.000,0,0,0,20,20,0,0,20,0.0,0.0,0.0,0.0,0.0,1.0,-1
"((BUN >= 0.248) U[0,1] (EtCO2 >= 0.000))
",-9999999.000,-9999999.000,0.000,0.000,1.000,0,0,0,20,20,0,0,20,0.0,0.0,0.0,0.0,0.0,1.0,-1
"F[1,2](((Calcium >= 0.176 & Potassium <= 1.221) -> Fibrinogen <= 0.289) | PTT >= 0.099)
",-9999999.000,-9999999.000,0.000,0.000,1.000,0,0,0,20,20,0,0,20,0.0,0.0,0.0,0.0,0.0,1.0,-1
"F[1,2]((Fibrinogen <= 0.000 -> FiO2 <= 0.000) | Resp >= 0.000)
",-9999999.000,-9999999.000,0.000,0.000,1.000,0,0,0,20,20,0,0,20,0.0,0.0,0.0,0.0,0.0,1.0,-1
"((Alkalinephos >= 0.000) U[0,1] (Creatinine <= 0.331))
",-9999999.000,-9999999.000,0.000,0.000,1.000,0,0,0,20,20,0,0,20,0.0,0.0,0.0,0.0,0.0,1.0,-1
"F[1,2]((SaO2 >= 0.000 | Platelets >= 7.305) -> Hgb <= 146.220)
",-9999999.000,-9999999.000,0.000,0.000,1.000,0,0,0,20,20,0,0,20,0.0,0.0,0.0,0.0,0.0,1.0,-1
"F[0,1](Creatinine <= 0.562 | HR >= 50.127)
",-9999999.000,-9999999.000,0.000,0.000,1.000,0,0,0,20,20,0,0,20,0.0,0.0,0.0,0.0,0.0,1.0,-1
"F[0,2](((FiO2 >= 0.000 -> SBP >= 17.237) | BaseExcess <= 108.782) -> Glucose >= 43.437)
",-9999999.000,-9999999.000,0.000,0.000,1.000,0,0,0,20,20,0,0,20,0.0,0.0,0.0,0.0,0.0,1.0,-1
"((FiO2 >= 0.000) U[0,2] (Resp >= 8.145))
",-9999999.000,-9999999.000,0.000,0.000,1.000,0,0,0,20,20,0,0,20,0.0,0.0,0.0,0.0,0.0,1.0,-1
"F[2,2](((SBP >= 58.342 & Glucose >= 0.353) -> WBC >= 2.498) | Hgb <= 81.081)
",81.081,81.081,0.000,0.000,1.000,0,0,0,20,20,0,0,20,0.0,0.0,0.0,0.0,0.0,1.0,-1
"F[0,1](((Hgb >= 0.338 & Creatinine >= 0.018) & BaseExcess <= 0.483) -> PTT >= 0.011)
",-9999999.000,-9999999.000,0.000,0.000,1.000,0,0,0,20,20,0,0,20,0.0,0.0,0.0,0.0,0.0,1.0,-1
"F[2,2]((AST <= 0.000 -> Potassium <= 1.210) & Resp >= 0.158)
",-5451135292247906.000,-1.210,0.000,0.000,1.000,0,0,0,20,20,0,0,20,0.0,0.0,0.0,0.0,0.0,1.0,-1
"F[1,2](Glucose >= 4.754 & EtCO2 >= 0.000)
",-9999999.000,-9999999.000,0.000,0.000,1.000,0,0,0,20,20,0,0,20,0.0,0.0,0.0,0.0,0.0,1.0,-1
"F[0,0]((AST <= 0.000 -> SaO2 >= 0.000) | SaO2 >= 0.000)
",0.000,0.000,0.000,0.000,1.000,0,0,0,20,20,0,0,20,0.0,0.0,0.0,0.0,0.0,1.0,-1
"G[0,2]((Bilirubin_direct <= 0.000 -> SBP <= 144.228) -> Phosphate >= 100.042)
",9999999.000,9999999.000,0.000,1.000,0.000,0,0,3,17,17,3,3,17,0.0,0.0,1.0,0.0,0.0,1.0,1
"G[2,2]((Alkalinephos >= 0.000 -> AST >= 0.000) -> Magnesium <= 0.000)
",0.000,0.000,0.000,1.000,0.000,0,0,20,0,0,20,20,0,0.0,0.0,1.0,0.0,0.0,1.0,1
"G[1,2]((SepsisLabel >= 0.000 & Potassium >= 0.158) | BaseExcess <= 0.963)
",9999999.000,9999999.000,0.000,1.000,0.000,0,0,20,0,0,20,20,0,0.0,0.0,1.0,0.0,0.0,1.0,1
"G[1,2]((Temp >= 7.302 | WBC <= 5.198) -> FiO2 >= 0.056)
",9999999.000,9999999.000,0.000,1.000,0.000,0,0,1,19,19,1,1,19,0.0,0.0,1.0,0.0,0.0,1.0,1
"G[2,2](((MAP <= 89.626 | Temp <= 13.263) -> pH <= 36.217) | Phosphate >= 3.301)
",-7432820447012061.000,-3.301,0.000,1.000,0.000,0,0,20,0,0,20,20,0,0.0,0.0,1.0,0.0,0.0,1.0,1
"G[0,2]((O2Sat <= 67.777 & Temp <= 21.722) | Alkalinephos <= 21.101)
",9999999.000,9999999.000,0.000,1.000,0.000,0,0,20,0,0,20,20,0,0.0,0.0,1.0,0.0,0.0,1.0,1
"G[1,2]((Calcium >= 0.063 -> PTT <= 15.767) | Resp >= 0.444)
",9999999.000,9999999.000,0.000,1.000,0.000,0,0,20,0,0,20,20,0,0.0,0.0,1.0,0.0,0.0,1.0,1
"G[0,2](Hgb >= 0.217 & SBP >= 101.944)
",9999999.000,9999999.000,0.000,1.000,0.000,0,0,0,20,20,0,0,20,0.0,0.0,0.0,0.0,0.0,1.0,1
"G[0,1](Platelets <= 94.507 & PTT >= 0.512)
",9999999.000,9999999.000,0.000,1.000,0.000,0,0,0,20,20,0,0,20,0.0,0.0,0.0,0.0,0.0,1.0,1
"G[0,2](((Calcium >= 0.132 | WBC <= 4.972) | BUN >= 0.180) & Creatinine >= 0.035)
",9999999.000,9999999.000,0.000,1.000,0.000,0,0,0,20,20,0,0,20,0.0,0.0,0.0,0.0,0.0,1.0,1
"G[2,2](Glucose <= 74.199 -> WBC <= 5.824)
",-5221308275108956.000,-74.199,0.000,1.000,0.000,0,0,20,0,0,20,20,0,0.0,0.0,1.0,0.0,0.0,1.0,1
"G[2,2](((Hct >= 0.326 & WBC <= 5.231) & PTT >= 0.089) -> EtCO2 >= 0.104)
",0.104,0.104,0.000,1.000,0.000,0,0,20,0,0,20,20,0,0.0,0.0,1.0,0.0,0.0,1.0,1
"G[0,1](HCO3 >= 0.158 & Platelets >= 4.270)
",9999999.000,9999999.000,0.000,1.000,0.000,0,0,0,20,20,0,0,20,0.0,0.0,0.0,0.0,0.0,1.0,1
"G[0,0](((Chloride <= 80.537 -> Platelets >= 7.970) -> Bilirubin_direct <= 50.490) -> SaO2 >= 9.630)
",5421142829860372.000,9.630,0.000,1.000,0.000,0,0,0,20,20,0,0,20,0.0,0.0,0.0,0.0,0.0,1.0,1
"G[0,2]((Glucose >= 4.658 & Platelets >= 8.214) & Alkalinephos <= 31.622)
",9999999.000,9999999.000,0.000,1.000,0.000,0,0,0,20,20,0,0,20,0.0,0.0,0.0,0.0,0.0,1.0,1
"G[1,2]((BUN <= 1.141 | HCO3 <= 13.433) -> PTT <= 4.913)
",9999999.000,9999999.000,0.000,1.000,0.000,0,0,20,0,0,20,20,0,0.0,0.0,1.0,0.0,0.0,1.0,1
"G[1,2](((Hgb <= 0.751 | Platelets <= 169.165) | SBP >= 6.089) & Potassium >= 3.549)
",9999999.000,9999999.000,0.000,1.000,0.000,0,0,1,19,19,1,1,19,0.0,0.0,1.0,0.0,0.0,1.0,1
"G[0,2](((Platelets >= 0.558 | WBC >= 0.156) -> Lactate >= 0.061) | Lactate >= 0.052)
",9999999.000,9999999.000,0.000,1.000,0.000,0,0,18,2,2,18,18,2,0.0,0.0,1.0,0.0,0.0,1.0,1
"G[1,2](((BUN <= 5.731 | Magnesium <= 1.127) | BaseExcess <= 1.260) | Calcium >= 0.045)
",9999999.000,9999999.000,0.000,1.000,0.000,0,0,20,0,0,20,20,0,0.0,0.0,1.0,0.0,0.0,1.0,1
"G[1,2]((Creatinine >= 0.026 & Phosphate >= 0.002) | O2Sat >= 0.081)
",9999999.000,9999999.000,0.000,1.000,0.000,0,0,3,17,17,3,3,17,0.0,0.0,1.0,0.0,0.0,1.0,1
"G[2,2](Potassium <= 1.784 & WBC <= 5.885)
",8032610751209012.000,1.784,0.000,1.000,0.000,0,0,20,0,0,20,20,0,0.0,0.0,1.0,0.0,0.0,1.0,1
"G[1,2](BUN >= 0.283 -> MAP <= 110.187)
",9999999.000,9999999.000,0.000,1.000,0.000,0,0,20,0,0,20,20,0,0.0,0.0,1.0,0.0,0.0,1.0,1
"G[0,2]((Glucose >= 2.859 | Temp <= 15.690) | FiO2 >= 0.715)
",9999999.000,9999999.000,0.000,1.000,0.000,0,0,13,7,7,13,13,7,0.0,0.0,1.0,0.0,0.0,1.0,1
"G[0,2](((DBP >= 43.170 | WBC >= 0.038) | PaCO2 <= 3.344) -> Alkalinephos >= 0.102)
",9999999.000,9999999.000,0.000,1.000,0.000,0,0,0,20,20,0,0,20,0.0,0.0,0.0,0.0,0.0,1.0,1
"G[1,1](AST <= 0.000 & Potassium >= 0.135)
",-4874489963970366.000,-0.135,0.000,1.000,0.000,0,0,1,19,19,1,1,19,0.0,0.0,1.0,0.0,0.0,1.0,1
"G[1,2](((SepsisLabel >= 0.000 -> Magnesium <= 0.156) -> HR >= 0.057) -> Creatinine >= 0.071)
",9999999.000,9999999.000,0.000,1.000,0.000,0,0,4,16,16,4,4,16,0.0,0.0,1.0,0.0,0.0,1.0,1
"G[1,2](Bilirubin_direct <= 0.000 & Chloride <= 105.150)
",9999999.000,9999999.000,0.000,1.000,0.000,0,0,20,0,0,20,20,0,0.0,0.0,1.0,0.0,0.0,1.0,1
"G[1,2]((Bilirubin_direct >= 0.000 & Hgb >= 0.360) & AST <= 8.883)
",9999999.000,9999999.000,0.000,1.000,0.000,0,0,1,19,19,1,1,19,0.0,0.0,1.0,0.0,0.0,1.0,1
"G[0,2]((Chloride <= 43.079 | Lactate <= 0.000) | Platelets >= 0.000)
",9999999.000,9999999.000,0.000,1.000,0.000,0,0,20,0,0,20,20,0,0.0,0.0,1.0,0.0,0.0,1.0,1
"G[0,2]((SBP <= 153.826 -> Temp <= 36.229) | Platelets <= 24.521)
",9999999.000,9999999.000,0.000,1.000,0.000,0,0,20,0,0,20,20,0,0.0,0.0,1.0,0.0,0.0,1.0,1
"G[1,2]((DBP >= 42.192 | O2Sat >= 12.356) -> HCO3 >= 11.045)
",9999999.000,9999999.000,0.000,1.000,0.000,0,0,4,16,16,4,4,16,0.0,0.0,1.0,0.0,0.0,1.0,1
"G[1,2](Hct >= 0.184 & HR <= 75.332)
",9999999.000,9999999.000,0.000,1.000,0.000,0,0,1,19,19,1,1,19,0.0,0.0,1.0,0.0,0.0,1.0,1
"G[0,1]((Platelets >= 5.890 | Temp >= 7.390) & pH >= 4.408)
",9999999.000,9999999.000,0.000,1.000,0.000,0,0,0,20,20,0,0,20,0.0,0.0,0.0,0.0,0.0,1.0,1
"G[2,2](((O2Sat >= 7.911 -> Calcium <= 1.012) | Bilirubin_direct <= 6.553) & AST >= 0.088)
",-6374920763243124.000,-0.088,0.000,1.000,0.000,0,0,20,0,0,20,20,0,0.0,0.0,1.0,0.0,0.0,1.0,1
"G[1,2](Phosphate <= 1.650 & AST <= 0.000)
",9999999.000,9999999.000,0.000,1.000,0.000,0,0,20,0,0,20,20,0,0.0,0.0,1.0,0.0,0.0,1.0,1
"G[1,2](WBC >= 0.198 & MAP <= 89.948)
",9999999.000,9999999.000,0.000,1.000,0.000,0,0,1,19,19,1,1,19,0.0,0.0,1.0,0.0,0.0,1.0,1
"G[0,2](((Resp >= 9.745 -> Magnesium <= 0.961) -> Creatinine <= 0.240) & PaCO2 <= 0.171)
",9999999.000,9999999.000,0.000,1.000,0.000,0,0,20,0,0,20,20,0,0.0,0.0,1.0,0.0,0.0,1.0,1
"G[0,2]((PTT >= 0.644 & Bilirubin_direct >= 0.000) & Lactate >= 0.000)
",9999999.000,9999999.000,0.000,1.000,0.000,0,0,0,20,20,0,0,20,0.0,0.0,0.0,0.0,0.0,1.0,1
"G[1,1](((Temp <= 36.942 & PTT <= 1.101) -> FiO2 >= 0.207) & SaO2 >= 0.599)
",-4956806726649358.000,-1.101,0.000,1.000,0.000,0,0,1,19,19,1,1,19,0.0,0.0,1.0,0.0,0.0,1.0,1
"G[0,2]((Chloride <= 30.910 & AST <= 0.000) & HCO3 <= 0.000)
",9999999.000,9999999.000,0.000,1.000,0.000,0,0,18,2,2,18,18,2,0.0,0.0,1.0,0.0,0.0,1.0,1
"G[1,2]((BUN <= 4.009 & TroponinI >= 0.000) | HR >= 0.000)
",9999999.000,9999999.000,0.000,1.000,0.000,0,0,20,0,0,20,20,0,0.0,0.0,1.0,0.0,0.0,1.0,1
"G[2,2]((SepsisLabel >= 0.000 | TroponinI >= 0.000) -> O2Sat >= 0.000)
",0.000,0.000,0.000,1.000,0.000,0,0,20,0,0,20,20,0,0.0,0.0,1.0,0.0,0.0,1.0,1
"G[0,2](((Calcium >= 0.336 | SaO2 <= 0.000) -> Bilirubin_total >= 0.000) & BaseExcess <= 0.000)
",9999999.000,9999999.000,0.000,1.000,0.000,0,0,20,0,0,20,20,0,0.0,0.0,1.0,0.0,0.0,1.0,1
"G[0,1](((PTT <= 4.796 -> WBC <= 4.076) & FiO2 >= 0.168) | PTT >= 0.153)
",9999999.000,9999999.000,0.000,1.000,0.000,0,0,0,20,20,0,0,20,0.0,0.0,0.0,0.0,0.0,1.0,1
"G[2,2](((HCO3 >= 1.082 -> Platelets >= 8.103) | Bilirubin_direct >= 2.893) & DBP >= 7.148)
",-8048474702179245.000,-7.148,0.000,1.000,0.000,0,0,20,0,0,20,20,0,0.0,0.0,1.0,0.0,0.0,1.0,1
"G[0,2]((MAP <= 110.117 | Potassium <= 3.181) | Lactate >= 0.141)
",9999999.000,9999999.000,0.000,1.000,0.000,0,0,19,1,1,19,19,1,0.0,0.0,1.0,0.0,0.0,1.0,1
"G[0,1]((DBP <= 56.813 | DBP >= 9.344) -> WBC >= 15.436)
",9999999.000,9999999.000,0.000,1.000,0.000,0,0,0,20,20,0,0,20,0.0,0.0,0.0,0.0,0.0,1.0,1
"G[1,2](((Resp >= 0.337 & EtCO2 <= 0.000) | BaseExcess >= 0.000) -> Potassium <= 0.000)
",9999999.000,9999999.000,0.000,1.000,0.000,0,0,20,0,0,20,20,0,0.0,0.0,1.0,0.0,0.0,1.0,1
"G[2,2]((O2Sat >= 10.801 -> HCO3 <= 12.115) & Phosphate >= 0.690)
",-12.115,-12.115,0.000,1.000,0.000,0,0,20,0,0,20,20,0,0.0,0.0,1.0,0.0,0.0,1.0,1
"G[1,2](((HCO3 <= 23.753 & TroponinI >= 0.000) | AST >= 0.000) -> HR >= 0.000)
",9999999.000,9999999.000,0.000,1.000,0.000,0,0,20,0,0,20,20,0,0.0,0.0,1.0,0.0,0.0,1.0,1
"G[0,2](((FiO2 <= 0.000 & PaCO2 <= 0.000) | Alkalinephos >= 0.000) & Resp >= 0.000)
",9999999.000,9999999.000,0.000,1.000,0.000,0,0,20,0,0,20,20,0,0.0,0.0,1.0,0.0,0.0,1.0,1
"G[1,2](BUN >= 0.246 -> pH <= 0.000)
",9999999.000,9999999.000,0.000,1.000,0.000,0,0,20,0,0,20,20,0,0.0,0.0,1.0,0.0,0.0,1.0,1
"G[1,2](((Creatinine <= 0.321 & Fibrinogen >= 0.000) | BaseExcess <= 0.000) & Lactate <= 0.000)
",9999999.000,9999999.000,0.000,1.000,0.000,0,0,20,0,0,20,20,0,0.0,0.0,1.0,0.0,0.0,1.0,1
"G[0,2]((Potassium >= 0.186 -> Resp <= 17.517) -> Potassium <= 16.228)
",9999999.000,9999999.000,0.000,1.000,0.000,0,0,20,0,0,20,20,0,0.0,0.0,1.0,0.0,0.0,1.0,1
"G[1,2](Hgb >= 0.087 & Temp <= 27.451)
",9999999.000,9999999.000,0.000,1.000,0.000,0,0,1,19,19,1,1,19,0.0,0.0,1.0,0.0,0.0,1.0,1
"G[2,2](((Phosphate >= 0.172 | Temp <= 35.821) | Fibrinogen <= 11.284) | pH >= 6.776)
",35.821,35.821,0.000,1.000,0.000,0,0,20,0,0,20,20,0,0.0,0.0,1.0,0.0,0.0,1.0,1
"G[0,2](MAP >= 29.830 | Platelets >= 7.477)
",9999999.000,9999999.000,0.000,1.000,0.000,0,0,14,6,6,14,14,6,0.0,0.0,1.0,0.0,0.0,1.0,1
"G[2,2](((Platelets <= 221.612 & SBP >= 39.445) | Glucose <= 117.774) & Resp >= 4.950)
",-5572926874668667.000,-4.950,0.000,1.000,0.000,0,0,20,0,0,20,20,0,0.0,0.0,1.0,0.0,0.0,1.0,1
"F[0,2](((Phosphate >= 0.056 -> pH <= 0.000) -> Hct <= 0.000) & BaseExcess <= 0.000)
",-9999999.000,-9999999.000,0.000,0.000,1.000,0,0,0,20,20,0,0,20,0.0,0.0,0.0,0.0,0.0,1.0,-1
