Rule,Discrimination Score,Pos Robustness,Neg Robustness,Percent Class +,Percent Class -,TP,TN,FP,FN,Actual Yes,Actual No,Predicted Yes,Predicted No,TPR/Sens,TNR/Spec,FPR,Precision,Accuracy,MCR,Class
"G[0,0]((Phosphate <= 2.878 -> Calcium <= 2.689) & Hct <= 7.212)
",-51.661,-2.860,0.000,1.000,0.000,21,0,0,0,21,0,21,0,1.0,0.0,0.0,1.0,1.0,0.0,1
"G[0,1](((Chloride >= 2.948 -> Hgb >= 0.059) & Creatinine <= 4.131) & SepsisLabel <= 1.168)
",9999999.000,9999999.000,0.000,1.000,0.000,21,0,0,0,21,0,21,0,1.0,0.0,0.0,1.0,1.0,0.0,1
"G[0,1](((HCO3 >= 0.983 | SBP <= 108.605) | Calcium >= 35.158) | HCO3 <= 115.368)
",9999999.000,9999999.000,0.000,1.000,0.000,21,0,0,0,21,0,21,0,1.0,0.0,0.0,1.0,1.0,0.0,1
"G[0,0](Bilirubin_direct >= 0.000 | Potassium >= 0.074)
",0.224,0.196,0.000,1.000,0.000,21,0,0,0,21,0,21,0,1.0,0.0,0.0,1.0,1.0,0.0,1
"G[0,1](Creatinine >= 0.031 | Alkalinephos <= 0.000)
",9999999.000,9999999.000,0.000,1.000,0.000,21,0,0,0,21,0,21,0,1.0,0.0,0.0,1.0,1.0,0.0,1
"G[0,0](((Hgb <= 2.004 | Temp <= 22.182) & Creatinine <= 12.672) & Fibrinogen <= 26.989)
",-0.065,-1.282,0.000,1.000,0.000,21,0,0,0,21,0,21,0,1.0,0.0,0.0,1.0,1.0,0.0,1
"G[0,1](Chloride <= 99.073 | pH <= 1.294)
",9999999.000,9999999.000,0.000,1.000,0.000,21,0,0,0,21,0,21,0,1.0,0.0,0.0,1.0,1.0,0.0,1
"G[0,0]((Magnesium >= 0.103 & MAP >= 20.902) -> BaseExcess <= 68.509)
",-68.509,-68.509,0.000,1.000,0.000,21,0,0,0,21,0,21,0,1.0,0.0,0.0,1.0,1.0,0.0,1
"G[1,1](((BUN <= 7.418 -> pH <= 6.366) -> FiO2 <= 1.421) | AST >= 0.071)
",-5086230778470030.000,-0.071,0.000,1.000,0.000,21,0,0,0,21,0,21,0,1.0,0.0,0.0,1.0,1.0,0.0,1
"G[0,1](((MAP <= 88.312 -> Platelets >= 28.144) & Magnesium <= 450.951) | EtCO2 <= 370.651)
",9999999.000,9999999.000,0.000,1.000,0.000,21,0,0,0,21,0,21,0,1.0,0.0,0.0,1.0,1.0,0.0,1
"G[0,1](AST >= 0.000 | Lactate <= 0.000)
",9999999.000,9999999.000,0.000,1.000,0.000,21,0,0,0,21,0,21,0,1.0,0.0,0.0,1.0,1.0,0.0,1
"G[0,1]((BUN >= 0.154 | MAP <= 93.171) | Temp <= 93.419)
",9999999.000,9999999.000,0.000,1.000,0.000,21,0,0,0,21,0,21,0,1.0,0.0,0.0,1.0,1.0,0.0,1
"G[0,0]((Magnesium >= 0.089 & O2Sat >= 37.407) | BUN <= 96.731)
",6806874023224979.000,96.731,0.000,1.000,0.000,21,0,0,0,21,0,21,0,1.0,0.0,0.0,1.0,1.0,0.0,1
"G[0,0](MAP <= 66.587 -> Phosphate <= 1.723)
",-0.404,-7.715,0.000,1.000,0.000,21,0,0,0,21,0,21,0,1.0,0.0,0.0,1.0,1.0,0.0,1
"F[0,0]((pH >= 0.317 | PaCO2 <= 10.118) & Platelets >= 1.802)
",-8116629103561950.000,-1.802,0.000,0.000,1.000,21,0,0,0,21,0,21,0,1.0,0.0,0.0,1.0,1.0,0.0,-1
"F[0,1](PaCO2 >= 0.792 & Potassium >= 0.021)
",-9999999.000,-9999999.000,0.000,0.000,1.000,21,0,0,0,21,0,21,0,1.0,0.0,0.0,1.0,1.0,0.0,-1
"G[0,1]((BUN <= 3.447 | SBP <= 117.020) | Potassium <= 99.382)
",9999999.000,9999999.000,0.000,1.000,0.000,21,0,0,0,21,0,21,0,1.0,0.0,0.0,1.0,1.0,0.0,1
"F[0,0]((Creatinine >= 0.017 -> Hct <= 26.727) & SepsisLabel >= 2.044)
",-1.914,-30.263,0.000,0.000,1.000,21,0,0,0,21,0,21,0,1.0,0.0,0.0,1.0,1.0,0.0,-1
"F[0,0]((TroponinI <= 0.000 | Glucose >= 7.549) -> Magnesium >= 5.774)
",0.000,0.000,0.000,0.000,1.000,21,0,0,0,21,0,21,0,1.0,0.0,0.0,1.0,1.0,0.0,-1
"F[1,1]((Calcium <= 2.545 & Potassium <= 1.069) & Magnesium >= 0.044)
",-3161457913056170.000,-0.044,0.000,0.000,1.000,21,0,0,0,21,0,21,0,1.0,0.0,0.0,1.0,1.0,0.0,-1
"F[1,1]((Calcium <= 4.923 & Potassium <= 4.379) & Magnesium >= 0.074)
",-2678059293832237.500,-0.074,0.000,0.000,1.000,21,0,0,0,21,0,21,0,1.0,0.0,0.0,1.0,1.0,0.0,-1
"F[1,1]((Platelets <= 63.729 & WBC >= 0.403) & Magnesium >= 0.532)
",-4793618460060062.000,-0.532,0.000,0.000,1.000,21,0,0,0,21,0,21,0,1.0,0.0,0.0,1.0,1.0,0.0,-1
"F[0,0]((Calcium <= 3.852 & Potassium <= 0.715) & Magnesium >= 0.002)
",-0.226,-0.168,0.000,0.000,1.000,21,0,0,0,21,0,21,0,1.0,0.0,0.0,1.0,1.0,0.0,-1
"F[0,1]((Calcium <= 1.879 & Potassium <= 2.679) & Magnesium >= 0.121)
",-9999999.000,-9999999.000,0.000,0.000,1.000,21,0,0,0,21,0,21,0,1.0,0.0,0.0,1.0,1.0,0.0,-1
"F[0,1](((Hct <= 12.667 | HR <= 73.268) | Hgb <= 88.777) -> Hct >= 54.849)
",-9999999.000,-9999999.000,0.000,0.000,1.000,21,0,0,0,21,0,21,0,1.0,0.0,0.0,1.0,1.0,0.0,-1
"F[0,1](((DBP <= 52.274 -> Phosphate <= 2.186) & Potassium >= 0.178) & HR <= 4.377)
",-9999999.000,-9999999.000,0.000,0.000,1.000,21,0,0,0,21,0,21,0,1.0,0.0,0.0,1.0,1.0,0.0,-1
"((EtCO2 > 0.000) U[1,2] (SepsisLabel = 0.000))
",-9999999.000,-9999999.000,0.000,0.000,1.000,21,0,0,0,21,0,21,0,1.0,0.0,0.0,1.0,1.0,0.0,-1
"F[0,1]((Calcium <= 8.052 & Potassium <= 3.537) & Magnesium >= 0.002)
",-9999999.000,-9999999.000,0.000,0.000,1.000,21,0,0,0,21,0,21,0,1.0,0.0,0.0,1.0,1.0,0.0,-1
"F[0,0]((HCO3 >= 0.095 & Hgb >= 0.032) & Glucose >= 0.074)
",-3435274649955014.000,-0.095,0.000,0.000,1.000,21,0,0,0,21,0,21,0,1.0,0.0,0.0,1.0,1.0,0.0,-1
"F[0,0]((Calcium <= 6.475 & Potassium <= 0.746) & Magnesium >= 0.041)
",-0.280,-0.203,0.000,0.000,1.000,21,0,0,0,21,0,21,0,1.0,0.0,0.0,1.0,1.0,0.0,-1
"G[0,1](((Phosphate >= 0.025 -> PTT >= 1.049) & Platelets >= 0.592) | Hgb <= 11.190)
",9999999.000,9999999.000,0.000,1.000,0.000,21,0,0,0,21,0,21,0,1.0,0.0,0.0,1.0,1.0,0.0,1
"((Hgb >= 0.157) U[1,1] (PaCO2 <= 4.986))
",2806587014025397.500,4.986,0.000,0.000,1.000,21,0,0,0,21,0,21,0,1.0,0.0,0.0,1.0,1.0,0.0,-1
"G[0,0]((Phosphate >= 0.210 & SepsisLabel >= 0.000) | AST <= 0.000)
",0.224,0.080,0.000,1.000,0.000,21,0,0,0,21,0,21,0,1.0,0.0,0.0,1.0,1.0,0.0,1
"G[0,1]((Glucose >= 9.856 & HCO3 <= 19.640) -> AST <= 14.758)
",9999999.000,9999999.000,0.000,1.000,0.000,21,0,0,0,21,0,21,0,1.0,0.0,0.0,1.0,1.0,0.0,1
"G[1,1](Alkalinephos >= 0.000 | SBP <= 86.949)
",6118492619202884.000,86.949,0.000,1.000,0.000,21,0,0,0,21,0,21,0,1.0,0.0,0.0,1.0,1.0,0.0,1
"G[1,1](BaseExcess < 1.099 -> SepsisLabel = 0.000)
",-1.099,-1.099,0.000,1.000,0.000,21,0,0,0,21,0,21,0,1.0,0.0,0.0,1.0,1.0,0.0,1
"G[0,1](Bilirubin_total <= 0.000 | pH <= 6.568)
",9999999.000,9999999.000,0.000,1.000,0.000,21,0,0,0,21,0,21,0,1.0,0.0,0.0,1.0,1.0,0.0,1
"G[0,1]((MAP <= 63.024 | WBC <= 20.478) | Temp <= 5.029)
",9999999.000,9999999.000,0.000,1.000,0.000,21,0,0,0,21,0,21,0,1.0,0.0,0.0,1.0,1.0,0.0,1
"G[0,0]((FiO2 >= 0.043 & WBC >= 0.799) -> pH <= 17.295)
",-14.293,-17.517,0.000,1.000,0.000,21,0,0,0,21,0,21,0,1.0,0.0,0.0,1.0,1.0,0.0,1
"G[0,0](PTT < 7.383 -> SepsisLabel = 0.000)
",-2.665,-6.811,0.000,1.000,0.000,21,0,0,0,21,0,21,0,1.0,0.0,0.0,1.0,1.0,0.0,1
"G[0,1](Bilirubin_direct <= 0.000 & SepsisLabel = 0.000)
",9999999.000,9999999.000,0.000,1.000,0.000,21,0,0,0,21,0,21,0,1.0,0.0,0.0,1.0,1.0,0.0,1
"G[1,1](((Glucose >= 14.402 | Hct <= 8.717) & Alkalinephos >= 0.330) | TroponinI <= 29.620)
",8337303788317419.000,29.620,0.000,1.000,0.000,21,0,0,0,21,0,21,0,1.0,0.0,0.0,1.0,1.0,0.0,1
"G[1,1](Magnesium <= 1.157 -> Hgb <= 6.977)
",-7855707985526242.000,-6.977,0.000,1.000,0.000,21,0,0,0,21,0,21,0,1.0,0.0,0.0,1.0,1.0,0.0,1
"G[0,1](((BUN >= 0.167 -> Chloride <= 84.580) -> Bilirubin_direct >= 2.015) -> Hgb <= 86.733)
",9999999.000,9999999.000,0.000,1.000,0.000,21,0,0,0,21,0,21,0,1.0,0.0,0.0,1.0,1.0,0.0,1
"G[0,0](Calcium >= 0.189 | Platelets <= 595.141)
",2617455737657693.000,595.141,0.000,1.000,0.000,21,0,0,0,21,0,21,0,1.0,0.0,0.0,1.0,1.0,0.0,1
"G[0,0](((Phosphate <= 3.210 -> DBP <= 82.369) & MAP <= 61.676) | pH <= 45.624)
",256.399,45.553,0.000,1.000,0.000,21,0,0,0,21,0,21,0,1.0,0.0,0.0,1.0,1.0,0.0,1
"G[0,1](((Platelets <= 265.557 | Resp >= 8.510) -> Bilirubin_total <= 33.067) -> SaO2 <= 31.063)
",9999999.000,9999999.000,0.000,1.000,0.000,21,0,0,0,21,0,21,0,1.0,0.0,0.0,1.0,1.0,0.0,1
"G[0,1]((BaseExcess <= 1.746 | Platelets <= 522.042) | EtCO2 <= 55.686)
",9999999.000,9999999.000,0.000,1.000,0.000,21,0,0,0,21,0,21,0,1.0,0.0,0.0,1.0,1.0,0.0,1
"G[0,1]((Creatinine <= 0.368 -> Platelets >= 23.436) | AST <= 107.092)
",9999999.000,9999999.000,0.000,1.000,0.000,21,0,0,0,21,0,21,0,1.0,0.0,0.0,1.0,1.0,0.0,1
"G[0,0]((Calcium <= 2.590 & FiO2 >= 0.015) -> MAP >= 0.004)
",-2.913,-94.734,0.000,1.000,0.000,21,0,0,0,21,0,21,0,1.0,0.0,0.0,1.0,1.0,0.0,1
"G[0,0]((FiO2 <= 0.342 | Lactate <= 0.000) -> PTT <= 0.000)
",0.093,0.245,0.000,1.000,0.000,21,0,0,0,21,0,21,0,1.0,0.0,0.0,1.0,1.0,0.0,1
"G[0,1]((Glucose >= 2.457 -> Platelets <= 239.085) | Chloride <= 502.333)
",9999999.000,9999999.000,0.000,1.000,0.000,21,0,0,0,21,0,21,0,1.0,0.0,0.0,1.0,1.0,0.0,1
"G[1,1](((Glucose >= 12.241 & Hgb <= 7.153) | SepsisLabel >= 0.014) | FiO2 <= 11.673)
",6571063977787453.000,11.673,0.000,1.000,0.000,21,0,0,0,21,0,21,0,1.0,0.0,0.0,1.0,1.0,0.0,1
"G[1,1](((Magnesium <= 1.417 -> WBC <= 9.744) | AST <= 13.900) & Alkalinephos <= 8.224)
",8.224,8.224,0.000,1.000,0.000,21,0,0,0,21,0,21,0,1.0,0.0,0.0,1.0,1.0,0.0,1
"G[0,1](((Hct >= 1.111 & WBC <= 17.564) -> AST >= 0.954) | SepsisLabel <= 9.276)
",9999999.000,9999999.000,0.000,1.000,0.000,21,0,0,0,21,0,21,0,1.0,0.0,0.0,1.0,1.0,0.0,1
"G[0,0](Hct <= 20.307 | O2Sat >= 69.775)
",3.979,25.736,0.000,1.000,0.000,21,0,0,0,21,0,21,0,1.0,0.0,0.0,1.0,1.0,0.0,1
"G[0,0](((SBP <= 91.982 | SepsisLabel >= 0.000) & BaseExcess <= 0.000) | EtCO2 >= 0.000)
",2.072,21.333,0.000,1.000,0.000,21,0,0,0,21,0,21,0,1.0,0.0,0.0,1.0,1.0,0.0,1
"G[1,1]((Hct <= 15.713 -> PTT <= 4.308) | SaO2 >= 0.684)
",-6163341972915436.000,-0.684,0.000,1.000,0.000,21,0,0,0,21,0,21,0,1.0,0.0,0.0,1.0,1.0,0.0,1
"G[0,0](Platelets <= 352.417 -> AST >= 0.000)
",-6199778469068463.000,-352.417,0.000,1.000,0.000,21,0,0,0,21,0,21,0,1.0,0.0,0.0,1.0,1.0,0.0,1
"G[0,0](((BaseExcess >= -0.921 | Creatinine <= 0.305) | O2Sat >= 0.013) | Lactate >= 0.005)
",1.969,87.883,0.000,1.000,0.000,21,0,0,0,21,0,21,0,1.0,0.0,0.0,1.0,1.0,0.0,1
"G[0,1]((PTT <= 8.977 | WBC >= 0.823) & BaseExcess <= 18.730)
",9999999.000,9999999.000,0.000,1.000,0.000,21,0,0,0,21,0,21,0,1.0,0.0,0.0,1.0,1.0,0.0,1
"G[0,1]((Alkalinephos <= 0.000 & Bilirubin_direct <= 0.000) | FiO2 >= 0.000)
",9999999.000,9999999.000,0.000,1.000,0.000,21,0,0,0,21,0,21,0,1.0,0.0,0.0,1.0,1.0,0.0,1
"F[0,1](((HCO3 >= 0.965 & HR <= 108.515) | TroponinI >= 56.171) & SBP <= 102.769)
",-9999999.000,-9999999.000,0.000,0.000,1.000,20,0,0,1,21,0,20,1,0.9523809523809523,0.0,0.0,1.0,0.9523809523809523,0.04761904761904767,-1
"F[0,1](Hct <= 5.865 & Potassium >= 0.324)
",-9999999.000,-9999999.000,0.000,0.000,1.000,20,0,0,1,21,0,20,1,0.9523809523809523,0.0,0.0,1.0,0.9523809523809523,0.04761904761904767,-1
"F[0,1](((Hgb <= 3.196 -> Phosphate >= 0.038) -> O2Sat >= 0.008) & Chloride >= 0.027)
",-9999999.000,-9999999.000,0.000,0.000,1.000,20,0,0,1,21,0,20,1,0.9523809523809523,0.0,0.0,1.0,0.9523809523809523,0.04761904761904767,-1
"G[0,1](((BUN >= 0.259 & Resp <= 29.594) | Alkalinephos >= 2.553) | Hct <= 29.853)
",9999999.000,9999999.000,0.000,1.000,0.000,20,0,0,1,21,0,20,1,0.9523809523809523,0.0,0.0,1.0,0.9523809523809523,0.04761904761904767,1
"G[0,1](Chloride <= 90.355 -> Magnesium <= 1.049)
",9999999.000,9999999.000,0.000,1.000,0.000,20,0,0,1,21,0,20,1,0.9523809523809523,0.0,0.0,1.0,0.9523809523809523,0.04761904761904767,1
"G[0,0]((Hct <= 27.330 -> Bilirubin_direct <= 0.000) & PaCO2 <= 0.000)
",-27.330,-27.330,0.000,1.000,0.000,20,0,0,1,21,0,20,1,0.9523809523809523,0.0,0.0,1.0,0.9523809523809523,0.04761904761904767,1
"F[0,1]((Hgb >= 0.465 -> Resp >= 6.520) -> Lactate >= 15.298)
",-9999999.000,-9999999.000,0.000,0.000,1.000,20,0,0,1,21,0,20,1,0.9523809523809523,0.0,0.0,1.0,0.9523809523809523,0.04761904761904767,-1
"G[1,1](Glucose <= 88.315 -> WBC <= 13.119)
",-3107314426108253.500,-88.315,0.000,1.000,0.000,20,0,0,1,21,0,20,1,0.9523809523809523,0.0,0.0,1.0,0.9523809523809523,0.04761904761904767,1
"G[1,1]((O2Sat >= 61.458 & TroponinI <= 0.000) -> Hgb <= 0.000)
",0.000,0.000,0.000,1.000,0.000,20,0,0,1,21,0,20,1,0.9523809523809523,0.0,0.0,1.0,0.9523809523809523,0.04761904761904767,1
"G[0,1](((Hct >= 0.544 & Platelets >= 25.400) & Magnesium <= 225.307) -> DBP >= 16.763)
",9999999.000,9999999.000,0.000,1.000,0.000,20,0,0,1,21,0,20,1,0.9523809523809523,0.0,0.0,1.0,0.9523809523809523,0.04761904761904767,1
"G[0,1](((FiO2 <= 0.593 | Glucose >= 12.306) | Platelets >= 7.767) & PaCO2 <= 128.842)
",9999999.000,9999999.000,0.000,1.000,0.000,20,0,0,1,21,0,20,1,0.9523809523809523,0.0,0.0,1.0,0.9523809523809523,0.04761904761904767,1
"F[1,1](((AST <= 0.000 & Creatinine >= 3.229289367297811e-05) -> HCO3 >= 0.027) -> Magnesium >= 0.008)
",0.000,0.000,0.000,0.000,1.000,19,0,0,2,21,0,19,2,0.9047619047619048,0.0,0.0,1.0,0.9047619047619048,0.09523809523809523,-1
"G[0,1](Resp <= 32.834 & SepsisLabel = 0.000)
",9999999.000,9999999.000,0.000,1.000,0.000,19,0,0,2,21,0,19,2,0.9047619047619048,0.0,0.0,1.0,0.9047619047619048,0.09523809523809523,1
"G[1,1](((Hgb >= 0.076 -> pH <= 5.881) & PTT >= 0.016) -> HCO3 <= 5.065)
",-2851407356309645.500,-5.065,0.000,1.000,0.000,19,0,0,2,21,0,19,2,0.9047619047619048,0.0,0.0,1.0,0.9047619047619048,0.09523809523809523,1
"G[0,1](Calcium >= 0.060 -> Creatinine <= 0.463)
",9999999.000,9999999.000,0.000,1.000,0.000,19,0,0,2,21,0,19,2,0.9047619047619048,0.0,0.0,1.0,0.9047619047619048,0.09523809523809523,1
"G[1,1](BaseExcess >= -0.966 & Hgb <= 10.561)
",0.966,0.966,0.000,1.000,0.000,19,0,0,2,21,0,19,2,0.9047619047619048,0.0,0.0,1.0,0.9047619047619048,0.09523809523809523,1
"G[0,1](Potassium <= 4.872 & Calcium <= 4.275)
",9999999.000,9999999.000,0.000,1.000,0.000,19,0,0,2,21,0,19,2,0.9047619047619048,0.0,0.0,1.0,0.9047619047619048,0.09523809523809523,1
"G[0,1]((HCO3 >= 0.426 & Magnesium <= 1.868) | Calcium <= 1.911)
",9999999.000,9999999.000,0.000,1.000,0.000,19,0,0,2,21,0,19,2,0.9047619047619048,0.0,0.0,1.0,0.9047619047619048,0.09523809523809523,1
"G[0,1](AST <= 0.000 & Calcium <= 6.331)
",9999999.000,9999999.000,0.000,1.000,0.000,19,0,0,2,21,0,19,2,0.9047619047619048,0.0,0.0,1.0,0.9047619047619048,0.09523809523809523,1
"G[0,0]((SBP >= 21.065 -> Temp >= 0.176) -> O2Sat >= 5.765)
",-2.319,-75.991,0.000,1.000,0.000,19,0,0,2,21,0,19,2,0.9047619047619048,0.0,0.0,1.0,0.9047619047619048,0.09523809523809523,1
"G[0,1](WBC < 17.375 & SepsisLabel = 0.000)
",9999999.000,9999999.000,0.000,1.000,0.000,19,0,0,2,21,0,19,2,0.9047619047619048,0.0,0.0,1.0,0.9047619047619048,0.09523809523809523,1
"((BUN <= 10.547) U[0,1] (HCO3 >= 0.916))
",-9999999.000,-9999999.000,0.000,0.000,1.000,19,0,0,2,21,0,19,2,0.9047619047619048,0.0,0.0,1.0,0.9047619047619048,0.09523809523809523,-1
"((Lactate >= 0.000) U[0,0] (O2Sat <= 90.093))
",0.599,34.226,0.000,0.000,1.000,19,0,0,2,21,0,19,2,0.9047619047619048,0.0,0.0,1.0,0.9047619047619048,0.09523809523809523,-1
"F[0,1](((O2Sat >= 27.339 -> Phosphate >= 0.030) | Temp >= 0.180) & Calcium >= 0.094)
",-9999999.000,-9999999.000,0.000,0.000,1.000,19,0,0,2,21,0,19,2,0.9047619047619048,0.0,0.0,1.0,0.9047619047619048,0.09523809523809523,-1
"((Hgb <= 9.794) U[0,1] (Platelets >= 26.044))
",-9999999.000,-9999999.000,0.000,0.000,1.000,19,0,0,2,21,0,19,2,0.9047619047619048,0.0,0.0,1.0,0.9047619047619048,0.09523809523809523,-1
"F[1,1]((BaseExcess >= -0.467 | pH >= 0.265) -> Calcium >= 0.065)
",-0.467,-0.467,0.000,0.000,1.000,19,0,0,2,21,0,19,2,0.9047619047619048,0.0,0.0,1.0,0.9047619047619048,0.09523809523809523,-1
"F[1,1](((BaseExcess >= -0.210 -> Glucose <= 121.517) -> Potassium <= 45.341) & WBC >= 0.278)
",-45.341,-45.341,0.000,0.000,1.000,19,0,0,2,21,0,19,2,0.9047619047619048,0.0,0.0,1.0,0.9047619047619048,0.09523809523809523,-1
"F[0,1]((AST <= 0.000 -> Phosphate >= 0.006) | Bilirubin_total >= 0.161)
",-9999999.000,-9999999.000,0.000,0.000,1.000,19,0,0,2,21,0,19,2,0.9047619047619048,0.0,0.0,1.0,0.9047619047619048,0.09523809523809523,-1
"F[0,1]((HCO3 <= 7.810 | O2Sat >= 61.533) -> Chloride >= 2.801)
",-9999999.000,-9999999.000,0.000,0.000,1.000,19,0,0,2,21,0,19,2,0.9047619047619048,0.0,0.0,1.0,0.9047619047619048,0.09523809523809523,-1
"F[0,0](Resp <= 32.731 -> Potassium >= 0.134)
",-0.567,-7.891,0.000,0.000,1.000,19,0,0,2,21,0,19,2,0.9047619047619048,0.0,0.0,1.0,0.9047619047619048,0.09523809523809523,-1
"((MAP <= 88.237) U[0,1] (Potassium >= 0.009))
",-9999999.000,-9999999.000,0.000,0.000,1.000,18,0,0,3,21,0,18,3,0.8571428571428571,0.0,0.0,1.0,0.8571428571428571,0.1428571428571429,-1
"((WBC >= 0.984) U[1,2] (Glucose <= 76.582))
",-9999999.000,-9999999.000,0.000,0.000,1.000,18,0,0,3,21,0,18,3,0.8571428571428571,0.0,0.0,1.0,0.8571428571428571,0.1428571428571429,-1
"F[0,1]((BUN >= 0.345 -> FiO2 >= 0.064) -> pH >= 0.058)
",-9999999.000,-9999999.000,0.000,0.000,1.000,18,0,0,3,21,0,18,3,0.8571428571428571,0.0,0.0,1.0,0.8571428571428571,0.1428571428571429,-1
"G[0,0](O2Sat >= 19.939 & Resp >= 10.832)
",1.082,37.309,0.000,1.000,0.000,18,0,0,3,21,0,18,3,0.8571428571428571,0.0,0.0,1.0,0.8571428571428571,0.1428571428571429,1
"F[0,1]((FiO2 <= 0.395 & Temp >= 8.941) | Phosphate >= 5.397)
",-9999999.000,-9999999.000,0.000,0.000,1.000,15,0,0,6,21,0,15,6,0.7142857142857143,0.0,0.0,1.0,0.7142857142857143,0.2857142857142857,-1
"F[1,1]((Hct >= 0.797 -> EtCO2 >= 0.000) & MAP <= 0.000)
",0.000,0.000,0.000,0.000,1.000,15,0,0,6,21,0,15,6,0.7142857142857143,0.0,0.0,1.0,0.7142857142857143,0.2857142857142857,-1
"F[0,0](Temp > 7.768 & SepsisLabel = 0.000)
",-0.229,-30.454,0.000,0.000,1.000,15,0,0,6,21,0,15,6,0.7142857142857143,0.0,0.0,1.0,0.7142857142857143,0.2857142857142857,-1
"((Glucose <= 191.385) U[0,0] (SBP <= 90.506))
",191.385,191.385,0.000,0.000,1.000,15,0,0,6,21,0,15,6,0.7142857142857143,0.0,0.0,1.0,0.7142857142857143,0.2857142857142857,-1
"F[1,1]((FiO2 <= 0.370 | Resp >= 11.711) -> Temp >= 9.404)
",-0.370,-0.370,0.000,0.000,1.000,15,0,0,6,21,0,15,6,0.7142857142857143,0.0,0.0,1.0,0.7142857142857143,0.2857142857142857,-1
"G[0,0](((Glucose <= 139.544 | HCO3 <= 12.549) | PTT <= 22.993) -> DBP >= 0.115)
",-2454877305052813.000,-139.544,0.000,1.000,0.000,15,0,0,6,21,0,15,6,0.7142857142857143,0.0,0.0,1.0,0.7142857142857143,0.2857142857142857,1
"G[1,1](((HR >= 62.461 -> Resp >= 5.972) & Potassium >= 0.266) | Resp >= 5.087)
",-4790259144652421.000,-0.266,0.000,1.000,0.000,15,0,0,6,21,0,15,6,0.7142857142857143,0.0,0.0,1.0,0.7142857142857143,0.2857142857142857,1
"G[1,1](((Alkalinephos <= 0.000 & MAP >= 23.986) | FiO2 >= 49.194) & EtCO2 <= 96.618)
",-3375682284529578.000,-23.986,0.000,1.000,0.000,15,0,0,6,21,0,15,6,0.7142857142857143,0.0,0.0,1.0,0.7142857142857143,0.2857142857142857,1
"F[1,1]((HR >= 69.049 | PTT >= 0.649) -> Phosphate >= 0.453)
",8166557714600093.000,0.453,0.000,0.000,1.000,14,0,0,7,21,0,14,7,0.6666666666666666,0.0,0.0,1.0,0.6666666666666666,0.33333333333333337,-1
"F[1,1]((Chloride <= 92.469 & Temp <= 18.573) -> TroponinI >= 8.462)
",-2613944181201565.500,-18.573,0.000,0.000,1.000,14,0,0,7,21,0,14,7,0.6666666666666666,0.0,0.0,1.0,0.6666666666666666,0.33333333333333337,-1
"G[1,1]((Calcium <= 3.685 & HR >= 35.836) & TroponinI <= 100.206)
",-2521747479909202.500,-35.836,0.000,1.000,0.000,14,0,0,7,21,0,14,7,0.6666666666666666,0.0,0.0,1.0,0.6666666666666666,0.33333333333333337,1
"G[0,1](DBP <= 57.560 -> SBP >= 29.410)
",9999999.000,9999999.000,0.000,1.000,0.000,13,0,0,8,21,0,13,8,0.6190476190476191,0.0,0.0,1.0,0.6190476190476191,0.38095238095238093,1
"F[0,1]((BaseExcess >= -0.836 & Magnesium >= 0.126) | Resp <= 0.284)
",-9999999.000,-9999999.000,0.000,0.000,1.000,12,0,0,9,21,0,12,9,0.5714285714285714,0.0,0.0,1.0,0.5714285714285714,0.4285714285714286,-1
"G[0,1]((HCO3 >= 0.836 -> Platelets >= 9.899) & HR >= 18.104)
",9999999.000,9999999.000,0.000,1.000,0.000,12,0,0,9,21,0,12,9,0.5714285714285714,0.0,0.0,1.0,0.5714285714285714,0.4285714285714286,1
"G[1,1]((BaseExcess >= -0.839 & FiO2 <= 0.293) -> DBP <= 0.299)
",-5384675222696658.000,-0.299,0.000,1.000,0.000,11,0,0,10,21,0,11,10,0.5238095238095238,0.0,0.0,1.0,0.5238095238095238,0.47619047619047616,1
"((Hct >= 1.270) U[0,1] (SBP <= 81.938))
",-9999999.000,-9999999.000,0.000,0.000,1.000,11,0,0,10,21,0,11,10,0.5238095238095238,0.0,0.0,1.0,0.5238095238095238,0.47619047619047616,-1
"G[0,1](((Hgb >= 0.061 -> TroponinI <= 0.000) -> BaseExcess <= 0.000) -> Temp <= 0.000)
",9999999.000,9999999.000,0.000,1.000,0.000,11,0,0,10,21,0,11,10,0.5238095238095238,0.0,0.0,1.0,0.5238095238095238,0.47619047619047616,1
"F[0,1]((Creatinine <= 0.792 -> DBP <= 51.726) & Phosphate <= 67.923)
",-9999999.000,-9999999.000,0.000,0.000,1.000,10,0,0,11,21,0,10,11,0.47619047619047616,0.0,0.0,1.0,0.47619047619047616,0.5238095238095238,-1
"F[1,1]((Phosphate <= 1.907 -> Resp <= 18.975) & SaO2 <= 33.172)
",-2670444136611299.000,-18.975,0.000,0.000,1.000,10,0,0,11,21,0,10,11,0.47619047619047616,0.0,0.0,1.0,0.47619047619047616,0.5238095238095238,-1
"F[1,1](Platelets <= 58.699 & Resp >= 14.799)
",-8330871715112958.000,-14.799,0.000,0.000,1.000,8,0,0,13,21,0,8,13,0.38095238095238093,0.0,0.0,1.0,0.38095238095238093,0.6190476190476191,-1
"((MAP >= 10.908) U[0,1] (SBP <= 91.139))
",-9999999.000,-9999999.000,0.000,0.000,1.000,7,0,0,14,21,0,7,14,0.3333333333333333,0.0,0.0,1.0,0.3333333333333333,0.6666666666666667,-1
"((MAP >= 48.111) U[0,1] (SBP <= 96.896))
",-9999999.000,-9999999.000,0.000,0.000,1.000,6,0,0,15,21,0,6,15,0.2857142857142857,0.0,0.0,1.0,0.2857142857142857,0.7142857142857143,-1
"G[1,1]((SepsisLabel <= 0.000 -> Bilirubin_total <= 0.000) & SBP <= 0.000)
",0.000,0.000,0.000,1.000,0.000,6,0,0,15,21,0,6,15,0.2857142857142857,0.0,0.0,1.0,0.2857142857142857,0.7142857142857143,1
"F[1,1](HR > 14.656 & SepsisLabel = 0.000)
",-8250611176903531.000,-14.656,0.000,0.000,1.000,6,0,0,15,21,0,6,15,0.2857142857142857,0.0,0.0,1.0,0.2857142857142857,0.7142857142857143,-1
"F[0,0](EtCO2 >= 0.000 -> Temp <= 29.262)
",-3.091,-24.120,0.000,0.000,1.000,6,0,0,15,21,0,6,15,0.2857142857142857,0.0,0.0,1.0,0.2857142857142857,0.7142857142857143,-1
"F[0,1]((SBP <= 96.973 & Fibrinogen <= 0.000) & BaseExcess >= 0.000)
",-9999999.000,-9999999.000,0.000,0.000,1.000,6,0,0,15,21,0,6,15,0.2857142857142857,0.0,0.0,1.0,0.2857142857142857,0.7142857142857143,-1
"F[0,1](((DBP >= 40.363 & Hgb <= 11.888) & SaO2 <= 10.965) & EtCO2 <= 10.694)
",-9999999.000,-9999999.000,0.000,0.000,1.000,6,0,0,15,21,0,6,15,0.2857142857142857,0.0,0.0,1.0,0.2857142857142857,0.7142857142857143,-1
"((Creatinine <= 0.369) U[0,0] (HR <= 98.692))
",-0.206,-4.441,0.000,0.000,1.000,5,0,0,16,21,0,5,16,0.23809523809523808,0.0,0.0,1.0,0.23809523809523808,0.7619047619047619,-1
"F[0,1](((Bilirubin_total <= 0.000 | Resp >= 7.967) -> PaCO2 >= 0.556) | DBP >= 14.942)
",-9999999.000,-9999999.000,0.000,0.000,1.000,5,0,0,16,21,0,5,16,0.23809523809523808,0.0,0.0,1.0,0.23809523809523808,0.7619047619047619,-1
"((MAP >= 50.563) U[0,0] (SBP <= 114.942))
",5.873,102.593,0.000,0.000,1.000,4,0,0,17,21,0,4,17,0.19047619047619047,0.0,0.0,1.0,0.19047619047619047,0.8095238095238095,-1
"F[1,1]((DBP >= 14.576 | HR <= 104.067) -> SBP <= 106.744)
",-7511447842327503.000,-106.744,0.000,0.000,1.000,4,0,0,17,21,0,4,17,0.19047619047619047,0.0,0.0,1.0,0.19047619047619047,0.8095238095238095,-1
"G[0,0](((PaCO2 <= 38.429 | PTT <= 13.921) & SBP <= 23.043) | pH >= 0.088)
",1.419,15.380,0.000,1.000,0.000,3,0,0,18,21,0,3,18,0.14285714285714285,0.0,0.0,1.0,0.14285714285714285,0.8571428571428572,1
"((Hgb >= 0.535) U[1,2] (Hct >= 0.245))
",-9999999.000,-9999999.000,0.000,0.000,1.000,3,0,0,18,21,0,3,18,0.14285714285714285,0.0,0.0,1.0,0.14285714285714285,0.8571428571428572,-1
"((BaseExcess <= 1.782) U[0,1] (MAP <= 79.485))
",-9999999.000,-9999999.000,0.000,0.000,1.000,3,0,0,18,21,0,3,18,0.14285714285714285,0.0,0.0,1.0,0.14285714285714285,0.8571428571428572,-1
"F[0,0](HR <= 81.130 -> O2Sat <= 79.810)
",0.040,1.381,0.000,0.000,1.000,3,0,0,18,21,0,3,18,0.14285714285714285,0.0,0.0,1.0,0.14285714285714285,0.8571428571428572,-1
"G[0,0](((Glucose >= 8.473 -> Temp <= 32.273) & HR <= 37.522) & pH <= 10.023)
",-7670718871374031.000,-6976.478,0.000,1.000,0.000,3,0,0,18,21,0,3,18,0.14285714285714285,0.0,0.0,1.0,0.14285714285714285,0.8571428571428572,1
"F[1,1](((Calcium < 3.731 & Potassium < 1.831) & Magnesium < 1.692) & Phosphate < 0.497)
",0.497,0.497,0.000,0.000,1.000,2,0,0,19,21,0,2,19,0.09523809523809523,0.0,0.0,1.0,0.09523809523809523,0.9047619047619048,-1
"F[0,0](((DBP >= 16.136 | Resp >= 15.263) -> Hct >= 7.128) -> Temp >= 4.675)
",-3.355,-84.425,0.000,0.000,1.000,2,0,0,19,21,0,2,19,0.09523809523809523,0.0,0.0,1.0,0.09523809523809523,0.9047619047619048,-1
"F[1,1]((HCO3 <= 8.292 -> HCO3 <= 10.698) -> PTT <= 15.193)
",-8552712151597821.000,-15.193,0.000,0.000,1.000,2,0,0,19,21,0,2,19,0.09523809523809523,0.0,0.0,1.0,0.09523809523809523,0.9047619047619048,-1
"F[1,1](BaseExcess >= -0.402 -> Chloride <= 84.726)
",-5962079120138965.000,-84.726,0.000,0.000,1.000,2,0,0,19,21,0,2,19,0.09523809523809523,0.0,0.0,1.0,0.09523809523809523,0.9047619047619048,-1
"F[1,1](((Calcium < 1.816 & Potassium < 1.929) & Magnesium < 0.892) & Phosphate < 1.968)
",8038651901487934.000,0.892,0.000,0.000,1.000,2,0,0,19,21,0,2,19,0.09523809523809523,0.0,0.0,1.0,0.09523809523809523,0.9047619047619048,-1
"F[1,1]((Temp >= 9.010 -> BaseExcess >= -0.380) -> HCO3 <= 0.142)
",-2563876648275698.500,-0.142,0.000,0.000,1.000,2,0,0,19,21,0,2,19,0.09523809523809523,0.0,0.0,1.0,0.09523809523809523,0.9047619047619048,-1
"((Creatinine >= 0.030) U[0,1] (Resp >= 14.743))
",-9999999.000,-9999999.000,0.000,0.000,1.000,2,0,0,19,21,0,2,19,0.09523809523809523,0.0,0.0,1.0,0.09523809523809523,0.9047619047619048,-1
"F[1,1](((Calcium < 2.996 & Potassium < 0.712) & Magnesium < 0.254) & Phosphate < 1.203)
",2283425785030739.000,0.254,0.000,0.000,1.000,2,0,0,19,21,0,2,19,0.09523809523809523,0.0,0.0,1.0,0.09523809523809523,0.9047619047619048,-1
"((FiO2 >= 0.001) U[1,2] (Magnesium >= 0.030))
",-9999999.000,-9999999.000,0.000,0.000,1.000,2,0,0,19,21,0,2,19,0.09523809523809523,0.0,0.0,1.0,0.09523809523809523,0.9047619047619048,-1
"((O2Sat <= 98.954) U[0,0] (SBP >= 45.549))
",0.524,17.849,0.000,0.000,1.000,2,0,0,19,21,0,2,19,0.09523809523809523,0.0,0.0,1.0,0.09523809523809523,0.9047619047619048,-1
"F[1,1]((Phosphate >= 0.055 & Magnesium > 0.064) -> Calcium < 7.458)
",-7.458,-7.458,0.000,0.000,1.000,2,0,0,19,21,0,2,19,0.09523809523809523,0.0,0.0,1.0,0.09523809523809523,0.9047619047619048,-1
"F[1,1]((Calcium <= 8.764 & Hct <= 22.500) | HR >= 1.008)
",4933760752431499.000,8.764,0.000,0.000,1.000,2,0,0,19,21,0,2,19,0.09523809523809523,0.0,0.0,1.0,0.09523809523809523,0.9047619047619048,-1
"((MAP >= 35.880) U[1,2] (SBP <= 120.689))
",-9999999.000,-9999999.000,0.000,0.000,1.000,2,0,0,19,21,0,2,19,0.09523809523809523,0.0,0.0,1.0,0.09523809523809523,0.9047619047619048,-1
"((Chloride >= 2.355) U[0,0] (SBP >= 73.987))
",-1.019,-1.931,0.000,0.000,1.000,2,0,0,19,21,0,2,19,0.09523809523809523,0.0,0.0,1.0,0.09523809523809523,0.9047619047619048,-1
"F[0,1]((O2Sat >= 22.483 & Temp <= 11.513) & pH <= 36.315)
",-9999999.000,-9999999.000,0.000,0.000,1.000,2,0,0,19,21,0,2,19,0.09523809523809523,0.0,0.0,1.0,0.09523809523809523,0.9047619047619048,-1
"F[1,1]((Phosphate >= 0.114 & Magnesium > 0.029) -> Calcium < 4.434)
",-4.434,-4.434,0.000,0.000,1.000,2,0,0,19,21,0,2,19,0.09523809523809523,0.0,0.0,1.0,0.09523809523809523,0.9047619047619048,-1
"F[1,1](Creatinine <= 0.380 | PTT <= 24.058)
",6771799848097124.000,24.058,0.000,0.000,1.000,2,0,0,19,21,0,2,19,0.09523809523809523,0.0,0.0,1.0,0.09523809523809523,0.9047619047619048,-1
"G[1,1](Platelets <= 477.394 -> WBC >= 0.214)
",-8398406948505187.000,-477.394,0.000,1.000,0.000,2,0,0,19,21,0,2,19,0.09523809523809523,0.0,0.0,1.0,0.09523809523809523,0.9047619047619048,1
"G[1,1]((HR >= 50.368 -> Temp <= 36.258) & HCO3 >= 1.715)
",-5102831913136766.000,-36.258,0.000,1.000,0.000,2,0,0,19,21,0,2,19,0.09523809523809523,0.0,0.0,1.0,0.09523809523809523,0.9047619047619048,1
"G[1,1](Platelets <= 187.114 -> WBC >= 0.922)
",-6583491860577505.000,-187.114,0.000,1.000,0.000,2,0,0,19,21,0,2,19,0.09523809523809523,0.0,0.0,1.0,0.09523809523809523,0.9047619047619048,1
"G[0,0]((MAP >= 3.155 -> Temp >= 4.129) & DBP <= 16.542)
",-2.891,-93.112,0.000,1.000,0.000,2,0,0,19,21,0,2,19,0.09523809523809523,0.0,0.0,1.0,0.09523809523809523,0.9047619047619048,1
"G[0,1]((EtCO2 >= 0.000 -> HR <= 81.735) & Alkalinephos <= 85.963)
",9999999.000,9999999.000,0.000,1.000,0.000,2,0,0,19,21,0,2,19,0.09523809523809523,0.0,0.0,1.0,0.09523809523809523,0.9047619047619048,1
"G[1,1](((Hgb <= 8.505 | Hct <= 28.604) -> WBC >= 0.996) & Platelets >= 27.996)
",-8051366806180687.000,-28.604,0.000,1.000,0.000,2,0,0,19,21,0,2,19,0.09523809523809523,0.0,0.0,1.0,0.09523809523809523,0.9047619047619048,1
"G[1,1](Chloride >= 2.566 & HCO3 >= 1.028)
",-2888641891633162.500,-2.566,0.000,1.000,0.000,2,0,0,19,21,0,2,19,0.09523809523809523,0.0,0.0,1.0,0.09523809523809523,0.9047619047619048,1
"G[1,1](Calcium >= 0.006 & Bilirubin_total >= 0.000)
",-0.006,-0.006,0.000,1.000,0.000,2,0,0,19,21,0,2,19,0.09523809523809523,0.0,0.0,1.0,0.09523809523809523,0.9047619047619048,1
"G[0,1](Temp > 2.115 & SepsisLabel = 0.000)
",9999999.000,9999999.000,0.000,1.000,0.000,1,0,0,20,21,0,1,20,0.047619047619047616,0.0,0.0,1.0,0.047619047619047616,0.9523809523809523,1
"G[1,1](Creatinine <= 0.067 & pH >= 0.335)
",-0.335,-0.335,0.000,1.000,0.000,1,0,0,20,21,0,1,20,0.047619047619047616,0.0,0.0,1.0,0.047619047619047616,0.9523809523809523,1
"G[0,0]((PaCO2 >= 1.818 -> WBC >= 0.871) -> BaseExcess >= 0.908)
",-2.075,-0.786,0.000,1.000,0.000,1,0,0,20,21,0,1,20,0.047619047619047616,0.0,0.0,1.0,0.047619047619047616,0.9523809523809523,1
"F[0,0](PaCO2 < 26.365 & SepsisLabel = 0.000)
",-0.224,-29.714,0.000,0.000,1.000,1,0,0,20,21,0,1,20,0.047619047619047616,0.0,0.0,1.0,0.047619047619047616,0.9523809523809523,-1
"F[0,0](((Calcium < 4.949 & Potassium < 3.006) & Magnesium < 1.064) & Phosphate < 2.854)
",1.970,0.947,0.000,0.000,1.000,1,0,0,20,21,0,1,20,0.047619047619047616,0.0,0.0,1.0,0.047619047619047616,0.9523809523809523,-1
"((MAP >= 23.291) U[0,1] (SBP <= 108.517))
",-9999999.000,-9999999.000,0.000,0.000,1.000,1,0,0,20,21,0,1,20,0.047619047619047616,0.0,0.0,1.0,0.047619047619047616,0.9523809523809523,-1
"((Chloride <= 7.153) U[0,0] (Resp <= 32.003))
",1.151,12.646,0.000,0.000,1.000,1,0,0,20,21,0,1,20,0.047619047619047616,0.0,0.0,1.0,0.047619047619047616,0.9523809523809523,-1
"F[1,1]((Glucose >= 5.949 -> Potassium >= 0.026) | Phosphate >= 0.161)
",0.026,0.026,0.000,0.000,1.000,1,0,0,20,21,0,1,20,0.047619047619047616,0.0,0.0,1.0,0.047619047619047616,0.9523809523809523,-1
"F[0,0](((Calcium < 2.394 & Potassium < 3.751) & Magnesium < 0.702) & Phosphate < 2.063)
",2.248,0.617,0.000,0.000,1.000,1,0,0,20,21,0,1,20,0.047619047619047616,0.0,0.0,1.0,0.047619047619047616,0.9523809523809523,-1
"F[0,1]((Calcium <= 6.259 & Temp <= 15.325) & pH <= 24.079)
",-9999999.000,-9999999.000,0.000,0.000,1.000,1,0,0,20,21,0,1,20,0.047619047619047616,0.0,0.0,1.0,0.047619047619047616,0.9523809523809523,-1
"F[1,1]((Chloride >= 4.688 -> O2Sat >= 19.968) & PTT <= 97.425)
",5278341897038786.000,4.688,0.000,0.000,1.000,1,0,0,20,21,0,1,20,0.047619047619047616,0.0,0.0,1.0,0.047619047619047616,0.9523809523809523,-1
"((Glucose <= 141.756) U[0,0] (pH <= 6.909))
",4987605195411858.000,141.756,0.000,0.000,1.000,1,0,0,20,21,0,1,20,0.047619047619047616,0.0,0.0,1.0,0.047619047619047616,0.9523809523809523,-1
"F[0,1]((HR <= 82.267 | WBC >= 0.932) -> PaCO2 >= 0.805)
",-9999999.000,-9999999.000,0.000,0.000,1.000,1,0,0,20,21,0,1,20,0.047619047619047616,0.0,0.0,1.0,0.047619047619047616,0.9523809523809523,-1
"F[0,1]((Hct >= 2.282 | Lactate >= 0.000) & Chloride >= 0.000)
",-9999999.000,-9999999.000,0.000,0.000,1.000,0,0,0,21,21,0,0,21,0.0,0.0,0.0,0.0,0.0,1.0,-1
"F[1,1](((SepsisLabel <= 0.000 & Resp >= 2.477) & Resp <= 23.493) -> Resp >= 5.826)
",2788972957710034.500,2.477,0.000,0.000,1.000,0,0,0,21,21,0,0,21,0.0,0.0,0.0,0.0,0.0,1.0,-1
"F[0,2]((TroponinI <= 0.000 | Chloride >= 1.307) -> Hct <= 35.638)
",-9999999.000,-9999999.000,0.000,0.000,1.000,0,0,0,21,21,0,0,21,0.0,0.0,0.0,0.0,0.0,1.0,-1
"F[1,2]((pH >= 0.016 | Alkalinephos >= 0.000) & O2Sat >= 0.000)
",-9999999.000,-9999999.000,0.000,0.000,1.000,0,0,0,21,21,0,0,21,0.0,0.0,0.0,0.0,0.0,1.0,-1
"F[1,1](((SBP <= 100.673 -> Resp <= 19.514) & Magnesium >= 9.514) -> Hct <= 35.015)
",-4927891272558843.000,-35.015,0.000,0.000,1.000,0,0,0,21,21,0,0,21,0.0,0.0,0.0,0.0,0.0,1.0,-1
"((DBP <= 83.848) U[0,2] (Potassium <= 2.964))
",-9999999.000,-9999999.000,0.000,0.000,1.000,0,0,0,21,21,0,0,21,0.0,0.0,0.0,0.0,0.0,1.0,-1
"F[2,2]((SBP >= 61.159 -> Chloride <= 21.898) -> Platelets <= 40.996)
",-40.996,-40.996,0.000,0.000,1.000,0,0,0,21,21,0,0,21,0.0,0.0,0.0,0.0,0.0,1.0,-1
"F[1,2]((Potassium >= 0.274 -> Bilirubin_direct <= 0.000) & SBP <= 0.000)
",-9999999.000,-9999999.000,0.000,0.000,1.000,0,0,0,21,21,0,0,21,0.0,0.0,0.0,0.0,0.0,1.0,-1
"((SaO2 >= 0.000) U[0,2] (Hct >= 1.361))
",-9999999.000,-9999999.000,0.000,0.000,1.000,0,0,0,21,21,0,0,21,0.0,0.0,0.0,0.0,0.0,1.0,-1
"F[0,1]((Resp >= 14.170 | pH <= 1.165) | AST >= 0.248)
",-9999999.000,-9999999.000,0.000,0.000,1.000,0,0,0,21,21,0,0,21,0.0,0.0,0.0,0.0,0.0,1.0,-1
"F[1,2](((FiO2 <= 0.462 | Phosphate >= 0.099) & Lactate <= 2.367) | O2Sat >= 0.031)
",-9999999.000,-9999999.000,0.000,0.000,1.000,0,0,0,21,21,0,0,21,0.0,0.0,0.0,0.0,0.0,1.0,-1
"F[1,1](WBC <= 10.077 | BaseExcess >= -0.692)
",5672772189763266.000,10.077,0.000,0.000,1.000,0,0,0,21,21,0,0,21,0.0,0.0,0.0,0.0,0.0,1.0,-1
"((Lactate <= 0.000) U[2,2] (EtCO2 <= 0.000))
",0.000,0.000,0.000,0.000,1.000,0,0,0,21,21,0,0,21,0.0,0.0,0.0,0.0,0.0,1.0,-1
"F[0,1](((EtCO2 >= 0.000 | Glucose >= 2.840) | Alkalinephos <= 195.918) | Lactate >= 17.320)
",-9999999.000,-9999999.000,0.000,0.000,1.000,0,0,0,21,21,0,0,21,0.0,0.0,0.0,0.0,0.0,1.0,-1
"F[0,0]((Creatinine <= 0.327 -> Phosphate <= 1.952) | Platelets >= 0.013)
",-7292426898448387.000,-0.013,0.000,0.000,1.000,0,0,0,21,21,0,0,21,0.0,0.0,0.0,0.0,0.0,1.0,-1
"F[1,2](((Resp <= 37.932 & BUN >= 0.399) -> EtCO2 <= 7.039) -> PaCO2 >= 0.369)
",-9999999.000,-9999999.000,0.000,0.000,1.000,0,0,0,21,21,0,0,21,0.0,0.0,0.0,0.0,0.0,1.0,-1
"F[0,2](PTT >= 0.637 | Phosphate >= 0.002)
",-9999999.000,-9999999.000,0.000,0.000,1.000,0,0,0,21,21,0,0,21,0.0,0.0,0.0,0.0,0.0,1.0,-1
"((Resp >= 11.943) U[0,2] (BaseExcess >= -0.501))
",-9999999.000,-9999999.000,0.000,0.000,1.000,0,0,0,21,21,0,0,21,0.0,0.0,0.0,0.0,0.0,1.0,-1
"F[0,2]((Magnesium >= 0.101 & SBP <= 106.547) -> TroponinI >= 8.094)
",-9999999.000,-9999999.000,0.000,0.000,1.000,0,0,0,21,21,0,0,21,0.0,0.0,0.0,0.0,0.0,1.0,-1
"((Glucose >= 3.038) U[2,2] (HR >= 64.366))
",-6841874954109647.000,-3.038,0.000,0.000,1.000,0,0,0,21,21,0,0,21,0.0,0.0,0.0,0.0,0.0,1.0,-1
"F[2,2](((Platelets >= 22.547 | Chloride >= 2.556) | Platelets <= 81.354) | Hgb <= 21.873)
",5724778891284763.000,81.354,0.000,0.000,1.000,0,0,0,21,21,0,0,21,0.0,0.0,0.0,0.0,0.0,1.0,-1
"((PTT <= 18.826) U[0,1] (HR >= 64.328))
",-9999999.000,-9999999.000,0.000,0.000,1.000,0,0,0,21,21,0,0,21,0.0,0.0,0.0,0.0,0.0,1.0,-1
"F[0,2]((FiO2 >= 0.063 -> EtCO2 <= 0.000) & HR >= 0.000)
",-9999999.000,-9999999.000,0.000,0.000,1.000,0,0,0,21,21,0,0,21,0.0,0.0,0.0,0.0,0.0,1.0,-1
"F[1,2](FiO2 <= 0.220 -> SaO2 <= 0.000)
",-9999999.000,-9999999.000,0.000,0.000,1.000,0,0,0,21,21,0,0,21,0.0,0.0,0.0,0.0,0.0,1.0,-1
"F[0,0](EtCO2 >= 0.000 & Resp <= 36.112)
",-0.954,-22.177,0.000,0.000,1.000,0,0,0,21,21,0,0,21,0.0,0.0,0.0,0.0,0.0,1.0,-1
"((Chloride >= 0.776) U[0,1] (Resp <= 33.991))
",-9999999.000,-9999999.000,0.000,0.000,1.000,0,0,0,21,21,0,0,21,0.0,0.0,0.0,0.0,0.0,1.0,-1
"F[0,1]((Chloride >= 0.960 | Calcium >= 0.077) | BUN <= 4.297)
",-9999999.000,-9999999.000,0.000,0.000,1.000,0,0,0,21,21,0,0,21,0.0,0.0,0.0,0.0,0.0,1.0,-1
"F[0,2]((Bilirubin_direct >= 0.000 & DBP <= 45.380) | BaseExcess <= 85.260)
",-9999999.000,-9999999.000,0.000,0.000,1.000,0,0,0,21,21,0,0,21,0.0,0.0,0.0,0.0,0.0,1.0,-1
"F[1,2](((Lactate <= 0.000 | Resp >= 12.597) -> DBP <= 34.709) & Alkalinephos >= 8.689)
",-9999999.000,-9999999.000,0.000,0.000,1.000,0,0,0,21,21,0,0,21,0.0,0.0,0.0,0.0,0.0,1.0,-1
"F[1,2](Fibrinogen >= 0.000 -> BUN >= 0.039)
",-9999999.000,-9999999.000,0.000,0.000,1.000,0,0,0,21,21,0,0,21,0.0,0.0,0.0,0.0,0.0,1.0,-1
"F[0,0](Lactate <= 0.000 | Hct <= 25.576)
",7199092438357883.000,25.576,0.000,0.000,1.000,0,0,0,21,21,0,0,21,0.0,0.0,0.0,0.0,0.0,1.0,-1
"F[2,2]((Fibrinogen <= 0.000 & Alkalinephos >= 0.000) & SaO2 <= 0.000)
",0.000,0.000,0.000,0.000,1.000,0,0,0,21,21,0,0,21,0.0,0.0,0.0,0.0,0.0,1.0,-1
"F[0,2](Glucose >= 12.761 & FiO2 <= 0.203)
",-9999999.000,-9999999.000,0.000,0.000,1.000,0,0,0,21,21,0,0,21,0.0,0.0,0.0,0.0,0.0,1.0,-1
"F[0,0]((AST <= 0.000 | Magnesium >= 0.088) | Magnesium >= 0.089)
",0.000,0.000,0.000,0.000,1.000,0,0,0,21,21,0,0,21,0.0,0.0,0.0,0.0,0.0,1.0,-1
"F[0,0](((pH >= 0.278 -> Platelets >= 4.705) -> Alkalinephos <= 422.898) | EtCO2 >= 22.631)
",-0.126,-1.298,0.000,0.000,1.000,0,0,0,21,21,0,0,21,0.0,0.0,0.0,0.0,0.0,1.0,-1
"F[1,2]((Glucose >= 14.623 -> Bilirubin_total <= 0.000) -> Creatinine <= 0.000)
",-9999999.000,-9999999.000,0.000,0.000,1.000,0,0,0,21,21,0,0,21,0.0,0.0,0.0,0.0,0.0,1.0,-1
"F[1,2](((BaseExcess <= 1.512 | AST <= 0.000) -> BUN >= 0.000) -> Temp >= 0.000)
",-9999999.000,-9999999.000,0.000,0.000,1.000,0,0,0,21,21,0,0,21,0.0,0.0,0.0,0.0,0.0,1.0,-1
"F[0,2]((O2Sat >= 15.284 -> Creatinine <= 0.656) & Alkalinephos <= 0.051)
",-9999999.000,-9999999.000,0.000,0.000,1.000,0,0,0,21,21,0,0,21,0.0,0.0,0.0,0.0,0.0,1.0,-1
"F[0,0](MAP >= 37.513 | AST <= 0.000)
",2.713,60.798,0.000,0.000,1.000,0,0,0,21,21,0,0,21,0.0,0.0,0.0,0.0,0.0,1.0,-1
"F[0,1]((pH <= 4.885 | HCO3 >= 0.632) & Lactate <= 6.585)
",-9999999.000,-9999999.000,0.000,0.000,1.000,0,0,0,21,21,0,0,21,0.0,0.0,0.0,0.0,0.0,1.0,-1
"F[1,2]((Hgb >= 0.043 | SaO2 <= 0.000) | Hct >= 0.000)
",-9999999.000,-9999999.000,0.000,0.000,1.000,0,0,0,21,21,0,0,21,0.0,0.0,0.0,0.0,0.0,1.0,-1
"((EtCO2 <= 0.000) U[1,2] (Calcium >= 0.308))
",-9999999.000,-9999999.000,0.000,0.000,1.000,0,0,0,21,21,0,0,21,0.0,0.0,0.0,0.0,0.0,1.0,-1
"F[0,2](Bilirubin_total >= 0.000 & Magnesium >= 0.111)
",-9999999.000,-9999999.000,0.000,0.000,1.000,0,0,0,21,21,0,0,21,0.0,0.0,0.0,0.0,0.0,1.0,-1
"F[2,2]((TroponinI <= 0.000 | Platelets <= 109.003) | PTT >= 17.100)
",7670382464278606.000,109.003,0.000,0.000,1.000,0,0,0,21,21,0,0,21,0.0,0.0,0.0,0.0,0.0,1.0,-1
"F[0,1](((Hct <= 26.985 | Platelets >= 20.184) | Hgb <= 570.221) | Bilirubin_direct >= 3.233)
",-9999999.000,-9999999.000,0.000,0.000,1.000,0,0,0,21,21,0,0,21,0.0,0.0,0.0,0.0,0.0,1.0,-1
"F[0,2](SepsisLabel >= 0.000 & SBP <= 114.587)
",-9999999.000,-9999999.000,0.000,0.000,1.000,0,0,0,21,21,0,0,21,0.0,0.0,0.0,0.0,0.0,1.0,-1
"F[0,2](((AST >= 0.000 -> PTT >= 1.077) -> O2Sat <= 13.116) | Chloride <= 11.540)
",-9999999.000,-9999999.000,0.000,0.000,1.000,0,0,0,21,21,0,0,21,0.0,0.0,0.0,0.0,0.0,1.0,-1
"F[0,2](HCO3 <= 17.937 & Glucose <= 41.197)
",-9999999.000,-9999999.000,0.000,0.000,1.000,0,0,0,21,21,0,0,21,0.0,0.0,0.0,0.0,0.0,1.0,-1
"((Fibrinogen <= 0.000) U[2,2] (Hct <= 16.608))
",4674595931723214.000,16.608,0.000,0.000,1.000,0,0,0,21,21,0,0,21,0.0,0.0,0.0,0.0,0.0,1.0,-1
"((Magnesium <= 0.637) U[2,2] (Resp <= 18.027))
",18.027,18.027,0.000,0.000,1.000,0,0,0,21,21,0,0,21,0.0,0.0,0.0,0.0,0.0,1.0,-1
"F[0,1](((Hct <= 15.229 | Bilirubin_direct >= 0.000) & SepsisLabel >= 0.000) | TroponinI >= 0.000)
",-9999999.000,-9999999.000,0.000,0.000,1.000,0,0,0,21,21,0,0,21,0.0,0.0,0.0,0.0,0.0,1.0,-1
"F[1,2]((Chloride >= 1.729 & Bilirubin_direct <= 0.000) -> AST >= 0.000)
",-9999999.000,-9999999.000,0.000,0.000,1.000,0,0,0,21,21,0,0,21,0.0,0.0,0.0,0.0,0.0,1.0,-1
"F[0,0](Potassium >= 0.312 -> EtCO2 <= 0.000)
",0.075,0.067,0.000,0.000,1.000,0,0,0,21,21,0,0,21,0.0,0.0,0.0,0.0,0.0,1.0,-1
"F[1,2](((PaCO2 >= 1.747 | SaO2 >= 0.000) -> Phosphate <= 0.000) & PTT >= 0.000)
",-9999999.000,-9999999.000,0.000,0.000,1.000,0,0,0,21,21,0,0,21,0.0,0.0,0.0,0.0,0.0,1.0,-1
"F[1,2](((Lactate >= 0.000 & EtCO2 >= 0.000) | PaCO2 <= 0.000) | O2Sat <= 0.000)
",-9999999.000,-9999999.000,0.000,0.000,1.000,0,0,0,21,21,0,0,21,0.0,0.0,0.0,0.0,0.0,1.0,-1
"F[2,2](((Chloride >= 2.504 & PaCO2 >= 0.116) -> PaCO2 >= 1.100) | BaseExcess <= 18.948)
",18.948,18.948,0.000,0.000,1.000,0,0,0,21,21,0,0,21,0.0,0.0,0.0,0.0,0.0,1.0,-1
"F[1,2](((DBP <= 57.978 & Fibrinogen <= 0.000) | FiO2 <= 0.000) | Potassium <= 0.000)
",-9999999.000,-9999999.000,0.000,0.000,1.000,0,0,0,21,21,0,0,21,0.0,0.0,0.0,0.0,0.0,1.0,-1
"F[1,2](((Lactate >= 0.000 -> TroponinI >= 0.000) | Magnesium <= 0.000) & Bilirubin_direct >= 0.000)
",-9999999.000,-9999999.000,0.000,0.000,1.000,0,0,0,21,21,0,0,21,0.0,0.0,0.0,0.0,0.0,1.0,-1
"F[0,2](Hct <= 3.138 | pH <= 4.370)
",-9999999.000,-9999999.000,0.000,0.000,1.000,0,0,0,21,21,0,0,21,0.0,0.0,0.0,0.0,0.0,1.0,-1
"F[0,1]((FiO2 >= 0.024 -> Bilirubin_total >= 0.000) -> Hct >= 0.000)
",-9999999.000,-9999999.000,0.000,0.000,1.000,0,0,0,21,21,0,0,21,0.0,0.0,0.0,0.0,0.0,1.0,-1
"F[0,1]((DBP <= 82.069 & DBP <= 77.431) | PaCO2 <= 74.725)
",-9999999.000,-9999999.000,0.000,0.000,1.000,0,0,0,21,21,0,0,21,0.0,0.0,0.0,0.0,0.0,1.0,-1
"F[1,2](((DBP >= 4.730 | HCO3 <= 21.847) & Alkalinephos <= 1.961) | AST >= 0.660)
",-9999999.000,-9999999.000,0.000,0.000,1.000,0,0,0,21,21,0,0,21,0.0,0.0,0.0,0.0,0.0,1.0,-1
"F[1,2]((AST <= 0.000 | PaCO2 <= 25.873) -> MAP >= 0.594)
",-9999999.000,-9999999.000,0.000,0.000,1.000,0,0,0,21,21,0,0,21,0.0,0.0,0.0,0.0,0.0,1.0,-1
"((SaO2 <= 0.000) U[0,2] (WBC >= 0.212))
",-9999999.000,-9999999.000,0.000,0.000,1.000,0,0,0,21,21,0,0,21,0.0,0.0,0.0,0.0,0.0,1.0,-1
"((SaO2 >= 0.000) U[1,2] (Alkalinephos >= 0.000))
",-9999999.000,-9999999.000,0.000,0.000,1.000,0,0,0,21,21,0,0,21,0.0,0.0,0.0,0.0,0.0,1.0,-1
"F[0,2](MAP >= 1.773 -> SBP >= 33.023)
",-9999999.000,-9999999.000,0.000,0.000,1.000,0,0,0,21,21,0,0,21,0.0,0.0,0.0,0.0,0.0,1.0,-1
"((SaO2 <= 0.000) U[1,2] (Hct <= 3.979))
",-9999999.000,-9999999.000,0.000,0.000,1.000,0,0,0,21,21,0,0,21,0.0,0.0,0.0,0.0,0.0,1.0,-1
"F[1,2](SBP >= 13.781 & Lactate <= 0.000)
",-9999999.000,-9999999.000,0.000,0.000,1.000,0,0,0,21,21,0,0,21,0.0,0.0,0.0,0.0,0.0,1.0,-1
"F[1,2]((pH >= 0.296 & Platelets <= 132.496) -> PTT <= 58.173)
",-9999999.000,-9999999.000,0.000,0.000,1.000,0,0,0,21,21,0,0,21,0.0,0.0,0.0,0.0,0.0,1.0,-1
"F[0,2]((FiO2 >= 0.060 -> MAP <= 78.395) | SepsisLabel >= 55.108)
",-9999999.000,-9999999.000,0.000,0.000,1.000,0,0,0,21,21,0,0,21,0.0,0.0,0.0,0.0,0.0,1.0,-1
"F[0,1]((Magnesium <= 1.378 | AST <= 0.000) -> O2Sat >= 0.000)
",-9999999.000,-9999999.000,0.000,0.000,1.000,0,0,0,21,21,0,0,21,0.0,0.0,0.0,0.0,0.0,1.0,-1
"F[0,2](((Fibrinogen <= 0.000 -> Magnesium >= 0.035) -> Bilirubin_direct >= 0.065) | Hct <= 1.404)
",-9999999.000,-9999999.000,0.000,0.000,1.000,0,0,0,21,21,0,0,21,0.0,0.0,0.0,0.0,0.0,1.0,-1
"((MAP <= 90.669) U[0,1] (BaseExcess >= -0.004))
",-9999999.000,-9999999.000,0.000,0.000,1.000,0,0,0,21,21,0,0,21,0.0,0.0,0.0,0.0,0.0,1.0,-1
"F[0,2](PTT >= 0.988 | PaCO2 <= 33.013)
",-9999999.000,-9999999.000,0.000,0.000,1.000,0,0,0,21,21,0,0,21,0.0,0.0,0.0,0.0,0.0,1.0,-1
"((Hct >= 2.202) U[0,2] (Bilirubin_direct >= 0.000))
",-9999999.000,-9999999.000,0.000,0.000,1.000,0,0,0,21,21,0,0,21,0.0,0.0,0.0,0.0,0.0,1.0,-1
"F[0,2](((Alkalinephos <= 0.000 | PTT <= 10.330) & Hct >= 0.893) -> Glucose <= 29.604)
",-9999999.000,-9999999.000,0.000,0.000,1.000,0,0,0,21,21,0,0,21,0.0,0.0,0.0,0.0,0.0,1.0,-1
"F[0,1](((EtCO2 <= 0.000 & Lactate <= 0.000) | MAP <= 0.000) | MAP >= 0.000)
",-9999999.000,-9999999.000,0.000,0.000,1.000,0,0,0,21,21,0,0,21,0.0,0.0,0.0,0.0,0.0,1.0,-1
"F[0,1](((Hct >= 1.225 -> Magnesium >= 0.128) -> Hgb <= 0.814) | BaseExcess >= 0.043)
",-9999999.000,-9999999.000,0.000,0.000,1.000,0,0,0,21,21,0,0,21,0.0,0.0,0.0,0.0,0.0,1.0,-1
"F[1,2](((Hct >= 0.819 | TroponinI >= 0.000) | TroponinI <= 0.000) | Lactate >= 0.000)
",-9999999.000,-9999999.000,0.000,0.000,1.000,0,0,0,21,21,0,0,21,0.0,0.0,0.0,0.0,0.0,1.0,-1
"F[0,1](TroponinI <= 0.000 & Alkalinephos <= 0.000)
",-9999999.000,-9999999.000,0.000,0.000,1.000,0,0,0,21,21,0,0,21,0.0,0.0,0.0,0.0,0.0,1.0,-1
"((Hgb >= 0.311) U[0,2] (Phosphate >= 0.119))
",-9999999.000,-9999999.000,0.000,0.000,1.000,0,0,0,21,21,0,0,21,0.0,0.0,0.0,0.0,0.0,1.0,-1
"F[0,2](((Platelets <= 202.904 & SBP >= 67.387) & O2Sat <= 107.721) -> TroponinI >= 28.075)
",-9999999.000,-9999999.000,0.000,0.000,1.000,0,0,0,21,21,0,0,21,0.0,0.0,0.0,0.0,0.0,1.0,-1
"((FiO2 <= 0.537) U[1,2] (Hct >= 1.051))
",-9999999.000,-9999999.000,0.000,0.000,1.000,0,0,0,21,21,0,0,21,0.0,0.0,0.0,0.0,0.0,1.0,-1
"F[0,1](((pH <= 3.726 -> SBP <= 115.260) & Hct <= 109.900) | Platelets >= 64.227)
",-9999999.000,-9999999.000,0.000,0.000,1.000,0,0,0,21,21,0,0,21,0.0,0.0,0.0,0.0,0.0,1.0,-1
"F[0,2](O2Sat >= 65.116 -> pH <= 4.095)
",-9999999.000,-9999999.000,0.000,0.000,1.000,0,0,0,21,21,0,0,21,0.0,0.0,0.0,0.0,0.0,1.0,-1
"F[0,2]((MAP <= 62.776 & PTT >= 0.003) | SepsisLabel >= 0.695)
",-9999999.000,-9999999.000,0.000,0.000,1.000,0,0,0,21,21,0,0,21,0.0,0.0,0.0,0.0,0.0,1.0,-1
"((PaCO2 >= 0.773) U[0,2] (Temp <= 22.125))
",-9999999.000,-9999999.000,0.000,0.000,1.000,0,0,0,21,21,0,0,21,0.0,0.0,0.0,0.0,0.0,1.0,-1
"F[0,2](((pH >= 0.191 | Temp <= 29.773) | FiO2 >= 0.195) | Fibrinogen >= 0.120)
",-9999999.000,-9999999.000,0.000,0.000,1.000,0,0,0,21,21,0,0,21,0.0,0.0,0.0,0.0,0.0,1.0,-1
"F[2,2](((FiO2 >= 0.011 -> MAP <= 92.713) -> pH >= 21.459) | HCO3 <= 88.029)
",6194482620196274.000,88.029,0.000,0.000,1.000,0,0,0,21,21,0,0,21,0.0,0.0,0.0,0.0,0.0,1.0,-1
"((HR <= 86.851) U[0,1] (Magnesium <= 0.719))
",-9999999.000,-9999999.000,0.000,0.000,1.000,0,0,0,21,21,0,0,21,0.0,0.0,0.0,0.0,0.0,1.0,-1
"F[0,1](Hgb <= 9.517 | Hct <= 29.304)
",-9999999.000,-9999999.000,0.000,0.000,1.000,0,0,0,21,21,0,0,21,0.0,0.0,0.0,0.0,0.0,1.0,-1
"((PTT >= 0.315) U[2,2] (Temp <= 11.003))
",6193881868240604.000,11.003,0.000,0.000,1.000,0,0,0,21,21,0,0,21,0.0,0.0,0.0,0.0,0.0,1.0,-1
"F[0,2]((Creatinine <= 0.257 -> MAP >= 39.118) | Fibrinogen <= 93.891)
",-9999999.000,-9999999.000,0.000,0.000,1.000,0,0,0,21,21,0,0,21,0.0,0.0,0.0,0.0,0.0,1.0,-1
"F[0,2](HR >= 47.724 | Platelets <= 508.294)
",-9999999.000,-9999999.000,0.000,0.000,1.000,0,0,0,21,21,0,0,21,0.0,0.0,0.0,0.0,0.0,1.0,-1
"F[0,2](((DBP >= 40.411 & Hct >= 1.347) & Phosphate >= 1.721) | Chloride >= 0.193)
",-9999999.000,-9999999.000,0.000,0.000,1.000,0,0,0,21,21,0,0,21,0.0,0.0,0.0,0.0,0.0,1.0,-1
"F[2,2]((Creatinine <= 0.329 & SBP >= 29.144) & Glucose >= 57.398)
",-4039010708390042.500,-57.398,0.000,0.000,1.000,0,0,0,21,21,0,0,21,0.0,0.0,0.0,0.0,0.0,1.0,-1
"F[0,1](((O2Sat >= 49.718 | Platelets >= 8.852) | WBC <= 434.905) | Potassium <= 330.467)
",-9999999.000,-9999999.000,0.000,0.000,1.000,0,0,0,21,21,0,0,21,0.0,0.0,0.0,0.0,0.0,1.0,-1
"F[0,2]((MAP <= 91.749 | pH >= 0.255) & Bilirubin_total >= 0.028)
",-9999999.000,-9999999.000,0.000,0.000,1.000,0,0,0,21,21,0,0,21,0.0,0.0,0.0,0.0,0.0,1.0,-1
"F[0,0]((FiO2 >= 0.036 & HCO3 >= 0.478) -> Temp <= 22.118)
",-0.252,-1.674,0.000,0.000,1.000,0,0,0,21,21,0,0,21,0.0,0.0,0.0,0.0,0.0,1.0,-1
"F[0,1]((FiO2 >= 0.022 | Phosphate >= 0.003) -> SBP <= 0.553)
",-9999999.000,-9999999.000,0.000,0.000,1.000,0,0,0,21,21,0,0,21,0.0,0.0,0.0,0.0,0.0,1.0,-1
"F[2,2](((Creatinine >= 0.003 | FiO2 <= 0.520) | Alkalinephos <= 0.384) -> EtCO2 >= 0.011)
",-4682904961087438.000,-0.520,0.000,0.000,1.000,0,0,0,21,21,0,0,21,0.0,0.0,0.0,0.0,0.0,1.0,-1
"F[0,2]((Creatinine >= 0.010 & Resp >= 5.845) | MAP >= 6.333)
",-9999999.000,-9999999.000,0.000,0.000,1.000,0,0,0,21,21,0,0,21,0.0,0.0,0.0,0.0,0.0,1.0,-1
"F[0,1]((Hgb >= 0.376 -> PTT >= 1.287) & TroponinI <= 20.417)
",-9999999.000,-9999999.000,0.000,0.000,1.000,0,0,0,21,21,0,0,21,0.0,0.0,0.0,0.0,0.0,1.0,-1
"F[0,2]((BUN >= 0.422 | WBC <= 24.495) & SaO2 >= 0.676)
",-9999999.000,-9999999.000,0.000,0.000,1.000,0,0,0,21,21,0,0,21,0.0,0.0,0.0,0.0,0.0,1.0,-1
"F[0,2]((DBP <= 79.330 | WBC <= 18.994) -> FiO2 <= 21.008)
",-9999999.000,-9999999.000,0.000,0.000,1.000,0,0,0,21,21,0,0,21,0.0,0.0,0.0,0.0,0.0,1.0,-1
"F[1,1](((HCO3 >= 0.965 & WBC <= 7.701) | Platelets <= 7.208) -> TroponinI <= 16.363)
",-16.363,-16.363,0.000,0.000,1.000,0,0,0,21,21,0,0,21,0.0,0.0,0.0,0.0,0.0,1.0,-1
"F[1,2]((Calcium <= 4.901 & Potassium <= 1.026) & Magnesium >= 0.039)
",-9999999.000,-9999999.000,0.000,0.000,1.000,0,0,0,21,21,0,0,21,0.0,0.0,0.0,0.0,0.0,1.0,-1
"F[0,1](((O2Sat <= 95.458 | PaCO2 >= 0.051) & HCO3 >= 1.709) -> Magnesium <= 5.183)
",-9999999.000,-9999999.000,0.000,0.000,1.000,0,0,0,21,21,0,0,21,0.0,0.0,0.0,0.0,0.0,1.0,-1
"F[0,2]((O2Sat <= 79.674 & Phosphate >= 0.064) & FiO2 >= 0.194)
",-9999999.000,-9999999.000,0.000,0.000,1.000,0,0,0,21,21,0,0,21,0.0,0.0,0.0,0.0,0.0,1.0,-1
"F[1,2]((O2Sat >= 32.389 -> PTT <= 12.409) & Fibrinogen <= 8.062)
",-9999999.000,-9999999.000,0.000,0.000,1.000,0,0,0,21,21,0,0,21,0.0,0.0,0.0,0.0,0.0,1.0,-1
"F[0,2](((BUN <= 9.253 | HR >= 26.688) | Bilirubin_total <= 83.632) | pH <= 92.119)
",-9999999.000,-9999999.000,0.000,0.000,1.000,0,0,0,21,21,0,0,21,0.0,0.0,0.0,0.0,0.0,1.0,-1
"F[1,1]((FiO2 <= 0.373 & Potassium <= 2.886) -> SepsisLabel <= 2.285)
",-5144753063741774.000,-2.285,0.000,0.000,1.000,0,0,0,21,21,0,0,21,0.0,0.0,0.0,0.0,0.0,1.0,-1
"F[0,0](((pH <= 3.049 & Resp <= 21.977) -> TroponinI <= 35.238) -> pH <= 35.958)
",-201.990,-35.886,0.000,0.000,1.000,0,0,0,21,21,0,0,21,0.0,0.0,0.0,0.0,0.0,1.0,-1
"F[0,0](((HR >= 5.188 & PaCO2 <= 12.587) & FiO2 <= 4.079) | Lactate <= 37.283)
",2.114,31.444,0.000,0.000,1.000,0,0,0,21,21,0,0,21,0.0,0.0,0.0,0.0,0.0,1.0,-1
"F[0,2](DBP <= 48.276 & FiO2 <= 0.105)
",-9999999.000,-9999999.000,0.000,0.000,1.000,0,0,0,21,21,0,0,21,0.0,0.0,0.0,0.0,0.0,1.0,-1
"F[0,1](BaseExcess >= -0.876 | Resp <= 28.087)
",-9999999.000,-9999999.000,0.000,0.000,1.000,0,0,0,21,21,0,0,21,0.0,0.0,0.0,0.0,0.0,1.0,-1
"F[1,2](PTT >= 0.912 & Resp >= 7.093)
",-9999999.000,-9999999.000,0.000,0.000,1.000,0,0,0,21,21,0,0,21,0.0,0.0,0.0,0.0,0.0,1.0,-1
"F[0,2](((Hgb >= 0.310 -> HR <= 79.940) | PaCO2 >= 10.298) -> Creatinine >= 18.364)
",-9999999.000,-9999999.000,0.000,0.000,1.000,0,0,0,21,21,0,0,21,0.0,0.0,0.0,0.0,0.0,1.0,-1
"F[1,1](((Hct <= 12.915 & Temp >= 0.006) | BUN >= 1.357) -> TroponinI <= 20.706)
",-20.706,-20.706,0.000,0.000,1.000,0,0,0,21,21,0,0,21,0.0,0.0,0.0,0.0,0.0,1.0,-1
"F[1,2]((BaseExcess <= 1.656 & DBP >= 35.911) -> Bilirubin_total <= 78.654)
",-9999999.000,-9999999.000,0.000,0.000,1.000,0,0,0,21,21,0,0,21,0.0,0.0,0.0,0.0,0.0,1.0,-1
"F[1,2]((Potassium <= 1.183 | WBC >= 0.342) -> BaseExcess <= 3.569)
",-9999999.000,-9999999.000,0.000,0.000,1.000,0,0,0,21,21,0,0,21,0.0,0.0,0.0,0.0,0.0,1.0,-1
"F[0,2](((Resp >= 12.931 | Temp <= 28.819) | Hct >= 1.816) | SBP <= 16.745)
",-9999999.000,-9999999.000,0.000,0.000,1.000,0,0,0,21,21,0,0,21,0.0,0.0,0.0,0.0,0.0,1.0,-1
"F[0,0]((Hct >= 0.932 | MAP >= 56.968) -> Potassium <= 88.319)
",-98.520,-88.119,0.000,0.000,1.000,0,0,0,21,21,0,0,21,0.0,0.0,0.0,0.0,0.0,1.0,-1
"((BaseExcess <= 1.479) U[0,1] (SBP >= 22.005))
",-9999999.000,-9999999.000,0.000,0.000,1.000,0,0,0,21,21,0,0,21,0.0,0.0,0.0,0.0,0.0,1.0,-1
"F[2,2]((Hct >= 0.834 | Resp >= 12.463) -> Calcium <= 31.677)
",-4458074578644241.500,-31.677,0.000,0.000,1.000,0,0,0,21,21,0,0,21,0.0,0.0,0.0,0.0,0.0,1.0,-1
"F[2,2](((Magnesium >= 0.116 & Resp <= 26.294) -> WBC <= 33.149) | Lactate <= 20.676)
",20.676,20.676,0.000,0.000,1.000,0,0,0,21,21,0,0,21,0.0,0.0,0.0,0.0,0.0,1.0,-1
"F[0,2]((BaseExcess >= -0.338 | O2Sat <= 89.899) -> pH >= 59.585)
",-9999999.000,-9999999.000,0.000,0.000,1.000,0,0,0,21,21,0,0,21,0.0,0.0,0.0,0.0,0.0,1.0,-1
"((BaseExcess >= -0.489) U[1,2] (PaCO2 >= 0.186))
",-9999999.000,-9999999.000,0.000,0.000,1.000,0,0,0,21,21,0,0,21,0.0,0.0,0.0,0.0,0.0,1.0,-1
"F[1,2]((FiO2 >= 0.055 -> pH <= 4.151) & DBP >= 0.220)
",-9999999.000,-9999999.000,0.000,0.000,1.000,0,0,0,21,21,0,0,21,0.0,0.0,0.0,0.0,0.0,1.0,-1
"F[0,2]((Resp >= 2.805 | SBP <= 114.730) | Phosphate <= 105.925)
",-9999999.000,-9999999.000,0.000,0.000,1.000,0,0,0,21,21,0,0,21,0.0,0.0,0.0,0.0,0.0,1.0,-1
"((FiO2 <= 0.492) U[0,1] (PaCO2 <= 28.926))
",-9999999.000,-9999999.000,0.000,0.000,1.000,0,0,0,21,21,0,0,21,0.0,0.0,0.0,0.0,0.0,1.0,-1
"F[0,1]((Glucose >= 11.609 | PTT <= 1.629) | Fibrinogen >= 0.970)
",-9999999.000,-9999999.000,0.000,0.000,1.000,0,0,0,21,21,0,0,21,0.0,0.0,0.0,0.0,0.0,1.0,-1
"((Glucose <= 199.101) U[0,2] (Phosphate >= 0.004))
",-9999999.000,-9999999.000,0.000,0.000,1.000,0,0,0,21,21,0,0,21,0.0,0.0,0.0,0.0,0.0,1.0,-1
"F[0,2](((Hct <= 23.402 & Magnesium >= 0.112) & EtCO2 >= 0.115) | Chloride <= 0.750)
",-9999999.000,-9999999.000,0.000,0.000,1.000,0,0,0,21,21,0,0,21,0.0,0.0,0.0,0.0,0.0,1.0,-1
"((Chloride <= 13.578) U[0,2] (Glucose <= 215.720))
",-9999999.000,-9999999.000,0.000,0.000,1.000,0,0,0,21,21,0,0,21,0.0,0.0,0.0,0.0,0.0,1.0,-1
"F[0,1]((DBP <= 57.867 -> MAP >= 43.812) -> Platelets <= 88.670)
",-9999999.000,-9999999.000,0.000,0.000,1.000,0,0,0,21,21,0,0,21,0.0,0.0,0.0,0.0,0.0,1.0,-1
"F[0,2]((BaseExcess <= 1.417 & HR <= 94.403) | MAP >= 47.297)
",-9999999.000,-9999999.000,0.000,0.000,1.000,0,0,0,21,21,0,0,21,0.0,0.0,0.0,0.0,0.0,1.0,-1
"F[2,2](((Creatinine >= 0.019 -> Potassium <= 0.380) & AST >= 0.169) -> SepsisLabel <= 0.575)
",-5178019525561154.000,-0.575,0.000,0.000,1.000,0,0,0,21,21,0,0,21,0.0,0.0,0.0,0.0,0.0,1.0,-1
"F[0,2](DBP <= 82.904 | Temp <= 16.269)
",-9999999.000,-9999999.000,0.000,0.000,1.000,0,0,0,21,21,0,0,21,0.0,0.0,0.0,0.0,0.0,1.0,-1
"F[0,1](((Chloride >= 4.551 -> WBC <= 24.770) | Chloride <= 7.595) & SBP >= 0.826)
",-9999999.000,-9999999.000,0.000,0.000,1.000,0,0,0,21,21,0,0,21,0.0,0.0,0.0,0.0,0.0,1.0,-1
"F[1,2](((FiO2 <= 0.182 -> Hgb >= 0.460) & Magnesium >= 0.135) | PaCO2 <= 7.486)
",-9999999.000,-9999999.000,0.000,0.000,1.000,0,0,0,21,21,0,0,21,0.0,0.0,0.0,0.0,0.0,1.0,-1
"F[0,1]((Chloride <= 13.520 & Hct >= 1.906) -> Bilirubin_direct >= 0.535)
",-9999999.000,-9999999.000,0.000,0.000,1.000,0,0,0,21,21,0,0,21,0.0,0.0,0.0,0.0,0.0,1.0,-1
"F[0,1](((Potassium >= 0.203 & PTT <= 22.561) | HR >= 0.217) | Hgb >= 0.265)
",-9999999.000,-9999999.000,0.000,0.000,1.000,0,0,0,21,21,0,0,21,0.0,0.0,0.0,0.0,0.0,1.0,-1
"F[1,1](((Phosphate <= 2.242 & Potassium >= 0.047) & Lactate <= 4.118) -> FiO2 <= 4.096)
",-4611516166245202.000,-4.096,0.000,0.000,1.000,0,0,0,21,21,0,0,21,0.0,0.0,0.0,0.0,0.0,1.0,-1
"F[0,2](((Hct <= 15.701 | Phosphate <= 3.660) & PaCO2 <= 4.221) & Glucose >= 0.207)
",-9999999.000,-9999999.000,0.000,0.000,1.000,0,0,0,21,21,0,0,21,0.0,0.0,0.0,0.0,0.0,1.0,-1
"F[0,2](BUN <= 2.783 | Potassium <= 0.702)
",-9999999.000,-9999999.000,0.000,0.000,1.000,0,0,0,21,21,0,0,21,0.0,0.0,0.0,0.0,0.0,1.0,-1
"F[2,2](BUN >= 0.112 -> Hct <= 18.729)
",-5271804951283838.000,-18.729,0.000,0.000,1.000,0,0,0,21,21,0,0,21,0.0,0.0,0.0,0.0,0.0,1.0,-1
"F[0,2](HCO3 >= 0.161 & Hct <= 4.785)
",-9999999.000,-9999999.000,0.000,0.000,1.000,0,0,0,21,21,0,0,21,0.0,0.0,0.0,0.0,0.0,1.0,-1
"F[0,2](((Calcium >= 0.097 & Potassium >= 0.318) & PTT <= 2.278) | Chloride >= 0.056)
",-9999999.000,-9999999.000,0.000,0.000,1.000,0,0,0,21,21,0,0,21,0.0,0.0,0.0,0.0,0.0,1.0,-1
"F[1,1](((Hgb <= 7.079 -> Magnesium >= 0.057) | BUN >= 0.044) | Platelets <= 0.341)
",6143761027701154.000,0.341,0.000,0.000,1.000,0,0,0,21,21,0,0,21,0.0,0.0,0.0,0.0,0.0,1.0,-1
"F[0,0](Platelets <= 354.619 | Potassium <= 3.183)
",6238528467725100.000,354.619,0.000,0.000,1.000,0,0,0,21,21,0,0,21,0.0,0.0,0.0,0.0,0.0,1.0,-1
"F[0,2](((Hgb >= 0.076 & Potassium <= 3.735) | BaseExcess <= 0.632) | WBC <= 3.665)
",-9999999.000,-9999999.000,0.000,0.000,1.000,0,0,0,21,21,0,0,21,0.0,0.0,0.0,0.0,0.0,1.0,-1
"F[1,2]((HR <= 108.113 | SBP >= 34.905) -> TroponinI <= 115.726)
",-9999999.000,-9999999.000,0.000,0.000,1.000,0,0,0,21,21,0,0,21,0.0,0.0,0.0,0.0,0.0,1.0,-1
"F[0,0](((MAP >= 9.720 & O2Sat <= 95.950) & Platelets <= 85.615) -> Fibrinogen <= 97.711)
",-25.846,-96.872,0.000,0.000,1.000,0,0,0,21,21,0,0,21,0.0,0.0,0.0,0.0,0.0,1.0,-1
"((Calcium <= 4.288) U[0,2] (WBC >= 0.084))
",-9999999.000,-9999999.000,0.000,0.000,1.000,0,0,0,21,21,0,0,21,0.0,0.0,0.0,0.0,0.0,1.0,-1
"F[0,2](((Calcium < 4.931 & Potassium < 1.887) & Magnesium < 1.702) & Phosphate < 3.872)
",-9999999.000,-9999999.000,0.000,0.000,1.000,0,0,0,21,21,0,0,21,0.0,0.0,0.0,0.0,0.0,1.0,-1
"F[0,2]((Phosphate >= 0.093 & Magnesium > 0.004) -> Calcium < 7.279)
",-9999999.000,-9999999.000,0.000,0.000,1.000,0,0,0,21,21,0,0,21,0.0,0.0,0.0,0.0,0.0,1.0,-1
"F[1,2]((PaCO2 <= 26.836 | HCO3 >= 0.427) | PaCO2 <= 4.983)
",-9999999.000,-9999999.000,0.000,0.000,1.000,0,0,0,21,21,0,0,21,0.0,0.0,0.0,0.0,0.0,1.0,-1
"((HCO3 >= 1.124) U[0,1] (PTT <= 16.156))
",-9999999.000,-9999999.000,0.000,0.000,1.000,0,0,0,21,21,0,0,21,0.0,0.0,0.0,0.0,0.0,1.0,-1
"F[1,1](Calcium >= 0.140 -> SepsisLabel = 0.000)
",0.000,0.000,0.000,0.000,1.000,0,0,0,21,21,0,0,21,0.0,0.0,0.0,0.0,0.0,1.0,-1
"F[2,2](Alkalinephos <= 0.000 -> SepsisLabel = 0.000)
",0.000,0.000,0.000,0.000,1.000,0,0,0,21,21,0,0,21,0.0,0.0,0.0,0.0,0.0,1.0,-1
"F[1,1](SepsisLabel <= 0.000 -> SepsisLabel = 0.000)
",0.000,0.000,0.000,0.000,1.000,0,0,0,21,21,0,0,21,0.0,0.0,0.0,0.0,0.0,1.0,-1
"((Platelets <= 270.347) U[0,1] (SepsisLabel = 0.000))
",-9999999.000,-9999999.000,0.000,0.000,1.000,0,0,0,21,21,0,0,21,0.0,0.0,0.0,0.0,0.0,1.0,-1
"F[1,2](SepsisLabel < 0.000 & SepsisLabel = 0.000)
",-9999999.000,-9999999.000,0.000,0.000,1.000,0,0,0,21,21,0,0,21,0.0,0.0,0.0,0.0,0.0,1.0,-1
"F[1,2](Fibrinogen >= 0.000 -> SepsisLabel = 0.000)
",-9999999.000,-9999999.000,0.000,0.000,1.000,0,0,0,21,21,0,0,21,0.0,0.0,0.0,0.0,0.0,1.0,-1
"((Fibrinogen < 0.000) U[0,1] (SepsisLabel = 0.000))
",-9999999.000,-9999999.000,0.000,0.000,1.000,0,0,0,21,21,0,0,21,0.0,0.0,0.0,0.0,0.0,1.0,-1
"F[0,2]((Creatinine >= 0.009 -> WBC >= 0.762) -> PaCO2 >= 0.575)
",-9999999.000,-9999999.000,0.000,0.000,1.000,0,0,0,21,21,0,0,21,0.0,0.0,0.0,0.0,0.0,1.0,-1
"F[0,0](Hgb <= 7.067 | Hct <= 3.828)
",10.021,6.913,0.000,0.000,1.000,0,0,0,21,21,0,0,21,0.0,0.0,0.0,0.0,0.0,1.0,-1
"F[2,2](Magnesium <= 1.689 & Potassium >= 0.229)
",-8261468448774479.000,-0.229,0.000,0.000,1.000,0,0,0,21,21,0,0,21,0.0,0.0,0.0,0.0,0.0,1.0,-1
"F[0,2](Chloride <= 82.622 -> Creatinine <= 0.199)
",-9999999.000,-9999999.000,0.000,0.000,1.000,0,0,0,21,21,0,0,21,0.0,0.0,0.0,0.0,0.0,1.0,-1
"F[0,0]((BUN >= 0.444 | Calcium <= 3.761) | EtCO2 >= 0.033)
",2.374,21.842,0.000,0.000,1.000,0,0,0,21,21,0,0,21,0.0,0.0,0.0,0.0,0.0,1.0,-1
"F[0,0](((PaCO2 >= 1.565 & pH >= 0.072) -> pH >= 0.018) | PTT <= 1.029)
",2.975,0.957,0.000,0.000,1.000,0,0,0,21,21,0,0,21,0.0,0.0,0.0,0.0,0.0,1.0,-1
"F[0,2](((Creatinine <= 0.119 & HCO3 >= 0.371) & Calcium <= 7.677) & Chloride <= 22.599)
",-9999999.000,-9999999.000,0.000,0.000,1.000,0,0,0,21,21,0,0,21,0.0,0.0,0.0,0.0,0.0,1.0,-1
"F[1,2](Calcium >= 0.126 | Chloride >= 1.953)
",-9999999.000,-9999999.000,0.000,0.000,1.000,0,0,0,21,21,0,0,21,0.0,0.0,0.0,0.0,0.0,1.0,-1
"((Phosphate < 1.735) U[0,0] (SepsisLabel = 0.000))
",2.924,1.562,0.000,0.000,1.000,0,0,0,21,21,0,0,21,0.0,0.0,0.0,0.0,0.0,1.0,-1
"F[2,2](Hgb < 7.275 -> SepsisLabel = 0.000)
",-4095243887463910.000,-7.275,0.000,0.000,1.000,0,0,0,21,21,0,0,21,0.0,0.0,0.0,0.0,0.0,1.0,-1
"F[0,2](HR >= 11.850 & SepsisLabel = 0.000)
",-9999999.000,-9999999.000,0.000,0.000,1.000,0,0,0,21,21,0,0,21,0.0,0.0,0.0,0.0,0.0,1.0,-1
"F[0,1](Hct <= 15.201 & SepsisLabel = 0.000)
",-9999999.000,-9999999.000,0.000,0.000,1.000,0,0,0,21,21,0,0,21,0.0,0.0,0.0,0.0,0.0,1.0,-1
"((BaseExcess > -0.679) U[0,2] (SepsisLabel = 0.000))
",-9999999.000,-9999999.000,0.000,0.000,1.000,0,0,0,21,21,0,0,21,0.0,0.0,0.0,0.0,0.0,1.0,-1
"F[1,2](DBP <= 63.554 | Bilirubin_direct <= 0.000)
",-9999999.000,-9999999.000,0.000,0.000,1.000,0,0,0,21,21,0,0,21,0.0,0.0,0.0,0.0,0.0,1.0,-1
"F[0,1](((HCO3 >= 0.361 | HR <= 106.847) | Creatinine <= 102.659) | Temp >= 15.495)
",-9999999.000,-9999999.000,0.000,0.000,1.000,0,0,0,21,21,0,0,21,0.0,0.0,0.0,0.0,0.0,1.0,-1
"F[1,2](((Fibrinogen >= 0.000 & BaseExcess >= -0.779) & PTT >= -0.625) & EtCO2 <= 1.437)
",-9999999.000,-9999999.000,0.000,0.000,1.000,0,0,0,21,21,0,0,21,0.0,0.0,0.0,0.0,0.0,1.0,-1
"F[1,1](((Fibrinogen <= 0.000 & HR >= 21.856) | Bilirubin_total >= 2.735) | Temp <= 100.790)
",100.790,100.790,0.000,0.000,1.000,0,0,0,21,21,0,0,21,0.0,0.0,0.0,0.0,0.0,1.0,-1
"F[1,2](O2Sat <= 81.018 -> Potassium <= 3.010)
",-9999999.000,-9999999.000,0.000,0.000,1.000,0,0,0,21,21,0,0,21,0.0,0.0,0.0,0.0,0.0,1.0,-1
"F[0,2](Hgb <= 7.568 | Hct <= 26.485)
",-9999999.000,-9999999.000,0.000,0.000,1.000,0,0,0,21,21,0,0,21,0.0,0.0,0.0,0.0,0.0,1.0,-1
"F[0,2]((FiO2 <= 0.540 & SBP >= 17.473) & WBC >= 40.487)
",-9999999.000,-9999999.000,0.000,0.000,1.000,0,0,0,21,21,0,0,21,0.0,0.0,0.0,0.0,0.0,1.0,-1
"F[0,0]((Creatinine <= 0.515 & Hgb >= 0.428) -> DBP <= 7.591)
",0.200,3.521,0.000,0.000,1.000,0,0,0,21,21,0,0,21,0.0,0.0,0.0,0.0,0.0,1.0,-1
"F[1,1](SBP >= 19.549 -> SepsisLabel = 0.000)
",0.000,0.000,0.000,0.000,1.000,0,0,0,21,21,0,0,21,0.0,0.0,0.0,0.0,0.0,1.0,-1
"((EtCO2 >= 0.000) U[0,1] (SepsisLabel = 0.000))
",-9999999.000,-9999999.000,0.000,0.000,1.000,0,0,0,21,21,0,0,21,0.0,0.0,0.0,0.0,0.0,1.0,-1
"F[1,2](HCO3 < 19.083 -> SepsisLabel = 0.000)
",-9999999.000,-9999999.000,0.000,0.000,1.000,0,0,0,21,21,0,0,21,0.0,0.0,0.0,0.0,0.0,1.0,-1
"F[0,2](WBC > 0.259 & SepsisLabel = 0.000)
",-9999999.000,-9999999.000,0.000,0.000,1.000,0,0,0,21,21,0,0,21,0.0,0.0,0.0,0.0,0.0,1.0,-1
"((DBP <= 61.358) U[2,2] (SepsisLabel = 0.000))
",4317720201249937.500,61.358,0.000,0.000,1.000,0,0,0,21,21,0,0,21,0.0,0.0,0.0,0.0,0.0,1.0,-1
"F[1,1](SBP < 106.900 -> SepsisLabel = 0.000)
",-7522423837690237.000,-106.900,0.000,0.000,1.000,0,0,0,21,21,0,0,21,0.0,0.0,0.0,0.0,0.0,1.0,-1
"F[1,2](Creatinine >= 0.026 & SepsisLabel = 0.000)
",-9999999.000,-9999999.000,0.000,0.000,1.000,0,0,0,21,21,0,0,21,0.0,0.0,0.0,0.0,0.0,1.0,-1
"((BUN <= 1.076) U[0,2] (PTT <= 15.098))
",-9999999.000,-9999999.000,0.000,0.000,1.000,0,0,0,21,21,0,0,21,0.0,0.0,0.0,0.0,0.0,1.0,-1
"F[0,2](Fibrinogen >= 0.000 -> SepsisLabel = 0.000)
",-9999999.000,-9999999.000,0.000,0.000,1.000,0,0,0,21,21,0,0,21,0.0,0.0,0.0,0.0,0.0,1.0,-1
"F[1,2](WBC <= 21.122 -> SepsisLabel = 0.000)
",-9999999.000,-9999999.000,0.000,0.000,1.000,0,0,0,21,21,0,0,21,0.0,0.0,0.0,0.0,0.0,1.0,-1
"F[0,1](Hgb <= 9.718 | Hct <= 8.224)
",-9999999.000,-9999999.000,0.000,0.000,1.000,0,0,0,21,21,0,0,21,0.0,0.0,0.0,0.0,0.0,1.0,-1
"F[0,0]((Phosphate >= 0.011 & Magnesium > 0.115) -> Calcium < 1.194)
",-1.194,-1.194,0.000,0.000,1.000,0,0,0,21,21,0,0,21,0.0,0.0,0.0,0.0,0.0,1.0,-1
"F[0,2]((Calcium <= 4.919 & Potassium <= 4.802) & Magnesium >= 0.026)
",-9999999.000,-9999999.000,0.000,0.000,1.000,0,0,0,21,21,0,0,21,0.0,0.0,0.0,0.0,0.0,1.0,-1
"((MAP >= 52.419) U[0,2] (SBP <= 99.150))
",-9999999.000,-9999999.000,0.000,0.000,1.000,0,0,0,21,21,0,0,21,0.0,0.0,0.0,0.0,0.0,1.0,-1
"((BUN <= 10.172) U[0,1] (SepsisLabel = 0.000))
",-9999999.000,-9999999.000,0.000,0.000,1.000,0,0,0,21,21,0,0,21,0.0,0.0,0.0,0.0,0.0,1.0,-1
"F[0,2]((Calcium <= 7.248 & Potassium <= 4.476) & Magnesium >= 0.011)
",-9999999.000,-9999999.000,0.000,0.000,1.000,0,0,0,21,21,0,0,21,0.0,0.0,0.0,0.0,0.0,1.0,-1
"((Magnesium <= 0.852) U[2,2] (SepsisLabel = 0.000))
",0.852,0.852,0.000,0.000,1.000,0,0,0,21,21,0,0,21,0.0,0.0,0.0,0.0,0.0,1.0,-1
"((Creatinine >= 0.023) U[0,0] (SepsisLabel = 0.000))
",0.224,4.808,0.000,0.000,1.000,0,0,0,21,21,0,0,21,0.0,0.0,0.0,0.0,0.0,1.0,-1
"F[0,0]((Phosphate >= 0.054 & Magnesium > 0.122) -> Calcium < 4.536)
",-4.536,-4.536,0.000,0.000,1.000,0,0,0,21,21,0,0,21,0.0,0.0,0.0,0.0,0.0,1.0,-1
"F[1,2](((Calcium < 4.488 & Potassium < 4.482) & Magnesium < 1.067) & Phosphate < 3.565)
",-9999999.000,-9999999.000,0.000,0.000,1.000,0,0,0,21,21,0,0,21,0.0,0.0,0.0,0.0,0.0,1.0,-1
"F[2,2](Hgb <= 6.441 | Hct <= 13.894)
",13.894,13.894,0.000,0.000,1.000,0,0,0,21,21,0,0,21,0.0,0.0,0.0,0.0,0.0,1.0,-1
"F[0,0]((Phosphate >= 0.099 & Magnesium > 0.059) -> Calcium < 3.922)
",-3.922,-3.922,0.000,0.000,1.000,0,0,0,21,21,0,0,21,0.0,0.0,0.0,0.0,0.0,1.0,-1
"F[0,2](Hgb <= 7.090 | Hct <= 22.758)
",-9999999.000,-9999999.000,0.000,0.000,1.000,0,0,0,21,21,0,0,21,0.0,0.0,0.0,0.0,0.0,1.0,-1
"F[1,2](Hgb <= 5.723 | Hct <= 21.450)
",-9999999.000,-9999999.000,0.000,0.000,1.000,0,0,0,21,21,0,0,21,0.0,0.0,0.0,0.0,0.0,1.0,-1
"F[0,2]((Phosphate >= 0.119 & Magnesium > 0.044) -> Calcium < 1.065)
",-9999999.000,-9999999.000,0.000,0.000,1.000,0,0,0,21,21,0,0,21,0.0,0.0,0.0,0.0,0.0,1.0,-1
"F[0,2](((Calcium < 6.623 & Potassium < 3.860) & Magnesium < 1.937) & Phosphate < 1.538)
",-9999999.000,-9999999.000,0.000,0.000,1.000,0,0,0,21,21,0,0,21,0.0,0.0,0.0,0.0,0.0,1.0,-1
"((MAP >= 20.013) U[0,1] (SBP <= 118.649))
",-9999999.000,-9999999.000,0.000,0.000,1.000,0,0,0,21,21,0,0,21,0.0,0.0,0.0,0.0,0.0,1.0,-1
"F[0,1](((Calcium < 1.658 & Potassium < 1.031) & Magnesium < 0.771) & Phosphate < 2.917)
",-9999999.000,-9999999.000,0.000,0.000,1.000,0,0,0,21,21,0,0,21,0.0,0.0,0.0,0.0,0.0,1.0,-1
"F[1,1](SBP <= 90.408 -> SepsisLabel = 0.000)
",-90.408,-90.408,0.000,0.000,1.000,0,0,0,21,21,0,0,21,0.0,0.0,0.0,0.0,0.0,1.0,-1
"F[0,2]((Phosphate >= 0.057 & Magnesium > 0.126) -> Calcium < 2.432)
",-9999999.000,-9999999.000,0.000,0.000,1.000,0,0,0,21,21,0,0,21,0.0,0.0,0.0,0.0,0.0,1.0,-1
"F[2,2](AST < 0.000 & SepsisLabel = 0.000)
",0.000,0.000,0.000,0.000,1.000,0,0,0,21,21,0,0,21,0.0,0.0,0.0,0.0,0.0,1.0,-1
"((Hct <= 14.976) U[1,2] (SepsisLabel = 0.000))
",-9999999.000,-9999999.000,0.000,0.000,1.000,0,0,0,21,21,0,0,21,0.0,0.0,0.0,0.0,0.0,1.0,-1
"F[1,1](TroponinI >= 0.000 & SepsisLabel = 0.000)
",0.000,0.000,0.000,0.000,1.000,0,0,0,21,21,0,0,21,0.0,0.0,0.0,0.0,0.0,1.0,-1
"F[1,2](BUN > 0.476 & SepsisLabel = 0.000)
",-9999999.000,-9999999.000,0.000,0.000,1.000,0,0,0,21,21,0,0,21,0.0,0.0,0.0,0.0,0.0,1.0,-1
"((BaseExcess <= 0.531) U[2,2] (SepsisLabel = 0.000))
",2392131383781283.000,0.531,0.000,0.000,1.000,0,0,0,21,21,0,0,21,0.0,0.0,0.0,0.0,0.0,1.0,-1
"F[2,2]((Phosphate >= 0.040 & Magnesium > 0.118) -> Calcium < 1.349)
",-6076541332094868.000,-1.349,0.000,0.000,1.000,0,0,0,21,21,0,0,21,0.0,0.0,0.0,0.0,0.0,1.0,-1
"F[1,2](Hgb <= 2.163 | Hct <= 28.285)
",-9999999.000,-9999999.000,0.000,0.000,1.000,0,0,0,21,21,0,0,21,0.0,0.0,0.0,0.0,0.0,1.0,-1
"((MAP >= 35.413) U[1,2] (SBP <= 97.159))
",-9999999.000,-9999999.000,0.000,0.000,1.000,0,0,0,21,21,0,0,21,0.0,0.0,0.0,0.0,0.0,1.0,-1
"F[0,2](((Calcium < 6.134 & Potassium < 2.275) & Magnesium < 1.664) & Phosphate < 0.487)
",-9999999.000,-9999999.000,0.000,0.000,1.000,0,0,0,21,21,0,0,21,0.0,0.0,0.0,0.0,0.0,1.0,-1
"F[1,2]((Calcium <= 7.357 & Potassium <= 4.603) & Magnesium >= 0.090)
",-9999999.000,-9999999.000,0.000,0.000,1.000,0,0,0,21,21,0,0,21,0.0,0.0,0.0,0.0,0.0,1.0,-1
"F[0,1](Hgb <= 2.123 | Hct <= 11.278)
",-9999999.000,-9999999.000,0.000,0.000,1.000,0,0,0,21,21,0,0,21,0.0,0.0,0.0,0.0,0.0,1.0,-1
"((MAP >= 43.642) U[1,2] (SBP <= 107.800))
",-9999999.000,-9999999.000,0.000,0.000,1.000,0,0,0,21,21,0,0,21,0.0,0.0,0.0,0.0,0.0,1.0,-1
"F[0,2](Hgb <= 8.060 | Hct <= 9.804)
",-9999999.000,-9999999.000,0.000,0.000,1.000,0,0,0,21,21,0,0,21,0.0,0.0,0.0,0.0,0.0,1.0,-1
"F[0,1]((Phosphate >= 0.175 & Magnesium > 0.086) -> Calcium < 6.361)
",-9999999.000,-9999999.000,0.000,0.000,1.000,0,0,0,21,21,0,0,21,0.0,0.0,0.0,0.0,0.0,1.0,-1
"((MAP >= 40.005) U[0,2] (SBP <= 83.382))
",-9999999.000,-9999999.000,0.000,0.000,1.000,0,0,0,21,21,0,0,21,0.0,0.0,0.0,0.0,0.0,1.0,-1
"F[2,2](((Calcium >= 0.125 -> PaCO2 >= 0.730) | Calcium >= 1.490) & Alkalinephos >= 0.482)
",-2893224892070801.500,-0.482,0.000,0.000,1.000,0,0,0,21,21,0,0,21,0.0,0.0,0.0,0.0,0.0,1.0,-1
"G[0,0](((HCO3 <= 1.781 -> pH >= 0.339) & O2Sat <= 1.513) & Alkalinephos >= 0.281)
",-2.430,-80.148,0.000,1.000,0.000,0,0,0,21,21,0,0,21,0.0,0.0,0.0,0.0,0.0,1.0,1
"F[1,2](((Temp >= 0.393 -> Hgb <= 11.437) -> O2Sat >= 0.245) -> Alkalinephos >= 0.210)
",-9999999.000,-9999999.000,0.000,0.000,1.000,0,0,0,21,21,0,0,21,0.0,0.0,0.0,0.0,0.0,1.0,-1
"G[2,2](Hgb >= 0.231 & O2Sat >= 61.085)
",-8596924513020830.000,-61.085,0.000,1.000,0.000,0,0,21,0,0,21,21,0,0.0,0.0,1.0,0.0,0.0,1.0,1
"G[1,2](FiO2 <= 0.118 -> SepsisLabel = 0.000)
",9999999.000,9999999.000,0.000,1.000,0.000,0,0,21,0,0,21,21,0,0.0,0.0,1.0,0.0,0.0,1.0,1
"G[1,2](Fibrinogen <= 0.000 -> SepsisLabel = 0.000)
",9999999.000,9999999.000,0.000,1.000,0.000,0,0,21,0,0,21,21,0,0.0,0.0,1.0,0.0,0.0,1.0,1
"G[2,2](Resp < 32.162 & SepsisLabel = 0.000)
",0.000,0.000,0.000,1.000,0.000,0,0,21,0,0,21,21,0,0.0,0.0,1.0,0.0,0.0,1.0,1
"G[2,2](SepsisLabel <= 0.000 -> SepsisLabel = 0.000)
",0.000,0.000,0.000,1.000,0.000,0,0,21,0,0,21,21,0,0.0,0.0,1.0,0.0,0.0,1.0,1
"G[1,2](SepsisLabel <= 0.000 -> SepsisLabel = 0.000)
",9999999.000,9999999.000,0.000,1.000,0.000,0,0,21,0,0,21,21,0,0.0,0.0,1.0,0.0,0.0,1.0,1
"G[1,2](DBP > 4.993 -> SepsisLabel = 0.000)
",9999999.000,9999999.000,0.000,1.000,0.000,0,0,21,0,0,21,21,0,0.0,0.0,1.0,0.0,0.0,1.0,1
"G[0,2](BUN <= 6.243 & Creatinine >= 0.017)
",9999999.000,9999999.000,0.000,1.000,0.000,0,0,0,21,21,0,0,21,0.0,0.0,0.0,0.0,0.0,1.0,1
"G[0,1](((Hgb <= 9.946 | Hct <= 20.976) -> WBC >= 1.012) & Platelets >= 19.803)
",9999999.000,9999999.000,0.000,1.000,0.000,0,0,0,21,21,0,0,21,0.0,0.0,0.0,0.0,0.0,1.0,1
"G[1,2](Platelets <= 497.214 -> WBC >= 0.515)
",9999999.000,9999999.000,0.000,1.000,0.000,0,0,2,19,19,2,2,19,0.0,0.0,1.0,0.0,0.0,1.0,1
"G[0,0](Chloride >= 1.860 & HCO3 >= 0.169)
",-4.940,-1.780,0.000,1.000,0.000,0,0,0,21,21,0,0,21,0.0,0.0,0.0,0.0,0.0,1.0,1
"G[1,2](Phosphate < 3.446 -> SepsisLabel = 0.000)
",9999999.000,9999999.000,0.000,1.000,0.000,0,0,21,0,0,21,21,0,0.0,0.0,1.0,0.0,0.0,1.0,1
"G[0,1](((Glucose >= 3.324 & O2Sat <= 92.434) | Creatinine >= 42.714) | PaCO2 >= 40.986)
",9999999.000,9999999.000,0.000,1.000,0.000,0,0,0,21,21,0,0,21,0.0,0.0,0.0,0.0,0.0,1.0,1
"G[1,2]((Glucose >= 14.407 -> MAP <= 71.452) -> WBC >= 4.422)
",9999999.000,9999999.000,0.000,1.000,0.000,0,0,2,19,19,2,2,19,0.0,0.0,1.0,0.0,0.0,1.0,1
"G[1,2](((HR >= 14.867 -> Resp >= 6.473) | Potassium <= 34.347) & Resp <= 31.628)
",9999999.000,9999999.000,0.000,1.000,0.000,0,0,20,1,1,20,20,1,0.0,0.0,1.0,0.0,0.0,1.0,1
"G[2,2](Hgb <= 10.577 -> SBP <= 105.449)
",-7420285194851805.000,-105.449,0.000,1.000,0.000,0,0,21,0,0,21,21,0,0.0,0.0,1.0,0.0,0.0,1.0,1
"G[0,2](EtCO2 <= 0.000 -> WBC >= 0.918)
",9999999.000,9999999.000,0.000,1.000,0.000,0,0,0,21,21,0,0,21,0.0,0.0,0.0,0.0,0.0,1.0,1
"G[0,2](((O2Sat >= 0.357 | EtCO2 <= 0.000) & Fibrinogen >= 0.000) & Temp >= 0.000)
",9999999.000,9999999.000,0.000,1.000,0.000,0,0,21,0,0,21,21,0,0.0,0.0,1.0,0.0,0.0,1.0,1
"G[1,2](Bilirubin_direct <= 0.000 | pH >= 0.218)
",9999999.000,9999999.000,0.000,1.000,0.000,0,0,21,0,0,21,21,0,0.0,0.0,1.0,0.0,0.0,1.0,1
"G[1,2]((SaO2 >= 0.000 -> PTT <= 30.071) & EtCO2 <= 15.332)
",9999999.000,9999999.000,0.000,1.000,0.000,0,0,20,1,1,20,20,1,0.0,0.0,1.0,0.0,0.0,1.0,1
"G[1,2](Hct <= 17.065 | BUN <= 11.409)
",9999999.000,9999999.000,0.000,1.000,0.000,0,0,20,1,1,20,20,1,0.0,0.0,1.0,0.0,0.0,1.0,1
"G[0,2](Calcium >= 0.421 -> HCO3 >= 1.027)
",9999999.000,9999999.000,0.000,1.000,0.000,0,0,21,0,0,21,21,0,0.0,0.0,1.0,0.0,0.0,1.0,1
"G[2,2]((O2Sat <= 86.013 -> SaO2 <= 0.000) & Calcium >= 0.000)
",-86.013,-86.013,0.000,1.000,0.000,0,0,21,0,0,21,21,0,0.0,0.0,1.0,0.0,0.0,1.0,1
"G[2,2](((Temp >= 6.555 | FiO2 <= 0.310) -> BaseExcess <= 0.371) | pH >= 0.003)
",-7546690132684125.000,-0.003,0.000,1.000,0.000,0,0,21,0,0,21,21,0,0.0,0.0,1.0,0.0,0.0,1.0,1
"G[0,2]((Bilirubin_total <= 0.000 -> EtCO2 <= 0.000) & Lactate >= 0.000)
",9999999.000,9999999.000,0.000,1.000,0.000,0,0,21,0,0,21,21,0,0.0,0.0,1.0,0.0,0.0,1.0,1
"G[1,2]((WBC >= 0.782 -> SepsisLabel >= 0.000) | SBP <= 0.000)
",9999999.000,9999999.000,0.000,1.000,0.000,0,0,21,0,0,21,21,0,0.0,0.0,1.0,0.0,0.0,1.0,1
"G[0,1](((BUN <= 11.032 & PaCO2 <= 32.495) & Glucose <= 31.619) & O2Sat <= 27.629)
",9999999.000,9999999.000,0.000,1.000,0.000,0,0,0,21,21,0,0,21,0.0,0.0,0.0,0.0,0.0,1.0,1
"G[2,2](Phosphate > 0.063 & SepsisLabel = 0.000)
",-2277489788962419.000,-0.063,0.000,1.000,0.000,0,0,21,0,0,21,21,0,0.0,0.0,1.0,0.0,0.0,1.0,1
"G[0,2](PTT <= 9.973 -> SepsisLabel = 0.000)
",9999999.000,9999999.000,0.000,1.000,0.000,0,0,21,0,0,21,21,0,0.0,0.0,1.0,0.0,0.0,1.0,1
"G[0,2]((Creatinine >= 0.028 -> Phosphate <= 0.820) & BUN <= 1.216)
",9999999.000,9999999.000,0.000,1.000,0.000,0,0,19,2,2,19,19,2,0.0,0.0,1.0,0.0,0.0,1.0,1
"G[0,0](((Hgb <= 3.783 | Hct <= 19.802) -> WBC >= 0.647) & Platelets >= 6.338)
",-14.637,-20.109,0.000,1.000,0.000,0,0,0,21,21,0,0,21,0.0,0.0,0.0,0.0,0.0,1.0,1
"G[0,1](Chloride >= 2.090 & HCO3 >= 0.519)
",9999999.000,9999999.000,0.000,1.000,0.000,0,0,0,21,21,0,0,21,0.0,0.0,0.0,0.0,0.0,1.0,1
"G[0,0](BUN <= 10.897 & Creatinine >= 0.003)
",0.222,0.516,0.000,1.000,0.000,0,0,0,21,21,0,0,21,0.0,0.0,0.0,0.0,0.0,1.0,1
"G[0,2](((Hgb <= 2.070 | Hct <= 33.702) -> WBC >= 0.103) & Platelets >= 22.399)
",9999999.000,9999999.000,0.000,1.000,0.000,0,0,0,21,21,0,0,21,0.0,0.0,0.0,0.0,0.0,1.0,1
"G[2,2](Chloride >= 2.380 & HCO3 >= 1.035)
",-5358988226174692.000,-2.380,0.000,1.000,0.000,0,0,21,0,0,21,21,0,0.0,0.0,1.0,0.0,0.0,1.0,1
"G[1,2](BUN <= 10.053 & Creatinine >= 0.015)
",9999999.000,9999999.000,0.000,1.000,0.000,0,0,0,21,21,0,0,21,0.0,0.0,0.0,0.0,0.0,1.0,1
"G[0,1](((Hgb <= 6.404 | Hct <= 14.493) -> WBC >= 0.320) & Platelets >= 13.219)
",9999999.000,9999999.000,0.000,1.000,0.000,0,0,0,21,21,0,0,21,0.0,0.0,0.0,0.0,0.0,1.0,1
"G[1,2](Platelets <= 560.424 -> WBC >= 0.952)
",9999999.000,9999999.000,0.000,1.000,0.000,0,0,2,19,19,2,2,19,0.0,0.0,1.0,0.0,0.0,1.0,1
"G[0,1](Chloride >= 2.885 & HCO3 >= 0.088)
",9999999.000,9999999.000,0.000,1.000,0.000,0,0,0,21,21,0,0,21,0.0,0.0,0.0,0.0,0.0,1.0,1
"G[0,2](BUN <= 5.521 & Creatinine >= 0.007)
",9999999.000,9999999.000,0.000,1.000,0.000,0,0,0,21,21,0,0,21,0.0,0.0,0.0,0.0,0.0,1.0,1
"G[1,2](Chloride >= 4.689 & HCO3 >= 0.749)
",9999999.000,9999999.000,0.000,1.000,0.000,0,0,2,19,19,2,2,19,0.0,0.0,1.0,0.0,0.0,1.0,1
"G[0,2](((Glucose <= 91.701 -> PaCO2 <= 32.499) -> Temp >= 0.060) & PaCO2 <= 1.943)
",9999999.000,9999999.000,0.000,1.000,0.000,0,0,1,20,20,1,1,20,0.0,0.0,1.0,0.0,0.0,1.0,1
"G[0,1](Platelets <= 267.460 -> WBC >= 0.396)
",9999999.000,9999999.000,0.000,1.000,0.000,0,0,0,21,21,0,0,21,0.0,0.0,0.0,0.0,0.0,1.0,1
"G[1,1](BUN <= 2.995 & Creatinine >= 0.007)
",-2826620245890417.500,-0.007,0.000,1.000,0.000,0,0,0,21,21,0,0,21,0.0,0.0,0.0,0.0,0.0,1.0,1
"G[1,2](((BUN <= 5.954 -> Platelets >= 1.001) -> PaCO2 <= 447.231) -> pH <= 484.965)
",9999999.000,9999999.000,0.000,1.000,0.000,0,0,21,0,0,21,21,0,0.0,0.0,1.0,0.0,0.0,1.0,1
"G[0,2](((Calcium >= 0.308 -> PTT >= 0.617) | O2Sat <= 10.531) | Temp <= 25.299)
",9999999.000,9999999.000,0.000,1.000,0.000,0,0,21,0,0,21,21,0,0.0,0.0,1.0,0.0,0.0,1.0,1
"G[0,0](Calcium >= 0.175 & Hgb >= 0.041)
",-3144213603819582.000,-0.175,0.000,1.000,0.000,0,0,0,21,21,0,0,21,0.0,0.0,0.0,0.0,0.0,1.0,1
"G[2,2](((Calcium >= 0.364 -> Phosphate <= 3.048) | BaseExcess <= 0.974) & Hgb >= 0.141)
",-0.141,-0.141,0.000,1.000,0.000,0,0,21,0,0,21,21,0,0.0,0.0,1.0,0.0,0.0,1.0,1
"G[1,2]((Chloride <= 11.767 -> Platelets >= 16.701) | Chloride <= 472.200)
",9999999.000,9999999.000,0.000,1.000,0.000,0,0,21,0,0,21,21,0,0.0,0.0,1.0,0.0,0.0,1.0,1
"G[1,2](Chloride <= 43.734 | PTT >= 0.468)
",9999999.000,9999999.000,0.000,1.000,0.000,0,0,21,0,0,21,21,0,0.0,0.0,1.0,0.0,0.0,1.0,1
"G[0,1]((Calcium >= 0.082 -> HCO3 <= 20.842) -> TroponinI >= 0.067)
",9999999.000,9999999.000,0.000,1.000,0.000,0,0,0,21,21,0,0,21,0.0,0.0,0.0,0.0,0.0,1.0,1
"G[0,2](((Chloride <= 51.193 & Phosphate >= 0.013) & Alkalinephos >= 0.028) & Platelets <= 1.374)
",9999999.000,9999999.000,0.000,1.000,0.000,0,0,0,21,21,0,0,21,0.0,0.0,0.0,0.0,0.0,1.0,1
"G[1,2]((BUN >= 0.329 | Creatinine <= 0.239) & SBP >= 0.020)
",9999999.000,9999999.000,0.000,1.000,0.000,0,0,15,6,6,15,15,6,0.0,0.0,1.0,0.0,0.0,1.0,1
"G[1,2](((Chloride <= 99.361 & HCO3 <= 1.973) | EtCO2 <= 19.580) -> HR >= 0.650)
",9999999.000,9999999.000,0.000,1.000,0.000,0,0,15,6,6,15,15,6,0.0,0.0,1.0,0.0,0.0,1.0,1
"G[2,2](HCO3 >= 0.154 & Phosphate <= 0.659)
",-2779494583149269.500,-0.154,0.000,1.000,0.000,0,0,21,0,0,21,21,0,0.0,0.0,1.0,0.0,0.0,1.0,1
"G[0,2](((BUN >= 0.514 | Phosphate <= 0.566) | Potassium <= 3.305) | O2Sat >= 0.117)
",9999999.000,9999999.000,0.000,1.000,0.000,0,0,21,0,0,21,21,0,0.0,0.0,1.0,0.0,0.0,1.0,1
"G[0,2]((TroponinI >= 0.000 & Hgb >= 0.369) | Chloride <= 6.752)
",9999999.000,9999999.000,0.000,1.000,0.000,0,0,21,0,0,21,21,0,0.0,0.0,1.0,0.0,0.0,1.0,1
"G[1,2]((Hgb >= 0.345 | EtCO2 >= 0.000) -> Hgb <= 0.000)
",9999999.000,9999999.000,0.000,1.000,0.000,0,0,19,2,2,19,19,2,0.0,0.0,1.0,0.0,0.0,1.0,1
"((PaCO2 <= 27.277) U[0,2] (FiO2 >= 0.054))
",-9999999.000,-9999999.000,0.000,0.000,1.000,0,0,0,21,21,0,0,21,0.0,0.0,0.0,0.0,0.0,1.0,-1
"G[1,2](Lactate >= 0.000 -> PTT >= 1.001)
",9999999.000,9999999.000,0.000,1.000,0.000,0,0,2,19,19,2,2,19,0.0,0.0,1.0,0.0,0.0,1.0,1
"G[1,2](((BaseExcess <= 0.517 | Platelets <= 592.620) & Bilirubin_direct >= 11.867) | Calcium >= 15.962)
",9999999.000,9999999.000,0.000,1.000,0.000,0,0,0,21,21,0,0,21,0.0,0.0,0.0,0.0,0.0,1.0,1
"G[0,1]((Potassium <= 1.458 -> FiO2 >= 0.025) & SaO2 >= 0.045)
",9999999.000,9999999.000,0.000,1.000,0.000,0,0,0,21,21,0,0,21,0.0,0.0,0.0,0.0,0.0,1.0,1
"G[1,2](((EtCO2 >= 0.000 & Glucose <= 106.771) & Hct <= 40.976) | BUN >= 11.843)
",9999999.000,9999999.000,0.000,1.000,0.000,0,0,19,2,2,19,19,2,0.0,0.0,1.0,0.0,0.0,1.0,1
"G[0,2]((Phosphate >= 0.054 & AST <= 0.000) | Temp >= 0.000)
",9999999.000,9999999.000,0.000,1.000,0.000,0,0,21,0,0,21,21,0,0.0,0.0,1.0,0.0,0.0,1.0,1
"G[1,2](Potassium >= 0.228 -> PTT >= 0.970)
",9999999.000,9999999.000,0.000,1.000,0.000,0,0,21,0,0,21,21,0,0.0,0.0,1.0,0.0,0.0,1.0,1
"G[0,1](((Phosphate <= 2.875 -> Resp <= 18.930) & Alkalinephos >= 12.379) & SBP >= 5.013)
",9999999.000,9999999.000,0.000,1.000,0.000,0,0,0,21,21,0,0,21,0.0,0.0,0.0,0.0,0.0,1.0,1
"G[2,2]((HCO3 <= 9.136 -> TroponinI >= 0.000) -> pH <= 0.000)
",0.000,0.000,0.000,1.000,0.000,0,0,21,0,0,21,21,0,0.0,0.0,1.0,0.0,0.0,1.0,1
"G[0,2](PTT >= 0.624 | Magnesium >= 0.011)
",9999999.000,9999999.000,0.000,1.000,0.000,0,0,0,21,21,0,0,21,0.0,0.0,0.0,0.0,0.0,1.0,1
"G[1,2](((O2Sat <= 87.719 & DBP <= 74.511) | EtCO2 >= 20.573) -> Creatinine >= 9.991)
",9999999.000,9999999.000,0.000,1.000,0.000,0,0,15,6,6,15,15,6,0.0,0.0,1.0,0.0,0.0,1.0,1
"G[2,2](Magnesium >= 0.098 -> PaCO2 >= 1.239)
",7097554189073100.000,0.098,0.000,1.000,0.000,0,0,21,0,0,21,21,0,0.0,0.0,1.0,0.0,0.0,1.0,1
"G[0,1](AST >= 0.000 -> O2Sat <= 86.255)
",9999999.000,9999999.000,0.000,1.000,0.000,0,0,0,21,21,0,0,21,0.0,0.0,0.0,0.0,0.0,1.0,1
"G[0,2](Chloride >= 2.337 & HCO3 >= 0.178)
",9999999.000,9999999.000,0.000,1.000,0.000,0,0,0,21,21,0,0,21,0.0,0.0,0.0,0.0,0.0,1.0,1
"G[2,2](((BaseExcess >= -0.925 -> Hct >= 1.041) | Alkalinephos >= 2.276) & PTT >= 1.400)
",-3152388204263981.500,-1.400,0.000,1.000,0.000,0,0,21,0,0,21,21,0,0.0,0.0,1.0,0.0,0.0,1.0,1
"G[1,2](Phosphate <= 3.999 & WBC <= 21.594)
",9999999.000,9999999.000,0.000,1.000,0.000,0,0,19,2,2,19,19,2,0.0,0.0,1.0,0.0,0.0,1.0,1
"G[1,2](BaseExcess <= 0.389 -> BUN <= 1.410)
",9999999.000,9999999.000,0.000,1.000,0.000,0,0,19,2,2,19,19,2,0.0,0.0,1.0,0.0,0.0,1.0,1
"G[1,2]((BUN >= 0.100 -> DBP <= 73.705) & Potassium <= 58.628)
",9999999.000,9999999.000,0.000,1.000,0.000,0,0,20,1,1,20,20,1,0.0,0.0,1.0,0.0,0.0,1.0,1
"G[1,2]((Glucose <= 155.918 -> Resp >= 15.142) | pH >= 7.865)
",9999999.000,9999999.000,0.000,1.000,0.000,0,0,14,7,7,14,14,7,0.0,0.0,1.0,0.0,0.0,1.0,1
"G[1,2]((DBP <= 53.816 & Magnesium <= 0.915) -> DBP >= 0.135)
",9999999.000,9999999.000,0.000,1.000,0.000,0,0,13,8,8,13,13,8,0.0,0.0,1.0,0.0,0.0,1.0,1
"G[2,2]((Potassium <= 2.565 | SBP >= 62.288) -> WBC >= 14.720)
",-2.565,-2.565,0.000,1.000,0.000,0,0,21,0,0,21,21,0,0.0,0.0,1.0,0.0,0.0,1.0,1
"G[1,2](((Calcium >= 0.184 | pH >= 0.010) | Magnesium >= 0.200) & Temp >= 0.192)
",9999999.000,9999999.000,0.000,1.000,0.000,0,0,0,21,21,0,0,21,0.0,0.0,0.0,0.0,0.0,1.0,1
"G[1,2]((Calcium >= 0.204 & DBP >= 23.814) & Alkalinephos <= 55.390)
",9999999.000,9999999.000,0.000,1.000,0.000,0,0,1,20,20,1,1,20,0.0,0.0,1.0,0.0,0.0,1.0,1
"G[1,2](((Chloride <= 24.696 -> WBC >= 0.513) & Fibrinogen >= 0.513) -> Bilirubin_direct >= 0.977)
",9999999.000,9999999.000,0.000,1.000,0.000,0,0,21,0,0,21,21,0,0.0,0.0,1.0,0.0,0.0,1.0,1
"G[1,2](SaO2 >= 0.000 | Resp >= 12.514)
",9999999.000,9999999.000,0.000,1.000,0.000,0,0,21,0,0,21,21,0,0.0,0.0,1.0,0.0,0.0,1.0,1
"G[1,2](((Chloride >= 1.709 | DBP >= 29.428) & Resp <= 47.258) | BaseExcess >= 4.003)
",9999999.000,9999999.000,0.000,1.000,0.000,0,0,13,8,8,13,13,8,0.0,0.0,1.0,0.0,0.0,1.0,1
"G[0,1](Hct >= 2.428 & PaCO2 <= 29.342)
",9999999.000,9999999.000,0.000,1.000,0.000,0,0,0,21,21,0,0,21,0.0,0.0,0.0,0.0,0.0,1.0,1
"G[0,2](((Magnesium <= 0.317 | PaCO2 <= 17.319) & EtCO2 <= 15.936) & SaO2 >= 0.982)
",9999999.000,9999999.000,0.000,1.000,0.000,0,0,0,21,21,0,0,21,0.0,0.0,0.0,0.0,0.0,1.0,1
"G[0,2](Platelets <= 260.107 -> BUN >= 0.410)
",9999999.000,9999999.000,0.000,1.000,0.000,0,0,0,21,21,0,0,21,0.0,0.0,0.0,0.0,0.0,1.0,1
"G[1,2]((Magnesium >= 0.059 -> Calcium >= 0.164) | PTT <= 7.145)
",9999999.000,9999999.000,0.000,1.000,0.000,0,0,21,0,0,21,21,0,0.0,0.0,1.0,0.0,0.0,1.0,1
"G[1,2](((SaO2 <= 0.000 | Magnesium <= 0.611) -> SepsisLabel >= 0.025) & Chloride <= 1.089)
",9999999.000,9999999.000,0.000,1.000,0.000,0,0,0,21,21,0,0,21,0.0,0.0,0.0,0.0,0.0,1.0,1
"G[0,2]((Platelets >= 23.826 | EtCO2 <= 0.000) & Magnesium <= 0.000)
",9999999.000,9999999.000,0.000,1.000,0.000,0,0,18,3,3,18,18,3,0.0,0.0,1.0,0.0,0.0,1.0,1
"G[1,2](TroponinI <= 0.000 & AST >= 0.000)
",9999999.000,9999999.000,0.000,1.000,0.000,0,0,21,0,0,21,21,0,0.0,0.0,1.0,0.0,0.0,1.0,1
"G[1,2]((DBP >= 31.962 -> PaCO2 >= 0.695) -> Bilirubin_direct >= 0.207)
",9999999.000,9999999.000,0.000,1.000,0.000,0,0,12,9,9,12,12,9,0.0,0.0,1.0,0.0,0.0,1.0,1
"G[0,2](Temp >= 4.377 & PaCO2 <= 5.666)
",9999999.000,9999999.000,0.000,1.000,0.000,0,0,1,20,20,1,1,20,0.0,0.0,1.0,0.0,0.0,1.0,1
"G[0,2](Resp <= 33.537 | EtCO2 <= 0.000)
",9999999.000,9999999.000,0.000,1.000,0.000,0,0,21,0,0,21,21,0,0.0,0.0,1.0,0.0,0.0,1.0,1
"G[0,2](((BUN >= 0.374 | Chloride <= 94.672) & TroponinI >= 0.458) | Hct <= 61.180)
",9999999.000,9999999.000,0.000,1.000,0.000,0,0,21,0,0,21,21,0,0.0,0.0,1.0,0.0,0.0,1.0,1
"G[1,2](((Lactate <= 0.000 -> Bilirubin_direct <= 0.000) | DBP <= 0.000) | Calcium >= 0.000)
",9999999.000,9999999.000,0.000,1.000,0.000,0,0,21,0,0,21,21,0,0.0,0.0,1.0,0.0,0.0,1.0,1
"G[0,2]((Hgb <= 8.523 & MAP >= 12.753) | HR <= 63.891)
",9999999.000,9999999.000,0.000,1.000,0.000,0,0,20,1,1,20,20,1,0.0,0.0,1.0,0.0,0.0,1.0,1
"G[1,2]((Calcium >= 0.230 & Phosphate >= 0.141) | Potassium <= 3.446)
",9999999.000,9999999.000,0.000,1.000,0.000,0,0,21,0,0,21,21,0,0.0,0.0,1.0,0.0,0.0,1.0,1
"G[1,2](BUN >= 0.128 | Temp >= 1.633)
",9999999.000,9999999.000,0.000,1.000,0.000,0,0,7,14,14,7,7,14,0.0,0.0,1.0,0.0,0.0,1.0,1
"G[2,2](((Potassium <= 4.862 | Bilirubin_direct >= 0.000) -> DBP <= 0.000) & EtCO2 >= 0.000)
",-5474457564754068.000,-4.862,0.000,1.000,0.000,0,0,21,0,0,21,21,0,0.0,0.0,1.0,0.0,0.0,1.0,1
"G[1,2]((Fibrinogen >= 0.000 | HCO3 >= 1.112) -> Hct >= 0.609)
",9999999.000,9999999.000,0.000,1.000,0.000,0,0,3,18,18,3,3,18,0.0,0.0,1.0,0.0,0.0,1.0,1
"G[2,2](((PaCO2 <= 20.067 -> EtCO2 >= 0.000) & FiO2 <= 0.000) & Alkalinephos >= 0.000)
",-5648384781573516.000,-20.067,0.000,1.000,0.000,0,0,21,0,0,21,21,0,0.0,0.0,1.0,0.0,0.0,1.0,1
"G[1,2](((Potassium <= 4.644 -> Lactate <= 0.000) & Bilirubin_direct <= 0.000) | SaO2 <= 0.000)
",9999999.000,9999999.000,0.000,1.000,0.000,0,0,21,0,0,21,21,0,0.0,0.0,1.0,0.0,0.0,1.0,1
"G[1,2]((FiO2 <= 0.102 | pH <= 1.909) | Hgb >= 0.187)
",9999999.000,9999999.000,0.000,1.000,0.000,0,0,20,1,1,20,20,1,0.0,0.0,1.0,0.0,0.0,1.0,1
"G[0,2]((TroponinI >= 0.000 -> WBC >= 0.734) & pH <= 3.113)
",9999999.000,9999999.000,0.000,1.000,0.000,0,0,0,21,21,0,0,21,0.0,0.0,0.0,0.0,0.0,1.0,1
"G[1,2](((Alkalinephos >= 0.000 -> Hct >= 0.112) & PTT >= 0.732) & SepsisLabel >= 1.893)
",9999999.000,9999999.000,0.000,1.000,0.000,0,0,0,21,21,0,0,21,0.0,0.0,0.0,0.0,0.0,1.0,1
"G[0,2](((Bilirubin_total <= 0.000 & PTT <= 8.571) -> DBP >= 1.120) | AST >= 0.608)
",9999999.000,9999999.000,0.000,1.000,0.000,0,0,12,9,9,12,12,9,0.0,0.0,1.0,0.0,0.0,1.0,1
"G[0,2]((BaseExcess >= -0.682 & Magnesium <= 0.764) & Creatinine <= 0.964)
",9999999.000,9999999.000,0.000,1.000,0.000,0,0,17,4,4,17,17,4,0.0,0.0,1.0,0.0,0.0,1.0,1
"G[0,2](HR <= 92.950 | Hct <= 34.869)
",9999999.000,9999999.000,0.000,1.000,0.000,0,0,21,0,0,21,21,0,0.0,0.0,1.0,0.0,0.0,1.0,1
"G[0,2](Alkalinephos <= 0.000 & PaCO2 >= 1.480)
",9999999.000,9999999.000,0.000,1.000,0.000,0,0,0,21,21,0,0,21,0.0,0.0,0.0,0.0,0.0,1.0,1
"G[0,2]((BUN <= 11.694 -> SepsisLabel >= 0.000) & WBC >= 0.000)
",9999999.000,9999999.000,0.000,1.000,0.000,0,0,21,0,0,21,21,0,0.0,0.0,1.0,0.0,0.0,1.0,1
"G[0,2](Lactate <= 0.000 | Temp >= 4.975)
",9999999.000,9999999.000,0.000,1.000,0.000,0,0,21,0,0,21,21,0,0.0,0.0,1.0,0.0,0.0,1.0,1
"G[0,2](((Glucose >= 1.396 & Platelets <= 261.362) | BUN <= 110.160) & BaseExcess <= 139.917)
",9999999.000,9999999.000,0.000,1.000,0.000,0,0,21,0,0,21,21,0,0.0,0.0,1.0,0.0,0.0,1.0,1
"G[2,2](((SBP >= 37.632 | Alkalinephos <= 0.000) | DBP >= 0.000) -> EtCO2 >= 0.000)
",0.000,0.000,0.000,1.000,0.000,0,0,21,0,0,21,21,0,0.0,0.0,1.0,0.0,0.0,1.0,1
"G[1,2](Bilirubin_direct <= 0.000 & Calcium >= 0.387)
",9999999.000,9999999.000,0.000,1.000,0.000,0,0,2,19,19,2,2,19,0.0,0.0,1.0,0.0,0.0,1.0,1
"G[0,2](Platelets <= 217.885 -> WBC >= 1.018)
",9999999.000,9999999.000,0.000,1.000,0.000,0,0,0,21,21,0,0,21,0.0,0.0,0.0,0.0,0.0,1.0,1
"G[2,2](((Hgb <= 9.030 | Hct <= 3.229) -> WBC >= 0.786) & Platelets >= 21.814)
",-21.814,-21.814,0.000,1.000,0.000,0,0,21,0,0,21,21,0,0.0,0.0,1.0,0.0,0.0,1.0,1
"G[1,2](BUN <= 9.402 & Creatinine >= 0.021)
",9999999.000,9999999.000,0.000,1.000,0.000,0,0,0,21,21,0,0,21,0.0,0.0,0.0,0.0,0.0,1.0,1
"G[1,2](O2Sat <= 90.842 -> WBC <= 5.438)
",9999999.000,9999999.000,0.000,1.000,0.000,0,0,20,1,1,20,20,1,0.0,0.0,1.0,0.0,0.0,1.0,1
"G[0,2](BaseExcess <= 0.948 -> Potassium <= 1.839)
",9999999.000,9999999.000,0.000,1.000,0.000,0,0,18,3,3,18,18,3,0.0,0.0,1.0,0.0,0.0,1.0,1
"G[2,2]((DBP >= 8.355 -> pH >= 0.117) & O2Sat >= 0.308)
",-2775824184047026.500,-0.308,0.000,1.000,0.000,0,0,21,0,0,21,21,0,0.0,0.0,1.0,0.0,0.0,1.0,1
"G[1,2](BUN <= 7.529 -> PaCO2 >= 0.277)
",9999999.000,9999999.000,0.000,1.000,0.000,0,0,3,18,18,3,3,18,0.0,0.0,1.0,0.0,0.0,1.0,1
"G[0,1](((Magnesium <= 1.417 | pH >= 0.014) & Chloride <= 7.196) -> EtCO2 >= 0.232)
",9999999.000,9999999.000,0.000,1.000,0.000,0,0,0,21,21,0,0,21,0.0,0.0,0.0,0.0,0.0,1.0,1
"G[1,2]((DBP <= 62.929 -> Glucose >= 9.379) -> FiO2 <= 167.465)
",9999999.000,9999999.000,0.000,1.000,0.000,0,0,21,0,0,21,21,0,0.0,0.0,1.0,0.0,0.0,1.0,1
"G[1,2](PaCO2 <= 21.885 -> Phosphate >= 0.005)
",9999999.000,9999999.000,0.000,1.000,0.000,0,0,3,18,18,3,3,18,0.0,0.0,1.0,0.0,0.0,1.0,1
"G[0,1](Hgb >= 0.538 & pH <= 0.478)
",9999999.000,9999999.000,0.000,1.000,0.000,0,0,0,21,21,0,0,21,0.0,0.0,0.0,0.0,0.0,1.0,1
"G[1,2]((Glucose >= 0.653 | HR <= 82.732) & Bilirubin_total <= 79.058)
",9999999.000,9999999.000,0.000,1.000,0.000,0,0,9,12,12,9,9,12,0.0,0.0,1.0,0.0,0.0,1.0,1
"G[0,2]((DBP <= 76.097 -> Platelets <= 531.444) & Potassium <= 439.847)
",9999999.000,9999999.000,0.000,1.000,0.000,0,0,19,2,2,19,19,2,0.0,0.0,1.0,0.0,0.0,1.0,1
"G[1,2]((pH >= 0.170 & Phosphate <= 2.236) | HR >= 0.018)
",9999999.000,9999999.000,0.000,1.000,0.000,0,0,16,5,5,16,16,5,0.0,0.0,1.0,0.0,0.0,1.0,1
"G[1,2]((BaseExcess >= -0.260 | Calcium <= 6.233) & Creatinine <= 1.798)
",9999999.000,9999999.000,0.000,1.000,0.000,0,0,21,0,0,21,21,0,0.0,0.0,1.0,0.0,0.0,1.0,1
"G[1,2]((Fibrinogen <= 0.000 | Chloride >= 3.461) | Bilirubin_total <= 63.735)
",9999999.000,9999999.000,0.000,1.000,0.000,0,0,21,0,0,21,21,0,0.0,0.0,1.0,0.0,0.0,1.0,1
"G[1,2]((FiO2 <= 0.272 & PTT >= 0.951) & Bilirubin_direct >= 0.357)
",9999999.000,9999999.000,0.000,1.000,0.000,0,0,0,21,21,0,0,21,0.0,0.0,0.0,0.0,0.0,1.0,1
"G[2,2](((Hgb <= 10.505 | Hct <= 31.342) -> WBC >= 0.633) & Platelets >= 15.618)
",-4410973264778202.500,-31.342,0.000,1.000,0.000,0,0,21,0,0,21,21,0,0.0,0.0,1.0,0.0,0.0,1.0,1
"G[1,2](((Resp >= 1.149 & WBC >= 0.018) -> Bilirubin_direct >= 0.750) | Alkalinephos <= 4.334)
",9999999.000,9999999.000,0.000,1.000,0.000,0,0,21,0,0,21,21,0,0.0,0.0,1.0,0.0,0.0,1.0,1
"G[1,2]((Chloride <= 5.023 | FiO2 >= 0.029) | WBC >= 0.032)
",9999999.000,9999999.000,0.000,1.000,0.000,0,0,21,0,0,21,21,0,0.0,0.0,1.0,0.0,0.0,1.0,1
"G[0,1](((FiO2 <= 0.187 & Platelets >= 0.739) & Lactate <= 507.911) & HCO3 <= 442.963)
",9999999.000,9999999.000,0.000,1.000,0.000,0,0,0,21,21,0,0,21,0.0,0.0,0.0,0.0,0.0,1.0,1
"G[1,2](Potassium >= 0.275 & Resp >= 1.343)
",9999999.000,9999999.000,0.000,1.000,0.000,0,0,1,20,20,1,1,20,0.0,0.0,1.0,0.0,0.0,1.0,1
"G[0,1](Glucose <= 143.806 & Magnesium >= 0.073)
",9999999.000,9999999.000,0.000,1.000,0.000,0,0,0,21,21,0,0,21,0.0,0.0,0.0,0.0,0.0,1.0,1
"G[0,0](Creatinine >= 0.021 & Glucose <= 49.515)
",0.222,2.338,0.000,1.000,0.000,0,0,0,21,21,0,0,21,0.0,0.0,0.0,0.0,0.0,1.0,1
"G[0,2]((BUN >= 0.232 -> Glucose >= 7.246) & PaCO2 <= 46.958)
",9999999.000,9999999.000,0.000,1.000,0.000,0,0,21,0,0,21,21,0,0.0,0.0,1.0,0.0,0.0,1.0,1
"G[2,2]((Calcium >= 0.263 | Glucose >= 2.757) -> Hgb >= 4.895)
",2368651835000301.000,0.263,0.000,1.000,0.000,0,0,21,0,0,21,21,0,0.0,0.0,1.0,0.0,0.0,1.0,1
"G[1,2](DBP <= 48.618 & O2Sat >= 42.409)
",9999999.000,9999999.000,0.000,1.000,0.000,0,0,4,17,17,4,4,17,0.0,0.0,1.0,0.0,0.0,1.0,1
"G[2,2]((MAP >= 0.765 -> Resp <= 31.598) | PaCO2 >= 15.910)
",-8956559384530665.000,-15.910,0.000,1.000,0.000,0,0,21,0,0,21,21,0,0.0,0.0,1.0,0.0,0.0,1.0,1
"G[0,1]((Creatinine >= 0.010 -> Magnesium >= 0.077) & BaseExcess >= 0.074)
",9999999.000,9999999.000,0.000,1.000,0.000,0,0,0,21,21,0,0,21,0.0,0.0,0.0,0.0,0.0,1.0,1
"G[1,2]((Magnesium <= 1.938 -> PTT <= 6.218) | MAP >= 1.350)
",9999999.000,9999999.000,0.000,1.000,0.000,0,0,20,1,1,20,20,1,0.0,0.0,1.0,0.0,0.0,1.0,1
"F[0,1]((Magnesium <= 0.361 & SBP <= 83.478) | Fibrinogen <= 116.016)
",-9999999.000,-9999999.000,0.000,0.000,1.000,0,0,0,21,21,0,0,21,0.0,0.0,0.0,0.0,0.0,1.0,-1
"F[0,2](PaCO2 >= 1.740 -> Potassium >= 0.046)
",-9999999.000,-9999999.000,0.000,0.000,1.000,0,0,0,21,21,0,0,21,0.0,0.0,0.0,0.0,0.0,1.0,-1
"((DBP >= 42.555) U[0,2] (Platelets >= 19.736))
",-9999999.000,-9999999.000,0.000,0.000,1.000,0,0,0,21,21,0,0,21,0.0,0.0,0.0,0.0,0.0,1.0,-1
"F[0,2](((Fibrinogen <= 0.000 & FiO2 <= 0.407) -> HR >= 0.067) & Potassium >= 0.011)
",-9999999.000,-9999999.000,0.000,0.000,1.000,0,0,0,21,21,0,0,21,0.0,0.0,0.0,0.0,0.0,1.0,-1
"F[1,1](((Lactate >= 0.000 | Chloride >= 3.039) & SaO2 <= 55.367) & SaO2 <= 5.498)
",0.000,0.000,0.000,0.000,1.000,0,0,0,21,21,0,0,21,0.0,0.0,0.0,0.0,0.0,1.0,-1
"((DBP <= 83.686) U[1,2] (PTT >= 1.329))
",-9999999.000,-9999999.000,0.000,0.000,1.000,0,0,0,21,21,0,0,21,0.0,0.0,0.0,0.0,0.0,1.0,-1
"((FiO2 >= 0.065) U[0,2] (HR >= 27.928))
",-9999999.000,-9999999.000,0.000,0.000,1.000,0,0,0,21,21,0,0,21,0.0,0.0,0.0,0.0,0.0,1.0,-1
"F[0,0](((PaCO2 >= 1.481 & Platelets >= 21.436) & MAP >= 22.726) | EtCO2 <= 523.120)
",48.736,501.786,0.000,0.000,1.000,0,0,0,21,21,0,0,21,0.0,0.0,0.0,0.0,0.0,1.0,-1
"((BaseExcess >= -0.226) U[0,2] (PTT <= 19.959))
",-9999999.000,-9999999.000,0.000,0.000,1.000,0,0,0,21,21,0,0,21,0.0,0.0,0.0,0.0,0.0,1.0,-1
"F[0,1](BaseExcess >= -0.017 | Phosphate >= 0.190)
",-9999999.000,-9999999.000,0.000,0.000,1.000,0,0,0,21,21,0,0,21,0.0,0.0,0.0,0.0,0.0,1.0,-1
"F[0,2]((BaseExcess <= 0.283 -> HCO3 >= 0.613) & Resp <= 19.885)
",-9999999.000,-9999999.000,0.000,0.000,1.000,0,0,0,21,21,0,0,21,0.0,0.0,0.0,0.0,0.0,1.0,-1
"F[1,1](HCO3 >= 0.380 -> PaCO2 <= 26.542)
",-26.542,-26.542,0.000,0.000,1.000,0,0,0,21,21,0,0,21,0.0,0.0,0.0,0.0,0.0,1.0,-1
"F[0,1]((pH <= 2.068 | PTT <= 23.367) | Platelets <= 27.666)
",-9999999.000,-9999999.000,0.000,0.000,1.000,0,0,0,21,21,0,0,21,0.0,0.0,0.0,0.0,0.0,1.0,-1
"F[0,0](((Creatinine >= 0.005 & PaCO2 >= 0.616) -> Bilirubin_total >= 0.711) | Fibrinogen >= 0.635)
",0.381,1.335,0.000,0.000,1.000,0,0,0,21,21,0,0,21,0.0,0.0,0.0,0.0,0.0,1.0,-1
"F[0,0]((pH <= 2.090 -> WBC <= 13.714) & PTT <= 18.531)
",-5.088,-13.137,0.000,0.000,1.000,0,0,0,21,21,0,0,21,0.0,0.0,0.0,0.0,0.0,1.0,-1
"F[1,2]((FiO2 <= 0.246 | O2Sat >= 65.443) | TroponinI >= 21.332)
",-9999999.000,-9999999.000,0.000,0.000,1.000,0,0,0,21,21,0,0,21,0.0,0.0,0.0,0.0,0.0,1.0,-1
"F[0,2](((MAP <= 64.077 & Potassium >= 0.235) | SBP >= 0.187) | Alkalinephos >= 0.054)
",-9999999.000,-9999999.000,0.000,0.000,1.000,0,0,0,21,21,0,0,21,0.0,0.0,0.0,0.0,0.0,1.0,-1
"F[2,2](BaseExcess <= 0.478 -> WBC >= 0.374)
",-8605020438521347.000,-0.478,0.000,0.000,1.000,0,0,0,21,21,0,0,21,0.0,0.0,0.0,0.0,0.0,1.0,-1
"F[0,2](Creatinine >= 0.006 | HR <= 78.334)
",-9999999.000,-9999999.000,0.000,0.000,1.000,0,0,0,21,21,0,0,21,0.0,0.0,0.0,0.0,0.0,1.0,-1
"((O2Sat >= 39.472) U[0,0] (SepsisLabel <= 0.000))
",2.263,47.358,0.000,0.000,1.000,0,0,0,21,21,0,0,21,0.0,0.0,0.0,0.0,0.0,1.0,-1
"F[2,2](((SaO2 <= 0.000 -> DBP <= 44.712) -> PaCO2 >= 0.438) -> Platelets <= 57.319)
",-8066988818888651.000,-57.319,0.000,0.000,1.000,0,0,0,21,21,0,0,21,0.0,0.0,0.0,0.0,0.0,1.0,-1
"F[1,1]((Glucose >= 5.419 -> Phosphate <= 3.298) -> Bilirubin_total <= 3.465)
",-3900836235065229.500,-3.465,0.000,0.000,1.000,0,0,0,21,21,0,0,21,0.0,0.0,0.0,0.0,0.0,1.0,-1
"F[0,1]((Platelets >= 25.764 -> MAP <= 93.728) & HR >= 12.174)
",-9999999.000,-9999999.000,0.000,0.000,1.000,0,0,0,21,21,0,0,21,0.0,0.0,0.0,0.0,0.0,1.0,-1
"F[1,2](((SepsisLabel <= 0.000 & FiO2 >= 0.013) | O2Sat >= 0.037) & PTT >= 0.058)
",-9999999.000,-9999999.000,0.000,0.000,1.000,0,0,0,21,21,0,0,21,0.0,0.0,0.0,0.0,0.0,1.0,-1
"((TroponinI <= 0.000) U[0,2] (MAP <= 68.381))
",-9999999.000,-9999999.000,0.000,0.000,1.000,0,0,0,21,21,0,0,21,0.0,0.0,0.0,0.0,0.0,1.0,-1
"((TroponinI >= 0.000) U[0,0] (BaseExcess <= 0.476))
",2857298440598417.500,0.476,0.000,0.000,1.000,0,0,0,21,21,0,0,21,0.0,0.0,0.0,0.0,0.0,1.0,-1
"((Hct >= 0.632) U[0,2] (pH >= 0.098))
",-9999999.000,-9999999.000,0.000,0.000,1.000,0,0,0,21,21,0,0,21,0.0,0.0,0.0,0.0,0.0,1.0,-1
"F[0,2]((PaCO2 <= 26.003 | FiO2 >= 0.048) -> AST >= 0.004)
",-9999999.000,-9999999.000,0.000,0.000,1.000,0,0,0,21,21,0,0,21,0.0,0.0,0.0,0.0,0.0,1.0,-1
"F[1,2](pH >= 0.011 | Potassium >= 0.023)
",-9999999.000,-9999999.000,0.000,0.000,1.000,0,0,0,21,21,0,0,21,0.0,0.0,0.0,0.0,0.0,1.0,-1
"G[2,2]((Magnesium >= 0.110 & Phosphate <= 3.431) & Platelets <= 2.142)
",-0.110,-0.110,0.000,1.000,0.000,0,0,21,0,0,21,21,0,0.0,0.0,1.0,0.0,0.0,1.0,1
"G[0,2](((BUN >= 0.503 | Magnesium <= 0.730) & pH <= 0.768) | MAP >= 0.004)
",9999999.000,9999999.000,0.000,1.000,0.000,0,0,20,1,1,20,20,1,0.0,0.0,1.0,0.0,0.0,1.0,1
"G[1,2](((Magnesium <= 1.655 | Platelets >= 20.143) & BaseExcess >= 3.106) | SepsisLabel >= 12.849)
",9999999.000,9999999.000,0.000,1.000,0.000,0,0,0,21,21,0,0,21,0.0,0.0,0.0,0.0,0.0,1.0,1
"G[2,2](((Potassium <= 4.696 & Temp <= 34.232) | SaO2 <= 27.991) | Hgb <= 24.663)
",7878657214981885.000,27.991,0.000,1.000,0.000,0,0,21,0,0,21,21,0,0.0,0.0,1.0,0.0,0.0,1.0,1
"G[2,2](Calcium >= 0.386 -> O2Sat <= 86.733)
",-3051654983838890.000,-86.733,0.000,1.000,0.000,0,0,21,0,0,21,21,0,0.0,0.0,1.0,0.0,0.0,1.0,1
"G[0,1](MAP <= 91.772 & PaCO2 >= 0.664)
",9999999.000,9999999.000,0.000,1.000,0.000,0,0,0,21,21,0,0,21,0.0,0.0,0.0,0.0,0.0,1.0,1
"G[2,2]((Chloride >= 1.882 & HR <= 88.576) & BaseExcess <= 73.880)
",-8477734976957954.000,-1.882,0.000,1.000,0.000,0,0,21,0,0,21,21,0,0.0,0.0,1.0,0.0,0.0,1.0,1
"G[2,2]((BUN <= 1.552 | O2Sat >= 8.886) | FiO2 <= 78.745)
",2770589443496498.500,78.745,0.000,1.000,0.000,0,0,21,0,0,21,21,0,0.0,0.0,1.0,0.0,0.0,1.0,1
"G[1,2](((SBP >= 56.660 & WBC <= 12.088) | SepsisLabel <= 13.004) | Platelets >= 0.336)
",9999999.000,9999999.000,0.000,1.000,0.000,0,0,21,0,0,21,21,0,0.0,0.0,1.0,0.0,0.0,1.0,1
"G[1,2]((Creatinine >= 0.015 | O2Sat <= 80.966) | EtCO2 <= 92.628)
",9999999.000,9999999.000,0.000,1.000,0.000,0,0,21,0,0,21,21,0,0.0,0.0,1.0,0.0,0.0,1.0,1
"G[1,2]((HR <= 81.756 -> Phosphate >= 0.036) & SaO2 >= 0.083)
",9999999.000,9999999.000,0.000,1.000,0.000,0,0,0,21,21,0,0,21,0.0,0.0,0.0,0.0,0.0,1.0,1
"G[0,0](((HR >= 4.798 | pH >= 0.028) & PTT >= 0.342) & HCO3 <= 5.945)
",-0.032,-0.042,0.000,1.000,0.000,0,0,0,21,21,0,0,21,0.0,0.0,0.0,0.0,0.0,1.0,1
"G[0,2]((Phosphate >= 0.050 -> SBP >= 64.598) & HR >= 41.133)
",9999999.000,9999999.000,0.000,1.000,0.000,0,0,12,9,9,12,12,9,0.0,0.0,1.0,0.0,0.0,1.0,1
"G[0,1](BUN <= 10.860 -> Hgb >= 0.065)
",9999999.000,9999999.000,0.000,1.000,0.000,0,0,0,21,21,0,0,21,0.0,0.0,0.0,0.0,0.0,1.0,1
"G[1,2](Platelets <= 408.341 & PTT <= 24.156)
",9999999.000,9999999.000,0.000,1.000,0.000,0,0,19,2,2,19,19,2,0.0,0.0,1.0,0.0,0.0,1.0,1
"G[0,2]((Phosphate <= 0.744 -> Platelets >= 28.306) & SepsisLabel <= 209.564)
",9999999.000,9999999.000,0.000,1.000,0.000,0,0,0,21,21,0,0,21,0.0,0.0,0.0,0.0,0.0,1.0,1
"G[2,2](BUN <= 8.587 & Creatinine >= 0.018)
",-0.018,-0.018,0.000,1.000,0.000,0,0,21,0,0,21,21,0,0.0,0.0,1.0,0.0,0.0,1.0,1
"G[2,2](((Hgb <= 4.182 | Hct <= 2.723) -> WBC >= 1.021) & Platelets >= 25.523)
",-7183973165119515.000,-25.523,0.000,1.000,0.000,0,0,21,0,0,21,21,0,0.0,0.0,1.0,0.0,0.0,1.0,1
"G[0,1](Platelets <= 545.005 -> WBC >= 0.602)
",9999999.000,9999999.000,0.000,1.000,0.000,0,0,0,21,21,0,0,21,0.0,0.0,0.0,0.0,0.0,1.0,1
"G[0,2](Chloride >= 0.374 & HCO3 >= 0.866)
",9999999.000,9999999.000,0.000,1.000,0.000,0,0,0,21,21,0,0,21,0.0,0.0,0.0,0.0,0.0,1.0,1
"G[0,1](BUN <= 2.361 & Creatinine >= 0.029)
",9999999.000,9999999.000,0.000,1.000,0.000,0,0,0,21,21,0,0,21,0.0,0.0,0.0,0.0,0.0,1.0,1
"G[2,2](((Hgb <= 11.181 | Hct <= 6.834) -> WBC >= 0.967) & Platelets >= 21.221)
",-5973084961031092.000,-21.221,0.000,1.000,0.000,0,0,21,0,0,21,21,0,0.0,0.0,1.0,0.0,0.0,1.0,1
"G[0,1](Platelets <= 340.705 -> WBC >= 0.266)
",9999999.000,9999999.000,0.000,1.000,0.000,0,0,0,21,21,0,0,21,0.0,0.0,0.0,0.0,0.0,1.0,1
"G[0,1](Chloride >= 0.101 & HCO3 >= 0.013)
",9999999.000,9999999.000,0.000,1.000,0.000,0,0,0,21,21,0,0,21,0.0,0.0,0.0,0.0,0.0,1.0,1
"G[0,0](BUN <= 5.902 & Creatinine >= 0.017)
",0.210,0.264,0.000,1.000,0.000,0,0,0,21,21,0,0,21,0.0,0.0,0.0,0.0,0.0,1.0,1
"G[1,2](((Hgb <= 5.286 | Hct <= 35.567) -> WBC >= 0.055) & Platelets >= 12.574)
",9999999.000,9999999.000,0.000,1.000,0.000,0,0,2,19,19,2,2,19,0.0,0.0,1.0,0.0,0.0,1.0,1
"G[0,2](Platelets <= 467.268 -> WBC >= 0.155)
",9999999.000,9999999.000,0.000,1.000,0.000,0,0,0,21,21,0,0,21,0.0,0.0,0.0,0.0,0.0,1.0,1
"G[1,1](BUN <= 5.957 & Creatinine >= 0.020)
",-5665468462992798.000,-0.020,0.000,1.000,0.000,0,0,0,21,21,0,0,21,0.0,0.0,0.0,0.0,0.0,1.0,1
"G[1,2](Chloride >= 4.611 & HCO3 >= 1.025)
",9999999.000,9999999.000,0.000,1.000,0.000,0,0,2,19,19,2,2,19,0.0,0.0,1.0,0.0,0.0,1.0,1
"G[0,2](Magnesium <= 0.631 | Temp <= 33.846)
",9999999.000,9999999.000,0.000,1.000,0.000,0,0,21,0,0,21,21,0,0.0,0.0,1.0,0.0,0.0,1.0,1
"G[1,2](Platelets <= 495.029 -> WBC >= 0.425)
",9999999.000,9999999.000,0.000,1.000,0.000,0,0,2,19,19,2,2,19,0.0,0.0,1.0,0.0,0.0,1.0,1
"G[0,2](Calcium >= 0.198 -> Magnesium >= 0.007)
",9999999.000,9999999.000,0.000,1.000,0.000,0,0,21,0,0,21,21,0,0.0,0.0,1.0,0.0,0.0,1.0,1
"G[0,2](((PTT <= 2.507 & SBP <= 112.981) & O2Sat >= 34.226) -> Alkalinephos >= 20.606)
",9999999.000,9999999.000,0.000,1.000,0.000,0,0,4,17,17,4,4,17,0.0,0.0,1.0,0.0,0.0,1.0,1
"G[0,2]((HCO3 >= 0.673 & Potassium >= 0.239) | Fibrinogen >= 0.068)
",9999999.000,9999999.000,0.000,1.000,0.000,0,0,0,21,21,0,0,21,0.0,0.0,0.0,0.0,0.0,1.0,1
"G[0,1](Chloride >= 0.971 & Potassium >= 0.196)
",9999999.000,9999999.000,0.000,1.000,0.000,0,0,0,21,21,0,0,21,0.0,0.0,0.0,0.0,0.0,1.0,1
"G[0,2](Hct >= 1.410 -> Hgb <= 6.319)
",9999999.000,9999999.000,0.000,1.000,0.000,0,0,19,2,2,19,19,2,0.0,0.0,1.0,0.0,0.0,1.0,1
"G[1,2]((HR >= 12.363 -> MAP <= 93.233) -> Hct >= 1.052)
",9999999.000,9999999.000,0.000,1.000,0.000,0,0,3,18,18,3,3,18,0.0,0.0,1.0,0.0,0.0,1.0,1
"G[2,2]((Hgb >= 0.226 | WBC <= 17.622) & Fibrinogen <= 19.811)
",4960042623031611.000,17.622,0.000,1.000,0.000,0,0,21,0,0,21,21,0,0.0,0.0,1.0,0.0,0.0,1.0,1
"G[2,2]((Platelets <= 442.974 | WBC >= 0.898) & PTT >= 0.409)
",-7376343486447907.000,-0.409,0.000,1.000,0.000,0,0,21,0,0,21,21,0,0.0,0.0,1.0,0.0,0.0,1.0,1
"G[1,2](MAP <= 88.031 -> SBP <= 114.665)
",9999999.000,9999999.000,0.000,1.000,0.000,0,0,20,1,1,20,20,1,0.0,0.0,1.0,0.0,0.0,1.0,1
"G[2,2]((HCO3 >= 0.634 -> Resp >= 7.170) & Platelets <= 32.460)
",0.634,0.634,0.000,1.000,0.000,0,0,21,0,0,21,21,0,0.0,0.0,1.0,0.0,0.0,1.0,1
"G[1,2]((Calcium <= 6.082 | Resp >= 11.362) | SepsisLabel <= 18.430)
",9999999.000,9999999.000,0.000,1.000,0.000,0,0,21,0,0,21,21,0,0.0,0.0,1.0,0.0,0.0,1.0,1
"G[0,1](((PaCO2 >= 0.605 & Resp >= 11.220) & BaseExcess >= 8.335) & HCO3 <= 32.539)
",9999999.000,9999999.000,0.000,1.000,0.000,0,0,0,21,21,0,0,21,0.0,0.0,0.0,0.0,0.0,1.0,1
"G[0,2](BaseExcess >= -0.009 | Temp >= 5.367)
",9999999.000,9999999.000,0.000,1.000,0.000,0,0,21,0,0,21,21,0,0.0,0.0,1.0,0.0,0.0,1.0,1
"G[0,2]((Hgb >= 0.066 | MAP >= 27.231) -> Alkalinephos <= 81.608)
",9999999.000,9999999.000,0.000,1.000,0.000,0,0,21,0,0,21,21,0,0.0,0.0,1.0,0.0,0.0,1.0,1
"G[0,2](Hgb <= 2.443 -> SBP <= 86.906)
",9999999.000,9999999.000,0.000,1.000,0.000,0,0,2,19,19,2,2,19,0.0,0.0,1.0,0.0,0.0,1.0,1
"G[2,2]((HR <= 78.395 & Potassium <= 2.355) -> Hct <= 1.505)
",-5302320240409246.000,-2.355,0.000,1.000,0.000,0,0,21,0,0,21,21,0,0.0,0.0,1.0,0.0,0.0,1.0,1
"G[1,2](Calcium >= 0.140 -> MAP <= 63.536)
",9999999.000,9999999.000,0.000,1.000,0.000,0,0,20,1,1,20,20,1,0.0,0.0,1.0,0.0,0.0,1.0,1
"G[0,2]((Chloride <= 102.391 | MAP >= 22.737) | Bilirubin_direct >= 55.838)
",9999999.000,9999999.000,0.000,1.000,0.000,0,0,20,1,1,20,20,1,0.0,0.0,1.0,0.0,0.0,1.0,1
"G[1,2]((Calcium >= 0.314 -> SBP <= 117.964) | Hct >= 41.160)
",9999999.000,9999999.000,0.000,1.000,0.000,0,0,21,0,0,21,21,0,0.0,0.0,1.0,0.0,0.0,1.0,1
"G[0,1](((Temp <= 23.542 & WBC >= 0.937) & PaCO2 <= 21.789) & MAP <= 8.569)
",9999999.000,9999999.000,0.000,1.000,0.000,0,0,0,21,21,0,0,21,0.0,0.0,0.0,0.0,0.0,1.0,1
"G[0,2](((Creatinine >= 0.005 | Temp <= 18.158) | HR >= 0.155) & Hgb <= 10.813)
",9999999.000,9999999.000,0.000,1.000,0.000,0,0,20,1,1,20,20,1,0.0,0.0,1.0,0.0,0.0,1.0,1
"G[0,2]((Phosphate <= 1.061 & Temp >= 7.763) -> Creatinine <= 33.207)
",9999999.000,9999999.000,0.000,1.000,0.000,0,0,21,0,0,21,21,0,0.0,0.0,1.0,0.0,0.0,1.0,1
"G[0,1]((BUN >= 0.141 & Temp >= 8.273) | Fibrinogen >= 8.608)
",9999999.000,9999999.000,0.000,1.000,0.000,0,0,0,21,21,0,0,21,0.0,0.0,0.0,0.0,0.0,1.0,1
"G[1,2]((HCO3 <= 13.598 & Temp >= 9.374) -> TroponinI >= 0.724)
",9999999.000,9999999.000,0.000,1.000,0.000,0,0,16,5,5,16,16,5,0.0,0.0,1.0,0.0,0.0,1.0,1
"G[2,2]((Platelets <= 308.464 | Temp <= 34.976) & BaseExcess <= 24.800)
",24.800,24.800,0.000,1.000,0.000,0,0,21,0,0,21,21,0,0.0,0.0,1.0,0.0,0.0,1.0,1
"G[1,2](((Phosphate <= 1.569 | WBC >= 0.442) -> WBC >= 0.059) & FiO2 <= 13.583)
",9999999.000,9999999.000,0.000,1.000,0.000,0,0,2,19,19,2,2,19,0.0,0.0,1.0,0.0,0.0,1.0,1
"G[0,2](HCO3 >= 0.797 & MAP >= 52.407)
",9999999.000,9999999.000,0.000,1.000,0.000,0,0,0,21,21,0,0,21,0.0,0.0,0.0,0.0,0.0,1.0,1
"F[0,2]((PaCO2 >= 0.899 -> SBP >= 57.881) -> Alkalinephos <= 108.817)
",-9999999.000,-9999999.000,0.000,0.000,1.000,0,0,0,21,21,0,0,21,0.0,0.0,0.0,0.0,0.0,1.0,-1
