Rule,Discrimination Score,Pos Robustness,Neg Robustness,Percent Class +,Percent Class -,TP,TN,FP,FN,Actual Yes,Actual No,Predicted Yes,Predicted No,TPR/Sens,TNR/Spec,FPR,Precision,Accuracy,MCR
"F[1,1](((Resp <= 27.405 & Calcium >= 0.096) & O2Sat <= 0.430) | FiO2 >= 0.049)
",-7042390784688631.000,-0.049,0.000,0.000,1.000,29,0,0,0,29,0,29,0,1.0,0,0,1.0,1.0,0.0
"F[1,1]((FiO2 <= 0.273 | PTT <= 81.861) -> SaO2 >= 0.870)
",-5760479870956417.000,-81.861,0.000,0.000,1.000,29,0,0,0,29,0,29,0,1.0,0,0,1.0,1.0,0.0
"F[0,0](((Calcium < 2.548 & Potassium < 0.600) & Magnesium < 1.712) & Phosphate < 0.000)
",-0.189,-0.072,0.000,0.000,1.000,29,0,0,0,29,0,29,0,1.0,0,0,1.0,1.0,0.0
"F[0,0](((Potassium >= 0.030 -> SBP <= 108.409) | Temp <= 99.593) -> Hct >= 37.819)
",-0.375,-11.266,0.000,0.000,1.000,29,0,0,0,29,0,29,0,1.0,0,0,1.0,1.0,0.0
"((Hgb >= 0.370) U[1,1] (BaseExcess >= 0.000))
",0.000,0.000,0.000,0.000,1.000,29,0,0,0,29,0,29,0,1.0,0,0,1.0,1.0,0.0
"F[0,0](HCO3 >= 0.016 & HR >= 28.758)
",-4621177284260637.000,-0.016,0.000,0.000,1.000,29,0,0,0,29,0,29,0,1.0,0,0,1.0,1.0,0.0
"F[1,1](((Calcium < 3.223 & Potassium < 0.392) & Magnesium < 1.943) & Phosphate < 0.000)
",0.000,0.000,0.000,0.000,1.000,29,0,0,0,29,0,29,0,1.0,0,0,1.0,1.0,0.0
"F[1,1]((Calcium <= 2.308 & Potassium <= 3.082) & Magnesium >= 0.010)
",-2789129706375561.500,-0.010,0.000,0.000,1.000,29,0,0,0,29,0,29,0,1.0,0,0,1.0,1.0,0.0
"((pH < 0.000) U[1,2] (SepsisLabel = 0.000))
",-9999999.000,-9999999.000,0.000,0.000,1.000,29,0,0,0,29,0,29,0,1.0,0,0,1.0,1.0,0.0
"F[1,1]((Calcium <= 4.032 & Potassium <= 4.570) & Magnesium >= 0.080)
",-2875331681343961.500,-0.080,0.000,0.000,1.000,29,0,0,0,29,0,29,0,1.0,0,0,1.0,1.0,0.0
"F[0,1](((Calcium < 6.923 & Potassium < 2.572) & Magnesium < 0.684) & Phosphate < 0.000)
",-9999999.000,-9999999.000,0.000,0.000,1.000,29,0,0,0,29,0,29,0,1.0,0,0,1.0,1.0,0.0
"F[1,1](((TroponinI >= 0.000 | Resp <= 24.273) & FiO2 >= 18.053) & SaO2 <= 27.328)
",-18.053,-18.053,0.000,0.000,1.000,29,0,0,0,29,0,29,0,1.0,0,0,1.0,1.0,0.0
"F[0,1]((EtCO2 <= 0.000 & Hct <= 10.779) & Lactate >= 0.291)
",-9999999.000,-9999999.000,0.000,0.000,1.000,29,0,0,0,29,0,29,0,1.0,0,0,1.0,1.0,0.0
"((SBP >= 67.612) U[0,0] (WBC >= 0.057))
",0.266,3.667,0.000,0.000,1.000,29,0,0,0,29,0,29,0,1.0,0,0,1.0,1.0,0.0
"F[0,0]((Potassium >= 0.015 & Platelets >= 1.010) | FiO2 >= 2.188)
",-4546857729221244.000,-1.010,0.000,0.000,1.000,29,0,0,0,29,0,29,0,1.0,0,0,1.0,1.0,0.0
"F[1,1](((Calcium < 1.182 & Potassium < 3.148) & Magnesium < 1.651) & Phosphate < 0.000)
",0.000,0.000,0.000,0.000,1.000,29,0,0,0,29,0,29,0,1.0,0,0,1.0,1.0,0.0
"F[0,1](((Creatinine <= 1.912 & Hgb >= 0.021) & Calcium >= 0.433) & O2Sat >= 0.325)
",-9999999.000,-9999999.000,0.000,0.000,1.000,29,0,0,0,29,0,29,0,1.0,0,0,1.0,1.0,0.0
"F[0,1]((Lactate >= 0.000 | O2Sat >= 45.511) -> AST >= 62.796)
",-9999999.000,-9999999.000,0.000,0.000,1.000,29,0,0,0,29,0,29,0,1.0,0,0,1.0,1.0,0.0
"F[0,0]((Calcium <= 0.538 & Potassium <= 2.111) & Magnesium >= 0.053)
",-0.053,-0.053,0.000,0.000,1.000,29,0,0,0,29,0,29,0,1.0,0,0,1.0,1.0,0.0
"((BUN >= 2.400) U[1,1] (SBP <= 100.669))
",2361314608032380.500,100.669,0.000,0.000,1.000,29,0,0,0,29,0,29,0,1.0,0,0,1.0,1.0,0.0
"F[0,0](((Calcium >= 0.026 -> Creatinine >= 0.000) -> pH <= 1.414) -> SepsisLabel >= 0.067)
",4855069824785391.000,0.067,0.000,0.000,1.000,29,0,0,0,29,0,29,0,1.0,0,0,1.0,1.0,0.0
"F[0,1](((Calcium < 1.335 & Potassium < 4.757) & Magnesium < 1.972) & Phosphate < 0.000)
",-9999999.000,-9999999.000,0.000,0.000,1.000,29,0,0,0,29,0,29,0,1.0,0,0,1.0,1.0,0.0
"((BUN >= 2.491) U[1,1] (Calcium >= 0.123))
",-8840691771453119.000,-0.123,0.000,0.000,1.000,29,0,0,0,29,0,29,0,1.0,0,0,1.0,1.0,0.0
"F[0,1]((O2Sat <= 92.955 | SBP >= 13.601) & Bilirubin_total >= 15.428)
",-9999999.000,-9999999.000,0.000,0.000,1.000,29,0,0,0,29,0,29,0,1.0,0,0,1.0,1.0,0.0
"F[0,1](((Calcium < 3.974 & Potassium < 0.318) & Magnesium < 1.393) & Phosphate < 0.000)
",-9999999.000,-9999999.000,0.000,0.000,1.000,29,0,0,0,29,0,29,0,1.0,0,0,1.0,1.0,0.0
"F[0,1](((Fibrinogen >= 0.000 -> Calcium >= 0.090) | Bilirubin_total >= 0.090) | Calcium >= 0.034)
",-9999999.000,-9999999.000,0.000,0.000,1.000,28,0,0,1,29,0,28,1,0.9655172413793104,0,0,1.0,0.9655172413793104,0.03448275862068961
"F[0,0]((Platelets >= 2.590 -> Chloride >= 1.098) & Creatinine >= 0.009)
",-0.195,-0.278,0.000,0.000,1.000,28,0,0,1,29,0,28,1,0.9655172413793104,0,0,1.0,0.9655172413793104,0.03448275862068961
"((Creatinine >= 0.055) U[1,1] (MAP >= 8.299))
",-3982003104060929.000,-0.055,0.000,0.000,1.000,28,0,0,1,29,0,28,1,0.9655172413793104,0,0,1.0,0.9655172413793104,0.03448275862068961
"F[0,0](((PTT >= 3.469 & Temp >= 4.760) & Creatinine <= 23.716) & Hgb <= 34.137)
",-9.157,-3.602,0.000,0.000,1.000,28,0,0,1,29,0,28,1,0.9655172413793104,0,0,1.0,0.9655172413793104,0.03448275862068961
"((Calcium > 0.009) U[1,1] (SepsisLabel = 0.000))
",0.000,0.000,0.000,0.000,1.000,28,0,0,1,29,0,28,1,0.9655172413793104,0,0,1.0,0.9655172413793104,0.03448275862068961
"F[0,0](((BUN >= 0.590 | Hgb >= 0.363) & O2Sat >= 0.042) & WBC <= 4.779)
",-0.298,-3.732,0.000,0.000,1.000,28,0,0,1,29,0,28,1,0.9655172413793104,0,0,1.0,0.9655172413793104,0.03448275862068961
"((FiO2 <= 0.241) U[0,0] (Creatinine >= 0.033))
",0.241,0.241,0.000,0.000,1.000,28,0,0,1,29,0,28,1,0.9655172413793104,0,0,1.0,0.9655172413793104,0.03448275862068961
"F[1,1]((AST <= 0.000 -> SBP >= 75.717) -> Bilirubin_total >= 65.475)
",0.000,0.000,0.000,0.000,1.000,28,0,0,1,29,0,28,1,0.9655172413793104,0,0,1.0,0.9655172413793104,0.03448275862068961
"F[0,0](((Bilirubin_direct >= 0.000 | Hgb >= 0.416) -> HR <= 11.834) | DBP >= 0.436)
",4.781,63.735,0.000,0.000,1.000,28,0,0,1,29,0,28,1,0.9655172413793104,0,0,1.0,0.9655172413793104,0.03448275862068961
"((BaseExcess <= 0.000) U[0,1] (Glucose >= 1.239))
",-9999999.000,-9999999.000,0.000,0.000,1.000,27,0,0,2,29,0,27,2,0.9310344827586207,0,0,1.0,0.9310344827586207,0.06896551724137934
"F[1,1]((Potassium >= 0.187 & SBP <= 102.831) | Fibrinogen >= 40.670)
",-6754245947548703.000,-0.187,0.000,0.000,1.000,27,0,0,2,29,0,27,2,0.9310344827586207,0,0,1.0,0.9310344827586207,0.06896551724137934
"((SBP <= 100.147) U[0,1] (WBC >= 0.256))
",-9999999.000,-9999999.000,0.000,0.000,1.000,27,0,0,2,29,0,27,2,0.9310344827586207,0,0,1.0,0.9310344827586207,0.06896551724137934
"F[0,1](FiO2 <= 0.041 & HCO3 >= 0.389)
",-9999999.000,-9999999.000,0.000,0.000,1.000,27,0,0,2,29,0,27,2,0.9310344827586207,0,0,1.0,0.9310344827586207,0.06896551724137934
"F[0,1](((Creatinine <= 1.009 -> SBP <= 109.649) -> MAP >= 14.935) -> AST >= 1.867)
",-9999999.000,-9999999.000,0.000,0.000,1.000,27,0,0,2,29,0,27,2,0.9310344827586207,0,0,1.0,0.9310344827586207,0.06896551724137934
"((WBC <= 3.707) U[1,1] (Chloride >= 0.827))
",8346854334246178.000,3.707,0.000,0.000,1.000,27,0,0,2,29,0,27,2,0.9310344827586207,0,0,1.0,0.9310344827586207,0.06896551724137934
"F[0,1](((Chloride >= 2.626 & Hct <= 10.910) | Hct <= 2.066) -> Chloride >= 1.033)
",-9999999.000,-9999999.000,0.000,0.000,1.000,27,0,0,2,29,0,27,2,0.9310344827586207,0,0,1.0,0.9310344827586207,0.06896551724137934
"F[0,1]((Hgb >= 0.355 | WBC >= 0.007) | Hct >= 0.047)
",-9999999.000,-9999999.000,0.000,0.000,1.000,27,0,0,2,29,0,27,2,0.9310344827586207,0,0,1.0,0.9310344827586207,0.06896551724137934
"((PTT >= 2.504) U[1,1] (SBP <= 113.277))
",7971139338365983.000,113.277,0.000,0.000,1.000,27,0,0,2,29,0,27,2,0.9310344827586207,0,0,1.0,0.9310344827586207,0.06896551724137934
"F[1,1](((Chloride <= 71.110 & Magnesium <= 1.165) & Hct <= 1.452) -> AST >= 0.106)
",-5247128953616881.000,-1.165,0.000,0.000,1.000,27,0,0,2,29,0,27,2,0.9310344827586207,0,0,1.0,0.9310344827586207,0.06896551724137934
"((Glucose >= 2.017) U[0,1] (HCO3 >= 0.688))
",-9999999.000,-9999999.000,0.000,0.000,1.000,27,0,0,2,29,0,27,2,0.9310344827586207,0,0,1.0,0.9310344827586207,0.06896551724137934
"F[0,1](((BUN <= 21.804 | PTT >= 0.068) -> Platelets >= 3.309) | Magnesium >= 4.272)
",-9999999.000,-9999999.000,0.000,0.000,1.000,26,0,0,3,29,0,26,3,0.896551724137931,0,0,1.0,0.896551724137931,0.10344827586206895
"F[0,1]((Potassium >= 0.215 | HCO3 >= 0.334) | Platelets >= 0.281)
",-9999999.000,-9999999.000,0.000,0.000,1.000,26,0,0,3,29,0,26,3,0.896551724137931,0,0,1.0,0.896551724137931,0.10344827586206895
"((Creatinine >= 0.006) U[1,2] (Magnesium <= 1.267))
",-9999999.000,-9999999.000,0.000,0.000,1.000,26,0,0,3,29,0,26,3,0.896551724137931,0,0,1.0,0.896551724137931,0.10344827586206895
"((HR <= 100.982) U[0,1] (Magnesium >= 0.072))
",-9999999.000,-9999999.000,0.000,0.000,1.000,26,0,0,3,29,0,26,3,0.896551724137931,0,0,1.0,0.896551724137931,0.10344827586206895
"F[0,1](((Hgb <= 2.814 -> Resp >= 10.232) & PaCO2 <= 23.340) -> Potassium >= 4.660)
",-9999999.000,-9999999.000,0.000,0.000,1.000,24,0,0,5,29,0,24,5,0.8275862068965517,0,0,1.0,0.8275862068965517,0.1724137931034483
"F[0,1](Hgb >= 0.323 | FiO2 >= 0.015)
",-9999999.000,-9999999.000,0.000,0.000,1.000,24,0,0,5,29,0,24,5,0.8275862068965517,0,0,1.0,0.8275862068965517,0.1724137931034483
"F[0,1](PTT >= 2.278 & pH <= 0.000)
",-9999999.000,-9999999.000,0.000,0.000,1.000,24,0,0,5,29,0,24,5,0.8275862068965517,0,0,1.0,0.8275862068965517,0.1724137931034483
"F[0,0](((Creatinine <= 0.132 -> FiO2 <= 0.114) -> O2Sat <= 0.233) | AST >= 0.004)
",5.115,0.127,0.000,0.000,1.000,23,0,0,6,29,0,23,6,0.7931034482758621,0,0,1.0,0.7931034482758621,0.2068965517241379
"((Creatinine >= 0.043) U[0,1] (O2Sat <= 91.828))
",-9999999.000,-9999999.000,0.000,0.000,1.000,22,0,0,7,29,0,22,7,0.7586206896551724,0,0,1.0,0.7586206896551724,0.24137931034482762
"F[0,1](O2Sat <= 91.626 & SepsisLabel = 0.000)
",-9999999.000,-9999999.000,0.000,0.000,1.000,22,0,0,7,29,0,22,7,0.7586206896551724,0,0,1.0,0.7586206896551724,0.24137931034482762
"F[0,0](Temp >= 2.330 & Phosphate <= 0.000)
",-0.400,-0.313,0.000,0.000,1.000,20,0,0,9,29,0,20,9,0.6896551724137931,0,0,1.0,0.6896551724137931,0.31034482758620685
"F[1,1](((Temp >= 5.436 | HR >= 76.323) -> Glucose >= 78.935) | Alkalinephos >= 13.762)
",6120260752402527.000,5.436,0.000,0.000,1.000,16,0,0,13,29,0,16,13,0.5517241379310345,0,0,1.0,0.5517241379310345,0.4482758620689655
"F[1,1](((O2Sat <= 98.844 | Temp >= 4.960) | Fibrinogen >= 6.670) | Alkalinephos >= 1.196)
",6955558536935071.000,98.844,0.000,0.000,1.000,13,0,0,16,29,0,13,16,0.4482758620689655,0,0,1.0,0.4482758620689655,0.5517241379310345
"F[1,1](SBP <= 104.356 & SBP >= 86.249)
",-3034616931889089.500,-86.249,0.000,0.000,1.000,11,0,0,18,29,0,11,18,0.3793103448275862,0,0,1.0,0.3793103448275862,0.6206896551724138
"((SBP <= 97.383) U[0,0] (SBP <= 100.061))
",6.339,92.599,0.000,0.000,1.000,10,0,0,19,29,0,10,19,0.3448275862068966,0,0,1.0,0.3448275862068966,0.6551724137931034
"((Magnesium >= 0.064) U[0,0] (Temp <= 7.781))
",0.313,0.748,0.000,0.000,1.000,9,0,0,20,29,0,9,20,0.3103448275862069,0,0,1.0,0.3103448275862069,0.6896551724137931
"((MAP >= 49.132) U[1,1] (SBP <= 106.361))
",7484503059539575.000,106.361,0.000,0.000,1.000,9,0,0,20,29,0,9,20,0.3103448275862069,0,0,1.0,0.3103448275862069,0.6896551724137931
"((MAP >= 31.861) U[1,1] (SBP <= 108.336))
",3811728356672676.000,108.336,0.000,0.000,1.000,7,0,0,22,29,0,7,22,0.2413793103448276,0,0,1.0,0.2413793103448276,0.7586206896551724
"((FiO2 <= 0.033) U[1,1] (Hct <= 30.599))
",4306400795075676.000,30.599,0.000,0.000,1.000,5,0,0,24,29,0,5,24,0.1724137931034483,0,0,1.0,0.1724137931034483,0.8275862068965517
"F[1,1](HR <= 91.744 -> O2Sat >= 39.530)
",-91.744,-91.744,0.000,0.000,1.000,4,0,0,25,29,0,4,25,0.13793103448275862,0,0,1.0,0.13793103448275862,0.8620689655172413
"F[0,0]((MAP >= 18.927 & O2Sat >= 4.036) | Temp >= 64.897)
",3.989,71.629,0.000,0.000,1.000,3,0,0,26,29,0,3,26,0.10344827586206896,0,0,1.0,0.10344827586206896,0.896551724137931
"F[1,1](((Chloride <= 82.803 | Potassium <= 2.028) | DBP <= 3.110) -> PTT <= 0.453)
",-5826771361532227.000,-82.803,0.000,0.000,1.000,3,0,0,26,29,0,3,26,0.10344827586206896,0,0,1.0,0.10344827586206896,0.896551724137931
"F[0,0]((PaCO2 >= 0.000 & O2Sat >= 81.026) & Calcium <= 98.968)
",-0.405,-5.879,0.000,0.000,1.000,3,0,0,26,29,0,3,26,0.10344827586206896,0,0,1.0,0.10344827586206896,0.896551724137931
"((MAP >= 57.237) U[0,1] (SBP <= 106.975))
",-9999999.000,-9999999.000,0.000,0.000,1.000,3,0,0,26,29,0,3,26,0.10344827586206896,0,0,1.0,0.10344827586206896,0.896551724137931
"((Calcium <= 2.326) U[0,0] (FiO2 <= 0.090))
",2.326,2.326,0.000,0.000,1.000,3,0,0,26,29,0,3,26,0.10344827586206896,0,0,1.0,0.10344827586206896,0.896551724137931
"F[1,1]((HCO3 <= 17.506 & SBP <= 114.726) & Temp <= 109.279)
",17.506,17.506,0.000,0.000,1.000,3,0,0,26,29,0,3,26,0.10344827586206896,0,0,1.0,0.10344827586206896,0.896551724137931
"((O2Sat >= 38.753) U[1,2] (EtCO2 >= 0.000))
",-9999999.000,-9999999.000,0.000,0.000,1.000,3,0,0,26,29,0,3,26,0.10344827586206896,0,0,1.0,0.10344827586206896,0.896551724137931
"((WBC <= 9.000) U[0,0] (O2Sat >= 62.127))
",2.476,17.774,0.000,0.000,1.000,3,0,0,26,29,0,3,26,0.10344827586206896,0,0,1.0,0.10344827586206896,0.896551724137931
"F[1,1](Hgb <= 0.508 | Hct <= 8.083)
",4550297835735524.000,8.083,0.000,0.000,1.000,2,0,0,27,29,0,2,27,0.06896551724137931,0,0,1.0,0.06896551724137931,0.9310344827586207
"F[1,1]((Magnesium >= 0.073 | Temp <= 17.810) | Platelets >= 7.109)
",5013115115648067.000,17.810,0.000,0.000,1.000,2,0,0,27,29,0,2,27,0.06896551724137931,0,0,1.0,0.06896551724137931,0.9310344827586207
"((HCO3 >= 0.059) U[1,2] (WBC >= 0.137))
",-9999999.000,-9999999.000,0.000,0.000,1.000,2,0,0,27,29,0,2,27,0.06896551724137931,0,0,1.0,0.06896551724137931,0.9310344827586207
"((PTT >= 4.764) U[1,2] (WBC >= 0.223))
",-9999999.000,-9999999.000,0.000,0.000,1.000,2,0,0,27,29,0,2,27,0.06896551724137931,0,0,1.0,0.06896551724137931,0.9310344827586207
"F[1,1](Hgb <= 3.953 | Hct <= 19.472)
",19.472,19.472,0.000,0.000,1.000,2,0,0,27,29,0,2,27,0.06896551724137931,0,0,1.0,0.06896551724137931,0.9310344827586207
"((pH >= 0.000) U[1,1] (Platelets <= 6.212))
",2331500072524444.500,6.212,0.000,0.000,1.000,2,0,0,27,29,0,2,27,0.06896551724137931,0,0,1.0,0.06896551724137931,0.9310344827586207
"((Bilirubin_direct <= 0.000) U[1,1] (BUN <= 54.396))
",54.396,54.396,0.000,0.000,1.000,2,0,0,27,29,0,2,27,0.06896551724137931,0,0,1.0,0.06896551724137931,0.9310344827586207
"F[0,0]((Phosphate >= 0.000 & Magnesium > 0.082) -> Calcium < 3.225)
",-2420507936448860.500,-3.225,0.000,0.000,1.000,1,0,0,28,29,0,1,28,0.034482758620689655,0,0,1.0,0.034482758620689655,0.9655172413793104
"((Calcium <= 7.084) U[1,2] (HR >= 4.055))
",-9999999.000,-9999999.000,0.000,0.000,1.000,1,0,0,28,29,0,1,28,0.034482758620689655,0,0,1.0,0.034482758620689655,0.9655172413793104
"F[0,0](Potassium <= 0.267 & Bilirubin_direct <= 0.000)
",-0.189,-0.048,0.000,0.000,1.000,1,0,0,28,29,0,1,28,0.034482758620689655,0,0,1.0,0.034482758620689655,0.9655172413793104
"((Creatinine <= 0.781) U[1,1] (MAP <= 83.198))
",83.198,83.198,0.000,0.000,1.000,1,0,0,28,29,0,1,28,0.034482758620689655,0,0,1.0,0.034482758620689655,0.9655172413793104
"((SBP > 16.229) U[1,1] (SepsisLabel = 0.000))
",0.000,0.000,0.000,0.000,1.000,1,0,0,28,29,0,1,28,0.034482758620689655,0,0,1.0,0.034482758620689655,0.9655172413793104
"((Calcium <= 3.472) U[1,2] (SepsisLabel = 0.000))
",-9999999.000,-9999999.000,0.000,0.000,1.000,1,0,0,28,29,0,1,28,0.034482758620689655,0,0,1.0,0.034482758620689655,0.9655172413793104
"((MAP >= 5.834) U[1,2] (SBP <= 118.820))
",-9999999.000,-9999999.000,0.000,0.000,1.000,1,0,0,28,29,0,1,28,0.034482758620689655,0,0,1.0,0.034482758620689655,0.9655172413793104
"((Glucose <= 43.569) U[0,0] (HR >= 66.171))
",7663407947105507.000,6969.829,0.000,0.000,1.000,1,0,0,28,29,0,1,28,0.034482758620689655,0,0,1.0,0.034482758620689655,0.9655172413793104
"((Chloride <= 91.157) U[1,2] (EtCO2 <= 0.000))
",-9999999.000,-9999999.000,0.000,0.000,1.000,0,0,0,29,29,0,0,29,0.0,0,0,0.0,0.0,1.0
"F[1,2]((Hgb <= 1.323 -> Magnesium <= 1.555) | HR <= 0.816)
",-9999999.000,-9999999.000,0.000,0.000,1.000,0,0,0,29,29,0,0,29,0.0,0,0,0.0,0.0,1.0
"F[0,1](((Hct >= 0.898 & Glucose <= 32.143) -> TroponinI <= 53.965) -> FiO2 <= 90.323)
",-9999999.000,-9999999.000,0.000,0.000,1.000,0,0,0,29,29,0,0,29,0.0,0,0,0.0,0.0,1.0
"((BUN <= 27.457) U[1,2] (HR <= 79.555))
",-9999999.000,-9999999.000,0.000,0.000,1.000,0,0,0,29,29,0,0,29,0.0,0,0,0.0,0.0,1.0
"F[0,1]((PaCO2 >= 0.000 -> Temp >= 6.055) -> Glucose <= 19.644)
",-9999999.000,-9999999.000,0.000,0.000,1.000,0,0,0,29,29,0,0,29,0.0,0,0,0.0,0.0,1.0
"F[0,2](Potassium <= 1.770 -> SepsisLabel <= 0.000)
",-9999999.000,-9999999.000,0.000,0.000,1.000,0,0,0,29,29,0,0,29,0.0,0,0,0.0,0.0,1.0
"F[0,0](((Creatinine <= 1.479 & Phosphate >= 0.000) -> Fibrinogen >= 0.000) -> Lactate <= 0.000)
",0.000,0.000,0.000,0.000,1.000,0,0,0,29,29,0,0,29,0.0,0,0,0.0,0.0,1.0
"F[2,2]((Resp <= 29.983 | Hct <= 31.000) | HCO3 >= 1.131)
",8725829321060409.000,31.000,0.000,0.000,1.000,0,0,0,29,29,0,0,29,0.0,0,0,0.0,0.0,1.0
"((SaO2 >= 0.000) U[0,1] (HCO3 <= 3.275))
",-9999999.000,-9999999.000,0.000,0.000,1.000,0,0,0,29,29,0,0,29,0.0,0,0,0.0,0.0,1.0
"F[0,1](((SBP <= 117.259 | SaO2 <= 0.000) -> Resp <= 0.000) | TroponinI <= 0.000)
",-9999999.000,-9999999.000,0.000,0.000,1.000,0,0,0,29,29,0,0,29,0.0,0,0,0.0,0.0,1.0
"F[2,2]((Bilirubin_total <= 0.000 | Fibrinogen <= 0.000) -> Bilirubin_total >= 0.000)
",0.000,0.000,0.000,0.000,1.000,0,0,0,29,29,0,0,29,0.0,0,0,0.0,0.0,1.0
"((Bilirubin_direct <= 0.000) U[1,2] (BUN <= 22.818))
",-9999999.000,-9999999.000,0.000,0.000,1.000,0,0,0,29,29,0,0,29,0.0,0,0,0.0,0.0,1.0
"F[0,2]((Hct <= 11.983 -> Resp <= 27.220) -> O2Sat <= 25.771)
",-9999999.000,-9999999.000,0.000,0.000,1.000,0,0,0,29,29,0,0,29,0.0,0,0,0.0,0.0,1.0
"F[1,2]((Calcium <= 6.179 | Fibrinogen >= 0.000) | SBP >= 0.000)
",-9999999.000,-9999999.000,0.000,0.000,1.000,0,0,0,29,29,0,0,29,0.0,0,0,0.0,0.0,1.0
"F[0,1](((WBC <= 0.650 & BUN <= 11.951) | Resp >= 3.249) -> HR >= 2.306)
",-9999999.000,-9999999.000,0.000,0.000,1.000,0,0,0,29,29,0,0,29,0.0,0,0,0.0,0.0,1.0
"F[0,1](((SepsisLabel <= 0.000 | BUN <= 39.539) -> BaseExcess >= 3.127) -> O2Sat <= 19.580)
",-9999999.000,-9999999.000,0.000,0.000,1.000,0,0,0,29,29,0,0,29,0.0,0,0,0.0,0.0,1.0
"F[1,1](((Chloride <= 13.553 & Lactate >= 0.000) -> Calcium >= 0.000) & Calcium <= 0.000)
",0.000,0.000,0.000,0.000,1.000,0,0,0,29,29,0,0,29,0.0,0,0,0.0,0.0,1.0
"F[0,0](((Temp >= 6.682 | Bilirubin_direct <= 0.000) & TroponinI >= 0.000) & Platelets <= 0.000)
",0.000,0.000,0.000,0.000,1.000,0,0,0,29,29,0,0,29,0.0,0,0,0.0,0.0,1.0
"F[0,0](HCO3 >= 0.403 | HR <= 103.696)
",-7260040704708610.000,-0.403,0.000,0.000,1.000,0,0,0,29,29,0,0,29,0.0,0,0,0.0,0.0,1.0
"F[0,2]((AST <= 0.000 -> MAP <= 80.899) & PTT >= 31.853)
",-9999999.000,-9999999.000,0.000,0.000,1.000,0,0,0,29,29,0,0,29,0.0,0,0,0.0,0.0,1.0
"((AST <= 0.000) U[1,2] (MAP <= 80.899))
",-9999999.000,-9999999.000,0.000,0.000,1.000,0,0,0,29,29,0,0,29,0.0,0,0,0.0,0.0,1.0
"F[0,2](((Magnesium >= 0.041 & TroponinI >= 0.000) & Hgb >= 0.000) -> AST <= 0.000)
",-9999999.000,-9999999.000,0.000,0.000,1.000,0,0,0,29,29,0,0,29,0.0,0,0,0.0,0.0,1.0
"F[0,1](((Temp <= 35.443 | AST <= 0.000) -> EtCO2 <= 0.000) & HCO3 <= 0.000)
",-9999999.000,-9999999.000,0.000,0.000,1.000,0,0,0,29,29,0,0,29,0.0,0,0,0.0,0.0,1.0
"F[1,2](((Glucose >= 3.299 & EtCO2 >= 0.000) | TroponinI >= 0.000) -> WBC >= 0.000)
",-9999999.000,-9999999.000,0.000,0.000,1.000,0,0,0,29,29,0,0,29,0.0,0,0,0.0,0.0,1.0
"F[1,1](Platelets <= 50.041 | BaseExcess <= 0.000)
",7042574371145789.000,50.041,0.000,0.000,1.000,0,0,0,29,29,0,0,29,0.0,0,0,0.0,0.0,1.0
"F[0,2](((Bilirubin_direct <= 0.000 & Bilirubin_direct >= 0.000) -> Resp <= 0.000) | AST >= 0.000)
",-9999999.000,-9999999.000,0.000,0.000,1.000,0,0,0,29,29,0,0,29,0.0,0,0,0.0,0.0,1.0
"F[0,2]((Calcium >= 0.007 | Creatinine >= 0.019) & HR <= 0.670)
",-9999999.000,-9999999.000,0.000,0.000,1.000,0,0,0,29,29,0,0,29,0.0,0,0,0.0,0.0,1.0
"((Temp <= 11.837) U[0,2] (BUN <= 58.468))
",-9999999.000,-9999999.000,0.000,0.000,1.000,0,0,0,29,29,0,0,29,0.0,0,0,0.0,0.0,1.0
"((FiO2 <= 0.080) U[0,2] (Temp >= 1.915))
",-9999999.000,-9999999.000,0.000,0.000,1.000,0,0,0,29,29,0,0,29,0.0,0,0,0.0,0.0,1.0
"((Bilirubin_total <= 0.000) U[0,2] (Phosphate <= 0.000))
",-9999999.000,-9999999.000,0.000,0.000,1.000,0,0,0,29,29,0,0,29,0.0,0,0,0.0,0.0,1.0
"F[0,2](((PTT >= 2.571 & Chloride <= 33.967) | Glucose <= 57.086) -> Temp <= 37.933)
",-9999999.000,-9999999.000,0.000,0.000,1.000,0,0,0,29,29,0,0,29,0.0,0,0,0.0,0.0,1.0
"F[0,1](Hct >= 0.883 -> Hgb <= 12.460)
",-9999999.000,-9999999.000,0.000,0.000,1.000,0,0,0,29,29,0,0,29,0.0,0,0,0.0,0.0,1.0
"((PTT >= 5.135) U[0,1] (pH >= 0.000))
",-9999999.000,-9999999.000,0.000,0.000,1.000,0,0,0,29,29,0,0,29,0.0,0,0,0.0,0.0,1.0
"((Bilirubin_total <= 0.000) U[0,2] (Potassium <= 3.988))
",-9999999.000,-9999999.000,0.000,0.000,1.000,0,0,0,29,29,0,0,29,0.0,0,0,0.0,0.0,1.0
"F[0,1]((Bilirubin_total <= 0.000 -> Bilirubin_direct <= 0.000) & SaO2 >= 0.000)
",-9999999.000,-9999999.000,0.000,0.000,1.000,0,0,0,29,29,0,0,29,0.0,0,0,0.0,0.0,1.0
"F[1,2](((Temp <= 20.100 -> SBP >= 65.816) -> O2Sat <= 103.896) & Lactate >= 48.176)
",-9999999.000,-9999999.000,0.000,0.000,1.000,0,0,0,29,29,0,0,29,0.0,0,0,0.0,0.0,1.0
"F[0,1](TroponinI >= 0.000 | pH >= 0.000)
",-9999999.000,-9999999.000,0.000,0.000,1.000,0,0,0,29,29,0,0,29,0.0,0,0,0.0,0.0,1.0
"((SBP >= 55.594) U[0,2] (Bilirubin_direct <= 0.000))
",-9999999.000,-9999999.000,0.000,0.000,1.000,0,0,0,29,29,0,0,29,0.0,0,0,0.0,0.0,1.0
"F[0,1]((Hct <= 31.683 | Hgb <= 2.416) | Glucose >= 0.109)
",-9999999.000,-9999999.000,0.000,0.000,1.000,0,0,0,29,29,0,0,29,0.0,0,0,0.0,0.0,1.0
"F[0,1](((BaseExcess >= 0.000 | HR <= 106.427) & Creatinine >= 11.167) -> Platelets >= 41.106)
",-9999999.000,-9999999.000,0.000,0.000,1.000,0,0,0,29,29,0,0,29,0.0,0,0,0.0,0.0,1.0
"F[0,1](Alkalinephos >= 0.000 -> Lactate >= 0.000)
",-9999999.000,-9999999.000,0.000,0.000,1.000,0,0,0,29,29,0,0,29,0.0,0,0,0.0,0.0,1.0
"F[0,2](((Creatinine >= 0.014 | Alkalinephos >= 0.000) | PaCO2 >= 0.000) | TroponinI <= 0.000)
",-9999999.000,-9999999.000,0.000,0.000,1.000,0,0,0,29,29,0,0,29,0.0,0,0,0.0,0.0,1.0
"F[0,1](((Resp <= 20.041 & BaseExcess >= 0.000) | Glucose <= 0.000) | Potassium >= 0.000)
",-9999999.000,-9999999.000,0.000,0.000,1.000,0,0,0,29,29,0,0,29,0.0,0,0,0.0,0.0,1.0
"F[2,2](Calcium <= 8.126 | DBP <= 0.000)
",4574810253574653.000,8.126,0.000,0.000,1.000,0,0,0,29,29,0,0,29,0.0,0,0,0.0,0.0,1.0
"((HR >= 25.016) U[2,2] (DBP >= 0.000))
",0.000,0.000,0.000,0.000,1.000,0,0,0,29,29,0,0,29,0.0,0,0,0.0,0.0,1.0
"F[1,1](((Temp >= 2.583 | PTT >= 1.771) | Magnesium <= 91.305) & EtCO2 <= 27.497)
",27.497,27.497,0.000,0.000,1.000,0,0,0,29,29,0,0,29,0.0,0,0,0.0,0.0,1.0
"F[2,2](SBP <= 109.859 & Hgb >= 0.296)
",-0.296,-0.296,0.000,0.000,1.000,0,0,0,29,29,0,0,29,0.0,0,0,0.0,0.0,1.0
"F[0,1]((SaO2 >= 0.000 & Platelets >= 4.080) -> Fibrinogen <= 167.450)
",-9999999.000,-9999999.000,0.000,0.000,1.000,0,0,0,29,29,0,0,29,0.0,0,0,0.0,0.0,1.0
"F[1,2]((TroponinI <= 0.000 | Bilirubin_total <= 0.000) -> SBP <= 0.000)
",-9999999.000,-9999999.000,0.000,0.000,1.000,0,0,0,29,29,0,0,29,0.0,0,0,0.0,0.0,1.0
"F[2,2](Fibrinogen >= 0.000 | AST >= 0.000)
",0.000,0.000,0.000,0.000,1.000,0,0,0,29,29,0,0,29,0.0,0,0,0.0,0.0,1.0
"F[1,2](((Bilirubin_direct >= 0.000 & BUN <= 16.935) | Lactate <= 29.627) & Alkalinephos <= 82.151)
",-9999999.000,-9999999.000,0.000,0.000,1.000,0,0,0,29,29,0,0,29,0.0,0,0,0.0,0.0,1.0
"((Chloride <= 58.755) U[1,1] (Alkalinephos <= 0.000))
",8269073336792478.000,58.755,0.000,0.000,1.000,0,0,0,29,29,0,0,29,0.0,0,0,0.0,0.0,1.0
"F[0,0](((EtCO2 <= 0.000 -> Lactate >= 0.000) | Resp <= 0.000) -> Hgb <= 0.000)
",0.000,0.000,0.000,0.000,1.000,0,0,0,29,29,0,0,29,0.0,0,0,0.0,0.0,1.0
"F[1,2](((SBP >= 18.864 | FiO2 >= 0.007) | Glucose <= 0.115) | Magnesium <= 0.079)
",-9999999.000,-9999999.000,0.000,0.000,1.000,0,0,0,29,29,0,0,29,0.0,0,0,0.0,0.0,1.0
"F[1,2]((SBP >= 45.338 & SBP <= 102.196) -> TroponinI <= 99.685)
",-9999999.000,-9999999.000,0.000,0.000,1.000,0,0,0,29,29,0,0,29,0.0,0,0,0.0,0.0,1.0
"F[0,1](SBP >= 0.290 | Lactate <= 0.000)
",-9999999.000,-9999999.000,0.000,0.000,1.000,0,0,0,29,29,0,0,29,0.0,0,0,0.0,0.0,1.0
"F[0,1](((EtCO2 >= 0.000 | Bilirubin_direct <= 0.000) -> Calcium >= 0.000) -> Hct <= 0.000)
",-9999999.000,-9999999.000,0.000,0.000,1.000,0,0,0,29,29,0,0,29,0.0,0,0,0.0,0.0,1.0
"((Bilirubin_direct >= 0.000) U[2,2] (Bilirubin_direct <= 0.000))
",0.000,0.000,0.000,0.000,1.000,0,0,0,29,29,0,0,29,0.0,0,0,0.0,0.0,1.0
"F[1,2]((HR >= 31.336 | EtCO2 >= 0.000) & Temp <= 0.000)
",-9999999.000,-9999999.000,0.000,0.000,1.000,0,0,0,29,29,0,0,29,0.0,0,0,0.0,0.0,1.0
"F[0,1](((Platelets <= 42.493 & Hgb >= 0.216) & SBP <= 13.017) | SaO2 <= 11.667)
",-9999999.000,-9999999.000,0.000,0.000,1.000,0,0,0,29,29,0,0,29,0.0,0,0,0.0,0.0,1.0
"F[1,2](BaseExcess <= 0.000 -> TroponinI >= 0.000)
",-9999999.000,-9999999.000,0.000,0.000,1.000,0,0,0,29,29,0,0,29,0.0,0,0,0.0,0.0,1.0
"F[0,2](Bilirubin_direct >= 0.000 & Chloride <= 6.344)
",-9999999.000,-9999999.000,0.000,0.000,1.000,0,0,0,29,29,0,0,29,0.0,0,0,0.0,0.0,1.0
"F[0,1](((Bilirubin_direct <= 0.000 & Fibrinogen >= 0.000) | Hct >= 0.000) & SaO2 <= 0.000)
",-9999999.000,-9999999.000,0.000,0.000,1.000,0,0,0,29,29,0,0,29,0.0,0,0,0.0,0.0,1.0
"F[1,1]((Platelets >= 1.950 | Calcium >= 0.081) | HCO3 <= 7.439)
",4187556971768863.000,7.439,0.000,0.000,1.000,0,0,0,29,29,0,0,29,0.0,0,0,0.0,0.0,1.0
"F[0,0](Glucose >= 0.913 -> Phosphate <= 0.000)
",0.189,0.031,0.000,0.000,1.000,0,0,0,29,29,0,0,29,0.0,0,0,0.0,0.0,1.0
"F[0,2](Alkalinephos >= 0.000 | HCO3 <= 26.719)
",-9999999.000,-9999999.000,0.000,0.000,1.000,0,0,0,29,29,0,0,29,0.0,0,0,0.0,0.0,1.0
"((BaseExcess <= 0.000) U[1,1] (SepsisLabel <= 0.000))
",0.000,0.000,0.000,0.000,1.000,0,0,0,29,29,0,0,29,0.0,0,0,0.0,0.0,1.0
"F[0,2](((Creatinine >= 0.019 & WBC <= 5.751) & Phosphate <= 2.746) | MAP <= 1.898)
",-9999999.000,-9999999.000,0.000,0.000,1.000,0,0,0,29,29,0,0,29,0.0,0,0,0.0,0.0,1.0
"((Glucose >= 1.307) U[0,1] (Creatinine <= 1.250))
",-9999999.000,-9999999.000,0.000,0.000,1.000,0,0,0,29,29,0,0,29,0.0,0,0,0.0,0.0,1.0
"F[0,1]((Bilirubin_direct >= 0.000 & Potassium >= 0.242) -> SBP <= 1.772)
",-9999999.000,-9999999.000,0.000,0.000,1.000,0,0,0,29,29,0,0,29,0.0,0,0,0.0,0.0,1.0
"F[0,2]((Creatinine >= 0.065 & Alkalinephos <= 0.000) & PTT <= 0.000)
",-9999999.000,-9999999.000,0.000,0.000,1.000,0,0,0,29,29,0,0,29,0.0,0,0,0.0,0.0,1.0
"F[0,0]((MAP >= 50.519 -> Alkalinephos >= 0.000) | pH <= 0.000)
",0.000,0.000,0.000,0.000,1.000,0,0,0,29,29,0,0,29,0.0,0,0,0.0,0.0,1.0
"F[0,2](((WBC <= 0.444 & Resp <= 21.234) | Temp >= 3.350) -> BaseExcess <= 24.205)
",-9999999.000,-9999999.000,0.000,0.000,1.000,0,0,0,29,29,0,0,29,0.0,0,0,0.0,0.0,1.0
"F[2,2](SBP >= 1.244 | SaO2 >= 0.000)
",0.000,0.000,0.000,0.000,1.000,0,0,0,29,29,0,0,29,0.0,0,0,0.0,0.0,1.0
"F[0,2](Glucose >= 0.383 | DBP >= 0.000)
",-9999999.000,-9999999.000,0.000,0.000,1.000,0,0,0,29,29,0,0,29,0.0,0,0,0.0,0.0,1.0
"F[1,1](((pH >= 0.000 -> BaseExcess <= 0.000) & EtCO2 >= 0.000) | WBC <= 0.000)
",0.000,0.000,0.000,0.000,1.000,0,0,0,29,29,0,0,29,0.0,0,0,0.0,0.0,1.0
"F[0,2]((Hgb <= 1.632 & Platelets >= 1.144) | Hct >= 2.183)
",-9999999.000,-9999999.000,0.000,0.000,1.000,0,0,0,29,29,0,0,29,0.0,0,0,0.0,0.0,1.0
"((Magnesium >= 0.038) U[0,2] (MAP >= 24.802))
",-9999999.000,-9999999.000,0.000,0.000,1.000,0,0,0,29,29,0,0,29,0.0,0,0,0.0,0.0,1.0
"F[0,2]((BaseExcess >= 0.000 & Lactate <= 0.000) | Creatinine <= 0.000)
",-9999999.000,-9999999.000,0.000,0.000,1.000,0,0,0,29,29,0,0,29,0.0,0,0,0.0,0.0,1.0
"F[0,1](EtCO2 >= 0.000 | Creatinine <= 0.594)
",-9999999.000,-9999999.000,0.000,0.000,1.000,0,0,0,29,29,0,0,29,0.0,0,0,0.0,0.0,1.0
"F[0,2](Temp <= 15.021 -> Glucose >= 1.901)
",-9999999.000,-9999999.000,0.000,0.000,1.000,0,0,0,29,29,0,0,29,0.0,0,0,0.0,0.0,1.0
"F[0,0](((Platelets <= 148.483 | PTT >= 5.157) -> Bilirubin_direct <= 16.686) | Hgb <= 31.127)
",2920521214928493.500,31.127,0.000,0.000,1.000,0,0,0,29,29,0,0,29,0.0,0,0,0.0,0.0,1.0
"F[0,1](((BUN <= 17.828 | Bilirubin_total >= 0.000) & MAP <= 0.000) -> Alkalinephos >= 0.000)
",-9999999.000,-9999999.000,0.000,0.000,1.000,0,0,0,29,29,0,0,29,0.0,0,0,0.0,0.0,1.0
"F[1,2]((Resp >= 16.669 & SaO2 <= 0.000) & HCO3 >= 0.000)
",-9999999.000,-9999999.000,0.000,0.000,1.000,0,0,0,29,29,0,0,29,0.0,0,0,0.0,0.0,1.0
"((FiO2 <= 0.335) U[2,2] (Potassium >= 0.056))
",6025883402717791.000,0.335,0.000,0.000,1.000,0,0,0,29,29,0,0,29,0.0,0,0,0.0,0.0,1.0
"F[2,2]((PaCO2 <= 0.000 -> Resp <= 26.068) & Bilirubin_total >= 6.821)
",-3668688892097540.500,-26.068,0.000,0.000,1.000,0,0,0,29,29,0,0,29,0.0,0,0,0.0,0.0,1.0
"F[0,0]((WBC <= 2.807 | BaseExcess >= 0.000) -> Chloride >= 0.000)
",-2.091,-2.824,0.000,0.000,1.000,0,0,0,29,29,0,0,29,0.0,0,0,0.0,0.0,1.0
"F[0,2]((Temp <= 19.214 & AST >= 0.000) | HR <= 0.000)
",-9999999.000,-9999999.000,0.000,0.000,1.000,0,0,0,29,29,0,0,29,0.0,0,0,0.0,0.0,1.0
"F[0,2](((PaCO2 <= 0.000 -> Calcium >= 0.150) -> HCO3 <= 5.072) -> O2Sat <= 6.084)
",-9999999.000,-9999999.000,0.000,0.000,1.000,0,0,0,29,29,0,0,29,0.0,0,0,0.0,0.0,1.0
"((Alkalinephos >= 0.000) U[1,2] (BUN >= 1.185))
",-9999999.000,-9999999.000,0.000,0.000,1.000,0,0,0,29,29,0,0,29,0.0,0,0,0.0,0.0,1.0
"F[1,2](Temp <= 20.123 & pH <= 0.000)
",-9999999.000,-9999999.000,0.000,0.000,1.000,0,0,0,29,29,0,0,29,0.0,0,0,0.0,0.0,1.0
"F[1,2](((DBP >= 0.000 -> Platelets >= 3.797) -> Lactate <= 116.016) | Lactate >= 3.492)
",-9999999.000,-9999999.000,0.000,0.000,1.000,0,0,0,29,29,0,0,29,0.0,0,0,0.0,0.0,1.0
"F[2,2](((Bilirubin_direct >= 0.000 -> Bilirubin_direct >= 0.000) | Creatinine <= 0.000) & Hct <= 0.000)
",0.000,0.000,0.000,0.000,1.000,0,0,0,29,29,0,0,29,0.0,0,0,0.0,0.0,1.0
"F[0,0](((SBP >= 12.767 -> Fibrinogen <= 0.000) & PaCO2 >= 0.000) -> Calcium >= 0.000)
",0.000,0.000,0.000,0.000,1.000,0,0,0,29,29,0,0,29,0.0,0,0,0.0,0.0,1.0
"F[0,2]((Glucose >= 1.866 -> BaseExcess <= 0.000) & EtCO2 >= 0.000)
",-9999999.000,-9999999.000,0.000,0.000,1.000,0,0,0,29,29,0,0,29,0.0,0,0,0.0,0.0,1.0
"((BaseExcess >= 0.000) U[1,2] (Creatinine <= 1.146))
",-9999999.000,-9999999.000,0.000,0.000,1.000,0,0,0,29,29,0,0,29,0.0,0,0,0.0,0.0,1.0
"F[0,2](((Calcium <= 3.407 & Lactate <= 0.000) | Magnesium <= 0.000) -> PTT >= 0.000)
",-9999999.000,-9999999.000,0.000,0.000,1.000,0,0,0,29,29,0,0,29,0.0,0,0,0.0,0.0,1.0
"F[2,2](((PTT <= 70.212 -> Chloride <= 31.046) -> MAP >= 0.617) | PaCO2 <= 35.205)
",4954599153104479.000,35.205,0.000,0.000,1.000,0,0,0,29,29,0,0,29,0.0,0,0,0.0,0.0,1.0
"F[0,1](Alkalinephos <= 0.000 -> EtCO2 <= 0.000)
",-9999999.000,-9999999.000,0.000,0.000,1.000,0,0,0,29,29,0,0,29,0.0,0,0,0.0,0.0,1.0
"F[1,1](((TroponinI <= 0.000 -> SepsisLabel <= 0.000) & TroponinI <= 0.000) -> Glucose >= 0.000)
",0.000,0.000,0.000,0.000,1.000,0,0,0,29,29,0,0,29,0.0,0,0,0.0,0.0,1.0
"F[1,2]((Potassium >= 0.169 -> BUN <= 52.208) & Hgb <= 72.237)
",-9999999.000,-9999999.000,0.000,0.000,1.000,0,0,0,29,29,0,0,29,0.0,0,0,0.0,0.0,1.0
"F[0,2](Bilirubin_total >= 0.000 & MAP <= 85.658)
",-9999999.000,-9999999.000,0.000,0.000,1.000,0,0,0,29,29,0,0,29,0.0,0,0,0.0,0.0,1.0
"F[0,1]((AST <= 0.000 & O2Sat <= 99.512) | DBP >= 3.951)
",-9999999.000,-9999999.000,0.000,0.000,1.000,0,0,0,29,29,0,0,29,0.0,0,0,0.0,0.0,1.0
"F[1,2](TroponinI <= 0.000 -> Fibrinogen >= 0.000)
",-9999999.000,-9999999.000,0.000,0.000,1.000,0,0,0,29,29,0,0,29,0.0,0,0,0.0,0.0,1.0
"F[1,1](((EtCO2 <= 0.000 & PaCO2 <= 0.000) -> PaCO2 <= 0.000) -> Potassium >= 0.000)
",0.000,0.000,0.000,0.000,1.000,0,0,0,29,29,0,0,29,0.0,0,0,0.0,0.0,1.0
"F[1,2](Fibrinogen >= 0.000 | PTT <= 72.685)
",-9999999.000,-9999999.000,0.000,0.000,1.000,0,0,0,29,29,0,0,29,0.0,0,0,0.0,0.0,1.0
"((Magnesium <= 1.921) U[0,2] (Bilirubin_direct <= 0.000))
",-9999999.000,-9999999.000,0.000,0.000,1.000,0,0,0,29,29,0,0,29,0.0,0,0,0.0,0.0,1.0
"F[0,1](((O2Sat <= 95.216 -> Temp <= 18.718) & Calcium >= 7.142) -> BaseExcess >= 0.367)
",-9999999.000,-9999999.000,0.000,0.000,1.000,0,0,0,29,29,0,0,29,0.0,0,0,0.0,0.0,1.0
"F[0,1]((EtCO2 <= 0.000 & O2Sat >= 34.901) & TroponinI <= 98.763)
",-9999999.000,-9999999.000,0.000,0.000,1.000,0,0,0,29,29,0,0,29,0.0,0,0,0.0,0.0,1.0
"F[1,2]((Resp >= 7.130 & WBC >= 0.049) & SBP >= 0.202)
",-9999999.000,-9999999.000,0.000,0.000,1.000,0,0,0,29,29,0,0,29,0.0,0,0,0.0,0.0,1.0
"F[1,2](((WBC >= 0.001 & Resp <= 24.291) | Bilirubin_total <= 21.378) | BaseExcess <= 26.484)
",-9999999.000,-9999999.000,0.000,0.000,1.000,0,0,0,29,29,0,0,29,0.0,0,0,0.0,0.0,1.0
"F[0,0]((EtCO2 <= 0.000 & Bilirubin_direct >= 0.000) | Fibrinogen <= 0.000)
",0.000,0.000,0.000,0.000,1.000,0,0,0,29,29,0,0,29,0.0,0,0,0.0,0.0,1.0
"F[0,2]((Potassium >= 0.155 -> Creatinine >= 0.057) & Bilirubin_total >= 0.035)
",-9999999.000,-9999999.000,0.000,0.000,1.000,0,0,0,29,29,0,0,29,0.0,0,0,0.0,0.0,1.0
"((TroponinI <= 0.000) U[2,2] (MAP <= 72.461))
",5098998870010671.000,72.461,0.000,0.000,1.000,0,0,0,29,29,0,0,29,0.0,0,0,0.0,0.0,1.0
"F[0,1](O2Sat >= 28.662 | Hct >= 1.207)
",-9999999.000,-9999999.000,0.000,0.000,1.000,0,0,0,29,29,0,0,29,0.0,0,0,0.0,0.0,1.0
"F[0,1]((EtCO2 <= 0.000 | Chloride <= 84.419) & Resp >= 1.866)
",-9999999.000,-9999999.000,0.000,0.000,1.000,0,0,0,29,29,0,0,29,0.0,0,0,0.0,0.0,1.0
"((DBP >= 0.000) U[0,2] (Creatinine <= 0.174))
",-9999999.000,-9999999.000,0.000,0.000,1.000,0,0,0,29,29,0,0,29,0.0,0,0,0.0,0.0,1.0
"((PaCO2 >= 0.000) U[0,2] (Chloride <= 58.047))
",-9999999.000,-9999999.000,0.000,0.000,1.000,0,0,0,29,29,0,0,29,0.0,0,0,0.0,0.0,1.0
"((HCO3 >= 0.191) U[0,2] (O2Sat >= 13.427))
",-9999999.000,-9999999.000,0.000,0.000,1.000,0,0,0,29,29,0,0,29,0.0,0,0,0.0,0.0,1.0
"F[0,2]((Potassium <= 1.310 | Magnesium >= 0.086) & Hgb <= 1.464)
",-9999999.000,-9999999.000,0.000,0.000,1.000,0,0,0,29,29,0,0,29,0.0,0,0,0.0,0.0,1.0
"F[0,2]((EtCO2 <= 0.000 | AST <= 0.000) -> Phosphate >= 0.000)
",-9999999.000,-9999999.000,0.000,0.000,1.000,0,0,0,29,29,0,0,29,0.0,0,0,0.0,0.0,1.0
"F[2,2](HR >= 56.994 -> WBC <= 9.020)
",-5077661735529716.000,-9.020,0.000,0.000,1.000,0,0,0,29,29,0,0,29,0.0,0,0,0.0,0.0,1.0
"F[0,2](WBC <= 0.995 -> Platelets >= 1.101)
",-9999999.000,-9999999.000,0.000,0.000,1.000,0,0,0,29,29,0,0,29,0.0,0,0,0.0,0.0,1.0
"F[0,0](((Glucose >= 2.845 | Hgb >= 0.340) | Magnesium <= 11.150) | SaO2 >= 0.427)
",11.150,11.150,0.000,0.000,1.000,0,0,0,29,29,0,0,29,0.0,0,0,0.0,0.0,1.0
"F[0,0](((Chloride <= 29.361 & Alkalinephos >= 0.000) | Phosphate <= 0.000) | WBC <= 0.000)
",0.189,0.706,0.000,0.000,1.000,0,0,0,29,29,0,0,29,0.0,0,0,0.0,0.0,1.0
"F[0,1](((Phosphate <= 0.000 | BUN <= 78.169) & SaO2 >= 0.781) -> Potassium >= 0.544)
",-9999999.000,-9999999.000,0.000,0.000,1.000,0,0,0,29,29,0,0,29,0.0,0,0,0.0,0.0,1.0
"F[1,2]((Hgb >= 0.440 | AST >= 0.000) & Hgb <= 0.000)
",-9999999.000,-9999999.000,0.000,0.000,1.000,0,0,0,29,29,0,0,29,0.0,0,0,0.0,0.0,1.0
"F[0,2](Lactate <= 0.000 -> DBP <= 0.000)
",-9999999.000,-9999999.000,0.000,0.000,1.000,0,0,0,29,29,0,0,29,0.0,0,0,0.0,0.0,1.0
"F[0,2](Hgb <= 5.584 | Hct <= 20.654)
",-9999999.000,-9999999.000,0.000,0.000,1.000,0,0,0,29,29,0,0,29,0.0,0,0,0.0,0.0,1.0
"F[1,2](((DBP <= 0.000 & HR >= 67.552) -> pH <= 105.968) -> Creatinine >= 44.107)
",-9999999.000,-9999999.000,0.000,0.000,1.000,0,0,0,29,29,0,0,29,0.0,0,0,0.0,0.0,1.0
"((Phosphate >= 0.000) U[1,2] (SepsisLabel = 0.000))
",-9999999.000,-9999999.000,0.000,0.000,1.000,0,0,0,29,29,0,0,29,0.0,0,0,0.0,0.0,1.0
"((Bilirubin_total >= 0.000) U[2,2] (SepsisLabel = 0.000))
",0.000,0.000,0.000,0.000,1.000,0,0,0,29,29,0,0,29,0.0,0,0,0.0,0.0,1.0
"((SBP >= 85.223) U[0,2] (SepsisLabel = 0.000))
",-9999999.000,-9999999.000,0.000,0.000,1.000,0,0,0,29,29,0,0,29,0.0,0,0,0.0,0.0,1.0
"F[2,2](Temp >= 4.896 -> SepsisLabel = 0.000)
",0.000,0.000,0.000,0.000,1.000,0,0,0,29,29,0,0,29,0.0,0,0,0.0,0.0,1.0
"((Potassium < 4.354) U[0,1] (SepsisLabel = 0.000))
",-9999999.000,-9999999.000,0.000,0.000,1.000,0,0,0,29,29,0,0,29,0.0,0,0,0.0,0.0,1.0
"((BaseExcess < 0.000) U[0,2] (SepsisLabel = 0.000))
",-9999999.000,-9999999.000,0.000,0.000,1.000,0,0,0,29,29,0,0,29,0.0,0,0,0.0,0.0,1.0
"F[0,0](WBC > 0.167 -> SepsisLabel = 0.000)
",-0.270,-3.713,0.000,0.000,1.000,0,0,0,29,29,0,0,29,0.0,0,0,0.0,0.0,1.0
"F[1,2](AST >= 0.000 & SepsisLabel = 0.000)
",-9999999.000,-9999999.000,0.000,0.000,1.000,0,0,0,29,29,0,0,29,0.0,0,0,0.0,0.0,1.0
"((SaO2 < 0.000) U[0,1] (SepsisLabel = 0.000))
",-9999999.000,-9999999.000,0.000,0.000,1.000,0,0,0,29,29,0,0,29,0.0,0,0,0.0,0.0,1.0
"F[0,2](FiO2 < 0.259 -> SepsisLabel = 0.000)
",-9999999.000,-9999999.000,0.000,0.000,1.000,0,0,0,29,29,0,0,29,0.0,0,0,0.0,0.0,1.0
"F[1,2](MAP <= 66.279 -> SepsisLabel = 0.000)
",-9999999.000,-9999999.000,0.000,0.000,1.000,0,0,0,29,29,0,0,29,0.0,0,0,0.0,0.0,1.0
"((HCO3 < 15.904) U[2,2] (SepsisLabel = 0.000))
",8952880658212001.000,15.904,0.000,0.000,1.000,0,0,0,29,29,0,0,29,0.0,0,0,0.0,0.0,1.0
"((SaO2 <= 0.000) U[0,2] (SepsisLabel = 0.000))
",-9999999.000,-9999999.000,0.000,0.000,1.000,0,0,0,29,29,0,0,29,0.0,0,0,0.0,0.0,1.0
"F[0,2](Calcium <= 8.110 & SepsisLabel = 0.000)
",-9999999.000,-9999999.000,0.000,0.000,1.000,0,0,0,29,29,0,0,29,0.0,0,0,0.0,0.0,1.0
"((SepsisLabel > 0.000) U[0,1] (SepsisLabel = 0.000))
",-9999999.000,-9999999.000,0.000,0.000,1.000,0,0,0,29,29,0,0,29,0.0,0,0,0.0,0.0,1.0
"F[1,1](Temp > 6.735 -> SepsisLabel = 0.000)
",0.000,0.000,0.000,0.000,1.000,0,0,0,29,29,0,0,29,0.0,0,0,0.0,0.0,1.0
"F[0,0](FiO2 < 0.128 -> SepsisLabel = 0.000)
",-4605192345183820.000,-0.128,0.000,0.000,1.000,0,0,0,29,29,0,0,29,0.0,0,0,0.0,0.0,1.0
"F[0,2](pH < 0.000 -> SepsisLabel = 0.000)
",-9999999.000,-9999999.000,0.000,0.000,1.000,0,0,0,29,29,0,0,29,0.0,0,0,0.0,0.0,1.0
"F[0,1](Hgb <= 4.592 -> SepsisLabel = 0.000)
",-9999999.000,-9999999.000,0.000,0.000,1.000,0,0,0,29,29,0,0,29,0.0,0,0,0.0,0.0,1.0
"F[1,2](((Hct <= 17.177 -> Hgb >= 0.103) | pH <= 10.610) & Platelets <= 11.354)
",-9999999.000,-9999999.000,0.000,0.000,1.000,0,0,0,29,29,0,0,29,0.0,0,0,0.0,0.0,1.0
"F[1,1](Chloride >= 3.425 -> HCO3 >= 0.408)
",0.408,0.408,0.000,0.000,1.000,0,0,0,29,29,0,0,29,0.0,0,0,0.0,0.0,1.0
"F[0,2]((Glucose <= 71.327 | Magnesium <= 1.498) -> SBP <= 1.070)
",-9999999.000,-9999999.000,0.000,0.000,1.000,0,0,0,29,29,0,0,29,0.0,0,0,0.0,0.0,1.0
"((Hct <= 25.821) U[2,2] (Magnesium >= 0.049))
",7267955972752993.000,25.821,0.000,0.000,1.000,0,0,0,29,29,0,0,29,0.0,0,0,0.0,0.0,1.0
"F[1,2](Hgb >= 0.064 & Magnesium >= 0.092)
",-9999999.000,-9999999.000,0.000,0.000,1.000,0,0,0,29,29,0,0,29,0.0,0,0,0.0,0.0,1.0
"F[0,1](BUN <= 65.684 | WBC >= 0.062)
",-9999999.000,-9999999.000,0.000,0.000,1.000,0,0,0,29,29,0,0,29,0.0,0,0,0.0,0.0,1.0
"F[1,2](((BUN <= 5.383 | Platelets <= 17.279) & Bilirubin_direct <= 155.401) | Lactate >= 3.687)
",-9999999.000,-9999999.000,0.000,0.000,1.000,0,0,0,29,29,0,0,29,0.0,0,0,0.0,0.0,1.0
"((Chloride <= 81.176) U[2,2] (Creatinine >= 0.084))
",81.176,81.176,0.000,0.000,1.000,0,0,0,29,29,0,0,29,0.0,0,0,0.0,0.0,1.0
"F[0,1]((Creatinine >= 0.088 -> Glucose <= 58.107) & Phosphate <= 13.737)
",-9999999.000,-9999999.000,0.000,0.000,1.000,0,0,0,29,29,0,0,29,0.0,0,0,0.0,0.0,1.0
"F[1,2](HR >= 42.121 & MAP <= 80.421)
",-9999999.000,-9999999.000,0.000,0.000,1.000,0,0,0,29,29,0,0,29,0.0,0,0,0.0,0.0,1.0
"F[0,0](HR >= 72.313 -> SBP >= 76.241)
",-6963.687,-6963.687,0.000,0.000,1.000,0,0,0,29,29,0,0,29,0.0,0,0,0.0,0.0,1.0
"F[0,1]((MAP <= 80.963 | SBP >= 92.373) -> Potassium <= 108.586)
",-9999999.000,-9999999.000,0.000,0.000,1.000,0,0,0,29,29,0,0,29,0.0,0,0,0.0,0.0,1.0
"F[0,1](Glucose <= 9.630 -> WBC <= 4.249)
",-9999999.000,-9999999.000,0.000,0.000,1.000,0,0,0,29,29,0,0,29,0.0,0,0,0.0,0.0,1.0
"F[0,2]((Chloride >= 1.273 & Platelets <= 97.650) & Lactate <= 176.087)
",-9999999.000,-9999999.000,0.000,0.000,1.000,0,0,0,29,29,0,0,29,0.0,0,0,0.0,0.0,1.0
"F[1,1](((Glucose >= 2.362 | Platelets <= 72.469) | Bilirubin_total >= 5.151) -> HR <= 173.730)
",-6112571093595649.000,-173.730,0.000,0.000,1.000,0,0,0,29,29,0,0,29,0.0,0,0,0.0,0.0,1.0
"F[1,2]((Glucose <= 71.897 -> Hgb <= 7.538) & HCO3 >= 0.001)
",-9999999.000,-9999999.000,0.000,0.000,1.000,0,0,0,29,29,0,0,29,0.0,0,0,0.0,0.0,1.0
"F[0,1](Magnesium <= 1.891 | Potassium >= 0.204)
",-9999999.000,-9999999.000,0.000,0.000,1.000,0,0,0,29,29,0,0,29,0.0,0,0,0.0,0.0,1.0
"F[0,2](Resp >= 14.979 & SepsisLabel = 0.000)
",-9999999.000,-9999999.000,0.000,0.000,1.000,0,0,0,29,29,0,0,29,0.0,0,0,0.0,0.0,1.0
"((Creatinine >= 0.062) U[0,2] (SepsisLabel = 0.000))
",-9999999.000,-9999999.000,0.000,0.000,1.000,0,0,0,29,29,0,0,29,0.0,0,0,0.0,0.0,1.0
"F[1,2](Magnesium >= 0.054 & Platelets >= 0.741)
",-9999999.000,-9999999.000,0.000,0.000,1.000,0,0,0,29,29,0,0,29,0.0,0,0,0.0,0.0,1.0
"F[2,2]((Calcium <= 3.041 & Potassium <= 3.965) & Magnesium >= 0.068)
",-0.068,-0.068,0.000,0.000,1.000,0,0,0,29,29,0,0,29,0.0,0,0,0.0,0.0,1.0
"F[0,0](Hgb <= 12.479 | Hct <= 4.572)
",7024920866278871.000,12.479,0.000,0.000,1.000,0,0,0,29,29,0,0,29,0.0,0,0,0.0,0.0,1.0
"((MAP >= 62.990) U[0,1] (SBP <= 117.300))
",-9999999.000,-9999999.000,0.000,0.000,1.000,0,0,0,29,29,0,0,29,0.0,0,0,0.0,0.0,1.0
"F[0,1]((Phosphate >= 0.000 & Magnesium > 0.073) -> Calcium < 7.871)
",-9999999.000,-9999999.000,0.000,0.000,1.000,0,0,0,29,29,0,0,29,0.0,0,0,0.0,0.0,1.0
"F[1,2](((Calcium < 3.069 & Potassium < 2.419) & Magnesium < 1.092) & Phosphate < 0.000)
",-9999999.000,-9999999.000,0.000,0.000,1.000,0,0,0,29,29,0,0,29,0.0,0,0,0.0,0.0,1.0
"F[0,2]((Calcium <= 0.764 & Potassium <= 3.252) & Magnesium >= 0.017)
",-9999999.000,-9999999.000,0.000,0.000,1.000,0,0,0,29,29,0,0,29,0.0,0,0,0.0,0.0,1.0
"F[0,2](Hgb <= 11.455 | Hct <= 16.207)
",-9999999.000,-9999999.000,0.000,0.000,1.000,0,0,0,29,29,0,0,29,0.0,0,0,0.0,0.0,1.0
"((MAP >= 15.507) U[0,2] (SBP <= 110.073))
",-9999999.000,-9999999.000,0.000,0.000,1.000,0,0,0,29,29,0,0,29,0.0,0,0,0.0,0.0,1.0
"F[0,2]((Phosphate >= 0.000 & Magnesium > 0.012) -> Calcium < 1.982)
",-9999999.000,-9999999.000,0.000,0.000,1.000,0,0,0,29,29,0,0,29,0.0,0,0,0.0,0.0,1.0
"F[1,1](SepsisLabel <= 0.000 -> SepsisLabel = 0.000)
",0.000,0.000,0.000,0.000,1.000,0,0,0,29,29,0,0,29,0.0,0,0,0.0,0.0,1.0
"F[0,2](Hgb <= 6.051 | Hct <= 34.427)
",-9999999.000,-9999999.000,0.000,0.000,1.000,0,0,0,29,29,0,0,29,0.0,0,0,0.0,0.0,1.0
"F[1,2]((Phosphate >= 0.000 & Magnesium > 0.030) -> Calcium < 5.816)
",-9999999.000,-9999999.000,0.000,0.000,1.000,0,0,0,29,29,0,0,29,0.0,0,0,0.0,0.0,1.0
"F[1,2](((Calcium < 8.225 & Potassium < 1.489) & Magnesium < 2.111) & Phosphate < 0.000)
",-9999999.000,-9999999.000,0.000,0.000,1.000,0,0,0,29,29,0,0,29,0.0,0,0,0.0,0.0,1.0
"F[0,2]((Calcium <= 6.612 & Potassium <= 4.446) & Magnesium >= 0.051)
",-9999999.000,-9999999.000,0.000,0.000,1.000,0,0,0,29,29,0,0,29,0.0,0,0,0.0,0.0,1.0
"F[0,0](Hgb <= 2.192 | Hct <= 10.723)
",10.723,10.723,0.000,0.000,1.000,0,0,0,29,29,0,0,29,0.0,0,0,0.0,0.0,1.0
"((MAP >= 56.271) U[0,2] (SBP <= 106.667))
",-9999999.000,-9999999.000,0.000,0.000,1.000,0,0,0,29,29,0,0,29,0.0,0,0,0.0,0.0,1.0
"F[1,2]((Phosphate >= 0.000 & Magnesium > 0.055) -> Calcium < 5.648)
",-9999999.000,-9999999.000,0.000,0.000,1.000,0,0,0,29,29,0,0,29,0.0,0,0,0.0,0.0,1.0
"F[0,2]((Calcium <= 1.250 & Potassium <= 1.414) & Magnesium >= 0.048)
",-9999999.000,-9999999.000,0.000,0.000,1.000,0,0,0,29,29,0,0,29,0.0,0,0,0.0,0.0,1.0
"F[0,2](((Calcium < 0.613 & Potassium < 4.516) & Magnesium < 1.201) & Phosphate < 0.000)
",-9999999.000,-9999999.000,0.000,0.000,1.000,0,0,0,29,29,0,0,29,0.0,0,0,0.0,0.0,1.0
"F[0,1]((Phosphate >= 0.000 & Magnesium > 0.026) -> Calcium < 8.581)
",-9999999.000,-9999999.000,0.000,0.000,1.000,0,0,0,29,29,0,0,29,0.0,0,0,0.0,0.0,1.0
"((MAP >= 41.004) U[0,1] (SBP <= 118.725))
",-9999999.000,-9999999.000,0.000,0.000,1.000,0,0,0,29,29,0,0,29,0.0,0,0,0.0,0.0,1.0
"((TroponinI < 0.000) U[0,2] (SepsisLabel = 0.000))
",-9999999.000,-9999999.000,0.000,0.000,1.000,0,0,0,29,29,0,0,29,0.0,0,0,0.0,0.0,1.0
"((PaCO2 > 0.000) U[0,2] (SepsisLabel = 0.000))
",-9999999.000,-9999999.000,0.000,0.000,1.000,0,0,0,29,29,0,0,29,0.0,0,0,0.0,0.0,1.0
"((pH <= 0.000) U[1,2] (SepsisLabel = 0.000))
",-9999999.000,-9999999.000,0.000,0.000,1.000,0,0,0,29,29,0,0,29,0.0,0,0,0.0,0.0,1.0
"((MAP >= 6.887) U[2,2] (SBP <= 107.089))
",107.089,107.089,0.000,0.000,1.000,0,0,0,29,29,0,0,29,0.0,0,0,0.0,0.0,1.0
"F[0,1]((Phosphate >= 0.000 & Magnesium > 0.077) -> Calcium < 7.634)
",-9999999.000,-9999999.000,0.000,0.000,1.000,0,0,0,29,29,0,0,29,0.0,0,0,0.0,0.0,1.0
"F[0,2]((Calcium <= 7.004 & Potassium <= 2.067) & Magnesium >= 0.002)
",-9999999.000,-9999999.000,0.000,0.000,1.000,0,0,0,29,29,0,0,29,0.0,0,0,0.0,0.0,1.0
"((MAP >= 33.553) U[0,2] (SBP <= 115.984))
",-9999999.000,-9999999.000,0.000,0.000,1.000,0,0,0,29,29,0,0,29,0.0,0,0,0.0,0.0,1.0
"F[1,2]((Phosphate >= 0.000 & Magnesium > 0.013) -> Calcium < 7.219)
",-9999999.000,-9999999.000,0.000,0.000,1.000,0,0,0,29,29,0,0,29,0.0,0,0,0.0,0.0,1.0
"F[1,2](Hgb <= 10.965 | Hct <= 18.796)
",-9999999.000,-9999999.000,0.000,0.000,1.000,0,0,0,29,29,0,0,29,0.0,0,0,0.0,0.0,1.0
"F[0,2]((Phosphate >= 0.000 & Magnesium > 0.084) -> Calcium < 8.234)
",-9999999.000,-9999999.000,0.000,0.000,1.000,0,0,0,29,29,0,0,29,0.0,0,0,0.0,0.0,1.0
"F[0,2](((Calcium < 6.670 & Potassium < 3.432) & Magnesium < 1.115) & Phosphate < 0.000)
",-9999999.000,-9999999.000,0.000,0.000,1.000,0,0,0,29,29,0,0,29,0.0,0,0,0.0,0.0,1.0
"F[1,2](Hgb <= 6.923 | Hct <= 16.023)
",-9999999.000,-9999999.000,0.000,0.000,1.000,0,0,0,29,29,0,0,29,0.0,0,0,0.0,0.0,1.0
"F[0,2]((Phosphate >= 0.000 & Magnesium > 0.041) -> Calcium < 2.926)
",-9999999.000,-9999999.000,0.000,0.000,1.000,0,0,0,29,29,0,0,29,0.0,0,0,0.0,0.0,1.0
"F[0,2]((Calcium <= 4.881 & Potassium <= 4.761) & Magnesium >= 0.009)
",-9999999.000,-9999999.000,0.000,0.000,1.000,0,0,0,29,29,0,0,29,0.0,0,0,0.0,0.0,1.0
"F[0,0](Hgb <= 9.941 | Hct <= 35.551)
",35.551,35.551,0.000,0.000,1.000,0,0,0,29,29,0,0,29,0.0,0,0,0.0,0.0,1.0
"F[1,2](HCO3 <= 13.639 | Potassium >= 0.102)
",-9999999.000,-9999999.000,0.000,0.000,1.000,0,0,0,29,29,0,0,29,0.0,0,0,0.0,0.0,1.0
"F[0,0](((Potassium >= 0.071 -> WBC <= 3.344) | DBP <= 8.103) | Alkalinephos >= 0.189)
",0.196,2.943,0.000,0.000,1.000,0,0,0,29,29,0,0,29,0.0,0,0,0.0,0.0,1.0
"F[0,2](((Temp <= 23.752 | Magnesium >= 0.080) -> Temp >= 0.041) -> DBP <= 1.369)
",-9999999.000,-9999999.000,0.000,0.000,1.000,0,0,0,29,29,0,0,29,0.0,0,0,0.0,0.0,1.0
"F[1,2](((MAP >= 38.483 & WBC >= 0.039) | SepsisLabel >= 0.215) -> Calcium <= 4.626)
",-9999999.000,-9999999.000,0.000,0.000,1.000,0,0,0,29,29,0,0,29,0.0,0,0,0.0,0.0,1.0
"F[1,2](((HCO3 >= 0.841 | Potassium >= 0.034) | WBC <= 0.928) | Glucose <= 2.724)
",-9999999.000,-9999999.000,0.000,0.000,1.000,0,0,0,29,29,0,0,29,0.0,0,0,0.0,0.0,1.0
"F[0,2](((Alkalinephos <= 0.000 & MAP <= 82.058) | Hct >= 13.615) | BUN >= 44.307)
",-9999999.000,-9999999.000,0.000,0.000,1.000,0,0,0,29,29,0,0,29,0.0,0,0,0.0,0.0,1.0
"((MAP <= 69.273) U[0,0] (PaCO2 >= 0.000))
",0.189,2.389,0.000,0.000,1.000,0,0,0,29,29,0,0,29,0.0,0,0,0.0,0.0,1.0
"F[0,2]((Calcium <= 8.056 & Potassium <= 2.972) & Magnesium >= 0.015)
",-9999999.000,-9999999.000,0.000,0.000,1.000,0,0,0,29,29,0,0,29,0.0,0,0,0.0,0.0,1.0
"F[0,1](Creatinine >= 0.051 | Resp <= 29.449)
",-9999999.000,-9999999.000,0.000,0.000,1.000,0,0,0,29,29,0,0,29,0.0,0,0,0.0,0.0,1.0
"F[0,2]((PTT >= 0.435 | Bilirubin_direct >= 0.000) & FiO2 >= 0.000)
",-9999999.000,-9999999.000,0.000,0.000,1.000,0,0,0,29,29,0,0,29,0.0,0,0,0.0,0.0,1.0
"((MAP >= 45.808) U[2,2] (Potassium >= 0.170))
",-2038073663026396.000,-0.170,0.000,0.000,1.000,0,0,0,29,29,0,0,29,0.0,0,0,0.0,0.0,1.0
"F[0,2](((Hgb >= 0.031 -> HR <= 101.556) & WBC >= 38.589) | BUN <= 97.794)
",-9999999.000,-9999999.000,0.000,0.000,1.000,0,0,0,29,29,0,0,29,0.0,0,0,0.0,0.0,1.0
"F[0,1](((Calcium >= 0.130 -> Chloride >= 2.873) & Fibrinogen >= 2.019) -> AST >= 0.151)
",-9999999.000,-9999999.000,0.000,0.000,1.000,0,0,0,29,29,0,0,29,0.0,0,0,0.0,0.0,1.0
"F[0,1]((Platelets <= 44.227 -> SBP <= 101.622) | O2Sat <= 116.664)
",-9999999.000,-9999999.000,0.000,0.000,1.000,0,0,0,29,29,0,0,29,0.0,0,0,0.0,0.0,1.0
"F[2,2](((Hct <= 11.920 | HR >= 77.920) -> Chloride >= 3.910) & SaO2 <= 81.480)
",-6710206515721021.000,-11.920,0.000,0.000,1.000,0,0,0,29,29,0,0,29,0.0,0,0,0.0,0.0,1.0
"F[2,2]((Hgb <= 12.864 | SBP >= 34.357) & Phosphate >= 33.649)
",-4735628788901804.000,-33.649,0.000,0.000,1.000,0,0,0,29,29,0,0,29,0.0,0,0,0.0,0.0,1.0
"F[0,0]((Hct <= 38.826 | SBP >= 87.118) | Alkalinephos >= 2.806)
",5.460,40.218,0.000,0.000,1.000,0,0,0,29,29,0,0,29,0.0,0,0,0.0,0.0,1.0
"F[0,2](((Chloride >= 0.746 | SBP <= 104.452) -> Phosphate >= 37.362) -> HR >= 41.639)
",-9999999.000,-9999999.000,0.000,0.000,1.000,0,0,0,29,29,0,0,29,0.0,0,0,0.0,0.0,1.0
"F[1,2](((Glucose >= 2.260 -> MAP <= 66.090) & AST <= 82.424) -> Lactate >= 18.067)
",-9999999.000,-9999999.000,0.000,0.000,1.000,0,0,0,29,29,0,0,29,0.0,0,0,0.0,0.0,1.0
"F[0,1]((Chloride <= 46.257 & MAP <= 77.969) | PaCO2 >= 25.836)
",-9999999.000,-9999999.000,0.000,0.000,1.000,0,0,0,29,29,0,0,29,0.0,0,0,0.0,0.0,1.0
"F[0,1]((EtCO2 <= 0.000 & Creatinine <= 0.641) | Creatinine <= 1.743)
",-9999999.000,-9999999.000,0.000,0.000,1.000,0,0,0,29,29,0,0,29,0.0,0,0,0.0,0.0,1.0
"F[0,2]((Glucose >= 2.376 | PaCO2 >= 0.000) & Glucose <= 0.000)
",-9999999.000,-9999999.000,0.000,0.000,1.000,0,0,0,29,29,0,0,29,0.0,0,0,0.0,0.0,1.0
"F[0,2](((DBP <= 0.000 & SepsisLabel >= 0.000) & Glucose <= 0.000) | SaO2 >= 0.000)
",-9999999.000,-9999999.000,0.000,0.000,1.000,0,0,0,29,29,0,0,29,0.0,0,0,0.0,0.0,1.0
"F[0,1]((FiO2 >= 0.017 -> Hgb >= 0.090) | Hgb <= 12.506)
",-9999999.000,-9999999.000,0.000,0.000,1.000,0,0,0,29,29,0,0,29,0.0,0,0,0.0,0.0,1.0
"F[1,2](((Chloride >= 1.291 & TroponinI >= 0.000) | HR <= 0.000) -> Temp >= 0.000)
",-9999999.000,-9999999.000,0.000,0.000,1.000,0,0,0,29,29,0,0,29,0.0,0,0,0.0,0.0,1.0
"F[0,2](((BUN <= 41.107 | pH >= 0.000) & pH <= 0.000) -> DBP <= 0.000)
",-9999999.000,-9999999.000,0.000,0.000,1.000,0,0,0,29,29,0,0,29,0.0,0,0,0.0,0.0,1.0
"F[1,2]((DBP >= 0.000 | O2Sat <= 87.672) -> PTT <= 97.296)
",-9999999.000,-9999999.000,0.000,0.000,1.000,0,0,0,29,29,0,0,29,0.0,0,0,0.0,0.0,1.0
"F[1,2](BUN <= 80.841 | Magnesium <= 1.865)
",-9999999.000,-9999999.000,0.000,0.000,1.000,0,0,0,29,29,0,0,29,0.0,0,0,0.0,0.0,1.0
"F[1,2](WBC <= 8.974 | Fibrinogen <= 0.000)
",-9999999.000,-9999999.000,0.000,0.000,1.000,0,0,0,29,29,0,0,29,0.0,0,0,0.0,0.0,1.0
"F[0,2](((SepsisLabel >= 0.000 & Magnesium <= 0.594) | Hct >= 0.056) | Magnesium >= 0.060)
",-9999999.000,-9999999.000,0.000,0.000,1.000,0,0,0,29,29,0,0,29,0.0,0,0,0.0,0.0,1.0
"F[2,2]((Platelets >= 2.854 | BaseExcess >= 0.000) -> Fibrinogen <= 0.000)
",0.000,0.000,0.000,0.000,1.000,0,0,0,29,29,0,0,29,0.0,0,0,0.0,0.0,1.0
"F[0,2](pH <= 0.000 -> Chloride <= 23.876)
",-9999999.000,-9999999.000,0.000,0.000,1.000,0,0,0,29,29,0,0,29,0.0,0,0,0.0,0.0,1.0
"F[0,1]((O2Sat >= 41.388 | Phosphate <= 0.000) | O2Sat >= 0.000)
",-9999999.000,-9999999.000,0.000,0.000,1.000,0,0,0,29,29,0,0,29,0.0,0,0,0.0,0.0,1.0
"F[2,2](((Fibrinogen >= 0.000 -> HCO3 >= 0.871) | PTT <= 25.642) -> Resp <= 11.979)
",-7217543500421506.000,-25.642,0.000,0.000,1.000,0,0,0,29,29,0,0,29,0.0,0,0,0.0,0.0,1.0
"F[0,2]((Hgb <= 12.097 & SepsisLabel >= 0.000) | Potassium >= 0.000)
",-9999999.000,-9999999.000,0.000,0.000,1.000,0,0,0,29,29,0,0,29,0.0,0,0,0.0,0.0,1.0
"((Fibrinogen >= 0.000) U[0,2] (Platelets <= 106.977))
",-9999999.000,-9999999.000,0.000,0.000,1.000,0,0,0,29,29,0,0,29,0.0,0,0,0.0,0.0,1.0
"((Lactate >= 0.000) U[0,1] (Hct <= 18.027))
",-9999999.000,-9999999.000,0.000,0.000,1.000,0,0,0,29,29,0,0,29,0.0,0,0,0.0,0.0,1.0
"F[0,2]((SaO2 <= 0.000 | Temp >= 6.421) & Alkalinephos <= 30.782)
",-9999999.000,-9999999.000,0.000,0.000,1.000,0,0,0,29,29,0,0,29,0.0,0,0,0.0,0.0,1.0
"F[1,2](SaO2 <= 0.000 -> Phosphate <= 0.000)
",-9999999.000,-9999999.000,0.000,0.000,1.000,0,0,0,29,29,0,0,29,0.0,0,0,0.0,0.0,1.0
"F[1,2]((Calcium <= 1.282 | WBC <= 9.018) & TroponinI <= 0.306)
",-9999999.000,-9999999.000,0.000,0.000,1.000,0,0,0,29,29,0,0,29,0.0,0,0,0.0,0.0,1.0
"F[0,1](Calcium <= 4.326 -> Glucose <= 29.844)
",-9999999.000,-9999999.000,0.000,0.000,1.000,0,0,0,29,29,0,0,29,0.0,0,0,0.0,0.0,1.0
"F[1,1](((Resp >= 19.577 & SBP <= 113.516) & Hct >= 1.899) -> MAP >= 46.562)
",5510555143391571.000,19.577,0.000,0.000,1.000,0,0,0,29,29,0,0,29,0.0,0,0,0.0,0.0,1.0
"F[1,2](FiO2 <= 0.183 | Resp >= 12.740)
",-9999999.000,-9999999.000,0.000,0.000,1.000,0,0,0,29,29,0,0,29,0.0,0,0,0.0,0.0,1.0
"F[0,2](((Calcium >= 0.022 & SBP <= 106.568) | Phosphate >= 34.741) & Hgb <= 109.049)
",-9999999.000,-9999999.000,0.000,0.000,1.000,0,0,0,29,29,0,0,29,0.0,0,0,0.0,0.0,1.0
"F[1,2](((HR <= 106.670 | Temp >= 2.074) | MAP <= 23.064) & DBP >= 3.650)
",-9999999.000,-9999999.000,0.000,0.000,1.000,0,0,0,29,29,0,0,29,0.0,0,0,0.0,0.0,1.0
"F[0,0](((Hgb >= 0.391 -> Temp <= 33.437) | HCO3 <= 20.914) | pH <= 8.937)
",5886779241080182.000,20.914,0.000,0.000,1.000,0,0,0,29,29,0,0,29,0.0,0,0,0.0,0.0,1.0
"((FiO2 >= 0.018) U[0,1] (HR >= 4.413))
",-9999999.000,-9999999.000,0.000,0.000,1.000,0,0,0,29,29,0,0,29,0.0,0,0,0.0,0.0,1.0
"F[0,1](((Glucose >= 0.220 & Temp <= 33.526) -> Hgb >= 4.291) | BUN <= 13.545)
",-9999999.000,-9999999.000,0.000,0.000,1.000,0,0,0,29,29,0,0,29,0.0,0,0,0.0,0.0,1.0
"F[0,1](((HCO3 <= 1.643 | Temp >= 6.560) -> BUN <= 35.349) | AST >= 0.712)
",-9999999.000,-9999999.000,0.000,0.000,1.000,0,0,0,29,29,0,0,29,0.0,0,0,0.0,0.0,1.0
"F[1,2](O2Sat <= 95.337 -> PTT >= 1.440)
",-9999999.000,-9999999.000,0.000,0.000,1.000,0,0,0,29,29,0,0,29,0.0,0,0,0.0,0.0,1.0
"F[1,2]((FiO2 >= 0.016 | Temp >= 3.252) -> Potassium <= 23.168)
",-9999999.000,-9999999.000,0.000,0.000,1.000,0,0,0,29,29,0,0,29,0.0,0,0,0.0,0.0,1.0
"F[1,2](((Creatinine <= 0.220 | HR <= 79.426) | TroponinI <= 82.933) & HR >= 19.185)
",-9999999.000,-9999999.000,0.000,0.000,1.000,0,0,0,29,29,0,0,29,0.0,0,0,0.0,0.0,1.0
"F[1,2]((Magnesium >= 0.097 | PTT >= 0.112) & O2Sat <= 59.701)
",-9999999.000,-9999999.000,0.000,0.000,1.000,0,0,0,29,29,0,0,29,0.0,0,0,0.0,0.0,1.0
"F[1,2]((Calcium <= 6.602 | Magnesium <= 2.027) | pH <= 1.821)
",-9999999.000,-9999999.000,0.000,0.000,1.000,0,0,0,29,29,0,0,29,0.0,0,0,0.0,0.0,1.0
"F[1,2]((HCO3 >= 0.724 -> PTT >= 3.166) & pH >= 3.893)
",-9999999.000,-9999999.000,0.000,0.000,1.000,0,0,0,29,29,0,0,29,0.0,0,0,0.0,0.0,1.0
"F[1,2](((Chloride >= 3.106 | PTT <= 52.670) -> DBP <= 54.975) -> HR >= 3.117)
",-9999999.000,-9999999.000,0.000,0.000,1.000,0,0,0,29,29,0,0,29,0.0,0,0,0.0,0.0,1.0
"((Glucose <= 88.946) U[0,2] (PTT >= 3.585))
",-9999999.000,-9999999.000,0.000,0.000,1.000,0,0,0,29,29,0,0,29,0.0,0,0,0.0,0.0,1.0
"F[0,0]((Hct <= 36.164 | PTT >= 5.123) & Potassium <= 79.439)
",36.164,36.164,0.000,0.000,1.000,0,0,0,29,29,0,0,29,0.0,0,0,0.0,0.0,1.0
"F[2,2](((Platelets >= 5.008 -> PTT <= 17.194) & Glucose <= 76.780) | TroponinI <= 67.989)
",4784289754925409.000,67.989,0.000,0.000,1.000,0,0,0,29,29,0,0,29,0.0,0,0,0.0,0.0,1.0
"F[2,2](Potassium >= 0.198 & Resp >= 3.049)
",-6865999937985151.000,-3.049,0.000,0.000,1.000,0,0,0,29,29,0,0,29,0.0,0,0,0.0,0.0,1.0
"F[2,2]((BUN >= 3.218 | Resp >= 0.089) | Calcium <= 27.884)
",27.884,27.884,0.000,0.000,1.000,0,0,0,29,29,0,0,29,0.0,0,0,0.0,0.0,1.0
"F[0,2]((Platelets >= 0.658 -> Temp >= 3.953) -> PaCO2 >= 5.213)
",-9999999.000,-9999999.000,0.000,0.000,1.000,0,0,0,29,29,0,0,29,0.0,0,0,0.0,0.0,1.0
"F[2,2](((FiO2 >= 0.013 | O2Sat <= 97.359) | FiO2 <= 97.508) & Alkalinephos >= 49.829)
",-7012848654305469.000,-49.829,0.000,0.000,1.000,0,0,0,29,29,0,0,29,0.0,0,0,0.0,0.0,1.0
"F[1,2](((SBP <= 111.295 -> Temp <= 9.553) & AST <= 32.739) | TroponinI <= 22.672)
",-9999999.000,-9999999.000,0.000,0.000,1.000,0,0,0,29,29,0,0,29,0.0,0,0,0.0,0.0,1.0
"F[0,0](((FiO2 >= 0.011 & Platelets <= 187.355) -> Potassium >= 2.166) -> Potassium <= 165.250)
",-5814211841594655.000,-165.250,0.000,0.000,1.000,0,0,0,29,29,0,0,29,0.0,0,0,0.0,0.0,1.0
"F[1,2]((FiO2 >= 0.007 | Hgb <= 5.573) & WBC <= 6.698)
",-9999999.000,-9999999.000,0.000,0.000,1.000,0,0,0,29,29,0,0,29,0.0,0,0,0.0,0.0,1.0
"F[0,2](Chloride >= 0.403 | FiO2 <= 0.138)
",-9999999.000,-9999999.000,0.000,0.000,1.000,0,0,0,29,29,0,0,29,0.0,0,0,0.0,0.0,1.0
"F[1,2](FiO2 <= 0.184 | Glucose >= 0.349)
",-9999999.000,-9999999.000,0.000,0.000,1.000,0,0,0,29,29,0,0,29,0.0,0,0,0.0,0.0,1.0
"F[0,2](((BUN <= 50.175 | FiO2 >= 0.001) & Potassium <= 0.263) | O2Sat <= 0.053)
",-9999999.000,-9999999.000,0.000,0.000,1.000,0,0,0,29,29,0,0,29,0.0,0,0,0.0,0.0,1.0
"F[2,2](((FiO2 <= 0.327 & Potassium >= 0.128) & PaCO2 <= 3.242) & SBP <= 1.306)
",-4626646168697005.000,-0.128,0.000,0.000,1.000,0,0,0,29,29,0,0,29,0.0,0,0,0.0,0.0,1.0
"F[0,2](((O2Sat >= 25.331 | WBC >= 0.234) | Hct >= 0.197) -> O2Sat <= 8.431)
",-9999999.000,-9999999.000,0.000,0.000,1.000,0,0,0,29,29,0,0,29,0.0,0,0,0.0,0.0,1.0
"F[2,2](((Hgb >= 0.243 | O2Sat >= 52.660) -> Bilirubin_direct <= 99.723) & PTT <= 96.585)
",-3508690718829397.500,-99.723,0.000,0.000,1.000,0,0,0,29,29,0,0,29,0.0,0,0,0.0,0.0,1.0
"F[0,1]((Hct <= 13.187 & O2Sat <= 96.470) -> Bilirubin_direct <= 92.435)
",-9999999.000,-9999999.000,0.000,0.000,1.000,0,0,0,29,29,0,0,29,0.0,0,0,0.0,0.0,1.0
"F[0,1](Chloride <= 49.132 | O2Sat >= 40.606)
",-9999999.000,-9999999.000,0.000,0.000,1.000,0,0,0,29,29,0,0,29,0.0,0,0,0.0,0.0,1.0
"F[0,1](FiO2 <= 0.310 -> SBP >= 82.886)
",-9999999.000,-9999999.000,0.000,0.000,1.000,0,0,0,29,29,0,0,29,0.0,0,0,0.0,0.0,1.0
"F[1,2](((Temp >= 5.970 -> WBC >= 0.064) & FiO2 >= 0.238) -> Creatinine >= 0.026)
",-9999999.000,-9999999.000,0.000,0.000,1.000,0,0,0,29,29,0,0,29,0.0,0,0,0.0,0.0,1.0
"F[1,2](((Hct >= 1.143 & Resp <= 22.075) & Potassium >= 12.040) | FiO2 <= 24.981)
",-9999999.000,-9999999.000,0.000,0.000,1.000,0,0,0,29,29,0,0,29,0.0,0,0,0.0,0.0,1.0
"F[0,0](((Glucose >= 0.210 & Resp <= 29.718) & SBP <= 27.763) | SaO2 <= 21.244)
",21.244,21.244,0.000,0.000,1.000,0,0,0,29,29,0,0,29,0.0,0,0,0.0,0.0,1.0
"F[0,0]((DBP >= 0.000 -> AST >= 0.000) & WBC >= 0.000)
",-4.787,-64.155,0.000,0.000,1.000,0,0,0,29,29,0,0,29,0.0,0,0,0.0,0.0,1.0
