Rule,Discrimination Score,Pos Robustness,Neg Robustness,Percent Class +,Percent Class -,TP,TN,FP,FN,Actual Yes,Actual No,Predicted Yes,Predicted No,TPR/Sens,TNR/Spec,FPR,Precision,Accuracy,MCR
"((SBP >= 45.478) U[1,1] (WBC >= 0.066))
",-0.066,-0.066,0.000,0.000,1.000,16,0,0,0,16,0,16,0,1.0,0,0,1.0,1.0,0.0
"F[1,1](((Phosphate >= 0.369 & Temp <= 20.162) -> O2Sat >= 5.654) -> AST >= 5.793)
",-0.369,-0.369,0.000,0.000,1.000,16,0,0,0,16,0,16,0,1.0,0,0,1.0,1.0,0.0
"F[1,1](((HCO3 >= 0.517 | Platelets >= 0.658) | WBC <= 25.786) -> WBC >= 1.596)
",-25.786,-25.786,0.000,0.000,1.000,16,0,0,0,16,0,16,0,1.0,0,0,1.0,1.0,0.0
"F[0,1]((Calcium <= 2.720 & Potassium <= 1.444) & Magnesium >= 0.035)
",-9999999.000,-9999999.000,0.000,0.000,1.000,16,0,0,0,16,0,16,0,1.0,0,0,1.0,1.0,0.0
"F[1,1](((MAP >= 21.427 | O2Sat >= 42.361) | HR <= 83.787) & FiO2 >= 34.832)
",-34.832,-34.832,0.000,0.000,1.000,16,0,0,0,16,0,16,0,1.0,0,0,1.0,1.0,0.0
"F[0,0]((Calcium <= 8.376 & Potassium <= 1.442) & Magnesium >= 0.077)
",-0.410,-0.750,0.000,0.000,1.000,16,0,0,0,16,0,16,0,1.0,0,0,1.0,1.0,0.0
"((MAP <= 106.314) U[1,1] (pH >= 0.179))
",106.314,106.314,0.000,0.000,1.000,16,0,0,0,16,0,16,0,1.0,0,0,1.0,1.0,0.0
"F[0,1](Calcium <= 3.191 & Creatinine >= 0.308)
",-9999999.000,-9999999.000,0.000,0.000,1.000,16,0,0,0,16,0,16,0,1.0,0,0,1.0,1.0,0.0
"((MAP <= 82.671) U[1,1] (Potassium >= 0.105))
",82.671,82.671,0.000,0.000,1.000,16,0,0,0,16,0,16,0,1.0,0,0,1.0,1.0,0.0
"F[1,1](TroponinI <= 0.000 -> BaseExcess >= 0.116)
",0.000,0.000,0.000,0.000,1.000,16,0,0,0,16,0,16,0,1.0,0,0,1.0,1.0,0.0
"F[0,0](((BUN >= 1.179 | Resp >= 6.588) | Magnesium >= 13.810) & SBP <= 25.571)
",-0.865,-3.540,0.000,0.000,1.000,16,0,0,0,16,0,16,0,1.0,0,0,1.0,1.0,0.0
"F[0,1]((PTT <= 0.000 & pH <= 5.310) & pH >= 0.219)
",-9999999.000,-9999999.000,0.000,0.000,1.000,16,0,0,0,16,0,16,0,1.0,0,0,1.0,1.0,0.0
"F[1,1]((Hgb <= 7.980 & Platelets <= 62.343) & Fibrinogen >= 0.027)
",-0.027,-0.027,0.000,0.000,1.000,16,0,0,0,16,0,16,0,1.0,0,0,1.0,1.0,0.0
"F[1,1]((Calcium <= 7.533 & Potassium <= 2.031) & Magnesium >= 0.001)
",-0.001,-0.001,0.000,0.000,1.000,16,0,0,0,16,0,16,0,1.0,0,0,1.0,1.0,0.0
"F[1,1]((AST <= 0.000 & O2Sat <= 91.033) & Temp >= 39.699)
",-39.699,-39.699,0.000,0.000,1.000,16,0,0,0,16,0,16,0,1.0,0,0,1.0,1.0,0.0
"F[1,1]((Phosphate >= 0.143 & Temp >= 0.560) | Bilirubin_total >= 3.747)
",-0.560,-0.560,0.000,0.000,1.000,16,0,0,0,16,0,16,0,1.0,0,0,1.0,1.0,0.0
"((AST > 0.000) U[1,2] (SepsisLabel = 0.000))
",-9999999.000,-9999999.000,0.000,0.000,1.000,16,0,0,0,16,0,16,0,1.0,0,0,1.0,1.0,0.0
"((Bilirubin_direct < 0.000) U[1,2] (SepsisLabel = 0.000))
",-9999999.000,-9999999.000,0.000,0.000,1.000,16,0,0,0,16,0,16,0,1.0,0,0,1.0,1.0,0.0
"((Fibrinogen < 0.000) U[1,2] (SepsisLabel = 0.000))
",-9999999.000,-9999999.000,0.000,0.000,1.000,16,0,0,0,16,0,16,0,1.0,0,0,1.0,1.0,0.0
"F[0,1]((Potassium >= 0.126 -> Resp <= 24.045) & Lactate >= 7.436)
",-9999999.000,-9999999.000,0.000,0.000,1.000,16,0,0,0,16,0,16,0,1.0,0,0,1.0,1.0,0.0
"F[0,1](Alkalinephos < 0.000 & SepsisLabel = 0.000)
",-9999999.000,-9999999.000,0.000,0.000,1.000,16,0,0,0,16,0,16,0,1.0,0,0,1.0,1.0,0.0
"F[0,1](((HCO3 >= 0.334 | BaseExcess >= 0.113) & Magnesium <= 2.555) & SBP <= 5.720)
",-9999999.000,-9999999.000,0.000,0.000,1.000,16,0,0,0,16,0,16,0,1.0,0,0,1.0,1.0,0.0
"F[0,1](((Temp >= 1.771 -> Hct <= 3.408) -> Creatinine <= 29.696) -> PTT >= 0.710)
",-9999999.000,-9999999.000,0.000,0.000,1.000,16,0,0,0,16,0,16,0,1.0,0,0,1.0,1.0,0.0
"F[0,0](((MAP >= 15.099 | WBC >= 0.137) & PTT >= 0.053) & Temp <= 5.150)
",-2.644,-79.011,0.000,0.000,1.000,16,0,0,0,16,0,16,0,1.0,0,0,1.0,1.0,0.0
"F[0,0]((Calcium <= 5.282 & Potassium <= 2.716) & Magnesium >= 0.002)
",-0.363,-0.525,0.000,0.000,1.000,16,0,0,0,16,0,16,0,1.0,0,0,1.0,1.0,0.0
"F[0,1]((Creatinine <= 1.084 -> O2Sat <= 83.927) & WBC >= 47.849)
",-9999999.000,-9999999.000,0.000,0.000,1.000,16,0,0,0,16,0,16,0,1.0,0,0,1.0,1.0,0.0
"F[1,1](((pH <= 3.861 -> Platelets >= 3.317) & Glucose <= 110.576) | Fibrinogen >= 1.539)
",-1.539,-1.539,0.000,0.000,1.000,16,0,0,0,16,0,16,0,1.0,0,0,1.0,1.0,0.0
"F[1,1]((Calcium <= 1.675 & Potassium <= 2.595) & Magnesium >= 0.079)
",-0.079,-0.079,0.000,0.000,1.000,16,0,0,0,16,0,16,0,1.0,0,0,1.0,1.0,0.0
"F[1,1](((BaseExcess <= 2.197 | O2Sat >= 69.554) & Hgb >= 83.267) & Phosphate <= 95.239)
",-83.267,-83.267,0.000,0.000,1.000,16,0,0,0,16,0,16,0,1.0,0,0,1.0,1.0,0.0
"F[0,0](((Lactate >= 0.000 -> pH >= 0.196) & SaO2 >= 0.032) | FiO2 >= 0.043)
",0.374,3.280,0.000,0.000,1.000,16,0,0,0,16,0,16,0,1.0,0,0,1.0,1.0,0.0
"F[1,1](((Potassium >= 0.097 & SBP <= 143.955) & Lactate >= 17.906) & Chloride >= 14.887)
",-17.906,-17.906,0.000,0.000,1.000,16,0,0,0,16,0,16,0,1.0,0,0,1.0,1.0,0.0
"((BaseExcess >= 0.010) U[0,1] (PaCO2 >= 0.629))
",-9999999.000,-9999999.000,0.000,0.000,1.000,15,0,0,1,16,0,15,1,0.9375,0,0,1.0,0.9375,0.0625
"((BaseExcess > 0.036) U[1,2] (SepsisLabel = 0.000))
",-9999999.000,-9999999.000,0.000,0.000,1.000,15,0,0,1,16,0,15,1,0.9375,0,0,1.0,0.9375,0.0625
"((pH >= 0.064) U[1,1] (Hct <= 7.373))
",7.373,7.373,0.000,0.000,1.000,15,0,0,1,16,0,15,1,0.9375,0,0,1.0,0.9375,0.0625
"F[0,1](((Glucose >= 1.815 | pH <= 3.686) & Bilirubin_direct <= 0.899) -> Alkalinephos >= 0.054)
",-9999999.000,-9999999.000,0.000,0.000,1.000,15,0,0,1,16,0,15,1,0.9375,0,0,1.0,0.9375,0.0625
"F[0,1]((Bilirubin_total <= 0.000 -> Temp <= 19.637) & pH >= 4.749)
",-9999999.000,-9999999.000,0.000,0.000,1.000,15,0,0,1,16,0,15,1,0.9375,0,0,1.0,0.9375,0.0625
"((Chloride >= 4.728) U[0,1] (pH >= 0.048))
",-9999999.000,-9999999.000,0.000,0.000,1.000,15,0,0,1,16,0,15,1,0.9375,0,0,1.0,0.9375,0.0625
"((Chloride <= 74.426) U[0,1] (PaCO2 >= 0.514))
",-9999999.000,-9999999.000,0.000,0.000,1.000,15,0,0,1,16,0,15,1,0.9375,0,0,1.0,0.9375,0.0625
"((Creatinine >= 0.334) U[1,1] (Phosphate <= 1.366))
",1.366,1.366,0.000,0.000,1.000,14,0,0,2,16,0,14,2,0.875,0,0,1.0,0.875,0.125
"F[0,1](((Phosphate <= 2.050 -> WBC <= 1.917) -> HCO3 >= 0.175) | Calcium >= 0.014)
",-9999999.000,-9999999.000,0.000,0.000,1.000,14,0,0,2,16,0,14,2,0.875,0,0,1.0,0.875,0.125
"((HCO3 >= 1.289) U[1,2] (Potassium <= 2.082))
",-9999999.000,-9999999.000,0.000,0.000,1.000,14,0,0,2,16,0,14,2,0.875,0,0,1.0,0.875,0.125
"F[0,0](((BaseExcess >= 0.132 -> Resp >= 2.896) -> HCO3 <= 20.777) -> Calcium >= 13.665)
",13.665,13.665,0.000,0.000,1.000,14,0,0,2,16,0,14,2,0.875,0,0,1.0,0.875,0.125
"F[0,0](((Hct <= 3.741 | Potassium >= 0.075) | Chloride >= 0.160) & Glucose >= 0.127)
",-0.127,-0.127,0.000,0.000,1.000,14,0,0,2,16,0,14,2,0.875,0,0,1.0,0.875,0.125
"F[0,0]((Glucose <= 81.456 -> Bilirubin_total <= 0.000) & O2Sat <= 0.000)
",-51.764,-82.214,0.000,0.000,1.000,14,0,0,2,16,0,14,2,0.875,0,0,1.0,0.875,0.125
"((Fibrinogen <= 0.000) U[0,1] (Glucose >= 1.641))
",-9999999.000,-9999999.000,0.000,0.000,1.000,14,0,0,2,16,0,14,2,0.875,0,0,1.0,0.875,0.125
"((Chloride >= 3.306) U[1,2] (Glucose <= 24.138))
",-9999999.000,-9999999.000,0.000,0.000,1.000,14,0,0,2,16,0,14,2,0.875,0,0,1.0,0.875,0.125
"F[0,0]((HR >= 65.287 -> PaCO2 <= 18.858) & Glucose >= 0.043)
",-7384.713,-7384.713,0.000,0.000,1.000,14,0,0,2,16,0,14,2,0.875,0,0,1.0,0.875,0.125
"((Calcium >= 0.295) U[1,1] (SBP >= 56.413))
",-0.295,-0.295,0.000,0.000,1.000,14,0,0,2,16,0,14,2,0.875,0,0,1.0,0.875,0.125
"((Chloride >= 4.684) U[1,1] (PaCO2 <= 20.740))
",20.740,20.740,0.000,0.000,1.000,14,0,0,2,16,0,14,2,0.875,0,0,1.0,0.875,0.125
"((Magnesium >= 0.019) U[0,0] (Phosphate >= 0.124))
",0.350,0.237,0.000,0.000,1.000,14,0,0,2,16,0,14,2,0.875,0,0,1.0,0.875,0.125
"F[0,1](((BUN >= 0.162 & Hct >= 0.891) | Hgb <= 31.767) & Phosphate >= 0.053)
",-9999999.000,-9999999.000,0.000,0.000,1.000,14,0,0,2,16,0,14,2,0.875,0,0,1.0,0.875,0.125
"((MAP >= 16.003) U[1,1] (SBP <= 130.060))
",130.060,130.060,0.000,0.000,1.000,13,0,0,3,16,0,13,3,0.8125,0,0,1.0,0.8125,0.1875
"F[0,0](pH >= 0.087 | Potassium >= 0.022)
",0.362,0.841,0.000,0.000,1.000,13,0,0,3,16,0,13,3,0.8125,0,0,1.0,0.8125,0.1875
"F[0,1](((FiO2 <= 0.000 -> Hct <= 33.422) & TroponinI <= 25.611) & HR <= 1.858)
",-9999999.000,-9999999.000,0.000,0.000,1.000,13,0,0,3,16,0,13,3,0.8125,0,0,1.0,0.8125,0.1875
"F[1,1](HR <= 71.862 & SepsisLabel = 0.000)
",0.000,0.000,0.000,0.000,1.000,12,0,0,4,16,0,12,4,0.75,0,0,1.0,0.75,0.25
"F[0,1](((AST <= 0.000 -> SBP <= 152.835) & Fibrinogen <= 153.823) & Temp >= 10.973)
",-9999999.000,-9999999.000,0.000,0.000,1.000,11,0,0,5,16,0,11,5,0.6875,0,0,1.0,0.6875,0.3125
"((MAP >= 72.912) U[0,0] (SBP <= 133.972))
",7.971,124.924,0.000,0.000,1.000,11,0,0,5,16,0,11,5,0.6875,0,0,1.0,0.6875,0.3125
"F[0,1](Temp >= 1.077 & Magnesium <= 1.990)
",-9999999.000,-9999999.000,0.000,0.000,1.000,10,0,0,6,16,0,10,6,0.625,0,0,1.0,0.625,0.375
"((Temp >= 4.243) U[1,2] (Alkalinephos <= 0.000))
",-9999999.000,-9999999.000,0.000,0.000,1.000,9,0,0,7,16,0,9,7,0.5625,0,0,1.0,0.5625,0.4375
"((MAP >= 78.499) U[1,1] (SBP <= 154.345))
",154.345,154.345,0.000,0.000,1.000,8,0,0,8,16,0,8,8,0.5,0,0,1.0,0.5,0.5
"F[1,1]((Temp >= 0.410 | O2Sat <= 94.029) & WBC <= 83.951)
",83.951,83.951,0.000,0.000,1.000,8,0,0,8,16,0,8,8,0.5,0,0,1.0,0.5,0.5
"((Creatinine >= 0.127) U[1,2] (SBP <= 132.086))
",-9999999.000,-9999999.000,0.000,0.000,1.000,5,0,0,11,16,0,5,11,0.3125,0,0,1.0,0.3125,0.6875
"((MAP >= 15.110) U[1,1] (SBP <= 187.917))
",187.917,187.917,0.000,0.000,1.000,4,0,0,12,16,0,4,12,0.25,0,0,1.0,0.25,0.75
"F[0,1]((SBP <= 159.055 & pH <= 6.637) | Bilirubin_direct >= 0.121)
",-9999999.000,-9999999.000,0.000,0.000,1.000,4,0,0,12,16,0,4,12,0.25,0,0,1.0,0.25,0.75
"F[0,0]((Magnesium <= 1.337 -> pH >= 0.098) -> Resp <= 3.641)
",-3.641,-3.641,0.000,0.000,1.000,3,0,0,13,16,0,3,13,0.1875,0,0,1.0,0.1875,0.8125
"F[0,0](Glucose <= 126.003 -> MAP <= 103.047)
",-126.003,-126.003,0.000,0.000,1.000,3,0,0,13,16,0,3,13,0.1875,0,0,1.0,0.1875,0.8125
"F[0,0](((Calcium < 1.690 & Potassium < 1.916) & Magnesium < 1.081) & Phosphate < 6.688)
",0.157,0.323,0.000,0.000,1.000,2,0,0,14,16,0,2,14,0.125,0,0,1.0,0.125,0.875
"F[0,0]((Phosphate >= 0.267 & Magnesium > 0.089) -> Calcium < 4.421)
",-4.421,-4.421,0.000,0.000,1.000,2,0,0,14,16,0,2,14,0.125,0,0,1.0,0.125,0.875
"((BaseExcess >= 0.156) U[0,0] (Potassium <= 1.279))
",2.317,1.100,0.000,0.000,1.000,2,0,0,14,16,0,2,14,0.125,0,0,1.0,0.125,0.875
"((Magnesium >= 0.087) U[0,0] (SBP >= 6.624))
",0.571,7.327,0.000,0.000,1.000,2,0,0,14,16,0,2,14,0.125,0,0,1.0,0.125,0.875
"F[0,0](Fibrinogen <= 0.000 -> Calcium <= 4.956)
",-4.956,-4.956,0.000,0.000,1.000,2,0,0,14,16,0,2,14,0.125,0,0,1.0,0.125,0.875
"((HCO3 <= 3.737) U[1,2] (Magnesium <= 2.124))
",-9999999.000,-9999999.000,0.000,0.000,1.000,2,0,0,14,16,0,2,14,0.125,0,0,1.0,0.125,0.875
"((MAP >= 30.505) U[1,2] (SBP <= 184.117))
",-9999999.000,-9999999.000,0.000,0.000,1.000,2,0,0,14,16,0,2,14,0.125,0,0,1.0,0.125,0.875
"F[0,0](((Calcium < 1.982 & Potassium < 3.714) & Magnesium < 1.468) & Phosphate < 6.187)
",0.555,0.886,0.000,0.000,1.000,2,0,0,14,16,0,2,14,0.125,0,0,1.0,0.125,0.875
"((SBP >= 41.528) U[1,2] (TroponinI <= 0.000))
",-9999999.000,-9999999.000,0.000,0.000,1.000,2,0,0,14,16,0,2,14,0.125,0,0,1.0,0.125,0.875
"F[0,0]((Phosphate >= 0.391 & Magnesium > 0.133) -> Calcium < 3.965)
",-3.965,-3.965,0.000,0.000,1.000,2,0,0,14,16,0,2,14,0.125,0,0,1.0,0.125,0.875
"((BaseExcess <= 5.923) U[0,0] (Resp <= 21.427))
",21.427,21.427,0.000,0.000,1.000,2,0,0,14,16,0,2,14,0.125,0,0,1.0,0.125,0.875
"F[1,1](((Glucose >= 2.154 | O2Sat >= 56.322) | MAP >= 78.819) & Resp <= 86.893)
",-2.154,-2.154,0.000,0.000,1.000,2,0,0,14,16,0,2,14,0.125,0,0,1.0,0.125,0.875
"((HCO3 <= 15.016) U[1,1] (Temp <= 21.284))
",21.284,21.284,0.000,0.000,1.000,2,0,0,14,16,0,2,14,0.125,0,0,1.0,0.125,0.875
"F[0,0](HCO3 <= 25.701 & Resp <= 22.710)
",22.710,22.710,0.000,0.000,1.000,2,0,0,14,16,0,2,14,0.125,0,0,1.0,0.125,0.875
"F[0,0](Creatinine >= 0.003 | Resp >= 7.757)
",0.378,11.622,0.000,0.000,1.000,2,0,0,14,16,0,2,14,0.125,0,0,1.0,0.125,0.875
"F[0,0]((Magnesium <= 1.642 -> SBP >= 30.783) & Potassium <= 192.944)
",-1.581,-2.584,0.000,0.000,1.000,2,0,0,14,16,0,2,14,0.125,0,0,1.0,0.125,0.875
"F[0,0](((Calcium < 8.797 & Potassium < 1.906) & Magnesium < 0.520) & Phosphate < 2.946)
",-0.090,-0.169,0.000,0.000,1.000,2,0,0,14,16,0,2,14,0.125,0,0,1.0,0.125,0.875
"((Phosphate >= 0.239) U[0,1] (SBP >= 94.152))
",-9999999.000,-9999999.000,0.000,0.000,1.000,1,0,0,15,16,0,1,15,0.0625,0,0,1.0,0.0625,0.9375
"F[0,0](Hgb <= 5.363 | Hct <= 25.352)
",25.352,25.352,0.000,0.000,1.000,1,0,0,15,16,0,1,15,0.0625,0,0,1.0,0.0625,0.9375
"((MAP >= 2.850) U[0,1] (SBP <= 166.166))
",-9999999.000,-9999999.000,0.000,0.000,1.000,1,0,0,15,16,0,1,15,0.0625,0,0,1.0,0.0625,0.9375
"((Platelets <= 127.978) U[1,2] (PaCO2 <= 29.607))
",-9999999.000,-9999999.000,0.000,0.000,1.000,1,0,0,15,16,0,1,15,0.0625,0,0,1.0,0.0625,0.9375
"((Glucose <= 79.367) U[0,0] (Hgb <= 7.298))
",79.367,79.367,0.000,0.000,1.000,1,0,0,15,16,0,1,15,0.0625,0,0,1.0,0.0625,0.9375
"F[0,0](Hgb <= 1.805 | Hct <= 32.418)
",32.418,32.418,0.000,0.000,1.000,1,0,0,15,16,0,1,15,0.0625,0,0,1.0,0.0625,0.9375
"((WBC <= 4.794) U[1,2] (Platelets <= 122.402))
",-9999999.000,-9999999.000,0.000,0.000,1.000,1,0,0,15,16,0,1,15,0.0625,0,0,1.0,0.0625,0.9375
"((Hct <= 14.764) U[1,2] (O2Sat >= 31.234))
",-9999999.000,-9999999.000,0.000,0.000,1.000,1,0,0,15,16,0,1,15,0.0625,0,0,1.0,0.0625,0.9375
"((PaCO2 <= 23.897) U[1,2] (DBP >= 0.000))
",-9999999.000,-9999999.000,0.000,0.000,1.000,1,0,0,15,16,0,1,15,0.0625,0,0,1.0,0.0625,0.9375
"((MAP >= 69.433) U[1,2] (SBP <= 147.732))
",-9999999.000,-9999999.000,0.000,0.000,1.000,1,0,0,15,16,0,1,15,0.0625,0,0,1.0,0.0625,0.9375
"((MAP >= 35.540) U[0,1] (SBP >= 4.264))
",-9999999.000,-9999999.000,0.000,0.000,1.000,1,0,0,15,16,0,1,15,0.0625,0,0,1.0,0.0625,0.9375
"F[1,2]((MAP <= 104.437 | MAP <= 95.263) | DBP >= 4.984)
",-9999999.000,-9999999.000,0.000,0.000,1.000,0,0,0,16,16,0,0,16,0.0,0,0,0.0,0.0,1.0
"F[0,2](((Magnesium <= 1.671 | WBC >= 0.035) | Temp <= 0.704) | EtCO2 <= 1.818)
",-9999999.000,-9999999.000,0.000,0.000,1.000,0,0,0,16,16,0,0,16,0.0,0,0,0.0,0.0,1.0
"F[1,1](BUN <= 6.102 & Glucose <= 54.838)
",6.102,6.102,0.000,0.000,1.000,0,0,0,16,16,0,0,16,0.0,0,0,0.0,0.0,1.0
"F[0,1](((SaO2 <= 0.000 | BUN >= 1.453) | Bilirubin_direct >= 2.227) | WBC >= 2.035)
",-9999999.000,-9999999.000,0.000,0.000,1.000,0,0,0,16,16,0,0,16,0.0,0,0,0.0,0.0,1.0
"F[0,2]((Glucose <= 166.658 -> EtCO2 >= 0.000) -> SaO2 >= 0.000)
",-9999999.000,-9999999.000,0.000,0.000,1.000,0,0,0,16,16,0,0,16,0.0,0,0,0.0,0.0,1.0
"F[1,2](SBP >= 62.668 | Bilirubin_total >= 0.000)
",-9999999.000,-9999999.000,0.000,0.000,1.000,0,0,0,16,16,0,0,16,0.0,0,0,0.0,0.0,1.0
"F[0,1](Potassium <= 2.853 & Calcium <= 1.916)
",-9999999.000,-9999999.000,0.000,0.000,1.000,0,0,0,16,16,0,0,16,0.0,0,0,0.0,0.0,1.0
"F[1,1](((Potassium <= 2.150 | Phosphate <= 7.706) | HR >= 0.386) | PTT >= 0.341)
",7.706,7.706,0.000,0.000,1.000,0,0,0,16,16,0,0,16,0.0,0,0,0.0,0.0,1.0
"F[1,1]((SepsisLabel <= 0.000 -> Lactate >= 0.000) | SepsisLabel <= 0.000)
",0.000,0.000,0.000,0.000,1.000,0,0,0,16,16,0,0,16,0.0,0,0,0.0,0.0,1.0
"F[2,2](Alkalinephos >= 0.000 & Bilirubin_total >= 0.000)
",0.000,0.000,0.000,0.000,1.000,0,0,0,16,16,0,0,16,0.0,0,0,0.0,0.0,1.0
"F[0,1]((AST <= 0.000 -> AST <= 0.000) | SBP <= 0.000)
",-9999999.000,-9999999.000,0.000,0.000,1.000,0,0,0,16,16,0,0,16,0.0,0,0,0.0,0.0,1.0
"F[1,2](((Creatinine >= 0.019 | SBP <= 157.935) -> Resp >= 112.056) & PTT >= 23.626)
",-9999999.000,-9999999.000,0.000,0.000,1.000,0,0,0,16,16,0,0,16,0.0,0,0,0.0,0.0,1.0
"F[0,2](((WBC >= 0.134 & HCO3 <= 5.372) | Alkalinephos >= 0.327) -> Magnesium >= 0.114)
",-9999999.000,-9999999.000,0.000,0.000,1.000,0,0,0,16,16,0,0,16,0.0,0,0,0.0,0.0,1.0
"F[0,1](((EtCO2 >= 0.000 & TroponinI <= 0.000) -> Fibrinogen <= 0.000) & FiO2 <= 0.000)
",-9999999.000,-9999999.000,0.000,0.000,1.000,0,0,0,16,16,0,0,16,0.0,0,0,0.0,0.0,1.0
"F[0,2](((MAP <= 114.690 & SepsisLabel <= 0.000) | DBP <= 0.000) -> Creatinine <= 0.000)
",-9999999.000,-9999999.000,0.000,0.000,1.000,0,0,0,16,16,0,0,16,0.0,0,0,0.0,0.0,1.0
"F[1,2]((BaseExcess <= 5.844 -> pH >= 0.015) | Creatinine >= 0.138)
",-9999999.000,-9999999.000,0.000,0.000,1.000,0,0,0,16,16,0,0,16,0.0,0,0,0.0,0.0,1.0
"F[1,2]((FiO2 <= 0.000 | Magnesium <= 0.731) | Hgb >= 0.056)
",-9999999.000,-9999999.000,0.000,0.000,1.000,0,0,0,16,16,0,0,16,0.0,0,0,0.0,0.0,1.0
"F[0,2](Creatinine <= 10.227 -> Platelets >= 0.138)
",-9999999.000,-9999999.000,0.000,0.000,1.000,0,0,0,16,16,0,0,16,0.0,0,0,0.0,0.0,1.0
"F[1,2](((SBP <= 170.576 & TroponinI <= 0.000) | SepsisLabel <= 0.000) & TroponinI <= 0.000)
",-9999999.000,-9999999.000,0.000,0.000,1.000,0,0,0,16,16,0,0,16,0.0,0,0,0.0,0.0,1.0
"F[0,2](Chloride <= 61.066 | SaO2 >= 0.000)
",-9999999.000,-9999999.000,0.000,0.000,1.000,0,0,0,16,16,0,0,16,0.0,0,0,0.0,0.0,1.0
"F[0,1](((BaseExcess >= 0.020 & DBP <= 0.000) | PTT <= 0.000) | PaCO2 >= 0.000)
",-9999999.000,-9999999.000,0.000,0.000,1.000,0,0,0,16,16,0,0,16,0.0,0,0,0.0,0.0,1.0
"F[1,2](((Chloride <= 16.193 | PTT <= 0.000) -> Alkalinephos <= 0.000) | Phosphate >= 0.000)
",-9999999.000,-9999999.000,0.000,0.000,1.000,0,0,0,16,16,0,0,16,0.0,0,0,0.0,0.0,1.0
"F[0,1]((Fibrinogen <= 0.000 & Fibrinogen >= 0.000) | HR >= 0.000)
",-9999999.000,-9999999.000,0.000,0.000,1.000,0,0,0,16,16,0,0,16,0.0,0,0,0.0,0.0,1.0
"F[0,2](((Fibrinogen >= 0.000 | Magnesium >= 0.000) & Temp >= 0.019) | O2Sat <= 1.566)
",-9999999.000,-9999999.000,0.000,0.000,1.000,0,0,0,16,16,0,0,16,0.0,0,0,0.0,0.0,1.0
"F[0,1]((Calcium <= 6.290 & AST <= 0.000) | PaCO2 <= 0.000)
",-9999999.000,-9999999.000,0.000,0.000,1.000,0,0,0,16,16,0,0,16,0.0,0,0,0.0,0.0,1.0
"F[2,2](Chloride >= 0.198 & Chloride <= 61.155)
",-0.198,-0.198,0.000,0.000,1.000,0,0,0,16,16,0,0,16,0.0,0,0,0.0,0.0,1.0
"F[0,1]((Chloride <= 12.276 & TroponinI <= 0.000) -> O2Sat >= 0.000)
",-9999999.000,-9999999.000,0.000,0.000,1.000,0,0,0,16,16,0,0,16,0.0,0,0,0.0,0.0,1.0
"F[1,2](Temp <= 13.018 & HCO3 <= 5.890)
",-9999999.000,-9999999.000,0.000,0.000,1.000,0,0,0,16,16,0,0,16,0.0,0,0,0.0,0.0,1.0
"F[1,2](((MAP >= 56.788 -> Bilirubin_total >= 0.000) & PTT <= 0.000) -> TroponinI >= 0.000)
",-9999999.000,-9999999.000,0.000,0.000,1.000,0,0,0,16,16,0,0,16,0.0,0,0,0.0,0.0,1.0
"F[1,2]((Chloride <= 50.630 -> TroponinI >= 0.000) -> Lactate >= 0.000)
",-9999999.000,-9999999.000,0.000,0.000,1.000,0,0,0,16,16,0,0,16,0.0,0,0,0.0,0.0,1.0
"F[1,2](((Phosphate <= 7.912 & Lactate <= 0.000) -> Creatinine <= 0.000) -> TroponinI >= 0.000)
",-9999999.000,-9999999.000,0.000,0.000,1.000,0,0,0,16,16,0,0,16,0.0,0,0,0.0,0.0,1.0
"F[1,1](((MAP >= 44.723 -> Hgb <= 0.538) & O2Sat >= 0.267) -> HR >= 0.281)
",0.281,0.281,0.000,0.000,1.000,0,0,0,16,16,0,0,16,0.0,0,0,0.0,0.0,1.0
"F[0,2](((pH <= 3.214 -> MAP <= 91.081) & SaO2 >= 32.971) -> Resp <= 112.628)
",-9999999.000,-9999999.000,0.000,0.000,1.000,0,0,0,16,16,0,0,16,0.0,0,0,0.0,0.0,1.0
"F[1,2]((DBP <= 0.000 | DBP <= 0.000) & TroponinI <= 0.000)
",-9999999.000,-9999999.000,0.000,0.000,1.000,0,0,0,16,16,0,0,16,0.0,0,0,0.0,0.0,1.0
"F[1,1](((SaO2 <= 0.000 | Fibrinogen >= 0.000) -> Glucose >= 0.000) & DBP <= 0.000)
",0.000,0.000,0.000,0.000,1.000,0,0,0,16,16,0,0,16,0.0,0,0,0.0,0.0,1.0
"F[0,2]((Bilirubin_total >= 0.000 -> Hct >= 0.883) | Fibrinogen >= 0.562)
",-9999999.000,-9999999.000,0.000,0.000,1.000,0,0,0,16,16,0,0,16,0.0,0,0,0.0,0.0,1.0
"F[2,2](HCO3 <= 19.234 -> Alkalinephos <= 0.000)
",-19.234,-19.234,0.000,0.000,1.000,0,0,0,16,16,0,0,16,0.0,0,0,0.0,0.0,1.0
"F[0,2](((EtCO2 >= 0.000 -> BaseExcess <= 0.304) | Glucose <= 3.744) -> BUN <= 2.418)
",-9999999.000,-9999999.000,0.000,0.000,1.000,0,0,0,16,16,0,0,16,0.0,0,0,0.0,0.0,1.0
"F[0,0](((Platelets <= 39.429 & PaCO2 <= 23.339) & Chloride <= 2.941) | BaseExcess <= 18.793)
",18.793,18.793,0.000,0.000,1.000,0,0,0,16,16,0,0,16,0.0,0,0,0.0,0.0,1.0
"F[0,2]((Resp <= 17.396 -> HCO3 <= 17.047) & Phosphate <= 24.433)
",-9999999.000,-9999999.000,0.000,0.000,1.000,0,0,0,16,16,0,0,16,0.0,0,0,0.0,0.0,1.0
"F[0,2]((Glucose >= 9.019 -> Resp >= 4.108) | FiO2 <= 20.981)
",-9999999.000,-9999999.000,0.000,0.000,1.000,0,0,0,16,16,0,0,16,0.0,0,0,0.0,0.0,1.0
"F[1,2]((Creatinine >= 0.562 | WBC >= 0.149) & FiO2 <= 4.905)
",-9999999.000,-9999999.000,0.000,0.000,1.000,0,0,0,16,16,0,0,16,0.0,0,0,0.0,0.0,1.0
"F[1,2](Temp <= 24.976 -> Potassium >= 0.158)
",-9999999.000,-9999999.000,0.000,0.000,1.000,0,0,0,16,16,0,0,16,0.0,0,0,0.0,0.0,1.0
"F[0,2]((DBP >= 0.000 -> Calcium >= 0.076) | Glucose >= 0.170)
",-9999999.000,-9999999.000,0.000,0.000,1.000,0,0,0,16,16,0,0,16,0.0,0,0,0.0,0.0,1.0
"((BUN >= 0.801) U[1,2] (pH >= 0.142))
",-9999999.000,-9999999.000,0.000,0.000,1.000,0,0,0,16,16,0,0,16,0.0,0,0,0.0,0.0,1.0
"F[1,2]((Glucose >= 0.028 | Potassium <= 4.161) & BaseExcess >= 0.016)
",-9999999.000,-9999999.000,0.000,0.000,1.000,0,0,0,16,16,0,0,16,0.0,0,0,0.0,0.0,1.0
"((Calcium >= 0.406) U[1,2] (Potassium >= 0.096))
",-9999999.000,-9999999.000,0.000,0.000,1.000,0,0,0,16,16,0,0,16,0.0,0,0,0.0,0.0,1.0
"F[0,2](Temp <= 20.791 | pH <= 6.291)
",-9999999.000,-9999999.000,0.000,0.000,1.000,0,0,0,16,16,0,0,16,0.0,0,0,0.0,0.0,1.0
"F[2,2](((Lactate >= 0.000 -> Calcium <= 9.581) -> SaO2 <= 1.100) & pH <= 4.935)
",-1.100,-1.100,0.000,0.000,1.000,0,0,0,16,16,0,0,16,0.0,0,0,0.0,0.0,1.0
"F[0,2]((Temp <= 35.834 -> Fibrinogen <= 0.000) | Magnesium <= 0.000)
",-9999999.000,-9999999.000,0.000,0.000,1.000,0,0,0,16,16,0,0,16,0.0,0,0,0.0,0.0,1.0
"F[2,2](((Calcium >= 0.223 | Magnesium >= 0.117) -> Potassium >= 0.121) | Creatinine >= 0.116)
",0.117,0.117,0.000,0.000,1.000,0,0,0,16,16,0,0,16,0.0,0,0,0.0,0.0,1.0
"((BaseExcess <= 1.491) U[0,2] (AST <= 0.000))
",-9999999.000,-9999999.000,0.000,0.000,1.000,0,0,0,16,16,0,0,16,0.0,0,0,0.0,0.0,1.0
"((Platelets <= 58.086) U[2,2] (PaCO2 >= 0.516))
",58.086,58.086,0.000,0.000,1.000,0,0,0,16,16,0,0,16,0.0,0,0,0.0,0.0,1.0
"((Magnesium >= 0.035) U[2,2] (Fibrinogen >= 0.000))
",0.000,0.000,0.000,0.000,1.000,0,0,0,16,16,0,0,16,0.0,0,0,0.0,0.0,1.0
"F[2,2](((PaCO2 <= 36.164 | HCO3 <= 6.052) | Fibrinogen >= 1.280) | SepsisLabel <= 22.664)
",36.164,36.164,0.000,0.000,1.000,0,0,0,16,16,0,0,16,0.0,0,0,0.0,0.0,1.0
"F[0,1]((HR <= 86.702 | Platelets >= 0.052) | Lactate >= 2.006)
",-9999999.000,-9999999.000,0.000,0.000,1.000,0,0,0,16,16,0,0,16,0.0,0,0,0.0,0.0,1.0
"F[0,0]((HCO3 >= 0.146 -> Creatinine <= 0.964) -> WBC <= 7.783)
",-7.783,-7.783,0.000,0.000,1.000,0,0,0,16,16,0,0,16,0.0,0,0,0.0,0.0,1.0
"F[2,2]((Bilirubin_total >= 0.000 | pH >= 0.147) & O2Sat <= 4.972)
",0.000,0.000,0.000,0.000,1.000,0,0,0,16,16,0,0,16,0.0,0,0,0.0,0.0,1.0
"F[0,2](Temp >= 7.217 | DBP >= 0.000)
",-9999999.000,-9999999.000,0.000,0.000,1.000,0,0,0,16,16,0,0,16,0.0,0,0,0.0,0.0,1.0
"F[0,0]((TroponinI <= 0.000 -> HCO3 >= 1.597) -> PTT <= 14.158)
",-4.784,-13.433,0.000,0.000,1.000,0,0,0,16,16,0,0,16,0.0,0,0,0.0,0.0,1.0
"F[0,0](((Resp >= 10.314 -> DBP >= 0.000) & Resp >= 0.000) & Bilirubin_direct >= 0.000)
",-2.456,-80.531,0.000,0.000,1.000,0,0,0,16,16,0,0,16,0.0,0,0,0.0,0.0,1.0
"F[0,2](((Hgb <= 7.850 -> Glucose <= 43.636) | Glucose >= 0.089) & SepsisLabel <= 195.813)
",-9999999.000,-9999999.000,0.000,0.000,1.000,0,0,0,16,16,0,0,16,0.0,0,0,0.0,0.0,1.0
"F[0,1](((Chloride >= 2.833 -> Temp <= 27.248) -> O2Sat >= 4.181) | PaCO2 <= 29.941)
",-9999999.000,-9999999.000,0.000,0.000,1.000,0,0,0,16,16,0,0,16,0.0,0,0,0.0,0.0,1.0
"((EtCO2 >= 0.000) U[0,1] (EtCO2 >= 0.000))
",-9999999.000,-9999999.000,0.000,0.000,1.000,0,0,0,16,16,0,0,16,0.0,0,0,0.0,0.0,1.0
"F[1,1](SepsisLabel <= 0.000 -> WBC <= 0.764)
",-0.764,-0.764,0.000,0.000,1.000,0,0,0,16,16,0,0,16,0.0,0,0,0.0,0.0,1.0
"F[0,2](((Potassium <= 3.307 | Alkalinephos >= 0.000) | Temp >= 0.000) -> EtCO2 >= 0.000)
",-9999999.000,-9999999.000,0.000,0.000,1.000,0,0,0,16,16,0,0,16,0.0,0,0,0.0,0.0,1.0
"((HR <= 70.909) U[2,2] (Glucose >= 3.836))
",70.909,70.909,0.000,0.000,1.000,0,0,0,16,16,0,0,16,0.0,0,0,0.0,0.0,1.0
"((Hct <= 5.395) U[0,2] (Creatinine <= 1.445))
",-9999999.000,-9999999.000,0.000,0.000,1.000,0,0,0,16,16,0,0,16,0.0,0,0,0.0,0.0,1.0
"((Temp <= 29.952) U[0,2] (Fibrinogen <= 0.000))
",-9999999.000,-9999999.000,0.000,0.000,1.000,0,0,0,16,16,0,0,16,0.0,0,0,0.0,0.0,1.0
"F[1,2]((Potassium <= 1.355 | pH >= 0.087) | Calcium <= 7.242)
",-9999999.000,-9999999.000,0.000,0.000,1.000,0,0,0,16,16,0,0,16,0.0,0,0,0.0,0.0,1.0
"((Creatinine <= 2.282) U[0,2] (BaseExcess <= 2.674))
",-9999999.000,-9999999.000,0.000,0.000,1.000,0,0,0,16,16,0,0,16,0.0,0,0,0.0,0.0,1.0
"F[0,2](((HCO3 >= 1.069 -> pH <= 0.742) | SBP >= 0.136) & DBP <= 6.783)
",-9999999.000,-9999999.000,0.000,0.000,1.000,0,0,0,16,16,0,0,16,0.0,0,0,0.0,0.0,1.0
"F[0,2]((Phosphate <= 7.427 | Phosphate >= 0.055) & Platelets <= 2.918)
",-9999999.000,-9999999.000,0.000,0.000,1.000,0,0,0,16,16,0,0,16,0.0,0,0,0.0,0.0,1.0
"F[0,0](((DBP <= 0.000 -> Creatinine >= 0.508) & O2Sat <= 1.144) -> WBC <= 3.435)
",-3.435,-3.435,0.000,0.000,1.000,0,0,0,16,16,0,0,16,0.0,0,0,0.0,0.0,1.0
"F[0,1]((PaCO2 <= 32.987 | BaseExcess >= 0.130) -> HCO3 <= 4.735)
",-9999999.000,-9999999.000,0.000,0.000,1.000,0,0,0,16,16,0,0,16,0.0,0,0,0.0,0.0,1.0
"F[1,2](((PaCO2 >= 0.881 & SepsisLabel >= 0.000) | Hct >= 0.000) | Resp <= 0.000)
",-9999999.000,-9999999.000,0.000,0.000,1.000,0,0,0,16,16,0,0,16,0.0,0,0,0.0,0.0,1.0
"F[0,2](PTT >= 0.000 & PaCO2 >= 0.608)
",-9999999.000,-9999999.000,0.000,0.000,1.000,0,0,0,16,16,0,0,16,0.0,0,0,0.0,0.0,1.0
"F[1,2](((Hct <= 15.251 | SepsisLabel <= 0.000) & Fibrinogen >= 0.000) & Lactate >= 0.000)
",-9999999.000,-9999999.000,0.000,0.000,1.000,0,0,0,16,16,0,0,16,0.0,0,0,0.0,0.0,1.0
"((Bilirubin_direct <= 0.000) U[2,2] (Phosphate <= 2.299))
",2.299,2.299,0.000,0.000,1.000,0,0,0,16,16,0,0,16,0.0,0,0,0.0,0.0,1.0
"((Lactate >= 0.000) U[2,2] (SBP <= 149.270))
",149.270,149.270,0.000,0.000,1.000,0,0,0,16,16,0,0,16,0.0,0,0,0.0,0.0,1.0
"F[2,2](((Resp <= 15.695 | SBP >= 32.005) & TroponinI <= 188.265) -> Calcium >= 28.937)
",-15.695,-15.695,0.000,0.000,1.000,0,0,0,16,16,0,0,16,0.0,0,0,0.0,0.0,1.0
"F[0,2]((Chloride >= 1.866 -> pH >= 0.067) & Magnesium <= 1.348)
",-9999999.000,-9999999.000,0.000,0.000,1.000,0,0,0,16,16,0,0,16,0.0,0,0,0.0,0.0,1.0
"F[1,2]((Alkalinephos >= 0.000 | FiO2 <= 0.000) & BUN >= 0.000)
",-9999999.000,-9999999.000,0.000,0.000,1.000,0,0,0,16,16,0,0,16,0.0,0,0,0.0,0.0,1.0
"F[0,1]((Creatinine <= 9.981 -> DBP <= 0.000) & Temp <= 0.000)
",-9999999.000,-9999999.000,0.000,0.000,1.000,0,0,0,16,16,0,0,16,0.0,0,0,0.0,0.0,1.0
"F[1,1](((Hgb >= 0.070 & BUN <= 15.489) & Resp >= 1.625) -> Creatinine <= 11.066)
",-11.066,-11.066,0.000,0.000,1.000,0,0,0,16,16,0,0,16,0.0,0,0,0.0,0.0,1.0
"F[0,1](BaseExcess <= 4.579 & Lactate >= 0.000)
",-9999999.000,-9999999.000,0.000,0.000,1.000,0,0,0,16,16,0,0,16,0.0,0,0,0.0,0.0,1.0
"F[0,2](((EtCO2 >= 0.000 | Hgb <= 10.178) & FiO2 <= 2.175) & Calcium >= 0.008)
",-9999999.000,-9999999.000,0.000,0.000,1.000,0,0,0,16,16,0,0,16,0.0,0,0,0.0,0.0,1.0
"F[0,1]((SaO2 <= 0.000 & MAP <= 118.955) -> DBP <= 97.193)
",-9999999.000,-9999999.000,0.000,0.000,1.000,0,0,0,16,16,0,0,16,0.0,0,0,0.0,0.0,1.0
"F[0,2](SepsisLabel >= 0.000 -> SepsisLabel >= 0.000)
",-9999999.000,-9999999.000,0.000,0.000,1.000,0,0,0,16,16,0,0,16,0.0,0,0,0.0,0.0,1.0
"F[1,1](PTT >= 0.000 -> Lactate <= 0.000)
",0.000,0.000,0.000,0.000,1.000,0,0,0,16,16,0,0,16,0.0,0,0,0.0,0.0,1.0
"F[0,2]((Platelets >= 0.334 -> Chloride <= 6.292) -> Temp >= 1.025)
",-9999999.000,-9999999.000,0.000,0.000,1.000,0,0,0,16,16,0,0,16,0.0,0,0,0.0,0.0,1.0
"F[0,2](DBP >= 0.000 | PaCO2 <= 16.713)
",-9999999.000,-9999999.000,0.000,0.000,1.000,0,0,0,16,16,0,0,16,0.0,0,0,0.0,0.0,1.0
"F[1,1](((MAP <= 82.125 -> Fibrinogen >= 0.000) & DBP <= 0.000) & Hgb >= 0.000)
",-82.125,-82.125,0.000,0.000,1.000,0,0,0,16,16,0,0,16,0.0,0,0,0.0,0.0,1.0
"F[1,1]((Hgb <= 6.258 & FiO2 >= 0.000) | HR <= 0.000)
",0.000,0.000,0.000,0.000,1.000,0,0,0,16,16,0,0,16,0.0,0,0,0.0,0.0,1.0
"((SepsisLabel >= 0.000) U[1,2] (WBC >= 0.012))
",-9999999.000,-9999999.000,0.000,0.000,1.000,0,0,0,16,16,0,0,16,0.0,0,0,0.0,0.0,1.0
"F[1,1]((HR >= 49.241 | Fibrinogen <= 0.000) & Chloride >= 0.000)
",0.000,0.000,0.000,0.000,1.000,0,0,0,16,16,0,0,16,0.0,0,0,0.0,0.0,1.0
"F[0,1](((Glucose >= 8.841 & TroponinI >= 0.000) | Fibrinogen <= 0.000) -> EtCO2 >= 0.000)
",-9999999.000,-9999999.000,0.000,0.000,1.000,0,0,0,16,16,0,0,16,0.0,0,0,0.0,0.0,1.0
"F[1,2](((Hgb >= 0.313 -> Bilirubin_total >= 0.000) & DBP <= 0.000) -> BaseExcess <= 0.000)
",-9999999.000,-9999999.000,0.000,0.000,1.000,0,0,0,16,16,0,0,16,0.0,0,0,0.0,0.0,1.0
"F[0,2](((Chloride <= 44.564 | SBP >= 116.080) | PaCO2 <= 182.326) -> TroponinI >= 106.389)
",-9999999.000,-9999999.000,0.000,0.000,1.000,0,0,0,16,16,0,0,16,0.0,0,0,0.0,0.0,1.0
"F[0,1](SepsisLabel >= 0.000 -> Platelets <= 95.828)
",-9999999.000,-9999999.000,0.000,0.000,1.000,0,0,0,16,16,0,0,16,0.0,0,0,0.0,0.0,1.0
"F[2,2](Potassium >= 0.285 | Hgb >= 0.163)
",-0.163,-0.163,0.000,0.000,1.000,0,0,0,16,16,0,0,16,0.0,0,0,0.0,0.0,1.0
"F[1,2](((Potassium >= 0.279 -> Phosphate <= 3.292) | HR <= 5.071) | DBP <= 7.255)
",-9999999.000,-9999999.000,0.000,0.000,1.000,0,0,0,16,16,0,0,16,0.0,0,0,0.0,0.0,1.0
"F[0,1]((HCO3 >= 0.473 | Creatinine <= 3.661) & Creatinine <= 8.737)
",-9999999.000,-9999999.000,0.000,0.000,1.000,0,0,0,16,16,0,0,16,0.0,0,0,0.0,0.0,1.0
"F[2,2](Glucose <= 124.707 | BaseExcess >= 0.044)
",124.707,124.707,0.000,0.000,1.000,0,0,0,16,16,0,0,16,0.0,0,0,0.0,0.0,1.0
"F[0,0]((AST <= 0.000 & Hgb <= 11.470) | Resp >= 0.163)
",-0.258,-0.010,0.000,0.000,1.000,0,0,0,16,16,0,0,16,0.0,0,0,0.0,0.0,1.0
"F[1,2](Platelets <= 88.236 | HCO3 >= 0.178)
",-9999999.000,-9999999.000,0.000,0.000,1.000,0,0,0,16,16,0,0,16,0.0,0,0,0.0,0.0,1.0
"F[1,1]((Fibrinogen >= 0.000 & Phosphate >= 0.066) | AST <= 4.496)
",4.496,4.496,0.000,0.000,1.000,0,0,0,16,16,0,0,16,0.0,0,0,0.0,0.0,1.0
"F[0,2](((HR >= 12.887 & FiO2 <= 0.000) -> Glucose >= 0.000) -> Creatinine >= 0.000)
",-9999999.000,-9999999.000,0.000,0.000,1.000,0,0,0,16,16,0,0,16,0.0,0,0,0.0,0.0,1.0
"F[2,2]((Chloride >= 5.152 -> Hct >= 1.043) & BaseExcess <= 22.615)
",1.043,1.043,0.000,0.000,1.000,0,0,0,16,16,0,0,16,0.0,0,0,0.0,0.0,1.0
"F[1,2]((Magnesium >= 0.016 & HR <= 89.123) & HR <= 87.620)
",-9999999.000,-9999999.000,0.000,0.000,1.000,0,0,0,16,16,0,0,16,0.0,0,0,0.0,0.0,1.0
"F[1,1]((MAP >= 75.169 & Temp >= 7.094) -> SaO2 <= 30.165)
",-30.165,-30.165,0.000,0.000,1.000,0,0,0,16,16,0,0,16,0.0,0,0,0.0,0.0,1.0
"F[2,2]((BaseExcess >= 0.048 | WBC >= 0.151) & SaO2 <= 4.291)
",-0.048,-0.048,0.000,0.000,1.000,0,0,0,16,16,0,0,16,0.0,0,0,0.0,0.0,1.0
"F[0,2]((PTT >= 0.000 & pH >= 0.208) & PTT <= 5.045)
",-9999999.000,-9999999.000,0.000,0.000,1.000,0,0,0,16,16,0,0,16,0.0,0,0,0.0,0.0,1.0
"F[0,2](((O2Sat >= 36.065 & SepsisLabel >= 0.000) | PTT <= 0.000) & Platelets <= 0.000)
",-9999999.000,-9999999.000,0.000,0.000,1.000,0,0,0,16,16,0,0,16,0.0,0,0,0.0,0.0,1.0
"F[1,2](((PaCO2 >= 0.915 | Bilirubin_total <= 0.000) | SBP >= 0.000) | FiO2 <= 0.000)
",-9999999.000,-9999999.000,0.000,0.000,1.000,0,0,0,16,16,0,0,16,0.0,0,0,0.0,0.0,1.0
"F[0,1](((Platelets >= 0.316 | Lactate <= 0.000) | HCO3 <= 0.000) | Temp >= 0.000)
",-9999999.000,-9999999.000,0.000,0.000,1.000,0,0,0,16,16,0,0,16,0.0,0,0,0.0,0.0,1.0
"F[0,2](((Fibrinogen <= 0.000 -> TroponinI <= 0.000) | PTT <= 0.000) | SepsisLabel >= 0.000)
",-9999999.000,-9999999.000,0.000,0.000,1.000,0,0,0,16,16,0,0,16,0.0,0,0,0.0,0.0,1.0
"F[0,2]((HR >= 12.910 -> PTT <= 0.000) | Bilirubin_direct >= 0.000)
",-9999999.000,-9999999.000,0.000,0.000,1.000,0,0,0,16,16,0,0,16,0.0,0,0,0.0,0.0,1.0
"F[0,2](((WBC <= 1.621 | PTT <= 0.000) | Creatinine >= 0.000) | Resp <= 0.000)
",-9999999.000,-9999999.000,0.000,0.000,1.000,0,0,0,16,16,0,0,16,0.0,0,0,0.0,0.0,1.0
"F[2,2](((DBP <= 0.000 | O2Sat >= 13.016) & AST >= 23.608) & Fibrinogen >= 59.573)
",-59.573,-59.573,0.000,0.000,1.000,0,0,0,16,16,0,0,16,0.0,0,0,0.0,0.0,1.0
"F[1,2](((EtCO2 >= 0.000 | Temp <= 18.190) | DBP <= 33.797) & Resp <= 11.961)
",-9999999.000,-9999999.000,0.000,0.000,1.000,0,0,0,16,16,0,0,16,0.0,0,0,0.0,0.0,1.0
"F[0,2](Hgb <= 5.708 | Hct <= 10.265)
",-9999999.000,-9999999.000,0.000,0.000,1.000,0,0,0,16,16,0,0,16,0.0,0,0,0.0,0.0,1.0
"F[0,2]((SaO2 <= 0.000 -> Calcium >= 0.369) | SepsisLabel >= 0.015)
",-9999999.000,-9999999.000,0.000,0.000,1.000,0,0,0,16,16,0,0,16,0.0,0,0,0.0,0.0,1.0
"((Creatinine <= 10.516) U[0,1] (SepsisLabel = 0.000))
",-9999999.000,-9999999.000,0.000,0.000,1.000,0,0,0,16,16,0,0,16,0.0,0,0,0.0,0.0,1.0
"((MAP >= 70.076) U[0,0] (SepsisLabel = 0.000))
",2.151,70.902,0.000,0.000,1.000,0,0,0,16,16,0,0,16,0.0,0,0,0.0,0.0,1.0
"((MAP >= 48.207) U[0,0] (SepsisLabel = 0.000))
",2.305,90.038,0.000,0.000,1.000,0,0,0,16,16,0,0,16,0.0,0,0,0.0,0.0,1.0
"F[0,1](AST >= 0.000 & SepsisLabel = 0.000)
",-9999999.000,-9999999.000,0.000,0.000,1.000,0,0,0,16,16,0,0,16,0.0,0,0,0.0,0.0,1.0
"((Bilirubin_direct < 0.000) U[0,2] (SepsisLabel = 0.000))
",-9999999.000,-9999999.000,0.000,0.000,1.000,0,0,0,16,16,0,0,16,0.0,0,0,0.0,0.0,1.0
"F[1,1](SepsisLabel <= 0.000 -> SepsisLabel = 0.000)
",0.000,0.000,0.000,0.000,1.000,0,0,0,16,16,0,0,16,0.0,0,0,0.0,0.0,1.0
"F[1,1](Glucose < 80.441 -> SepsisLabel = 0.000)
",-80.441,-80.441,0.000,0.000,1.000,0,0,0,16,16,0,0,16,0.0,0,0,0.0,0.0,1.0
"F[0,1](Chloride >= 3.391 -> SepsisLabel = 0.000)
",-9999999.000,-9999999.000,0.000,0.000,1.000,0,0,0,16,16,0,0,16,0.0,0,0,0.0,0.0,1.0
"((AST > 0.000) U[0,1] (SepsisLabel = 0.000))
",-9999999.000,-9999999.000,0.000,0.000,1.000,0,0,0,16,16,0,0,16,0.0,0,0,0.0,0.0,1.0
"((pH <= 5.219) U[0,1] (SepsisLabel = 0.000))
",-9999999.000,-9999999.000,0.000,0.000,1.000,0,0,0,16,16,0,0,16,0.0,0,0,0.0,0.0,1.0
"((SaO2 <= 0.000) U[1,2] (SepsisLabel = 0.000))
",-9999999.000,-9999999.000,0.000,0.000,1.000,0,0,0,16,16,0,0,16,0.0,0,0,0.0,0.0,1.0
"F[2,2](SepsisLabel >= 0.000 & SepsisLabel = 0.000)
",0.000,0.000,0.000,0.000,1.000,0,0,0,16,16,0,0,16,0.0,0,0,0.0,0.0,1.0
"((Calcium < 7.351) U[0,2] (SepsisLabel = 0.000))
",-9999999.000,-9999999.000,0.000,0.000,1.000,0,0,0,16,16,0,0,16,0.0,0,0,0.0,0.0,1.0
"F[1,2](PTT > 0.000 -> SepsisLabel = 0.000)
",-9999999.000,-9999999.000,0.000,0.000,1.000,0,0,0,16,16,0,0,16,0.0,0,0,0.0,0.0,1.0
"F[1,2](Magnesium <= 1.260 & SepsisLabel = 0.000)
",-9999999.000,-9999999.000,0.000,0.000,1.000,0,0,0,16,16,0,0,16,0.0,0,0,0.0,0.0,1.0
"((SepsisLabel >= 0.000) U[2,2] (SepsisLabel = 0.000))
",0.000,0.000,0.000,0.000,1.000,0,0,0,16,16,0,0,16,0.0,0,0,0.0,0.0,1.0
"F[0,2](Hct >= 1.026 & SepsisLabel = 0.000)
",-9999999.000,-9999999.000,0.000,0.000,1.000,0,0,0,16,16,0,0,16,0.0,0,0,0.0,0.0,1.0
"F[0,2](SaO2 <= 0.000 & SepsisLabel = 0.000)
",-9999999.000,-9999999.000,0.000,0.000,1.000,0,0,0,16,16,0,0,16,0.0,0,0,0.0,0.0,1.0
"F[1,2](BUN >= 1.417 & SepsisLabel = 0.000)
",-9999999.000,-9999999.000,0.000,0.000,1.000,0,0,0,16,16,0,0,16,0.0,0,0,0.0,0.0,1.0
"((HCO3 >= 1.132) U[0,2] (Creatinine <= 9.633))
",-9999999.000,-9999999.000,0.000,0.000,1.000,0,0,0,16,16,0,0,16,0.0,0,0,0.0,0.0,1.0
"((Chloride >= 1.208) U[0,2] (Creatinine <= 7.079))
",-9999999.000,-9999999.000,0.000,0.000,1.000,0,0,0,16,16,0,0,16,0.0,0,0,0.0,0.0,1.0
"F[2,2](((Calcium <= 2.797 & Phosphate <= 3.193) -> BUN <= 2.513) | Resp >= 0.401)
",-0.401,-0.401,0.000,0.000,1.000,0,0,0,16,16,0,0,16,0.0,0,0,0.0,0.0,1.0
"F[2,2]((Phosphate >= 0.251 | Potassium <= 1.472) | FiO2 <= 1.544)
",1.544,1.544,0.000,0.000,1.000,0,0,0,16,16,0,0,16,0.0,0,0,0.0,0.0,1.0
"F[0,2](((BUN <= 4.427 | Phosphate >= 0.290) -> Resp <= 2.150) & MAP <= 2.911)
",-9999999.000,-9999999.000,0.000,0.000,1.000,0,0,0,16,16,0,0,16,0.0,0,0,0.0,0.0,1.0
"((Calcium >= 0.467) U[0,1] (Potassium <= 2.438))
",-9999999.000,-9999999.000,0.000,0.000,1.000,0,0,0,16,16,0,0,16,0.0,0,0,0.0,0.0,1.0
"F[2,2]((Creatinine >= 0.398 & Magnesium >= 0.114) -> SaO2 <= 0.709)
",-0.709,-0.709,0.000,0.000,1.000,0,0,0,16,16,0,0,16,0.0,0,0,0.0,0.0,1.0
"F[2,2](((Creatinine >= 0.215 & HCO3 >= 0.848) -> Calcium >= 0.721) & Glucose >= 1.396)
",-1.396,-1.396,0.000,0.000,1.000,0,0,0,16,16,0,0,16,0.0,0,0,0.0,0.0,1.0
"((Magnesium >= 0.000) U[1,2] (Potassium <= 0.492))
",-9999999.000,-9999999.000,0.000,0.000,1.000,0,0,0,16,16,0,0,16,0.0,0,0,0.0,0.0,1.0
"F[0,2](((Calcium <= 7.078 -> HCO3 <= 6.895) | Hct <= 11.288) -> O2Sat <= 11.231)
",-9999999.000,-9999999.000,0.000,0.000,1.000,0,0,0,16,16,0,0,16,0.0,0,0,0.0,0.0,1.0
"((TroponinI < 0.000) U[0,1] (SepsisLabel = 0.000))
",-9999999.000,-9999999.000,0.000,0.000,1.000,0,0,0,16,16,0,0,16,0.0,0,0,0.0,0.0,1.0
"F[1,2](((Chloride <= 92.033 -> Magnesium >= 0.125) | PTT <= 0.518) -> Fibrinogen <= 0.335)
",-9999999.000,-9999999.000,0.000,0.000,1.000,0,0,0,16,16,0,0,16,0.0,0,0,0.0,0.0,1.0
"F[0,1]((Chloride <= 56.854 -> HCO3 <= 11.451) -> TroponinI <= 11.865)
",-9999999.000,-9999999.000,0.000,0.000,1.000,0,0,0,16,16,0,0,16,0.0,0,0,0.0,0.0,1.0
"F[1,2](BUN <= 6.981 | Potassium >= 0.143)
",-9999999.000,-9999999.000,0.000,0.000,1.000,0,0,0,16,16,0,0,16,0.0,0,0,0.0,0.0,1.0
"F[0,1](PaCO2 <= 14.180 -> pH <= 1.889)
",-9999999.000,-9999999.000,0.000,0.000,1.000,0,0,0,16,16,0,0,16,0.0,0,0,0.0,0.0,1.0
"F[2,2]((Creatinine >= 0.119 | Creatinine <= 5.434) -> Potassium <= 8.924)
",-8.924,-8.924,0.000,0.000,1.000,0,0,0,16,16,0,0,16,0.0,0,0,0.0,0.0,1.0
"F[0,2](Hct >= 1.096 -> Platelets >= 1.898)
",-9999999.000,-9999999.000,0.000,0.000,1.000,0,0,0,16,16,0,0,16,0.0,0,0,0.0,0.0,1.0
"F[0,1](MAP > 77.274 -> SepsisLabel = 0.000)
",-9999999.000,-9999999.000,0.000,0.000,1.000,0,0,0,16,16,0,0,16,0.0,0,0,0.0,0.0,1.0
"((EtCO2 >= 0.000) U[1,1] (SepsisLabel = 0.000))
",0.000,0.000,0.000,0.000,1.000,0,0,0,16,16,0,0,16,0.0,0,0,0.0,0.0,1.0
"((WBC <= 0.770) U[0,1] (SepsisLabel = 0.000))
",-9999999.000,-9999999.000,0.000,0.000,1.000,0,0,0,16,16,0,0,16,0.0,0,0,0.0,0.0,1.0
"F[1,1](Glucose <= 136.749 -> SepsisLabel = 0.000)
",-136.749,-136.749,0.000,0.000,1.000,0,0,0,16,16,0,0,16,0.0,0,0,0.0,0.0,1.0
"F[2,2](((Calcium < 3.510 & Potassium < 3.397) & Magnesium < 0.371) & Phosphate < 0.669)
",0.371,0.371,0.000,0.000,1.000,0,0,0,16,16,0,0,16,0.0,0,0,0.0,0.0,1.0
"F[0,2](Hgb <= 2.093 | Hct <= 32.352)
",-9999999.000,-9999999.000,0.000,0.000,1.000,0,0,0,16,16,0,0,16,0.0,0,0,0.0,0.0,1.0
"F[1,2]((Phosphate >= 0.206 & Magnesium > 0.133) -> Calcium < 9.045)
",-9999999.000,-9999999.000,0.000,0.000,1.000,0,0,0,16,16,0,0,16,0.0,0,0,0.0,0.0,1.0
"F[1,2]((Calcium <= 9.199 & Potassium <= 2.312) & Magnesium >= 0.018)
",-9999999.000,-9999999.000,0.000,0.000,1.000,0,0,0,16,16,0,0,16,0.0,0,0,0.0,0.0,1.0
"F[1,2]((Phosphate >= 0.241 & Magnesium > 0.127) -> Calcium < 6.262)
",-9999999.000,-9999999.000,0.000,0.000,1.000,0,0,0,16,16,0,0,16,0.0,0,0,0.0,0.0,1.0
"F[0,2](((Calcium < 7.492 & Potassium < 2.981) & Magnesium < 2.015) & Phosphate < 4.227)
",-9999999.000,-9999999.000,0.000,0.000,1.000,0,0,0,16,16,0,0,16,0.0,0,0,0.0,0.0,1.0
"F[0,1](Hgb <= 9.997 | Hct <= 16.603)
",-9999999.000,-9999999.000,0.000,0.000,1.000,0,0,0,16,16,0,0,16,0.0,0,0,0.0,0.0,1.0
"F[0,2]((Phosphate >= 0.190 & Magnesium > 0.024) -> Calcium < 4.987)
",-9999999.000,-9999999.000,0.000,0.000,1.000,0,0,0,16,16,0,0,16,0.0,0,0,0.0,0.0,1.0
"F[2,2]((Calcium <= 5.246 & Potassium <= 1.400) & Magnesium >= 0.057)
",-0.057,-0.057,0.000,0.000,1.000,0,0,0,16,16,0,0,16,0.0,0,0,0.0,0.0,1.0
"((Phosphate >= 0.426) U[0,0] (SepsisLabel = 0.000))
",0.378,0.215,0.000,0.000,1.000,0,0,0,16,16,0,0,16,0.0,0,0,0.0,0.0,1.0
"F[0,2](Hgb <= 6.539 | Hct <= 24.163)
",-9999999.000,-9999999.000,0.000,0.000,1.000,0,0,0,16,16,0,0,16,0.0,0,0,0.0,0.0,1.0
"((MAP >= 66.613) U[2,2] (SBP <= 162.245))
",162.245,162.245,0.000,0.000,1.000,0,0,0,16,16,0,0,16,0.0,0,0,0.0,0.0,1.0
"F[1,1]((Phosphate >= 0.259 & Magnesium > 0.055) -> Calcium < 4.958)
",-4.958,-4.958,0.000,0.000,1.000,0,0,0,16,16,0,0,16,0.0,0,0,0.0,0.0,1.0
"F[0,1](((Calcium < 9.521 & Potassium < 2.880) & Magnesium < 2.001) & Phosphate < 7.869)
",-9999999.000,-9999999.000,0.000,0.000,1.000,0,0,0,16,16,0,0,16,0.0,0,0,0.0,0.0,1.0
"F[1,2]((Calcium <= 6.929 & Potassium <= 3.250) & Magnesium >= 0.125)
",-9999999.000,-9999999.000,0.000,0.000,1.000,0,0,0,16,16,0,0,16,0.0,0,0,0.0,0.0,1.0
"F[1,2]((Phosphate >= 0.383 & Magnesium > 0.075) -> Calcium < 5.226)
",-9999999.000,-9999999.000,0.000,0.000,1.000,0,0,0,16,16,0,0,16,0.0,0,0,0.0,0.0,1.0
"F[2,2](((Calcium < 3.891 & Potassium < 4.593) & Magnesium < 0.231) & Phosphate < 7.498)
",0.231,0.231,0.000,0.000,1.000,0,0,0,16,16,0,0,16,0.0,0,0,0.0,0.0,1.0
"F[0,1]((Phosphate >= 0.014 & Magnesium > 0.129) -> Calcium < 7.230)
",-9999999.000,-9999999.000,0.000,0.000,1.000,0,0,0,16,16,0,0,16,0.0,0,0,0.0,0.0,1.0
"F[0,2](Hgb <= 10.735 | Hct <= 15.124)
",-9999999.000,-9999999.000,0.000,0.000,1.000,0,0,0,16,16,0,0,16,0.0,0,0,0.0,0.0,1.0
"F[2,2](((Calcium < 4.611 & Potassium < 3.511) & Magnesium < 0.505) & Phosphate < 8.068)
",0.505,0.505,0.000,0.000,1.000,0,0,0,16,16,0,0,16,0.0,0,0,0.0,0.0,1.0
"F[1,2]((Phosphate >= 0.037 & Magnesium > 0.111) -> Calcium < 2.091)
",-9999999.000,-9999999.000,0.000,0.000,1.000,0,0,0,16,16,0,0,16,0.0,0,0,0.0,0.0,1.0
"((Hgb < 9.349) U[0,0] (SepsisLabel = 0.000))
",0.833,7.136,0.000,0.000,1.000,0,0,0,16,16,0,0,16,0.0,0,0,0.0,0.0,1.0
"((Chloride > 3.791) U[2,2] (SepsisLabel = 0.000))
",0.000,0.000,0.000,0.000,1.000,0,0,0,16,16,0,0,16,0.0,0,0,0.0,0.0,1.0
"F[1,2](Bilirubin_direct >= 0.000 -> SepsisLabel = 0.000)
",-9999999.000,-9999999.000,0.000,0.000,1.000,0,0,0,16,16,0,0,16,0.0,0,0,0.0,0.0,1.0
"F[0,1](DBP <= 0.000 & SepsisLabel = 0.000)
",-9999999.000,-9999999.000,0.000,0.000,1.000,0,0,0,16,16,0,0,16,0.0,0,0,0.0,0.0,1.0
"((Magnesium > 0.085) U[2,2] (SepsisLabel = 0.000))
",0.000,0.000,0.000,0.000,1.000,0,0,0,16,16,0,0,16,0.0,0,0,0.0,0.0,1.0
"((MAP >= 72.798) U[0,0] (SBP <= 184.113))
",11.170,175.065,0.000,0.000,1.000,0,0,0,16,16,0,0,16,0.0,0,0,0.0,0.0,1.0
"F[1,2](Hgb <= 7.398 | Hct <= 31.620)
",-9999999.000,-9999999.000,0.000,0.000,1.000,0,0,0,16,16,0,0,16,0.0,0,0,0.0,0.0,1.0
"F[0,2]((Phosphate >= 0.013 & Magnesium > 0.105) -> Calcium < 3.753)
",-9999999.000,-9999999.000,0.000,0.000,1.000,0,0,0,16,16,0,0,16,0.0,0,0,0.0,0.0,1.0
"F[0,2](((Calcium < 5.565 & Potassium < 1.272) & Magnesium < 0.793) & Phosphate < 7.694)
",-9999999.000,-9999999.000,0.000,0.000,1.000,0,0,0,16,16,0,0,16,0.0,0,0,0.0,0.0,1.0
"F[1,2]((Calcium <= 2.311 & Potassium <= 0.620) & Magnesium >= 0.018)
",-9999999.000,-9999999.000,0.000,0.000,1.000,0,0,0,16,16,0,0,16,0.0,0,0,0.0,0.0,1.0
"F[1,2](Hgb <= 9.525 | Hct <= 27.709)
",-9999999.000,-9999999.000,0.000,0.000,1.000,0,0,0,16,16,0,0,16,0.0,0,0,0.0,0.0,1.0
"((MAP >= 48.022) U[0,2] (SBP <= 141.323))
",-9999999.000,-9999999.000,0.000,0.000,1.000,0,0,0,16,16,0,0,16,0.0,0,0,0.0,0.0,1.0
"F[0,1](((Calcium < 0.977 & Potassium < 4.786) & Magnesium < 1.535) & Phosphate < 5.303)
",-9999999.000,-9999999.000,0.000,0.000,1.000,0,0,0,16,16,0,0,16,0.0,0,0,0.0,0.0,1.0
"F[0,2]((Calcium <= 2.777 & Potassium <= 0.918) & Magnesium >= 0.092)
",-9999999.000,-9999999.000,0.000,0.000,1.000,0,0,0,16,16,0,0,16,0.0,0,0,0.0,0.0,1.0
"F[1,2](Hgb <= 4.207 | Hct <= 20.183)
",-9999999.000,-9999999.000,0.000,0.000,1.000,0,0,0,16,16,0,0,16,0.0,0,0,0.0,0.0,1.0
"F[2,2](((BUN >= 2.140 -> Glucose <= 52.692) & SaO2 >= 7.790) | Creatinine <= 80.238)
",80.238,80.238,0.000,0.000,1.000,0,0,0,16,16,0,0,16,0.0,0,0,0.0,0.0,1.0
"F[1,2]((Glucose <= 197.571 & HCO3 >= 1.317) | SepsisLabel <= 8.435)
",-9999999.000,-9999999.000,0.000,0.000,1.000,0,0,0,16,16,0,0,16,0.0,0,0,0.0,0.0,1.0
"F[1,2](Glucose >= 7.161 & Magnesium <= 0.980)
",-9999999.000,-9999999.000,0.000,0.000,1.000,0,0,0,16,16,0,0,16,0.0,0,0,0.0,0.0,1.0
"F[1,2](Hct <= 21.962 | PaCO2 <= 20.817)
",-9999999.000,-9999999.000,0.000,0.000,1.000,0,0,0,16,16,0,0,16,0.0,0,0,0.0,0.0,1.0
"F[0,1]((MAP <= 104.594 | Potassium >= 0.207) -> BaseExcess <= 3.650)
",-9999999.000,-9999999.000,0.000,0.000,1.000,0,0,0,16,16,0,0,16,0.0,0,0,0.0,0.0,1.0
"((Chloride >= 1.557) U[0,2] (MAP <= 113.273))
",-9999999.000,-9999999.000,0.000,0.000,1.000,0,0,0,16,16,0,0,16,0.0,0,0,0.0,0.0,1.0
"F[0,0](((HCO3 >= 0.998 | MAP >= 41.209) & SBP >= 18.390) -> PTT <= 100.657)
",-35.589,-99.932,0.000,0.000,1.000,0,0,0,16,16,0,0,16,0.0,0,0,0.0,0.0,1.0
"F[0,1](((Magnesium >= 0.023 -> MAP >= 27.091) -> Fibrinogen >= 53.387) -> Resp <= 88.152)
",-9999999.000,-9999999.000,0.000,0.000,1.000,0,0,0,16,16,0,0,16,0.0,0,0,0.0,0.0,1.0
"F[0,2](((Calcium >= 0.211 & MAP >= 39.101) & PTT <= 97.903) & BUN >= 3.631)
",-9999999.000,-9999999.000,0.000,0.000,1.000,0,0,0,16,16,0,0,16,0.0,0,0,0.0,0.0,1.0
"F[2,2](BaseExcess <= 1.613 & WBC >= 0.025)
",-0.025,-0.025,0.000,0.000,1.000,0,0,0,16,16,0,0,16,0.0,0,0,0.0,0.0,1.0
"F[0,2](PaCO2 >= 0.719 & WBC >= 0.032)
",-9999999.000,-9999999.000,0.000,0.000,1.000,0,0,0,16,16,0,0,16,0.0,0,0,0.0,0.0,1.0
"F[1,2](((HCO3 >= 0.777 -> SBP >= 46.637) | SepsisLabel <= 171.999) -> Bilirubin_total <= 180.639)
",-9999999.000,-9999999.000,0.000,0.000,1.000,0,0,0,16,16,0,0,16,0.0,0,0,0.0,0.0,1.0
"F[2,2](Calcium <= 9.154 | PaCO2 <= 24.088)
",24.088,24.088,0.000,0.000,1.000,0,0,0,16,16,0,0,16,0.0,0,0,0.0,0.0,1.0
"F[2,2](Chloride >= 3.478 & SBP >= 30.650)
",-30.650,-30.650,0.000,0.000,1.000,0,0,0,16,16,0,0,16,0.0,0,0,0.0,0.0,1.0
"F[0,2](((BaseExcess <= 2.847 | HR >= 4.945) & MAP <= 82.614) | Bilirubin_total <= 87.113)
",-9999999.000,-9999999.000,0.000,0.000,1.000,0,0,0,16,16,0,0,16,0.0,0,0,0.0,0.0,1.0
"F[2,2]((Hct <= 16.237 & HR >= 32.948) & PaCO2 <= 78.879)
",-32.948,-32.948,0.000,0.000,1.000,0,0,0,16,16,0,0,16,0.0,0,0,0.0,0.0,1.0
"F[0,2]((BaseExcess <= 0.473 & BUN >= 0.622) & Glucose <= 12.882)
",-9999999.000,-9999999.000,0.000,0.000,1.000,0,0,0,16,16,0,0,16,0.0,0,0,0.0,0.0,1.0
"F[1,2](BUN >= 0.836 -> pH >= 0.138)
",-9999999.000,-9999999.000,0.000,0.000,1.000,0,0,0,16,16,0,0,16,0.0,0,0,0.0,0.0,1.0
"((Creatinine >= 0.146) U[1,2] (pH >= 0.006))
",-9999999.000,-9999999.000,0.000,0.000,1.000,0,0,0,16,16,0,0,16,0.0,0,0,0.0,0.0,1.0
"F[0,1](((BaseExcess >= 0.062 -> Creatinine >= 0.419) | O2Sat >= 0.195) & Phosphate <= 2.021)
",-9999999.000,-9999999.000,0.000,0.000,1.000,0,0,0,16,16,0,0,16,0.0,0,0,0.0,0.0,1.0
"F[1,2](MAP <= 118.059 -> Phosphate <= 6.709)
",-9999999.000,-9999999.000,0.000,0.000,1.000,0,0,0,16,16,0,0,16,0.0,0,0,0.0,0.0,1.0
"((MAP <= 96.699) U[0,2] (Platelets <= 62.851))
",-9999999.000,-9999999.000,0.000,0.000,1.000,0,0,0,16,16,0,0,16,0.0,0,0,0.0,0.0,1.0
"F[1,2]((DBP >= 0.000 | HR >= 51.713) | pH <= 71.207)
",-9999999.000,-9999999.000,0.000,0.000,1.000,0,0,0,16,16,0,0,16,0.0,0,0,0.0,0.0,1.0
"F[1,2]((PaCO2 >= 0.048 & DBP >= 0.000) | WBC <= 0.000)
",-9999999.000,-9999999.000,0.000,0.000,1.000,0,0,0,16,16,0,0,16,0.0,0,0,0.0,0.0,1.0
"F[0,1]((Bilirubin_direct <= 0.000 | BaseExcess >= 0.105) -> Glucose <= 3.799)
",-9999999.000,-9999999.000,0.000,0.000,1.000,0,0,0,16,16,0,0,16,0.0,0,0,0.0,0.0,1.0
"F[0,2](HR <= 71.585 & SepsisLabel <= 0.000)
",-9999999.000,-9999999.000,0.000,0.000,1.000,0,0,0,16,16,0,0,16,0.0,0,0,0.0,0.0,1.0
"F[1,2]((Potassium >= 0.236 -> Phosphate >= 0.376) | Alkalinephos <= 7.208)
",-9999999.000,-9999999.000,0.000,0.000,1.000,0,0,0,16,16,0,0,16,0.0,0,0,0.0,0.0,1.0
"F[0,1](Lactate >= 0.000 & PTT <= 0.000)
",-9999999.000,-9999999.000,0.000,0.000,1.000,0,0,0,16,16,0,0,16,0.0,0,0,0.0,0.0,1.0
"F[1,2]((BUN <= 26.182 | Chloride <= 55.282) | MAP >= 2.594)
",-9999999.000,-9999999.000,0.000,0.000,1.000,0,0,0,16,16,0,0,16,0.0,0,0,0.0,0.0,1.0
"F[0,2]((Potassium >= 0.195 -> BaseExcess >= 0.073) & Phosphate >= 0.103)
",-9999999.000,-9999999.000,0.000,0.000,1.000,0,0,0,16,16,0,0,16,0.0,0,0,0.0,0.0,1.0
"F[0,2](((MAP <= 106.106 | AST >= 0.000) & SBP >= 0.000) -> SaO2 <= 0.000)
",-9999999.000,-9999999.000,0.000,0.000,1.000,0,0,0,16,16,0,0,16,0.0,0,0,0.0,0.0,1.0
"F[0,0]((DBP <= 0.000 | FiO2 >= 0.000) & SepsisLabel <= 0.000)
",-0.258,-8.250,0.000,0.000,1.000,0,0,0,16,16,0,0,16,0.0,0,0,0.0,0.0,1.0
"F[2,2]((EtCO2 >= 0.000 & SBP <= 174.745) -> Alkalinephos >= 112.478)
",0.000,0.000,0.000,0.000,1.000,0,0,0,16,16,0,0,16,0.0,0,0,0.0,0.0,1.0
"F[0,2](pH <= 0.496 -> Resp <= 23.311)
",-9999999.000,-9999999.000,0.000,0.000,1.000,0,0,0,16,16,0,0,16,0.0,0,0,0.0,0.0,1.0
"((O2Sat >= 56.726) U[0,0] (SepsisLabel <= 0.000))
",2.153,17.677,0.000,0.000,1.000,0,0,0,16,16,0,0,16,0.0,0,0,0.0,0.0,1.0
"F[0,2](((HCO3 >= 0.892 & Resp >= 5.245) & Chloride >= 5.483) & PaCO2 <= 20.558)
",-9999999.000,-9999999.000,0.000,0.000,1.000,0,0,0,16,16,0,0,16,0.0,0,0,0.0,0.0,1.0
"F[0,2]((Fibrinogen >= 0.000 -> Hct <= 33.431) -> Chloride >= 0.390)
",-9999999.000,-9999999.000,0.000,0.000,1.000,0,0,0,16,16,0,0,16,0.0,0,0,0.0,0.0,1.0
"((Potassium <= 3.102) U[0,1] (Creatinine <= 9.053))
",-9999999.000,-9999999.000,0.000,0.000,1.000,0,0,0,16,16,0,0,16,0.0,0,0,0.0,0.0,1.0
"F[0,1]((MAP <= 106.642 & Fibrinogen >= 0.000) | Potassium <= 0.000)
",-9999999.000,-9999999.000,0.000,0.000,1.000,0,0,0,16,16,0,0,16,0.0,0,0,0.0,0.0,1.0
"F[1,2]((Calcium <= 3.724 | pH <= 2.441) | Fibrinogen >= 0.108)
",-9999999.000,-9999999.000,0.000,0.000,1.000,0,0,0,16,16,0,0,16,0.0,0,0,0.0,0.0,1.0
"F[1,1](((Magnesium <= 2.005 & PaCO2 <= 14.206) -> TroponinI >= 1.241) | PaCO2 <= 30.002)
",30.002,30.002,0.000,0.000,1.000,0,0,0,16,16,0,0,16,0.0,0,0,0.0,0.0,1.0
"F[1,2]((Glucose <= 167.722 & Hct >= 0.583) & Fibrinogen <= 32.732)
",-9999999.000,-9999999.000,0.000,0.000,1.000,0,0,0,16,16,0,0,16,0.0,0,0,0.0,0.0,1.0
"F[0,2](Chloride >= 3.532 -> Platelets >= 2.649)
",-9999999.000,-9999999.000,0.000,0.000,1.000,0,0,0,16,16,0,0,16,0.0,0,0,0.0,0.0,1.0
"F[0,1](((Resp >= 5.426 | WBC <= 1.526) | PaCO2 <= 2.657) | Magnesium <= 5.101)
",-9999999.000,-9999999.000,0.000,0.000,1.000,0,0,0,16,16,0,0,16,0.0,0,0,0.0,0.0,1.0
"F[1,2]((Hct <= 16.082 & Resp <= 15.744) | FiO2 >= 9.048)
",-9999999.000,-9999999.000,0.000,0.000,1.000,0,0,0,16,16,0,0,16,0.0,0,0,0.0,0.0,1.0
"F[1,2](((Calcium >= 0.225 | Platelets >= 1.095) | Potassium <= 18.856) | AST <= 114.964)
",-9999999.000,-9999999.000,0.000,0.000,1.000,0,0,0,16,16,0,0,16,0.0,0,0,0.0,0.0,1.0
"F[0,2]((Calcium >= 0.235 -> Hgb <= 3.416) -> Alkalinephos >= 0.034)
",-9999999.000,-9999999.000,0.000,0.000,1.000,0,0,0,16,16,0,0,16,0.0,0,0,0.0,0.0,1.0
"F[0,2]((Calcium <= 9.215 & Hct >= 0.365) & BaseExcess <= 23.634)
",-9999999.000,-9999999.000,0.000,0.000,1.000,0,0,0,16,16,0,0,16,0.0,0,0,0.0,0.0,1.0
"((Magnesium <= 1.152) U[1,2] (Platelets >= 3.826))
",-9999999.000,-9999999.000,0.000,0.000,1.000,0,0,0,16,16,0,0,16,0.0,0,0,0.0,0.0,1.0
"((Chloride >= 2.684) U[0,2] (WBC >= 0.018))
",-9999999.000,-9999999.000,0.000,0.000,1.000,0,0,0,16,16,0,0,16,0.0,0,0,0.0,0.0,1.0
"F[1,2](MAP <= 112.241 & Resp <= 19.226)
",-9999999.000,-9999999.000,0.000,0.000,1.000,0,0,0,16,16,0,0,16,0.0,0,0,0.0,0.0,1.0
"F[2,2](((BaseExcess <= 1.922 | Magnesium <= 1.041) | SaO2 <= 1.926) & O2Sat >= 0.075)
",-0.075,-0.075,0.000,0.000,1.000,0,0,0,16,16,0,0,16,0.0,0,0,0.0,0.0,1.0
"F[2,2]((Resp >= 5.981 & SBP >= 3.757) | HCO3 >= 74.290)
",-5.981,-5.981,0.000,0.000,1.000,0,0,0,16,16,0,0,16,0.0,0,0,0.0,0.0,1.0
"F[0,2](Creatinine >= 0.236 -> Platelets >= 0.191)
",-9999999.000,-9999999.000,0.000,0.000,1.000,0,0,0,16,16,0,0,16,0.0,0,0,0.0,0.0,1.0
"((BUN >= 0.621) U[0,1] (WBC <= 3.967))
",-9999999.000,-9999999.000,0.000,0.000,1.000,0,0,0,16,16,0,0,16,0.0,0,0,0.0,0.0,1.0
"F[2,2](Phosphate >= 0.072 | Platelets >= 3.319)
",-0.072,-0.072,0.000,0.000,1.000,0,0,0,16,16,0,0,16,0.0,0,0,0.0,0.0,1.0
"F[0,2]((Hgb >= 0.251 | Phosphate >= 0.113) & Alkalinephos <= 1.875)
",-9999999.000,-9999999.000,0.000,0.000,1.000,0,0,0,16,16,0,0,16,0.0,0,0,0.0,0.0,1.0
"F[0,2](((O2Sat <= 88.623 -> SBP <= 170.592) | PTT <= 192.134) & pH >= 27.664)
",-9999999.000,-9999999.000,0.000,0.000,1.000,0,0,0,16,16,0,0,16,0.0,0,0,0.0,0.0,1.0
"F[0,2](Glucose <= 123.054 -> Platelets <= 113.260)
",-9999999.000,-9999999.000,0.000,0.000,1.000,0,0,0,16,16,0,0,16,0.0,0,0,0.0,0.0,1.0
"((O2Sat <= 91.860) U[0,1] (Temp <= 16.635))
",-9999999.000,-9999999.000,0.000,0.000,1.000,0,0,0,16,16,0,0,16,0.0,0,0,0.0,0.0,1.0
"((HR >= 37.059) U[2,2] (Temp <= 13.402))
",13.402,13.402,0.000,0.000,1.000,0,0,0,16,16,0,0,16,0.0,0,0,0.0,0.0,1.0
"F[0,2](Magnesium >= 0.039 & Temp <= 19.920)
",-9999999.000,-9999999.000,0.000,0.000,1.000,0,0,0,16,16,0,0,16,0.0,0,0,0.0,0.0,1.0
"((Chloride >= 0.228) U[0,2] (Temp <= 28.642))
",-9999999.000,-9999999.000,0.000,0.000,1.000,0,0,0,16,16,0,0,16,0.0,0,0,0.0,0.0,1.0
"F[0,2](((BaseExcess >= 0.043 | HCO3 >= 1.238) & FiO2 <= 2.951) & Platelets <= 2.356)
",-9999999.000,-9999999.000,0.000,0.000,1.000,0,0,0,16,16,0,0,16,0.0,0,0,0.0,0.0,1.0
"F[0,2]((PaCO2 >= 0.591 -> SBP >= 26.192) & HCO3 <= 138.903)
",-9999999.000,-9999999.000,0.000,0.000,1.000,0,0,0,16,16,0,0,16,0.0,0,0,0.0,0.0,1.0
"((O2Sat >= 32.841) U[0,2] (pH <= 6.502))
",-9999999.000,-9999999.000,0.000,0.000,1.000,0,0,0,16,16,0,0,16,0.0,0,0,0.0,0.0,1.0
"F[2,2](((HR >= 47.258 & Phosphate <= 5.581) -> AST >= 0.017) & Platelets <= 2.884)
",0.017,0.017,0.000,0.000,1.000,0,0,0,16,16,0,0,16,0.0,0,0,0.0,0.0,1.0
"F[1,2](((HR >= 17.817 | Potassium >= 0.058) -> BaseExcess <= 2.600) & DBP <= 1.773)
",-9999999.000,-9999999.000,0.000,0.000,1.000,0,0,0,16,16,0,0,16,0.0,0,0,0.0,0.0,1.0
"F[1,2](((HR <= 82.003 & Magnesium >= 0.018) | Hct <= 0.653) -> Potassium >= 0.083)
",-9999999.000,-9999999.000,0.000,0.000,1.000,0,0,0,16,16,0,0,16,0.0,0,0,0.0,0.0,1.0
"F[2,2]((Calcium >= 0.339 | HR <= 80.039) | Chloride >= 26.423)
",80.039,80.039,0.000,0.000,1.000,0,0,0,16,16,0,0,16,0.0,0,0,0.0,0.0,1.0
"F[0,1](Glucose <= 18.773 -> Temp <= 32.053)
",-9999999.000,-9999999.000,0.000,0.000,1.000,0,0,0,16,16,0,0,16,0.0,0,0,0.0,0.0,1.0
"F[1,2]((O2Sat >= 75.295 & Phosphate >= 0.107) | TroponinI <= 2.233)
",-9999999.000,-9999999.000,0.000,0.000,1.000,0,0,0,16,16,0,0,16,0.0,0,0,0.0,0.0,1.0
"((O2Sat <= 97.617) U[0,1] (Potassium <= 1.111))
",-9999999.000,-9999999.000,0.000,0.000,1.000,0,0,0,16,16,0,0,16,0.0,0,0,0.0,0.0,1.0
"F[1,1](((Calcium <= 5.805 -> O2Sat >= 25.233) -> Creatinine <= 97.697) | AST >= 1.920)
",-1.920,-1.920,0.000,0.000,1.000,0,0,0,16,16,0,0,16,0.0,0,0,0.0,0.0,1.0
"F[2,2](((Hgb >= 0.351 -> Temp <= 15.694) -> Hct <= 18.983) & Platelets >= 3.448)
",-18.983,-18.983,0.000,0.000,1.000,0,0,0,16,16,0,0,16,0.0,0,0,0.0,0.0,1.0
"((Chloride >= 5.478) U[0,2] (Resp <= 14.568))
",-9999999.000,-9999999.000,0.000,0.000,1.000,0,0,0,16,16,0,0,16,0.0,0,0,0.0,0.0,1.0
"((BUN >= 2.481) U[0,1] (Temp <= 14.676))
",-9999999.000,-9999999.000,0.000,0.000,1.000,0,0,0,16,16,0,0,16,0.0,0,0,0.0,0.0,1.0
"F[1,2](Creatinine >= 0.383 -> Temp <= 30.884)
",-9999999.000,-9999999.000,0.000,0.000,1.000,0,0,0,16,16,0,0,16,0.0,0,0,0.0,0.0,1.0
"F[0,2](((AST <= 0.000 | Bilirubin_total <= 0.000) -> Hgb >= 0.000) -> BUN >= 0.000)
",-9999999.000,-9999999.000,0.000,0.000,1.000,0,0,0,16,16,0,0,16,0.0,0,0,0.0,0.0,1.0
