Rule,Discrimination Score,Pos Robustness,Neg Robustness,Percent Class +,Percent Class -,TP,TN,FP,FN,Actual Yes,Actual No,Predicted Yes,Predicted No,TPR/Sens,TNR/Spec,FPR,Precision,Accuracy,MCR
"G[0,1]((Chloride >= 5.593 | Potassium >= 0.149) -> MAP >= 0.424)
",9999999.000,9999999.000,0.000,1.000,0.000,13,0,0,0,13,0,13,0,1.0,0.0,0.0,1.0,1.0,0.0
"G[1,1]((Calcium >= 0.181 & PTT <= 10.247) | Resp <= 27.298)
",3841835217019615.500,27.298,0.000,1.000,0.000,13,0,0,0,13,0,13,0,1.0,0.0,0.0,1.0,1.0,0.0
"G[0,1]((Phosphate >= 0.040 & BaseExcess <= 0.000) | SaO2 <= 0.000)
",9999999.000,9999999.000,0.000,1.000,0.000,13,0,0,0,13,0,13,0,1.0,0.0,0.0,1.0,1.0,0.0
"G[0,0]((SepsisLabel <= 0.000 -> BaseExcess <= 0.000) -> Creatinine >= 0.000)
",-0.426,-15.385,0.000,1.000,0.000,13,0,0,0,13,0,13,0,1.0,0.0,0.0,1.0,1.0,0.0
"G[0,0](((Fibrinogen <= 173.621 & TroponinI >= 0.000) -> Chloride >= 0.000) -> AST >= 0.000)
",0.000,0.000,0.000,1.000,0.000,13,0,0,0,13,0,13,0,1.0,0.0,0.0,1.0,1.0,0.0
"G[1,1](Magnesium <= 1.878 | Platelets >= 3.265)
",8456340855215615.000,1.878,0.000,1.000,0.000,13,0,0,0,13,0,13,0,1.0,0.0,0.0,1.0,1.0,0.0
"G[0,1](((SaO2 >= 0.000 | EtCO2 >= 0.000) | Chloride >= 0.000) -> SepsisLabel <= 0.000)
",9999999.000,9999999.000,0.000,1.000,0.000,13,0,0,0,13,0,13,0,1.0,0.0,0.0,1.0,1.0,0.0
"G[1,1]((Phosphate >= 0.061 & DBP >= 0.000) | Temp >= 0.000)
",0.000,0.000,0.000,1.000,0.000,13,0,0,0,13,0,13,0,1.0,0.0,0.0,1.0,1.0,0.0
"G[0,0]((Potassium >= 0.238 -> WBC <= 2.416) -> Calcium <= 4.622)
",-5203550091170534.000,-4.622,0.000,1.000,0.000,13,0,0,0,13,0,13,0,1.0,0.0,0.0,1.0,1.0,0.0
"G[1,1](((Lactate <= 0.000 & Hct <= 8.541) | SaO2 <= 24.598) | DBP >= 2.660)
",24.598,24.598,0.000,1.000,0.000,13,0,0,0,13,0,13,0,1.0,0.0,0.0,1.0,1.0,0.0
"G[1,1]((MAP >= 15.881 -> Resp <= 16.639) -> Alkalinephos <= 18.928)
",-2663905279135199.000,-18.928,0.000,1.000,0.000,13,0,0,0,13,0,13,0,1.0,0.0,0.0,1.0,1.0,0.0
"G[0,1](((HCO3 >= 0.107 | Phosphate >= 0.089) | AST <= 2.475) | Potassium <= 2.087)
",9999999.000,9999999.000,0.000,1.000,0.000,13,0,0,0,13,0,13,0,1.0,0.0,0.0,1.0,1.0,0.0
"G[0,1](((PTT <= 3.762 & BaseExcess >= 0.000) | HCO3 >= 0.000) | PaCO2 >= 0.000)
",9999999.000,9999999.000,0.000,1.000,0.000,13,0,0,0,13,0,13,0,1.0,0.0,0.0,1.0,1.0,0.0
"G[0,1](BaseExcess < 0.000 -> SepsisLabel = 0.000)
",9999999.000,9999999.000,0.000,1.000,0.000,13,0,0,0,13,0,13,0,1.0,0.0,0.0,1.0,1.0,0.0
"G[0,0](((DBP <= 0.000 -> Resp <= 22.764) & Temp <= 18.768) -> BaseExcess <= 19.682)
",-19.682,-19.682,0.000,1.000,0.000,13,0,0,0,13,0,13,0,1.0,0.0,0.0,1.0,1.0,0.0
"G[0,0]((PTT >= 2.094 | WBC >= 0.329) -> Chloride <= 5.780)
",-1.153,-9.171,0.000,1.000,0.000,13,0,0,0,13,0,13,0,1.0,0.0,0.0,1.0,1.0,0.0
"G[0,1]((pH >= 0.000 & pH <= 0.000) | Temp <= 0.000)
",9999999.000,9999999.000,0.000,1.000,0.000,13,0,0,0,13,0,13,0,1.0,0.0,0.0,1.0,1.0,0.0
"G[0,0](Potassium > 0.152 -> SepsisLabel = 0.000)
",-0.270,-0.184,0.000,1.000,0.000,13,0,0,0,13,0,13,0,1.0,0.0,0.0,1.0,1.0,0.0
"G[0,1](Hct >= 3.158 | PTT <= 14.155)
",9999999.000,9999999.000,0.000,1.000,0.000,13,0,0,0,13,0,13,0,1.0,0.0,0.0,1.0,1.0,0.0
"G[1,1]((Hct >= 2.263 | PaCO2 >= 0.000) & AST <= 0.000)
",0.000,0.000,0.000,1.000,0.000,13,0,0,0,13,0,13,0,1.0,0.0,0.0,1.0,1.0,0.0
"G[1,1](((Chloride <= 17.194 & Chloride <= 58.541) | Fibrinogen >= 2.871) -> AST <= 49.630)
",-6984802646432775.000,-49.630,0.000,1.000,0.000,13,0,0,0,13,0,13,0,1.0,0.0,0.0,1.0,1.0,0.0
"G[0,1](Lactate < 0.000 -> SepsisLabel = 0.000)
",9999999.000,9999999.000,0.000,1.000,0.000,13,0,0,0,13,0,13,0,1.0,0.0,0.0,1.0,1.0,0.0
"G[0,0](Chloride >= 4.720 -> SepsisLabel = 0.000)
",0.024,0.042,0.000,1.000,0.000,13,0,0,0,13,0,13,0,1.0,0.0,0.0,1.0,1.0,0.0
"G[0,1](Alkalinephos > 0.000 -> SepsisLabel = 0.000)
",9999999.000,9999999.000,0.000,1.000,0.000,13,0,0,0,13,0,13,0,1.0,0.0,0.0,1.0,1.0,0.0
"G[0,1](Bilirubin_direct >= 0.000 -> pH >= 0.000)
",9999999.000,9999999.000,0.000,1.000,0.000,13,0,0,0,13,0,13,0,1.0,0.0,0.0,1.0,1.0,0.0
"G[0,1]((Alkalinephos <= 0.000 -> Bilirubin_direct >= 0.000) -> Lactate >= 0.000)
",9999999.000,9999999.000,0.000,1.000,0.000,13,0,0,0,13,0,13,0,1.0,0.0,0.0,1.0,1.0,0.0
"G[0,1]((HR <= 88.819 & Chloride >= 4.909) | Bilirubin_total <= 24.949)
",9999999.000,9999999.000,0.000,1.000,0.000,13,0,0,0,13,0,13,0,1.0,0.0,0.0,1.0,1.0,0.0
"G[0,1]((O2Sat <= 97.143 -> SaO2 <= 0.000) & pH <= 0.000)
",9999999.000,9999999.000,0.000,1.000,0.000,13,0,0,0,13,0,13,0,1.0,0.0,0.0,1.0,1.0,0.0
"G[0,0]((Fibrinogen <= 526.638 -> Lactate <= 0.000) | TroponinI <= 0.000)
",0.000,0.000,0.000,1.000,0.000,13,0,0,0,13,0,13,0,1.0,0.0,0.0,1.0,1.0,0.0
"G[0,1]((Phosphate <= 2.548 -> pH <= 0.000) & O2Sat >= 0.000)
",9999999.000,9999999.000,0.000,1.000,0.000,13,0,0,0,13,0,13,0,1.0,0.0,0.0,1.0,1.0,0.0
"G[1,1](((AST >= 0.000 & EtCO2 <= 0.000) & Resp >= 0.000) -> pH >= 0.000)
",0.000,0.000,0.000,1.000,0.000,13,0,0,0,13,0,13,0,1.0,0.0,0.0,1.0,1.0,0.0
"G[0,0](SBP <= 130.485 | SBP >= 9.778)
",9.423,124.836,0.000,1.000,0.000,13,0,0,0,13,0,13,0,1.0,0.0,0.0,1.0,1.0,0.0
"G[1,1](Bilirubin_direct >= 0.000 -> BaseExcess >= 0.000)
",0.000,0.000,0.000,1.000,0.000,13,0,0,0,13,0,13,0,1.0,0.0,0.0,1.0,1.0,0.0
"G[0,1](Calcium >= 0.147 -> SepsisLabel <= 0.000)
",9999999.000,9999999.000,0.000,1.000,0.000,13,0,0,0,13,0,13,0,1.0,0.0,0.0,1.0,1.0,0.0
"G[0,1](((O2Sat <= 86.060 & PTT >= 1.304) -> Temp <= 15.355) | Resp <= 23.523)
",9999999.000,9999999.000,0.000,1.000,0.000,13,0,0,0,13,0,13,0,1.0,0.0,0.0,1.0,1.0,0.0
"G[0,1](((Glucose <= 40.180 | Chloride >= 0.526) & HR <= 49.119) -> Fibrinogen <= 59.333)
",9999999.000,9999999.000,0.000,1.000,0.000,13,0,0,0,13,0,13,0,1.0,0.0,0.0,1.0,1.0,0.0
"G[0,1](((Hct >= 1.306 & Calcium <= 6.442) -> Creatinine <= 3.386) | DBP <= 5.533)
",9999999.000,9999999.000,0.000,1.000,0.000,13,0,0,0,13,0,13,0,1.0,0.0,0.0,1.0,1.0,0.0
"G[0,0](((Potassium >= 0.241 -> EtCO2 <= 0.000) | AST >= 0.000) | PaCO2 >= 0.000)
",1.500,0.167,0.000,1.000,0.000,13,0,0,0,13,0,13,0,1.0,0.0,0.0,1.0,1.0,0.0
"G[0,1](((SepsisLabel <= 0.000 & PTT <= 10.788) -> O2Sat >= 0.482) -> Magnesium <= 7.514)
",9999999.000,9999999.000,0.000,1.000,0.000,13,0,0,0,13,0,13,0,1.0,0.0,0.0,1.0,1.0,0.0
"G[0,1](((Bilirubin_total >= 0.000 | MAP <= 85.580) | PTT >= 15.102) | Temp >= 59.258)
",9999999.000,9999999.000,0.000,1.000,0.000,13,0,0,0,13,0,13,0,1.0,0.0,0.0,1.0,1.0,0.0
"G[0,0](((Platelets <= 77.236 | SepsisLabel <= 0.000) | Hct >= 0.000) & Lactate <= 0.000)
",-0.423,-17.923,0.000,1.000,0.000,13,0,0,0,13,0,13,0,1.0,0.0,0.0,1.0,1.0,0.0
"G[0,0](TroponinI >= 0.000 -> HCO3 <= 15.471)
",-4354709421871069.500,-15.471,0.000,1.000,0.000,13,0,0,0,13,0,13,0,1.0,0.0,0.0,1.0,1.0,0.0
"G[0,1](((Fibrinogen >= 2.456 & HCO3 >= 1.167) & BUN <= 15.618) -> Platelets >= 1.990)
",9999999.000,9999999.000,0.000,1.000,0.000,13,0,0,0,13,0,13,0,1.0,0.0,0.0,1.0,1.0,0.0
"G[0,0](Chloride <= 71.601 -> Hct <= 30.661)
",-29.903,-70.917,0.000,1.000,0.000,12,0,0,1,13,0,12,1,0.9230769230769231,0.0,0.0,1.0,0.9230769230769231,0.07692307692307687
"G[0,0]((Temp >= 1.392 -> Magnesium >= 0.069) -> Hct <= 1.947)
",-1.947,-1.947,0.000,1.000,0.000,12,0,0,1,13,0,12,1,0.9230769230769231,0.0,0.0,1.0,0.9230769230769231,0.07692307692307687
"G[1,1](((Hct <= 7.983 | Magnesium <= 1.220) & Magnesium >= 0.009) | Calcium <= 1.966)
",4428022854088829.500,1.966,0.000,1.000,0.000,12,0,0,1,13,0,12,1,0.9230769230769231,0.0,0.0,1.0,0.9230769230769231,0.07692307692307687
"G[0,1]((HR <= 77.959 | SBP >= 95.212) & Phosphate <= 120.703)
",9999999.000,9999999.000,0.000,1.000,0.000,12,0,0,1,13,0,12,1,0.9230769230769231,0.0,0.0,1.0,0.9230769230769231,0.07692307692307687
"G[1,1](((Lactate >= 0.000 | AST <= 0.000) & SBP >= 0.000) & Phosphate <= 0.000)
",0.000,0.000,0.000,1.000,0.000,12,0,0,1,13,0,12,1,0.9230769230769231,0.0,0.0,1.0,0.9230769230769231,0.07692307692307687
"G[1,1]((Magnesium <= 0.150 & Potassium >= 0.138) | O2Sat >= 0.073)
",-5274470273322370.000,-0.073,0.000,1.000,0.000,12,0,0,1,13,0,12,1,0.9230769230769231,0.0,0.0,1.0,0.9230769230769231,0.07692307692307687
"G[0,1]((Fibrinogen <= 277.169 -> Glucose <= 104.459) & Bilirubin_direct <= 94.028)
",9999999.000,9999999.000,0.000,1.000,0.000,12,0,0,1,13,0,12,1,0.9230769230769231,0.0,0.0,1.0,0.9230769230769231,0.07692307692307687
"G[0,0]((TroponinI >= 0.000 -> FiO2 <= 0.000) -> Temp <= 0.000)
",0.000,0.000,0.000,1.000,0.000,12,0,0,1,13,0,12,1,0.9230769230769231,0.0,0.0,1.0,0.9230769230769231,0.07692307692307687
"G[1,1](Chloride >= 1.947 -> PTT >= 0.715)
",6439586362660282.000,0.715,0.000,1.000,0.000,12,0,0,1,13,0,12,1,0.9230769230769231,0.0,0.0,1.0,0.9230769230769231,0.07692307692307687
"G[0,1](Calcium >= 0.027 | Chloride <= 94.145)
",9999999.000,9999999.000,0.000,1.000,0.000,12,0,0,1,13,0,12,1,0.9230769230769231,0.0,0.0,1.0,0.9230769230769231,0.07692307692307687
"G[0,1](Calcium <= 8.189 & SepsisLabel = 0.000)
",9999999.000,9999999.000,0.000,1.000,0.000,12,0,0,1,13,0,12,1,0.9230769230769231,0.0,0.0,1.0,0.9230769230769231,0.07692307692307687
"G[1,1](((Bilirubin_direct >= 0.000 -> Hgb >= 0.784) | DBP <= 9.571) & Fibrinogen <= 2.256)
",2.256,2.256,0.000,1.000,0.000,12,0,0,1,13,0,12,1,0.9230769230769231,0.0,0.0,1.0,0.9230769230769231,0.07692307692307687
"G[0,0]((O2Sat <= 89.614 -> AST <= 0.000) -> WBC <= 0.000)
",0.289,0.201,0.000,1.000,0.000,11,0,0,2,13,0,11,2,0.8461538461538461,0.0,0.0,1.0,0.8461538461538461,0.15384615384615385
"G[0,1]((Resp <= 18.561 -> FiO2 <= 0.000) & Chloride <= 0.000)
",9999999.000,9999999.000,0.000,1.000,0.000,11,0,0,2,13,0,11,2,0.8461538461538461,0.0,0.0,1.0,0.8461538461538461,0.15384615384615385
"G[0,1](SBP <= 108.669 | WBC <= 0.940)
",9999999.000,9999999.000,0.000,1.000,0.000,11,0,0,2,13,0,11,2,0.8461538461538461,0.0,0.0,1.0,0.8461538461538461,0.15384615384615385
"G[0,0](((BaseExcess <= 0.000 | WBC >= 0.360) -> Hct >= 0.100) -> Hct <= 2.939)
",-2.939,-2.939,0.000,1.000,0.000,11,0,0,2,13,0,11,2,0.8461538461538461,0.0,0.0,1.0,0.8461538461538461,0.15384615384615385
"G[0,1](PTT >= 1.381 -> Temp >= 7.501)
",9999999.000,9999999.000,0.000,1.000,0.000,11,0,0,2,13,0,11,2,0.8461538461538461,0.0,0.0,1.0,0.8461538461538461,0.15384615384615385
"G[0,0](Fibrinogen < 319.646 & SepsisLabel = 0.000)
",-0.426,-19.000,0.000,1.000,0.000,11,0,0,2,13,0,11,2,0.8461538461538461,0.0,0.0,1.0,0.8461538461538461,0.15384615384615385
"G[0,1]((BUN <= 5.919 | Chloride <= 72.467) & TroponinI <= 56.906)
",9999999.000,9999999.000,0.000,1.000,0.000,11,0,0,2,13,0,11,2,0.8461538461538461,0.0,0.0,1.0,0.8461538461538461,0.15384615384615385
"G[0,0](Phosphate >= 0.023 | MAP >= 27.026)
",1.786,72.898,0.000,1.000,0.000,10,0,0,3,13,0,10,3,0.7692307692307693,0.0,0.0,1.0,0.7692307692307693,0.23076923076923073
"G[0,0]((Glucose <= 120.709 -> Hgb <= 2.810) & SBP >= 0.766)
",-120.709,-120.709,0.000,1.000,0.000,8,0,0,5,13,0,8,5,0.6153846153846154,0.0,0.0,1.0,0.6153846153846154,0.3846153846153846
"G[0,1](Creatinine <= 1.307 & Temp <= 36.149)
",9999999.000,9999999.000,0.000,1.000,0.000,6,0,0,7,13,0,6,7,0.46153846153846156,0.0,0.0,1.0,0.46153846153846156,0.5384615384615384
"G[0,0](((Platelets >= 14.178 | SBP >= 49.176) | HCO3 >= 16.000) -> TroponinI >= 70.764)
",-0.365,-83.625,0.000,1.000,0.000,3,0,0,10,13,0,3,10,0.23076923076923078,0.0,0.0,1.0,0.23076923076923078,0.7692307692307692
"G[0,0](((Hgb <= 1.984 | Hct <= 13.071) -> WBC >= 0.398) & Platelets >= 6.527)
",-2.893,-15.330,0.000,1.000,0.000,2,0,0,11,13,0,2,11,0.15384615384615385,0.0,0.0,1.0,0.15384615384615385,0.8461538461538461
"G[0,1](HR <= 79.106 & HR >= 45.613)
",9999999.000,9999999.000,0.000,1.000,0.000,2,0,0,11,13,0,2,11,0.15384615384615385,0.0,0.0,1.0,0.15384615384615385,0.8461538461538461
"G[0,0](Platelets <= 109.864 -> WBC >= 0.204)
",-3.291,-97.261,0.000,1.000,0.000,2,0,0,11,13,0,2,11,0.15384615384615385,0.0,0.0,1.0,0.15384615384615385,0.8461538461538461
"G[1,1]((Calcium <= 4.043 | Hgb >= 0.442) -> MAP <= 3.519)
",-4.043,-4.043,0.000,1.000,0.000,2,0,0,11,13,0,2,11,0.15384615384615385,0.0,0.0,1.0,0.15384615384615385,0.8461538461538461
"G[0,0](Platelets <= 87.265 -> WBC >= 0.101)
",-3.658,-78.155,0.000,1.000,0.000,2,0,0,11,13,0,2,11,0.15384615384615385,0.0,0.0,1.0,0.15384615384615385,0.8461538461538461
"G[0,0](Platelets <= 89.070 -> WBC >= 0.612)
",-3.586,-79.604,0.000,1.000,0.000,2,0,0,11,13,0,2,11,0.15384615384615385,0.0,0.0,1.0,0.15384615384615385,0.8461538461538461
"G[0,0](Magnesium <= 1.362 -> Hct >= 0.355)
",-1.362,-1.362,0.000,1.000,0.000,2,0,0,11,13,0,2,11,0.15384615384615385,0.0,0.0,1.0,0.15384615384615385,0.8461538461538461
"G[1,1]((Hgb <= 8.793 -> Potassium >= 0.065) | Chloride >= 0.279)
",-5023329520594095.000,-0.279,0.000,1.000,0.000,2,0,0,11,13,0,2,11,0.15384615384615385,0.0,0.0,1.0,0.15384615384615385,0.8461538461538461
"G[1,1](HCO3 >= 2.164 | Chloride >= 5.667)
",-2.164,-2.164,0.000,1.000,0.000,2,0,0,11,13,0,2,11,0.15384615384615385,0.0,0.0,1.0,0.15384615384615385,0.8461538461538461
"G[1,1](Hgb >= 0.814 & Phosphate >= 0.036)
",-7329575283063461.000,-0.814,0.000,1.000,0.000,1,0,0,12,13,0,1,12,0.07692307692307693,0.0,0.0,1.0,0.07692307692307693,0.9230769230769231
"G[1,1](Platelets <= 27.139 -> WBC >= 0.200)
",-27.139,-27.139,0.000,1.000,0.000,1,0,0,12,13,0,1,12,0.07692307692307693,0.0,0.0,1.0,0.07692307692307693,0.9230769230769231
"G[1,1](((Hgb <= 1.950 | Hct <= 8.672) -> WBC >= 0.404) & Platelets >= 6.142)
",-4881826746995310.000,-8.672,0.000,1.000,0.000,1,0,0,12,13,0,1,12,0.07692307692307693,0.0,0.0,1.0,0.07692307692307693,0.9230769230769231
"G[0,1](((HCO3 >= 0.828 & Magnesium <= 0.148) | MAP <= 0.476) | Resp <= 0.393)
",9999999.000,9999999.000,0.000,1.000,0.000,1,0,0,12,13,0,1,12,0.07692307692307693,0.0,0.0,1.0,0.07692307692307693,0.9230769230769231
"G[0,1](O2Sat <= 84.345 & SepsisLabel = 0.000)
",9999999.000,9999999.000,0.000,1.000,0.000,1,0,0,12,13,0,1,12,0.07692307692307693,0.0,0.0,1.0,0.07692307692307693,0.9230769230769231
"G[1,1](Platelets <= 99.536 -> WBC >= 0.635)
",-7004252108808986.000,-99.536,0.000,1.000,0.000,1,0,0,12,13,0,1,12,0.07692307692307693,0.0,0.0,1.0,0.07692307692307693,0.9230769230769231
"G[0,2](Magnesium >= 0.066 -> Potassium <= 3.144)
",9999999.000,9999999.000,0.000,1.000,0.000,0,0,12,1,1,12,12,1,0.0,0.0,1.0,0.0,0.0,1.0
"G[1,2](((Magnesium <= 0.906 & FiO2 <= 0.000) -> Bilirubin_total <= 0.000) -> Potassium >= 0.000)
",9999999.000,9999999.000,0.000,1.000,0.000,0,0,13,0,0,13,13,0,0.0,0.0,1.0,0.0,0.0,1.0
"G[0,2](Temp <= 9.262 & Calcium >= 0.310)
",9999999.000,9999999.000,0.000,1.000,0.000,0,0,0,13,13,0,0,13,0.0,0.0,0.0,0.0,0.0,1.0
"G[1,2](((SepsisLabel <= 0.000 -> FiO2 >= 0.000) & O2Sat <= 0.000) | TroponinI <= 0.000)
",9999999.000,9999999.000,0.000,1.000,0.000,0,0,13,0,0,13,13,0,0.0,0.0,1.0,0.0,0.0,1.0
"G[0,2](((Bilirubin_direct >= 0.000 | Phosphate <= 2.404) | BUN >= 0.017) & AST <= 0.345)
",9999999.000,9999999.000,0.000,1.000,0.000,0,0,13,0,0,13,13,0,0.0,0.0,1.0,0.0,0.0,1.0
"G[0,2]((Magnesium >= 0.057 -> Alkalinephos <= 0.000) & SaO2 >= 0.000)
",9999999.000,9999999.000,0.000,1.000,0.000,0,0,13,0,0,13,13,0,0.0,0.0,1.0,0.0,0.0,1.0
"G[1,2](PTT >= 0.602 & Glucose >= 2.555)
",9999999.000,9999999.000,0.000,1.000,0.000,0,0,1,12,12,1,1,12,0.0,0.0,1.0,0.0,0.0,1.0
"G[1,2](EtCO2 <= 0.000 | PaCO2 >= 0.000)
",9999999.000,9999999.000,0.000,1.000,0.000,0,0,13,0,0,13,13,0,0.0,0.0,1.0,0.0,0.0,1.0
"G[2,2](AST <= 0.000 | MAP >= 57.572)
",0.000,0.000,0.000,1.000,0.000,0,0,13,0,0,13,13,0,0.0,0.0,1.0,0.0,0.0,1.0
"G[0,2](pH >= 0.000 | Creatinine <= 0.468)
",9999999.000,9999999.000,0.000,1.000,0.000,0,0,13,0,0,13,13,0,0.0,0.0,1.0,0.0,0.0,1.0
"G[0,2]((Hgb >= 1.033 -> pH >= 0.000) | SepsisLabel <= 0.000)
",9999999.000,9999999.000,0.000,1.000,0.000,0,0,13,0,0,13,13,0,0.0,0.0,1.0,0.0,0.0,1.0
"G[2,2]((AST >= 0.000 & SepsisLabel <= 0.000) & Hgb >= 0.000)
",0.000,0.000,0.000,1.000,0.000,0,0,13,0,0,13,13,0,0.0,0.0,1.0,0.0,0.0,1.0
"G[1,2](((Hct >= 1.327 & WBC >= 0.315) -> AST >= 0.032) | Bilirubin_total >= 0.071)
",9999999.000,9999999.000,0.000,1.000,0.000,0,0,12,1,1,12,12,1,0.0,0.0,1.0,0.0,0.0,1.0
"G[2,2]((Bilirubin_direct <= 0.000 | SaO2 <= 0.000) | Hgb >= 0.000)
",0.000,0.000,0.000,1.000,0.000,0,0,13,0,0,13,13,0,0.0,0.0,1.0,0.0,0.0,1.0
"G[2,2]((Platelets >= 12.388 | Magnesium >= 0.048) | O2Sat <= 1.564)
",7044528445932534.000,1.564,0.000,1.000,0.000,0,0,13,0,0,13,13,0,0.0,0.0,1.0,0.0,0.0,1.0
"G[0,2]((HCO3 >= 1.301 & Fibrinogen >= 67.418) & HCO3 <= 102.296)
",9999999.000,9999999.000,0.000,1.000,0.000,0,0,0,13,13,0,0,13,0.0,0.0,0.0,0.0,0.0,1.0
"G[1,2](((FiO2 >= 0.000 | Fibrinogen <= 480.597) -> Alkalinephos <= 514.424) | TroponinI <= 298.799)
",9999999.000,9999999.000,0.000,1.000,0.000,0,0,13,0,0,13,13,0,0.0,0.0,1.0,0.0,0.0,1.0
"G[2,2](((pH >= 0.000 | EtCO2 <= 0.000) | BaseExcess >= 0.000) -> SepsisLabel <= 0.000)
",0.000,0.000,0.000,1.000,0.000,0,0,13,0,0,13,13,0,0.0,0.0,1.0,0.0,0.0,1.0
"G[2,2](Alkalinephos >= 0.000 & Creatinine <= 0.224)
",0.000,0.000,0.000,1.000,0.000,0,0,13,0,0,13,13,0,0.0,0.0,1.0,0.0,0.0,1.0
"G[0,2](((TroponinI >= 0.000 | Magnesium <= 0.740) -> Hgb <= 0.386) & Phosphate >= 0.005)
",9999999.000,9999999.000,0.000,1.000,0.000,0,0,0,13,13,0,0,13,0.0,0.0,0.0,0.0,0.0,1.0
"G[0,2](((WBC <= 2.880 -> AST <= 0.000) & Alkalinephos >= 0.000) | Bilirubin_direct <= 0.000)
",9999999.000,9999999.000,0.000,1.000,0.000,0,0,13,0,0,13,13,0,0.0,0.0,1.0,0.0,0.0,1.0
"G[1,2]((SepsisLabel <= 0.000 -> WBC >= 0.542) -> BaseExcess <= 2.044)
",9999999.000,9999999.000,0.000,1.000,0.000,0,0,13,0,0,13,13,0,0.0,0.0,1.0,0.0,0.0,1.0
"G[0,2](((AST <= 0.000 & EtCO2 >= 0.000) | pH <= 0.000) & Chloride >= 0.000)
",9999999.000,9999999.000,0.000,1.000,0.000,0,0,13,0,0,13,13,0,0.0,0.0,1.0,0.0,0.0,1.0
"G[0,2](PTT <= 22.412 | Bilirubin_total <= 0.000)
",9999999.000,9999999.000,0.000,1.000,0.000,0,0,13,0,0,13,13,0,0.0,0.0,1.0,0.0,0.0,1.0
"G[1,1](((Creatinine <= 0.450 | Chloride >= 4.264) & pH >= 7.403) & Resp >= 4.866)
",-4167792486332533.500,-7.403,0.000,1.000,0.000,0,0,0,13,13,0,0,13,0.0,0.0,0.0,0.0,0.0,1.0
"G[0,2]((AST >= 0.000 | SBP >= 26.263) -> BUN <= 100.665)
",9999999.000,9999999.000,0.000,1.000,0.000,0,0,13,0,0,13,13,0,0.0,0.0,1.0,0.0,0.0,1.0
"G[1,2](Resp >= 8.874 -> Phosphate <= 2.164)
",9999999.000,9999999.000,0.000,1.000,0.000,0,0,12,1,1,12,12,1,0.0,0.0,1.0,0.0,0.0,1.0
"G[2,2](SepsisLabel <= 0.000 -> EtCO2 <= 0.000)
",0.000,0.000,0.000,1.000,0.000,0,0,13,0,0,13,13,0,0.0,0.0,1.0,0.0,0.0,1.0
"G[1,2](TroponinI <= 0.000 -> SepsisLabel <= 0.000)
",9999999.000,9999999.000,0.000,1.000,0.000,0,0,13,0,0,13,13,0,0.0,0.0,1.0,0.0,0.0,1.0
"G[1,2](O2Sat >= 3.841 | Temp <= 16.152)
",9999999.000,9999999.000,0.000,1.000,0.000,0,0,13,0,0,13,13,0,0.0,0.0,1.0,0.0,0.0,1.0
"G[0,2]((Phosphate <= 2.457 -> Hgb >= 0.299) -> BUN >= 0.955)
",9999999.000,9999999.000,0.000,1.000,0.000,0,0,11,2,2,11,11,2,0.0,0.0,1.0,0.0,0.0,1.0
"G[1,2](((Platelets <= 78.967 & WBC <= 7.348) -> AST <= 4.595) | Platelets <= 2.084)
",9999999.000,9999999.000,0.000,1.000,0.000,0,0,13,0,0,13,13,0,0.0,0.0,1.0,0.0,0.0,1.0
"G[1,2]((DBP >= 0.000 & Hct >= 0.061) -> Calcium >= 3.072)
",9999999.000,9999999.000,0.000,1.000,0.000,0,0,13,0,0,13,13,0,0.0,0.0,1.0,0.0,0.0,1.0
"G[2,2](((Phosphate <= 1.289 -> Hgb >= 0.069) | SBP >= 1.131) -> SBP <= 8.502)
",-4786326359562826.000,-8.502,0.000,1.000,0.000,0,0,13,0,0,13,13,0,0.0,0.0,1.0,0.0,0.0,1.0
"G[0,2]((SaO2 <= 0.000 & Hct >= 0.988) & PTT >= 3.150)
",9999999.000,9999999.000,0.000,1.000,0.000,0,0,0,13,13,0,0,13,0.0,0.0,0.0,0.0,0.0,1.0
"G[1,2]((TroponinI <= 0.000 & O2Sat <= 89.857) | HR >= 43.807)
",9999999.000,9999999.000,0.000,1.000,0.000,0,0,13,0,0,13,13,0,0.0,0.0,1.0,0.0,0.0,1.0
"G[2,2](Lactate >= 0.000 & Potassium >= 0.192)
",-0.192,-0.192,0.000,1.000,0.000,0,0,13,0,0,13,13,0,0.0,0.0,1.0,0.0,0.0,1.0
"G[1,2](pH <= 0.000 & PTT <= 4.712)
",9999999.000,9999999.000,0.000,1.000,0.000,0,0,12,1,1,12,12,1,0.0,0.0,1.0,0.0,0.0,1.0
"G[1,2]((WBC >= 0.071 | SBP >= 28.357) & SBP <= 98.472)
",9999999.000,9999999.000,0.000,1.000,0.000,0,0,0,13,13,0,0,13,0.0,0.0,0.0,0.0,0.0,1.0
"G[0,2]((SBP >= 58.821 -> Hgb <= 2.983) | Platelets >= 0.601)
",9999999.000,9999999.000,0.000,1.000,0.000,0,0,13,0,0,13,13,0,0.0,0.0,1.0,0.0,0.0,1.0
"G[2,2](((BaseExcess <= 0.000 -> EtCO2 >= 0.000) & Bilirubin_total >= 0.000) -> pH <= 0.000)
",0.000,0.000,0.000,1.000,0.000,0,0,13,0,0,13,13,0,0.0,0.0,1.0,0.0,0.0,1.0
"G[0,2](((Fibrinogen >= 24.000 | TroponinI >= 0.000) | Potassium <= 0.000) & TroponinI >= 0.000)
",9999999.000,9999999.000,0.000,1.000,0.000,0,0,13,0,0,13,13,0,0.0,0.0,1.0,0.0,0.0,1.0
"G[0,1](((BaseExcess >= 0.000 & Fibrinogen <= 666.744) | Creatinine >= 33.030) & Lactate >= 67.017)
",9999999.000,9999999.000,0.000,1.000,0.000,0,0,0,13,13,0,0,13,0.0,0.0,0.0,0.0,0.0,1.0
"G[1,2]((PaCO2 <= 0.000 & MAP <= 97.079) & EtCO2 <= 94.658)
",9999999.000,9999999.000,0.000,1.000,0.000,0,0,13,0,0,13,13,0,0.0,0.0,1.0,0.0,0.0,1.0
"G[0,2](((AST >= 0.000 | BaseExcess <= 0.000) & TroponinI <= 0.000) & Resp <= 0.000)
",9999999.000,9999999.000,0.000,1.000,0.000,0,0,0,13,13,0,0,13,0.0,0.0,0.0,0.0,0.0,1.0
"G[0,1](Hgb >= 0.244 | Potassium >= 0.338)
",9999999.000,9999999.000,0.000,1.000,0.000,0,0,0,13,13,0,0,13,0.0,0.0,0.0,0.0,0.0,1.0
"G[1,2](SepsisLabel <= 0.000 | BUN <= 5.535)
",9999999.000,9999999.000,0.000,1.000,0.000,0,0,13,0,0,13,13,0,0.0,0.0,1.0,0.0,0.0,1.0
"G[1,2]((SaO2 >= 0.000 & Potassium <= 0.517) | Bilirubin_direct >= 0.094)
",9999999.000,9999999.000,0.000,1.000,0.000,0,0,11,2,2,11,11,2,0.0,0.0,1.0,0.0,0.0,1.0
"G[0,2]((HR >= 54.532 -> Hgb >= 0.756) | WBC <= 2.054)
",9999999.000,9999999.000,0.000,1.000,0.000,0,0,13,0,0,13,13,0,0.0,0.0,1.0,0.0,0.0,1.0
"G[1,2](((EtCO2 >= 0.000 | Platelets <= 31.894) | Calcium >= 4.123) & HR <= 121.937)
",9999999.000,9999999.000,0.000,1.000,0.000,0,0,13,0,0,13,13,0,0.0,0.0,1.0,0.0,0.0,1.0
"G[1,2](((Bilirubin_direct >= 0.000 -> Alkalinephos >= 0.000) & BUN <= 0.000) & Potassium >= 0.000)
",9999999.000,9999999.000,0.000,1.000,0.000,0,0,11,2,2,11,11,2,0.0,0.0,1.0,0.0,0.0,1.0
"G[0,2]((Platelets >= 8.818 | Platelets >= 10.581) & WBC <= 58.552)
",9999999.000,9999999.000,0.000,1.000,0.000,0,0,0,13,13,0,0,13,0.0,0.0,0.0,0.0,0.0,1.0
"G[0,2](((WBC >= 0.674 & Calcium >= 0.092) | SaO2 <= 5.961) | Potassium <= 6.772)
",9999999.000,9999999.000,0.000,1.000,0.000,0,0,13,0,0,13,13,0,0.0,0.0,1.0,0.0,0.0,1.0
"G[0,1]((Potassium <= 0.994 -> Hgb >= 0.708) & Platelets <= 7.975)
",9999999.000,9999999.000,0.000,1.000,0.000,0,0,0,13,13,0,0,13,0.0,0.0,0.0,0.0,0.0,1.0
"G[0,1](((Fibrinogen >= 35.640 & Temp <= 25.006) -> WBC <= 31.272) -> Lactate >= 8.021)
",9999999.000,9999999.000,0.000,1.000,0.000,0,0,0,13,13,0,0,13,0.0,0.0,0.0,0.0,0.0,1.0
"G[0,2]((PTT <= 27.438 | Bilirubin_total <= 0.000) -> TroponinI <= 0.000)
",9999999.000,9999999.000,0.000,1.000,0.000,0,0,13,0,0,13,13,0,0.0,0.0,1.0,0.0,0.0,1.0
"G[2,2]((Resp >= 1.007 -> Fibrinogen >= 62.134) & WBC <= 283.010)
",4536213265453647.000,1.007,0.000,1.000,0.000,0,0,13,0,0,13,13,0,0.0,0.0,1.0,0.0,0.0,1.0
"G[0,2](((Hct <= 6.924 | Platelets <= 104.556) | Resp >= 2.598) -> HR >= 2.681)
",9999999.000,9999999.000,0.000,1.000,0.000,0,0,10,3,3,10,10,3,0.0,0.0,1.0,0.0,0.0,1.0
"G[2,2]((Resp >= 4.488 & Lactate <= 0.000) & Magnesium >= 0.000)
",-5052993106194271.000,-4.488,0.000,1.000,0.000,0,0,13,0,0,13,13,0,0.0,0.0,1.0,0.0,0.0,1.0
"G[1,2](Fibrinogen >= 41.321 | SBP <= 123.737)
",9999999.000,9999999.000,0.000,1.000,0.000,0,0,10,3,3,10,10,3,0.0,0.0,1.0,0.0,0.0,1.0
"G[2,2]((HCO3 <= 16.625 -> Hct <= 21.305) & Alkalinephos >= 1.548)
",-5996723391451502.000,-21.305,0.000,1.000,0.000,0,0,13,0,0,13,13,0,0.0,0.0,1.0,0.0,0.0,1.0
"G[1,2]((AST >= 0.000 -> PaCO2 <= 0.000) -> Chloride >= 0.000)
",9999999.000,9999999.000,0.000,1.000,0.000,0,0,13,0,0,13,13,0,0.0,0.0,1.0,0.0,0.0,1.0
"G[0,2](MAP <= 95.943 & Glucose >= 0.740)
",9999999.000,9999999.000,0.000,1.000,0.000,0,0,0,13,13,0,0,13,0.0,0.0,0.0,0.0,0.0,1.0
"G[0,2]((Resp <= 24.346 & O2Sat <= 85.974) -> TroponinI <= 97.641)
",9999999.000,9999999.000,0.000,1.000,0.000,0,0,13,0,0,13,13,0,0.0,0.0,1.0,0.0,0.0,1.0
"G[1,2](Phosphate >= 0.061 | Calcium <= 2.760)
",9999999.000,9999999.000,0.000,1.000,0.000,0,0,13,0,0,13,13,0,0.0,0.0,1.0,0.0,0.0,1.0
"G[2,2]((Potassium <= 0.620 & PaCO2 <= 0.000) | FiO2 <= 0.000)
",0.000,0.000,0.000,1.000,0.000,0,0,13,0,0,13,13,0,0.0,0.0,1.0,0.0,0.0,1.0
"G[0,2](((BUN <= 5.434 | Magnesium >= 0.033) & EtCO2 >= 0.041) -> O2Sat >= 0.075)
",9999999.000,9999999.000,0.000,1.000,0.000,0,0,13,0,0,13,13,0,0.0,0.0,1.0,0.0,0.0,1.0
"G[1,2](Calcium >= 0.223 & pH <= 0.000)
",9999999.000,9999999.000,0.000,1.000,0.000,0,0,1,12,12,1,1,12,0.0,0.0,1.0,0.0,0.0,1.0
"G[2,2](((PTT >= 1.968 & SaO2 >= 0.000) -> AST <= 0.000) & PTT <= 0.000)
",0.000,0.000,0.000,1.000,0.000,0,0,13,0,0,13,13,0,0.0,0.0,1.0,0.0,0.0,1.0
"G[1,2](((SBP <= 108.134 & Potassium >= 0.246) -> Bilirubin_total <= 1.725) & Magnesium <= 3.729)
",9999999.000,9999999.000,0.000,1.000,0.000,0,0,13,0,0,13,13,0,0.0,0.0,1.0,0.0,0.0,1.0
"G[2,2]((Fibrinogen <= 544.647 -> TroponinI <= 0.000) & O2Sat <= 0.000)
",-544.647,-544.647,0.000,1.000,0.000,0,0,13,0,0,13,13,0,0.0,0.0,1.0,0.0,0.0,1.0
"G[2,2]((Alkalinephos >= 0.000 | TroponinI >= 0.000) & Alkalinephos <= 0.000)
",0.000,0.000,0.000,1.000,0.000,0,0,13,0,0,13,13,0,0.0,0.0,1.0,0.0,0.0,1.0
"G[1,2]((BUN <= 14.131 | Magnesium >= 0.011) | PaCO2 >= 0.030)
",9999999.000,9999999.000,0.000,1.000,0.000,0,0,12,1,1,12,12,1,0.0,0.0,1.0,0.0,0.0,1.0
"G[1,2](Chloride >= 3.717 & HCO3 >= 2.155)
",9999999.000,9999999.000,0.000,1.000,0.000,0,0,2,11,11,2,2,11,0.0,0.0,1.0,0.0,0.0,1.0
"G[2,2]((Calcium <= 7.036 & SBP >= 79.564) | SaO2 <= 121.005)
",4257469390638391.500,121.005,0.000,1.000,0.000,0,0,13,0,0,13,13,0,0.0,0.0,1.0,0.0,0.0,1.0
"G[1,2](((FiO2 >= 0.000 & Glucose >= 1.584) -> Fibrinogen >= 2.754) | Calcium <= 112.803)
",9999999.000,9999999.000,0.000,1.000,0.000,0,0,13,0,0,13,13,0,0.0,0.0,1.0,0.0,0.0,1.0
"G[0,2](((Magnesium <= 1.859 -> Phosphate >= 0.062) -> SBP <= 0.508) | Calcium <= 2.048)
",9999999.000,9999999.000,0.000,1.000,0.000,0,0,12,1,1,12,12,1,0.0,0.0,1.0,0.0,0.0,1.0
"G[0,2](Chloride >= 1.404 & HCO3 >= 1.201)
",9999999.000,9999999.000,0.000,1.000,0.000,0,0,0,13,13,0,0,13,0.0,0.0,0.0,0.0,0.0,1.0
"G[0,2](((Hgb <= 6.360 | Hct <= 5.214) -> WBC >= 0.642) & Platelets >= 5.084)
",9999999.000,9999999.000,0.000,1.000,0.000,0,0,0,13,13,0,0,13,0.0,0.0,0.0,0.0,0.0,1.0
"G[0,1](BUN <= 5.889 & Creatinine >= 0.052)
",9999999.000,9999999.000,0.000,1.000,0.000,0,0,0,13,13,0,0,13,0.0,0.0,0.0,0.0,0.0,1.0
"G[1,2](WBC > 0.214 -> SepsisLabel = 0.000)
",9999999.000,9999999.000,0.000,1.000,0.000,0,0,13,0,0,13,13,0,0.0,0.0,1.0,0.0,0.0,1.0
"G[2,2](PaCO2 >= 0.000 -> SepsisLabel = 0.000)
",0.000,0.000,0.000,1.000,0.000,0,0,13,0,0,13,13,0,0.0,0.0,1.0,0.0,0.0,1.0
"G[0,2](BaseExcess > 0.000 -> SepsisLabel = 0.000)
",9999999.000,9999999.000,0.000,1.000,0.000,0,0,13,0,0,13,13,0,0.0,0.0,1.0,0.0,0.0,1.0
"G[1,2](Hct >= 2.485 & SepsisLabel = 0.000)
",9999999.000,9999999.000,0.000,1.000,0.000,0,0,1,12,12,1,1,12,0.0,0.0,1.0,0.0,0.0,1.0
"G[1,2](PTT <= 27.322 -> SepsisLabel = 0.000)
",9999999.000,9999999.000,0.000,1.000,0.000,0,0,13,0,0,13,13,0,0.0,0.0,1.0,0.0,0.0,1.0
"G[1,2](O2Sat <= 83.185 & SepsisLabel = 0.000)
",9999999.000,9999999.000,0.000,1.000,0.000,0,0,1,12,12,1,1,12,0.0,0.0,1.0,0.0,0.0,1.0
"G[1,2](SepsisLabel <= 0.000 & SepsisLabel = 0.000)
",9999999.000,9999999.000,0.000,1.000,0.000,0,0,13,0,0,13,13,0,0.0,0.0,1.0,0.0,0.0,1.0
"G[2,2](EtCO2 > 0.000 & SepsisLabel = 0.000)
",0.000,0.000,0.000,1.000,0.000,0,0,13,0,0,13,13,0,0.0,0.0,1.0,0.0,0.0,1.0
"G[0,1](((BUN <= 13.275 -> Creatinine <= 0.298) & SepsisLabel >= 6.810712930450401e-05) & Fibrinogen >= 0.090)
",9999999.000,9999999.000,0.000,1.000,0.000,0,0,0,13,13,0,0,13,0.0,0.0,0.0,0.0,0.0,1.0
"G[0,1](((Hgb <= 5.535 | Hct <= 26.734) -> WBC >= 0.770) & Platelets >= 11.894)
",9999999.000,9999999.000,0.000,1.000,0.000,0,0,0,13,13,0,0,13,0.0,0.0,0.0,0.0,0.0,1.0
"G[0,1](Fibrinogen >= 69.118 & Platelets >= 12.811)
",9999999.000,9999999.000,0.000,1.000,0.000,0,0,0,13,13,0,0,13,0.0,0.0,0.0,0.0,0.0,1.0
"G[0,2](Creatinine <= 0.680 & HCO3 >= 1.165)
",9999999.000,9999999.000,0.000,1.000,0.000,0,0,0,13,13,0,0,13,0.0,0.0,0.0,0.0,0.0,1.0
"G[1,2](((Hct >= 3.541 -> WBC <= 5.504) & EtCO2 >= 0.432) & Magnesium >= 0.255)
",9999999.000,9999999.000,0.000,1.000,0.000,0,0,0,13,13,0,0,13,0.0,0.0,0.0,0.0,0.0,1.0
"G[2,2]((Platelets <= 50.415 & WBC >= 0.760) & Phosphate <= 5.285)
",-0.760,-0.760,0.000,1.000,0.000,0,0,13,0,0,13,13,0,0.0,0.0,1.0,0.0,0.0,1.0
"G[2,2](((Creatinine <= 0.586 & Glucose <= 79.657) | Bilirubin_total >= 4.581) | SepsisLabel <= 20.292)
",20.292,20.292,0.000,1.000,0.000,0,0,13,0,0,13,13,0,0.0,0.0,1.0,0.0,0.0,1.0
"G[1,2]((O2Sat <= 97.155 & SBP <= 113.483) & HR >= 65.677)
",9999999.000,9999999.000,0.000,1.000,0.000,0,0,0,13,13,0,0,13,0.0,0.0,0.0,0.0,0.0,1.0
"G[1,2]((Platelets >= 4.814 | PTT <= 13.168) -> HR >= 2.156)
",9999999.000,9999999.000,0.000,1.000,0.000,0,0,12,1,1,12,12,1,0.0,0.0,1.0,0.0,0.0,1.0
"G[2,2](Glucose >= 7.043 | Potassium >= 0.351)
",-6331124107944191.000,-0.351,0.000,1.000,0.000,0,0,13,0,0,13,13,0,0.0,0.0,1.0,0.0,0.0,1.0
"G[1,2](((HCO3 >= 1.800 & Potassium <= 2.404) & Glucose >= 0.138) | AST >= 0.416)
",9999999.000,9999999.000,0.000,1.000,0.000,0,0,0,13,13,0,0,13,0.0,0.0,0.0,0.0,0.0,1.0
"G[0,1](BUN >= 1.206 & Potassium <= 1.050)
",9999999.000,9999999.000,0.000,1.000,0.000,0,0,0,13,13,0,0,13,0.0,0.0,0.0,0.0,0.0,1.0
"G[1,2](Creatinine <= 0.479 & Phosphate <= 2.380)
",9999999.000,9999999.000,0.000,1.000,0.000,0,0,11,2,2,11,11,2,0.0,0.0,1.0,0.0,0.0,1.0
"G[1,1](BUN <= 7.271 & Creatinine >= 0.010)
",-5882238337937103.000,-0.010,0.000,1.000,0.000,0,0,0,13,13,0,0,13,0.0,0.0,0.0,0.0,0.0,1.0
"G[0,1](Platelets <= 76.644 -> WBC >= 0.486)
",9999999.000,9999999.000,0.000,1.000,0.000,0,0,0,13,13,0,0,13,0.0,0.0,0.0,0.0,0.0,1.0
"G[1,2](((Platelets >= 10.578 | AST <= 0.000) -> Chloride >= 0.000) | Calcium <= 0.000)
",9999999.000,9999999.000,0.000,1.000,0.000,0,0,13,0,0,13,13,0,0.0,0.0,1.0,0.0,0.0,1.0
"G[0,1](((Hgb <= 3.685 | Hct <= 20.366) -> WBC >= 0.067) & Platelets >= 10.860)
",9999999.000,9999999.000,0.000,1.000,0.000,0,0,0,13,13,0,0,13,0.0,0.0,0.0,0.0,0.0,1.0
"G[1,2](((Hgb <= 7.733 | Hct <= 9.954) -> WBC >= 0.347) & Platelets >= 5.803)
",9999999.000,9999999.000,0.000,1.000,0.000,0,0,1,12,12,1,1,12,0.0,0.0,1.0,0.0,0.0,1.0
"G[1,2](BUN <= 5.682 & Creatinine >= 0.100)
",9999999.000,9999999.000,0.000,1.000,0.000,0,0,0,13,13,0,0,13,0.0,0.0,0.0,0.0,0.0,1.0
"G[2,2](Chloride >= 1.772 & HCO3 >= 0.683)
",-7981110722496129.000,-1.772,0.000,1.000,0.000,0,0,13,0,0,13,13,0,0.0,0.0,1.0,0.0,0.0,1.0
"G[2,2](Platelets <= 51.964 -> WBC >= 0.174)
",-7313273727289221.000,-51.964,0.000,1.000,0.000,0,0,13,0,0,13,13,0,0.0,0.0,1.0,0.0,0.0,1.0
"G[0,1](((Hgb <= 8.412 | Hct <= 28.539) -> WBC >= 0.290) & Platelets >= 2.826)
",9999999.000,9999999.000,0.000,1.000,0.000,0,0,0,13,13,0,0,13,0.0,0.0,0.0,0.0,0.0,1.0
"G[1,1](BUN <= 10.693 & Creatinine >= 0.028)
",-8137573961451092.000,-0.028,0.000,1.000,0.000,0,0,0,13,13,0,0,13,0.0,0.0,0.0,0.0,0.0,1.0
"G[1,2](Chloride >= 3.168 & HCO3 >= 1.494)
",9999999.000,9999999.000,0.000,1.000,0.000,0,0,2,11,11,2,2,11,0.0,0.0,1.0,0.0,0.0,1.0
"G[2,2](Platelets <= 71.315 -> WBC >= 0.237)
",-5018321812191942.000,-71.315,0.000,1.000,0.000,0,0,13,0,0,13,13,0,0.0,0.0,1.0,0.0,0.0,1.0
"G[0,2](((Hgb <= 2.595 | Hct <= 15.318) -> WBC >= 0.111) & Platelets >= 4.780)
",9999999.000,9999999.000,0.000,1.000,0.000,0,0,0,13,13,0,0,13,0.0,0.0,0.0,0.0,0.0,1.0
"G[0,2](BUN <= 9.281 & Creatinine >= 0.032)
",9999999.000,9999999.000,0.000,1.000,0.000,0,0,0,13,13,0,0,13,0.0,0.0,0.0,0.0,0.0,1.0
"G[0,2](Chloride >= 2.921 & HCO3 >= 1.897)
",9999999.000,9999999.000,0.000,1.000,0.000,0,0,0,13,13,0,0,13,0.0,0.0,0.0,0.0,0.0,1.0
"G[0,1](BUN <= 2.056 & Creatinine >= 0.005)
",9999999.000,9999999.000,0.000,1.000,0.000,0,0,0,13,13,0,0,13,0.0,0.0,0.0,0.0,0.0,1.0
"G[0,2](Chloride >= 5.987 & HCO3 >= 1.558)
",9999999.000,9999999.000,0.000,1.000,0.000,0,0,0,13,13,0,0,13,0.0,0.0,0.0,0.0,0.0,1.0
"G[1,2](Chloride >= 4.912 & HCO3 >= 0.700)
",9999999.000,9999999.000,0.000,1.000,0.000,0,0,2,11,11,2,2,11,0.0,0.0,1.0,0.0,0.0,1.0
"G[0,2](BUN <= 15.705 & Creatinine >= 0.032)
",9999999.000,9999999.000,0.000,1.000,0.000,0,0,0,13,13,0,0,13,0.0,0.0,0.0,0.0,0.0,1.0
"G[0,0](Chloride >= 4.258 & HCO3 >= 1.575)
",-5.667,-4.051,0.000,1.000,0.000,0,0,0,13,13,0,0,13,0.0,0.0,0.0,0.0,0.0,1.0
"G[0,1](((Hgb <= 1.828 | Hct <= 29.020) -> WBC >= 0.585) & Platelets >= 0.304)
",9999999.000,9999999.000,0.000,1.000,0.000,0,0,0,13,13,0,0,13,0.0,0.0,0.0,0.0,0.0,1.0
"G[0,1](BUN <= 9.118 & Creatinine >= 0.009)
",9999999.000,9999999.000,0.000,1.000,0.000,0,0,0,13,13,0,0,13,0.0,0.0,0.0,0.0,0.0,1.0
"G[0,2](Chloride >= 0.209 & HCO3 >= 0.945)
",9999999.000,9999999.000,0.000,1.000,0.000,0,0,0,13,13,0,0,13,0.0,0.0,0.0,0.0,0.0,1.0
"G[0,0](BUN <= 10.884 & Creatinine >= 0.063)
",0.410,1.621,0.000,1.000,0.000,0,0,0,13,13,0,0,13,0.0,0.0,0.0,0.0,0.0,1.0
"G[0,2](Chloride >= 2.525 & HCO3 >= 1.790)
",9999999.000,9999999.000,0.000,1.000,0.000,0,0,0,13,13,0,0,13,0.0,0.0,0.0,0.0,0.0,1.0
"G[1,2](Platelets <= 116.128 -> WBC >= 0.212)
",9999999.000,9999999.000,0.000,1.000,0.000,0,0,1,12,12,1,1,12,0.0,0.0,1.0,0.0,0.0,1.0
"G[1,2](((Hgb <= 10.179 | Hct <= 31.295) -> WBC >= 0.698) & Platelets >= 2.555)
",9999999.000,9999999.000,0.000,1.000,0.000,0,0,1,12,12,1,1,12,0.0,0.0,1.0,0.0,0.0,1.0
"G[0,1](BUN <= 6.363 & Creatinine >= 0.024)
",9999999.000,9999999.000,0.000,1.000,0.000,0,0,0,13,13,0,0,13,0.0,0.0,0.0,0.0,0.0,1.0
"G[0,2]((Calcium >= 0.332 -> HCO3 <= 24.467) -> Temp >= 0.377)
",9999999.000,9999999.000,0.000,1.000,0.000,0,0,0,13,13,0,0,13,0.0,0.0,0.0,0.0,0.0,1.0
"G[1,2]((Chloride >= 4.917 -> Magnesium <= 1.322) -> O2Sat <= 0.213)
",9999999.000,9999999.000,0.000,1.000,0.000,0,0,2,11,11,2,2,11,0.0,0.0,1.0,0.0,0.0,1.0
"G[2,2](Magnesium <= 1.045 -> PTT >= 0.677)
",-4704423054242903.000,-1.045,0.000,1.000,0.000,0,0,13,0,0,13,13,0,0.0,0.0,1.0,0.0,0.0,1.0
"G[0,2](((Temp >= 4.027 -> WBC <= 5.209) -> DBP <= 5.725) | Glucose >= 0.151)
",9999999.000,9999999.000,0.000,1.000,0.000,0,0,13,0,0,13,13,0,0.0,0.0,1.0,0.0,0.0,1.0
"G[0,2](MAP >= 62.941 & Platelets >= 11.898)
",9999999.000,9999999.000,0.000,1.000,0.000,0,0,0,13,13,0,0,13,0.0,0.0,0.0,0.0,0.0,1.0
"G[1,2](((BUN <= 10.891 | SBP <= 112.386) -> Temp >= 50.053) -> HR <= 119.791)
",9999999.000,9999999.000,0.000,1.000,0.000,0,0,13,0,0,13,13,0,0.0,0.0,1.0,0.0,0.0,1.0
"G[0,2](((HR <= 77.369 | WBC >= 0.466) & WBC <= 6.621) -> BaseExcess <= 7.376)
",9999999.000,9999999.000,0.000,1.000,0.000,0,0,13,0,0,13,13,0,0.0,0.0,1.0,0.0,0.0,1.0
"G[1,1](HR <= 80.054 & Magnesium >= 0.022)
",-6302255091871066.000,-0.022,0.000,1.000,0.000,0,0,0,13,13,0,0,13,0.0,0.0,0.0,0.0,0.0,1.0
"G[1,2]((HR >= 21.228 & Phosphate <= 0.193) & Glucose >= 0.011)
",9999999.000,9999999.000,0.000,1.000,0.000,0,0,1,12,12,1,1,12,0.0,0.0,1.0,0.0,0.0,1.0
"G[1,2](Calcium >= 0.091 & HR >= 30.634)
",9999999.000,9999999.000,0.000,1.000,0.000,0,0,1,12,12,1,1,12,0.0,0.0,1.0,0.0,0.0,1.0
"G[1,2]((Magnesium <= 0.672 -> Temp <= 12.827) & AST <= 27.543)
",9999999.000,9999999.000,0.000,1.000,0.000,0,0,8,5,5,8,8,5,0.0,0.0,1.0,0.0,0.0,1.0
"G[0,2]((Phosphate >= 0.062 -> Temp >= 4.054) | Hgb >= 6.280)
",9999999.000,9999999.000,0.000,1.000,0.000,0,0,13,0,0,13,13,0,0.0,0.0,1.0,0.0,0.0,1.0
"G[1,2](((Magnesium >= 0.001 & SBP <= 133.251) -> Hgb >= 78.831) | SepsisLabel >= 0.224)
",9999999.000,9999999.000,0.000,1.000,0.000,0,0,12,1,1,12,12,1,0.0,0.0,1.0,0.0,0.0,1.0
"G[0,1](Platelets <= 48.789 -> WBC >= 0.370)
",9999999.000,9999999.000,0.000,1.000,0.000,0,0,0,13,13,0,0,13,0.0,0.0,0.0,0.0,0.0,1.0
"G[0,2]((Chloride <= 8.553 -> MAP >= 35.642) | EtCO2 <= 93.436)
",9999999.000,9999999.000,0.000,1.000,0.000,0,0,13,0,0,13,13,0,0.0,0.0,1.0,0.0,0.0,1.0
"G[2,2]((Glucose <= 46.815 & MAP >= 1.898) | Lactate <= 83.898)
",5903819830932145.000,83.898,0.000,1.000,0.000,0,0,13,0,0,13,13,0,0.0,0.0,1.0,0.0,0.0,1.0
"G[0,2]((Calcium >= 0.246 & WBC >= 0.089) & Bilirubin_total <= 3.402)
",9999999.000,9999999.000,0.000,1.000,0.000,0,0,0,13,13,0,0,13,0.0,0.0,0.0,0.0,0.0,1.0
"G[1,2](((Magnesium <= 1.661 -> O2Sat <= 85.445) & HCO3 <= 90.027) -> O2Sat <= 96.014)
",9999999.000,9999999.000,0.000,1.000,0.000,0,0,12,1,1,12,12,1,0.0,0.0,1.0,0.0,0.0,1.0
"G[1,2](O2Sat <= 98.368 -> Phosphate >= 0.019)
",9999999.000,9999999.000,0.000,1.000,0.000,0,0,6,7,7,6,6,7,0.0,0.0,1.0,0.0,0.0,1.0
"G[0,2](((Platelets >= 12.573 & Temp <= 31.211) & Glucose >= 6.393) & MAP >= 6.983)
",9999999.000,9999999.000,0.000,1.000,0.000,0,0,0,13,13,0,0,13,0.0,0.0,0.0,0.0,0.0,1.0
"G[0,2](((BUN <= 11.644 | HR >= 30.051) | Fibrinogen <= 97.320) | PaCO2 <= 71.359)
",9999999.000,9999999.000,0.000,1.000,0.000,0,0,13,0,0,13,13,0,0.0,0.0,1.0,0.0,0.0,1.0
"G[2,2]((Hgb <= 7.405 & Temp <= 32.772) -> Bilirubin_total <= 24.977)
",-24.977,-24.977,0.000,1.000,0.000,0,0,13,0,0,13,13,0,0.0,0.0,1.0,0.0,0.0,1.0
"G[0,2](((Potassium >= 0.066 & Resp >= 12.733) -> Hct <= 16.715) | Alkalinephos <= 15.568)
",9999999.000,9999999.000,0.000,1.000,0.000,0,0,13,0,0,13,13,0,0.0,0.0,1.0,0.0,0.0,1.0
"G[0,1](((BUN >= 1.100 -> Resp <= 24.212) -> Alkalinephos >= 4.856) & BUN >= 2.592)
",9999999.000,9999999.000,0.000,1.000,0.000,0,0,0,13,13,0,0,13,0.0,0.0,0.0,0.0,0.0,1.0
"G[0,2](((Creatinine <= 0.952 -> Resp <= 15.414) & Hct >= 7.775) | BaseExcess <= 16.297)
",9999999.000,9999999.000,0.000,1.000,0.000,0,0,13,0,0,13,13,0,0.0,0.0,1.0,0.0,0.0,1.0
"G[0,2]((SaO2 <= 0.000 | Glucose <= 27.236) & Chloride >= 8.467)
",9999999.000,9999999.000,0.000,1.000,0.000,0,0,0,13,13,0,0,13,0.0,0.0,0.0,0.0,0.0,1.0
"G[0,2]((Resp >= 5.621 -> O2Sat <= 83.861) -> Hct <= 86.082)
",9999999.000,9999999.000,0.000,1.000,0.000,0,0,13,0,0,13,13,0,0.0,0.0,1.0,0.0,0.0,1.0
"G[1,2](((PaCO2 >= 0.000 -> Platelets >= 13.480) | HR >= 14.234) & DBP >= 1.021)
",9999999.000,9999999.000,0.000,1.000,0.000,0,0,0,13,13,0,0,13,0.0,0.0,0.0,0.0,0.0,1.0
"G[2,2](((Fibrinogen <= 547.378 -> SBP <= 126.763) -> Temp <= 109.425) -> HCO3 >= 69.007)
",4855958648213686.000,69.007,0.000,1.000,0.000,0,0,13,0,0,13,13,0,0.0,0.0,1.0,0.0,0.0,1.0
"G[0,2](((Hgb >= 1.070 & SBP >= 30.762) -> AST >= 84.372) | Magnesium >= 12.095)
",9999999.000,9999999.000,0.000,1.000,0.000,0,0,10,3,3,10,10,3,0.0,0.0,1.0,0.0,0.0,1.0
"G[0,2]((Creatinine <= 0.149 -> O2Sat <= 88.142) -> Glucose >= 50.473)
",9999999.000,9999999.000,0.000,1.000,0.000,0,0,10,3,3,10,10,3,0.0,0.0,1.0,0.0,0.0,1.0
"G[2,2](((Hct <= 30.773 -> HR >= 3.274) & Platelets <= 85.937) & Alkalinephos <= 97.735)
",-8661781011274497.000,-30.773,0.000,1.000,0.000,0,0,13,0,0,13,13,0,0.0,0.0,1.0,0.0,0.0,1.0
"G[1,2]((Calcium <= 2.604 | Glucose <= 82.537) -> Alkalinephos <= 99.012)
",9999999.000,9999999.000,0.000,1.000,0.000,0,0,13,0,0,13,13,0,0.0,0.0,1.0,0.0,0.0,1.0
"G[1,2]((Platelets <= 30.539 | Potassium >= 0.166) -> TroponinI <= 2.445)
",9999999.000,9999999.000,0.000,1.000,0.000,0,0,13,0,0,13,13,0,0.0,0.0,1.0,0.0,0.0,1.0
"G[2,2]((Hgb <= 5.397 -> Magnesium >= 0.024) | AST <= 0.771)
",0.771,0.771,0.000,1.000,0.000,0,0,13,0,0,13,13,0,0.0,0.0,1.0,0.0,0.0,1.0
"G[1,2]((Hct >= 2.851 -> Phosphate >= 0.040) | EtCO2 >= 0.084)
",9999999.000,9999999.000,0.000,1.000,0.000,0,0,13,0,0,13,13,0,0.0,0.0,1.0,0.0,0.0,1.0
"G[1,2]((Fibrinogen <= 152.453 -> Magnesium >= 0.016) | EtCO2 >= 0.027)
",9999999.000,9999999.000,0.000,1.000,0.000,0,0,1,12,12,1,1,12,0.0,0.0,1.0,0.0,0.0,1.0
"G[0,2](((BUN >= 0.408 & WBC >= 0.756) -> HCO3 >= 0.741) & pH >= 0.198)
",9999999.000,9999999.000,0.000,1.000,0.000,0,0,0,13,13,0,0,13,0.0,0.0,0.0,0.0,0.0,1.0
"G[1,1]((Chloride <= 28.832 -> WBC >= 0.647) & DBP >= 0.384)
",-28.832,-28.832,0.000,1.000,0.000,0,0,0,13,13,0,0,13,0.0,0.0,0.0,0.0,0.0,1.0
"G[0,1](Creatinine >= 0.057 | Hgb >= 0.274)
",9999999.000,9999999.000,0.000,1.000,0.000,0,0,0,13,13,0,0,13,0.0,0.0,0.0,0.0,0.0,1.0
"G[1,2](((BUN <= 7.235 | Hgb <= 2.830) -> pH >= 0.649) | Platelets >= 1.041)
",9999999.000,9999999.000,0.000,1.000,0.000,0,0,1,12,12,1,1,12,0.0,0.0,1.0,0.0,0.0,1.0
"G[1,2](BUN <= 5.532 | Hct <= 5.084)
",9999999.000,9999999.000,0.000,1.000,0.000,0,0,12,1,1,12,12,1,0.0,0.0,1.0,0.0,0.0,1.0
"G[0,2](Chloride >= 2.322 -> Hgb <= 5.061)
",9999999.000,9999999.000,0.000,1.000,0.000,0,0,12,1,1,12,12,1,0.0,0.0,1.0,0.0,0.0,1.0
"G[1,2]((BUN >= 0.065 | Fibrinogen >= 37.330) & SBP >= 35.552)
",9999999.000,9999999.000,0.000,1.000,0.000,0,0,2,11,11,2,2,11,0.0,0.0,1.0,0.0,0.0,1.0
"G[0,2](BUN >= 0.554 | Platelets <= 107.352)
",9999999.000,9999999.000,0.000,1.000,0.000,0,0,11,2,2,11,11,2,0.0,0.0,1.0,0.0,0.0,1.0
"G[1,2](((Glucose <= 119.807 | WBC >= 0.527) -> Magnesium <= 2.538) & HR <= 3.511)
",9999999.000,9999999.000,0.000,1.000,0.000,0,0,1,12,12,1,1,12,0.0,0.0,1.0,0.0,0.0,1.0
"G[1,2](Chloride >= 7.174 | Platelets <= 76.155)
",9999999.000,9999999.000,0.000,1.000,0.000,0,0,13,0,0,13,13,0,0.0,0.0,1.0,0.0,0.0,1.0
"G[0,2](Glucose >= 6.134 -> Platelets <= 68.995)
",9999999.000,9999999.000,0.000,1.000,0.000,0,0,12,1,1,12,12,1,0.0,0.0,1.0,0.0,0.0,1.0
"G[0,2]((Glucose <= 15.374 | Temp >= 1.902) | SepsisLabel >= 7.339)
",9999999.000,9999999.000,0.000,1.000,0.000,0,0,12,1,1,12,12,1,0.0,0.0,1.0,0.0,0.0,1.0
"G[0,2](((Creatinine >= 0.044 | Temp <= 15.032) | SepsisLabel <= 24.200) & EtCO2 >= 0.014)
",9999999.000,9999999.000,0.000,1.000,0.000,0,0,0,13,13,0,0,13,0.0,0.0,0.0,0.0,0.0,1.0
"G[0,2](Hgb >= 0.605 -> O2Sat >= 50.213)
",9999999.000,9999999.000,0.000,1.000,0.000,0,0,13,0,0,13,13,0,0.0,0.0,1.0,0.0,0.0,1.0
"G[0,2](((Fibrinogen <= 91.642 & O2Sat >= 55.258) | Calcium <= 99.267) -> Hgb <= 93.697)
",9999999.000,9999999.000,0.000,1.000,0.000,0,0,13,0,0,13,13,0,0.0,0.0,1.0,0.0,0.0,1.0
"G[0,1](((Potassium <= 0.976 | SBP <= 133.195) -> Potassium >= 59.876) | Creatinine >= 75.403)
",9999999.000,9999999.000,0.000,1.000,0.000,0,0,0,13,13,0,0,13,0.0,0.0,0.0,0.0,0.0,1.0
"G[1,2]((MAP >= 23.288 -> Potassium >= 0.399) -> Hgb >= 0.049)
",9999999.000,9999999.000,0.000,1.000,0.000,0,0,10,3,3,10,10,3,0.0,0.0,1.0,0.0,0.0,1.0
"G[2,2](((Hgb >= 0.303 | HR <= 97.631) | TroponinI >= 14.257) | HR <= 94.314)
",6870155322745583.000,97.631,0.000,1.000,0.000,0,0,13,0,0,13,13,0,0.0,0.0,1.0,0.0,0.0,1.0
"G[0,2]((Magnesium <= 1.376 & Creatinine <= 0.753) & SaO2 >= 0.029)
",9999999.000,9999999.000,0.000,1.000,0.000,0,0,0,13,13,0,0,13,0.0,0.0,0.0,0.0,0.0,1.0
