Rule,Discrimination Score,Pos Robustness,Neg Robustness,Percent Class +,Percent Class -,TP,TN,FP,FN,Actual Yes,Actual No,Predicted Yes,Predicted No,TPR/Sens,TNR/Spec,FPR,Precision,Accuracy,MCR
"F[0,0](pH > 0.206 & SepsisLabel = 0.000)
",-0.337,-21.685,0.000,0.000,1.000,11,0,0,0,11,0,11,0,1.0,0,0,1.0,1.0476190476190477,-0.04761904761904767
"F[0,0](((Hgb >= 0.351 & pH >= 0.336) & AST >= 0.053) & HR >= 0.222)
",-76.478,-0.350,0.000,0.000,1.000,11,0,0,0,11,0,11,0,1.0,0,0,1.0,1.0476190476190477,-0.04761904761904767
"((Hct >= 1.571) U[0,0] (SaO2 >= 3.918))
",0.194,2.194,0.000,0.000,1.000,11,0,0,0,11,0,11,0,1.0,0,0,1.0,1.0476190476190477,-0.04761904761904767
"F[0,0](Glucose >= 11.896 & DBP <= 77.123)
",-6.812,-13.586,0.000,0.000,1.000,11,0,0,0,11,0,11,0,1.0,0,0,1.0,1.0476190476190477,-0.04761904761904767
"F[0,0](((PTT <= 4.315 & Temp >= 6.727) & SBP >= 6.207) & Glucose >= 8.089)
",-4553831553670206.000,-8.089,0.000,0.000,1.000,11,0,0,0,11,0,11,0,1.0,0,0,1.0,1.0476190476190477,-0.04761904761904767
"F[0,0]((SBP >= 69.623 | WBC <= 9.792) & Fibrinogen >= 0.266)
",-0.377,-2.280,0.000,0.000,1.000,11,0,0,0,11,0,11,0,1.0,0,0,1.0,1.0476190476190477,-0.04761904761904767
"((Creatinine >= 0.036) U[1,2] (SBP >= 48.355))
",-9999999.000,-9999999.000,0.000,0.000,1.000,10,0,0,1,11,0,10,1,0.9090909090909091,0,0,1.0,0.9523809523809523,0.04761904761904767
"F[0,1]((Calcium <= 5.345 & Potassium <= 0.975) & Magnesium >= 0.065)
",-9999999.000,-9999999.000,0.000,0.000,1.000,10,0,0,1,11,0,10,1,0.9090909090909091,0,0,1.0,0.9523809523809523,0.04761904761904767
"F[1,1]((Hgb <= 7.955 -> HR <= 88.724) & PTT >= 51.637)
",-6243366054874542.000,-88.724,0.000,0.000,1.000,10,0,0,1,11,0,10,1,0.9090909090909091,0,0,1.0,0.9523809523809523,0.04761904761904767
"F[0,0]((Calcium <= 8.164 & Potassium <= 3.880) & Magnesium >= 0.198)
",-0.198,-0.198,0.000,0.000,1.000,10,0,0,1,11,0,10,1,0.9090909090909091,0,0,1.0,0.9523809523809523,0.04761904761904767
"F[0,1](((SaO2 <= 50.525 | Phosphate >= 0.812) & TroponinI <= 16.578) & SepsisLabel >= 0.004)
",-9999999.000,-9999999.000,0.000,0.000,1.000,10,0,0,1,11,0,10,1,0.9090909090909091,0,0,1.0,0.9523809523809523,0.04761904761904767
"((HCO3 >= 1.291) U[1,1] (SepsisLabel = 0.000))
",0.000,0.000,0.000,0.000,1.000,10,0,0,1,11,0,10,1,0.9090909090909091,0,0,1.0,0.9523809523809523,0.04761904761904767
"((pH > 0.112) U[1,2] (SepsisLabel = 0.000))
",-9999999.000,-9999999.000,0.000,0.000,1.000,10,0,0,1,11,0,10,1,0.9090909090909091,0,0,1.0,0.9523809523809523,0.04761904761904767
"F[0,1](((Resp <= 29.854 | Resp <= 34.748) -> PaCO2 >= 9.508) & Potassium >= 18.057)
",-9999999.000,-9999999.000,0.000,0.000,1.000,10,0,0,1,11,0,10,1,0.9090909090909091,0,0,1.0,0.9523809523809523,0.04761904761904767
"((Chloride >= 7.782) U[1,2] (BaseExcess <= 0.000))
",-9999999.000,-9999999.000,0.000,0.000,1.000,10,0,0,1,11,0,10,1,0.9090909090909091,0,0,1.0,0.9523809523809523,0.04761904761904767
"((Bilirubin_direct < 0.000) U[1,2] (SepsisLabel = 0.000))
",-9999999.000,-9999999.000,0.000,0.000,1.000,10,0,0,1,11,0,10,1,0.9090909090909091,0,0,1.0,0.9523809523809523,0.04761904761904767
"F[0,1]((Calcium <= 3.915 & Potassium <= 4.148) & Magnesium >= 0.246)
",-9999999.000,-9999999.000,0.000,0.000,1.000,10,0,0,1,11,0,10,1,0.9090909090909091,0,0,1.0,0.9523809523809523,0.04761904761904767
"((Hgb >= 0.428) U[1,2] (FiO2 >= 0.000))
",-9999999.000,-9999999.000,0.000,0.000,1.000,10,0,0,1,11,0,10,1,0.9090909090909091,0,0,1.0,0.9523809523809523,0.04761904761904767
"F[0,1]((HCO3 >= 1.362 & WBC <= 6.175) | Fibrinogen >= 0.841)
",-9999999.000,-9999999.000,0.000,0.000,1.000,10,0,0,1,11,0,10,1,0.9090909090909091,0,0,1.0,0.9523809523809523,0.04761904761904767
"F[1,1](((Bilirubin_direct <= 0.000 & DBP >= 61.462) & SepsisLabel >= 35.485) & TroponinI >= 20.370)
",-61.462,-61.462,0.000,0.000,1.000,10,0,0,1,11,0,10,1,0.9090909090909091,0,0,1.0,0.9523809523809523,0.04761904761904767
"F[0,0]((PTT >= 0.353 -> Hgb <= 7.064) & Phosphate >= 0.237)
",-6.904,-7.422,0.000,0.000,1.000,10,0,0,1,11,0,10,1,0.9090909090909091,0,0,1.0,0.9523809523809523,0.04761904761904767
"F[0,1]((TroponinI <= 0.000 | Hct >= 3.039) & Alkalinephos >= 1.404)
",-9999999.000,-9999999.000,0.000,0.000,1.000,10,0,0,1,11,0,10,1,0.9090909090909091,0,0,1.0,0.9523809523809523,0.04761904761904767
"F[1,1](((Hct <= 21.257 & Glucose >= 11.234) & Phosphate >= 3.337) & PaCO2 <= 134.514)
",-11.234,-11.234,0.000,0.000,1.000,10,0,0,1,11,0,10,1,0.9090909090909091,0,0,1.0,0.9523809523809523,0.04761904761904767
"F[0,1](((Chloride >= 3.532 -> MAP >= 45.020) & Hgb >= 70.337) & Magnesium >= 49.774)
",-9999999.000,-9999999.000,0.000,0.000,1.000,10,0,0,1,11,0,10,1,0.9090909090909091,0,0,1.0,0.9523809523809523,0.04761904761904767
"F[1,1]((Calcium <= 5.934 & Potassium <= 0.573) & Magnesium >= 0.246)
",-8862341260598582.000,-0.246,0.000,0.000,1.000,10,0,0,1,11,0,10,1,0.9090909090909091,0,0,1.0,0.9523809523809523,0.04761904761904767
"F[0,1](Hct >= 2.853 & BUN <= 12.305)
",-9999999.000,-9999999.000,0.000,0.000,1.000,10,0,0,1,11,0,10,1,0.9090909090909091,0,0,1.0,0.9523809523809523,0.04761904761904767
"F[0,1]((Calcium <= 8.483 & Potassium <= 0.970) & Magnesium >= 0.246)
",-9999999.000,-9999999.000,0.000,0.000,1.000,10,0,0,1,11,0,10,1,0.9090909090909091,0,0,1.0,0.9523809523809523,0.04761904761904767
"F[0,1](((Bilirubin_total >= 0.000 & pH >= 0.219) | AST >= 0.214) & Hct <= 6.558)
",-9999999.000,-9999999.000,0.000,0.000,1.000,10,0,0,1,11,0,10,1,0.9090909090909091,0,0,1.0,0.9523809523809523,0.04761904761904767
"((Glucose >= 4.326) U[1,2] (MAP >= 51.129))
",-9999999.000,-9999999.000,0.000,0.000,1.000,10,0,0,1,11,0,10,1,0.9090909090909091,0,0,1.0,0.9523809523809523,0.04761904761904767
"F[0,1]((Calcium <= 3.959 & Potassium <= 2.746) & Magnesium >= 0.209)
",-9999999.000,-9999999.000,0.000,0.000,1.000,10,0,0,1,11,0,10,1,0.9090909090909091,0,0,1.0,0.9523809523809523,0.04761904761904767
"((Hct >= 2.851) U[1,2] (MAP <= 93.915))
",-9999999.000,-9999999.000,0.000,0.000,1.000,10,0,0,1,11,0,10,1,0.9090909090909091,0,0,1.0,0.9523809523809523,0.04761904761904767
"F[0,1](pH >= 0.117 & Phosphate <= 4.401)
",-9999999.000,-9999999.000,0.000,0.000,1.000,9,0,0,2,11,0,9,2,0.8181818181818182,0,0,1.0,0.8571428571428571,0.1428571428571429
"F[0,1](((FiO2 <= 0.000 & pH <= 6.072) -> Alkalinephos >= 0.259) | FiO2 >= 0.217)
",-9999999.000,-9999999.000,0.000,0.000,1.000,9,0,0,2,11,0,9,2,0.8181818181818182,0,0,1.0,0.8571428571428571,0.1428571428571429
"F[0,1]((BaseExcess <= 0.000 -> Magnesium >= 0.037) & Hgb <= 1.868)
",-9999999.000,-9999999.000,0.000,0.000,1.000,9,0,0,2,11,0,9,2,0.8181818181818182,0,0,1.0,0.8571428571428571,0.1428571428571429
"F[0,1](((HR <= 109.515 & WBC <= 5.428) & Potassium >= 0.721) & Creatinine <= 3.588)
",-9999999.000,-9999999.000,0.000,0.000,1.000,9,0,0,2,11,0,9,2,0.8181818181818182,0,0,1.0,0.8571428571428571,0.1428571428571429
"((Platelets >= 4.486) U[0,0] (Temp >= 1.317))
",0.972,46.583,0.000,0.000,1.000,9,0,0,2,11,0,9,2,0.8181818181818182,0,0,1.0,0.8571428571428571,0.1428571428571429
"F[1,1]((Calcium <= 1.637 | HCO3 <= 22.910) -> Creatinine >= 1.627)
",-22.910,-22.910,0.000,0.000,1.000,9,0,0,2,11,0,9,2,0.8181818181818182,0,0,1.0,0.8571428571428571,0.1428571428571429
"F[1,1]((Chloride <= 104.385 | Hgb >= 0.430) -> HCO3 >= 0.496)
",-7345449452443602.000,-104.385,0.000,0.000,1.000,8,0,0,3,11,0,8,3,0.7272727272727273,0,0,1.0,0.7619047619047619,0.23809523809523814
"F[1,1](Hct >= 0.521 & Hgb >= 0.008)
",-0.521,-0.521,0.000,0.000,1.000,8,0,0,3,11,0,8,3,0.7272727272727273,0,0,1.0,0.7619047619047619,0.23809523809523814
"F[0,1](BUN >= 0.763 & Phosphate >= 1.191)
",-9999999.000,-9999999.000,0.000,0.000,1.000,8,0,0,3,11,0,8,3,0.7272727272727273,0,0,1.0,0.7619047619047619,0.23809523809523814
"F[0,1](DBP >= 13.140 & WBC >= 0.054)
",-9999999.000,-9999999.000,0.000,0.000,1.000,8,0,0,3,11,0,8,3,0.7272727272727273,0,0,1.0,0.7619047619047619,0.23809523809523814
"F[1,1](((SaO2 <= 28.923 | Platelets >= 8.969) -> WBC >= 4.826) & Chloride <= 133.307)
",-8140993508782678.000,-28.923,0.000,0.000,1.000,8,0,0,3,11,0,8,3,0.7272727272727273,0,0,1.0,0.7619047619047619,0.23809523809523814
"((BUN >= 0.620) U[0,1] (HCO3 >= 1.656))
",-9999999.000,-9999999.000,0.000,0.000,1.000,8,0,0,3,11,0,8,3,0.7272727272727273,0,0,1.0,0.7619047619047619,0.23809523809523814
"((Hct <= 12.373) U[0,1] (Hct >= 1.844))
",-9999999.000,-9999999.000,0.000,0.000,1.000,8,0,0,3,11,0,8,3,0.7272727272727273,0,0,1.0,0.7619047619047619,0.23809523809523814
"((Fibrinogen <= 0.000) U[1,1] (HR <= 94.747))
",6667214987323325.000,94.747,0.000,0.000,1.000,8,0,0,3,11,0,8,3,0.7272727272727273,0,0,1.0,0.7619047619047619,0.23809523809523814
"((HCO3 <= 9.329) U[0,1] (Hct >= 1.420))
",-9999999.000,-9999999.000,0.000,0.000,1.000,8,0,0,3,11,0,8,3,0.7272727272727273,0,0,1.0,0.7619047619047619,0.23809523809523814
"((Chloride <= 61.285) U[1,1] (Platelets >= 3.446))
",4312514046915539.000,61.285,0.000,0.000,1.000,8,0,0,3,11,0,8,3,0.7272727272727273,0,0,1.0,0.7619047619047619,0.23809523809523814
"F[0,1]((Hct >= 2.070 & EtCO2 <= 0.000) & Fibrinogen <= 0.000)
",-9999999.000,-9999999.000,0.000,0.000,1.000,8,0,0,3,11,0,8,3,0.7272727272727273,0,0,1.0,0.7619047619047619,0.23809523809523814
"F[1,1](((MAP >= 11.916 & Platelets >= 13.730) | PaCO2 >= 19.004) & TroponinI <= 223.265)
",-13.730,-13.730,0.000,0.000,1.000,8,0,0,3,11,0,8,3,0.7272727272727273,0,0,1.0,0.7619047619047619,0.23809523809523814
"((Glucose <= 140.633) U[0,1] (WBC >= 0.713))
",-9999999.000,-9999999.000,0.000,0.000,1.000,8,0,0,3,11,0,8,3,0.7272727272727273,0,0,1.0,0.7619047619047619,0.23809523809523814
"F[1,1](BUN >= 1.242 | Glucose >= 4.022)
",-1.242,-1.242,0.000,0.000,1.000,8,0,0,3,11,0,8,3,0.7272727272727273,0,0,1.0,0.7619047619047619,0.23809523809523814
"F[0,1]((BUN <= 2.176 -> Magnesium <= 0.508) & Magnesium >= 0.015)
",-9999999.000,-9999999.000,0.000,0.000,1.000,8,0,0,3,11,0,8,3,0.7272727272727273,0,0,1.0,0.7619047619047619,0.23809523809523814
"F[0,1](Calcium >= 0.764 & Glucose <= 180.963)
",-9999999.000,-9999999.000,0.000,0.000,1.000,8,0,0,3,11,0,8,3,0.7272727272727273,0,0,1.0,0.7619047619047619,0.23809523809523814
"F[0,1]((DBP <= 74.157 & Magnesium <= 2.015) & DBP <= 1.501)
",-9999999.000,-9999999.000,0.000,0.000,1.000,8,0,0,3,11,0,8,3,0.7272727272727273,0,0,1.0,0.7619047619047619,0.23809523809523814
"((Fibrinogen <= 0.000) U[0,1] (Creatinine >= 0.025))
",-9999999.000,-9999999.000,0.000,0.000,1.000,8,0,0,3,11,0,8,3,0.7272727272727273,0,0,1.0,0.7619047619047619,0.23809523809523814
"F[0,1]((Chloride <= 35.204 | BUN >= 1.350) & Phosphate >= 1.110)
",-9999999.000,-9999999.000,0.000,0.000,1.000,7,0,0,4,11,0,7,4,0.6363636363636364,0,0,1.0,0.6666666666666666,0.33333333333333337
"((BaseExcess <= 0.000) U[1,1] (DBP <= 68.977))
",68.977,68.977,0.000,0.000,1.000,7,0,0,4,11,0,7,4,0.6363636363636364,0,0,1.0,0.6666666666666666,0.33333333333333337
"F[0,1](MAP >= 73.094 -> WBC >= 0.297)
",-9999999.000,-9999999.000,0.000,0.000,1.000,6,0,0,5,11,0,6,5,0.5454545454545454,0,0,1.0,0.5714285714285714,0.4285714285714286
"F[0,0](SBP <= 114.080 & pH <= 3.906)
",3.906,3.906,0.000,0.000,1.000,5,0,0,6,11,0,5,6,0.45454545454545453,0,0,1.0,0.47619047619047616,0.5238095238095238
"F[0,0]((Magnesium <= 0.748 -> MAP <= 90.601) & EtCO2 <= 85.844)
",-0.521,-18.718,0.000,0.000,1.000,5,0,0,6,11,0,5,6,0.45454545454545453,0,0,1.0,0.47619047619047616,0.5238095238095238
"((MAP >= 44.083) U[0,1] (SBP <= 104.024))
",-9999999.000,-9999999.000,0.000,0.000,1.000,5,0,0,6,11,0,5,6,0.45454545454545453,0,0,1.0,0.47619047619047616,0.5238095238095238
"F[1,1](HCO3 >= 0.159 | O2Sat >= 32.881)
",-0.159,-0.159,0.000,0.000,1.000,4,0,0,7,11,0,4,7,0.36363636363636365,0,0,1.0,0.38095238095238093,0.6190476190476191
"F[0,1](((Chloride <= 104.884 -> Glucose >= 10.986) | Temp >= 10.306) | Bilirubin_total >= 1.353)
",-9999999.000,-9999999.000,0.000,0.000,1.000,4,0,0,7,11,0,4,7,0.36363636363636365,0,0,1.0,0.38095238095238093,0.6190476190476191
"F[0,1](MAP >= 40.941 -> Temp >= 9.595)
",-9999999.000,-9999999.000,0.000,0.000,1.000,3,0,0,8,11,0,3,8,0.2727272727272727,0,0,1.0,0.2857142857142857,0.7142857142857143
"F[0,0](((Hgb <= 1.607 | PTT <= 16.286) & HR <= 10.510) -> DBP >= 1.971)
",-1.931,-69.229,0.000,0.000,1.000,3,0,0,8,11,0,3,8,0.2727272727272727,0,0,1.0,0.2857142857142857,0.7142857142857143
"F[0,0]((Hct >= 0.705 & SBP <= 120.966) | HR >= 25.902)
",8098.098,8098.098,0.000,0.000,1.000,3,0,0,8,11,0,3,8,0.2727272727272727,0,0,1.0,0.2857142857142857,0.7142857142857143
"F[1,1]((O2Sat <= 67.137 -> Temp <= 15.536) & Resp <= 28.734)
",-67.137,-67.137,0.000,0.000,1.000,3,0,0,8,11,0,3,8,0.2727272727272727,0,0,1.0,0.2857142857142857,0.7142857142857143
"F[1,1](((Magnesium <= 1.495 | Resp <= 26.924) | Chloride <= 27.522) & Glucose <= 32.944)
",27.522,27.522,0.000,0.000,1.000,2,0,0,9,11,0,2,9,0.18181818181818182,0,0,1.0,0.19047619047619047,0.8095238095238095
"((Calcium >= 0.726) U[1,2] (Hct >= 0.513))
",-9999999.000,-9999999.000,0.000,0.000,1.000,2,0,0,9,11,0,2,9,0.18181818181818182,0,0,1.0,0.19047619047619047,0.8095238095238095
"F[1,1]((Phosphate <= 10.209 -> PTT <= 3.777) | O2Sat <= 30.113)
",30.113,30.113,0.000,0.000,1.000,2,0,0,9,11,0,2,9,0.18181818181818182,0,0,1.0,0.19047619047619047,0.8095238095238095
"((O2Sat >= 34.516) U[1,2] (WBC >= 0.282))
",-9999999.000,-9999999.000,0.000,0.000,1.000,2,0,0,9,11,0,2,9,0.18181818181818182,0,0,1.0,0.19047619047619047,0.8095238095238095
"F[1,1](Hgb <= 3.851 | Hct <= 4.530)
",4.530,4.530,0.000,0.000,1.000,2,0,0,9,11,0,2,9,0.18181818181818182,0,0,1.0,0.19047619047619047,0.8095238095238095
"F[0,0](DBP >= 0.831 -> Temp <= 20.327)
",-2.715,-74.600,0.000,0.000,1.000,2,0,0,9,11,0,2,9,0.18181818181818182,0,0,1.0,0.19047619047619047,0.8095238095238095
"((Calcium >= 0.507) U[1,2] (PTT >= 1.562))
",-9999999.000,-9999999.000,0.000,0.000,1.000,2,0,0,9,11,0,2,9,0.18181818181818182,0,0,1.0,0.19047619047619047,0.8095238095238095
"((MAP >= 6.324) U[0,1] (SBP <= 112.276))
",-9999999.000,-9999999.000,0.000,0.000,1.000,2,0,0,9,11,0,2,9,0.18181818181818182,0,0,1.0,0.19047619047619047,0.8095238095238095
"F[1,1](Temp <= 32.131 | PTT <= 27.285)
",32.131,32.131,0.000,0.000,1.000,2,0,0,9,11,0,2,9,0.18181818181818182,0,0,1.0,0.19047619047619047,0.8095238095238095
"F[1,1](((Calcium < 7.165 & Potassium < 3.756) & Magnesium < 1.437) & Phosphate < 8.618)
",6471123407886454.000,1.437,0.000,0.000,1.000,2,0,0,9,11,0,2,9,0.18181818181818182,0,0,1.0,0.19047619047619047,0.8095238095238095
"((Resp >= 1.862) U[1,1] (Lactate >= 0.000))
",0.000,0.000,0.000,0.000,1.000,2,0,0,9,11,0,2,9,0.18181818181818182,0,0,1.0,0.19047619047619047,0.8095238095238095
"((O2Sat <= 45.483) U[1,2] (FiO2 >= 0.000))
",-9999999.000,-9999999.000,0.000,0.000,1.000,2,0,0,9,11,0,2,9,0.18181818181818182,0,0,1.0,0.19047619047619047,0.8095238095238095
"F[0,1]((MAP <= 84.970 | Phosphate >= 0.620) -> AST >= 0.410)
",-9999999.000,-9999999.000,0.000,0.000,1.000,2,0,0,9,11,0,2,9,0.18181818181818182,0,0,1.0,0.19047619047619047,0.8095238095238095
"((MAP >= 64.197) U[1,2] (SBP <= 120.555))
",-9999999.000,-9999999.000,0.000,0.000,1.000,1,0,0,10,11,0,1,10,0.09090909090909091,0,0,1.0,0.09523809523809523,0.9047619047619048
"((HR >= 77.974) U[0,0] (MAP <= 96.244))
",8846699378245434.000,8046.026,0.000,0.000,1.000,1,0,0,10,11,0,1,10,0.09090909090909091,0,0,1.0,0.09523809523809523,0.9047619047619048
"((Platelets <= 77.961) U[1,1] (WBC <= 10.316))
",5485982553952718.000,77.961,0.000,0.000,1.000,1,0,0,10,11,0,1,10,0.09090909090909091,0,0,1.0,0.09523809523809523,0.9047619047619048
"F[1,1](pH <= 0.505 & SepsisLabel <= 0.000)
",0.000,0.000,0.000,0.000,1.000,1,0,0,10,11,0,1,10,0.09090909090909091,0,0,1.0,0.09523809523809523,0.9047619047619048
"((Hct >= 0.138) U[1,2] (PaCO2 >= 1.442))
",-9999999.000,-9999999.000,0.000,0.000,1.000,1,0,0,10,11,0,1,10,0.09090909090909091,0,0,1.0,0.09523809523809523,0.9047619047619048
"F[0,0](Magnesium >= 0.237 -> SaO2 >= 4.058)
",-0.311,-3.381,0.000,0.000,1.000,1,0,0,10,11,0,1,10,0.09090909090909091,0,0,1.0,0.09523809523809523,0.9047619047619048
"F[1,1](Hgb <= 4.704 | Hct <= 34.335)
",4832166889025054.000,34.335,0.000,0.000,1.000,1,0,0,10,11,0,1,10,0.09090909090909091,0,0,1.0,0.09523809523809523,0.9047619047619048
"F[0,0]((SBP <= 104.231 | Resp <= 31.248) | Phosphate >= 0.206)
",4.886,89.308,0.000,0.000,1.000,1,0,0,10,11,0,1,10,0.09090909090909091,0,0,1.0,0.09523809523809523,0.9047619047619048
"((Hgb <= 2.345) U[0,0] (Phosphate <= 14.439))
",22.586,14.229,0.000,0.000,1.000,1,0,0,10,11,0,1,10,0.09090909090909091,0,0,1.0,0.09523809523809523,0.9047619047619048
"F[1,1](((pH >= 0.038 | Temp <= 32.943) & Hgb >= 0.016) -> Platelets <= 22.865)
",-6435868064181907.000,-22.865,0.000,0.000,1.000,1,0,0,10,11,0,1,10,0.09090909090909091,0,0,1.0,0.09523809523809523,0.9047619047619048
"F[0,1]((Hgb <= 5.209 & HR <= 101.837) | SepsisLabel >= 57.402)
",-9999999.000,-9999999.000,0.000,0.000,1.000,1,0,0,10,11,0,1,10,0.09090909090909091,0,0,1.0,0.09523809523809523,0.9047619047619048
"F[1,2](((Lactate <= 0.000 & Lactate <= 0.000) | Fibrinogen >= 0.000) & Fibrinogen <= 0.000)
",-9999999.000,-9999999.000,0.000,0.000,1.000,0,0,0,11,11,0,0,11,0.0,0,0,0.0,0.0,1.0
"F[2,2]((Hgb <= 11.381 & SBP <= 107.035) | SBP >= 54.814)
",11.381,11.381,0.000,0.000,1.000,0,0,0,11,11,0,0,11,0.0,0,0,0.0,0.0,1.0
"F[1,2](((Phosphate <= 15.011 | SBP >= 19.148) -> Calcium >= 33.557) | Resp >= 38.977)
",-9999999.000,-9999999.000,0.000,0.000,1.000,0,0,0,11,11,0,0,11,0.0,0,0,0.0,0.0,1.0
"F[2,2]((BUN >= 0.737 & Resp <= 34.378) -> Chloride <= 33.487)
",-33.487,-33.487,0.000,0.000,1.000,0,0,0,11,11,0,0,11,0.0,0,0,0.0,0.0,1.0
"((HR >= 83.754) U[0,0] (PaCO2 <= 30.950))
",8840344440700178.000,8040.246,0.000,0.000,1.000,0,0,0,11,11,0,0,11,0.0,0,0,0.0,0.0,1.0
"((WBC >= 0.889) U[0,1] (Temp <= 25.229))
",-9999999.000,-9999999.000,0.000,0.000,1.000,0,0,0,11,11,0,0,11,0.0,0,0,0.0,0.0,1.0
"F[1,2]((Hct >= 2.084 | Resp <= 33.148) | PTT >= 14.359)
",-9999999.000,-9999999.000,0.000,0.000,1.000,0,0,0,11,11,0,0,11,0.0,0,0,0.0,0.0,1.0
"F[1,2]((Bilirubin_direct >= 0.000 & Magnesium <= 1.147) -> Resp >= 0.140)
",-9999999.000,-9999999.000,0.000,0.000,1.000,0,0,0,11,11,0,0,11,0.0,0,0,0.0,0.0,1.0
"F[1,2](((Platelets >= 6.835 | Lactate >= 0.000) -> Hct >= 0.000) | Creatinine <= 0.000)
",-9999999.000,-9999999.000,0.000,0.000,1.000,0,0,0,11,11,0,0,11,0.0,0,0,0.0,0.0,1.0
"((HCO3 >= 0.499) U[0,0] (Bilirubin_total >= 0.000))
",0.333,0.500,0.000,0.000,1.000,0,0,0,11,11,0,0,11,0.0,0,0,0.0,0.0,1.0
"F[0,2](((BUN <= 5.774 -> Bilirubin_total >= 0.000) & Glucose <= 0.000) -> Alkalinephos >= 0.000)
",-9999999.000,-9999999.000,0.000,0.000,1.000,0,0,0,11,11,0,0,11,0.0,0,0,0.0,0.0,1.0
"F[0,0]((Hgb <= 6.383 -> Resp >= 1.065) -> Phosphate <= 34.454)
",-54.356,-34.244,0.000,0.000,1.000,0,0,0,11,11,0,0,11,0.0,0,0,0.0,0.0,1.0
"F[1,2](Platelets >= 1.865 & SBP <= 110.485)
",-9999999.000,-9999999.000,0.000,0.000,1.000,0,0,0,11,11,0,0,11,0.0,0,0,0.0,0.0,1.0
"F[0,1](Temp <= 37.313 -> PaCO2 <= 19.943)
",-9999999.000,-9999999.000,0.000,0.000,1.000,0,0,0,11,11,0,0,11,0.0,0,0,0.0,0.0,1.0
"F[2,2](Phosphate >= 0.750 | O2Sat <= 97.697)
",97.697,97.697,0.000,0.000,1.000,0,0,0,11,11,0,0,11,0.0,0,0,0.0,0.0,1.0
"F[1,2](MAP >= 37.143 & pH >= 0.277)
",-9999999.000,-9999999.000,0.000,0.000,1.000,0,0,0,11,11,0,0,11,0.0,0,0,0.0,0.0,1.0
"F[0,2](((O2Sat >= 8.005 -> SBP >= 42.961) | HR >= 46.664) -> Resp <= 108.003)
",-9999999.000,-9999999.000,0.000,0.000,1.000,0,0,0,11,11,0,0,11,0.0,0,0,0.0,0.0,1.0
"F[0,0]((MAP >= 31.295 -> FiO2 >= 0.000) | SBP <= 0.000)
",-0.816,-14.923,0.000,0.000,1.000,0,0,0,11,11,0,0,11,0.0,0,0,0.0,0.0,1.0
"F[0,1]((Magnesium <= 1.533 -> SepsisLabel >= 0.000) & Bilirubin_direct >= 0.000)
",-9999999.000,-9999999.000,0.000,0.000,1.000,0,0,0,11,11,0,0,11,0.0,0,0,0.0,0.0,1.0
"F[0,2]((Chloride <= 59.437 & Resp <= 29.357) & DBP <= 30.640)
",-9999999.000,-9999999.000,0.000,0.000,1.000,0,0,0,11,11,0,0,11,0.0,0,0,0.0,0.0,1.0
"((SBP <= 113.976) U[0,0] (EtCO2 >= 0.000))
",5.419,99.053,0.000,0.000,1.000,0,0,0,11,11,0,0,11,0.0,0,0,0.0,0.0,1.0
"F[0,1](((Hgb <= 2.732 -> EtCO2 >= 0.000) & Fibrinogen >= 0.000) | Bilirubin_total <= 0.000)
",-9999999.000,-9999999.000,0.000,0.000,1.000,0,0,0,11,11,0,0,11,0.0,0,0,0.0,0.0,1.0
"F[0,2]((PaCO2 <= 25.157 | SBP <= 123.754) | O2Sat <= 127.462)
",-9999999.000,-9999999.000,0.000,0.000,1.000,0,0,0,11,11,0,0,11,0.0,0,0,0.0,0.0,1.0
"F[1,2](((Fibrinogen <= 0.000 & Platelets >= 13.737) & MAP <= 218.886) | O2Sat >= 4.460)
",-9999999.000,-9999999.000,0.000,0.000,1.000,0,0,0,11,11,0,0,11,0.0,0,0,0.0,0.0,1.0
"((BUN <= 10.528) U[2,2] (BaseExcess >= 0.000))
",5926615381143341.000,10.528,0.000,0.000,1.000,0,0,0,11,11,0,0,11,0.0,0,0,0.0,0.0,1.0
"((pH <= 7.319) U[0,2] (EtCO2 >= 0.000))
",-9999999.000,-9999999.000,0.000,0.000,1.000,0,0,0,11,11,0,0,11,0.0,0,0,0.0,0.0,1.0
"F[0,1]((pH >= 0.314 | SBP <= 116.046) | PaCO2 <= 102.661)
",-9999999.000,-9999999.000,0.000,0.000,1.000,0,0,0,11,11,0,0,11,0.0,0,0,0.0,0.0,1.0
"F[0,1]((DBP <= 71.141 -> Phosphate <= 17.462) -> MAP >= 0.218)
",-9999999.000,-9999999.000,0.000,0.000,1.000,0,0,0,11,11,0,0,11,0.0,0,0,0.0,0.0,1.0
"F[2,2](((FiO2 <= 0.000 & TroponinI >= 0.000) | BaseExcess >= 0.000) -> O2Sat <= 0.000)
",0.000,0.000,0.000,0.000,1.000,0,0,0,11,11,0,0,11,0.0,0,0,0.0,0.0,1.0
"F[2,2](((O2Sat <= 40.165 -> SBP >= 0.138) -> Lactate >= 39.925) -> BaseExcess >= 29.191)
",-39.925,-39.925,0.000,0.000,1.000,0,0,0,11,11,0,0,11,0.0,0,0,0.0,0.0,1.0
"((Calcium >= 0.028) U[0,2] (Resp >= 10.133))
",-9999999.000,-9999999.000,0.000,0.000,1.000,0,0,0,11,11,0,0,11,0.0,0,0,0.0,0.0,1.0
"F[0,1](SaO2 >= 3.085 -> MAP <= 80.173)
",-9999999.000,-9999999.000,0.000,0.000,1.000,0,0,0,11,11,0,0,11,0.0,0,0,0.0,0.0,1.0
"F[0,2](DBP >= 32.405 & Alkalinephos >= 0.000)
",-9999999.000,-9999999.000,0.000,0.000,1.000,0,0,0,11,11,0,0,11,0.0,0,0,0.0,0.0,1.0
"F[1,2](WBC >= 0.164 & HR >= 30.268)
",-9999999.000,-9999999.000,0.000,0.000,1.000,0,0,0,11,11,0,0,11,0.0,0,0,0.0,0.0,1.0
"F[0,0](((Potassium <= 2.512 | Calcium >= 1.009) -> Hct <= 4.031) & SepsisLabel <= 7.879)
",-0.399,-24.340,0.000,0.000,1.000,0,0,0,11,11,0,0,11,0.0,0,0,0.0,0.0,1.0
"((Calcium >= 0.615) U[0,2] (WBC >= 0.185))
",-9999999.000,-9999999.000,0.000,0.000,1.000,0,0,0,11,11,0,0,11,0.0,0,0,0.0,0.0,1.0
"((EtCO2 >= 0.000) U[0,1] (HR >= 77.123))
",-9999999.000,-9999999.000,0.000,0.000,1.000,0,0,0,11,11,0,0,11,0.0,0,0,0.0,0.0,1.0
"F[0,0]((Glucose <= 151.322 | Resp >= 4.363) | EtCO2 <= 29.233)
",151.322,151.322,0.000,0.000,1.000,0,0,0,11,11,0,0,11,0.0,0,0,0.0,0.0,1.0
"F[0,2](O2Sat <= 80.045 | Phosphate <= 9.006)
",-9999999.000,-9999999.000,0.000,0.000,1.000,0,0,0,11,11,0,0,11,0.0,0,0,0.0,0.0,1.0
"F[0,2](Bilirubin_direct >= 0.000 -> Temp >= 6.359)
",-9999999.000,-9999999.000,0.000,0.000,1.000,0,0,0,11,11,0,0,11,0.0,0,0,0.0,0.0,1.0
"F[1,1](((Hgb >= 0.997 -> Creatinine <= 0.248) | Platelets >= 0.029) | HCO3 <= 0.278)
",0.278,0.278,0.000,0.000,1.000,0,0,0,11,11,0,0,11,0.0,0,0,0.0,0.0,1.0
"((Bilirubin_total <= 0.000) U[1,2] (EtCO2 <= 0.000))
",-9999999.000,-9999999.000,0.000,0.000,1.000,0,0,0,11,11,0,0,11,0.0,0,0,0.0,0.0,1.0
"F[0,2]((Magnesium >= 0.035 -> Alkalinephos <= 0.000) -> Alkalinephos >= 0.000)
",-9999999.000,-9999999.000,0.000,0.000,1.000,0,0,0,11,11,0,0,11,0.0,0,0,0.0,0.0,1.0
"F[0,1](Hgb <= 8.215 | Hct <= 16.708)
",-9999999.000,-9999999.000,0.000,0.000,1.000,0,0,0,11,11,0,0,11,0.0,0,0,0.0,0.0,1.0
"F[0,0]((Bilirubin_total <= 0.000 | Potassium >= 0.338) -> AST <= 3.620)
",-75.959,-3.605,0.000,0.000,1.000,0,0,0,11,11,0,0,11,0.0,0,0,0.0,0.0,1.0
"F[1,2]((Lactate >= 0.000 & BaseExcess >= 0.000) -> Resp <= 0.000)
",-9999999.000,-9999999.000,0.000,0.000,1.000,0,0,0,11,11,0,0,11,0.0,0,0,0.0,0.0,1.0
"((PTT >= 2.349) U[0,1] (SepsisLabel <= 0.000))
",-9999999.000,-9999999.000,0.000,0.000,1.000,0,0,0,11,11,0,0,11,0.0,0,0,0.0,0.0,1.0
"F[0,2](((WBC <= 5.898 & Chloride <= 39.598) | DBP <= 34.202) | AST <= 60.929)
",-9999999.000,-9999999.000,0.000,0.000,1.000,0,0,0,11,11,0,0,11,0.0,0,0,0.0,0.0,1.0
"F[2,2](((MAP >= 55.721 -> Creatinine <= 0.305) | Bilirubin_direct <= 0.280) & BaseExcess >= 0.001)
",-8794643888911166.000,-0.001,0.000,0.000,1.000,0,0,0,11,11,0,0,11,0.0,0,0,0.0,0.0,1.0
"F[1,2](Hct >= 2.953 | PTT >= 0.960)
",-9999999.000,-9999999.000,0.000,0.000,1.000,0,0,0,11,11,0,0,11,0.0,0,0,0.0,0.0,1.0
"F[1,2](Bilirubin_total >= 0.000 -> SBP <= 123.660)
",-9999999.000,-9999999.000,0.000,0.000,1.000,0,0,0,11,11,0,0,11,0.0,0,0,0.0,0.0,1.0
"F[1,2]((FiO2 <= 0.000 | TroponinI <= 0.000) | O2Sat >= 0.000)
",-9999999.000,-9999999.000,0.000,0.000,1.000,0,0,0,11,11,0,0,11,0.0,0,0,0.0,0.0,1.0
"F[0,0](((BUN >= 0.189 -> Bilirubin_direct <= 0.000) | Hct >= 0.000) -> Bilirubin_direct <= 0.000)
",-0.333,-0.019,0.000,0.000,1.000,0,0,0,11,11,0,0,11,0.0,0,0,0.0,0.0,1.0
"F[0,2]((Phosphate <= 12.998 -> pH >= 0.156) & HR >= 0.119)
",-9999999.000,-9999999.000,0.000,0.000,1.000,0,0,0,11,11,0,0,11,0.0,0,0,0.0,0.0,1.0
"F[2,2](((Lactate <= 0.000 -> Calcium <= 8.180) & SaO2 <= 1.876) -> Alkalinephos <= 1.097)
",-1.097,-1.097,0.000,0.000,1.000,0,0,0,11,11,0,0,11,0.0,0,0,0.0,0.0,1.0
"F[0,2]((Phosphate <= 11.207 | SepsisLabel <= 0.000) | BUN <= 0.000)
",-9999999.000,-9999999.000,0.000,0.000,1.000,0,0,0,11,11,0,0,11,0.0,0,0,0.0,0.0,1.0
"((Fibrinogen >= 0.000) U[1,2] (HR >= 30.903))
",-9999999.000,-9999999.000,0.000,0.000,1.000,0,0,0,11,11,0,0,11,0.0,0,0,0.0,0.0,1.0
"F[0,2](((Bilirubin_direct >= 0.000 | SBP <= 116.876) -> WBC <= 113.243) -> pH <= 109.717)
",-9999999.000,-9999999.000,0.000,0.000,1.000,0,0,0,11,11,0,0,11,0.0,0,0,0.0,0.0,1.0
"F[0,2](((Fibrinogen <= 0.000 -> PaCO2 <= 3.071) | MAP >= 0.688) | Chloride <= 26.714)
",-9999999.000,-9999999.000,0.000,0.000,1.000,0,0,0,11,11,0,0,11,0.0,0,0,0.0,0.0,1.0
"F[1,2]((SBP <= 104.208 -> EtCO2 <= 0.000) -> SaO2 <= 0.000)
",-9999999.000,-9999999.000,0.000,0.000,1.000,0,0,0,11,11,0,0,11,0.0,0,0,0.0,0.0,1.0
"F[0,0](((AST <= 0.000 & Hct <= 27.895) | BaseExcess <= 14.787) | Creatinine <= 4.350)
",14.787,14.787,0.000,0.000,1.000,0,0,0,11,11,0,0,11,0.0,0,0,0.0,0.0,1.0
"F[1,2](BaseExcess <= 0.000 & AST <= 0.000)
",-9999999.000,-9999999.000,0.000,0.000,1.000,0,0,0,11,11,0,0,11,0.0,0,0,0.0,0.0,1.0
"F[0,1](Glucose <= 87.062 & Resp <= 32.160)
",-9999999.000,-9999999.000,0.000,0.000,1.000,0,0,0,11,11,0,0,11,0.0,0,0,0.0,0.0,1.0
"((AST >= 0.000) U[0,1] (TroponinI <= 0.000))
",-9999999.000,-9999999.000,0.000,0.000,1.000,0,0,0,11,11,0,0,11,0.0,0,0,0.0,0.0,1.0
"F[0,2]((Fibrinogen >= 0.000 -> pH >= 0.238) & AST >= 0.063)
",-9999999.000,-9999999.000,0.000,0.000,1.000,0,0,0,11,11,0,0,11,0.0,0,0,0.0,0.0,1.0
"((BUN >= 0.762) U[0,2] (O2Sat <= 83.640))
",-9999999.000,-9999999.000,0.000,0.000,1.000,0,0,0,11,11,0,0,11,0.0,0,0,0.0,0.0,1.0
"F[0,1]((Magnesium <= 1.251 -> HR >= 69.346) & Chloride <= 91.661)
",-9999999.000,-9999999.000,0.000,0.000,1.000,0,0,0,11,11,0,0,11,0.0,0,0,0.0,0.0,1.0
"F[0,2](((BaseExcess <= 0.000 & Bilirubin_total >= 0.000) | DBP <= 0.000) -> BaseExcess <= 0.000)
",-9999999.000,-9999999.000,0.000,0.000,1.000,0,0,0,11,11,0,0,11,0.0,0,0,0.0,0.0,1.0
"F[0,2](((Potassium >= 0.081 & Alkalinephos >= 0.000) -> BUN <= 0.000) -> HR <= 0.000)
",-9999999.000,-9999999.000,0.000,0.000,1.000,0,0,0,11,11,0,0,11,0.0,0,0,0.0,0.0,1.0
"F[0,0](((FiO2 <= 0.000 -> TroponinI <= 0.000) & Fibrinogen <= 0.000) & SaO2 >= 0.000)
",-0.333,-0.940,0.000,0.000,1.000,0,0,0,11,11,0,0,11,0.0,0,0,0.0,0.0,1.0
"((Platelets <= 232.166) U[0,1] (SepsisLabel <= 0.000))
",-9999999.000,-9999999.000,0.000,0.000,1.000,0,0,0,11,11,0,0,11,0.0,0,0,0.0,0.0,1.0
"F[0,0](((Bilirubin_direct <= 0.000 -> TroponinI <= 0.000) | Phosphate <= 0.000) -> BUN <= 0.000)
",0.000,0.000,0.000,0.000,1.000,0,0,0,11,11,0,0,11,0.0,0,0,0.0,0.0,1.0
"F[0,1]((HR <= 90.260 | Chloride <= 102.134) -> SaO2 <= 39.082)
",-9999999.000,-9999999.000,0.000,0.000,1.000,0,0,0,11,11,0,0,11,0.0,0,0,0.0,0.0,1.0
"((Lactate >= 0.000) U[0,2] (SBP >= 36.587))
",-9999999.000,-9999999.000,0.000,0.000,1.000,0,0,0,11,11,0,0,11,0.0,0,0,0.0,0.0,1.0
"F[1,2](Creatinine >= 0.030 -> AST >= 0.000)
",-9999999.000,-9999999.000,0.000,0.000,1.000,0,0,0,11,11,0,0,11,0.0,0,0,0.0,0.0,1.0
"F[0,1]((SBP >= 71.300 -> PTT >= 1.434) -> Alkalinephos >= 0.077)
",-9999999.000,-9999999.000,0.000,0.000,1.000,0,0,0,11,11,0,0,11,0.0,0,0,0.0,0.0,1.0
"F[1,2](Phosphate <= 13.524 & Lactate <= 0.000)
",-9999999.000,-9999999.000,0.000,0.000,1.000,0,0,0,11,11,0,0,11,0.0,0,0,0.0,0.0,1.0
"((HCO3 <= 16.374) U[1,2] (SaO2 >= 3.032))
",-9999999.000,-9999999.000,0.000,0.000,1.000,0,0,0,11,11,0,0,11,0.0,0,0,0.0,0.0,1.0
"F[0,1](((Hgb >= 0.655 -> Bilirubin_total <= 0.000) -> Creatinine <= 0.000) -> Magnesium >= 0.000)
",-9999999.000,-9999999.000,0.000,0.000,1.000,0,0,0,11,11,0,0,11,0.0,0,0,0.0,0.0,1.0
"F[2,2]((Hgb >= 0.756 | Phosphate <= 10.605) & Phosphate >= 0.488)
",-8782637035199298.000,-0.488,0.000,0.000,1.000,0,0,0,11,11,0,0,11,0.0,0,0,0.0,0.0,1.0
"((O2Sat <= 95.257) U[0,2] (HCO3 >= 0.743))
",-9999999.000,-9999999.000,0.000,0.000,1.000,0,0,0,11,11,0,0,11,0.0,0,0,0.0,0.0,1.0
"F[0,1](((pH <= 2.888 | BaseExcess <= 0.000) | EtCO2 >= 0.000) -> TroponinI >= 0.000)
",-9999999.000,-9999999.000,0.000,0.000,1.000,0,0,0,11,11,0,0,11,0.0,0,0,0.0,0.0,1.0
"F[0,1](((FiO2 <= 0.000 | MAP <= 76.182) | EtCO2 >= 32.393) -> DBP <= 78.152)
",-9999999.000,-9999999.000,0.000,0.000,1.000,0,0,0,11,11,0,0,11,0.0,0,0,0.0,0.0,1.0
"F[1,1](((Phosphate >= 1.100 | Alkalinephos >= 0.000) | DBP >= 0.000) | Temp >= 0.000)
",0.000,0.000,0.000,0.000,1.000,0,0,0,11,11,0,0,11,0.0,0,0,0.0,0.0,1.0
"F[0,1](FiO2 <= 0.000 | SaO2 <= 76.147)
",-9999999.000,-9999999.000,0.000,0.000,1.000,0,0,0,11,11,0,0,11,0.0,0,0,0.0,0.0,1.0
"F[0,2](((PaCO2 <= 14.030 | Creatinine <= 0.225) & Platelets <= 0.497) | Resp <= 0.092)
",-9999999.000,-9999999.000,0.000,0.000,1.000,0,0,0,11,11,0,0,11,0.0,0,0,0.0,0.0,1.0
"((Lactate >= 0.000) U[0,0] (pH <= 0.759))
",0.356,11.683,0.000,0.000,1.000,0,0,0,11,11,0,0,11,0.0,0,0,0.0,0.0,1.0
"F[1,2](Potassium >= 0.123 | WBC >= 0.784)
",-9999999.000,-9999999.000,0.000,0.000,1.000,0,0,0,11,11,0,0,11,0.0,0,0,0.0,0.0,1.0
"((Chloride >= 0.043) U[0,1] (Bilirubin_total <= 0.000))
",-9999999.000,-9999999.000,0.000,0.000,1.000,0,0,0,11,11,0,0,11,0.0,0,0,0.0,0.0,1.0
"F[1,2](((Hgb <= 3.331 -> Lactate <= 0.000) | Potassium <= 0.000) | SepsisLabel <= 0.000)
",-9999999.000,-9999999.000,0.000,0.000,1.000,0,0,0,11,11,0,0,11,0.0,0,0,0.0,0.0,1.0
"F[1,2]((HCO3 >= 1.444 | MAP <= 96.543) & Magnesium <= 90.319)
",-9999999.000,-9999999.000,0.000,0.000,1.000,0,0,0,11,11,0,0,11,0.0,0,0,0.0,0.0,1.0
"F[0,2](((Chloride >= 3.782 -> DBP <= 79.274) & PaCO2 <= 71.710) | Magnesium <= 76.988)
",-9999999.000,-9999999.000,0.000,0.000,1.000,0,0,0,11,11,0,0,11,0.0,0,0,0.0,0.0,1.0
"F[2,2](((Fibrinogen <= 0.000 -> Platelets <= 134.616) | Chloride >= 8.665) & Alkalinephos >= 11.170)
",-11.170,-11.170,0.000,0.000,1.000,0,0,0,11,11,0,0,11,0.0,0,0,0.0,0.0,1.0
"F[0,1](((TroponinI >= 0.000 & AST >= 0.000) | SBP >= 0.000) & Hct >= 0.000)
",-9999999.000,-9999999.000,0.000,0.000,1.000,0,0,0,11,11,0,0,11,0.0,0,0,0.0,0.0,1.0
"((BUN >= 0.190) U[0,2] (Bilirubin_total <= 0.000))
",-9999999.000,-9999999.000,0.000,0.000,1.000,0,0,0,11,11,0,0,11,0.0,0,0,0.0,0.0,1.0
"F[1,2]((Chloride >= 5.130 | Hgb <= 10.019) | Fibrinogen <= 1.193)
",-9999999.000,-9999999.000,0.000,0.000,1.000,0,0,0,11,11,0,0,11,0.0,0,0,0.0,0.0,1.0
"F[0,1](MAP <= 76.131 | PaCO2 <= 27.055)
",-9999999.000,-9999999.000,0.000,0.000,1.000,0,0,0,11,11,0,0,11,0.0,0,0,0.0,0.0,1.0
"((Bilirubin_direct >= 0.000) U[0,2] (Magnesium >= 0.204))
",-9999999.000,-9999999.000,0.000,0.000,1.000,0,0,0,11,11,0,0,11,0.0,0,0,0.0,0.0,1.0
"F[0,1]((MAP >= 74.562 & Bilirubin_direct >= 0.000) -> Platelets <= 0.000)
",-9999999.000,-9999999.000,0.000,0.000,1.000,0,0,0,11,11,0,0,11,0.0,0,0,0.0,0.0,1.0
"F[0,2]((SaO2 <= 71.859 & Calcium >= 0.427) -> PaCO2 <= 5.396)
",-9999999.000,-9999999.000,0.000,0.000,1.000,0,0,0,11,11,0,0,11,0.0,0,0,0.0,0.0,1.0
"F[0,2](((Chloride >= 0.420 -> SepsisLabel <= 0.000) | Lactate >= 0.000) | Chloride <= 0.000)
",-9999999.000,-9999999.000,0.000,0.000,1.000,0,0,0,11,11,0,0,11,0.0,0,0,0.0,0.0,1.0
"((Chloride <= 56.666) U[1,2] (SaO2 >= 2.911))
",-9999999.000,-9999999.000,0.000,0.000,1.000,0,0,0,11,11,0,0,11,0.0,0,0,0.0,0.0,1.0
"F[1,2](HCO3 >= 1.009 & WBC >= 0.313)
",-9999999.000,-9999999.000,0.000,0.000,1.000,0,0,0,11,11,0,0,11,0.0,0,0,0.0,0.0,1.0
"F[1,1](Bilirubin_total <= 0.000 & Bilirubin_total >= 0.000)
",0.000,0.000,0.000,0.000,1.000,0,0,0,11,11,0,0,11,0.0,0,0,0.0,0.0,1.0
"F[1,2](((O2Sat <= 60.367 & Magnesium <= 0.784) & DBP <= 0.898) | Calcium >= 0.071)
",-9999999.000,-9999999.000,0.000,0.000,1.000,0,0,0,11,11,0,0,11,0.0,0,0,0.0,0.0,1.0
"F[0,0]((SaO2 >= 4.095 -> AST >= 0.000) & Fibrinogen <= 0.000)
",-0.333,-9.400,0.000,0.000,1.000,0,0,0,11,11,0,0,11,0.0,0,0,0.0,0.0,1.0
"F[0,1](((TroponinI <= 0.000 -> Magnesium >= 0.043) | BaseExcess >= 0.060) -> HR <= 0.402)
",-9999999.000,-9999999.000,0.000,0.000,1.000,0,0,0,11,11,0,0,11,0.0,0,0,0.0,0.0,1.0
"F[0,2](O2Sat >= 8.833 | SBP >= 53.349)
",-9999999.000,-9999999.000,0.000,0.000,1.000,0,0,0,11,11,0,0,11,0.0,0,0,0.0,0.0,1.0
"F[0,2](((HR >= 25.897 -> SBP <= 107.881) | SaO2 <= 120.097) | FiO2 <= 102.558)
",-9999999.000,-9999999.000,0.000,0.000,1.000,0,0,0,11,11,0,0,11,0.0,0,0,0.0,0.0,1.0
"F[2,2](((Potassium >= 0.018 -> Phosphate >= 0.218) | PaCO2 >= 1.084) | HR >= 0.438)
",5152658312348106.000,0.018,0.000,0.000,1.000,0,0,0,11,11,0,0,11,0.0,0,0,0.0,0.0,1.0
"F[0,1](PTT >= 1.067 -> Alkalinephos <= 0.000)
",-9999999.000,-9999999.000,0.000,0.000,1.000,0,0,0,11,11,0,0,11,0.0,0,0,0.0,0.0,1.0
"F[1,2](((SepsisLabel <= 0.000 & Magnesium >= 0.118) -> Creatinine >= 0.136) & PTT <= 1.203)
",-9999999.000,-9999999.000,0.000,0.000,1.000,0,0,0,11,11,0,0,11,0.0,0,0,0.0,0.0,1.0
"((Alkalinephos <= 0.000) U[2,2] (SaO2 <= 69.764))
",69.764,69.764,0.000,0.000,1.000,0,0,0,11,11,0,0,11,0.0,0,0,0.0,0.0,1.0
"F[2,2](((FiO2 >= 0.000 & FiO2 <= 0.000) -> Creatinine >= 0.000) & Glucose >= 0.000)
",0.000,0.000,0.000,0.000,1.000,0,0,0,11,11,0,0,11,0.0,0,0,0.0,0.0,1.0
"F[1,2]((Platelets >= 16.942 & SBP <= 121.915) | DBP >= 28.177)
",-9999999.000,-9999999.000,0.000,0.000,1.000,0,0,0,11,11,0,0,11,0.0,0,0,0.0,0.0,1.0
"F[1,1]((Calcium <= 2.233 -> PTT <= 23.510) -> Bilirubin_direct <= 4.294)
",-4.294,-4.294,0.000,0.000,1.000,0,0,0,11,11,0,0,11,0.0,0,0,0.0,0.0,1.0
"F[1,2]((Phosphate <= 11.527 | Chloride <= 96.835) | WBC >= 4.946)
",-9999999.000,-9999999.000,0.000,0.000,1.000,0,0,0,11,11,0,0,11,0.0,0,0,0.0,0.0,1.0
"F[0,2]((Alkalinephos <= 0.000 | SepsisLabel >= 0.000) | HCO3 >= 0.000)
",-9999999.000,-9999999.000,0.000,0.000,1.000,0,0,0,11,11,0,0,11,0.0,0,0,0.0,0.0,1.0
"((MAP >= 0.520) U[0,1] (Chloride <= 43.853))
",-9999999.000,-9999999.000,0.000,0.000,1.000,0,0,0,11,11,0,0,11,0.0,0,0,0.0,0.0,1.0
"F[1,2](((Magnesium <= 0.518 -> MAP >= 59.910) -> Temp <= 76.946) & Phosphate >= 42.639)
",-9999999.000,-9999999.000,0.000,0.000,1.000,0,0,0,11,11,0,0,11,0.0,0,0,0.0,0.0,1.0
"F[0,0](((MAP <= 86.935 | TroponinI <= 0.000) -> pH <= 0.000) | Glucose >= 0.000)
",0.000,0.000,0.000,0.000,1.000,0,0,0,11,11,0,0,11,0.0,0,0,0.0,0.0,1.0
"((MAP <= 93.911) U[0,2] (DBP >= 16.161))
",-9999999.000,-9999999.000,0.000,0.000,1.000,0,0,0,11,11,0,0,11,0.0,0,0,0.0,0.0,1.0
"((HCO3 >= 1.055) U[0,2] (SepsisLabel >= 0.000))
",-9999999.000,-9999999.000,0.000,0.000,1.000,0,0,0,11,11,0,0,11,0.0,0,0,0.0,0.0,1.0
"F[1,2](((Potassium <= 2.936 | Potassium <= 3.749) -> HCO3 >= 0.159) -> MAP <= 4.416)
",-9999999.000,-9999999.000,0.000,0.000,1.000,0,0,0,11,11,0,0,11,0.0,0,0,0.0,0.0,1.0
"((Glucose >= 1.605) U[0,2] (HR <= 110.371))
",-9999999.000,-9999999.000,0.000,0.000,1.000,0,0,0,11,11,0,0,11,0.0,0,0,0.0,0.0,1.0
"F[0,2](((BUN >= 0.397 & SBP <= 119.535) -> HCO3 >= 5.853) -> SepsisLabel <= 103.609)
",-9999999.000,-9999999.000,0.000,0.000,1.000,0,0,0,11,11,0,0,11,0.0,0,0,0.0,0.0,1.0
"((PaCO2 < 27.304) U[0,1] (SepsisLabel = 0.000))
",-9999999.000,-9999999.000,0.000,0.000,1.000,0,0,0,11,11,0,0,11,0.0,0,0,0.0,0.0,1.0
"F[0,2](Creatinine >= 0.014 -> SepsisLabel = 0.000)
",-9999999.000,-9999999.000,0.000,0.000,1.000,0,0,0,11,11,0,0,11,0.0,0,0,0.0,0.0,1.0
"F[0,0](DBP > 27.068 -> SepsisLabel = 0.000)
",-1.970,-49.545,0.000,0.000,1.000,0,0,0,11,11,0,0,11,0.0,0,0,0.0,0.0,1.0
"((Calcium >= 0.751) U[0,1] (SepsisLabel = 0.000))
",-9999999.000,-9999999.000,0.000,0.000,1.000,0,0,0,11,11,0,0,11,0.0,0,0,0.0,0.0,1.0
"((Magnesium >= 0.111) U[2,2] (SepsisLabel = 0.000))
",0.000,0.000,0.000,0.000,1.000,0,0,0,11,11,0,0,11,0.0,0,0,0.0,0.0,1.0
"F[0,2](DBP <= 70.886 & SepsisLabel = 0.000)
",-9999999.000,-9999999.000,0.000,0.000,1.000,0,0,0,11,11,0,0,11,0.0,0,0,0.0,0.0,1.0
"F[1,1](HR >= 84.859 -> SepsisLabel = 0.000)
",0.000,0.000,0.000,0.000,1.000,0,0,0,11,11,0,0,11,0.0,0,0,0.0,0.0,1.0
"((AST > 0.000) U[0,1] (SepsisLabel = 0.000))
",-9999999.000,-9999999.000,0.000,0.000,1.000,0,0,0,11,11,0,0,11,0.0,0,0,0.0,0.0,1.0
"F[0,1](Magnesium < 1.701 -> SepsisLabel = 0.000)
",-9999999.000,-9999999.000,0.000,0.000,1.000,0,0,0,11,11,0,0,11,0.0,0,0,0.0,0.0,1.0
"((HCO3 <= 11.790) U[2,2] (SepsisLabel = 0.000))
",6636968635463085.000,11.790,0.000,0.000,1.000,0,0,0,11,11,0,0,11,0.0,0,0,0.0,0.0,1.0
"((Temp > 8.676) U[2,2] (SepsisLabel = 0.000))
",0.000,0.000,0.000,0.000,1.000,0,0,0,11,11,0,0,11,0.0,0,0,0.0,0.0,1.0
"((PaCO2 <= 10.627) U[0,1] (SepsisLabel = 0.000))
",-9999999.000,-9999999.000,0.000,0.000,1.000,0,0,0,11,11,0,0,11,0.0,0,0,0.0,0.0,1.0
"((PaCO2 >= 0.522) U[2,2] (SepsisLabel = 0.000))
",0.000,0.000,0.000,0.000,1.000,0,0,0,11,11,0,0,11,0.0,0,0,0.0,0.0,1.0
"((Hct < 31.023) U[0,2] (SepsisLabel = 0.000))
",-9999999.000,-9999999.000,0.000,0.000,1.000,0,0,0,11,11,0,0,11,0.0,0,0,0.0,0.0,1.0
"F[0,2](WBC >= 0.447 & SepsisLabel = 0.000)
",-9999999.000,-9999999.000,0.000,0.000,1.000,0,0,0,11,11,0,0,11,0.0,0,0,0.0,0.0,1.0
"((Hgb <= 10.742) U[0,1] (SepsisLabel = 0.000))
",-9999999.000,-9999999.000,0.000,0.000,1.000,0,0,0,11,11,0,0,11,0.0,0,0,0.0,0.0,1.0
"((Glucose < 107.643) U[0,2] (SepsisLabel = 0.000))
",-9999999.000,-9999999.000,0.000,0.000,1.000,0,0,0,11,11,0,0,11,0.0,0,0,0.0,0.0,1.0
"F[0,1](Alkalinephos >= 0.000 & SepsisLabel = 0.000)
",-9999999.000,-9999999.000,0.000,0.000,1.000,0,0,0,11,11,0,0,11,0.0,0,0,0.0,0.0,1.0
"F[1,2](Hct > 2.620 & SepsisLabel = 0.000)
",-9999999.000,-9999999.000,0.000,0.000,1.000,0,0,0,11,11,0,0,11,0.0,0,0,0.0,0.0,1.0
"F[0,2](((HCO3 <= 12.872 | Platelets >= 13.354) -> BUN >= 16.014) & Resp <= 219.402)
",-9999999.000,-9999999.000,0.000,0.000,1.000,0,0,0,11,11,0,0,11,0.0,0,0,0.0,0.0,1.0
"F[2,2](((Chloride >= 2.415 | Creatinine >= 0.023) -> EtCO2 <= 0.355) -> BaseExcess <= 0.135)
",-4860560069822403.000,-0.135,0.000,0.000,1.000,0,0,0,11,11,0,0,11,0.0,0,0,0.0,0.0,1.0
"F[2,2]((Chloride <= 76.365 -> WBC <= 0.977) & Alkalinephos >= 0.296)
",-76.365,-76.365,0.000,0.000,1.000,0,0,0,11,11,0,0,11,0.0,0,0,0.0,0.0,1.0
"F[0,0](((Chloride <= 98.111 | Hct <= 29.365) & Magnesium <= 11.513) | pH >= 1.872)
",11.513,11.513,0.000,0.000,1.000,0,0,0,11,11,0,0,11,0.0,0,0,0.0,0.0,1.0
"F[0,2]((Creatinine >= 0.041 & Platelets >= 4.932) & Hct <= 87.687)
",-9999999.000,-9999999.000,0.000,0.000,1.000,0,0,0,11,11,0,0,11,0.0,0,0,0.0,0.0,1.0
"F[1,2]((BUN >= 1.036 -> Hgb >= 0.568) | SBP <= 8.493)
",-9999999.000,-9999999.000,0.000,0.000,1.000,0,0,0,11,11,0,0,11,0.0,0,0,0.0,0.0,1.0
"F[0,1]((Creatinine >= 0.032 & Hgb >= 1.066) -> Fibrinogen <= 9.697)
",-9999999.000,-9999999.000,0.000,0.000,1.000,0,0,0,11,11,0,0,11,0.0,0,0,0.0,0.0,1.0
"F[0,0]((Hct >= 0.539 & PTT >= 0.003) -> Phosphate >= 0.424)
",0.339,0.214,0.000,0.000,1.000,0,0,0,11,11,0,0,11,0.0,0,0,0.0,0.0,1.0
"F[2,2]((BUN >= 0.126 & Chloride <= 25.385) | SepsisLabel <= 80.524)
",80.524,80.524,0.000,0.000,1.000,0,0,0,11,11,0,0,11,0.0,0,0,0.0,0.0,1.0
"F[1,2](Hct <= 5.365 | Platelets <= 227.023)
",-9999999.000,-9999999.000,0.000,0.000,1.000,0,0,0,11,11,0,0,11,0.0,0,0,0.0,0.0,1.0
"((Bilirubin_direct < 0.000) U[0,2] (SepsisLabel = 0.000))
",-9999999.000,-9999999.000,0.000,0.000,1.000,0,0,0,11,11,0,0,11,0.0,0,0,0.0,0.0,1.0
"F[0,2](((Creatinine <= 0.461 | PTT <= 5.723) -> Potassium >= 1.126) | HCO3 <= 11.966)
",-9999999.000,-9999999.000,0.000,0.000,1.000,0,0,0,11,11,0,0,11,0.0,0,0,0.0,0.0,1.0
"F[1,2](((PaCO2 >= 0.783 -> SaO2 >= 1.260) -> Magnesium <= 91.956) -> Alkalinephos <= 80.538)
",-9999999.000,-9999999.000,0.000,0.000,1.000,0,0,0,11,11,0,0,11,0.0,0,0,0.0,0.0,1.0
"F[0,2](O2Sat > 19.362 & SepsisLabel = 0.000)
",-9999999.000,-9999999.000,0.000,0.000,1.000,0,0,0,11,11,0,0,11,0.0,0,0,0.0,0.0,1.0
"((WBC < 9.359) U[0,2] (SepsisLabel = 0.000))
",-9999999.000,-9999999.000,0.000,0.000,1.000,0,0,0,11,11,0,0,11,0.0,0,0,0.0,0.0,1.0
"((PTT > 0.478) U[0,2] (SepsisLabel = 0.000))
",-9999999.000,-9999999.000,0.000,0.000,1.000,0,0,0,11,11,0,0,11,0.0,0,0,0.0,0.0,1.0
"F[0,1](MAP >= 26.211 -> SepsisLabel = 0.000)
",-9999999.000,-9999999.000,0.000,0.000,1.000,0,0,0,11,11,0,0,11,0.0,0,0,0.0,0.0,1.0
"F[0,2](HR < 94.493 & SepsisLabel = 0.000)
",-9999999.000,-9999999.000,0.000,0.000,1.000,0,0,0,11,11,0,0,11,0.0,0,0,0.0,0.0,1.0
"((Platelets >= 9.302) U[0,1] (SepsisLabel = 0.000))
",-9999999.000,-9999999.000,0.000,0.000,1.000,0,0,0,11,11,0,0,11,0.0,0,0,0.0,0.0,1.0
"F[2,2](Alkalinephos < 0.000 & SepsisLabel = 0.000)
",0.000,0.000,0.000,0.000,1.000,0,0,0,11,11,0,0,11,0.0,0,0,0.0,0.0,1.0
"F[0,1]((Phosphate >= 0.124 & Magnesium > 0.087) -> Calcium < 1.090)
",-9999999.000,-9999999.000,0.000,0.000,1.000,0,0,0,11,11,0,0,11,0.0,0,0,0.0,0.0,1.0
"F[0,1](((Calcium < 4.612 & Potassium < 4.719) & Magnesium < 1.118) & Phosphate < 3.064)
",-9999999.000,-9999999.000,0.000,0.000,1.000,0,0,0,11,11,0,0,11,0.0,0,0,0.0,0.0,1.0
"F[0,2](Hgb <= 5.240 | Hct <= 3.742)
",-9999999.000,-9999999.000,0.000,0.000,1.000,0,0,0,11,11,0,0,11,0.0,0,0,0.0,0.0,1.0
"((MAP >= 25.930) U[2,2] (SBP <= 128.917))
",4535849769891330.000,128.917,0.000,0.000,1.000,0,0,0,11,11,0,0,11,0.0,0,0,0.0,0.0,1.0
"F[1,2]((Phosphate >= 0.381 & Magnesium > 0.074) -> Calcium < 1.166)
",-9999999.000,-9999999.000,0.000,0.000,1.000,0,0,0,11,11,0,0,11,0.0,0,0,0.0,0.0,1.0
"F[1,2](((Calcium < 5.187 & Potassium < 3.786) & Magnesium < 1.307) & Phosphate < 3.255)
",-9999999.000,-9999999.000,0.000,0.000,1.000,0,0,0,11,11,0,0,11,0.0,0,0,0.0,0.0,1.0
"F[0,2]((Calcium <= 8.271 & Potassium <= 1.045) & Magnesium >= 0.120)
",-9999999.000,-9999999.000,0.000,0.000,1.000,0,0,0,11,11,0,0,11,0.0,0,0,0.0,0.0,1.0
"((MAP >= 58.040) U[2,2] (SBP <= 123.372))
",123.372,123.372,0.000,0.000,1.000,0,0,0,11,11,0,0,11,0.0,0,0,0.0,0.0,1.0
"F[0,2]((Phosphate >= 0.025 & Magnesium > 0.089) -> Calcium < 2.734)
",-9999999.000,-9999999.000,0.000,0.000,1.000,0,0,0,11,11,0,0,11,0.0,0,0,0.0,0.0,1.0
"F[0,1](Hgb <= 8.309 | Hct <= 15.111)
",-9999999.000,-9999999.000,0.000,0.000,1.000,0,0,0,11,11,0,0,11,0.0,0,0,0.0,0.0,1.0
"F[0,1](((Calcium < 4.847 & Potassium < 1.065) & Magnesium < 0.774) & Phosphate < 8.595)
",-9999999.000,-9999999.000,0.000,0.000,1.000,0,0,0,11,11,0,0,11,0.0,0,0,0.0,0.0,1.0
"((MAP >= 57.379) U[1,2] (SBP <= 102.073))
",-9999999.000,-9999999.000,0.000,0.000,1.000,0,0,0,11,11,0,0,11,0.0,0,0,0.0,0.0,1.0
"F[0,1]((Phosphate >= 1.222 & Magnesium > 0.246) -> Calcium < 6.453)
",-9999999.000,-9999999.000,0.000,0.000,1.000,0,0,0,11,11,0,0,11,0.0,0,0,0.0,0.0,1.0
"F[1,2](((Calcium < 6.096 & Potassium < 0.929) & Magnesium < 2.042) & Phosphate < 3.524)
",-9999999.000,-9999999.000,0.000,0.000,1.000,0,0,0,11,11,0,0,11,0.0,0,0,0.0,0.0,1.0
"F[0,1](Hgb <= 10.964 | Hct <= 9.041)
",-9999999.000,-9999999.000,0.000,0.000,1.000,0,0,0,11,11,0,0,11,0.0,0,0,0.0,0.0,1.0
"((MAP >= 6.447) U[0,2] (SBP <= 106.172))
",-9999999.000,-9999999.000,0.000,0.000,1.000,0,0,0,11,11,0,0,11,0.0,0,0,0.0,0.0,1.0
"F[0,1]((Phosphate >= 0.957 & Magnesium > 0.051) -> Calcium < 6.410)
",-9999999.000,-9999999.000,0.000,0.000,1.000,0,0,0,11,11,0,0,11,0.0,0,0,0.0,0.0,1.0
"F[2,2](((Calcium < 7.988 & Potassium < 2.322) & Magnesium < 1.871) & Phosphate < 14.536)
",8424510968352302.000,1.871,0.000,0.000,1.000,0,0,0,11,11,0,0,11,0.0,0,0,0.0,0.0,1.0
"F[1,2]((Calcium <= 4.423 & Potassium <= 1.950) & Magnesium >= 0.190)
",-9999999.000,-9999999.000,0.000,0.000,1.000,0,0,0,11,11,0,0,11,0.0,0,0,0.0,0.0,1.0
"F[1,2](((Calcium < 3.881 & Potassium < 3.083) & Magnesium < 1.634) & Phosphate < 15.341)
",-9999999.000,-9999999.000,0.000,0.000,1.000,0,0,0,11,11,0,0,11,0.0,0,0,0.0,0.0,1.0
"F[1,2]((Phosphate >= 0.633 & Magnesium > 0.140) -> Calcium < 1.883)
",-9999999.000,-9999999.000,0.000,0.000,1.000,0,0,0,11,11,0,0,11,0.0,0,0,0.0,0.0,1.0
"F[1,2](Hgb <= 10.340 | Hct <= 29.364)
",-9999999.000,-9999999.000,0.000,0.000,1.000,0,0,0,11,11,0,0,11,0.0,0,0,0.0,0.0,1.0
"F[0,2]((Calcium <= 5.292 & Potassium <= 2.081) & Magnesium >= 0.095)
",-9999999.000,-9999999.000,0.000,0.000,1.000,0,0,0,11,11,0,0,11,0.0,0,0,0.0,0.0,1.0
"F[0,2](Hgb <= 11.674 | Hct <= 12.813)
",-9999999.000,-9999999.000,0.000,0.000,1.000,0,0,0,11,11,0,0,11,0.0,0,0,0.0,0.0,1.0
"F[0,2]((Phosphate >= 1.186 & Magnesium > 0.060) -> Calcium < 8.335)
",-9999999.000,-9999999.000,0.000,0.000,1.000,0,0,0,11,11,0,0,11,0.0,0,0,0.0,0.0,1.0
"F[0,2]((Calcium <= 5.422 & Potassium <= 3.837) & Magnesium >= 0.046)
",-9999999.000,-9999999.000,0.000,0.000,1.000,0,0,0,11,11,0,0,11,0.0,0,0,0.0,0.0,1.0
"F[0,1](Hgb <= 1.506 | Hct <= 18.273)
",-9999999.000,-9999999.000,0.000,0.000,1.000,0,0,0,11,11,0,0,11,0.0,0,0,0.0,0.0,1.0
"((MAP >= 60.932) U[0,2] (SBP <= 117.093))
",-9999999.000,-9999999.000,0.000,0.000,1.000,0,0,0,11,11,0,0,11,0.0,0,0,0.0,0.0,1.0
"F[0,2]((Phosphate >= 0.038 & Magnesium > 0.243) -> Calcium < 7.288)
",-9999999.000,-9999999.000,0.000,0.000,1.000,0,0,0,11,11,0,0,11,0.0,0,0,0.0,0.0,1.0
"F[0,1](((Calcium < 6.183 & Potassium < 2.098) & Magnesium < 1.970) & Phosphate < 13.052)
",-9999999.000,-9999999.000,0.000,0.000,1.000,0,0,0,11,11,0,0,11,0.0,0,0,0.0,0.0,1.0
"F[2,2](Hgb <= 2.963 | Hct <= 11.265)
",11.265,11.265,0.000,0.000,1.000,0,0,0,11,11,0,0,11,0.0,0,0,0.0,0.0,1.0
"((MAP >= 11.436) U[2,2] (SBP <= 115.762))
",8146018574747606.000,115.762,0.000,0.000,1.000,0,0,0,11,11,0,0,11,0.0,0,0,0.0,0.0,1.0
"F[0,1]((Phosphate >= 0.725 & Magnesium > 0.010) -> Calcium < 2.248)
",-9999999.000,-9999999.000,0.000,0.000,1.000,0,0,0,11,11,0,0,11,0.0,0,0,0.0,0.0,1.0
"F[0,2](((Calcium < 5.409 & Potassium < 3.605) & Magnesium < 0.328) & Phosphate < 3.227)
",-9999999.000,-9999999.000,0.000,0.000,1.000,0,0,0,11,11,0,0,11,0.0,0,0,0.0,0.0,1.0
"((MAP >= 68.875) U[0,2] (SBP <= 116.677))
",-9999999.000,-9999999.000,0.000,0.000,1.000,0,0,0,11,11,0,0,11,0.0,0,0,0.0,0.0,1.0
"F[0,2]((Phosphate >= 0.667 & Magnesium > 0.129) -> Calcium < 5.536)
",-9999999.000,-9999999.000,0.000,0.000,1.000,0,0,0,11,11,0,0,11,0.0,0,0,0.0,0.0,1.0
"F[0,1](((Calcium < 5.588 & Potassium < 1.992) & Magnesium < 0.892) & Phosphate < 17.117)
",-9999999.000,-9999999.000,0.000,0.000,1.000,0,0,0,11,11,0,0,11,0.0,0,0,0.0,0.0,1.0
"F[0,1](((Calcium <= 5.412 & Magnesium <= 1.773) | Magnesium <= 1.166) & Bilirubin_direct <= 0.522)
",-9999999.000,-9999999.000,0.000,0.000,1.000,0,0,0,11,11,0,0,11,0.0,0,0,0.0,0.0,1.0
"F[0,1](((Magnesium <= 1.708 | Potassium >= 0.233) | Platelets <= 4.662) -> Chloride <= 4.780)
",-9999999.000,-9999999.000,0.000,0.000,1.000,0,0,0,11,11,0,0,11,0.0,0,0,0.0,0.0,1.0
"F[0,1]((BUN <= 13.054 & MAP <= 93.739) & Potassium <= 86.112)
",-9999999.000,-9999999.000,0.000,0.000,1.000,0,0,0,11,11,0,0,11,0.0,0,0,0.0,0.0,1.0
"((Glucose <= 112.957) U[1,2] (Phosphate >= 1.163))
",-9999999.000,-9999999.000,0.000,0.000,1.000,0,0,0,11,11,0,0,11,0.0,0,0,0.0,0.0,1.0
"F[0,1](((O2Sat <= 50.848 | Potassium <= 1.239) -> SaO2 >= 0.332) -> WBC >= 0.323)
",-9999999.000,-9999999.000,0.000,0.000,1.000,0,0,0,11,11,0,0,11,0.0,0,0,0.0,0.0,1.0
"F[2,2](((O2Sat >= 14.221 -> SBP >= 4.262) & Creatinine <= 112.464) | O2Sat <= 121.271)
",121.271,121.271,0.000,0.000,1.000,0,0,0,11,11,0,0,11,0.0,0,0,0.0,0.0,1.0
"F[0,1]((MAP >= 56.292 | O2Sat >= 34.936) & HCO3 <= 62.764)
",-9999999.000,-9999999.000,0.000,0.000,1.000,0,0,0,11,11,0,0,11,0.0,0,0,0.0,0.0,1.0
"F[0,1]((Hct <= 8.772 | Phosphate <= 14.403) | Bilirubin_total <= 11.192)
",-9999999.000,-9999999.000,0.000,0.000,1.000,0,0,0,11,11,0,0,11,0.0,0,0,0.0,0.0,1.0
"F[0,1]((Phosphate <= 9.725 & Platelets <= 108.934) | Bilirubin_direct <= 30.620)
",-9999999.000,-9999999.000,0.000,0.000,1.000,0,0,0,11,11,0,0,11,0.0,0,0,0.0,0.0,1.0
"F[2,2]((DBP <= 77.553 -> O2Sat >= 20.519) -> Chloride <= 38.415)
",-38.415,-38.415,0.000,0.000,1.000,0,0,0,11,11,0,0,11,0.0,0,0,0.0,0.0,1.0
"F[0,2]((SaO2 <= 5.883 | Temp >= 9.910) -> Potassium <= 21.078)
",-9999999.000,-9999999.000,0.000,0.000,1.000,0,0,0,11,11,0,0,11,0.0,0,0,0.0,0.0,1.0
"F[0,1]((Glucose <= 86.876 -> O2Sat <= 83.923) -> pH <= 94.798)
",-9999999.000,-9999999.000,0.000,0.000,1.000,0,0,0,11,11,0,0,11,0.0,0,0,0.0,0.0,1.0
"F[2,2](O2Sat <= 64.632 & PaCO2 <= 26.531)
",26.531,26.531,0.000,0.000,1.000,0,0,0,11,11,0,0,11,0.0,0,0,0.0,0.0,1.0
"F[1,2](((BUN >= 0.945 & O2Sat >= 17.042) -> FiO2 <= 53.510) & BUN <= 86.630)
",-9999999.000,-9999999.000,0.000,0.000,1.000,0,0,0,11,11,0,0,11,0.0,0,0,0.0,0.0,1.0
"((Creatinine <= 0.463) U[0,2] (O2Sat >= 23.177))
",-9999999.000,-9999999.000,0.000,0.000,1.000,0,0,0,11,11,0,0,11,0.0,0,0,0.0,0.0,1.0
"F[0,1](((Hct >= 2.604 | O2Sat <= 81.031) | TroponinI <= 60.631) | Resp >= 27.406)
",-9999999.000,-9999999.000,0.000,0.000,1.000,0,0,0,11,11,0,0,11,0.0,0,0,0.0,0.0,1.0
"F[1,1]((Calcium <= 8.492 & Temp >= 1.913) -> Hct <= 36.292)
",-5107689634738525.000,-36.292,0.000,0.000,1.000,0,0,0,11,11,0,0,11,0.0,0,0,0.0,0.0,1.0
"F[0,2](((Glucose >= 6.555 & PaCO2 >= 1.694) | AST >= 1.681) & Chloride >= 1.760)
",-9999999.000,-9999999.000,0.000,0.000,1.000,0,0,0,11,11,0,0,11,0.0,0,0,0.0,0.0,1.0
"F[2,2](((Glucose <= 136.147 -> Temp >= 1.640) | Lactate <= 15.562) | Hgb <= 12.291)
",8760872766210214.000,15.562,0.000,0.000,1.000,0,0,0,11,11,0,0,11,0.0,0,0,0.0,0.0,1.0
"((HCO3 >= 1.959) U[0,1] (Temp <= 30.917))
",-9999999.000,-9999999.000,0.000,0.000,1.000,0,0,0,11,11,0,0,11,0.0,0,0,0.0,0.0,1.0
"F[0,2](Magnesium >= 0.167 -> O2Sat >= 15.261)
",-9999999.000,-9999999.000,0.000,0.000,1.000,0,0,0,11,11,0,0,11,0.0,0,0,0.0,0.0,1.0
"F[1,2](((Resp <= 30.525 & SaO2 <= 7.648) & Fibrinogen <= 12.853) -> Potassium >= 4.138)
",-9999999.000,-9999999.000,0.000,0.000,1.000,0,0,0,11,11,0,0,11,0.0,0,0,0.0,0.0,1.0
"F[0,0]((Glucose <= 48.884 & Platelets <= 44.187) | Fibrinogen <= 151.171)
",53.273,150.231,0.000,0.000,1.000,0,0,0,11,11,0,0,11,0.0,0,0,0.0,0.0,1.0
"F[1,1]((MAP >= 14.246 | Potassium >= 0.385) -> SBP >= 0.234)
",0.234,0.234,0.000,0.000,1.000,0,0,0,11,11,0,0,11,0.0,0,0,0.0,0.0,1.0
"F[0,2](MAP >= 5.747 | PTT >= 2.860)
",-9999999.000,-9999999.000,0.000,0.000,1.000,0,0,0,11,11,0,0,11,0.0,0,0,0.0,0.0,1.0
"F[0,2](Hgb >= 0.648 & MAP <= 88.554)
",-9999999.000,-9999999.000,0.000,0.000,1.000,0,0,0,11,11,0,0,11,0.0,0,0,0.0,0.0,1.0
"((DBP <= 83.169) U[0,0] (Potassium <= 4.971))
",0.642,20.230,0.000,0.000,1.000,0,0,0,11,11,0,0,11,0.0,0,0,0.0,0.0,1.0
"F[0,0]((Chloride >= 8.831 -> DBP <= 75.760) -> Chloride <= 67.650)
",-25.586,-66.780,0.000,0.000,1.000,0,0,0,11,11,0,0,11,0.0,0,0,0.0,0.0,1.0
"((BUN <= 2.910) U[1,2] (DBP >= 51.836))
",-9999999.000,-9999999.000,0.000,0.000,1.000,0,0,0,11,11,0,0,11,0.0,0,0,0.0,0.0,1.0
"F[0,2](DBP <= 74.888 & Hct <= 4.940)
",-9999999.000,-9999999.000,0.000,0.000,1.000,0,0,0,11,11,0,0,11,0.0,0,0,0.0,0.0,1.0
"F[0,1]((DBP <= 78.510 & Platelets <= 217.289) -> Lactate <= 43.786)
",-9999999.000,-9999999.000,0.000,0.000,1.000,0,0,0,11,11,0,0,11,0.0,0,0,0.0,0.0,1.0
"F[2,2](Phosphate >= 0.174 | SaO2 >= 3.694)
",-0.174,-0.174,0.000,0.000,1.000,0,0,0,11,11,0,0,11,0.0,0,0,0.0,0.0,1.0
"F[0,2](Calcium <= 6.247 & HR <= 95.565)
",-9999999.000,-9999999.000,0.000,0.000,1.000,0,0,0,11,11,0,0,11,0.0,0,0,0.0,0.0,1.0
"F[1,2](((PaCO2 >= 0.417 & Phosphate >= 0.191) -> Chloride <= 13.365) | WBC <= 4.474)
",-9999999.000,-9999999.000,0.000,0.000,1.000,0,0,0,11,11,0,0,11,0.0,0,0,0.0,0.0,1.0
"F[0,1]((Magnesium >= 0.237 & SBP <= 102.722) | HR >= 50.739)
",-9999999.000,-9999999.000,0.000,0.000,1.000,0,0,0,11,11,0,0,11,0.0,0,0,0.0,0.0,1.0
"F[2,2]((Potassium <= 2.871 & SBP >= 61.862) & Chloride >= 33.233)
",-4353126696008675.000,-61.862,0.000,0.000,1.000,0,0,0,11,11,0,0,11,0.0,0,0,0.0,0.0,1.0
"F[0,1]((O2Sat >= 0.387 & Resp <= 28.394) -> Magnesium >= 15.671)
",-9999999.000,-9999999.000,0.000,0.000,1.000,0,0,0,11,11,0,0,11,0.0,0,0,0.0,0.0,1.0
"F[0,0]((Chloride <= 91.078 | HR >= 58.431) & Fibrinogen <= 106.383)
",37.391,105.443,0.000,0.000,1.000,0,0,0,11,11,0,0,11,0.0,0,0,0.0,0.0,1.0
"F[0,2]((Creatinine <= 0.449 | HR <= 105.219) | Magnesium >= 63.506)
",-9999999.000,-9999999.000,0.000,0.000,1.000,0,0,0,11,11,0,0,11,0.0,0,0,0.0,0.0,1.0
"F[1,2](BUN <= 10.679 & HR >= 65.501)
",-9999999.000,-9999999.000,0.000,0.000,1.000,0,0,0,11,11,0,0,11,0.0,0,0,0.0,0.0,1.0
"F[0,1]((Calcium >= 0.134 | PaCO2 >= 1.777) | Bilirubin_direct <= 9.416)
",-9999999.000,-9999999.000,0.000,0.000,1.000,0,0,0,11,11,0,0,11,0.0,0,0,0.0,0.0,1.0
"F[0,1](Calcium >= 0.429 | SaO2 <= 73.415)
",-9999999.000,-9999999.000,0.000,0.000,1.000,0,0,0,11,11,0,0,11,0.0,0,0,0.0,0.0,1.0
"F[1,2](((Phosphate <= 16.124 & Potassium >= 0.463) & PTT >= 0.034) | Alkalinephos <= 3.582)
",-9999999.000,-9999999.000,0.000,0.000,1.000,0,0,0,11,11,0,0,11,0.0,0,0,0.0,0.0,1.0
"F[1,2](((BUN >= 0.985 & Potassium >= 0.209) & MAP >= 0.441) | MAP >= 0.383)
",-9999999.000,-9999999.000,0.000,0.000,1.000,0,0,0,11,11,0,0,11,0.0,0,0,0.0,0.0,1.0
"F[0,2]((Hct <= 28.358 & Magnesium >= 0.019) & Fibrinogen >= 0.198)
",-9999999.000,-9999999.000,0.000,0.000,1.000,0,0,0,11,11,0,0,11,0.0,0,0,0.0,0.0,1.0
"F[0,2](((Hgb <= 11.560 & Magnesium >= 0.224) -> Fibrinogen <= 1.703) | MAP >= 0.053)
",-9999999.000,-9999999.000,0.000,0.000,1.000,0,0,0,11,11,0,0,11,0.0,0,0,0.0,0.0,1.0
"F[0,2](((Resp >= 5.854 & SBP >= 4.499) -> Platelets >= 54.774) & AST <= 109.202)
",-9999999.000,-9999999.000,0.000,0.000,1.000,0,0,0,11,11,0,0,11,0.0,0,0,0.0,0.0,1.0
"F[1,2](((Magnesium <= 0.896 | PTT <= 13.244) & Temp >= 2.590) | Fibrinogen <= 29.714)
",-9999999.000,-9999999.000,0.000,0.000,1.000,0,0,0,11,11,0,0,11,0.0,0,0,0.0,0.0,1.0
"F[2,2](((Creatinine <= 0.081 -> Magnesium >= 0.070) | PTT >= 0.050) & FiO2 >= 0.165)
",-0.165,-0.165,0.000,0.000,1.000,0,0,0,11,11,0,0,11,0.0,0,0,0.0,0.0,1.0
"F[0,1]((Chloride >= 10.115 | Magnesium <= 1.526) -> PTT <= 1.355)
",-9999999.000,-9999999.000,0.000,0.000,1.000,0,0,0,11,11,0,0,11,0.0,0,0,0.0,0.0,1.0
"F[1,2](Creatinine >= 0.018 & Potassium >= 0.435)
",-9999999.000,-9999999.000,0.000,0.000,1.000,0,0,0,11,11,0,0,11,0.0,0,0,0.0,0.0,1.0
"F[0,2]((Chloride >= 1.473 | Potassium <= 4.880) | O2Sat <= 1.765)
",-9999999.000,-9999999.000,0.000,0.000,1.000,0,0,0,11,11,0,0,11,0.0,0,0,0.0,0.0,1.0
"F[0,2](Platelets >= 16.162 | SaO2 <= 33.226)
",-9999999.000,-9999999.000,0.000,0.000,1.000,0,0,0,11,11,0,0,11,0.0,0,0,0.0,0.0,1.0
"F[0,1]((Calcium <= 5.694 -> Creatinine <= 0.100) | Bilirubin_direct >= 0.034)
",-9999999.000,-9999999.000,0.000,0.000,1.000,0,0,0,11,11,0,0,11,0.0,0,0,0.0,0.0,1.0
"F[1,1]((Calcium <= 1.262 -> Chloride >= 8.733) -> SBP >= 8.777)
",1.262,1.262,0.000,0.000,1.000,0,0,0,11,11,0,0,11,0.0,0,0,0.0,0.0,1.0
"F[0,2](Glucose >= 3.502 | HCO3 >= 0.207)
",-9999999.000,-9999999.000,0.000,0.000,1.000,0,0,0,11,11,0,0,11,0.0,0,0,0.0,0.0,1.0
"F[0,2](((Creatinine >= 0.039 & Glucose >= 0.293) -> AST >= 7.128) -> Phosphate <= 17.721)
",-9999999.000,-9999999.000,0.000,0.000,1.000,0,0,0,11,11,0,0,11,0.0,0,0,0.0,0.0,1.0
"F[0,1]((Glucose >= 6.795 | PTT >= 0.912) | Bilirubin_direct <= 12.896)
",-9999999.000,-9999999.000,0.000,0.000,1.000,0,0,0,11,11,0,0,11,0.0,0,0,0.0,0.0,1.0
"((Glucose <= 26.902) U[1,2] (Hgb >= 0.205))
",-9999999.000,-9999999.000,0.000,0.000,1.000,0,0,0,11,11,0,0,11,0.0,0,0,0.0,0.0,1.0
"F[2,2]((Glucose >= 11.629 & Hct >= 0.298) -> Alkalinephos >= 2.847)
",6411836980183213.000,2.847,0.000,0.000,1.000,0,0,0,11,11,0,0,11,0.0,0,0,0.0,0.0,1.0
"F[0,2](((Hct >= 1.104 -> Potassium <= 0.996) | EtCO2 <= 0.954) & SBP <= 3.023)
",-9999999.000,-9999999.000,0.000,0.000,1.000,0,0,0,11,11,0,0,11,0.0,0,0,0.0,0.0,1.0
"F[0,2](((Platelets >= 5.950 -> Potassium >= 0.448) & Phosphate >= 0.273) | AST >= 0.035)
",-9999999.000,-9999999.000,0.000,0.000,1.000,0,0,0,11,11,0,0,11,0.0,0,0,0.0,0.0,1.0
"F[0,2](((Magnesium <= 0.362 -> WBC >= 0.164) -> Bilirubin_direct >= 0.869) & Bilirubin_total >= 0.137)
",-9999999.000,-9999999.000,0.000,0.000,1.000,0,0,0,11,11,0,0,11,0.0,0,0,0.0,0.0,1.0
"F[1,2]((Potassium >= 0.237 -> WBC >= 0.290) | SaO2 <= 2.766)
",-9999999.000,-9999999.000,0.000,0.000,1.000,0,0,0,11,11,0,0,11,0.0,0,0,0.0,0.0,1.0
"F[0,2](((pH <= 6.163 & Platelets >= 17.054) | TroponinI <= 108.580) | MAP >= 8.961)
",-9999999.000,-9999999.000,0.000,0.000,1.000,0,0,0,11,11,0,0,11,0.0,0,0,0.0,0.0,1.0
"F[0,1]((Hct >= 1.476 | pH <= 5.581) -> Fibrinogen <= 1.133)
",-9999999.000,-9999999.000,0.000,0.000,1.000,0,0,0,11,11,0,0,11,0.0,0,0,0.0,0.0,1.0
"((Hgb >= 1.011) U[2,2] (PaCO2 <= 22.233))
",22.233,22.233,0.000,0.000,1.000,0,0,0,11,11,0,0,11,0.0,0,0,0.0,0.0,1.0
"F[0,2](Magnesium <= 0.368 -> pH <= 4.131)
",-9999999.000,-9999999.000,0.000,0.000,1.000,0,0,0,11,11,0,0,11,0.0,0,0,0.0,0.0,1.0
"F[0,2]((pH <= 3.101 -> PTT <= 26.166) & pH >= 2.076)
",-9999999.000,-9999999.000,0.000,0.000,1.000,0,0,0,11,11,0,0,11,0.0,0,0,0.0,0.0,1.0
"F[2,2](((PTT >= 2.601 | SaO2 <= 20.555) -> Resp >= 2.724) | PTT >= 3.718)
",-3.718,-3.718,0.000,0.000,1.000,0,0,0,11,11,0,0,11,0.0,0,0,0.0,0.0,1.0
"((BUN >= 0.794) U[0,0] (PaCO2 <= 18.237))
",7.893,17.498,0.000,0.000,1.000,0,0,0,11,11,0,0,11,0.0,0,0,0.0,0.0,1.0
"F[0,1](BUN <= 9.115 | SaO2 <= 12.450)
",-9999999.000,-9999999.000,0.000,0.000,1.000,0,0,0,11,11,0,0,11,0.0,0,0,0.0,0.0,1.0
"F[0,2](Chloride >= 9.887 | SaO2 <= 39.974)
",-9999999.000,-9999999.000,0.000,0.000,1.000,0,0,0,11,11,0,0,11,0.0,0,0,0.0,0.0,1.0
"F[0,1](((Calcium <= 8.446 & Phosphate <= 9.799) | Platelets <= 4.614) | EtCO2 >= 0.831)
",-9999999.000,-9999999.000,0.000,0.000,1.000,0,0,0,11,11,0,0,11,0.0,0,0,0.0,0.0,1.0
"F[0,2](((HCO3 <= 18.421 -> pH >= 0.200) | Calcium <= 5.463) | Chloride <= 5.430)
",-9999999.000,-9999999.000,0.000,0.000,1.000,0,0,0,11,11,0,0,11,0.0,0,0,0.0,0.0,1.0
"F[0,1](((HCO3 <= 4.285 & SaO2 >= 4.233) -> Hct >= 2.030) | Alkalinephos >= 0.905)
",-9999999.000,-9999999.000,0.000,0.000,1.000,0,0,0,11,11,0,0,11,0.0,0,0,0.0,0.0,1.0
"F[0,2]((PaCO2 >= 0.167 | Potassium <= 3.008) -> SBP >= 0.365)
",-9999999.000,-9999999.000,0.000,0.000,1.000,0,0,0,11,11,0,0,11,0.0,0,0,0.0,0.0,1.0
"F[1,1]((Glucose >= 1.533 -> Magnesium >= 0.068) -> MAP >= 0.164)
",-0.068,-0.068,0.000,0.000,1.000,0,0,0,11,11,0,0,11,0.0,0,0,0.0,0.0,1.0
"F[0,2]((HR >= 4.061 | Resp >= 17.164) -> Alkalinephos <= 30.218)
",-9999999.000,-9999999.000,0.000,0.000,1.000,0,0,0,11,11,0,0,11,0.0,0,0,0.0,0.0,1.0
"F[1,2]((HR <= 108.982 | SepsisLabel >= 0.000) -> pH <= 0.000)
",-9999999.000,-9999999.000,0.000,0.000,1.000,0,0,0,11,11,0,0,11,0.0,0,0,0.0,0.0,1.0
