Rule,Discrimination Score,Pos Robustness,Neg Robustness,Percent Class +,Percent Class -,TP,TN,FP,FN,Actual Yes,Actual No,Predicted Yes,Predicted No,TPR/Sens,TNR/Spec,FPR,Precision,Accuracy,MCR,Class
"G[1,1](CO2 <= 25.463 & tte >= -2.026)
",5.385,0.430,-0.537,1.000,0.000,59,14,0,1,60,14,59,15,0.9833333333333333,1.0,0.0,1.0,0.9864864864864865,0.013513513513513487,1
"F[1,1](BLOOD_UREA_NITROGEN <= 24.077 & CREATININE >= 1.089)
",-1.528,-1.281,0.011,0.000,1.000,59,14,0,1,60,14,59,15,0.9833333333333333,1.0,0.0,1.0,0.9864864864864865,0.013513513513513487,-1
"F[0,1](BLOOD_UREA_NITROGEN <= 23.577 & CREATININE >= 0.994)
",0.000,-9999999.000,-9999999.000,0.000,1.000,59,14,0,1,60,14,59,15,0.9833333333333333,1.0,0.0,1.0,0.9864864864864865,0.013513513513513487,-1
"((BLOOD_UREA_NITROGEN <= 22.975) U[1,1] (CREATININE >= 1.057))
",-0.071,1.815,1.975,0.000,1.000,59,14,0,1,60,14,59,15,0.9833333333333333,1.0,0.0,1.0,0.9864864864864865,0.013513513513513487,-1
"F[0,1](BLOOD_UREA_NITROGEN <= 24.245 & CREATININE >= 1.040)
",0.000,-9999999.000,-9999999.000,0.000,1.000,59,14,0,1,60,14,59,15,0.9833333333333333,1.0,0.0,1.0,0.9864864864864865,0.013513513513513487,-1
"F[0,0](BLOOD_UREA_NITROGEN >= 18.530 & n_evts >= 0.008)
",-4.764,-0.182,0.992,0.000,1.000,60,13,1,0,60,14,61,13,1.0,0.9285714285714286,0.07142857142857142,0.9836065573770492,0.9864864864864865,0.013513513513513487,-1
"F[0,1](BLOOD_UREA_NITROGEN <= 23.931 & CREATININE >= 0.978)
",0.000,-9999999.000,-9999999.000,0.000,1.000,59,14,0,1,60,14,59,15,0.9833333333333333,1.0,0.0,1.0,0.9864864864864865,0.013513513513513487,-1
"F[0,1](CO2 >= 25.033 & lds >= 0.924)
",0.000,-9999999.000,-9999999.000,0.000,1.000,59,14,0,1,60,14,59,15,0.9833333333333333,1.0,0.0,1.0,0.9864864864864865,0.013513513513513487,-1
"F[1,1](BLOOD_UREA_NITROGEN <= 23.162 & CREATININE >= 1.088)
",-1.455,-1.860,0.012,0.000,1.000,59,14,0,1,60,14,59,15,0.9833333333333333,1.0,0.0,1.0,0.9864864864864865,0.013513513513513487,-1
"((BLOOD_UREA_NITROGEN >= 22.744) U[0,1] (CO2 >= 25.014))
",0.000,-9999999.000,-9999999.000,0.000,1.000,59,14,0,1,60,14,59,15,0.9833333333333333,1.0,0.0,1.0,0.9864864864864865,0.013513513513513487,-1
"F[0,1](BLOOD_UREA_NITROGEN <= 25.501 & CREATININE >= 0.982)
",0.000,-9999999.000,-9999999.000,0.000,1.000,59,14,0,1,60,14,59,15,0.9833333333333333,1.0,0.0,1.0,0.9864864864864865,0.013513513513513487,-1
"F[0,0](BLOOD_UREA_NITROGEN <= 24.421 & CREATININE >= 0.935)
",-1.554,-1.006,0.165,0.000,1.000,59,13,1,1,60,14,60,14,0.9833333333333333,0.9285714285714286,0.07142857142857142,0.9833333333333333,0.972972972972973,0.027027027027026973,-1
"((CALCIUM >= 8.807) U[1,1] (CO2 >= 25.022))
",-3.826,0.216,0.978,0.000,1.000,59,13,1,1,60,14,60,14,0.9833333333333333,0.9285714285714286,0.07142857142857142,0.9833333333333333,0.972972972972973,0.027027027027026973,-1
"((AF >= 0.010) U[0,0] (CHLORIDE <= 103.924))
",-5.385,0.054,1.924,0.000,1.000,59,13,1,1,60,14,60,14,0.9833333333333333,0.9285714285714286,0.07142857142857142,0.9833333333333333,0.972972972972973,0.027027027027026973,-1
"((LOS >= 2.013) U[0,1] (tte <= -0.075))
",0.000,-9999999.000,-9999999.000,0.000,1.000,60,12,2,0,60,14,62,12,1.0,0.8571428571428571,0.14285714285714285,0.967741935483871,0.972972972972973,0.027027027027026973,-1
"F[1,1](TROPONIN_I >= 1.170 -> tte <= -0.126)
",-1.669,-1.565,-0.300,0.000,1.000,58,14,0,2,60,14,58,16,0.9666666666666667,1.0,0.0,1.0,0.972972972972973,0.027027027027026973,-1
"F[0,0](BLOOD_UREA_NITROGEN <= 23.970 & CREATININE >= 0.921)
",-1.499,-1.287,0.179,0.000,1.000,59,13,1,1,60,14,60,14,0.9833333333333333,0.9285714285714286,0.07142857142857142,0.9833333333333333,0.972972972972973,0.027027027027026973,-1
"((death >= 0.009) U[0,1] (y >= 0.045))
",0.000,-9999999.000,-9999999.000,0.000,1.000,60,11,3,0,60,14,63,11,1.0,0.7857142857142857,0.21428571428571427,0.9523809523809523,0.9594594594594594,0.04054054054054057,-1
"F[0,0](dfa >= 0.436 & LOS >= 2.028)
",-0.865,-0.028,0.163,0.000,1.000,60,11,3,0,60,14,63,11,1.0,0.7857142857142857,0.21428571428571427,0.9523809523809523,0.9594594594594594,0.04054054054054057,-1
"((death <= 0.225) U[0,1] (Mort >= 0.029))
",0.000,-9999999.000,-9999999.000,0.000,1.000,60,9,5,0,60,14,65,9,1.0,0.6428571428571429,0.35714285714285715,0.9230769230769231,0.9324324324324325,0.06756756756756754,-1
"G[1,1](Pulse <= 112.184 & SBP >= 140.436)
",1.536,27.721,-33.864,1.000,0.000,55,14,0,5,60,14,55,19,0.9166666666666666,1.0,0.0,1.0,0.9324324324324325,0.06756756756756754,1
"((AF <= 0.325) U[0,1] (direct >= 0.093))
",0.000,-9999999.000,-9999999.000,0.000,1.000,60,9,5,0,60,14,65,9,1.0,0.6428571428571429,0.35714285714285715,0.9230769230769231,0.9324324324324325,0.06756756756756754,-1
"F[0,1](Mort >= 0.043 & SBP >= 77.716)
",0.000,-9999999.000,-9999999.000,0.000,1.000,60,9,5,0,60,14,65,9,1.0,0.6428571428571429,0.35714285714285715,0.9230769230769231,0.9324324324324325,0.06756756756756754,-1
"G[0,0](direct > 0.023 -> y = 0.538)
",1.155,0.023,-0.549,1.000,0.000,60,7,7,0,60,14,67,7,1.0,0.5,0.5,0.8955223880597015,0.9054054054054054,0.09459459459459463,1
"G[0,0](direct >= 0.025 -> n_evts <= 0.540)
",0.012,-0.540,-0.546,1.000,0.000,60,7,7,0,60,14,67,7,1.0,0.5,0.5,0.8955223880597015,0.9054054054054054,0.09459459459459463,1
"G[1,1](CO2 <= 25.494 & n_edrk >= 0.767)
",1.913,0.116,-0.561,1.000,0.000,52,14,0,8,60,14,52,22,0.8666666666666667,1.0,0.0,1.0,0.8918918918918919,0.10810810810810811,1
"F[0,0](O2_Flow >= 2.147 & SODIUM <= 139.575)
",-0.952,-0.956,0.527,0.000,1.000,60,6,8,0,60,14,68,6,1.0,0.42857142857142855,0.5714285714285714,0.8823529411764706,0.8918918918918919,0.10810810810810811,-1
"((edrk <= 19.697) U[1,1] (Mort >= 0.022))
",0.124,4.515,3.933,0.000,1.000,60,6,8,0,60,14,68,6,1.0,0.42857142857142855,0.5714285714285714,0.8823529411764706,0.8918918918918919,0.10810810810810811,-1
"((Pulse >= 74.236) U[1,2] (s24_hr >= -0.001))
",0.000,-9999999.000,-9999999.000,0.000,1.000,54,11,3,6,60,14,57,17,0.9,0.7857142857142857,0.21428571428571427,0.9473684210526315,0.8783783783783784,0.1216216216216216,-1
"G[1,1](death <= 0.290 & s2_edrk <= 0.003)
",0.412,0.003,-0.100,1.000,0.000,60,5,9,0,60,14,69,5,1.0,0.35714285714285715,0.6428571428571429,0.8695652173913043,0.8783783783783784,0.1216216216216216,1
"F[0,1](lds <= 1.282 & n_evts >= 0.177)
",0.000,-9999999.000,-9999999.000,0.000,1.000,60,5,9,0,60,14,69,5,1.0,0.35714285714285715,0.6428571428571429,0.8695652173913043,0.8783783783783784,0.1216216216216216,-1
"((cosen >= -2.375) U[0,0] (death >= 0.047))
",-0.171,0.299,0.391,0.000,1.000,60,4,10,0,60,14,70,4,1.0,0.2857142857142857,0.7142857142857143,0.8571428571428571,0.8648648648648649,0.1351351351351351,-1
"((ICU_Pt_Days >= 0.458) U[1,2] (y <= 0.283))
",0.000,-9999999.000,-9999999.000,0.000,1.000,60,4,1,9,69,5,61,13,0.8695652173913043,0.8,0.2,0.9836065573770492,0.8648648648648649,0.1351351351351351,-1
"G[1,1](CHLORIDE >= 102.708 & Pulse >= 64.837)
",1.224,1.037,-0.708,1.000,0.000,50,14,0,10,60,14,50,24,0.8333333333333334,1.0,0.0,1.0,0.8648648648648649,0.1351351351351351,1
"G[0,1](Resp <= 19.427 -> s24_edrk >= -0.001)
",0.000,9999999.000,9999999.000,1.000,0.000,60,4,10,0,60,14,70,4,1.0,0.2857142857142857,0.7142857142857143,0.8571428571428571,0.8648648648648649,0.1351351351351351,1
"G[0,1](cosen <= -1.896 | y <= 0.606)
",0.000,9999999.000,9999999.000,1.000,0.000,60,4,10,0,60,14,70,4,1.0,0.2857142857142857,0.7142857142857143,0.8571428571428571,0.8648648648648649,0.1351351351351351,1
"((CHLORIDE <= 104.560) U[1,1] (death >= 0.020))
",-4.439,0.433,2.560,0.000,1.000,60,3,11,0,60,14,71,3,1.0,0.21428571428571427,0.7857142857142857,0.8450704225352113,0.8513513513513513,0.14864864864864868,-1
"F[0,1](direct >= 0.007 & ICU_Pt_Days <= 4.135)
",0.000,-9999999.000,-9999999.000,0.000,1.000,60,3,11,0,60,14,71,3,1.0,0.21428571428571427,0.7857142857142857,0.8450704225352113,0.8513513513513513,0.14864864864864868,-1
"((Glasgow_Coma_Scale_Total >= 14.207) U[0,1] (MET >= 0.025))
",0.000,-9999999.000,-9999999.000,0.000,1.000,60,3,11,0,60,14,71,3,1.0,0.21428571428571427,0.7857142857142857,0.8450704225352113,0.8513513513513513,0.14864864864864868,-1
"((edrk >= 13.611) U[0,1] (MET >= 0.002))
",0.000,-9999999.000,-9999999.000,0.000,1.000,60,3,11,0,60,14,71,3,1.0,0.21428571428571427,0.7857142857142857,0.8450704225352113,0.8513513513513513,0.14864864864864868,-1
"((death >= 0.038) U[1,2] (tte >= -0.997))
",0.000,-9999999.000,-9999999.000,0.000,1.000,60,3,9,2,62,12,69,5,0.967741935483871,0.25,0.75,0.8695652173913043,0.8513513513513513,0.14864864864864868,-1
"G[0,1](s8_hr <= 0.000 | Temp <= 37.122)
",0.000,9999999.000,9999999.000,1.000,0.000,60,3,11,0,60,14,71,3,1.0,0.21428571428571427,0.7857142857142857,0.8450704225352113,0.8513513513513513,0.14864864864864868,1
"G[0,1](ICU_Pt_Days >= 0.096 -> LOS >= 2.468)
",0.000,9999999.000,9999999.000,1.000,0.000,60,3,11,0,60,14,71,3,1.0,0.21428571428571427,0.7857142857142857,0.8450704225352113,0.8513513513513513,0.14864864864864868,1
"G[0,1](CREATININE >= 0.935 -> Temp >= 35.868)
",0.000,9999999.000,9999999.000,1.000,0.000,60,3,11,0,60,14,71,3,1.0,0.21428571428571427,0.7857142857142857,0.8450704225352113,0.8513513513513513,0.14864864864864868,1
"((MET >= 0.023) U[1,2] (s8_edrk <= 0.002))
",0.000,-9999999.000,-9999999.000,0.000,1.000,60,2,9,3,63,11,69,5,0.9523809523809523,0.18181818181818182,0.8181818181818182,0.8695652173913043,0.8378378378378378,0.16216216216216217,-1
"G[0,0](ICU_Pt_Days >= 0.423 | Mort <= 0.793)
",-1.462,0.793,3.179,1.000,0.000,60,2,12,0,60,14,72,2,1.0,0.14285714285714285,0.8571428571428571,0.8333333333333334,0.8378378378378378,0.16216216216216217,1
"F[0,0](AF >= 0.007 & LOS >= 2.719)
",-1.581,-0.719,-0.211,0.000,1.000,60,2,12,0,60,14,72,2,1.0,0.14285714285714285,0.8571428571428571,0.8333333333333334,0.8378378378378378,0.16216216216216217,-1
"((GLUCOSE <= 193.524) U[0,0] (MET >= 0.015))
",-2.742,15.649,74.524,0.000,1.000,60,2,12,0,60,14,72,2,1.0,0.14285714285714285,0.8571428571428571,0.8333333333333334,0.8378378378378378,0.16216216216216217,-1
"G[0,0](n_evts <= 0.782 | tte <= -0.008)
",0.913,0.782,0.509,1.000,0.000,60,2,12,0,60,14,72,2,1.0,0.14285714285714285,0.8571428571428571,0.8333333333333334,0.8378378378378378,0.16216216216216217,1
"G[1,1](direct >= 0.049 | SpO2 >= 92.178)
",-0.025,4.188,4.269,1.000,0.000,60,2,12,0,60,14,72,2,1.0,0.14285714285714285,0.8571428571428571,0.8333333333333334,0.8378378378378378,0.16216216216216217,1
"G[0,0](ICU_Pt_Days >= 0.488 -> lds <= 1.969)
",0.976,-1.076,-3.084,1.000,0.000,60,2,12,0,60,14,72,2,1.0,0.14285714285714285,0.8571428571428571,0.8333333333333334,0.8378378378378378,0.16216216216216217,1
"((death >= 0.037) U[1,1] (MET >= 0.017))
",-0.408,-0.017,0.126,0.000,1.000,60,1,13,0,60,14,73,1,1.0,0.07142857142857142,0.9285714285714286,0.821917808219178,0.8243243243243243,0.17567567567567566,-1
"((n_evts <= 0.980) U[1,1] (y >= 0.111))
",0.854,0.980,0.629,0.000,1.000,60,1,13,0,60,14,73,1,1.0,0.07142857142857142,0.9285714285714286,0.821917808219178,0.8243243243243243,0.17567567567567566,-1
"((TOTAL_BILIRUBIN >= 0.700) U[1,1] (y = 0.069))
",0.000,-0.000,-0.000,0.000,1.000,60,0,14,0,60,14,74,0,1.0,0.0,1.0,0.8108108108108109,0.8108108108108109,0.18918918918918914,-1
"((SBP >= 69.464) U[1,1] (y = 0.247))
",1.550,100.936,38.138,0.000,1.000,60,0,14,0,60,14,74,0,1.0,0.0,1.0,0.8108108108108109,0.8108108108108109,0.18918918918918914,-1
"F[1,1](ALT_GPT < 22.000 & y = 0.515)
",-1.581,-0.515,-0.493,0.000,1.000,60,0,14,0,60,14,74,0,1.0,0.0,1.0,0.8108108108108109,0.8108108108108109,0.18918918918918914,-1
"F[0,1](af >= 0.006 & ICU_Pt_Days <= 2.202)
",0.000,-9999999.000,-9999999.000,0.000,1.000,60,0,14,0,60,14,74,0,1.0,0.0,1.0,0.8108108108108109,0.8108108108108109,0.18918918918918914,-1
"((MET >= 0.014) U[0,1] (death = 0.054))
",0.000,-9999999.000,-9999999.000,0.000,1.000,60,0,14,0,60,14,74,0,1.0,0.0,1.0,0.8108108108108109,0.8108108108108109,0.18918918918918914,-1
"((O2_Flow >= 2.083) U[1,1] (TROPONIN_I >= 1.069))
",0.205,1.663,1.202,0.000,1.000,60,0,14,0,60,14,74,0,1.0,0.0,1.0,0.8108108108108109,0.8108108108108109,0.18918918918918914,-1
"((CREATININE >= 0.928) U[1,1] (WHITE_BLOOD_CELL_COUNT <= 8.357))
",0.756,1.634,0.172,0.000,1.000,60,0,14,0,60,14,74,0,1.0,0.0,1.0,0.8108108108108109,0.8108108108108109,0.18918918918918914,-1
"((MET >= 0.017) U[0,1] (death = 0.054))
",0.000,-9999999.000,-9999999.000,0.000,1.000,60,0,14,0,60,14,74,0,1.0,0.0,1.0,0.8108108108108109,0.8108108108108109,0.18918918918918914,-1
"((s2_hr >= -0.002) U[0,1] (y = 0.774))
",0.000,-9999999.000,-9999999.000,0.000,1.000,60,0,14,0,60,14,74,0,1.0,0.0,1.0,0.8108108108108109,0.8108108108108109,0.18918918918918914,-1
"F[0,0](dfa < 0.962 & y = 0.502)
",-2.449,-0.502,-0.498,0.000,1.000,60,0,14,0,60,14,74,0,1.0,0.0,1.0,0.8108108108108109,0.8108108108108109,0.18918918918918914,-1
"((MET >= 0.001) U[0,1] (death = 0.054))
",0.000,-9999999.000,-9999999.000,0.000,1.000,60,0,14,0,60,14,74,0,1.0,0.0,1.0,0.8108108108108109,0.8108108108108109,0.18918918918918914,-1
"F[0,1](Glasgow_Coma_Scale_Total < 14.976 & y = 0.639)
",0.000,-9999999.000,-9999999.000,0.000,1.000,60,0,14,0,60,14,74,0,1.0,0.0,1.0,0.8108108108108109,0.8108108108108109,0.18918918918918914,-1
"G[1,1](n_edrk >= 0.802 -> Resp >= 12.773)
",-0.112,-6.160,-5.540,1.000,0.000,60,0,14,0,60,14,74,0,1.0,0.0,1.0,0.8108108108108109,0.8108108108108109,0.18918918918918914,1
"((GLUCOSE >= 145.496) U[0,1] (y = 0.700))
",0.000,-9999999.000,-9999999.000,0.000,1.000,60,0,14,0,60,14,74,0,1.0,0.0,1.0,0.8108108108108109,0.8108108108108109,0.18918918918918914,-1
"((MET >= 0.023) U[0,1] (death = 0.054))
",0.000,-9999999.000,-9999999.000,0.000,1.000,60,0,14,0,60,14,74,0,1.0,0.0,1.0,0.8108108108108109,0.8108108108108109,0.18918918918918914,-1
"((TROPONIN_I > 2.008) U[0,0] (y = 0.323))
",2.996,0.748,-0.626,0.000,1.000,60,0,14,0,60,14,74,0,1.0,0.0,1.0,0.8108108108108109,0.8108108108108109,0.18918918918918914,-1
"((MET >= 0.016) U[1,1] (death = 0.054))
",-0.408,-0.016,0.127,0.000,1.000,60,0,14,0,60,14,74,0,1.0,0.0,1.0,0.8108108108108109,0.8108108108108109,0.18918918918918914,-1
"F[0,1](CO2 >= 25.051 & WHITE_BLOOD_CELL_COUNT <= 7.482)
",0.000,-9999999.000,-9999999.000,0.000,1.000,60,0,14,0,60,14,74,0,1.0,0.0,1.0,0.8108108108108109,0.8108108108108109,0.18918918918918914,-1
"((Resp <= 18.934) U[0,1] (y = 0.934))
",0.000,-9999999.000,-9999999.000,0.000,1.000,60,0,14,0,60,14,74,0,1.0,0.0,1.0,0.8108108108108109,0.8108108108108109,0.18918918918918914,-1
"F[0,1](n_evts <= 0.504 & y = 0.605)
",0.000,-9999999.000,-9999999.000,0.000,1.000,60,0,14,0,60,14,74,0,1.0,0.0,1.0,0.8108108108108109,0.8108108108108109,0.18918918918918914,-1
"((O2_Flow <= 3.511) U[0,1] (y = 0.745))
",0.000,-9999999.000,-9999999.000,0.000,1.000,60,0,14,0,60,14,74,0,1.0,0.0,1.0,0.8108108108108109,0.8108108108108109,0.18918918918918914,-1
"F[0,1](CALCIUM >= 8.936 & y = 0.157)
",0.000,-9999999.000,-9999999.000,0.000,1.000,60,0,14,0,60,14,74,0,1.0,0.0,1.0,0.8108108108108109,0.8108108108108109,0.18918918918918914,-1
"G[1,1](CHLORIDE >= 102.189 | POTASSIUM >= 3.786)
",3.220,2.092,0.214,1.000,0.000,60,0,14,0,60,14,74,0,1.0,0.0,1.0,0.8108108108108109,0.8108108108108109,0.18918918918918914,1
"F[0,1](CALCIUM >= 8.936 & HEMOGLOBIN >= 10.206)
",0.000,-9999999.000,-9999999.000,0.000,1.000,60,0,14,0,60,14,74,0,1.0,0.0,1.0,0.8108108108108109,0.8108108108108109,0.18918918918918914,-1
"G[0,1](BLOOD_UREA_NITROGEN >= 20.986 -> POTASSIUM >= 3.731)
",0.000,9999999.000,9999999.000,1.000,0.000,60,0,14,0,60,14,74,0,1.0,0.0,1.0,0.8108108108108109,0.8108108108108109,0.18918918918918914,1
"G[1,1](dfa <= 1.024 | TROPONIN_I <= 3.332)
",-5.319,0.696,3.272,1.000,0.000,60,0,14,0,60,14,74,0,1.0,0.0,1.0,0.8108108108108109,0.8108108108108109,0.18918918918918914,1
"G[0,1](BLOOD_UREA_NITROGEN <= 25.085 | CALCIUM >= 8.959)
",0.000,9999999.000,9999999.000,1.000,0.000,60,0,14,0,60,14,74,0,1.0,0.0,1.0,0.8108108108108109,0.8108108108108109,0.18918918918918914,1
"G[1,1](death <= 0.693 -> Resp >= 15.790)
",-0.058,-3.256,-2.993,1.000,0.000,60,0,14,0,60,14,74,0,1.0,0.0,1.0,0.8108108108108109,0.8108108108108109,0.18918918918918914,1
"G[1,1](hr >= 58.349 | MET <= 0.961)
",-1.305,8.867,36.878,1.000,0.000,60,0,14,0,60,14,74,0,1.0,0.0,1.0,0.8108108108108109,0.8108108108108109,0.18918918918918914,1
"G[0,1](cosen >= -2.161 | Pulse <= 97.117)
",0.000,9999999.000,9999999.000,1.000,0.000,60,0,14,0,60,14,74,0,1.0,0.0,1.0,0.8108108108108109,0.8108108108108109,0.18918918918918914,1
"G[0,0](MAGNESIUM <= 1.928 -> PLATELET_COUNT <= 207.099)
",-0.707,-4.318,0.072,1.000,0.000,60,0,14,0,60,14,74,0,1.0,0.0,1.0,0.8108108108108109,0.8108108108108109,0.18918918918918914,1
"G[0,1](n_evts <= 0.741 | TROPONIN_I <= 3.380)
",0.000,9999999.000,9999999.000,1.000,0.000,60,0,14,0,60,14,74,0,1.0,0.0,1.0,0.8108108108108109,0.8108108108108109,0.18918918918918914,1
"G[0,0](LOS <= 3.963 | Temp >= 35.793)
",1.141,1.963,1.574,1.000,0.000,60,0,14,0,60,14,74,0,1.0,0.0,1.0,0.8108108108108109,0.8108108108108109,0.18918918918918914,1
"G[0,0](direct <= 0.677 | Pulse >= 71.601)
",-1.095,2.125,22.399,1.000,0.000,60,0,14,0,60,14,74,0,1.0,0.0,1.0,0.8108108108108109,0.8108108108108109,0.18918918918918914,1
"G[1,1](PLATELET_COUNT <= 209.722 -> TROPONIN_I >= 0.510)
",-1.117,-6.703,0.450,1.000,0.000,60,0,14,0,60,14,74,0,1.0,0.0,1.0,0.8108108108108109,0.8108108108108109,0.18918918918918914,1
"G[0,1](CALCIUM <= 9.082 | PLATELET_COUNT >= 194.070)
",0.000,9999999.000,9999999.000,1.000,0.000,60,0,14,0,60,14,74,0,1.0,0.0,1.0,0.8108108108108109,0.8108108108108109,0.18918918918918914,1
"G[0,0](Glasgow_Coma_Scale_Total >= 14.377 | n_evts >= 0.063)
",-0.313,0.623,0.937,1.000,0.000,60,0,14,0,60,14,74,0,1.0,0.0,1.0,0.8108108108108109,0.8108108108108109,0.18918918918918914,1
"G[0,0](direct <= 0.302 | y >= 0.072)
",-2.449,0.302,0.839,1.000,0.000,60,0,14,0,60,14,74,0,1.0,0.0,1.0,0.8108108108108109,0.8108108108108109,0.18918918918918914,1
"G[0,1](s24_hr >= -0.000 | s8_hr <= 0.001)
",0.000,9999999.000,9999999.000,1.000,0.000,60,0,14,0,60,14,74,0,1.0,0.0,1.0,0.8108108108108109,0.8108108108108109,0.18918918918918914,1
"G[1,1](SODIUM >= 137.969 -> Temp >= 35.967)
",-0.749,-2.144,-0.834,1.000,0.000,60,0,14,0,60,14,74,0,1.0,0.0,1.0,0.8108108108108109,0.8108108108108109,0.18918918918918914,1
"G[0,1](Mort <= 0.946 | SpO2 <= 97.857)
",0.000,9999999.000,9999999.000,1.000,0.000,60,0,14,0,60,14,74,0,1.0,0.0,1.0,0.8108108108108109,0.8108108108108109,0.18918918918918914,1
"G[0,1](dfa <= 1.121 | MET <= 0.095)
",0.000,9999999.000,9999999.000,1.000,0.000,60,0,14,0,60,14,74,0,1.0,0.0,1.0,0.8108108108108109,0.8108108108108109,0.18918918918918914,1
"G[0,1](PHOSPHORUS >= 3.532 | PLATELET_COUNT >= 197.684)
",0.000,9999999.000,9999999.000,1.000,0.000,59,0,14,1,60,14,73,1,0.9833333333333333,0.0,1.0,0.8082191780821918,0.7972972972972973,0.20270270270270274,1
"((LOS >= 2.720) U[1,2] (n_edrk >= 0.489))
",0.000,-9999999.000,-9999999.000,0.000,1.000,54,5,1,14,68,6,55,19,0.7941176470588235,0.8333333333333334,0.16666666666666666,0.9818181818181818,0.7972972972972973,0.20270270270270274,-1
"G[1,1](dfa <= 1.158 | Pulse >= 66.029)
",-0.796,6.097,21.399,1.000,0.000,57,0,14,3,60,14,71,3,0.95,0.0,1.0,0.8028169014084507,0.7702702702702703,0.22972972972972971,1
"G[0,1](s24_edrk <= 0.001 & Temp <= 37.273)
",0.000,9999999.000,9999999.000,1.000,0.000,51,6,8,9,60,14,59,15,0.85,0.42857142857142855,0.5714285714285714,0.864406779661017,0.7702702702702703,0.22972972972972971,1
"F[1,1](edrk >= 10.872 -> y = 0.253)
",0.341,-4.314,-7.733,0.000,1.000,57,0,14,3,60,14,71,3,0.95,0.0,1.0,0.8028169014084507,0.7702702702702703,0.22972972972972971,-1
"G[0,1](edrk >= 11.705 & s2_edrk >= -0.007)
",0.000,9999999.000,9999999.000,1.000,0.000,52,4,10,8,60,14,62,12,0.8666666666666667,0.2857142857142857,0.7142857142857143,0.8387096774193549,0.7567567567567568,0.2432432432432432,1
"((BLOOD_UREA_NITROGEN <= 25.656) U[0,0] (n_edrk <= 0.876))
",-0.551,2.651,4.656,0.000,1.000,46,10,4,14,60,14,50,24,0.7666666666666667,0.7142857142857143,0.2857142857142857,0.92,0.7567567567567568,0.2432432432432432,-1
"G[0,0](HEMOGLOBIN >= 10.353 | Temp <= 36.912)
",0.010,0.329,0.319,1.000,0.000,51,5,9,9,60,14,60,14,0.85,0.35714285714285715,0.6428571428571429,0.85,0.7567567567567568,0.2432432432432432,1
"G[0,0](edrk >= 12.031 -> Temp <= 36.890)
",0.455,-3.169,-7.081,1.000,0.000,51,4,10,9,60,14,61,13,0.85,0.2857142857142857,0.7142857142857143,0.8360655737704918,0.7432432432432432,0.2567567567567568,1
"((death >= 0.001) U[1,2] (n_edrk >= 0.510))
",0.000,-9999999.000,-9999999.000,0.000,1.000,53,1,5,15,68,6,58,16,0.7794117647058824,0.16666666666666666,0.8333333333333334,0.9137931034482759,0.7297297297297297,0.2702702702702703,-1
"G[0,0](CHLORIDE <= 104.696 -> TROPONIN_I <= 3.314)
",5.367,-0.754,-3.254,1.000,0.000,54,0,14,6,60,14,68,6,0.9,0.0,1.0,0.7941176470588235,0.7297297297297297,0.2702702702702703,1
"F[0,0](dfa <= 1.331 -> SODIUM <= 140.869)
",2.045,-1.403,-3.869,0.000,1.000,39,14,0,21,60,14,39,35,0.65,1.0,0.0,1.0,0.7162162162162162,0.28378378378378377,-1
"F[0,1](CO2 >= 25.103 | SODIUM <= 140.964)
",0.000,-9999999.000,-9999999.000,0.000,1.000,39,14,0,21,60,14,39,35,0.65,1.0,0.0,1.0,0.7162162162162162,0.28378378378378377,-1
"((BLOOD_UREA_NITROGEN <= 24.475) U[1,2] (WHITE_BLOOD_CELL_COUNT >= 6.628))
",0.000,-9999999.000,-9999999.000,0.000,1.000,39,14,0,21,60,14,39,35,0.65,1.0,0.0,1.0,0.7162162162162162,0.28378378378378377,-1
"F[0,0](Glasgow_Coma_Scale_Total >= 14.031 -> GLUCOSE <= 197.887)
",2.649,-17.872,-78.887,0.000,1.000,39,14,0,21,60,14,39,35,0.65,1.0,0.0,1.0,0.7162162162162162,0.28378378378378377,-1
"((n_edrk >= 0.354) U[0,1] (SODIUM <= 140.515))
",0.000,-9999999.000,-9999999.000,0.000,1.000,39,14,0,21,60,14,39,35,0.65,1.0,0.0,1.0,0.7162162162162162,0.28378378378378377,-1
"F[0,0](GLUCOSE <= 197.112 | PHOSPHORUS >= 3.508)
",-2.643,16.970,78.112,0.000,1.000,39,14,0,21,60,14,39,35,0.65,1.0,0.0,1.0,0.7162162162162162,0.28378378378378377,-1
"F[1,1](CHLORIDE <= 104.295 -> SODIUM <= 140.576)
",2.085,-1.165,-3.576,0.000,1.000,39,14,0,21,60,14,39,35,0.65,1.0,0.0,1.0,0.7162162162162162,0.28378378378378377,-1
"G[1,1](edrk <= 17.642 & Resp <= 22.027)
",0.380,1.506,-2.077,1.000,0.000,48,5,9,12,60,14,57,17,0.8,0.35714285714285715,0.6428571428571429,0.8421052631578947,0.7162162162162162,0.28378378378378377,1
"F[1,1](GLUCOSE <= 199.738 | PROTIME_INR <= 1.123)
",-2.577,17.888,80.738,0.000,1.000,39,14,0,21,60,14,39,35,0.65,1.0,0.0,1.0,0.7162162162162162,0.28378378378378377,-1
"G[0,1](Glasgow_Coma_Scale_Total >= 14.406 -> SODIUM >= 138.627)
",0.000,9999999.000,9999999.000,1.000,0.000,39,13,1,21,60,14,40,34,0.65,0.9285714285714286,0.07142857142857142,0.975,0.7027027027027027,0.29729729729729726,1
"G[1,1](AF >= 0.011 | Pulse >= 66.006)
",-0.797,6.094,21.423,1.000,0.000,50,0,14,10,60,14,64,10,0.8333333333333334,0.0,1.0,0.78125,0.6756756756756757,0.32432432432432434,1
"G[0,1](Resp <= 22.429 & SBP <= 200.258)
",0.000,9999999.000,9999999.000,1.000,0.000,50,0,14,10,60,14,64,10,0.8333333333333334,0.0,1.0,0.78125,0.6756756756756757,0.32432432432432434,1
"G[0,1](CALCIUM >= 8.912 -> cosen >= -2.286)
",0.000,9999999.000,9999999.000,1.000,0.000,49,0,14,11,60,14,63,11,0.8166666666666667,0.0,1.0,0.7777777777777778,0.6621621621621622,0.33783783783783783,1
"G[0,1](BLOOD_UREA_NITROGEN <= 25.491 -> Pulse >= 72.275)
",0.000,9999999.000,9999999.000,1.000,0.000,44,3,11,16,60,14,55,19,0.7333333333333333,0.21428571428571427,0.7857142857142857,0.8,0.6351351351351351,0.3648648648648649,1
"G[0,0](hr >= 59.601 & Pulse >= 60.820)
",-1.517,4.852,33.180,1.000,0.000,46,0,14,14,60,14,60,14,0.7666666666666667,0.0,1.0,0.7666666666666667,0.6216216216216216,0.3783783783783784,1
"F[0,1](CHLORIDE <= 104.643 -> Glasgow_Coma_Scale_Total <= 14.969)
",0.000,-9999999.000,-9999999.000,0.000,1.000,40,5,9,20,60,14,49,25,0.6666666666666666,0.35714285714285715,0.6428571428571429,0.8163265306122449,0.6081081081081081,0.3918918918918919,-1
"F[0,0](lds >= 0.818 & Mort <= 0.408)
",0.039,0.010,-0.020,0.000,1.000,38,6,8,22,60,14,46,28,0.6333333333333333,0.42857142857142855,0.5714285714285714,0.8260869565217391,0.5945945945945946,0.4054054054054054,-1
"((lds >= 0.884) U[1,2] (y <= 0.238))
",0.000,-9999999.000,-9999999.000,0.000,1.000,40,4,1,29,69,5,41,33,0.5797101449275363,0.8,0.2,0.975609756097561,0.5945945945945946,0.4054054054054054,-1
"F[0,1](s2_hr <= 0.002 & WHITE_BLOOD_CELL_COUNT <= 7.688)
",0.000,-9999999.000,-9999999.000,0.000,1.000,42,1,13,18,60,14,55,19,0.7,0.07142857142857142,0.9285714285714286,0.7636363636363637,0.581081081081081,0.41891891891891897,-1
"G[0,0](hr >= 60.100 & Pulse >= 65.815)
",-1.453,2.424,28.185,1.000,0.000,43,0,14,17,60,14,57,17,0.7166666666666667,0.0,1.0,0.7543859649122807,0.581081081081081,0.41891891891891897,1
"((n_edrk <= 0.952) U[1,2] (n_evts <= 0.780))
",0.000,-9999999.000,-9999999.000,0.000,1.000,42,0,0,32,74,0,42,32,0.5675675675675675,0.0,0.0,1.0,0.5675675675675675,0.43243243243243246,-1
"F[0,0](CREATININE <= 1.134 & PLATELET_COUNT <= 210.623)
",0.707,-0.840,-1.377,0.000,1.000,40,1,13,20,60,14,53,21,0.6666666666666666,0.07142857142857142,0.9285714285714286,0.7547169811320755,0.5540540540540541,0.44594594594594594,-1
"G[0,0](PLATELET_COUNT <= 207.132 -> PROTIME_INR >= 1.099)
",-0.707,-4.444,-0.101,1.000,0.000,40,1,13,20,60,14,53,21,0.6666666666666666,0.07142857142857142,0.9285714285714286,0.7547169811320755,0.5540540540540541,0.44594594594594594,1
"G[0,0](WHITE_BLOOD_CELL_COUNT < 7.567 -> y = 0.274)
",-0.847,-1.010,0.661,1.000,0.000,40,1,13,20,60,14,53,21,0.6666666666666666,0.07142857142857142,0.9285714285714286,0.7547169811320755,0.5540540540540541,0.44594594594594594,1
"G[0,0](HEMOGLOBIN <= 10.788 | SODIUM >= 138.567)
",0.672,1.457,0.588,1.000,0.000,40,1,13,20,60,14,53,21,0.6666666666666666,0.07142857142857142,0.9285714285714286,0.7547169811320755,0.5540540540540541,0.44594594594594594,1
"G[0,1](hr >= 53.595 & Pulse >= 69.021)
",0.000,9999999.000,9999999.000,1.000,0.000,41,0,14,19,60,14,55,19,0.6833333333333333,0.0,1.0,0.7454545454545455,0.5540540540540541,0.44594594594594594,1
"G[0,1](PROTIME_INR >= 0.902 & s2_hr <= 0.002)
",0.000,9999999.000,9999999.000,1.000,0.000,40,1,13,20,60,14,53,21,0.6666666666666666,0.07142857142857142,0.9285714285714286,0.7547169811320755,0.5540540540540541,0.44594594594594594,1
"G[0,0](PLATELET_COUNT <= 209.067 -> y = 0.608)
",-0.675,-4.617,0.423,1.000,0.000,40,1,13,20,60,14,53,21,0.6666666666666666,0.07142857142857142,0.9285714285714286,0.7547169811320755,0.5540540540540541,0.44594594594594594,1
"G[0,1](CALCIUM <= 9.068 -> CREATININE >= 1.072)
",0.000,9999999.000,9999999.000,1.000,0.000,40,1,13,20,60,14,53,21,0.6666666666666666,0.07142857142857142,0.9285714285714286,0.7547169811320755,0.5540540540540541,0.44594594594594594,1
"G[0,1](CREATININE >= 0.924 & MAGNESIUM >= 1.845)
",0.000,9999999.000,9999999.000,1.000,0.000,40,1,13,20,60,14,53,21,0.6666666666666666,0.07142857142857142,0.9285714285714286,0.7547169811320755,0.5540540540540541,0.44594594594594594,1
"((CHLORIDE <= 103.892) U[0,1] (PHOSPHORUS >= 3.523))
",0.000,-9999999.000,-9999999.000,0.000,1.000,40,1,13,20,60,14,53,21,0.6666666666666666,0.07142857142857142,0.9285714285714286,0.7547169811320755,0.5540540540540541,0.44594594594594594,-1
"((HEMOGLOBIN >= 10.216) U[0,0] (PROTIME_INR <= 1.122))
",0.707,0.284,-0.016,0.000,1.000,40,1,13,20,60,14,53,21,0.6666666666666666,0.07142857142857142,0.9285714285714286,0.7547169811320755,0.5540540540540541,0.44594594594594594,-1
"((ICU_Pt_Days >= 0.152) U[0,1] (PARTIAL_THROMBOPLASTIN_TIME <= 31.055))
",0.000,-9999999.000,-9999999.000,0.000,1.000,40,1,13,20,60,14,53,21,0.6666666666666666,0.07142857142857142,0.9285714285714286,0.7547169811320755,0.5540540540540541,0.44594594594594594,-1
"((ICU_Pt_Days <= 3.810) U[0,1] (WHITE_BLOOD_CELL_COUNT <= 7.779))
",0.000,-9999999.000,-9999999.000,0.000,1.000,40,1,13,20,60,14,53,21,0.6666666666666666,0.07142857142857142,0.9285714285714286,0.7547169811320755,0.5540540540540541,0.44594594594594594,-1
"F[0,1](CALCIUM <= 9.031 & PHOSPHORUS >= 3.531)
",0.000,-9999999.000,-9999999.000,0.000,1.000,40,1,13,20,60,14,53,21,0.6666666666666666,0.07142857142857142,0.9285714285714286,0.7547169811320755,0.5540540540540541,0.44594594594594594,-1
"G[1,1](PLATELET_COUNT >= 194.511 & POTASSIUM >= 3.835)
",-0.445,0.003,0.165,1.000,0.000,40,0,14,20,60,14,54,20,0.6666666666666666,0.0,1.0,0.7407407407407407,0.5405405405405406,0.45945945945945943,1
"F[1,1](MAGNESIUM <= 1.959 & POTASSIUM <= 4.058)
",0.705,0.059,-0.041,0.000,1.000,40,0,14,20,60,14,54,20,0.6666666666666666,0.0,1.0,0.7407407407407407,0.5405405405405406,0.45945945945945943,-1
"((HEMOGLOBIN >= 10.375) U[1,1] (y <= 0.526))
",1.382,0.593,0.026,0.000,1.000,40,0,14,20,60,14,54,20,0.6666666666666666,0.0,1.0,0.7407407407407407,0.5405405405405406,0.45945945945945943,-1
"((CALCIUM <= 9.045) U[1,1] (TROPONIN_I >= 0.121))
",4.630,2.588,0.145,0.000,1.000,40,0,14,20,60,14,54,20,0.6666666666666666,0.0,1.0,0.7407407407407407,0.5405405405405406,0.45945945945945943,-1
"((CO2 <= 25.469) U[1,1] (HEMOGLOBIN >= 10.324))
",3.543,0.552,-0.124,0.000,1.000,40,0,14,20,60,14,54,20,0.6666666666666666,0.0,1.0,0.7407407407407407,0.5405405405405406,0.45945945945945943,-1
"G[1,1](CALCIUM >= 8.871 | GLUCOSE >= 167.842)
",1.311,33.644,0.029,1.000,0.000,40,0,14,20,60,14,54,20,0.6666666666666666,0.0,1.0,0.7407407407407407,0.5405405405405406,0.45945945945945943,1
"F[0,1](edrk <= 16.751 -> SBP <= 163.264)
",0.000,-9999999.000,-9999999.000,0.000,1.000,25,14,0,35,60,14,25,49,0.4166666666666667,1.0,0.0,1.0,0.527027027027027,0.472972972972973,-1
"((PARTIAL_THROMBOPLASTIN_TIME <= 30.683) U[1,2] (TROPONIN_I >= 1.875))
",0.000,-9999999.000,-9999999.000,0.000,1.000,38,0,0,36,74,0,38,36,0.5135135135135135,0.0,0.0,1.0,0.5135135135135135,0.4864864864864865,-1
"G[0,1](PROTIME_INR >= 0.974 & Temp <= 37.132)
",0.000,9999999.000,9999999.000,1.000,0.000,31,7,7,29,60,14,38,36,0.5166666666666667,0.5,0.5,0.8157894736842105,0.5135135135135135,0.4864864864864865,1
"((CREATININE <= 1.109) U[0,1] (SBP <= 178.186))
",0.000,-9999999.000,-9999999.000,0.000,1.000,24,14,0,36,60,14,24,50,0.4,1.0,0.0,1.0,0.5135135135135135,0.4864864864864865,-1
"((Resp <= 19.290) U[1,2] (s24_hr <= 0.001))
",0.000,-9999999.000,-9999999.000,0.000,1.000,27,10,4,33,60,14,31,43,0.45,0.7142857142857143,0.2857142857142857,0.8709677419354839,0.5,0.5,-1
"((POTASSIUM <= 4.010) U[0,1] (s8_hr >= -0.000))
",0.000,-9999999.000,-9999999.000,0.000,1.000,29,8,6,31,60,14,35,39,0.48333333333333334,0.5714285714285714,0.42857142857142855,0.8285714285714286,0.5,0.5,-1
"F[0,0](CREATININE >= 0.997 & s2_hr >= -0.002)
",-0.710,-0.031,0.002,0.000,1.000,22,13,1,38,60,14,23,51,0.36666666666666664,0.9285714285714286,0.07142857142857142,0.9565217391304348,0.47297297297297297,0.527027027027027,-1
"((HEMOGLOBIN <= 11.023) U[0,1] (POTASSIUM >= 3.721))
",0.000,-9999999.000,-9999999.000,0.000,1.000,20,14,0,40,60,14,20,54,0.3333333333333333,1.0,0.0,1.0,0.4594594594594595,0.5405405405405406,-1
"F[0,1](CHLORIDE <= 104.995 | O2_Flow >= 2.164)
",0.000,-9999999.000,-9999999.000,0.000,1.000,20,14,0,40,60,14,20,54,0.3333333333333333,1.0,0.0,1.0,0.4594594594594595,0.5405405405405406,-1
"((GLUCOSE >= 142.574) U[0,1] (WHITE_BLOOD_CELL_COUNT >= 3.999))
",0.000,-9999999.000,-9999999.000,0.000,1.000,20,14,0,40,60,14,20,54,0.3333333333333333,1.0,0.0,1.0,0.4594594594594595,0.5405405405405406,-1
"((CHLORIDE <= 104.689) U[0,1] (PLATELET_COUNT >= 200.528))
",0.000,-9999999.000,-9999999.000,0.000,1.000,20,14,0,40,60,14,20,54,0.3333333333333333,1.0,0.0,1.0,0.4594594594594595,0.5405405405405406,-1
"((n_evts >= 0.114) U[0,1] (WHITE_BLOOD_CELL_COUNT >= 6.786))
",0.000,-9999999.000,-9999999.000,0.000,1.000,20,14,0,40,60,14,20,54,0.3333333333333333,1.0,0.0,1.0,0.4594594594594595,0.5405405405405406,-1
"((MAGNESIUM <= 1.950) U[0,1] (PARTIAL_THROMBOPLASTIN_TIME >= 30.280))
",0.000,-9999999.000,-9999999.000,0.000,1.000,20,14,0,40,60,14,20,54,0.3333333333333333,1.0,0.0,1.0,0.4594594594594595,0.5405405405405406,-1
"G[0,0](PARTIAL_THROMBOPLASTIN_TIME >= 27.722 & Resp <= 22.825)
",-0.252,1.761,2.684,1.000,0.000,33,1,13,27,60,14,46,28,0.55,0.07142857142857142,0.9285714285714286,0.717391304347826,0.4594594594594595,0.5405405405405406,1
"G[0,1](hr >= 58.450 & Pulse >= 69.450)
",0.000,9999999.000,9999999.000,1.000,0.000,34,0,14,26,60,14,48,26,0.5666666666666667,0.0,1.0,0.7083333333333334,0.4594594594594595,0.5405405405405406,1
"((HEMOGLOBIN >= 10.203) U[1,2] (s2_hr <= 0.001))
",0.000,-9999999.000,-9999999.000,0.000,1.000,32,1,13,28,60,14,45,29,0.5333333333333333,0.07142857142857142,0.9285714285714286,0.7111111111111111,0.44594594594594594,0.5540540540540541,-1
"F[0,1](CHLORIDE <= 104.394 & tte >= -2.793)
",0.000,-9999999.000,-9999999.000,0.000,1.000,20,13,1,40,60,14,21,53,0.3333333333333333,0.9285714285714286,0.07142857142857142,0.9523809523809523,0.44594594594594594,0.5540540540540541,-1
"G[0,0](TROPONIN_I >= 1.606 & WHITE_BLOOD_CELL_COUNT <= 8.325)
",2.824,0.266,-1.546,1.000,0.000,20,13,1,40,60,14,21,53,0.3333333333333333,0.9285714285714286,0.07142857142857142,0.9523809523809523,0.44594594594594594,0.5540540540540541,1
"((CREATININE >= 0.939) U[1,1] (s8_hr >= -0.002))
",0.086,0.171,0.161,0.000,1.000,20,13,1,40,60,14,21,53,0.3333333333333333,0.9285714285714286,0.07142857142857142,0.9523809523809523,0.44594594594594594,0.5540540540540541,-1
"((CALCIUM >= 8.837) U[1,2] (s2_hr >= -0.002))
",0.000,-9999999.000,-9999999.000,0.000,1.000,20,13,1,40,60,14,21,53,0.3333333333333333,0.9285714285714286,0.07142857142857142,0.9523809523809523,0.44594594594594594,0.5540540540540541,-1
"F[0,0](Temp >= 35.919 -> WHITE_BLOOD_CELL_COUNT >= 5.319)
",0.705,-2.288,-3.081,0.000,1.000,20,13,1,40,60,14,21,53,0.3333333333333333,0.9285714285714286,0.07142857142857142,0.9523809523809523,0.44594594594594594,0.5540540540540541,-1
"((CREATININE >= 1.007) U[1,2] (POTASSIUM <= 4.026))
",0.000,-9999999.000,-9999999.000,0.000,1.000,20,13,1,40,60,14,21,53,0.3333333333333333,0.9285714285714286,0.07142857142857142,0.9523809523809523,0.44594594594594594,0.5540540540540541,-1
"((CREATININE <= 1.190) U[0,0] (HEMOGLOBIN <= 11.098))
",-0.707,0.695,0.898,0.000,1.000,20,13,1,40,60,14,21,53,0.3333333333333333,0.9285714285714286,0.07142857142857142,0.9523809523809523,0.44594594594594594,0.5540540540540541,-1
"((PHOSPHORUS <= 3.667) U[1,2] (SODIUM <= 140.487))
",0.000,-9999999.000,-9999999.000,0.000,1.000,19,13,1,41,60,14,20,54,0.31666666666666665,0.9285714285714286,0.07142857142857142,0.95,0.43243243243243246,0.5675675675675675,-1
"((CALCIUM >= 8.819) U[1,1] (Resp >= 14.916))
",0.046,4.017,3.798,0.000,1.000,20,12,2,40,60,14,22,52,0.3333333333333333,0.8571428571428571,0.14285714285714285,0.9090909090909091,0.43243243243243246,0.5675675675675675,-1
"((PHOSPHORUS <= 3.555) U[1,2] (s2_hr >= -0.002))
",0.000,-9999999.000,-9999999.000,0.000,1.000,19,13,1,41,60,14,20,54,0.31666666666666665,0.9285714285714286,0.07142857142857142,0.95,0.43243243243243246,0.5675675675675675,-1
"((n_evts >= 0.056) U[0,0] (PHOSPHORUS <= 3.677))
",-8.837,0.111,0.944,0.000,1.000,19,13,1,41,60,14,20,54,0.31666666666666665,0.9285714285714286,0.07142857142857142,0.95,0.43243243243243246,0.5675675675675675,-1
"F[0,1](PLATELET_COUNT >= 203.054 & Temp >= 35.691)
",0.000,-9999999.000,-9999999.000,0.000,1.000,20,12,2,40,60,14,22,52,0.3333333333333333,0.8571428571428571,0.14285714285714285,0.9090909090909091,0.43243243243243246,0.5675675675675675,-1
"F[1,1](Resp <= 23.487 -> WHITE_BLOOD_CELL_COUNT <= 8.122)
",0.101,-4.650,-5.201,0.000,1.000,32,0,14,28,60,14,46,28,0.5333333333333333,0.0,1.0,0.6956521739130435,0.43243243243243246,0.5675675675675675,-1
"F[0,0]((af <= 0.497 | AF <= 0.046) & cosen >= -2.149)
",-0.061,0.073,0.100,0.000,1.000,25,7,7,35,60,14,32,42,0.4166666666666667,0.5,0.5,0.78125,0.43243243243243246,0.5675675675675675,-1
"G[0,0](MAGNESIUM >= 1.711 -> PHOSPHORUS >= 3.508)
",0.707,-0.257,-0.289,1.000,0.000,19,13,1,41,60,14,20,54,0.31666666666666665,0.9285714285714286,0.07142857142857142,0.95,0.43243243243243246,0.5675675675675675,1
"G[0,1](hr >= 62.800 & Pulse >= 66.511)
",0.000,9999999.000,9999999.000,1.000,0.000,31,0,14,29,60,14,45,29,0.5166666666666667,0.0,1.0,0.6888888888888889,0.4189189189189189,0.5810810810810811,1
"F[0,1](hr >= 59.141 & s2_hr >= -0.001)
",0.000,-9999999.000,-9999999.000,0.000,1.000,15,14,0,45,60,14,15,59,0.25,1.0,0.0,1.0,0.3918918918918919,0.6081081081081081,-1
"G[1,1](hr <= 72.394 & PLATELET_COUNT <= 211.152)
",1.172,0.633,-22.833,1.000,0.000,15,14,0,45,60,14,15,59,0.25,1.0,0.0,1.0,0.3918918918918919,0.6081081081081081,1
"G[0,1](srr > 0.066 -> y = 0.721)
",0.000,9999999.000,9999999.000,1.000,0.000,21,7,7,39,60,14,28,46,0.35,0.5,0.5,0.75,0.3783783783783784,0.6216216216216216,1
"((MAGNESIUM >= 1.732) U[1,2] (Temp <= 37.211))
",0.000,-9999999.000,-9999999.000,0.000,1.000,19,8,1,46,65,9,20,54,0.2923076923076923,0.8888888888888888,0.1111111111111111,0.95,0.36486486486486486,0.6351351351351351,-1
"F[0,0](lds >= 0.515 & TROPONIN_I <= 2.919)
",-1.585,0.096,1.125,0.000,1.000,15,12,2,45,60,14,17,57,0.25,0.8571428571428571,0.14285714285714285,0.8823529411764706,0.36486486486486486,0.6351351351351351,-1
"F[0,1](GLUCOSE >= 164.472 & Pulse >= 63.652)
",0.000,-9999999.000,-9999999.000,0.000,1.000,27,0,14,33,60,14,41,33,0.45,0.0,1.0,0.6585365853658537,0.36486486486486486,0.6351351351351351,-1
"G[0,1](hr >= 64.675 & Pulse >= 65.555)
",0.000,9999999.000,9999999.000,1.000,0.000,27,0,14,33,60,14,41,33,0.45,0.0,1.0,0.6585365853658537,0.36486486486486486,0.6351351351351351,1
"F[0,1](CHLORIDE >= 102.503 -> SBP <= 185.598)
",0.000,-9999999.000,-9999999.000,0.000,1.000,12,14,0,48,60,14,12,62,0.2,1.0,0.0,1.0,0.35135135135135137,0.6486486486486487,-1
"F[0,1]((af <= 0.395 | AF <= 0.055) & cosen >= -2.080)
",0.000,-9999999.000,-9999999.000,0.000,1.000,19,7,7,41,60,14,26,48,0.31666666666666665,0.5,0.5,0.7307692307692307,0.35135135135135137,0.6486486486486487,-1
"G[0,1](GLUCOSE <= 189.990 & hr <= 107.591)
",0.000,9999999.000,9999999.000,1.000,0.000,21,5,9,39,60,14,30,44,0.35,0.35714285714285715,0.6428571428571429,0.7,0.35135135135135137,0.6486486486486487,1
"((Glasgow_Coma_Scale_Total <= 14.973) U[0,0] (Pulse >= 68.667))
",-1.156,3.206,25.333,0.000,1.000,10,14,0,50,60,14,10,64,0.16666666666666666,1.0,0.0,1.0,0.32432432432432434,0.6756756756756757,-1
"((Glasgow_Coma_Scale_Total <= 14.974) U[1,2] (SBP <= 162.850))
",0.000,-9999999.000,-9999999.000,0.000,1.000,20,4,10,40,60,14,30,44,0.3333333333333333,0.2857142857142857,0.7142857142857143,0.6666666666666666,0.32432432432432434,0.6756756756756757,-1
"F[1,1](HEMOGLOBIN <= 10.802 | Resp <= 19.894)
",-0.177,1.730,2.382,0.000,1.000,8,14,0,52,60,14,8,66,0.13333333333333333,1.0,0.0,1.0,0.2972972972972973,0.7027027027027026,-1
"G[0,0](POTASSIUM <= 4.071 | WHITE_BLOOD_CELL_COUNT <= 7.691)
",0.653,1.217,0.071,1.000,0.000,21,0,14,39,60,14,35,39,0.35,0.0,1.0,0.6,0.28378378378378377,0.7162162162162162,1
"F[1,1](PARTIAL_THROMBOPLASTIN_TIME <= 31.461 -> s2_hr <= 0.001)
",-0.707,-1.254,-0.001,0.000,1.000,7,14,0,53,60,14,7,67,0.11666666666666667,1.0,0.0,1.0,0.28378378378378377,0.7162162162162162,-1
"((Mort <= 0.124) U[0,1] (SODIUM >= 138.329))
",0.000,-9999999.000,-9999999.000,0.000,1.000,21,0,14,39,60,14,35,39,0.35,0.0,1.0,0.6,0.28378378378378377,0.7162162162162162,-1
"F[1,1](CALCIUM >= 8.912 & Pulse <= 106.670)
",0.421,0.081,-1.058,0.000,1.000,21,0,14,39,60,14,35,39,0.35,0.0,1.0,0.6,0.28378378378378377,0.7162162162162162,-1
"((CREATININE <= 1.193) U[0,0] (Resp <= 22.687))
",-0.121,3.928,4.687,0.000,1.000,7,14,0,53,60,14,7,67,0.11666666666666667,1.0,0.0,1.0,0.28378378378378377,0.7162162162162162,-1
"F[0,1](BLOOD_UREA_NITROGEN < 25.020 -> y = 0.221)
",0.000,-9999999.000,-9999999.000,0.000,1.000,21,0,14,39,60,14,35,39,0.35,0.0,1.0,0.6,0.28378378378378377,0.7162162162162162,-1
"((PHOSPHORUS <= 3.561) U[1,2] (Resp <= 18.912))
",0.000,-9999999.000,-9999999.000,0.000,1.000,11,10,1,52,63,11,12,62,0.1746031746031746,0.9090909090909091,0.09090909090909091,0.9166666666666666,0.28378378378378377,0.7162162162162162,-1
"((hr >= 58.846) U[0,1] (SODIUM >= 139.212))
",0.000,-9999999.000,-9999999.000,0.000,1.000,21,0,14,39,60,14,35,39,0.35,0.0,1.0,0.6,0.28378378378378377,0.7162162162162162,-1
"F[0,1](CREATININE >= 1.058 & GLUCOSE >= 179.794)
",0.000,-9999999.000,-9999999.000,0.000,1.000,21,0,14,39,60,14,35,39,0.35,0.0,1.0,0.6,0.28378378378378377,0.7162162162162162,-1
"F[1,1](SODIUM <= 139.538 -> y = 0.483)
",2.176,-0.291,-2.538,0.000,1.000,21,0,14,39,60,14,35,39,0.35,0.0,1.0,0.6,0.28378378378378377,0.7162162162162162,-1
"((lds >= 0.610) U[0,0] (SODIUM >= 139.335))
",0.163,1.192,1.029,0.000,1.000,21,0,14,39,60,14,35,39,0.35,0.0,1.0,0.6,0.28378378378378377,0.7162162162162162,-1
"F[0,0](GLUCOSE >= 180.886 & Mort <= 0.169)
",3.227,-10.918,-61.886,0.000,1.000,21,0,14,39,60,14,35,39,0.35,0.0,1.0,0.6,0.28378378378378377,0.7162162162162162,-1
"((PHOSPHORUS >= 3.507) U[0,0] (TROPONIN_I <= 3.458))
",-4.874,0.770,3.398,0.000,1.000,6,14,0,54,60,14,6,68,0.1,1.0,0.0,1.0,0.2702702702702703,0.7297297297297297,-1
"((MAGNESIUM <= 1.931) U[1,2] (s2_hr >= -0.000))
",0.000,-9999999.000,-9999999.000,0.000,1.000,19,0,2,53,72,2,21,53,0.2638888888888889,0.0,1.0,0.9047619047619048,0.25675675675675674,0.7432432432432432,-1
"F[0,1](MET >= 0.008 | TROPONIN_I <= 3.084)
",0.000,-9999999.000,-9999999.000,0.000,1.000,5,14,0,55,60,14,5,69,0.08333333333333333,1.0,0.0,1.0,0.25675675675675674,0.7432432432432432,-1
"F[0,1](hr >= 56.134 -> SBP <= 194.289)
",0.000,-9999999.000,-9999999.000,0.000,1.000,5,14,0,55,60,14,5,69,0.08333333333333333,1.0,0.0,1.0,0.25675675675675674,0.7432432432432432,-1
"F[0,1]((af <= 0.380 | AF <= 0.397) & cosen >= -2.150)
",0.000,-9999999.000,-9999999.000,0.000,1.000,10,9,5,50,60,14,15,59,0.16666666666666666,0.6428571428571429,0.35714285714285715,0.6666666666666666,0.25675675675675674,0.7432432432432432,-1
"((ICU_Pt_Days <= 3.438) U[0,1] (TROPONIN_I <= 3.152))
",0.000,-9999999.000,-9999999.000,0.000,1.000,5,14,0,55,60,14,5,69,0.08333333333333333,1.0,0.0,1.0,0.25675675675675674,0.7432432432432432,-1
"((PHOSPHORUS <= 3.677) U[1,2] (POTASSIUM <= 3.995))
",0.000,-9999999.000,-9999999.000,0.000,1.000,19,0,0,55,74,0,19,55,0.25675675675675674,0.0,0.0,1.0,0.25675675675675674,0.7432432432432432,-1
"((cosen >= -2.367) U[0,0] (Temp <= 37.052))
",-0.201,0.410,0.558,0.000,1.000,9,9,5,51,60,14,14,60,0.15,0.6428571428571429,0.35714285714285715,0.6428571428571429,0.24324324324324326,0.7567567567567568,-1
"((hr >= 51.737) U[0,1] (Temp >= 36.588))
",0.000,-9999999.000,-9999999.000,0.000,1.000,8,10,4,52,60,14,12,62,0.13333333333333333,0.7142857142857143,0.2857142857142857,0.6666666666666666,0.24324324324324326,0.7567567567567568,-1
"F[0,0]((af <= 0.307 | AF <= 0.330) & cosen >= -2.277)
",0.088,0.167,0.144,0.000,1.000,6,12,2,54,60,14,8,66,0.1,0.8571428571428571,0.14285714285714285,0.75,0.24324324324324326,0.7567567567567568,-1
"((Glasgow_Coma_Scale_Total <= 14.999) U[0,1] (Temp <= 37.085))
",0.000,-9999999.000,-9999999.000,0.000,1.000,8,10,4,52,60,14,12,62,0.13333333333333333,0.7142857142857143,0.2857142857142857,0.6666666666666666,0.24324324324324326,0.7567567567567568,-1
"F[1,1](direct <= 0.782 -> s24_hr <= 0.001)
",-1.155,-0.782,-0.336,0.000,1.000,3,14,0,57,60,14,3,71,0.05,1.0,0.0,1.0,0.22972972972972974,0.7702702702702703,-1
"((Resp <= 21.970) U[1,2] (Temp <= 36.794))
",0.000,-9999999.000,-9999999.000,0.000,1.000,7,9,0,58,65,9,7,67,0.1076923076923077,1.0,0.0,1.0,0.21621621621621623,0.7837837837837838,-1
"F[0,0]((af <= 0.312 | AF <= 0.464) & cosen >= -2.264)
",0.023,0.181,0.173,0.000,1.000,6,10,4,54,60,14,10,64,0.1,0.7142857142857143,0.2857142857142857,0.6,0.21621621621621623,0.7837837837837838,-1
"((death >= 0.052) U[0,1] (edrk >= 11.406))
",0.000,-9999999.000,-9999999.000,0.000,1.000,2,14,0,58,60,14,2,72,0.03333333333333333,1.0,0.0,1.0,0.21621621621621623,0.7837837837837838,-1
"((LOS >= 2.128) U[0,1] (s24_hr <= 0.001))
",0.000,-9999999.000,-9999999.000,0.000,1.000,2,14,0,58,60,14,2,72,0.03333333333333333,1.0,0.0,1.0,0.21621621621621623,0.7837837837837838,-1
"F[0,1]((af <= 0.347 | AF <= 0.105) & cosen >= -2.276)
",0.000,-9999999.000,-9999999.000,0.000,1.000,2,14,0,58,60,14,2,72,0.03333333333333333,1.0,0.0,1.0,0.21621621621621623,0.7837837837837838,-1
"((Resp <= 23.395) U[0,1] (s8_hr <= 0.001))
",0.000,-9999999.000,-9999999.000,0.000,1.000,2,14,0,58,60,14,2,72,0.03333333333333333,1.0,0.0,1.0,0.21621621621621623,0.7837837837837838,-1
"((dfa <= 1.108) U[1,2] (hr >= 56.319))
",0.000,-9999999.000,-9999999.000,0.000,1.000,2,14,0,58,60,14,2,72,0.03333333333333333,1.0,0.0,1.0,0.21621621621621623,0.7837837837837838,-1
"G[0,1](hr >= 69.705 & Pulse >= 62.974)
",0.000,9999999.000,9999999.000,1.000,0.000,16,0,14,44,60,14,30,44,0.26666666666666666,0.0,1.0,0.5333333333333333,0.21621621621621623,0.7837837837837838,1
"((GLUCOSE >= 156.166) U[0,0] (SBP <= 205.502))
",-1.238,58.712,95.216,0.000,1.000,1,14,0,59,60,14,1,73,0.016666666666666666,1.0,0.0,1.0,0.20270270270270271,0.7972972972972973,-1
"F[1,1](s8_hr >= -0.001 | WHITE_BLOOD_CELL_COUNT <= 7.497)
",0.707,1.170,0.001,0.000,1.000,1,14,0,59,60,14,1,73,0.016666666666666666,1.0,0.0,1.0,0.20270270270270271,0.7972972972972973,-1
"F[0,1](CO2 <= 25.497 | n_evts >= 0.179)
",0.000,-9999999.000,-9999999.000,0.000,1.000,1,14,0,59,60,14,1,73,0.016666666666666666,1.0,0.0,1.0,0.20270270270270271,0.7972972972972973,-1
"((edrk <= 23.013) U[0,1] (Pulse <= 85.328))
",0.000,-9999999.000,-9999999.000,0.000,1.000,4,11,3,56,60,14,7,67,0.06666666666666667,0.7857142857142857,0.21428571428571427,0.5714285714285714,0.20270270270270271,0.7972972972972973,-1
"F[0,1](Glasgow_Coma_Scale_Total >= 14.450 -> s24_edrk >= -0.001)
",0.000,-9999999.000,-9999999.000,0.000,1.000,0,14,0,60,60,14,0,74,0.0,1.0,0.0,0.0,0.1891891891891892,0.8108108108108107,-1
"F[0,2](lds >= 0.396 | tte <= -0.075)
",0.000,-9999999.000,-9999999.000,0.000,1.000,0,14,0,60,60,14,0,74,0.0,1.0,0.0,0.0,0.1891891891891892,0.8108108108108107,-1
"((PLATELET_COUNT <= 208.841) U[0,2] (Resp <= 23.700))
",0.000,-9999999.000,-9999999.000,0.000,1.000,0,14,0,60,60,14,0,74,0.0,1.0,0.0,0.0,0.1891891891891892,0.8108108108108107,-1
"F[0,2](MET >= 0.010 | s2_edrk >= -0.003)
",0.000,-9999999.000,-9999999.000,0.000,1.000,0,14,0,60,60,14,0,74,0.0,1.0,0.0,0.0,0.1891891891891892,0.8108108108108107,-1
"F[0,2](Pulse <= 78.915 | s8_hr >= -0.001)
",0.000,-9999999.000,-9999999.000,0.000,1.000,0,14,0,60,60,14,0,74,0.0,1.0,0.0,0.0,0.1891891891891892,0.8108108108108107,-1
"((AF >= 0.009) U[0,2] (CO2 >= 25.125))
",0.000,-9999999.000,-9999999.000,0.000,1.000,0,14,0,60,60,14,0,74,0.0,1.0,0.0,0.0,0.1891891891891892,0.8108108108108107,-1
"F[0,0](BLOOD_UREA_NITROGEN >= 18.708 | Temp >= 35.811)
",0.871,4.965,2.292,0.000,1.000,0,14,0,60,60,14,0,74,0.0,1.0,0.0,0.0,0.1891891891891892,0.8108108108108107,-1
"F[1,2](s8_edrk <= 0.003 | Temp <= 36.928)
",0.000,-9999999.000,-9999999.000,0.000,1.000,0,14,0,60,60,14,0,74,0.0,1.0,0.0,0.0,0.1891891891891892,0.8108108108108107,-1
"((CREATININE >= 1.064) U[0,2] (PROTIME_INR >= 0.960))
",0.000,-9999999.000,-9999999.000,0.000,1.000,0,14,0,60,60,14,0,74,0.0,1.0,0.0,0.0,0.1891891891891892,0.8108108108108107,-1
"F[0,2](CO2 <= 25.524 -> Pulse <= 103.458)
",0.000,-9999999.000,-9999999.000,0.000,1.000,0,14,0,60,60,14,0,74,0.0,1.0,0.0,0.0,0.1891891891891892,0.8108108108108107,-1
"F[1,2](hr >= 68.523 | LOS <= 9.897)
",0.000,-9999999.000,-9999999.000,0.000,1.000,0,14,0,60,60,14,0,74,0.0,1.0,0.0,0.0,0.1891891891891892,0.8108108108108107,-1
"F[0,1](CHLORIDE <= 104.591 | Mort <= 0.477)
",0.000,-9999999.000,-9999999.000,0.000,1.000,0,14,0,60,60,14,0,74,0.0,1.0,0.0,0.0,0.1891891891891892,0.8108108108108107,-1
"F[1,2](ICU_Pt_Days >= 0.079 | SBP <= 170.915)
",0.000,-9999999.000,-9999999.000,0.000,1.000,0,14,0,60,60,14,0,74,0.0,1.0,0.0,0.0,0.1891891891891892,0.8108108108108107,-1
"F[0,1](MET >= 0.007 -> s24_edrk <= 0.001)
",0.000,-9999999.000,-9999999.000,0.000,1.000,0,14,0,60,60,14,0,74,0.0,1.0,0.0,0.0,0.1891891891891892,0.8108108108108107,-1
"F[0,2](CALCIUM <= 9.062 & SBP <= 172.433)
",0.000,-9999999.000,-9999999.000,0.000,1.000,0,14,0,60,60,14,0,74,0.0,1.0,0.0,0.0,0.1891891891891892,0.8108108108108107,-1
"F[0,0](cosen <= -1.674 | SBP <= 193.693)
",-1.817,21.401,83.407,0.000,1.000,0,14,0,60,60,14,0,74,0.0,1.0,0.0,0.0,0.1891891891891892,0.8108108108108107,-1
"F[1,2](Glasgow_Coma_Scale_Total <= 14.988 -> y >= 0.107)
",0.000,-9999999.000,-9999999.000,0.000,1.000,0,14,0,60,60,14,0,74,0.0,1.0,0.0,0.0,0.1891891891891892,0.8108108108108107,-1
"((LACTIC_ACID >= 1.300) U[1,2] (TOTAL_PROTEIN <= 6.300))
",0.000,-9999999.000,-9999999.000,0.000,1.000,0,14,0,60,60,14,0,74,0.0,1.0,0.0,0.0,0.1891891891891892,0.8108108108108107,-1
"F[0,1](PHOSPHORUS >= 3.533 -> Temp >= 35.656)
",0.000,-9999999.000,-9999999.000,0.000,1.000,0,14,0,60,60,14,0,74,0.0,1.0,0.0,0.0,0.1891891891891892,0.8108108108108107,-1
"F[0,2](CO2 <= 25.668 -> GLUCOSE >= 134.937)
",0.000,-9999999.000,-9999999.000,0.000,1.000,0,14,0,60,60,14,0,74,0.0,1.0,0.0,0.0,0.1891891891891892,0.8108108108108107,-1
"F[1,2](GLUCOSE >= 123.558 -> n_evts <= 0.389)
",0.000,-9999999.000,-9999999.000,0.000,1.000,0,14,0,60,60,14,0,74,0.0,1.0,0.0,0.0,0.1891891891891892,0.8108108108108107,-1
"F[0,0](CREATININE <= 1.185 -> SODIUM <= 140.220)
",2.100,-0.838,-3.220,0.000,1.000,0,14,0,60,60,14,0,74,0.0,1.0,0.0,0.0,0.1891891891891892,0.8108108108108107,-1
"F[0,2](BLOOD_UREA_NITROGEN >= 19.961 -> PLATELET_COUNT >= 196.008)
",0.000,-9999999.000,-9999999.000,0.000,1.000,0,14,0,60,60,14,0,74,0.0,1.0,0.0,0.0,0.1891891891891892,0.8108108108108107,-1
"F[1,2](BLOOD_UREA_NITROGEN >= 21.935 -> GLUCOSE >= 173.927)
",0.000,-9999999.000,-9999999.000,0.000,1.000,0,14,0,60,60,14,0,74,0.0,1.0,0.0,0.0,0.1891891891891892,0.8108108108108107,-1
"F[0,2](CALCIUM <= 9.065 & PROTIME_INR >= 0.977)
",0.000,-9999999.000,-9999999.000,0.000,1.000,0,14,0,60,60,14,0,74,0.0,1.0,0.0,0.0,0.1891891891891892,0.8108108108108107,-1
"F[0,1](n_evts >= 0.137 -> SBP <= 184.679)
",0.000,-9999999.000,-9999999.000,0.000,1.000,0,14,0,60,60,14,0,74,0.0,1.0,0.0,0.0,0.1891891891891892,0.8108108108108107,-1
"F[0,1](GLUCOSE <= 217.960 -> POTASSIUM <= 4.023)
",0.000,-9999999.000,-9999999.000,0.000,1.000,0,14,0,60,60,14,0,74,0.0,1.0,0.0,0.0,0.1891891891891892,0.8108108108108107,-1
"((MET >= 0.018) U[0,2] (Pulse >= 60.354))
",0.000,-9999999.000,-9999999.000,0.000,1.000,0,14,0,60,60,14,0,74,0.0,1.0,0.0,0.0,0.1891891891891892,0.8108108108108107,-1
"F[1,2](CHLORIDE <= 104.915 -> hr >= 56.369)
",0.000,-9999999.000,-9999999.000,0.000,1.000,0,14,0,60,60,14,0,74,0.0,1.0,0.0,0.0,0.1891891891891892,0.8108108108108107,-1
"F[0,2](CHLORIDE <= 103.973 | PARTIAL_THROMBOPLASTIN_TIME >= 29.667)
",0.000,-9999999.000,-9999999.000,0.000,1.000,0,14,0,60,60,14,0,74,0.0,1.0,0.0,0.0,0.1891891891891892,0.8108108108108107,-1
"F[1,2](CHLORIDE <= 104.328 -> WHITE_BLOOD_CELL_COUNT >= 6.249)
",0.000,-9999999.000,-9999999.000,0.000,1.000,0,14,0,60,60,14,0,74,0.0,1.0,0.0,0.0,0.1891891891891892,0.8108108108108107,-1
"F[1,2](LOS >= 2.209 | TROPONIN_I <= 2.307)
",0.000,-9999999.000,-9999999.000,0.000,1.000,0,14,0,60,60,14,0,74,0.0,1.0,0.0,0.0,0.1891891891891892,0.8108108108108107,-1
"F[1,2](ICU_Pt_Days <= 2.404 -> O2_Flow <= 3.394)
",0.000,-9999999.000,-9999999.000,0.000,1.000,0,14,0,60,60,14,0,74,0.0,1.0,0.0,0.0,0.1891891891891892,0.8108108108108107,-1
"F[0,1](CHLORIDE <= 104.470 | CO2 <= 25.246)
",0.000,-9999999.000,-9999999.000,0.000,1.000,0,14,0,60,60,14,0,74,0.0,1.0,0.0,0.0,0.1891891891891892,0.8108108108108107,-1
"F[1,2](cosen <= -1.755 -> edrk <= 23.416)
",0.000,-9999999.000,-9999999.000,0.000,1.000,0,14,0,60,60,14,0,74,0.0,1.0,0.0,0.0,0.1891891891891892,0.8108108108108107,-1
"((CALCIUM >= 8.866) U[0,2] (n_evts >= 0.156))
",0.000,-9999999.000,-9999999.000,0.000,1.000,0,14,0,60,60,14,0,74,0.0,1.0,0.0,0.0,0.1891891891891892,0.8108108108108107,-1
"F[0,2](Resp >= 15.090 | srr <= 0.136)
",0.000,-9999999.000,-9999999.000,0.000,1.000,0,14,0,60,60,14,0,74,0.0,1.0,0.0,0.0,0.1891891891891892,0.8108108108108107,-1
"F[0,0](Glasgow_Coma_Scale_Total >= 14.498 -> s2_edrk >= -0.004)
",-0.632,-0.502,-0.357,0.000,1.000,0,14,0,60,60,14,0,74,0.0,1.0,0.0,0.0,0.1891891891891892,0.8108108108108107,-1
"F[0,1](HEMOGLOBIN >= 10.357 | MAGNESIUM >= 1.727)
",0.000,-9999999.000,-9999999.000,0.000,1.000,0,14,0,60,60,14,0,74,0.0,1.0,0.0,0.0,0.1891891891891892,0.8108108108108107,-1
"F[1,2](BLOOD_UREA_NITROGEN >= 19.553 | s8_hr >= -0.000)
",0.000,-9999999.000,-9999999.000,0.000,1.000,0,14,0,60,60,14,0,74,0.0,1.0,0.0,0.0,0.1891891891891892,0.8108108108108107,-1
"F[0,2](HEMOGLOBIN <= 10.636 -> PHOSPHORUS <= 3.642)
",0.000,-9999999.000,-9999999.000,0.000,1.000,0,14,0,60,60,14,0,74,0.0,1.0,0.0,0.0,0.1891891891891892,0.8108108108108107,-1
"F[0,2](PHOSPHORUS <= 3.661 | WHITE_BLOOD_CELL_COUNT >= 6.679)
",0.000,-9999999.000,-9999999.000,0.000,1.000,0,14,0,60,60,14,0,74,0.0,1.0,0.0,0.0,0.1891891891891892,0.8108108108108107,-1
"F[0,0](CHLORIDE >= 103.397 | GLUCOSE <= 215.382)
",-2.302,24.055,96.382,0.000,1.000,0,14,0,60,60,14,0,74,0.0,1.0,0.0,0.0,0.1891891891891892,0.8108108108108107,-1
"F[0,1](PLATELET_COUNT <= 208.417 | WHITE_BLOOD_CELL_COUNT >= 4.679)
",0.000,-9999999.000,-9999999.000,0.000,1.000,0,14,0,60,60,14,0,74,0.0,1.0,0.0,0.0,0.1891891891891892,0.8108108108108107,-1
"F[0,0](GLUCOSE <= 195.346 | tte >= -2.380)
",-2.759,17.834,76.346,0.000,1.000,0,14,0,60,60,14,0,74,0.0,1.0,0.0,0.0,0.1891891891891892,0.8108108108108107,-1
"((GLUCOSE >= 138.751) U[0,2] (PARTIAL_THROMBOPLASTIN_TIME >= 29.396))
",0.000,-9999999.000,-9999999.000,0.000,1.000,0,14,0,60,60,14,0,74,0.0,1.0,0.0,0.0,0.1891891891891892,0.8108108108108107,-1
"((Resp >= 15.304) U[0,1] (s8_edrk <= 0.003))
",0.000,-9999999.000,-9999999.000,0.000,1.000,0,14,0,60,60,14,0,74,0.0,1.0,0.0,0.0,0.1891891891891892,0.8108108108108107,-1
"F[1,2](LOS >= 2.800 -> SBP <= 183.737)
",0.000,-9999999.000,-9999999.000,0.000,1.000,0,14,0,60,60,14,0,74,0.0,1.0,0.0,0.0,0.1891891891891892,0.8108108108108107,-1
"F[0,2](PARTIAL_THROMBOPLASTIN_TIME <= 31.394 -> PLATELET_COUNT >= 196.506)
",0.000,-9999999.000,-9999999.000,0.000,1.000,0,14,0,60,60,14,0,74,0.0,1.0,0.0,0.0,0.1891891891891892,0.8108108108108107,-1
"F[0,2](GLUCOSE <= 191.707 | MAGNESIUM <= 1.954)
",0.000,-9999999.000,-9999999.000,0.000,1.000,0,14,0,60,60,14,0,74,0.0,1.0,0.0,0.0,0.1891891891891892,0.8108108108108107,-1
"F[0,2](dfa >= 0.661 -> y <= 0.781)
",0.000,-9999999.000,-9999999.000,0.000,1.000,0,14,0,60,60,14,0,74,0.0,1.0,0.0,0.0,0.1891891891891892,0.8108108108108107,-1
"F[0,2](PARTIAL_THROMBOPLASTIN_TIME <= 31.117 | POTASSIUM >= 3.669)
",0.000,-9999999.000,-9999999.000,0.000,1.000,0,14,0,60,60,14,0,74,0.0,1.0,0.0,0.0,0.1891891891891892,0.8108108108108107,-1
"F[0,2](LOS <= 6.366 -> SODIUM <= 140.616)
",0.000,-9999999.000,-9999999.000,0.000,1.000,0,14,0,60,60,14,0,74,0.0,1.0,0.0,0.0,0.1891891891891892,0.8108108108108107,-1
"F[0,1](ICU_Pt_Days <= 3.953 | s24_hr <= 0.001)
",0.000,-9999999.000,-9999999.000,0.000,1.000,0,14,0,60,60,14,0,74,0.0,1.0,0.0,0.0,0.1891891891891892,0.8108108108108107,-1
"F[1,2](CHLORIDE <= 104.166 | dfa >= 0.452)
",0.000,-9999999.000,-9999999.000,0.000,1.000,0,14,0,60,60,14,0,74,0.0,1.0,0.0,0.0,0.1891891891891892,0.8108108108108107,-1
"((BLOOD_UREA_NITROGEN >= 19.217) U[0,2] (s2_hr >= -0.002))
",0.000,-9999999.000,-9999999.000,0.000,1.000,0,14,0,60,60,14,0,74,0.0,1.0,0.0,0.0,0.1891891891891892,0.8108108108108107,-1
"F[0,2](Resp >= 12.320 -> TROPONIN_I <= 3.091)
",0.000,-9999999.000,-9999999.000,0.000,1.000,0,14,0,60,60,14,0,74,0.0,1.0,0.0,0.0,0.1891891891891892,0.8108108108108107,-1
"((PHOSPHORUS >= 3.542) U[0,1] (s8_hr >= -0.001))
",0.000,-9999999.000,-9999999.000,0.000,1.000,0,14,0,60,60,14,0,74,0.0,1.0,0.0,0.0,0.1891891891891892,0.8108108108108107,-1
"F[1,2](CALCIUM >= 8.845 | n_edrk <= 0.853)
",0.000,-9999999.000,-9999999.000,0.000,1.000,0,14,0,60,60,14,0,74,0.0,1.0,0.0,0.0,0.1891891891891892,0.8108108108108107,-1
"F[0,2](AF <= 0.472 | cosen >= -2.093)
",0.000,-9999999.000,-9999999.000,0.000,1.000,0,14,0,60,60,14,0,74,0.0,1.0,0.0,0.0,0.1891891891891892,0.8108108108108107,-1
"((HEMOGLOBIN >= 10.372) U[0,2] (s8_hr <= 0.001))
",0.000,-9999999.000,-9999999.000,0.000,1.000,0,14,0,60,60,14,0,74,0.0,1.0,0.0,0.0,0.1891891891891892,0.8108108108108107,-1
"F[0,2](PLATELET_COUNT <= 207.803 | s2_hr >= -0.002)
",0.000,-9999999.000,-9999999.000,0.000,1.000,0,14,0,60,60,14,0,74,0.0,1.0,0.0,0.0,0.1891891891891892,0.8108108108108107,-1
"F[1,2](cosen <= -1.848 -> s8_edrk >= -0.005)
",0.000,-9999999.000,-9999999.000,0.000,1.000,0,14,0,60,60,14,0,74,0.0,1.0,0.0,0.0,0.1891891891891892,0.8108108108108107,-1
"((af >= 0.000) U[0,2] (CO2 >= 25.099))
",0.000,-9999999.000,-9999999.000,0.000,1.000,0,14,0,60,60,14,0,74,0.0,1.0,0.0,0.0,0.1891891891891892,0.8108108108108107,-1
"F[0,2](hr <= 78.180 | WHITE_BLOOD_CELL_COUNT >= 7.135)
",0.000,-9999999.000,-9999999.000,0.000,1.000,0,14,0,60,60,14,0,74,0.0,1.0,0.0,0.0,0.1891891891891892,0.8108108108108107,-1
"F[0,2](BLOOD_UREA_NITROGEN <= 25.442 & CREATININE >= 0.997)
",0.000,-9999999.000,-9999999.000,0.000,1.000,0,14,0,60,60,14,0,74,0.0,1.0,0.0,0.0,0.1891891891891892,0.8108108108108107,-1
"((cosen <= -1.511) U[0,2] (SODIUM <= 140.186))
",0.000,-9999999.000,-9999999.000,0.000,1.000,0,14,0,60,60,14,0,74,0.0,1.0,0.0,0.0,0.1891891891891892,0.8108108108108107,-1
"F[1,2](ICU_Pt_Days >= 0.444 | PROTIME_INR >= 1.031)
",0.000,-9999999.000,-9999999.000,0.000,1.000,0,14,0,60,60,14,0,74,0.0,1.0,0.0,0.0,0.1891891891891892,0.8108108108108107,-1
"F[1,2](HEMOGLOBIN >= 10.244 -> ICU_Pt_Days >= 0.264)
",0.000,-9999999.000,-9999999.000,0.000,1.000,0,14,0,60,60,14,0,74,0.0,1.0,0.0,0.0,0.1891891891891892,0.8108108108108107,-1
"F[1,2](BLOOD_UREA_NITROGEN <= 25.116 & CREATININE >= 0.939)
",0.000,-9999999.000,-9999999.000,0.000,1.000,0,14,0,60,60,14,0,74,0.0,1.0,0.0,0.0,0.1891891891891892,0.8108108108108107,-1
"F[0,2](death <= 0.323 -> Pulse >= 63.375)
",0.000,-9999999.000,-9999999.000,0.000,1.000,0,14,0,60,60,14,0,74,0.0,1.0,0.0,0.0,0.1891891891891892,0.8108108108108107,-1
"((AF >= 0.009) U[0,2] (s24_hr >= -0.001))
",0.000,-9999999.000,-9999999.000,0.000,1.000,0,14,0,60,60,14,0,74,0.0,1.0,0.0,0.0,0.1891891891891892,0.8108108108108107,-1
"G[1,2](n_evts <= 0.996 & O2_Flow >= 2.081)
",0.000,9999999.000,9999999.000,1.000,0.000,0,14,0,60,60,14,0,74,0.0,1.0,0.0,0.0,0.1891891891891892,0.8108108108108107,1
"G[1,2](CO2 <= 25.792 & TROPONIN_I >= 0.878)
",0.000,9999999.000,9999999.000,1.000,0.000,0,14,58,2,2,72,58,16,0.0,0.19444444444444445,0.8055555555555556,0.0,0.1891891891891892,0.8108108108108107,1
"G[1,1](SpO2 > 93.001 & y = 0.331)
",0.517,-0.331,-1.668,1.000,0.000,0,14,0,60,60,14,0,74,0.0,1.0,0.0,0.0,0.1891891891891892,0.8108108108108107,1
"G[1,2](POTASSIUM <= 4.047 -> PROTIME_INR <= 1.190)
",0.000,9999999.000,9999999.000,1.000,0.000,0,14,59,1,1,73,59,15,0.0,0.1917808219178082,0.8082191780821918,0.0,0.1891891891891892,0.8108108108108107,1
"G[1,2](CHLORIDE > 103.630 & y = 0.130)
",0.000,9999999.000,9999999.000,1.000,0.000,0,14,0,60,60,14,0,74,0.0,1.0,0.0,0.0,0.1891891891891892,0.8108108108108107,1
"G[0,0](PARTIAL_THROMBOPLASTIN_TIME > 28.749 & y = 0.186)
",0.400,-0.474,-0.724,1.000,0.000,0,14,0,60,60,14,0,74,0.0,1.0,0.0,0.0,0.1891891891891892,0.8108108108108107,1
"G[0,2](s24_edrk >= -0.007 & y = 0.725)
",0.000,9999999.000,9999999.000,1.000,0.000,0,14,0,60,60,14,0,74,0.0,1.0,0.0,0.0,0.1891891891891892,0.8108108108108107,1
"G[0,2](AF >= 0.004 & af >= 0.001)
",0.000,9999999.000,9999999.000,1.000,0.000,0,14,0,60,60,14,0,74,0.0,1.0,0.0,0.0,0.1891891891891892,0.8108108108108107,1
"G[1,2](CREATININE < 1.186 -> y = 0.588)
",0.000,9999999.000,9999999.000,1.000,0.000,0,14,39,21,21,53,39,35,0.0,0.2641509433962264,0.7358490566037735,0.0,0.1891891891891892,0.8108108108108107,1
"G[1,1](OXYGEN_SATURATION >= 94.700 -> y = 0.432)
",0.000,0.000,0.000,1.000,0.000,0,14,0,60,60,14,0,74,0.0,1.0,0.0,0.0,0.1891891891891892,0.8108108108108107,1
"G[0,0](LACTIC_ACID >= 1.300 -> y = 0.822)
",0.000,0.000,0.000,1.000,0.000,0,14,0,60,60,14,0,74,0.0,1.0,0.0,0.0,0.1891891891891892,0.8108108108108107,1
"G[0,2](Sgy < 0.000 & y = 0.423)
",0.000,9999999.000,9999999.000,1.000,0.000,0,14,0,60,60,14,0,74,0.0,1.0,0.0,0.0,0.1891891891891892,0.8108108108108107,1
"G[0,2](ALKALINE_PHOSPHATASE <= 91.000 -> y = 0.402)
",0.000,9999999.000,9999999.000,1.000,0.000,0,14,0,60,60,14,0,74,0.0,1.0,0.0,0.0,0.1891891891891892,0.8108108108108107,1
"G[0,2](death >= 0.020 & SODIUM >= 139.268)
",0.000,9999999.000,9999999.000,1.000,0.000,0,14,0,60,60,14,0,74,0.0,1.0,0.0,0.0,0.1891891891891892,0.8108108108108107,1
"G[0,2](AST_GOT < 27.000 & y = 0.116)
",0.000,9999999.000,9999999.000,1.000,0.000,0,14,0,60,60,14,0,74,0.0,1.0,0.0,0.0,0.1891891891891892,0.8108108108108107,1
"G[1,2](hr >= 53.617 & MAGNESIUM <= 1.973)
",0.000,9999999.000,9999999.000,1.000,0.000,0,14,20,40,40,34,20,54,0.0,0.4117647058823529,0.5882352941176471,0.0,0.1891891891891892,0.8108108108108107,1
"G[1,2](PROTIME_INR < 1.143 & y = 0.395)
",0.000,9999999.000,9999999.000,1.000,0.000,0,14,0,60,60,14,0,74,0.0,1.0,0.0,0.0,0.1891891891891892,0.8108108108108107,1
"G[0,2](ICU_Pt_Days <= 3.184 & PLATELET_COUNT <= 210.689)
",0.000,9999999.000,9999999.000,1.000,0.000,0,14,20,40,40,34,20,54,0.0,0.4117647058823529,0.5882352941176471,0.0,0.1891891891891892,0.8108108108108107,1
"G[1,2](PROTIME_INR <= 1.130 | SODIUM >= 137.288)
",0.000,9999999.000,9999999.000,1.000,0.000,0,14,59,1,1,73,59,15,0.0,0.1917808219178082,0.8082191780821918,0.0,0.1891891891891892,0.8108108108108107,1
"G[0,2](GLUCOSE >= 176.124 & PLATELET_COUNT >= 196.443)
",0.000,9999999.000,9999999.000,1.000,0.000,0,14,39,21,21,53,39,35,0.0,0.2641509433962264,0.7358490566037735,0.0,0.1891891891891892,0.8108108108108107,1
"G[1,2](PARTIAL_THROMBOPLASTIN_TIME <= 31.126 & SODIUM >= 137.756)
",0.000,9999999.000,9999999.000,1.000,0.000,0,14,20,40,40,34,20,54,0.0,0.4117647058823529,0.5882352941176471,0.0,0.1891891891891892,0.8108108108108107,1
"G[0,2](AF >= 0.010 & TROPONIN_I >= 1.259)
",0.000,9999999.000,9999999.000,1.000,0.000,0,14,0,60,60,14,0,74,0.0,1.0,0.0,0.0,0.1891891891891892,0.8108108108108107,1
"G[1,2](direct >= 0.077 & GLUCOSE >= 167.482)
",0.000,9999999.000,9999999.000,1.000,0.000,0,14,0,60,60,14,0,74,0.0,1.0,0.0,0.0,0.1891891891891892,0.8108108108108107,1
"G[0,2](CHLORIDE >= 102.710 & edrk <= 29.940)
",0.000,9999999.000,9999999.000,1.000,0.000,0,14,59,1,1,73,59,15,0.0,0.1917808219178082,0.8082191780821918,0.0,0.1891891891891892,0.8108108108108107,1
"G[0,2](AF >= 0.013 & hr <= 88.243)
",0.000,9999999.000,9999999.000,1.000,0.000,0,14,0,60,60,14,0,74,0.0,1.0,0.0,0.0,0.1891891891891892,0.8108108108108107,1
"G[1,2](hr >= 59.121 & y = 0.171)
",0.000,9999999.000,9999999.000,1.000,0.000,0,14,0,60,60,14,0,74,0.0,1.0,0.0,0.0,0.1891891891891892,0.8108108108108107,1
"((edrk >= 10.899) U[0,2] (s8_edrk <= 0.002))
",0.000,-9999999.000,-9999999.000,0.000,1.000,0,13,0,61,61,13,0,74,0.0,1.0,0.0,0.0,0.17567567567567569,0.8243243243243243,-1
"((GLUCOSE >= 138.470) U[0,1] (lds <= 1.653))
",0.000,-9999999.000,-9999999.000,0.000,1.000,0,13,1,60,60,14,1,73,0.0,0.9285714285714286,0.07142857142857142,0.0,0.17567567567567569,0.8243243243243243,-1
"F[1,1](s8_hr >= -0.001 -> srr >= 0.026)
",0.262,-0.039,-0.054,0.000,1.000,0,13,1,60,60,14,1,73,0.0,0.9285714285714286,0.07142857142857142,0.0,0.17567567567567569,0.8243243243243243,-1
"((MAGNESIUM >= 1.749) U[1,2] (PROTIME_INR >= 0.931))
",0.000,-9999999.000,-9999999.000,0.000,1.000,0,13,1,60,60,14,1,73,0.0,0.9285714285714286,0.07142857142857142,0.0,0.17567567567567569,0.8243243243243243,-1
"((PLATELET_COUNT <= 207.298) U[0,2] (s8_hr <= 0.000))
",0.000,-9999999.000,-9999999.000,0.000,1.000,0,13,0,61,61,13,0,74,0.0,1.0,0.0,0.0,0.17567567567567569,0.8243243243243243,-1
"((HEMOGLOBIN <= 10.594) U[1,2] (TROPONIN_I <= 2.654))
",0.000,-9999999.000,-9999999.000,0.000,1.000,0,13,1,60,60,14,1,73,0.0,0.9285714285714286,0.07142857142857142,0.0,0.17567567567567569,0.8243243243243243,-1
"((Glasgow_Coma_Scale_Total <= 14.968) U[0,2] (Resp >= 13.018))
",0.000,-9999999.000,-9999999.000,0.000,1.000,0,13,0,61,61,13,0,74,0.0,1.0,0.0,0.0,0.17567567567567569,0.8243243243243243,-1
"((Mort <= 0.671) U[0,2] (Resp >= 15.369))
",0.000,-9999999.000,-9999999.000,0.000,1.000,0,13,0,61,61,13,0,74,0.0,1.0,0.0,0.0,0.17567567567567569,0.8243243243243243,-1
"F[0,2](dfa >= 0.459 & s2_edrk >= -0.003)
",0.000,-9999999.000,-9999999.000,0.000,1.000,0,13,0,61,61,13,0,74,0.0,1.0,0.0,0.0,0.17567567567567569,0.8243243243243243,-1
"((Mort <= 0.344) U[0,1] (Pulse <= 100.679))
",0.000,-9999999.000,-9999999.000,0.000,1.000,0,13,1,60,60,14,1,73,0.0,0.9285714285714286,0.07142857142857142,0.0,0.17567567567567569,0.8243243243243243,-1
"G[0,2](n_edrk >= 0.327 & y <= 0.615)
",0.000,9999999.000,9999999.000,1.000,0.000,0,13,55,6,6,68,55,19,0.0,0.19117647058823528,0.8088235294117647,0.0,0.17567567567567569,0.8243243243243243,1
"F[0,1](LOS >= 2.487 | n_evts <= 0.977)
",0.000,-9999999.000,-9999999.000,0.000,1.000,0,13,1,60,60,14,1,73,0.0,0.9285714285714286,0.07142857142857142,0.0,0.17567567567567569,0.8243243243243243,-1
"F[0,2](n_evts >= 0.033 & SpO2 >= 93.683)
",0.000,-9999999.000,-9999999.000,0.000,1.000,0,12,0,62,62,12,0,74,0.0,1.0,0.0,0.0,0.16216216216216217,0.8378378378378378,-1
"((Glasgow_Coma_Scale_Total >= 14.088) U[0,2] (s8_edrk <= 0.001))
",0.000,-9999999.000,-9999999.000,0.000,1.000,0,12,0,62,62,12,0,74,0.0,1.0,0.0,0.0,0.16216216216216217,0.8378378378378378,-1
"F[0,0](death <= 0.309 | hr <= 114.045)
",1.564,47.583,16.449,0.000,1.000,0,12,2,60,60,14,2,72,0.0,0.8571428571428571,0.14285714285714285,0.0,0.16216216216216217,0.8378378378378378,-1
"F[1,2](dfa >= 0.517 | direct >= 0.057)
",0.000,-9999999.000,-9999999.000,0.000,1.000,0,12,0,62,62,12,0,74,0.0,1.0,0.0,0.0,0.16216216216216217,0.8378378378378378,-1
"F[1,2](CO2 >= 25.188 -> edrk <= 23.328)
",0.000,-9999999.000,-9999999.000,0.000,1.000,0,12,0,62,62,12,0,74,0.0,1.0,0.0,0.0,0.16216216216216217,0.8378378378378378,-1
"((GLUCOSE <= 199.264) U[0,2] (Temp >= 36.479))
",0.000,-9999999.000,-9999999.000,0.000,1.000,0,12,0,62,62,12,0,74,0.0,1.0,0.0,0.0,0.16216216216216217,0.8378378378378378,-1
"F[1,2](CO2 >= 25.119 & LOS >= 2.225)
",0.000,-9999999.000,-9999999.000,0.000,1.000,0,12,0,62,62,12,0,74,0.0,1.0,0.0,0.0,0.16216216216216217,0.8378378378378378,-1
"F[0,2](hr <= 87.722 | O2_Flow >= 2.033)
",0.000,-9999999.000,-9999999.000,0.000,1.000,0,12,0,62,62,12,0,74,0.0,1.0,0.0,0.0,0.16216216216216217,0.8378378378378378,-1
"F[1,2](MET >= 0.015 -> y = 0.375)
",0.000,-9999999.000,-9999999.000,0.000,1.000,0,12,0,62,62,12,0,74,0.0,1.0,0.0,0.0,0.16216216216216217,0.8378378378378378,-1
"((cosen <= -1.676) U[1,2] (hr >= 69.026))
",0.000,-9999999.000,-9999999.000,0.000,1.000,0,12,2,60,60,14,2,72,0.0,0.8571428571428571,0.14285714285714285,0.0,0.16216216216216217,0.8378378378378378,-1
"F[0,1](death >= 0.043 -> GLUCOSE >= 163.868)
",0.000,-9999999.000,-9999999.000,0.000,1.000,0,12,2,60,60,14,2,72,0.0,0.8571428571428571,0.14285714285714285,0.0,0.16216216216216217,0.8378378378378378,-1
"((direct <= 0.752) U[0,2] (srr <= 0.081))
",0.000,-9999999.000,-9999999.000,0.000,1.000,0,12,0,62,62,12,0,74,0.0,1.0,0.0,0.0,0.16216216216216217,0.8378378378378378,-1
"((POTASSIUM <= 3.990) U[0,2] (Resp <= 20.932))
",0.000,-9999999.000,-9999999.000,0.000,1.000,0,12,0,62,62,12,0,74,0.0,1.0,0.0,0.0,0.16216216216216217,0.8378378378378378,-1
"F[1,2](af <= 0.039 | LOS <= 4.003)
",0.000,-9999999.000,-9999999.000,0.000,1.000,0,12,0,62,62,12,0,74,0.0,1.0,0.0,0.0,0.16216216216216217,0.8378378378378378,-1
"G[1,2](Temp >= 35.950 -> y = 0.387)
",0.000,9999999.000,9999999.000,1.000,0.000,0,12,2,60,60,14,2,72,0.0,0.8571428571428571,0.14285714285714285,0.0,0.16216216216216217,0.8378378378378378,1
"G[1,2](ICU_Pt_Days <= 0.824 | PHOSPHORUS >= 3.524)
",0.000,9999999.000,9999999.000,1.000,0.000,0,12,62,0,0,74,62,12,0.0,0.16216216216216217,0.8378378378378378,0.0,0.16216216216216217,0.8378378378378378,1
"((dfa >= 0.531) U[0,0] (tte >= -3.015))
",1.726,3.015,2.498,0.000,1.000,0,12,2,60,60,14,2,72,0.0,0.8571428571428571,0.14285714285714285,0.0,0.16216216216216217,0.8378378378378378,-1
"F[1,1]((af <= 0.009 | AF <= 0.424) & cosen >= -2.405)
",0.412,0.288,0.176,0.000,1.000,0,12,2,60,60,14,2,72,0.0,0.8571428571428571,0.14285714285714285,0.0,0.16216216216216217,0.8378378378378378,-1
"((MET <= 0.155) U[1,1] (Temp >= 35.993))
",-0.054,0.762,0.808,0.000,1.000,0,11,3,60,60,14,3,71,0.0,0.7857142857142857,0.21428571428571427,0.0,0.14864864864864866,0.8513513513513513,-1
"F[0,0](edrk <= 15.467 | hr <= 79.002)
",1.125,12.654,-3.645,0.000,1.000,2,9,5,58,60,14,7,67,0.03333333333333333,0.6428571428571429,0.35714285714285715,0.2857142857142857,0.14864864864864866,0.8513513513513513,-1
"((LOS <= 6.614) U[0,2] (y >= 0.009))
",0.000,-9999999.000,-9999999.000,0.000,1.000,0,11,0,63,63,11,0,74,0.0,1.0,0.0,0.0,0.14864864864864866,0.8513513513513513,-1
"F[1,2](BLOOD_UREA_NITROGEN <= 24.347 & Resp <= 20.107)
",0.000,-9999999.000,-9999999.000,0.000,1.000,0,11,0,63,63,11,0,74,0.0,1.0,0.0,0.0,0.14864864864864866,0.8513513513513513,-1
"F[0,2](LOS <= 9.087 | Pulse <= 75.270)
",0.000,-9999999.000,-9999999.000,0.000,1.000,0,11,0,63,63,11,0,74,0.0,1.0,0.0,0.0,0.14864864864864866,0.8513513513513513,-1
"G[1,2](dfa >= 0.688 | GLUCOSE >= 133.095)
",0.000,9999999.000,9999999.000,1.000,0.000,0,11,63,0,0,74,63,11,0.0,0.14864864864864866,0.8513513513513513,0.0,0.14864864864864866,0.8513513513513513,1
"G[1,2](tte <= -0.014 -> y = 0.679)
",0.000,9999999.000,9999999.000,1.000,0.000,0,11,63,0,0,74,63,11,0.0,0.14864864864864866,0.8513513513513513,0.0,0.14864864864864866,0.8513513513513513,1
"G[0,2](n_edrk >= 0.312 & tte <= -0.154)
",0.000,9999999.000,9999999.000,1.000,0.000,0,11,3,60,60,14,3,71,0.0,0.7857142857142857,0.21428571428571427,0.0,0.14864864864864866,0.8513513513513513,1
"G[0,1](LOS <= 6.630 -> y = 0.188)
",0.000,9999999.000,9999999.000,1.000,0.000,0,11,3,60,60,14,3,71,0.0,0.7857142857142857,0.21428571428571427,0.0,0.14864864864864866,0.8513513513513513,1
"G[0,2](BLOOD_UREA_NITROGEN <= 25.033 & SBP >= 111.539)
",0.000,9999999.000,9999999.000,1.000,0.000,0,10,25,39,39,35,25,49,0.0,0.2857142857142857,0.7142857142857143,0.0,0.13513513513513514,0.8648648648648649,1
"G[0,1](Pulse <= 99.227 & y >= 0.105)
",0.000,9999999.000,9999999.000,1.000,0.000,0,10,4,60,60,14,4,70,0.0,0.7142857142857143,0.2857142857142857,0.0,0.13513513513513514,0.8648648648648649,1
"((ICU_Pt_Days >= 0.136) U[0,2] (SpO2 <= 96.021))
",0.000,-9999999.000,-9999999.000,0.000,1.000,0,10,0,64,64,10,0,74,0.0,1.0,0.0,0.0,0.13513513513513514,0.8648648648648649,-1
"((lds <= 1.779) U[1,1] (n_edrk >= 0.174))
",0.861,1.006,0.574,0.000,1.000,2,8,6,58,60,14,8,66,0.03333333333333333,0.5714285714285714,0.42857142857142855,0.25,0.13513513513513514,0.8648648648648649,-1
"F[0,1](CO2 <= 25.585 | Mort <= 0.927)
",0.000,-9999999.000,-9999999.000,0.000,1.000,0,10,4,60,60,14,4,70,0.0,0.7142857142857143,0.2857142857142857,0.0,0.13513513513513514,0.8648648648648649,-1
"((Pulse <= 101.901) U[1,2] (SODIUM <= 139.445))
",0.000,-9999999.000,-9999999.000,0.000,1.000,0,10,4,60,60,14,4,70,0.0,0.7142857142857143,0.2857142857142857,0.0,0.13513513513513514,0.8648648648648649,-1
"((death <= 0.856) U[0,0] (Glasgow_Coma_Scale_Total >= 14.363))
",0.632,0.856,0.570,0.000,1.000,0,10,4,60,60,14,4,70,0.0,0.7142857142857143,0.2857142857142857,0.0,0.13513513513513514,0.8648648648648649,-1
"((O2_Flow <= 6.077) U[0,2] (SpO2 <= 96.919))
",0.000,-9999999.000,-9999999.000,0.000,1.000,0,10,0,64,64,10,0,74,0.0,1.0,0.0,0.0,0.13513513513513514,0.8648648648648649,-1
"F[0,2](O2_Flow >= 2.008 | Temp <= 36.856)
",0.000,-9999999.000,-9999999.000,0.000,1.000,0,10,0,64,64,10,0,74,0.0,1.0,0.0,0.0,0.13513513513513514,0.8648648648648649,-1
"((CHLORIDE >= 103.416) U[0,1] (ICU_Pt_Days <= 3.847))
",0.000,-9999999.000,-9999999.000,0.000,1.000,0,9,5,60,60,14,5,69,0.0,0.6428571428571429,0.35714285714285715,0.0,0.12162162162162163,0.8783783783783784,-1
"F[0,2]((af <= 0.088 | AF <= 0.205) & cosen >= -2.142)
",0.000,-9999999.000,-9999999.000,0.000,1.000,0,9,0,65,65,9,0,74,0.0,1.0,0.0,0.0,0.12162162162162163,0.8783783783783784,-1
"F[1,2](Mort >= 0.042 | Temp <= 37.002)
",0.000,-9999999.000,-9999999.000,0.000,1.000,0,9,0,65,65,9,0,74,0.0,1.0,0.0,0.0,0.12162162162162163,0.8783783783783784,-1
"F[0,1](CO2 <= 25.451 | O2_Flow >= 2.111)
",0.000,-9999999.000,-9999999.000,0.000,1.000,1,8,6,59,60,14,7,67,0.016666666666666666,0.5714285714285714,0.42857142857142855,0.14285714285714285,0.12162162162162163,0.8783783783783784,-1
"F[0,2](CO2 >= 25.004 -> direct <= 0.829)
",0.000,-9999999.000,-9999999.000,0.000,1.000,0,9,0,65,65,9,0,74,0.0,1.0,0.0,0.0,0.12162162162162163,0.8783783783783784,-1
"F[1,2](GLUCOSE <= 218.516 & LOS <= 7.936)
",0.000,-9999999.000,-9999999.000,0.000,1.000,0,9,0,65,65,9,0,74,0.0,1.0,0.0,0.0,0.12162162162162163,0.8783783783783784,-1
"F[0,2](dfa >= 0.542 & lds <= 1.649)
",0.000,-9999999.000,-9999999.000,0.000,1.000,0,9,0,65,65,9,0,74,0.0,1.0,0.0,0.0,0.12162162162162163,0.8783783783783784,-1
"F[1,2](AF <= 0.164 -> O2_Flow <= 2.922)
",0.000,-9999999.000,-9999999.000,0.000,1.000,0,9,0,65,65,9,0,74,0.0,1.0,0.0,0.0,0.12162162162162163,0.8783783783783784,-1
"F[0,1](CO2 <= 25.556 | ICU_Pt_Days <= 2.794)
",0.000,-9999999.000,-9999999.000,0.000,1.000,0,9,5,60,60,14,5,69,0.0,0.6428571428571429,0.35714285714285715,0.0,0.12162162162162163,0.8783783783783784,-1
"F[0,0](ICU_Pt_Days <= 2.691 -> SODIUM >= 137.767)
",-2.528,-3.034,-0.001,0.000,1.000,1,8,6,59,60,14,7,67,0.016666666666666666,0.5714285714285714,0.42857142857142855,0.14285714285714285,0.12162162162162163,0.8783783783783784,-1
"G[0,2](AF <= 0.426 -> y <= 0.535)
",0.000,9999999.000,9999999.000,1.000,0.000,0,9,65,0,0,74,65,9,0.0,0.12162162162162163,0.8783783783783784,0.0,0.12162162162162163,0.8783783783783784,1
"G[1,2](death <= 0.281 & Temp <= 36.914)
",0.000,9999999.000,9999999.000,1.000,0.000,0,9,57,8,8,66,57,17,0.0,0.13636363636363635,0.8636363636363636,0.0,0.12162162162162163,0.8783783783783784,1
"G[0,1](ICU_Pt_Days <= 3.671 -> y = 0.020)
",0.000,9999999.000,9999999.000,1.000,0.000,0,9,5,60,60,14,5,69,0.0,0.6428571428571429,0.35714285714285715,0.0,0.12162162162162163,0.8783783783783784,1
"((GLUCOSE >= 147.448) U[0,2] (O2_Flow >= 2.151))
",0.000,-9999999.000,-9999999.000,0.000,1.000,0,8,0,66,66,8,0,74,0.0,1.0,0.0,0.0,0.10810810810810811,0.8918918918918919,-1
"((SpO2 <= 99.908) U[1,2] (y >= 0.050))
",0.000,-9999999.000,-9999999.000,0.000,1.000,0,8,1,65,65,9,1,73,0.0,0.8888888888888888,0.1111111111111111,0.0,0.10810810810810811,0.8918918918918919,-1
"F[1,2](edrk >= 13.462 & s24_edrk <= 0.002)
",0.000,-9999999.000,-9999999.000,0.000,1.000,0,8,0,66,66,8,0,74,0.0,1.0,0.0,0.0,0.10810810810810811,0.8918918918918919,-1
"F[0,1](af <= 0.057 & y <= 0.693)
",0.000,-9999999.000,-9999999.000,0.000,1.000,0,7,7,60,60,14,7,67,0.0,0.5,0.5,0.0,0.0945945945945946,0.9054054054054054,-1
"((O2_Flow >= 2.144) U[0,2] (srr >= 0.055))
",0.000,-9999999.000,-9999999.000,0.000,1.000,0,7,0,67,67,7,0,74,0.0,1.0,0.0,0.0,0.0945945945945946,0.9054054054054054,-1
"F[0,2]((af <= 0.089 | AF <= 0.496) & cosen >= -2.106)
",0.000,-9999999.000,-9999999.000,0.000,1.000,0,7,0,67,67,7,0,74,0.0,1.0,0.0,0.0,0.0945945945945946,0.9054054054054054,-1
"((hr <= 90.308) U[1,2] (PHOSPHORUS <= 3.683))
",0.000,-9999999.000,-9999999.000,0.000,1.000,0,7,7,60,60,14,7,67,0.0,0.5,0.5,0.0,0.0945945945945946,0.9054054054054054,-1
"((TROPONIN_I <= 3.268) U[0,1] (y <= 0.665))
",0.000,-9999999.000,-9999999.000,0.000,1.000,0,7,7,60,60,14,7,67,0.0,0.5,0.5,0.0,0.0945945945945946,0.9054054054054054,-1
"F[1,1](direct <= 0.338 -> SBP >= 125.293)
",-2.151,-45.107,0.234,0.000,1.000,0,7,7,60,60,14,7,67,0.0,0.5,0.5,0.0,0.0945945945945946,0.9054054054054054,-1
"F[0,1](edrk <= 36.253 & y <= 0.469)
",0.000,-9999999.000,-9999999.000,0.000,1.000,0,7,7,60,60,14,7,67,0.0,0.5,0.5,0.0,0.0945945945945946,0.9054054054054054,-1
"((SODIUM <= 140.743) U[0,2] (y <= 0.999))
",0.000,-9999999.000,-9999999.000,0.000,1.000,0,7,0,67,67,7,0,74,0.0,1.0,0.0,0.0,0.0945945945945946,0.9054054054054054,-1
"F[1,2](hr <= 113.575 -> y <= 0.391)
",0.000,-9999999.000,-9999999.000,0.000,1.000,0,7,0,67,67,7,0,74,0.0,1.0,0.0,0.0,0.0945945945945946,0.9054054054054054,-1
"((GLUCOSE >= 177.387) U[0,2] (n_edrk >= 0.755))
",0.000,-9999999.000,-9999999.000,0.000,1.000,0,7,0,67,67,7,0,74,0.0,1.0,0.0,0.0,0.0945945945945946,0.9054054054054054,-1
"((CHLORIDE <= 104.105) U[0,2] (y <= 0.577))
",0.000,-9999999.000,-9999999.000,0.000,1.000,0,7,0,67,67,7,0,74,0.0,1.0,0.0,0.0,0.0945945945945946,0.9054054054054054,-1
"F[1,2](MET <= 0.515 & Mort <= 0.144)
",0.000,-9999999.000,-9999999.000,0.000,1.000,0,7,0,67,67,7,0,74,0.0,1.0,0.0,0.0,0.0945945945945946,0.9054054054054054,-1
"F[0,2](MET <= 0.201 & y <= 0.440)
",0.000,-9999999.000,-9999999.000,0.000,1.000,0,7,0,67,67,7,0,74,0.0,1.0,0.0,0.0,0.0945945945945946,0.9054054054054054,-1
"((Pulse <= 75.259) U[1,2] (s24_edrk <= 0.002))
",0.000,-9999999.000,-9999999.000,0.000,1.000,4,3,8,59,63,11,12,62,0.06349206349206349,0.2727272727272727,0.7272727272727273,0.3333333333333333,0.0945945945945946,0.9054054054054054,-1
"G[1,2](Mort >= 0.016 -> TROPONIN_I >= 2.165)
",0.000,9999999.000,9999999.000,1.000,0.000,0,7,67,0,0,74,67,7,0.0,0.0945945945945946,0.9054054054054054,0.0,0.0945945945945946,0.9054054054054054,1
"G[0,1](edrk <= 17.408 & n_evts >= 0.154)
",0.000,9999999.000,9999999.000,1.000,0.000,0,7,7,60,60,14,7,67,0.0,0.5,0.5,0.0,0.0945945945945946,0.9054054054054054,1
"G[1,2](direct >= 0.014 -> SODIUM >= 138.656)
",0.000,9999999.000,9999999.000,1.000,0.000,0,7,67,0,0,74,67,7,0.0,0.0945945945945946,0.9054054054054054,0.0,0.0945945945945946,0.9054054054054054,1
"G[0,2](ICU_Pt_Days >= 0.024 -> n_edrk <= 0.895)
",0.000,9999999.000,9999999.000,1.000,0.000,0,6,68,0,0,74,68,6,0.0,0.08108108108108109,0.918918918918919,0.0,0.08108108108108109,0.9189189189189189,1
"G[0,2](direct <= 0.355 -> n_edrk >= 0.437)
",0.000,9999999.000,9999999.000,1.000,0.000,0,6,60,8,8,66,60,14,0.0,0.09090909090909091,0.9090909090909091,0.0,0.08108108108108109,0.9189189189189189,1
"((Mort >= 0.021) U[1,2] (n_evts >= 0.181))
",0.000,-9999999.000,-9999999.000,0.000,1.000,0,6,8,60,60,14,8,66,0.0,0.42857142857142855,0.5714285714285714,0.0,0.08108108108108109,0.9189189189189189,-1
"((direct <= 0.174) U[1,1] (Temp >= 36.176))
",-0.224,0.585,0.731,0.000,1.000,1,5,9,59,60,14,10,64,0.016666666666666666,0.35714285714285715,0.6428571428571429,0.1,0.08108108108108109,0.9189189189189189,-1
"((AF >= 0.012) U[0,2] (Glasgow_Coma_Scale_Total <= 14.990))
",0.000,-9999999.000,-9999999.000,0.000,1.000,0,5,0,69,69,5,0,74,0.0,1.0,0.0,0.0,0.06756756756756757,0.9324324324324325,-1
"F[1,2](POTASSIUM >= 3.929 & Temp >= 36.668)
",0.000,-9999999.000,-9999999.000,0.000,1.000,0,5,0,69,69,5,0,74,0.0,1.0,0.0,0.0,0.06756756756756757,0.9324324324324325,-1
"((ICU_Pt_Days <= 1.170) U[1,2] (n_evts >= 0.080))
",0.000,-9999999.000,-9999999.000,0.000,1.000,0,5,9,60,60,14,9,65,0.0,0.35714285714285715,0.6428571428571429,0.0,0.06756756756756757,0.9324324324324325,-1
"((Glasgow_Coma_Scale_Total >= 14.773) U[1,1] (Mort <= 0.734))
",0.787,0.734,0.446,0.000,1.000,0,5,9,60,60,14,9,65,0.0,0.35714285714285715,0.6428571428571429,0.0,0.06756756756756757,0.9324324324324325,-1
"G[1,2](Mort >= 0.087 -> n_edrk >= 0.400)
",0.000,9999999.000,9999999.000,1.000,0.000,0,5,69,0,0,74,69,5,0.0,0.06756756756756757,0.9324324324324325,0.0,0.06756756756756757,0.9324324324324325,1
"G[1,2](Pulse <= 106.425 & s8_edrk <= 0.002)
",0.000,9999999.000,9999999.000,1.000,0.000,0,5,69,0,0,74,69,5,0.0,0.06756756756756757,0.9324324324324325,0.0,0.06756756756756757,0.9324324324324325,1
"G[1,2](death <= 0.280 | TROPONIN_I >= 1.825)
",0.000,9999999.000,9999999.000,1.000,0.000,0,4,70,0,0,74,70,4,0.0,0.05405405405405406,0.9459459459459459,0.0,0.05405405405405406,0.9459459459459459,1
"G[0,2](Resp <= 21.382 | SODIUM >= 138.201)
",0.000,9999999.000,9999999.000,1.000,0.000,0,4,70,0,0,74,70,4,0.0,0.05405405405405406,0.9459459459459459,0.0,0.05405405405405406,0.9459459459459459,1
"G[1,2](Resp <= 18.911 & s2_edrk <= 0.003)
",0.000,9999999.000,9999999.000,1.000,0.000,0,4,38,32,32,42,38,36,0.0,0.09523809523809523,0.9047619047619048,0.0,0.05405405405405406,0.9459459459459459,1
"F[0,1](HEMOGLOBIN >= 10.343 | hr <= 82.442)
",0.000,-9999999.000,-9999999.000,0.000,1.000,0,4,10,60,60,14,10,64,0.0,0.2857142857142857,0.7142857142857143,0.0,0.05405405405405406,0.9459459459459459,-1
"F[1,2]((af <= 0.342 | AF <= 0.240) & cosen >= -2.131)
",0.000,-9999999.000,-9999999.000,0.000,1.000,0,4,0,70,70,4,0,74,0.0,1.0,0.0,0.0,0.05405405405405406,0.9459459459459459,-1
"G[1,2](death >= 0.020 | s24_edrk <= 0.002)
",0.000,9999999.000,9999999.000,1.000,0.000,0,3,71,0,0,74,71,3,0.0,0.04054054054054054,0.9594594594594594,0.0,0.04054054054054054,0.9594594594594594,1
"G[0,2](lds >= 0.608 & SBP >= 82.591)
",0.000,9999999.000,9999999.000,1.000,0.000,0,3,42,29,29,45,42,32,0.0,0.06666666666666667,0.9333333333333333,0.0,0.04054054054054054,0.9594594594594594,1
"((Glasgow_Coma_Scale_Total >= 14.589) U[1,2] (ICU_Pt_Days <= 1.464))
",0.000,-9999999.000,-9999999.000,0.000,1.000,0,3,1,70,70,4,1,73,0.0,0.75,0.25,0.0,0.04054054054054054,0.9594594594594594,-1
"((cosen >= -2.296) U[0,2] (MET >= 0.021))
",0.000,-9999999.000,-9999999.000,0.000,1.000,0,3,0,71,71,3,0,74,0.0,1.0,0.0,0.0,0.04054054054054054,0.9594594594594594,-1
"G[0,2](CHLORIDE <= 104.369 & MET <= 0.095)
",0.000,9999999.000,9999999.000,1.000,0.000,0,3,51,20,20,54,51,23,0.0,0.05555555555555555,0.9444444444444444,0.0,0.04054054054054054,0.9594594594594594,1
"G[1,2](Mort >= 0.034 -> srr <= 0.106)
",0.000,9999999.000,9999999.000,1.000,0.000,0,3,71,0,0,74,71,3,0.0,0.04054054054054054,0.9594594594594594,0.0,0.04054054054054054,0.9594594594594594,1
"G[0,1](hr >= 53.314 -> n_evts >= 0.091)
",0.000,9999999.000,9999999.000,1.000,0.000,2,1,13,58,60,14,15,59,0.03333333333333333,0.07142857142857142,0.9285714285714286,0.13333333333333333,0.04054054054054054,0.9594594594594594,1
"G[0,2](MET <= 0.927 | Resp >= 13.979)
",0.000,9999999.000,9999999.000,1.000,0.000,0,3,71,0,0,74,71,3,0.0,0.04054054054054054,0.9594594594594594,0.0,0.04054054054054054,0.9594594594594594,1
"G[0,2](s24_hr >= -0.001 -> srr <= 0.121)
",0.000,9999999.000,9999999.000,1.000,0.000,0,3,71,0,0,74,71,3,0.0,0.04054054054054054,0.9594594594594594,0.0,0.04054054054054054,0.9594594594594594,1
"F[1,2](hr <= 84.904 & s8_hr >= -0.001)
",0.000,-9999999.000,-9999999.000,0.000,1.000,0,3,0,71,71,3,0,74,0.0,1.0,0.0,0.0,0.04054054054054054,0.9594594594594594,-1
"((hr >= 63.862) U[0,0] (TROPONIN_I >= 0.977))
",-1.562,5.493,35.208,0.000,1.000,2,1,13,58,60,14,15,59,0.03333333333333333,0.07142857142857142,0.9285714285714286,0.13333333333333333,0.04054054054054054,0.9594594594594594,-1
"((SBP <= 171.445) U[0,1] (TROPONIN_I >= 0.305))
",0.000,-9999999.000,-9999999.000,0.000,1.000,2,1,13,58,60,14,15,59,0.03333333333333333,0.07142857142857142,0.9285714285714286,0.13333333333333333,0.04054054054054054,0.9594594594594594,-1
"G[1,2](SODIUM >= 137.491 | tte <= -0.045)
",0.000,9999999.000,9999999.000,1.000,0.000,0,3,70,1,1,73,70,4,0.0,0.0410958904109589,0.958904109589041,0.0,0.04054054054054054,0.9594594594594594,1
"G[1,2](tte >= -3.776 -> y >= 0.067)
",0.000,9999999.000,9999999.000,1.000,0.000,0,3,11,60,60,14,11,63,0.0,0.21428571428571427,0.7857142857142857,0.0,0.04054054054054054,0.9594594594594594,1
"G[0,2](Mort <= 0.597 | s24_edrk >= -0.006)
",0.000,9999999.000,9999999.000,1.000,0.000,0,2,72,0,0,74,72,2,0.0,0.02702702702702703,0.972972972972973,0.0,0.02702702702702703,0.972972972972973,1
"G[0,2](af <= 0.376 | direct <= 0.931)
",0.000,9999999.000,9999999.000,1.000,0.000,0,2,72,0,0,74,72,2,0.0,0.02702702702702703,0.972972972972973,0.0,0.02702702702702703,0.972972972972973,1
"G[1,2](af >= 0.006 -> hr <= 75.177)
",0.000,9999999.000,9999999.000,1.000,0.000,0,2,72,0,0,74,72,2,0.0,0.02702702702702703,0.972972972972973,0.0,0.02702702702702703,0.972972972972973,1
"G[1,2](hr >= 56.717 & Pulse >= 73.941)
",0.000,9999999.000,9999999.000,1.000,0.000,0,2,18,54,54,20,18,56,0.0,0.1,0.9,0.0,0.02702702702702703,0.972972972972973,1
"G[0,2](cosen <= -1.610 -> Resp >= 16.919)
",0.000,9999999.000,9999999.000,1.000,0.000,0,2,60,12,12,62,60,14,0.0,0.03225806451612903,0.967741935483871,0.0,0.02702702702702703,0.972972972972973,1
"G[1,2](hr >= 58.668 & s24_hr <= 0.000)
",0.000,9999999.000,9999999.000,1.000,0.000,0,2,42,30,30,44,42,32,0.0,0.045454545454545456,0.9545454545454546,0.0,0.02702702702702703,0.972972972972973,1
"G[1,2](hr >= 55.521 & ICU_Pt_Days >= 0.504)
",0.000,9999999.000,9999999.000,1.000,0.000,0,2,12,60,60,14,12,62,0.0,0.14285714285714285,0.8571428571428571,0.0,0.02702702702702703,0.972972972972973,1
"G[0,2](CHLORIDE >= 102.457 | lds >= 0.804)
",0.000,9999999.000,9999999.000,1.000,0.000,0,2,71,1,1,73,71,3,0.0,0.0273972602739726,0.9726027397260274,0.0,0.02702702702702703,0.972972972972973,1
"G[1,2](lds <= 0.958 | LOS >= 2.157)
",0.000,9999999.000,9999999.000,1.000,0.000,0,2,60,12,12,62,60,14,0.0,0.03225806451612903,0.967741935483871,0.0,0.02702702702702703,0.972972972972973,1
"G[1,2](CALCIUM <= 8.981 -> Temp >= 36.008)
",0.000,9999999.000,9999999.000,1.000,0.000,0,2,72,0,0,74,72,2,0.0,0.02702702702702703,0.972972972972973,0.0,0.02702702702702703,0.972972972972973,1
"G[0,2](direct <= 0.956 -> lds <= 1.582)
",0.000,9999999.000,9999999.000,1.000,0.000,0,2,62,10,10,64,62,12,0.0,0.03125,0.96875,0.0,0.02702702702702703,0.972972972972973,1
"G[1,1](direct >= 0.063 | TROPONIN_I <= 2.249)
",-5.385,0.012,2.189,1.000,0.000,2,0,14,58,60,14,16,58,0.03333333333333333,0.0,1.0,0.125,0.02702702702702703,0.972972972972973,1
"F[0,1](CALCIUM >= 8.806 -> SODIUM >= 138.085)
",0.000,-9999999.000,-9999999.000,0.000,1.000,1,1,13,59,60,14,14,60,0.016666666666666666,0.07142857142857142,0.9285714285714286,0.07142857142857142,0.02702702702702703,0.972972972972973,-1
"F[0,1](GLUCOSE <= 206.853 -> TROPONIN_I >= 1.744)
",0.000,-9999999.000,-9999999.000,0.000,1.000,1,1,13,59,60,14,14,60,0.016666666666666666,0.07142857142857142,0.9285714285714286,0.07142857142857142,0.02702702702702703,0.972972972972973,-1
"((Mort <= 0.820) U[1,2] (O2_Flow >= 2.030))
",0.000,-9999999.000,-9999999.000,0.000,1.000,0,2,3,69,69,5,3,71,0.0,0.4,0.6,0.0,0.02702702702702703,0.972972972972973,-1
"((AF <= 0.192) U[0,1] (GLUCOSE >= 141.128))
",0.000,-9999999.000,-9999999.000,0.000,1.000,1,1,13,59,60,14,14,60,0.016666666666666666,0.07142857142857142,0.9285714285714286,0.07142857142857142,0.02702702702702703,0.972972972972973,-1
"F[1,2](Pulse >= 72.975 -> TROPONIN_I >= 1.689)
",0.000,-9999999.000,-9999999.000,0.000,1.000,0,2,0,72,72,2,0,74,0.0,1.0,0.0,0.0,0.02702702702702703,0.972972972972973,-1
"F[0,2](s8_edrk > -0.005 -> y = 0.490)
",0.000,-9999999.000,-9999999.000,0.000,1.000,0,2,0,72,72,2,0,74,0.0,1.0,0.0,0.0,0.02702702702702703,0.972972972972973,-1
"F[0,0](POTASSIUM >= 3.939 -> SODIUM >= 138.633)
",-1.030,-1.388,-0.061,0.000,1.000,1,1,13,59,60,14,14,60,0.016666666666666666,0.07142857142857142,0.9285714285714286,0.07142857142857142,0.02702702702702703,0.972972972972973,-1
"((PARTIAL_THROMBOPLASTIN_TIME <= 31.159) U[0,2] (PROTIME_INR <= 1.173))
",0.000,-9999999.000,-9999999.000,0.000,1.000,0,1,0,73,73,1,0,74,0.0,1.0,0.0,0.0,0.013513513513513514,0.9864864864864865,-1
"((BLOOD_UREA_NITROGEN <= 24.786) U[0,2] (PARTIAL_THROMBOPLASTIN_TIME <= 31.590))
",0.000,-9999999.000,-9999999.000,0.000,1.000,0,1,0,73,73,1,0,74,0.0,1.0,0.0,0.0,0.013513513513513514,0.9864864864864865,-1
"G[0,1](n_evts <= 0.450 -> LOS >= 2.638)
",0.000,9999999.000,9999999.000,1.000,0.000,0,1,13,60,60,14,13,61,0.0,0.07142857142857142,0.9285714285714286,0.0,0.013513513513513514,0.9864864864864865,1
"((PROTIME_INR >= 1.065) U[0,2] (TROPONIN_I >= 1.786))
",0.000,-9999999.000,-9999999.000,0.000,1.000,0,1,0,73,73,1,0,74,0.0,1.0,0.0,0.0,0.013513513513513514,0.9864864864864865,-1
"((CO2 <= 25.413) U[1,2] (dfa >= 0.456))
",0.000,-9999999.000,-9999999.000,0.000,1.000,1,0,12,61,62,12,13,61,0.016129032258064516,0.0,1.0,0.07692307692307693,0.013513513513513514,0.9864864864864865,-1
"F[0,0](af <= 0.087 -> n_evts <= 0.482)
",-7103051733661957.000,-0.482,-0.087,0.000,1.000,0,1,13,60,60,14,13,61,0.0,0.07142857142857142,0.9285714285714286,0.0,0.013513513513513514,0.9864864864864865,-1
"F[0,2](BLOOD_UREA_NITROGEN <= 24.029 -> HEMOGLOBIN >= 10.273)
",0.000,-9999999.000,-9999999.000,0.000,1.000,0,1,0,73,73,1,0,74,0.0,1.0,0.0,0.0,0.013513513513513514,0.9864864864864865,-1
"((GLUCOSE >= 134.765) U[1,2] (ICU_Pt_Days <= 1.082))
",0.000,-9999999.000,-9999999.000,0.000,1.000,1,0,4,69,70,4,5,69,0.014285714285714285,0.0,1.0,0.2,0.013513513513513514,0.9864864864864865,-1
"G[0,2](CHLORIDE <= 104.378 & CREATININE <= 1.152)
",0.000,9999999.000,9999999.000,1.000,0.000,0,1,14,59,59,15,14,60,0.0,0.06666666666666667,0.9333333333333333,0.0,0.013513513513513514,0.9864864864864865,1
"((BLOOD_UREA_NITROGEN >= 21.072) U[1,2] (MAGNESIUM >= 1.703))
",0.000,-9999999.000,-9999999.000,0.000,1.000,1,0,14,59,60,14,15,59,0.016666666666666666,0.0,1.0,0.06666666666666667,0.013513513513513514,0.9864864864864865,-1
"((ICU_Pt_Days >= 0.023) U[0,2] (MAGNESIUM <= 1.994))
",0.000,-9999999.000,-9999999.000,0.000,1.000,0,1,0,73,73,1,0,74,0.0,1.0,0.0,0.0,0.013513513513513514,0.9864864864864865,-1
"((CO2 >= 25.157) U[0,2] (MAGNESIUM <= 1.936))
",0.000,-9999999.000,-9999999.000,0.000,1.000,0,1,0,73,73,1,0,74,0.0,1.0,0.0,0.0,0.013513513513513514,0.9864864864864865,-1
"((CHLORIDE >= 102.586) U[1,2] (n_edrk >= 0.505))
",0.000,-9999999.000,-9999999.000,0.000,1.000,1,0,6,67,68,6,7,67,0.014705882352941176,0.0,1.0,0.14285714285714285,0.013513513513513514,0.9864864864864865,-1
"G[1,2](SBP >= 101.582 | tte <= -0.112)
",0.000,9999999.000,9999999.000,1.000,0.000,0,1,73,0,0,74,73,1,0.0,0.013513513513513514,0.9864864864864865,0.0,0.013513513513513514,0.9864864864864865,1
"G[0,1](n_evts <= 0.420 -> LOS >= 2.740)
",0.000,9999999.000,9999999.000,1.000,0.000,0,1,13,60,60,14,13,61,0.0,0.07142857142857142,0.9285714285714286,0.0,0.013513513513513514,0.9864864864864865,1
"G[0,2](LOS >= 2.274 | O2_Flow >= 2.053)
",0.000,9999999.000,9999999.000,1.000,0.000,0,1,13,60,60,14,13,61,0.0,0.07142857142857142,0.9285714285714286,0.0,0.013513513513513514,0.9864864864864865,1
"G[0,2](LOS <= 7.646 -> s2_edrk <= 0.003)
",0.000,9999999.000,9999999.000,1.000,0.000,0,1,73,0,0,74,73,1,0.0,0.013513513513513514,0.9864864864864865,0.0,0.013513513513513514,0.9864864864864865,1
"G[0,2](CHLORIDE <= 104.596 | PROTIME_INR >= 0.901)
",0.000,9999999.000,9999999.000,1.000,0.000,0,1,53,20,20,54,53,21,0.0,0.018518518518518517,0.9814814814814815,0.0,0.013513513513513514,0.9864864864864865,1
"((MET >= 0.016) U[0,2] (n_evts <= 0.971))
",0.000,-9999999.000,-9999999.000,0.000,1.000,0,1,0,73,73,1,0,74,0.0,1.0,0.0,0.0,0.013513513513513514,0.9864864864864865,-1
"((MET >= 0.018) U[0,2] (death = 0.054))
",0.000,-9999999.000,-9999999.000,0.000,1.000,0,0,0,74,74,0,0,74,0.0,0.0,0.0,0.0,0.0,1.0,-1
"((CO2 >= 25.048) U[2,2] (y <= 0.378))
",-5.385,0.397,0.952,0.000,1.000,0,0,0,74,74,0,0,74,0.0,0.0,0.0,0.0,0.0,1.0,-1
"F[1,2](MAGNESIUM <= 1.925 & TROPONIN_I >= 2.111)
",0.000,-9999999.000,-9999999.000,0.000,1.000,0,0,0,74,74,0,0,74,0.0,0.0,0.0,0.0,0.0,1.0,-1
"((SODIUM <= 140.817) U[1,2] (WHITE_BLOOD_CELL_COUNT <= 7.570))
",0.000,-9999999.000,-9999999.000,0.000,1.000,0,0,0,74,74,0,0,74,0.0,0.0,0.0,0.0,0.0,1.0,-1
"((death <= 0.056) U[1,1] (n_evts <= 0.742))
",6.648,0.742,0.011,0.000,1.000,0,0,14,60,60,14,14,60,0.0,0.0,1.0,0.0,0.0,1.0,-1
"F[2,2](GLUCOSE >= 154.773 | y >= 0.021)
",1.274,41.936,0.694,0.000,1.000,0,0,0,74,74,0,0,74,0.0,0.0,0.0,0.0,0.0,1.0,-1
"F[2,2](Pulse >= 62.000 & y = 0.197)
",1.581,-0.197,-0.630,0.000,1.000,0,0,0,74,74,0,0,74,0.0,0.0,0.0,0.0,0.0,1.0,-1
"((CHLORIDE >= 103.221) U[2,2] (LOS <= 11.558))
",1.355,9.558,4.415,0.000,1.000,0,0,0,74,74,0,0,74,0.0,0.0,0.0,0.0,0.0,1.0,-1
"((CHLORIDE >= 103.618) U[1,2] (direct >= 0.042))
",0.000,-9999999.000,-9999999.000,0.000,1.000,0,0,7,67,67,7,7,67,0.0,0.0,1.0,0.0,0.0,1.0,-1
"((O2_Flow >= 2.169) U[2,2] (SBP >= 100.844))
",1.912,69.556,14.206,0.000,1.000,0,0,0,74,74,0,0,74,0.0,0.0,0.0,0.0,0.0,1.0,-1
"((PHOSPHORUS >= 3.528) U[0,2] (y = 0.686))
",0.000,-9999999.000,-9999999.000,0.000,1.000,0,0,0,74,74,0,0,74,0.0,0.0,0.0,0.0,0.0,1.0,-1
"((HEMOGLOBIN <= 10.659) U[2,2] (PARTIAL_THROMBOPLASTIN_TIME >= 28.898))
",-0.707,1.787,2.902,0.000,1.000,0,0,0,74,74,0,0,74,0.0,0.0,0.0,0.0,0.0,1.0,-1
"((GLUCOSE <= 193.556) U[2,2] (HEMOGLOBIN >= 10.433))
",-2.735,15.523,74.556,0.000,1.000,0,0,0,74,74,0,0,74,0.0,0.0,0.0,0.0,0.0,1.0,-1
"((edrk <= 24.009) U[2,2] (Glasgow_Coma_Scale_Total <= 14.985))
",0.248,8.826,7.365,0.000,1.000,0,0,0,74,74,0,0,74,0.0,0.0,0.0,0.0,0.0,1.0,-1
"((CALCIUM <= 8.990) U[1,2] (POTASSIUM <= 3.959))
",0.000,-9999999.000,-9999999.000,0.000,1.000,0,0,0,74,74,0,0,74,0.0,0.0,0.0,0.0,0.0,1.0,-1
"((GLUCOSE >= 165.131) U[2,2] (Resp >= 16.113))
",1.141,35.809,2.173,0.000,1.000,0,0,0,74,74,0,0,74,0.0,0.0,0.0,0.0,0.0,1.0,-1
"((s2_edrk > -0.001) U[0,2] (y = 0.229))
",0.000,-9999999.000,-9999999.000,0.000,1.000,0,0,0,74,74,0,0,74,0.0,0.0,0.0,0.0,0.0,1.0,-1
"F[1,2](MAGNESIUM >= 1.871 & WHITE_BLOOD_CELL_COUNT <= 8.354)
",0.000,-9999999.000,-9999999.000,0.000,1.000,0,0,0,74,74,0,0,74,0.0,0.0,0.0,0.0,0.0,1.0,-1
"F[2,2](death >= 0.014 -> dfa >= 0.668)
",0.043,-0.184,-0.207,0.000,1.000,0,0,0,74,74,0,0,74,0.0,0.0,0.0,0.0,0.0,1.0,-1
"F[2,2](Mort >= 0.002 -> y = 0.789)
",0.866,0.002,-0.427,0.000,1.000,0,0,0,74,74,0,0,74,0.0,0.0,0.0,0.0,0.0,1.0,-1
"((MAGNESIUM > 1.731) U[1,2] (y = 0.966))
",0.000,-9999999.000,-9999999.000,0.000,1.000,0,0,0,74,74,0,0,74,0.0,0.0,0.0,0.0,0.0,1.0,-1
"((PARTIAL_THROMBOPLASTIN_TIME >= 29.894) U[2,2] (s8_hr <= 0.001))
",-0.707,1.271,1.906,0.000,1.000,0,0,0,74,74,0,0,74,0.0,0.0,0.0,0.0,0.0,1.0,-1
"((n_evts <= 0.711) U[0,2] (SODIUM >= 138.816))
",0.000,-9999999.000,-9999999.000,0.000,1.000,0,0,0,74,74,0,0,74,0.0,0.0,0.0,0.0,0.0,1.0,-1
"((hr >= 62.377) U[2,2] (tte >= -2.740))
",-1.320,7.223,32.850,0.000,1.000,0,0,0,74,74,0,0,74,0.0,0.0,0.0,0.0,0.0,1.0,-1
"F[2,2](n_edrk <= 0.842 & SBP <= 173.685)
",-0.813,-7.168,0.298,0.000,1.000,0,0,0,74,74,0,0,74,0.0,0.0,0.0,0.0,0.0,1.0,-1
"F[2,2](LOS >= 2.215 -> s24_edrk <= 0.004)
",1.320,-0.004,-4.959,0.000,1.000,0,0,0,74,74,0,0,74,0.0,0.0,0.0,0.0,0.0,1.0,-1
"((AF >= 0.011) U[2,2] (ICU_Pt_Days <= 1.330))
",6.271,1.330,0.109,0.000,1.000,0,0,0,74,74,0,0,74,0.0,0.0,0.0,0.0,0.0,1.0,-1
"F[2,2](PARTIAL_THROMBOPLASTIN_TIME <= 31.230 -> PHOSPHORUS <= 3.689)
",-0.707,-1.303,-0.189,0.000,1.000,0,0,0,74,74,0,0,74,0.0,0.0,0.0,0.0,0.0,1.0,-1
"((MET >= 0.014) U[0,2] (death = 0.054))
",0.000,-9999999.000,-9999999.000,0.000,1.000,0,0,0,74,74,0,0,74,0.0,0.0,0.0,0.0,0.0,1.0,-1
"((PHOSPHORUS <= 3.587) U[2,2] (PROTIME_INR >= 1.099))
",-0.707,0.030,0.101,0.000,1.000,0,0,0,74,74,0,0,74,0.0,0.0,0.0,0.0,0.0,1.0,-1
"((MET >= 0.014) U[0,2] (death = 0.054))
",0.000,-9999999.000,-9999999.000,0.000,1.000,0,0,0,74,74,0,0,74,0.0,0.0,0.0,0.0,0.0,1.0,-1
"((hr <= 88.156) U[2,2] (Mort >= 0.051))
",1.563,21.854,2.686,0.000,1.000,0,0,0,74,74,0,0,74,0.0,0.0,0.0,0.0,0.0,1.0,-1
"F[2,2](hr <= 104.304 -> PARTIAL_THROMBOPLASTIN_TIME >= 28.043)
",-1.452,-38.002,-12.916,0.000,1.000,0,0,0,74,74,0,0,74,0.0,0.0,0.0,0.0,0.0,1.0,-1
"F[0,2](CREATININE >= 0.921 & PHOSPHORUS >= 3.512)
",0.000,-9999999.000,-9999999.000,0.000,1.000,0,0,0,74,74,0,0,74,0.0,0.0,0.0,0.0,0.0,1.0,-1
"F[1,2](SBP <= 205.059 -> SODIUM >= 138.735)
",0.000,-9999999.000,-9999999.000,0.000,1.000,0,0,0,74,74,0,0,74,0.0,0.0,0.0,0.0,0.0,1.0,-1
"((s8_hr <= 0.001) U[0,2] (y = 0.153))
",0.000,-9999999.000,-9999999.000,0.000,1.000,0,0,0,74,74,0,0,74,0.0,0.0,0.0,0.0,0.0,1.0,-1
"((dfa >= 0.688) U[2,2] (n_edrk >= 0.361))
",0.552,0.550,0.286,0.000,1.000,0,0,0,74,74,0,0,74,0.0,0.0,0.0,0.0,0.0,1.0,-1
"F[1,2](CREATININE <= 1.193 -> PARTIAL_THROMBOPLASTIN_TIME <= 31.596)
",0.000,-9999999.000,-9999999.000,0.000,1.000,0,0,0,74,74,0,0,74,0.0,0.0,0.0,0.0,0.0,1.0,-1
"((POTASSIUM <= 3.957) U[0,2] (y = 0.228))
",0.000,-9999999.000,-9999999.000,0.000,1.000,0,0,0,74,74,0,0,74,0.0,0.0,0.0,0.0,0.0,1.0,-1
"F[2,2](hr >= 59.324 & n_edrk <= 0.839)
",-0.491,-0.930,0.294,0.000,1.000,0,0,0,74,74,0,0,74,0.0,0.0,0.0,0.0,0.0,1.0,-1
"((s24_hr > -0.001) U[1,2] (y = 0.947))
",0.000,-9999999.000,-9999999.000,0.000,1.000,0,0,0,74,74,0,0,74,0.0,0.0,0.0,0.0,0.0,1.0,-1
"F[0,2](HEMOGLOBIN <= 10.761 & n_evts <= 0.817)
",0.000,-9999999.000,-9999999.000,0.000,1.000,0,0,0,74,74,0,0,74,0.0,0.0,0.0,0.0,0.0,1.0,-1
"F[1,2](death > 0.046 & y = 0.379)
",0.000,-9999999.000,-9999999.000,0.000,1.000,0,0,0,74,74,0,0,74,0.0,0.0,0.0,0.0,0.0,1.0,-1
"((cosen < -1.547) U[0,2] (y = 0.481))
",0.000,-9999999.000,-9999999.000,0.000,1.000,0,0,0,74,74,0,0,74,0.0,0.0,0.0,0.0,0.0,1.0,-1
"((s2_edrk >= -0.001) U[2,2] (s8_edrk >= -0.002))
",-0.621,0.002,0.003,0.000,1.000,0,0,0,74,74,0,0,74,0.0,0.0,0.0,0.0,0.0,1.0,-1
"((af >= 0.005) U[0,2] (y = 0.909))
",0.000,-9999999.000,-9999999.000,0.000,1.000,0,0,0,74,74,0,0,74,0.0,0.0,0.0,0.0,0.0,1.0,-1
"((CO2 >= 25.060) U[2,2] (PLATELET_COUNT <= 209.293))
",0.575,5.091,0.940,0.000,1.000,0,0,0,74,74,0,0,74,0.0,0.0,0.0,0.0,0.0,1.0,-1
"((n_edrk > 0.414) U[1,2] (y = 0.903))
",0.000,-9999999.000,-9999999.000,0.000,1.000,0,0,0,74,74,0,0,74,0.0,0.0,0.0,0.0,0.0,1.0,-1
"F[1,2](AF >= 0.009 & y = 0.008)
",0.000,-9999999.000,-9999999.000,0.000,1.000,0,0,0,74,74,0,0,74,0.0,0.0,0.0,0.0,0.0,1.0,-1
"((GLUCOSE >= 164.274) U[2,2] (SODIUM >= 138.342))
",1.347,35.768,-1.342,0.000,1.000,0,0,0,74,74,0,0,74,0.0,0.0,0.0,0.0,0.0,1.0,-1
"((BLOOD_UREA_NITROGEN <= 24.467) U[0,2] (SODIUM >= 138.482))
",0.000,-9999999.000,-9999999.000,0.000,1.000,0,0,0,74,74,0,0,74,0.0,0.0,0.0,0.0,0.0,1.0,-1
"F[1,2](CO2 <= 25.507 & y = 0.785)
",0.000,-9999999.000,-9999999.000,0.000,1.000,0,0,0,74,74,0,0,74,0.0,0.0,0.0,0.0,0.0,1.0,-1
"((s24_edrk >= -0.003) U[2,2] (s8_edrk <= 0.004))
",-0.675,0.004,0.004,0.000,1.000,0,0,0,74,74,0,0,74,0.0,0.0,0.0,0.0,0.0,1.0,-1
"((death <= 0.503) U[2,2] (s8_edrk >= -0.004))
",0.408,0.503,0.432,0.000,1.000,0,0,0,74,74,0,0,74,0.0,0.0,0.0,0.0,0.0,1.0,-1
"F[2,2](CHLORIDE <= 104.236 | HEMOGLOBIN <= 10.882)
",-3.354,0.433,2.236,0.000,1.000,0,0,0,74,74,0,0,74,0.0,0.0,0.0,0.0,0.0,1.0,-1
"F[1,2](CHLORIDE <= 104.934 -> n_evts <= 0.185)
",0.000,-9999999.000,-9999999.000,0.000,1.000,0,0,0,74,74,0,0,74,0.0,0.0,0.0,0.0,0.0,1.0,-1
"F[2,2](cosen >= -2.105 -> Glasgow_Coma_Scale_Total <= 14.987)
",0.325,-0.092,-0.293,0.000,1.000,0,0,0,74,74,0,0,74,0.0,0.0,0.0,0.0,0.0,1.0,-1
"F[2,2](direct <= 0.420 -> LOS <= 10.750)
",-1.393,-8.750,-3.799,0.000,1.000,0,0,0,74,74,0,0,74,0.0,0.0,0.0,0.0,0.0,1.0,-1
"F[1,2](HEMOGLOBIN < 10.775 -> y = 0.508)
",0.000,-9999999.000,-9999999.000,0.000,1.000,0,0,0,74,74,0,0,74,0.0,0.0,0.0,0.0,0.0,1.0,-1
"((CO2 >= 25.100) U[2,2] (PARTIAL_THROMBOPLASTIN_TIME >= 29.667))
",-0.707,1.389,2.133,0.000,1.000,0,0,0,74,74,0,0,74,0.0,0.0,0.0,0.0,0.0,1.0,-1
"F[2,2](PCO2 < 39.500 -> y = 0.757)
",0.000,0.000,0.000,0.000,1.000,0,0,0,74,74,0,0,74,0.0,0.0,0.0,0.0,0.0,1.0,-1
"F[2,2](s2_edrk <= 0.000 | Temp >= 36.572)
",-0.262,0.215,0.367,0.000,1.000,0,0,0,74,74,0,0,74,0.0,0.0,0.0,0.0,0.0,1.0,-1
"((TOTAL_PROTEIN > 6.300) U[1,2] (y = 0.206))
",0.000,-9999999.000,-9999999.000,0.000,1.000,0,0,0,74,74,0,0,74,0.0,0.0,0.0,0.0,0.0,1.0,-1
"F[0,2](ALBUMIN <= 3.200 -> y = 0.875)
",0.000,-9999999.000,-9999999.000,0.000,1.000,0,0,0,74,74,0,0,74,0.0,0.0,0.0,0.0,0.0,1.0,-1
"((PLATELET_COUNT <= 208.265) U[2,2] (SODIUM >= 138.129))
",1.391,6.536,-1.129,0.000,1.000,0,0,0,74,74,0,0,74,0.0,0.0,0.0,0.0,0.0,1.0,-1
"G[1,2](hr >= 65.536 & Pulse >= 61.188)
",0.000,9999999.000,9999999.000,1.000,0.000,0,0,44,30,30,44,44,30,0.0,0.0,1.0,0.0,0.0,1.0,1
"((CALCIUM <= 9.046) U[2,2] (PARTIAL_THROMBOPLASTIN_TIME >= 28.616))
",-0.707,2.204,3.184,0.000,1.000,0,0,0,74,74,0,0,74,0.0,0.0,0.0,0.0,0.0,1.0,-1
"G[1,2](n_edrk >= 0.304 -> TROPONIN_I <= 3.469)
",0.000,9999999.000,9999999.000,1.000,0.000,0,0,69,5,5,69,69,5,0.0,0.0,1.0,0.0,0.0,1.0,1
"G[2,2](dfa <= 1.195 & Glasgow_Coma_Scale_Total >= 14.276)
",-0.040,0.353,0.373,1.000,0.000,0,0,74,0,0,74,74,0,0.0,0.0,1.0,0.0,0.0,1.0,1
"G[2,2](death <= 0.509 -> SBP <= 196.764)
",1.510,-26.747,-90.193,1.000,0.000,0,0,74,0,0,74,74,0,0.0,0.0,1.0,0.0,0.0,1.0,1
"G[1,2](Glasgow_Coma_Scale_Total <= 14.997 -> TROPONIN_I <= 2.266)
",0.000,9999999.000,9999999.000,1.000,0.000,0,0,74,0,0,74,74,0,0.0,0.0,1.0,0.0,0.0,1.0,1
"G[1,2](PROTIME_INR <= 1.160 | Resp <= 22.857)
",0.000,9999999.000,9999999.000,1.000,0.000,0,0,66,8,8,66,66,8,0.0,0.0,1.0,0.0,0.0,1.0,1
"G[0,2](MAGNESIUM >= 1.827 -> SODIUM <= 140.736)
",0.000,9999999.000,9999999.000,1.000,0.000,0,0,35,39,39,35,35,39,0.0,0.0,1.0,0.0,0.0,1.0,1
"G[0,2](CO2 >= 25.170 | death <= 0.119)
",0.000,9999999.000,9999999.000,1.000,0.000,0,0,74,0,0,74,74,0,0.0,0.0,1.0,0.0,0.0,1.0,1
"G[2,2](Pulse >= 71.975 & Temp <= 37.188)
",-0.782,-2.520,0.386,1.000,0.000,0,0,74,0,0,74,74,0,0.0,0.0,1.0,0.0,0.0,1.0,1
"G[2,2](s24_hr >= -0.000 -> s2_hr >= -0.002)
",-0.011,-0.002,-0.002,1.000,0.000,0,0,74,0,0,74,74,0,0.0,0.0,1.0,0.0,0.0,1.0,1
"G[2,2](CO2 <= 25.518 & Glasgow_Coma_Scale_Total <= 14.984)
",5.385,-0.032,-0.482,1.000,0.000,0,0,74,0,0,74,74,0,0.0,0.0,1.0,0.0,0.0,1.0,1
"G[2,2](s2_hr >= -0.001 -> s8_hr >= -0.001)
",-0.161,-0.002,-0.001,1.000,0.000,0,0,74,0,0,74,74,0,0.0,0.0,1.0,0.0,0.0,1.0,1
"G[2,2](SpO2 <= 96.649 | srr <= 0.082)
",-0.343,0.526,2.105,1.000,0.000,0,0,74,0,0,74,74,0,0.0,0.0,1.0,0.0,0.0,1.0,1
"G[1,1](dfa >= 0.406 -> n_evts >= 0.064)
",2.384,-0.437,-0.936,1.000,0.000,0,0,14,60,60,14,14,60,0.0,0.0,1.0,0.0,0.0,1.0,1
"G[1,2](O2_Flow >= 2.129 -> Pulse >= 72.278)
",0.000,9999999.000,9999999.000,1.000,0.000,0,0,74,0,0,74,74,0,0.0,0.0,1.0,0.0,0.0,1.0,1
"G[0,2](CHLORIDE >= 102.765 | MAGNESIUM >= 1.809)
",0.000,9999999.000,9999999.000,1.000,0.000,0,0,74,0,0,74,74,0,0.0,0.0,1.0,0.0,0.0,1.0,1
"G[1,2](SODIUM >= 138.802 -> TROPONIN_I <= 3.073)
",0.000,9999999.000,9999999.000,1.000,0.000,0,0,69,5,5,69,69,5,0.0,0.0,1.0,0.0,0.0,1.0,1
"G[1,2](cosen >= -2.248 -> s24_edrk <= 0.004)
",0.000,9999999.000,9999999.000,1.000,0.000,0,0,74,0,0,74,74,0,0.0,0.0,1.0,0.0,0.0,1.0,1
"G[1,2](n_evts <= 0.246 -> LOS >= 2.813)
",0.000,9999999.000,9999999.000,1.000,0.000,0,0,14,60,60,14,14,60,0.0,0.0,1.0,0.0,0.0,1.0,1
"G[1,2](Mort >= 0.004 | s8_edrk >= -0.000)
",0.000,9999999.000,9999999.000,1.000,0.000,0,0,49,25,25,49,49,25,0.0,0.0,1.0,0.0,0.0,1.0,1
"G[1,2](n_evts <= 0.460 -> LOS >= 2.426)
",0.000,9999999.000,9999999.000,1.000,0.000,0,0,14,60,60,14,14,60,0.0,0.0,1.0,0.0,0.0,1.0,1
"G[2,2](hr >= 54.535 & Pulse >= 71.686)
",-0.856,-0.396,15.742,1.000,0.000,0,0,74,0,0,74,74,0,0.0,0.0,1.0,0.0,0.0,1.0,1
"G[1,2](n_evts <= 0.445 -> LOS >= 2.254)
",0.000,9999999.000,9999999.000,1.000,0.000,0,0,14,60,60,14,14,60,0.0,0.0,1.0,0.0,0.0,1.0,1
"G[1,1](n_evts <= 0.466 -> LOS >= 2.584)
",1.083,-0.466,-4.566,1.000,0.000,0,0,14,60,60,14,14,60,0.0,0.0,1.0,0.0,0.0,1.0,1
"G[1,2](cosen >= -2.392 & GLUCOSE <= 193.674)
",0.000,9999999.000,9999999.000,1.000,0.000,0,0,35,39,39,35,35,39,0.0,0.0,1.0,0.0,0.0,1.0,1
"G[0,2](LOS >= 2.712 | s8_edrk <= 0.001)
",0.000,9999999.000,9999999.000,1.000,0.000,0,0,74,0,0,74,74,0,0.0,0.0,1.0,0.0,0.0,1.0,1
"G[2,2](hr >= 59.900 & Pulse >= 66.065)
",-1.115,2.256,21.363,1.000,0.000,0,0,74,0,0,74,74,0,0.0,0.0,1.0,0.0,0.0,1.0,1
"G[0,2](BLOOD_UREA_NITROGEN <= 25.734 | cosen <= -1.924)
",0.000,9999999.000,9999999.000,1.000,0.000,0,0,63,11,11,63,63,11,0.0,0.0,1.0,0.0,0.0,1.0,1
"G[2,2](n_evts <= 0.269 -> LOS >= 2.089)
",1.261,-0.269,-5.054,1.000,0.000,0,0,74,0,0,74,74,0,0.0,0.0,1.0,0.0,0.0,1.0,1
"G[1,2](BLOOD_UREA_NITROGEN <= 23.914 | TROPONIN_I <= 3.359)
",0.000,9999999.000,9999999.000,1.000,0.000,0,0,69,5,5,69,69,5,0.0,0.0,1.0,0.0,0.0,1.0,1
"G[1,2](n_evts <= 0.275 -> LOS >= 2.095)
",0.000,9999999.000,9999999.000,1.000,0.000,0,0,14,60,60,14,14,60,0.0,0.0,1.0,0.0,0.0,1.0,1
"G[2,2](ICU_Pt_Days <= 2.778 -> Pulse <= 97.890)
",-0.920,-26.290,-12.874,1.000,0.000,0,0,74,0,0,74,74,0,0.0,0.0,1.0,0.0,0.0,1.0,1
"G[2,2](MAGNESIUM <= 1.976 -> Resp >= 14.923)
",-0.049,-4.010,-3.777,1.000,0.000,0,0,74,0,0,74,74,0,0.0,0.0,1.0,0.0,0.0,1.0,1
"F[2,2](s24_hr <= 0.000 & y >= 0.069)
",-1.581,-0.069,-0.020,0.000,1.000,0,0,0,74,74,0,0,74,0.0,0.0,0.0,0.0,0.0,1.0,-1
"G[2,2](dfa >= 0.507 -> SBP <= 201.254)
",1.502,-30.920,-94.683,1.000,0.000,0,0,74,0,0,74,74,0,0.0,0.0,1.0,0.0,0.0,1.0,1
"((hr >= 63.109) U[2,2] (lds <= 2.141))
",-1.319,6.171,32.118,0.000,1.000,0,0,0,74,74,0,0,74,0.0,0.0,0.0,0.0,0.0,1.0,-1
"((MET >= 0.026) U[0,2] (death = 0.054))
",0.000,-9999999.000,-9999999.000,0.000,1.000,0,0,0,74,74,0,0,74,0.0,0.0,0.0,0.0,0.0,1.0,-1
"F[0,2](BLOOD_UREA_NITROGEN >= 19.438 & PHOSPHORUS >= 3.543)
",0.000,-9999999.000,-9999999.000,0.000,1.000,0,0,0,74,74,0,0,74,0.0,0.0,0.0,0.0,0.0,1.0,-1
"((Glasgow_Coma_Scale_Total <= 14.994) U[2,2] (O2_Flow <= 3.858))
",0.802,1.858,1.202,0.000,1.000,0,0,0,74,74,0,0,74,0.0,0.0,0.0,0.0,0.0,1.0,-1
"((MET >= 0.001) U[0,2] (death = 0.054))
",0.000,-9999999.000,-9999999.000,0.000,1.000,0,0,0,74,74,0,0,74,0.0,0.0,0.0,0.0,0.0,1.0,-1
"G[2,2](MET >= 0.016 | SBP >= 143.719)
",1.508,28.051,0.127,1.000,0.000,0,0,74,0,0,74,74,0,0.0,0.0,1.0,0.0,0.0,1.0,1
"G[1,2](POTASSIUM >= 3.793 -> s2_hr >= -0.002)
",0.000,9999999.000,9999999.000,1.000,0.000,0,0,71,3,3,71,71,3,0.0,0.0,1.0,0.0,0.0,1.0,1
"G[2,2](CO2 <= 25.945 -> hr <= 85.330)
",-1.576,-19.028,-1.373,1.000,0.000,0,0,74,0,0,74,74,0,0.0,0.0,1.0,0.0,0.0,1.0,1
"G[1,2](CALCIUM <= 9.075 | MAGNESIUM <= 1.995)
",0.000,9999999.000,9999999.000,1.000,0.000,0,0,35,39,39,35,35,39,0.0,0.0,1.0,0.0,0.0,1.0,1
"G[0,2](MAGNESIUM <= 1.929 -> s8_hr >= -0.001)
",0.000,9999999.000,9999999.000,1.000,0.000,0,0,74,0,0,74,74,0,0.0,0.0,1.0,0.0,0.0,1.0,1
"G[2,2](n_evts <= 0.281 -> LOS >= 2.771)
",1.083,-0.281,-4.380,1.000,0.000,0,0,74,0,0,74,74,0,0.0,0.0,1.0,0.0,0.0,1.0,1
"G[0,2](CALCIUM >= 8.882 -> WHITE_BLOOD_CELL_COUNT >= 5.461)
",0.000,9999999.000,9999999.000,1.000,0.000,0,0,74,0,0,74,74,0,0.0,0.0,1.0,0.0,0.0,1.0,1
"G[2,2](s24_edrk >= -0.001 -> s2_edrk >= -0.007)
",0.559,-0.007,-0.008,1.000,0.000,0,0,74,0,0,74,74,0,0.0,0.0,1.0,0.0,0.0,1.0,1
"G[1,2](PARTIAL_THROMBOPLASTIN_TIME >= 29.008 | WHITE_BLOOD_CELL_COUNT <= 8.109)
",0.000,9999999.000,9999999.000,1.000,0.000,0,0,74,0,0,74,74,0,0.0,0.0,1.0,0.0,0.0,1.0,1
"G[2,2](CALCIUM >= 8.953 | s8_hr <= 0.002)
",1.308,0.094,0.002,1.000,0.000,0,0,74,0,0,74,74,0,0.0,0.0,1.0,0.0,0.0,1.0,1
"G[1,2](n_evts <= 0.228 -> LOS >= 2.478)
",0.000,9999999.000,9999999.000,1.000,0.000,0,0,14,60,60,14,14,60,0.0,0.0,1.0,0.0,0.0,1.0,1
"G[1,2](CO2 <= 25.755 -> SBP >= 75.277)
",0.000,9999999.000,9999999.000,1.000,0.000,0,0,74,0,0,74,74,0,0.0,0.0,1.0,0.0,0.0,1.0,1
"G[2,2](af <= 0.055 | cosen <= -1.893)
",0.072,0.214,0.184,1.000,0.000,0,0,74,0,0,74,74,0,0.0,0.0,1.0,0.0,0.0,1.0,1
"G[2,2](AF >= 0.008 | n_evts >= 0.083)
",-4133200655281111.500,-0.008,0.917,1.000,0.000,0,0,74,0,0,74,74,0,0.0,0.0,1.0,0.0,0.0,1.0,1
"G[1,2](Glasgow_Coma_Scale_Total <= 14.960 | hr >= 53.737)
",0.000,9999999.000,9999999.000,1.000,0.000,0,0,70,4,4,70,70,4,0.0,0.0,1.0,0.0,0.0,1.0,1
"G[1,2](MAGNESIUM >= 1.736 | n_evts <= 0.467)
",0.000,9999999.000,9999999.000,1.000,0.000,0,0,74,0,0,74,74,0,0.0,0.0,1.0,0.0,0.0,1.0,1
"G[2,2](cosen <= -1.112 & srr <= 0.085)
",0.418,0.020,-0.009,1.000,0.000,0,0,74,0,0,74,74,0,0.0,0.0,1.0,0.0,0.0,1.0,1
"G[2,2](n_evts <= 0.381 -> PLATELET_COUNT >= 197.818)
",0.707,-9.581,-14.182,1.000,0.000,0,0,74,0,0,74,74,0,0.0,0.0,1.0,0.0,0.0,1.0,1
"G[1,2](n_evts <= 0.368 -> PROTIME_INR >= 0.984)
",0.000,9999999.000,9999999.000,1.000,0.000,0,0,54,20,20,54,54,20,0.0,0.0,1.0,0.0,0.0,1.0,1
"G[2,2](Mort <= 0.152 & tte <= -0.138)
",0.353,-0.138,-0.305,1.000,0.000,0,0,74,0,0,74,74,0,0.0,0.0,1.0,0.0,0.0,1.0,1
"G[2,2](n_evts >= 0.070 & Pulse >= 64.722)
",-2.071,-0.346,0.930,1.000,0.000,0,0,74,0,0,74,74,0,0.0,0.0,1.0,0.0,0.0,1.0,1
"G[0,2](direct >= 0.038 | hr >= 65.539)
",0.000,9999999.000,9999999.000,1.000,0.000,0,0,40,34,34,40,40,34,0.0,0.0,1.0,0.0,0.0,1.0,1
"G[2,2](SBP <= 203.022 | y <= 0.143)
",-1.500,32.622,96.450,1.000,0.000,0,0,74,0,0,74,74,0,0.0,0.0,1.0,0.0,0.0,1.0,1
"G[1,2](CO2 <= 25.889 -> PHOSPHORUS <= 3.629)
",0.000,9999999.000,9999999.000,1.000,0.000,0,0,54,20,20,54,54,20,0.0,0.0,1.0,0.0,0.0,1.0,1
"((lds >= 0.762) U[0,2] (y = 0.897))
",0.000,-9999999.000,-9999999.000,0.000,1.000,0,0,0,74,74,0,0,74,0.0,0.0,0.0,0.0,0.0,1.0,-1
