Rule,Discrimination Score,Pos Robustness,Neg Robustness,Percent Class +,Percent Class -,TP,TN,FP,FN,Actual Yes,Actual No,Predicted Yes,Predicted No,TPR/Sens,TNR/Spec,FPR,Precision,Accuracy,MCR,Class
"F[0,1](Mort <= 0.667 -> tte <= -0.020)
",0.000,-9999999.000,-9999999.000,0.000,1.000,72,14,0,0,72,14,72,14,1.0,1.0,0.0,1.0,1.0,0.0,-1
"((BLOOD_UREA_NITROGEN >= 11.847) U[0,1] (LOS >= 0.316))
",0.000,-9999999.000,-9999999.000,0.000,1.000,72,14,0,0,72,14,72,14,1.0,1.0,0.0,1.0,1.0,0.0,-1
"((AF <= 0.061) U[0,1] (LOS >= 0.528))
",0.000,-9999999.000,-9999999.000,0.000,1.000,72,14,0,0,72,14,72,14,1.0,1.0,0.0,1.0,1.0,0.0,-1
"((CO2 <= 24.626) U[0,1] (LOS >= 0.139))
",0.000,-9999999.000,-9999999.000,0.000,1.000,72,14,0,0,72,14,72,14,1.0,1.0,0.0,1.0,1.0,0.0,-1
"F[0,1](edrk >= 13.422 & TROPONIN_I >= 0.021)
",0.000,-9999999.000,-9999999.000,0.000,1.000,72,13,1,0,72,14,73,13,1.0,0.9285714285714286,0.07142857142857142,0.9863013698630136,0.9883720930232558,0.011627906976744207,-1
"((LOS <= 3.332) U[0,1] (TROPONIN_I >= 0.022))
",0.000,-9999999.000,-9999999.000,0.000,1.000,71,14,0,1,72,14,71,15,0.9861111111111112,1.0,0.0,1.0,0.9883720930232558,0.011627906976744207,-1
"((af <= 0.258) U[0,1] (ICU_Pt_Days >= 0.358))
",0.000,-9999999.000,-9999999.000,0.000,1.000,72,13,1,0,72,14,73,13,1.0,0.9285714285714286,0.07142857142857142,0.9863013698630136,0.9883720930232558,0.011627906976744207,-1
"((HEMOGLOBIN <= 12.086) U[1,1] (n_evts >= 0.032))
",-2.490,0.234,1.886,0.000,1.000,72,13,1,0,72,14,73,13,1.0,0.9285714285714286,0.07142857142857142,0.9863013698630136,0.9883720930232558,0.011627906976744207,-1
"G[0,1](ICU_Pt_Days >= 0.419 -> SODIUM >= 137.611)
",0.000,9999999.000,9999999.000,1.000,0.000,72,13,1,0,72,14,73,13,1.0,0.9285714285714286,0.07142857142857142,0.9863013698630136,0.9883720930232558,0.011627906976744207,1
"F[0,1](ICU_Pt_Days >= 0.286 & O2_Flow <= 5.035)
",0.000,-9999999.000,-9999999.000,0.000,1.000,72,12,2,0,72,14,74,12,1.0,0.8571428571428571,0.14285714285714285,0.972972972972973,0.9767441860465116,0.023255813953488413,-1
"G[1,1](ICU_Pt_Days >= 0.054 -> PHOSPHORUS <= 2.993)
",1.170,-0.331,-2.804,1.000,0.000,72,12,2,0,72,14,74,12,1.0,0.8571428571428571,0.14285714285714285,0.972972972972973,0.9767441860465116,0.023255813953488413,1
"G[0,1](Glasgow_Coma_Scale_Total <= 14.975 | TROPONIN_I <= 0.051)
",0.000,9999999.000,9999999.000,1.000,0.000,71,12,2,1,72,14,73,13,0.9861111111111112,0.8571428571428571,0.14285714285714285,0.9726027397260274,0.9651162790697675,0.03488372093023251,1
"G[0,1](edrk <= 20.312 & y <= 0.814)
",0.000,9999999.000,9999999.000,1.000,0.000,71,12,2,1,72,14,73,13,0.9861111111111112,0.8571428571428571,0.14285714285714285,0.9726027397260274,0.9651162790697675,0.03488372093023251,1
"((CO2 >= 22.338) U[0,1] (y >= 0.027))
",0.000,-9999999.000,-9999999.000,0.000,1.000,72,11,3,0,72,14,75,11,1.0,0.7857142857142857,0.21428571428571427,0.96,0.9651162790697675,0.03488372093023251,-1
"((n_evts >= 0.041) U[1,2] (O2_Flow <= 3.751))
",0.000,-9999999.000,-9999999.000,0.000,1.000,72,10,1,3,75,11,73,13,0.96,0.9090909090909091,0.09090909090909091,0.9863013698630136,0.9534883720930233,0.046511627906976716,-1
"((PROTIME_INR <= 1.135) U[0,1] (tte <= -0.135))
",0.000,-9999999.000,-9999999.000,0.000,1.000,72,10,4,0,72,14,76,10,1.0,0.7142857142857143,0.2857142857142857,0.9473684210526315,0.9534883720930233,0.046511627906976716,-1
"F[0,1](dfa >= 0.451 -> TROPONIN_I >= 0.026)
",0.000,-9999999.000,-9999999.000,0.000,1.000,68,14,0,4,72,14,68,18,0.9444444444444444,1.0,0.0,1.0,0.9534883720930233,0.046511627906976716,-1
"G[0,0](PHOSPHORUS >= 2.717 -> y <= 0.656)
",1.032,-0.674,-0.765,1.000,0.000,72,9,5,0,72,14,77,9,1.0,0.6428571428571429,0.35714285714285715,0.935064935064935,0.9418604651162791,0.05813953488372092,1
"F[0,0](HEMOGLOBIN <= 12.500 & y >= 0.017)
",-1.513,-0.175,0.672,0.000,1.000,72,9,5,0,72,14,77,9,1.0,0.6428571428571429,0.35714285714285715,0.935064935064935,0.9418604651162791,0.05813953488372092,-1
"((POTASSIUM >= 3.775) U[1,1] (tte <= -0.091))
",-0.771,0.033,1.027,0.000,1.000,72,9,5,0,72,14,77,9,1.0,0.6428571428571429,0.35714285714285715,0.935064935064935,0.9418604651162791,0.05813953488372092,-1
"((cosen <= -1.848) U[0,1] (Mort >= 0.061))
",0.000,-9999999.000,-9999999.000,0.000,1.000,72,9,5,0,72,14,77,9,1.0,0.6428571428571429,0.35714285714285715,0.935064935064935,0.9418604651162791,0.05813953488372092,-1
"((MET <= 0.607) U[0,1] (Mort >= 0.022))
",0.000,-9999999.000,-9999999.000,0.000,1.000,72,9,5,0,72,14,77,9,1.0,0.6428571428571429,0.35714285714285715,0.935064935064935,0.9418604651162791,0.05813953488372092,-1
"((ICU_Pt_Days >= 0.156) U[1,2] (srr <= 0.132))
",0.000,-9999999.000,-9999999.000,0.000,1.000,72,9,3,2,74,12,75,11,0.972972972972973,0.75,0.25,0.96,0.9418604651162791,0.05813953488372092,-1
"((edrk >= 13.674) U[1,1] (n_evts >= 0.101))
",-0.608,1.056,7.919,0.000,1.000,72,8,6,0,72,14,78,8,1.0,0.5714285714285714,0.42857142857142855,0.9230769230769231,0.9302325581395349,0.06976744186046513,-1
"((TROPONIN_I >= 0.023) U[1,1] (y >= 0.019))
",-2.571,-0.003,0.846,0.000,1.000,72,8,6,0,72,14,78,8,1.0,0.5714285714285714,0.42857142857142855,0.9230769230769231,0.9302325581395349,0.06976744186046513,-1
"F[0,1](ICU_Pt_Days >= 0.263 & SpO2 <= 97.003)
",0.000,-9999999.000,-9999999.000,0.000,1.000,72,8,6,0,72,14,78,8,1.0,0.5714285714285714,0.42857142857142855,0.9230769230769231,0.9302325581395349,0.06976744186046513,-1
"F[1,1](Temp >= 35.731 & y >= 0.104)
",-0.963,-0.132,0.463,0.000,1.000,72,7,7,0,72,14,79,7,1.0,0.5,0.5,0.9113924050632911,0.9186046511627907,0.08139534883720934,-1
"((ICU_Pt_Days >= 0.094) U[1,1] (n_edrk >= 0.445))
",-1.076,0.443,2.763,0.000,1.000,72,6,8,0,72,14,80,6,1.0,0.42857142857142855,0.5714285714285714,0.9,0.9069767441860465,0.09302325581395354,-1
"((GLUCOSE <= 113.154) U[0,0] (Mort >= 0.010))
",1.112,13.243,2.157,0.000,1.000,72,6,8,0,72,14,80,6,1.0,0.42857142857142855,0.5714285714285714,0.9,0.9069767441860465,0.09302325581395354,-1
"((LOS >= 0.746) U[1,2] (Pulse <= 91.086))
",0.000,-9999999.000,-9999999.000,0.000,1.000,66,12,0,8,74,12,66,20,0.8918918918918919,1.0,0.0,1.0,0.9069767441860465,0.09302325581395354,-1
"G[0,0](Mort <= 0.570 | WHITE_BLOOD_CELL_COUNT >= 9.053)
",0.632,0.570,0.284,1.000,0.000,72,6,8,0,72,14,80,6,1.0,0.42857142857142855,0.5714285714285714,0.9,0.9069767441860465,0.09302325581395354,1
"G[0,1](ICU_Pt_Days >= 0.248 -> Temp <= 37.143)
",0.000,9999999.000,9999999.000,1.000,0.000,72,6,8,0,72,14,80,6,1.0,0.42857142857142855,0.5714285714285714,0.9,0.9069767441860465,0.09302325581395354,1
"G[0,1](death <= 0.295 | SODIUM >= 137.359)
",0.000,9999999.000,9999999.000,1.000,0.000,72,6,8,0,72,14,80,6,1.0,0.42857142857142855,0.5714285714285714,0.9,0.9069767441860465,0.09302325581395354,1
"F[0,1](CREATININE >= 0.812 & death >= 0.027)
",0.000,-9999999.000,-9999999.000,0.000,1.000,72,6,8,0,72,14,80,6,1.0,0.42857142857142855,0.5714285714285714,0.9,0.9069767441860465,0.09302325581395354,-1
"((CREATININE >= 0.851) U[1,1] (O2_Flow >= 2.091))
",-1.058,0.013,0.438,0.000,1.000,72,5,9,0,72,14,81,5,1.0,0.35714285714285715,0.6428571428571429,0.8888888888888888,0.8953488372093024,0.10465116279069764,-1
"G[0,0](direct >= 0.020 -> Temp <= 36.590)
",0.408,-0.538,-0.805,1.000,0.000,72,5,9,0,72,14,81,5,1.0,0.35714285714285715,0.6428571428571429,0.8888888888888888,0.8953488372093024,0.10465116279069764,1
"G[0,1](CHLORIDE >= 102.956 | Glasgow_Coma_Scale_Total >= 14.333)
",0.000,9999999.000,9999999.000,1.000,0.000,72,5,9,0,72,14,81,5,1.0,0.35714285714285715,0.6428571428571429,0.8888888888888888,0.8953488372093024,0.10465116279069764,1
"G[0,0](n_evts >= 0.046 -> srr <= 0.074)
",2.327,-0.024,-0.822,1.000,0.000,72,4,10,0,72,14,82,4,1.0,0.2857142857142857,0.7142857142857143,0.8780487804878049,0.8837209302325582,0.11627906976744184,1
"G[0,1](PLATELET_COUNT <= 220.747 -> SpO2 <= 98.061)
",0.000,9999999.000,9999999.000,1.000,0.000,72,3,11,0,72,14,83,3,1.0,0.21428571428571427,0.7857142857142857,0.8674698795180723,0.872093023255814,0.12790697674418605,1
"G[0,1](death >= 0.022 -> tte >= -0.979)
",0.000,9999999.000,9999999.000,1.000,0.000,72,3,11,0,72,14,83,3,1.0,0.21428571428571427,0.7857142857142857,0.8674698795180723,0.872093023255814,0.12790697674418605,1
"G[1,1](PLATELET_COUNT >= 214.247 | Resp <= 19.465)
",1.117,9.574,2.118,1.000,0.000,72,3,11,0,72,14,83,3,1.0,0.21428571428571427,0.7857142857142857,0.8674698795180723,0.872093023255814,0.12790697674418605,1
"G[1,1](hr <= 109.987 -> O2_Flow <= 4.082)
",-1.059,-30.985,-11.614,1.000,0.000,72,3,11,0,72,14,83,3,1.0,0.21428571428571427,0.7857142857142857,0.8674698795180723,0.872093023255814,0.12790697674418605,1
"((direct >= 0.017) U[1,2] (ICU_Pt_Days <= 1.916))
",0.000,-9999999.000,-9999999.000,0.000,1.000,72,3,1,10,82,4,73,13,0.8780487804878049,0.75,0.25,0.9863013698630136,0.872093023255814,0.12790697674418605,-1
"G[0,1](AF >= 0.009 -> cosen <= -1.524)
",0.000,9999999.000,9999999.000,1.000,0.000,72,2,12,0,72,14,84,2,1.0,0.14285714285714285,0.8571428571428571,0.8571428571428571,0.8604651162790697,0.13953488372093026,1
"G[0,0](AF >= 0.010 -> O2_Flow <= 3.915)
",-0.848,-1.915,-1.365,1.000,0.000,72,2,12,0,72,14,84,2,1.0,0.14285714285714285,0.8571428571428571,0.8571428571428571,0.8604651162790697,0.13953488372093026,1
"G[0,0](Pulse <= 91.968 | Resp >= 13.185)
",0.451,15.156,8.452,1.000,0.000,72,2,12,0,72,14,84,2,1.0,0.14285714285714285,0.8571428571428571,0.8571428571428571,0.8604651162790697,0.13953488372093026,1
"G[0,1](AF >= 0.006 -> Glasgow_Coma_Scale_Total <= 14.967)
",0.000,9999999.000,9999999.000,1.000,0.000,72,2,12,0,72,14,84,2,1.0,0.14285714285714285,0.8571428571428571,0.8571428571428571,0.8604651162790697,0.13953488372093026,1
"G[1,1](n_edrk <= 0.961 -> tte >= -2.943)
",-1.529,-2.943,-2.127,1.000,0.000,72,2,12,0,72,14,84,2,1.0,0.14285714285714285,0.8571428571428571,0.8571428571428571,0.8604651162790697,0.13953488372093026,1
"G[0,1](s24_edrk <= 0.004 & s2_edrk >= -0.007)
",0.000,9999999.000,9999999.000,1.000,0.000,72,2,12,0,72,14,84,2,1.0,0.14285714285714285,0.8571428571428571,0.8571428571428571,0.8604651162790697,0.13953488372093026,1
"((MET >= 0.012) U[1,2] (SBP <= 165.093))
",0.000,-9999999.000,-9999999.000,0.000,1.000,72,2,12,0,72,14,84,2,1.0,0.14285714285714285,0.8571428571428571,0.8571428571428571,0.8604651162790697,0.13953488372093026,-1
"((cosen <= -1.206) U[0,0] (MET >= 0.018))
",0.431,1.015,0.886,0.000,1.000,72,2,12,0,72,14,84,2,1.0,0.14285714285714285,0.8571428571428571,0.8571428571428571,0.8604651162790697,0.13953488372093026,-1
"((Mort <= 0.258) U[1,1] (O2_Flow >= 2.110))
",-0.375,0.258,0.386,0.000,1.000,72,2,12,0,72,14,84,2,1.0,0.14285714285714285,0.8571428571428571,0.8571428571428571,0.8604651162790697,0.13953488372093026,-1
"F[0,0](death >= 0.044 & y <= 0.178)
",1.291,-0.044,-0.568,0.000,1.000,72,2,12,0,72,14,84,2,1.0,0.14285714285714285,0.8571428571428571,0.8571428571428571,0.8604651162790697,0.13953488372093026,-1
"((CHLORIDE >= 103.639) U[1,1] (y >= 0.034))
",1.754,6.528,0.823,0.000,1.000,72,1,13,0,72,14,85,1,1.0,0.07142857142857142,0.9285714285714286,0.8470588235294118,0.8488372093023255,0.15116279069767447,-1
"((AF >= 0.011) U[1,2] (s24_hr >= -0.001))
",0.000,-9999999.000,-9999999.000,0.000,1.000,71,2,12,1,72,14,83,3,0.9861111111111112,0.14285714285714285,0.8571428571428571,0.8554216867469879,0.8488372093023255,0.15116279069767447,-1
"F[0,1](BLOOD_UREA_NITROGEN <= 17.937 & CREATININE >= 0.910)
",0.000,-9999999.000,-9999999.000,0.000,1.000,72,0,14,0,72,14,86,0,1.0,0.0,1.0,0.8372093023255814,0.8372093023255814,0.16279069767441856,-1
"((CO2 <= 23.003) U[1,1] (PROTIME_INR >= 1.116))
",1.287,1.927,0.084,0.000,1.000,72,0,14,0,72,14,86,0,1.0,0.0,1.0,0.8372093023255814,0.8372093023255814,0.16279069767441856,-1
"((LACTIC_ACID >= 1.300) U[0,1] (y = 0.515))
",0.000,-9999999.000,-9999999.000,0.000,1.000,72,0,14,0,72,14,86,0,1.0,0.0,1.0,0.8372093023255814,0.8372093023255814,0.16279069767441856,-1
"((Resp > 17.901) U[0,1] (y = 0.231))
",0.000,-9999999.000,-9999999.000,0.000,1.000,72,0,14,0,72,14,86,0,1.0,0.0,1.0,0.8372093023255814,0.8372093023255814,0.16279069767441856,-1
"((ALT_GPT <= 22.000) U[0,1] (y = 0.012))
",0.000,-9999999.000,-9999999.000,0.000,1.000,72,0,14,0,72,14,86,0,1.0,0.0,1.0,0.8372093023255814,0.8372093023255814,0.16279069767441856,-1
"((PROTIME_INR > 1.105) U[0,1] (y = 0.146))
",0.000,-9999999.000,-9999999.000,0.000,1.000,72,0,14,0,72,14,86,0,1.0,0.0,1.0,0.8372093023255814,0.8372093023255814,0.16279069767441856,-1
"F[0,1](Mort >= 0.015 & TROPONIN_I <= 0.031)
",0.000,-9999999.000,-9999999.000,0.000,1.000,72,0,14,0,72,14,86,0,1.0,0.0,1.0,0.8372093023255814,0.8372093023255814,0.16279069767441856,-1
"F[0,1](s8_hr <= 0.001 & y = 0.343)
",0.000,-9999999.000,-9999999.000,0.000,1.000,72,0,14,0,72,14,86,0,1.0,0.0,1.0,0.8372093023255814,0.8372093023255814,0.16279069767441856,-1
"((O2_Flow <= 2.215) U[0,1] (y = 0.902))
",0.000,-9999999.000,-9999999.000,0.000,1.000,72,0,14,0,72,14,86,0,1.0,0.0,1.0,0.8372093023255814,0.8372093023255814,0.16279069767441856,-1
"((edrk < 30.315) U[0,0] (y = 0.235))
",0.239,16.639,14.571,0.000,1.000,72,0,14,0,72,14,86,0,1.0,0.0,1.0,0.8372093023255814,0.8372093023255814,0.16279069767441856,-1
"F[1,1](n_edrk >= 0.624 -> y = 0.491)
",-1.116,-0.259,0.296,0.000,1.000,62,10,4,10,72,14,66,20,0.8611111111111112,0.7142857142857143,0.2857142857142857,0.9393939393939394,0.8372093023255814,0.16279069767441856,-1
"((MET >= 0.003) U[0,0] (death = 0.047))
",-0.408,-0.003,0.140,0.000,1.000,72,0,14,0,72,14,86,0,1.0,0.0,1.0,0.8372093023255814,0.8372093023255814,0.16279069767441856,-1
"F[0,0](GLUCOSE <= 111.762 & y = 0.885)
",1.032,-1.768,-6.330,0.000,1.000,72,0,14,0,72,14,86,0,1.0,0.0,1.0,0.8372093023255814,0.8372093023255814,0.16279069767441856,-1
"((Glasgow_Coma_Scale_Total >= 14.590) U[0,1] (y = 0.749))
",0.000,-9999999.000,-9999999.000,0.000,1.000,72,0,14,0,72,14,86,0,1.0,0.0,1.0,0.8372093023255814,0.8372093023255814,0.16279069767441856,-1
"((ALBUMIN < 3.200) U[0,1] (y = 0.824))
",0.000,-9999999.000,-9999999.000,0.000,1.000,72,0,14,0,72,14,86,0,1.0,0.0,1.0,0.8372093023255814,0.8372093023255814,0.16279069767441856,-1
"F[1,1](s24_edrk <= 0.003 & y = 0.854)
",-2.449,-0.854,-0.247,0.000,1.000,72,0,14,0,72,14,86,0,1.0,0.0,1.0,0.8372093023255814,0.8372093023255814,0.16279069767441856,-1
"((SpO2 <= 97.106) U[0,0] (y = 0.708))
",-0.550,-0.107,1.162,0.000,1.000,72,0,14,0,72,14,86,0,1.0,0.0,1.0,0.8372093023255814,0.8372093023255814,0.16279069767441856,-1
"F[1,1](s2_edrk <= 0.003 & y = 0.776)
",-2.449,-0.776,-0.303,0.000,1.000,72,0,14,0,72,14,86,0,1.0,0.0,1.0,0.8372093023255814,0.8372093023255814,0.16279069767441856,-1
"F[0,1](POTASSIUM <= 3.991 & y >= 0.072)
",0.000,-9999999.000,-9999999.000,0.000,1.000,72,0,14,0,72,14,86,0,1.0,0.0,1.0,0.8372093023255814,0.8372093023255814,0.16279069767441856,-1
"F[0,1](BLOOD_UREA_NITROGEN <= 20.160 & CREATININE >= 0.908)
",0.000,-9999999.000,-9999999.000,0.000,1.000,72,0,14,0,72,14,86,0,1.0,0.0,1.0,0.8372093023255814,0.8372093023255814,0.16279069767441856,-1
"((MET >= 0.002) U[1,1] (death = 0.047))
",-0.632,-0.002,0.284,0.000,1.000,72,0,14,0,72,14,86,0,1.0,0.0,1.0,0.8372093023255814,0.8372093023255814,0.16279069767441856,-1
"((MET >= 0.015) U[0,1] (death = 0.047))
",0.000,-9999999.000,-9999999.000,0.000,1.000,72,0,14,0,72,14,86,0,1.0,0.0,1.0,0.8372093023255814,0.8372093023255814,0.16279069767441856,-1
"F[0,0](PARTIAL_THROMBOPLASTIN_TIME >= 31.800 & y = 0.430)
",1.581,-0.430,-0.530,0.000,1.000,72,0,14,0,72,14,86,0,1.0,0.0,1.0,0.8372093023255814,0.8372093023255814,0.16279069767441856,-1
"((PLATELET_COUNT < 220.892) U[0,1] (y = 0.504))
",0.000,-9999999.000,-9999999.000,0.000,1.000,72,0,14,0,72,14,86,0,1.0,0.0,1.0,0.8372093023255814,0.8372093023255814,0.16279069767441856,-1
"((MET >= 0.013) U[0,1] (death = 0.047))
",0.000,-9999999.000,-9999999.000,0.000,1.000,72,0,14,0,72,14,86,0,1.0,0.0,1.0,0.8372093023255814,0.8372093023255814,0.16279069767441856,-1
"G[0,0](HEMOGLOBIN <= 12.202 | SODIUM >= 137.564)
",-1.032,0.654,1.779,1.000,0.000,72,0,14,0,72,14,86,0,1.0,0.0,1.0,0.8372093023255814,0.8372093023255814,0.16279069767441856,1
"G[0,1](GLUCOSE >= 99.384 | SpO2 >= 87.259)
",0.000,9999999.000,9999999.000,1.000,0.000,72,0,14,0,72,14,86,0,1.0,0.0,1.0,0.8372093023255814,0.8372093023255814,0.16279069767441856,1
"G[1,1](Mort <= 0.156 | srr >= 0.033)
",0.851,0.156,0.108,1.000,0.000,72,0,14,0,72,14,86,0,1.0,0.0,1.0,0.8372093023255814,0.8372093023255814,0.16279069767441856,1
"G[1,1](s24_edrk <= 0.001 -> s8_edrk <= 0.001)
",-0.335,-0.001,-0.001,1.000,0.000,72,0,14,0,72,14,86,0,1.0,0.0,1.0,0.8372093023255814,0.8372093023255814,0.16279069767441856,1
"G[0,1](death >= 0.044 | s24_edrk >= -0.007)
",0.000,9999999.000,9999999.000,1.000,0.000,72,0,14,0,72,14,86,0,1.0,0.0,1.0,0.8372093023255814,0.8372093023255814,0.16279069767441856,1
"G[0,1](Pulse >= 73.904 | s24_edrk <= 0.003)
",0.000,9999999.000,9999999.000,1.000,0.000,72,0,14,0,72,14,86,0,1.0,0.0,1.0,0.8372093023255814,0.8372093023255814,0.16279069767441856,1
"G[0,1](CREATININE <= 1.087 | GLUCOSE >= 97.932)
",0.000,9999999.000,9999999.000,1.000,0.000,72,0,14,0,72,14,86,0,1.0,0.0,1.0,0.8372093023255814,0.8372093023255814,0.16279069767441856,1
"G[1,1](direct <= 0.596 | MAGNESIUM <= 2.087)
",1.155,0.596,0.305,1.000,0.000,72,0,14,0,72,14,86,0,1.0,0.0,1.0,0.8372093023255814,0.8372093023255814,0.16279069767441856,1
"G[1,1](CHLORIDE >= 107.513 | MAGNESIUM <= 2.067)
",1.791,3.206,0.067,1.000,0.000,72,0,14,0,72,14,86,0,1.0,0.0,1.0,0.8372093023255814,0.8372093023255814,0.16279069767441856,1
"((Sgy >= 0.000) U[1,1] (y = 0.756))
",0.000,0.000,0.000,0.000,1.000,72,0,14,0,72,14,86,0,1.0,0.0,1.0,0.8372093023255814,0.8372093023255814,0.16279069767441856,-1
"G[0,1](CO2 <= 23.271 -> WHITE_BLOOD_CELL_COUNT >= 9.038)
",0.000,9999999.000,9999999.000,1.000,0.000,72,0,14,0,72,14,86,0,1.0,0.0,1.0,0.8372093023255814,0.8372093023255814,0.16279069767441856,1
"((ICU_Pt_Days >= 0.506) U[1,2] (n_evts <= 0.682))
",0.000,-9999999.000,-9999999.000,0.000,1.000,72,0,0,14,86,0,72,14,0.8372093023255814,0.0,0.0,1.0,0.8372093023255814,0.16279069767441856,-1
"((MET >= 0.008) U[0,0] (death = 0.047))
",-0.408,-0.008,0.135,0.000,1.000,72,0,14,0,72,14,86,0,1.0,0.0,1.0,0.8372093023255814,0.8372093023255814,0.16279069767441856,-1
"G[0,1](CREATININE >= 0.836 | MAGNESIUM >= 2.031)
",0.000,9999999.000,9999999.000,1.000,0.000,72,0,14,0,72,14,86,0,1.0,0.0,1.0,0.8372093023255814,0.8372093023255814,0.16279069767441856,1
"F[1,1](HEMOGLOBIN <= 12.235 | Mort >= 0.032)
",-2.490,0.255,2.035,0.000,1.000,57,14,0,15,72,14,57,29,0.7916666666666666,1.0,0.0,1.0,0.8255813953488372,0.17441860465116277,-1
"F[0,1](CREATININE <= 1.013 -> ICU_Pt_Days >= 0.418)
",0.000,-9999999.000,-9999999.000,0.000,1.000,56,14,0,16,72,14,56,30,0.7777777777777778,1.0,0.0,1.0,0.813953488372093,0.18604651162790697,-1
"F[0,1](BLOOD_UREA_NITROGEN >= 12.047 & WHITE_BLOOD_CELL_COUNT <= 9.186)
",0.000,-9999999.000,-9999999.000,0.000,1.000,56,14,0,16,72,14,56,30,0.7777777777777778,1.0,0.0,1.0,0.813953488372093,0.18604651162790697,-1
"((LOS >= 0.965) U[0,1] (MAGNESIUM <= 2.085))
",0.000,-9999999.000,-9999999.000,0.000,1.000,56,14,0,16,72,14,56,30,0.7777777777777778,1.0,0.0,1.0,0.813953488372093,0.18604651162790697,-1
"((Glasgow_Coma_Scale_Total <= 14.972) U[0,1] (SODIUM <= 137.817))
",0.000,-9999999.000,-9999999.000,0.000,1.000,56,14,0,16,72,14,56,30,0.7777777777777778,1.0,0.0,1.0,0.813953488372093,0.18604651162790697,-1
"((CHLORIDE <= 110.135) U[1,1] (SODIUM <= 137.874))
",-2.448,1.302,8.135,0.000,1.000,56,14,0,16,72,14,56,30,0.7777777777777778,1.0,0.0,1.0,0.813953488372093,0.18604651162790697,-1
"G[1,1](CREATININE >= 0.905 -> y = 0.156)
",2.289,0.041,-0.195,1.000,0.000,56,14,0,16,72,14,56,30,0.7777777777777778,1.0,0.0,1.0,0.813953488372093,0.18604651162790697,1
"G[1,1](CREATININE <= 1.096 & n_evts <= 0.226)
",12.368,0.187,-0.774,1.000,0.000,56,14,0,16,72,14,56,30,0.7777777777777778,1.0,0.0,1.0,0.813953488372093,0.18604651162790697,1
"G[0,0](dfa <= 1.214 & s24_edrk <= 0.004)
",-0.220,0.001,0.005,1.000,0.000,70,0,14,2,72,14,84,2,0.9722222222222222,0.0,1.0,0.8333333333333334,0.813953488372093,0.18604651162790697,1
"G[0,1](MAGNESIUM <= 2.083 -> PLATELET_COUNT >= 218.520)
",0.000,9999999.000,9999999.000,1.000,0.000,56,14,0,16,72,14,56,30,0.7777777777777778,1.0,0.0,1.0,0.813953488372093,0.18604651162790697,1
"G[0,0](dfa <= 1.290 | Glasgow_Coma_Scale_Total <= 14.973)
",-0.907,0.508,0.810,1.000,0.000,70,0,14,2,72,14,84,2,0.9722222222222222,0.0,1.0,0.8333333333333334,0.813953488372093,0.18604651162790697,1
"F[0,1](MAGNESIUM <= 2.068 & PHOSPHORUS >= 2.844)
",0.000,-9999999.000,-9999999.000,0.000,1.000,56,14,0,16,72,14,56,30,0.7777777777777778,1.0,0.0,1.0,0.813953488372093,0.18604651162790697,-1
"((BLOOD_UREA_NITROGEN >= 14.878) U[1,1] (HEMOGLOBIN <= 12.534))
",-2.490,0.707,6.122,0.000,1.000,57,13,1,15,72,14,58,28,0.7916666666666666,0.9285714285714286,0.07142857142857142,0.9827586206896551,0.813953488372093,0.18604651162790697,-1
"G[0,0](n_evts <= 0.206 & PROTIME_INR <= 1.156)
",2.152,0.042,-0.672,1.000,0.000,56,13,1,16,72,14,57,29,0.7777777777777778,0.9285714285714286,0.07142857142857142,0.9824561403508771,0.8023255813953488,0.19767441860465118,1
"G[1,1](Glasgow_Coma_Scale_Total >= 14.497 -> WHITE_BLOOD_CELL_COUNT >= 8.678)
",-0.950,-0.683,-0.280,1.000,0.000,57,12,2,15,72,14,59,27,0.7916666666666666,0.8571428571428571,0.14285714285714285,0.9661016949152542,0.8023255813953488,0.19767441860465118,1
"((CO2 <= 25.200) U[0,0] (MAGNESIUM <= 2.085))
",1.320,3.601,0.245,0.000,1.000,56,13,1,16,72,14,57,29,0.7777777777777778,0.9285714285714286,0.07142857142857142,0.9824561403508771,0.8023255813953488,0.19767441860465118,-1
"G[0,0](O2_Flow <= 6.102 & WHITE_BLOOD_CELL_COUNT >= 8.421)
",1.032,0.832,0.121,1.000,0.000,56,13,1,16,72,14,57,29,0.7777777777777778,0.9285714285714286,0.07142857142857142,0.9824561403508771,0.8023255813953488,0.19767441860465118,1
"((CALCIUM <= 9.039) U[1,1] (CHLORIDE <= 110.706))
",-2.458,1.996,8.706,0.000,1.000,55,13,1,17,72,14,56,30,0.7638888888888888,0.9285714285714286,0.07142857142857142,0.9821428571428571,0.7906976744186046,0.2093023255813954,-1
"((LOS <= 8.872) U[1,1] (PHOSPHORUS >= 2.855))
",1.944,8.872,3.632,0.000,1.000,56,9,5,16,72,14,61,25,0.7777777777777778,0.6428571428571429,0.35714285714285715,0.9180327868852459,0.7558139534883721,0.2441860465116279,-1
"G[0,0](CO2 <= 25.432 | Glasgow_Coma_Scale_Total <= 14.989)
",1.131,3.787,0.624,1.000,0.000,56,9,5,16,72,14,61,25,0.7777777777777778,0.6428571428571429,0.35714285714285715,0.9180327868852459,0.7558139534883721,0.2441860465116279,1
"F[0,1](CREATININE >= 0.802 & SpO2 <= 97.286)
",0.000,-9999999.000,-9999999.000,0.000,1.000,50,10,4,22,72,14,54,32,0.6944444444444444,0.7142857142857143,0.2857142857142857,0.9259259259259259,0.6976744186046512,0.3023255813953488,-1
"F[0,1](BLOOD_UREA_NITROGEN <= 19.642 & CREATININE >= 0.860)
",0.000,-9999999.000,-9999999.000,0.000,1.000,58,1,13,14,72,14,71,15,0.8055555555555556,0.07142857142857142,0.9285714285714286,0.8169014084507042,0.686046511627907,0.313953488372093,-1
"F[0,1](BLOOD_UREA_NITROGEN <= 19.692 & CREATININE >= 0.886)
",0.000,-9999999.000,-9999999.000,0.000,1.000,58,1,13,14,72,14,71,15,0.8055555555555556,0.07142857142857142,0.9285714285714286,0.8169014084507042,0.686046511627907,0.313953488372093,-1
"G[0,1](BLOOD_UREA_NITROGEN >= 14.347 | POTASSIUM <= 3.915)
",0.000,9999999.000,9999999.000,1.000,0.000,58,1,13,14,72,14,71,15,0.8055555555555556,0.07142857142857142,0.9285714285714286,0.8169014084507042,0.686046511627907,0.313953488372093,1
"G[1,1](BLOOD_UREA_NITROGEN <= 20.948 | tte <= -0.015)
",1.564,7.925,1.071,1.000,0.000,56,3,11,16,72,14,67,19,0.7777777777777778,0.21428571428571427,0.7857142857142857,0.835820895522388,0.686046511627907,0.313953488372093,1
"((CHLORIDE <= 110.795) U[1,1] (PLATELET_COUNT >= 220.019))
",-2.490,5.511,8.795,0.000,1.000,58,0,14,14,72,14,72,14,0.8055555555555556,0.0,1.0,0.8055555555555556,0.6744186046511628,0.32558139534883723,-1
"F[1,1](BLOOD_UREA_NITROGEN <= 16.238 & CREATININE >= 0.840)
",2.489,-0.673,-4.762,0.000,1.000,58,0,14,14,72,14,72,14,0.8055555555555556,0.0,1.0,0.8055555555555556,0.6744186046511628,0.32558139534883723,-1
"((n_evts <= 0.494) U[1,1] (SODIUM <= 137.850))
",-2.490,0.544,0.850,0.000,1.000,56,1,13,16,72,14,69,17,0.7777777777777778,0.07142857142857142,0.9285714285714286,0.8115942028985508,0.6627906976744186,0.33720930232558144,-1
"((death >= 0.012) U[0,0] (POTASSIUM >= 3.738))
",-0.832,0.087,0.469,0.000,1.000,43,14,0,29,72,14,43,43,0.5972222222222222,1.0,0.0,1.0,0.6627906976744186,0.33720930232558144,-1
"((death >= 0.009) U[1,2] (WHITE_BLOOD_CELL_COUNT >= 8.960))
",0.000,-9999999.000,-9999999.000,0.000,1.000,57,0,0,29,86,0,57,29,0.6627906976744186,0.0,0.0,1.0,0.6627906976744186,0.33720930232558144,-1
"((BLOOD_UREA_NITROGEN <= 20.985) U[0,1] (CO2 >= 20.320))
",0.000,-9999999.000,-9999999.000,0.000,1.000,42,14,0,30,72,14,42,44,0.5833333333333334,1.0,0.0,1.0,0.6511627906976745,0.34883720930232553,-1
"F[0,1](CREATININE >= 0.803 | TROPONIN_I >= 0.025)
",0.000,-9999999.000,-9999999.000,0.000,1.000,42,14,0,30,72,14,42,44,0.5833333333333334,1.0,0.0,1.0,0.6511627906976745,0.34883720930232553,-1
"F[0,1](TROPONIN_I <= 0.055 & WHITE_BLOOD_CELL_COUNT <= 9.243)
",0.000,-9999999.000,-9999999.000,0.000,1.000,56,0,14,16,72,14,70,16,0.7777777777777778,0.0,1.0,0.8,0.6511627906976745,0.34883720930232553,-1
"G[0,0](hr >= 67.367 & Pulse >= 68.193)
",-0.811,6.266,24.236,1.000,0.000,56,0,14,16,72,14,70,16,0.7777777777777778,0.0,1.0,0.8,0.6511627906976745,0.34883720930232553,1
"G[0,1](CALCIUM <= 9.149 & GLUCOSE <= 118.693)
",0.000,9999999.000,9999999.000,1.000,0.000,42,14,0,30,72,14,42,44,0.5833333333333334,1.0,0.0,1.0,0.6511627906976745,0.34883720930232553,1
"((PHOSPHORUS >= 2.794) U[1,2] (PLATELET_COUNT >= 217.170))
",0.000,-9999999.000,-9999999.000,0.000,1.000,56,0,0,30,86,0,56,30,0.6511627906976745,0.0,0.0,1.0,0.6511627906976745,0.34883720930232553,-1
"F[1,1](n_evts <= 0.799 & PHOSPHORUS >= 2.862)
",0.207,-0.137,-0.201,0.000,1.000,56,0,14,16,72,14,70,16,0.7777777777777778,0.0,1.0,0.8,0.6511627906976745,0.34883720930232553,-1
"F[0,1](GLUCOSE >= 97.393 | y >= 0.003)
",0.000,-9999999.000,-9999999.000,0.000,1.000,42,14,0,30,72,14,42,44,0.5833333333333334,1.0,0.0,1.0,0.6511627906976745,0.34883720930232553,-1
"((CREATININE <= 0.984) U[0,1] (POTASSIUM >= 3.769))
",0.000,-9999999.000,-9999999.000,0.000,1.000,42,14,0,30,72,14,42,44,0.5833333333333334,1.0,0.0,1.0,0.6511627906976745,0.34883720930232553,-1
"((Glasgow_Coma_Scale_Total <= 14.976) U[1,2] (PHOSPHORUS <= 3.413))
",0.000,-9999999.000,-9999999.000,0.000,1.000,56,0,0,30,86,0,56,30,0.6511627906976745,0.0,0.0,1.0,0.6511627906976745,0.34883720930232553,-1
"((dfa <= 1.123) U[0,0] (hr >= 78.070))
",-0.877,3.196,19.571,0.000,1.000,39,13,1,33,72,14,40,46,0.5416666666666666,0.9285714285714286,0.07142857142857142,0.975,0.6046511627906976,0.39534883720930236,-1
"F[1,1](death <= 0.662 & Pulse >= 77.566)
",-0.360,-3.441,-0.799,0.000,1.000,41,10,4,31,72,14,45,41,0.5694444444444444,0.7142857142857143,0.2857142857142857,0.9111111111111111,0.5930232558139535,0.40697674418604646,-1
"G[0,0](LOS <= 4.461 -> POTASSIUM <= 3.942)
",-2.099,-4.461,-1.096,1.000,0.000,43,7,7,29,72,14,50,36,0.5972222222222222,0.5,0.5,0.86,0.5813953488372093,0.41860465116279066,1
"((CO2 >= 20.518) U[1,2] (ICU_Pt_Days <= 4.110))
",0.000,-9999999.000,-9999999.000,0.000,1.000,43,6,0,37,80,6,43,43,0.5375,1.0,0.0,1.0,0.5697674418604651,0.43023255813953487,-1
"((lds >= 0.745) U[1,1] (tte >= -2.363))
",1.974,2.363,1.621,0.000,1.000,38,10,4,34,72,14,42,44,0.5277777777777778,0.7142857142857143,0.2857142857142857,0.9047619047619048,0.5581395348837209,0.4418604651162791,-1
"G[1,1](ICU_Pt_Days <= 2.106 -> POTASSIUM <= 3.887)
",-2.110,-2.106,-0.441,1.000,0.000,42,6,8,30,72,14,50,36,0.5833333333333334,0.42857142857142855,0.5714285714285714,0.84,0.5581395348837209,0.4418604651162791,1
"G[0,1](PHOSPHORUS <= 3.457 -> Resp <= 18.478)
",0.000,9999999.000,9999999.000,1.000,0.000,45,1,13,27,72,14,58,28,0.625,0.07142857142857142,0.9285714285714286,0.7758620689655172,0.5348837209302325,0.4651162790697675,1
"((CALCIUM >= 8.672) U[1,2] (TROPONIN_I <= 0.045))
",0.000,-9999999.000,-9999999.000,0.000,1.000,43,0,0,43,86,0,43,43,0.5,0.0,0.0,1.0,0.5,0.5,-1
"((CALCIUM >= 8.543) U[1,2] (MAGNESIUM >= 2.031))
",0.000,-9999999.000,-9999999.000,0.000,1.000,43,0,0,43,86,0,43,43,0.5,0.0,0.0,1.0,0.5,0.5,-1
"((CO2 >= 22.440) U[1,2] (CREATININE <= 0.967))
",0.000,-9999999.000,-9999999.000,0.000,1.000,43,0,0,43,86,0,43,43,0.5,0.0,0.0,1.0,0.5,0.5,-1
"((SpO2 <= 97.685) U[1,1] (srr >= 0.031))
",-0.397,0.526,1.395,0.000,1.000,35,8,6,37,72,14,41,45,0.4861111111111111,0.5714285714285714,0.42857142857142855,0.8536585365853658,0.5,0.5,-1
"G[1,1](edrk >= 13.155 & SBP <= 131.306)
",-0.541,0.643,7.568,1.000,0.000,38,3,11,34,72,14,49,37,0.5277777777777778,0.21428571428571427,0.7857142857142857,0.7755102040816326,0.47674418604651164,0.5232558139534884,1
"G[0,1](CO2 >= 22.317 | n_edrk <= 0.958)
",0.000,9999999.000,9999999.000,1.000,0.000,38,0,14,34,72,14,52,34,0.5277777777777778,0.0,1.0,0.7307692307692307,0.4418604651162791,0.5581395348837209,1
"G[0,1](CALCIUM >= 8.428 & LOS <= 6.255)
",0.000,9999999.000,9999999.000,1.000,0.000,29,7,7,43,72,14,36,50,0.4027777777777778,0.5,0.5,0.8055555555555556,0.4186046511627907,0.5813953488372092,1
"G[0,0](hr >= 74.903 & Pulse >= 75.303)
",-0.821,-1.033,17.126,1.000,0.000,33,2,12,39,72,14,45,41,0.4583333333333333,0.14285714285714285,0.8571428571428571,0.7333333333333333,0.4069767441860465,0.5930232558139534,1
"G[1,1](dfa <= 1.248 & edrk >= 13.821)
",-0.279,-0.834,-0.128,1.000,0.000,28,5,9,44,72,14,37,49,0.3888888888888889,0.35714285714285715,0.6428571428571429,0.7567567567567568,0.38372093023255816,0.6162790697674418,1
"F[0,1](cosen >= -2.234 | TROPONIN_I >= 0.021)
",0.000,-9999999.000,-9999999.000,0.000,1.000,19,14,0,53,72,14,19,67,0.2638888888888889,1.0,0.0,1.0,0.38372093023255816,0.6162790697674418,-1
"((O2_Flow <= 5.885) U[0,1] (Pulse <= 84.125))
",0.000,-9999999.000,-9999999.000,0.000,1.000,20,11,3,52,72,14,23,63,0.2777777777777778,0.7857142857142857,0.21428571428571427,0.8695652173913043,0.36046511627906974,0.6395348837209303,-1
"G[0,1](edrk >= 13.631 & n_edrk >= 0.628)
",0.000,9999999.000,9999999.000,1.000,0.000,17,14,0,55,72,14,17,69,0.2361111111111111,1.0,0.0,1.0,0.36046511627906974,0.6395348837209303,1
"((lds <= 1.126) U[0,0] (s2_hr >= -0.001))
",0.164,0.388,0.285,0.000,1.000,17,14,0,55,72,14,17,69,0.2361111111111111,1.0,0.0,1.0,0.36046511627906974,0.6395348837209303,-1
"G[0,0](BLOOD_UREA_NITROGEN <= 20.022 -> n_edrk <= 0.872)
",-0.934,-7.132,-1.576,1.000,0.000,29,1,13,43,72,14,42,44,0.4027777777777778,0.07142857142857142,0.9285714285714286,0.6904761904761905,0.3488372093023256,0.6511627906976745,1
"G[0,1](CALCIUM >= 8.527 | n_evts >= 0.039)
",0.000,9999999.000,9999999.000,1.000,0.000,29,0,14,43,72,14,43,43,0.4027777777777778,0.0,1.0,0.6744186046511628,0.3372093023255814,0.6627906976744187,1
"G[0,0](MAGNESIUM >= 2.018 -> POTASSIUM >= 3.702)
",1.330,-0.160,-0.298,1.000,0.000,29,0,14,43,72,14,43,43,0.4027777777777778,0.0,1.0,0.6744186046511628,0.3372093023255814,0.6627906976744187,1
"G[1,1](BLOOD_UREA_NITROGEN <= 15.991 & CALCIUM >= 8.537)
",2.448,-0.636,-5.009,1.000,0.000,14,14,0,58,72,14,14,72,0.19444444444444445,1.0,0.0,1.0,0.32558139534883723,0.6744186046511628,1
"G[1,1](CALCIUM >= 8.547 & CREATININE <= 0.945)
",0.614,-0.106,-0.155,1.000,0.000,14,14,0,58,72,14,14,72,0.19444444444444445,1.0,0.0,1.0,0.32558139534883723,0.6744186046511628,1
"G[1,1](hr >= 80.549 & Pulse >= 70.385)
",-0.967,-3.233,17.385,1.000,0.000,22,5,9,50,72,14,31,55,0.3055555555555556,0.35714285714285715,0.6428571428571429,0.7096774193548387,0.313953488372093,0.686046511627907,1
"F[1,1](cosen >= -2.380 & s24_edrk >= -0.001)
",-0.332,-0.011,0.001,0.000,1.000,13,14,0,59,72,14,13,73,0.18055555555555555,1.0,0.0,1.0,0.313953488372093,0.686046511627907,-1
"G[1,1](edrk <= 29.430 -> Pulse >= 78.410)
",0.440,-15.704,-20.967,1.000,0.000,22,3,11,50,72,14,33,53,0.3055555555555556,0.21428571428571427,0.7857142857142857,0.6666666666666666,0.29069767441860467,0.7093023255813953,1
"((AF <= 0.478) U[0,0] (hr >= 69.574))
",-0.895,8.693,27.924,0.000,1.000,10,14,0,62,72,14,10,76,0.1388888888888889,1.0,0.0,1.0,0.27906976744186046,0.7209302325581395,-1
"((hr <= 101.835) U[0,1] (Pulse <= 88.712))
",0.000,-9999999.000,-9999999.000,0.000,1.000,13,11,3,59,72,14,16,70,0.18055555555555555,0.7857142857142857,0.21428571428571427,0.8125,0.27906976744186046,0.7209302325581395,-1
"((BLOOD_UREA_NITROGEN >= 11.374) U[1,2] (O2_Flow <= 3.461))
",0.000,-9999999.000,-9999999.000,0.000,1.000,13,10,1,62,75,11,14,72,0.17333333333333334,0.9090909090909091,0.09090909090909091,0.9285714285714286,0.26744186046511625,0.7325581395348837,-1
"((edrk >= 11.001) U[1,2] (s8_edrk >= -0.006))
",0.000,-9999999.000,-9999999.000,0.000,1.000,9,14,0,63,72,14,9,77,0.125,1.0,0.0,1.0,0.26744186046511625,0.7325581395348837,-1
"G[0,0](SBP >= 102.469 -> y >= 0.008)
",0.572,-7.772,-29.454,1.000,0.000,17,5,9,55,72,14,26,60,0.2361111111111111,0.35714285714285715,0.6428571428571429,0.6538461538461539,0.2558139534883721,0.7441860465116279,1
"G[1,1](direct <= 0.572 & HEMOGLOBIN <= 12.047)
",-0.527,-0.483,0.001,1.000,0.000,15,7,7,57,72,14,22,64,0.20833333333333334,0.5,0.5,0.6818181818181818,0.2558139534883721,0.7441860465116279,1
"((Mort >= 0.071) U[1,2] (PHOSPHORUS >= 2.818))
",0.000,-9999999.000,-9999999.000,0.000,1.000,16,6,8,56,72,14,24,62,0.2222222222222222,0.42857142857142855,0.5714285714285714,0.6666666666666666,0.2558139534883721,0.7441860465116279,-1
"F[0,1](death >= 0.015 | GLUCOSE <= 114.042)
",0.000,-9999999.000,-9999999.000,0.000,1.000,16,6,8,56,72,14,24,62,0.2222222222222222,0.42857142857142855,0.5714285714285714,0.6666666666666666,0.2558139534883721,0.7441860465116279,-1
"F[0,1](s8_hr >= -0.001 -> SBP <= 114.587)
",0.000,-9999999.000,-9999999.000,0.000,1.000,11,10,4,61,72,14,15,71,0.1527777777777778,0.7142857142857143,0.2857142857142857,0.7333333333333333,0.2441860465116279,0.7558139534883721,-1
"((death >= 0.028) U[1,2] (MAGNESIUM <= 2.075))
",0.000,-9999999.000,-9999999.000,0.000,1.000,16,4,10,56,72,14,26,60,0.2222222222222222,0.2857142857142857,0.7142857142857143,0.6153846153846154,0.23255813953488372,0.7674418604651163,-1
"G[0,1](PHOSPHORUS >= 2.839 & tte >= -2.464)
",0.000,9999999.000,9999999.000,1.000,0.000,16,4,10,56,72,14,26,60,0.2222222222222222,0.2857142857142857,0.7142857142857143,0.6153846153846154,0.23255813953488372,0.7674418604651163,1
"F[0,1]((af <= 0.091 | AF <= 0.335) & cosen >= -2.386)
",0.000,-9999999.000,-9999999.000,0.000,1.000,4,14,0,68,72,14,4,82,0.05555555555555555,1.0,0.0,1.0,0.20930232558139536,0.7906976744186046,-1
"((s8_edrk >= -0.006) U[0,0] (Temp >= 35.692))
",-0.365,0.435,0.780,0.000,1.000,6,12,2,66,72,14,8,78,0.08333333333333333,0.8571428571428571,0.14285714285714285,0.75,0.20930232558139536,0.7906976744186046,-1
"F[0,0](CO2 <= 25.814 | PLATELET_COUNT >= 212.871)
",1.032,10.419,1.573,0.000,1.000,16,1,13,56,72,14,29,57,0.2222222222222222,0.07142857142857142,0.9285714285714286,0.5517241379310345,0.19767441860465115,0.8023255813953488,-1
"G[0,1](BLOOD_UREA_NITROGEN <= 18.407 -> MAGNESIUM <= 2.091)
",0.000,9999999.000,9999999.000,1.000,0.000,16,1,13,56,72,14,29,57,0.2222222222222222,0.07142857142857142,0.9285714285714286,0.5517241379310345,0.19767441860465115,0.8023255813953488,1
"((ICU_Pt_Days <= 2.278) U[0,1] (MAGNESIUM >= 2.035))
",0.000,-9999999.000,-9999999.000,0.000,1.000,16,1,13,56,72,14,29,57,0.2222222222222222,0.07142857142857142,0.9285714285714286,0.5517241379310345,0.19767441860465115,0.8023255813953488,-1
"F[0,1](CO2 <= 25.410 & HEMOGLOBIN >= 10.899)
",0.000,-9999999.000,-9999999.000,0.000,1.000,16,1,13,56,72,14,29,57,0.2222222222222222,0.07142857142857142,0.9285714285714286,0.5517241379310345,0.19767441860465115,0.8023255813953488,-1
"((HEMOGLOBIN <= 12.093) U[0,1] (PHOSPHORUS <= 3.317))
",0.000,-9999999.000,-9999999.000,0.000,1.000,16,1,13,56,72,14,29,57,0.2222222222222222,0.07142857142857142,0.9285714285714286,0.5517241379310345,0.19767441860465115,0.8023255813953488,-1
"F[0,1](SODIUM >= 137.492 & SpO2 >= 93.257)
",0.000,-9999999.000,-9999999.000,0.000,1.000,16,1,13,56,72,14,29,57,0.2222222222222222,0.07142857142857142,0.9285714285714286,0.5517241379310345,0.19767441860465115,0.8023255813953488,-1
"F[0,1](CHLORIDE >= 106.435 & WHITE_BLOOD_CELL_COUNT >= 8.428)
",0.000,-9999999.000,-9999999.000,0.000,1.000,16,1,13,56,72,14,29,57,0.2222222222222222,0.07142857142857142,0.9285714285714286,0.5517241379310345,0.19767441860465115,0.8023255813953488,-1
"((Mort <= 0.188) U[0,1] (SODIUM >= 137.112))
",0.000,-9999999.000,-9999999.000,0.000,1.000,16,1,13,56,72,14,29,57,0.2222222222222222,0.07142857142857142,0.9285714285714286,0.5517241379310345,0.19767441860465115,0.8023255813953488,-1
"((CO2 <= 24.383) U[0,0] (GLUCOSE <= 110.447))
",1.136,10.688,0.107,0.000,1.000,16,1,13,56,72,14,29,57,0.2222222222222222,0.07142857142857142,0.9285714285714286,0.5517241379310345,0.19767441860465115,0.8023255813953488,-1
"((n_edrk <= 0.893) U[0,0] (PLATELET_COUNT >= 214.545))
",1.008,9.008,1.798,0.000,1.000,16,1,13,56,72,14,29,57,0.2222222222222222,0.07142857142857142,0.9285714285714286,0.5517241379310345,0.19767441860465115,0.8023255813953488,-1
"G[0,0](CREATININE <= 1.082 -> PLATELET_COUNT <= 222.999)
",1.027,-1.748,-9.453,1.000,0.000,16,1,13,56,72,14,29,57,0.2222222222222222,0.07142857142857142,0.9285714285714286,0.5517241379310345,0.19767441860465115,0.8023255813953488,1
"G[0,0](CREATININE <= 1.001 -> Mort >= 0.032)
",0.241,-0.146,-0.273,1.000,0.000,16,1,13,56,72,14,29,57,0.2222222222222222,0.07142857142857142,0.9285714285714286,0.5517241379310345,0.19767441860465115,0.8023255813953488,1
"G[0,1](CREATININE >= 0.910 | SODIUM <= 137.813)
",0.000,9999999.000,9999999.000,1.000,0.000,16,1,13,56,72,14,29,57,0.2222222222222222,0.07142857142857142,0.9285714285714286,0.5517241379310345,0.19767441860465115,0.8023255813953488,1
"F[0,1](CHLORIDE >= 105.432 & death <= 0.991)
",0.000,-9999999.000,-9999999.000,0.000,1.000,16,1,13,56,72,14,29,57,0.2222222222222222,0.07142857142857142,0.9285714285714286,0.5517241379310345,0.19767441860465115,0.8023255813953488,-1
"((CREATININE >= 0.845) U[0,0] (PROTIME_INR <= 1.163))
",-1.032,0.089,0.228,0.000,1.000,16,1,13,56,72,14,29,57,0.2222222222222222,0.07142857142857142,0.9285714285714286,0.5517241379310345,0.19767441860465115,0.8023255813953488,-1
"((PHOSPHORUS <= 3.471) U[1,2] (WHITE_BLOOD_CELL_COUNT <= 9.169))
",0.000,-9999999.000,-9999999.000,0.000,1.000,15,1,13,57,72,14,28,58,0.20833333333333334,0.07142857142857142,0.9285714285714286,0.5357142857142857,0.18604651162790697,0.813953488372093,-1
"((BLOOD_UREA_NITROGEN >= 14.698) U[0,1] (PLATELET_COUNT >= 213.985))
",0.000,-9999999.000,-9999999.000,0.000,1.000,15,1,13,57,72,14,28,58,0.20833333333333334,0.07142857142857142,0.9285714285714286,0.5357142857142857,0.18604651162790697,0.813953488372093,-1
"((af <= 0.359) U[0,1] (hr >= 67.730))
",0.000,-9999999.000,-9999999.000,0.000,1.000,2,14,0,70,72,14,2,84,0.027777777777777776,1.0,0.0,1.0,0.18604651162790697,0.813953488372093,-1
"((Mort <= 0.851) U[0,1] (PROTIME_INR <= 1.158))
",0.000,-9999999.000,-9999999.000,0.000,1.000,15,1,13,57,72,14,28,58,0.20833333333333334,0.07142857142857142,0.9285714285714286,0.5357142857142857,0.18604651162790697,0.813953488372093,-1
"((O2_Flow <= 2.533) U[0,1] (PLATELET_COUNT >= 215.485))
",0.000,-9999999.000,-9999999.000,0.000,1.000,15,1,13,57,72,14,28,58,0.20833333333333334,0.07142857142857142,0.9285714285714286,0.5357142857142857,0.18604651162790697,0.813953488372093,-1
"F[1,1](GLUCOSE <= 115.331 | MAGNESIUM >= 2.014)
",2.441,15.117,-0.014,0.000,1.000,16,0,14,56,72,14,30,56,0.2222222222222222,0.0,1.0,0.5333333333333333,0.18604651162790697,0.813953488372093,-1
"F[0,1](SpO2 >= 96.624 | WHITE_BLOOD_CELL_COUNT >= 8.964)
",0.000,-9999999.000,-9999999.000,0.000,1.000,9,7,7,63,72,14,16,70,0.125,0.5,0.5,0.5625,0.18604651162790697,0.813953488372093,-1
"((CREATININE <= 0.954) U[1,1] (Resp >= 16.220))
",0.039,2.507,2.373,0.000,1.000,16,0,14,56,72,14,30,56,0.2222222222222222,0.0,1.0,0.5333333333333333,0.18604651162790697,0.813953488372093,-1
"((HEMOGLOBIN <= 12.643) U[0,1] (PROTIME_INR <= 1.198))
",0.000,-9999999.000,-9999999.000,0.000,1.000,15,1,13,57,72,14,28,58,0.20833333333333334,0.07142857142857142,0.9285714285714286,0.5357142857142857,0.18604651162790697,0.813953488372093,-1
"((CREATININE <= 1.008) U[1,1] (PHOSPHORUS <= 3.197))
",2.490,0.501,-0.092,0.000,1.000,16,0,14,56,72,14,30,56,0.2222222222222222,0.0,1.0,0.5333333333333333,0.18604651162790697,0.813953488372093,-1
"((lds >= 0.589) U[0,0] (Temp <= 36.828))
",-0.041,0.837,0.860,0.000,1.000,7,9,5,65,72,14,12,74,0.09722222222222222,0.6428571428571429,0.35714285714285715,0.5833333333333334,0.18604651162790697,0.813953488372093,-1
"G[1,1](CHLORIDE >= 105.777 -> y = 0.552)
",-2.079,-4.616,0.463,1.000,0.000,16,0,14,56,72,14,30,56,0.2222222222222222,0.0,1.0,0.5333333333333333,0.18604651162790697,0.813953488372093,1
"G[1,1](ICU_Pt_Days <= 4.933 -> WHITE_BLOOD_CELL_COUNT <= 9.067)
",-1.571,-4.933,-2.390,1.000,0.000,15,0,14,57,72,14,29,57,0.20833333333333334,0.0,1.0,0.5172413793103449,0.1744186046511628,0.8255813953488372,1
"((O2_Flow <= 6.572) U[1,1] (PROTIME_INR <= 1.186))
",0.632,4.572,4.286,0.000,1.000,15,0,14,57,72,14,29,57,0.20833333333333334,0.0,1.0,0.5172413793103449,0.1744186046511628,0.8255813953488372,-1
"((O2_Flow >= 2.165) U[0,1] (SBP <= 178.911))
",0.000,-9999999.000,-9999999.000,0.000,1.000,0,14,0,72,72,14,0,86,0.0,1.0,0.0,0.0,0.16279069767441862,0.8372093023255813,-1
"F[0,1](POTASSIUM >= 3.844 | SpO2 <= 98.279)
",0.000,-9999999.000,-9999999.000,0.000,1.000,0,14,0,72,72,14,0,86,0.0,1.0,0.0,0.0,0.16279069767441862,0.8372093023255813,-1
"((ICU_Pt_Days >= 0.297) U[0,2] (PLATELET_COUNT <= 223.204))
",0.000,-9999999.000,-9999999.000,0.000,1.000,0,14,0,72,72,14,0,86,0.0,1.0,0.0,0.0,0.16279069767441862,0.8372093023255813,-1
"F[1,2](af <= 0.384 | srr >= 0.048)
",0.000,-9999999.000,-9999999.000,0.000,1.000,0,14,0,72,72,14,0,86,0.0,1.0,0.0,0.0,0.16279069767441862,0.8372093023255813,-1
"((LOS >= 0.107) U[0,2] (SODIUM <= 137.905))
",0.000,-9999999.000,-9999999.000,0.000,1.000,0,14,0,72,72,14,0,86,0.0,1.0,0.0,0.0,0.16279069767441862,0.8372093023255813,-1
"F[0,1](BLOOD_UREA_NITROGEN >= 12.412 | Resp >= 15.675)
",0.000,-9999999.000,-9999999.000,0.000,1.000,0,14,0,72,72,14,0,86,0.0,1.0,0.0,0.0,0.16279069767441862,0.8372093023255813,-1
"((Glasgow_Coma_Scale_Total <= 14.969) U[0,2] (LOS >= 1.010))
",0.000,-9999999.000,-9999999.000,0.000,1.000,0,14,0,72,72,14,0,86,0.0,1.0,0.0,0.0,0.16279069767441862,0.8372093023255813,-1
"F[0,2](af <= 0.288 | TROPONIN_I <= 0.055)
",0.000,-9999999.000,-9999999.000,0.000,1.000,0,14,0,72,72,14,0,86,0.0,1.0,0.0,0.0,0.16279069767441862,0.8372093023255813,-1
"F[0,0](Glasgow_Coma_Scale_Total <= 14.974 -> s8_edrk <= 0.002)
",0.867,-0.002,-0.419,0.000,1.000,0,14,0,72,72,14,0,86,0.0,1.0,0.0,0.0,0.16279069767441862,0.8372093023255813,-1
"F[0,2](CREATININE <= 1.071 -> LOS >= 0.770)
",0.000,-9999999.000,-9999999.000,0.000,1.000,0,14,0,72,72,14,0,86,0.0,1.0,0.0,0.0,0.16279069767441862,0.8372093023255813,-1
"F[1,2](Glasgow_Coma_Scale_Total <= 14.999 -> s24_hr >= -0.001)
",0.000,-9999999.000,-9999999.000,0.000,1.000,0,14,0,72,72,14,0,86,0.0,1.0,0.0,0.0,0.16279069767441862,0.8372093023255813,-1
"F[0,2](CREATININE <= 0.971 -> y <= 0.700)
",0.000,-9999999.000,-9999999.000,0.000,1.000,0,14,0,72,72,14,0,86,0.0,1.0,0.0,0.0,0.16279069767441862,0.8372093023255813,-1
"F[1,2](CO2 <= 23.258 -> n_evts <= 0.806)
",0.000,-9999999.000,-9999999.000,0.000,1.000,0,14,0,72,72,14,0,86,0.0,1.0,0.0,0.0,0.16279069767441862,0.8372093023255813,-1
"F[0,0](CHLORIDE <= 110.494 | PHOSPHORUS <= 3.259)
",-1.089,1.933,7.494,0.000,1.000,0,14,0,72,72,14,0,86,0.0,1.0,0.0,0.0,0.16279069767441862,0.8372093023255813,-1
"((hr <= 88.927) U[0,1] (s2_edrk >= -0.006))
",0.000,-9999999.000,-9999999.000,0.000,1.000,0,14,0,72,72,14,0,86,0.0,1.0,0.0,0.0,0.16279069767441862,0.8372093023255813,-1
"F[1,2](CALCIUM >= 8.551 -> PHOSPHORUS >= 2.782)
",0.000,-9999999.000,-9999999.000,0.000,1.000,0,14,0,72,72,14,0,86,0.0,1.0,0.0,0.0,0.16279069767441862,0.8372093023255813,-1
"((death >= 0.014) U[0,1] (SBP <= 134.771))
",0.000,-9999999.000,-9999999.000,0.000,1.000,0,14,0,72,72,14,0,86,0.0,1.0,0.0,0.0,0.16279069767441862,0.8372093023255813,-1
"F[0,0](Glasgow_Coma_Scale_Total <= 14.966 -> PLATELET_COUNT <= 222.581)
",1.032,-1.440,-9.065,0.000,1.000,0,14,0,72,72,14,0,86,0.0,1.0,0.0,0.0,0.16279069767441862,0.8372093023255813,-1
"G[0,2](HEMOGLOBIN >= 10.968 & y = 0.282)
",0.000,9999999.000,9999999.000,1.000,0.000,0,14,0,72,72,14,0,86,0.0,1.0,0.0,0.0,0.16279069767441862,0.8372093023255813,1
"G[0,2](Glasgow_Coma_Scale_Total <= 14.979 & Resp >= 17.375)
",0.000,9999999.000,9999999.000,1.000,0.000,0,14,0,72,72,14,0,86,0.0,1.0,0.0,0.0,0.16279069767441862,0.8372093023255813,1
"G[0,2](POTASSIUM <= 3.944 | TROPONIN_I <= 0.046)
",0.000,9999999.000,9999999.000,1.000,0.000,0,14,71,1,1,85,71,15,0.0,0.16470588235294117,0.8352941176470589,0.0,0.16279069767441862,0.8372093023255813,1
"G[1,2](LOS <= 8.158 & WHITE_BLOOD_CELL_COUNT >= 8.430)
",0.000,9999999.000,9999999.000,1.000,0.000,0,14,57,15,15,71,57,29,0.0,0.19718309859154928,0.8028169014084507,0.0,0.16279069767441862,0.8372093023255813,1
"G[0,0](ICU_Pt_Days < 3.590 & y = 0.039)
",1.494,-0.039,-0.890,1.000,0.000,0,14,0,72,72,14,0,86,0.0,1.0,0.0,0.0,0.16279069767441862,0.8372093023255813,1
"G[1,2](Resp >= 16.588 & SODIUM >= 137.413)
",0.000,9999999.000,9999999.000,1.000,0.000,0,14,56,16,16,70,56,30,0.0,0.2,0.8,0.0,0.16279069767441862,0.8372093023255813,1
"G[0,2](TROPONIN_I >= 0.021 & y = 0.876)
",0.000,9999999.000,9999999.000,1.000,0.000,0,14,0,72,72,14,0,86,0.0,1.0,0.0,0.0,0.16279069767441862,0.8372093023255813,1
"G[1,2](hr >= 66.297 -> y = 0.504)
",0.000,9999999.000,9999999.000,1.000,0.000,0,14,1,71,71,15,1,85,0.0,0.9333333333333333,0.06666666666666667,0.0,0.16279069767441862,0.8372093023255813,1
"F[1,2](Mort >= 0.067 | s24_hr >= -0.002)
",0.000,-9999999.000,-9999999.000,0.000,1.000,0,14,0,72,72,14,0,86,0.0,1.0,0.0,0.0,0.16279069767441862,0.8372093023255813,-1
"F[0,2](CALCIUM <= 8.816 | SODIUM <= 137.935)
",0.000,-9999999.000,-9999999.000,0.000,1.000,0,14,0,72,72,14,0,86,0.0,1.0,0.0,0.0,0.16279069767441862,0.8372093023255813,-1
"G[1,2](MAGNESIUM >= 2.002 | n_evts <= 0.977)
",0.000,9999999.000,9999999.000,1.000,0.000,0,14,72,0,0,86,72,14,0.0,0.16279069767441862,0.8372093023255814,0.0,0.16279069767441862,0.8372093023255813,1
"F[1,2](Resp <= 20.874 | s24_edrk >= -0.007)
",0.000,-9999999.000,-9999999.000,0.000,1.000,0,14,0,72,72,14,0,86,0.0,1.0,0.0,0.0,0.16279069767441862,0.8372093023255813,-1
"F[1,2](O2_Flow <= 3.489 | TROPONIN_I >= 0.026)
",0.000,-9999999.000,-9999999.000,0.000,1.000,0,14,0,72,72,14,0,86,0.0,1.0,0.0,0.0,0.16279069767441862,0.8372093023255813,-1
"((PHOSPHORUS <= 2.958) U[0,2] (SODIUM <= 137.939))
",0.000,-9999999.000,-9999999.000,0.000,1.000,0,14,0,72,72,14,0,86,0.0,1.0,0.0,0.0,0.16279069767441862,0.8372093023255813,-1
"F[0,1](CHLORIDE <= 111.692 | TROPONIN_I <= 0.056)
",0.000,-9999999.000,-9999999.000,0.000,1.000,0,14,0,72,72,14,0,86,0.0,1.0,0.0,0.0,0.16279069767441862,0.8372093023255813,-1
"F[0,2](n_evts >= 0.117 | TROPONIN_I <= 0.029)
",0.000,-9999999.000,-9999999.000,0.000,1.000,0,14,0,72,72,14,0,86,0.0,1.0,0.0,0.0,0.16279069767441862,0.8372093023255813,-1
"F[0,2](GLUCOSE >= 97.159 & PLATELET_COUNT <= 224.999)
",0.000,-9999999.000,-9999999.000,0.000,1.000,0,14,0,72,72,14,0,86,0.0,1.0,0.0,0.0,0.16279069767441862,0.8372093023255813,-1
"F[0,1](GLUCOSE <= 118.195 | WHITE_BLOOD_CELL_COUNT <= 9.280)
",0.000,-9999999.000,-9999999.000,0.000,1.000,0,14,0,72,72,14,0,86,0.0,1.0,0.0,0.0,0.16279069767441862,0.8372093023255813,-1
"((MET >= 0.008) U[0,2] (s24_edrk >= -0.002))
",0.000,-9999999.000,-9999999.000,0.000,1.000,0,14,0,72,72,14,0,86,0.0,1.0,0.0,0.0,0.16279069767441862,0.8372093023255813,-1
"F[0,1](n_evts >= 0.147 -> PLATELET_COUNT <= 224.036)
",0.000,-9999999.000,-9999999.000,0.000,1.000,0,14,0,72,72,14,0,86,0.0,1.0,0.0,0.0,0.16279069767441862,0.8372093023255813,-1
"F[1,2](PHOSPHORUS <= 3.120 -> PROTIME_INR >= 1.119)
",0.000,-9999999.000,-9999999.000,0.000,1.000,0,14,0,72,72,14,0,86,0.0,1.0,0.0,0.0,0.16279069767441862,0.8372093023255813,-1
"F[1,1](CHLORIDE >= 102.359 -> PROTIME_INR <= 1.175)
",-2.315,-7.632,0.025,0.000,1.000,0,14,0,72,72,14,0,86,0.0,1.0,0.0,0.0,0.16279069767441862,0.8372093023255813,-1
"F[0,1](HEMOGLOBIN >= 11.811 | MAGNESIUM <= 2.089)
",0.000,-9999999.000,-9999999.000,0.000,1.000,0,14,0,72,72,14,0,86,0.0,1.0,0.0,0.0,0.16279069767441862,0.8372093023255813,-1
"F[1,2](CREATININE <= 0.973 -> HEMOGLOBIN >= 11.116)
",0.000,-9999999.000,-9999999.000,0.000,1.000,0,14,0,72,72,14,0,86,0.0,1.0,0.0,0.0,0.16279069767441862,0.8372093023255813,-1
"((SODIUM <= 137.894) U[0,2] (WHITE_BLOOD_CELL_COUNT <= 9.122))
",0.000,-9999999.000,-9999999.000,0.000,1.000,0,14,0,72,72,14,0,86,0.0,1.0,0.0,0.0,0.16279069767441862,0.8372093023255813,-1
"F[0,2](PLATELET_COUNT <= 224.510 | SODIUM >= 137.317)
",0.000,-9999999.000,-9999999.000,0.000,1.000,0,14,0,72,72,14,0,86,0.0,1.0,0.0,0.0,0.16279069767441862,0.8372093023255813,-1
"F[0,2](BLOOD_UREA_NITROGEN <= 15.432 -> CHLORIDE >= 103.135)
",0.000,-9999999.000,-9999999.000,0.000,1.000,0,14,0,72,72,14,0,86,0.0,1.0,0.0,0.0,0.16279069767441862,0.8372093023255813,-1
"F[0,1](Glasgow_Coma_Scale_Total <= 14.990 -> hr >= 69.998)
",0.000,-9999999.000,-9999999.000,0.000,1.000,0,14,0,72,72,14,0,86,0.0,1.0,0.0,0.0,0.16279069767441862,0.8372093023255813,-1
"((HEMOGLOBIN <= 12.203) U[0,2] (PLATELET_COUNT <= 221.880))
",0.000,-9999999.000,-9999999.000,0.000,1.000,0,14,0,72,72,14,0,86,0.0,1.0,0.0,0.0,0.16279069767441862,0.8372093023255813,-1
"F[0,2]((af <= 0.381 | AF <= 0.108) & cosen >= -2.359)
",0.000,-9999999.000,-9999999.000,0.000,1.000,0,14,0,72,72,14,0,86,0.0,1.0,0.0,0.0,0.16279069767441862,0.8372093023255813,-1
"F[0,2](CO2 <= 24.440 -> SODIUM >= 137.371)
",0.000,-9999999.000,-9999999.000,0.000,1.000,0,14,0,72,72,14,0,86,0.0,1.0,0.0,0.0,0.16279069767441862,0.8372093023255813,-1
"F[1,2](LOS >= 0.630 & n_evts >= 0.094)
",0.000,-9999999.000,-9999999.000,0.000,1.000,0,14,0,72,72,14,0,86,0.0,1.0,0.0,0.0,0.16279069767441862,0.8372093023255813,-1
"F[0,2](CALCIUM >= 8.552 | CO2 <= 23.554)
",0.000,-9999999.000,-9999999.000,0.000,1.000,0,14,0,72,72,14,0,86,0.0,1.0,0.0,0.0,0.16279069767441862,0.8372093023255813,-1
"F[1,2](POTASSIUM >= 3.830 & SODIUM <= 137.665)
",0.000,-9999999.000,-9999999.000,0.000,1.000,0,14,0,72,72,14,0,86,0.0,1.0,0.0,0.0,0.16279069767441862,0.8372093023255813,-1
"F[0,2]((af <= 0.138 | AF <= 0.079) & cosen >= -2.557)
",0.000,-9999999.000,-9999999.000,0.000,1.000,0,14,0,72,72,14,0,86,0.0,1.0,0.0,0.0,0.16279069767441862,0.8372093023255813,-1
"F[0,2]((af <= 0.223 | AF <= 0.226) & cosen >= -2.391)
",0.000,-9999999.000,-9999999.000,0.000,1.000,0,14,0,72,72,14,0,86,0.0,1.0,0.0,0.0,0.16279069767441862,0.8372093023255813,-1
"((PLATELET_COUNT >= 216.925) U[0,2] (POTASSIUM >= 3.777))
",0.000,-9999999.000,-9999999.000,0.000,1.000,0,14,0,72,72,14,0,86,0.0,1.0,0.0,0.0,0.16279069767441862,0.8372093023255813,-1
"F[0,2]((af <= 0.340 | AF <= 0.329) & cosen >= -2.305)
",0.000,-9999999.000,-9999999.000,0.000,1.000,0,14,0,72,72,14,0,86,0.0,1.0,0.0,0.0,0.16279069767441862,0.8372093023255813,-1
"F[0,1](hr >= 65.730 -> lds >= 0.141)
",0.000,-9999999.000,-9999999.000,0.000,1.000,0,14,0,72,72,14,0,86,0.0,1.0,0.0,0.0,0.16279069767441862,0.8372093023255813,-1
"F[0,2](CALCIUM >= 8.518 -> WHITE_BLOOD_CELL_COUNT <= 9.082)
",0.000,-9999999.000,-9999999.000,0.000,1.000,0,14,0,72,72,14,0,86,0.0,1.0,0.0,0.0,0.16279069767441862,0.8372093023255813,-1
"F[0,2](s24_hr <= 0.001 | SBP >= 89.056)
",0.000,-9999999.000,-9999999.000,0.000,1.000,0,14,0,72,72,14,0,86,0.0,1.0,0.0,0.0,0.16279069767441862,0.8372093023255813,-1
"((O2_Flow <= 5.414) U[0,2] (SODIUM <= 137.982))
",0.000,-9999999.000,-9999999.000,0.000,1.000,0,14,0,72,72,14,0,86,0.0,1.0,0.0,0.0,0.16279069767441862,0.8372093023255813,-1
"F[0,2](Pulse <= 91.398 -> TROPONIN_I >= 0.021)
",0.000,-9999999.000,-9999999.000,0.000,1.000,0,14,0,72,72,14,0,86,0.0,1.0,0.0,0.0,0.16279069767441862,0.8372093023255813,-1
"((hr >= 73.162) U[0,2] (s8_hr >= -0.002))
",0.000,-9999999.000,-9999999.000,0.000,1.000,0,14,0,72,72,14,0,86,0.0,1.0,0.0,0.0,0.16279069767441862,0.8372093023255813,-1
"((af <= 0.368) U[0,2] (cosen >= -2.563))
",0.000,-9999999.000,-9999999.000,0.000,1.000,0,14,0,72,72,14,0,86,0.0,1.0,0.0,0.0,0.16279069767441862,0.8372093023255813,-1
"F[0,2](GLUCOSE >= 104.800 | O2_Flow <= 6.389)
",0.000,-9999999.000,-9999999.000,0.000,1.000,0,14,0,72,72,14,0,86,0.0,1.0,0.0,0.0,0.16279069767441862,0.8372093023255813,-1
"F[0,1](death >= 0.044 -> n_edrk <= 0.840)
",0.000,-9999999.000,-9999999.000,0.000,1.000,0,14,0,72,72,14,0,86,0.0,1.0,0.0,0.0,0.16279069767441862,0.8372093023255813,-1
"F[0,1](dfa <= 0.886 | lds <= 1.685)
",0.000,-9999999.000,-9999999.000,0.000,1.000,0,14,0,72,72,14,0,86,0.0,1.0,0.0,0.0,0.16279069767441862,0.8372093023255813,-1
"F[0,1](CHLORIDE >= 103.285 -> Resp <= 21.031)
",0.000,-9999999.000,-9999999.000,0.000,1.000,0,14,0,72,72,14,0,86,0.0,1.0,0.0,0.0,0.16279069767441862,0.8372093023255813,-1
"((direct >= 0.055) U[0,0] (POTASSIUM >= 3.700))
",-1.209,0.108,0.669,0.000,1.000,0,14,0,72,72,14,0,86,0.0,1.0,0.0,0.0,0.16279069767441862,0.8372093023255813,-1
"F[0,2](MAGNESIUM <= 2.079 | Mort <= 0.805)
",0.000,-9999999.000,-9999999.000,0.000,1.000,0,14,0,72,72,14,0,86,0.0,1.0,0.0,0.0,0.16279069767441862,0.8372093023255813,-1
"F[1,2](HEMOGLOBIN >= 11.717 -> n_edrk >= 0.350)
",0.000,-9999999.000,-9999999.000,0.000,1.000,0,14,0,72,72,14,0,86,0.0,1.0,0.0,0.0,0.16279069767441862,0.8372093023255813,-1
"F[1,2](Resp >= 13.542 | s2_edrk <= 0.003)
",0.000,-9999999.000,-9999999.000,0.000,1.000,0,14,0,72,72,14,0,86,0.0,1.0,0.0,0.0,0.16279069767441862,0.8372093023255813,-1
"F[0,2](direct >= 0.074 | SBP <= 136.348)
",0.000,-9999999.000,-9999999.000,0.000,1.000,0,14,0,72,72,14,0,86,0.0,1.0,0.0,0.0,0.16279069767441862,0.8372093023255813,-1
"((direct >= 0.030) U[0,2] (lds >= 0.823))
",0.000,-9999999.000,-9999999.000,0.000,1.000,0,14,0,72,72,14,0,86,0.0,1.0,0.0,0.0,0.16279069767441862,0.8372093023255813,-1
"F[0,1](CREATININE >= 0.845 | tte >= -3.111)
",0.000,-9999999.000,-9999999.000,0.000,1.000,0,14,0,72,72,14,0,86,0.0,1.0,0.0,0.0,0.16279069767441862,0.8372093023255813,-1
"((direct <= 0.902) U[0,2] (SODIUM <= 137.955))
",0.000,-9999999.000,-9999999.000,0.000,1.000,0,14,0,72,72,14,0,86,0.0,1.0,0.0,0.0,0.16279069767441862,0.8372093023255813,-1
"F[0,0](ICU_Pt_Days <= 1.385 -> lds <= 1.942)
",-0.697,-1.445,-1.037,0.000,1.000,0,14,0,72,72,14,0,86,0.0,1.0,0.0,0.0,0.16279069767441862,0.8372093023255813,-1
"F[1,2](direct <= 0.257 -> PLATELET_COUNT <= 223.920)
",0.000,-9999999.000,-9999999.000,0.000,1.000,0,14,0,72,72,14,0,86,0.0,1.0,0.0,0.0,0.16279069767441862,0.8372093023255813,-1
"F[0,1](Glasgow_Coma_Scale_Total <= 14.993 -> HEMOGLOBIN <= 11.888)
",0.000,-9999999.000,-9999999.000,0.000,1.000,0,14,0,72,72,14,0,86,0.0,1.0,0.0,0.0,0.16279069767441862,0.8372093023255813,-1
"F[0,2](Mort <= 0.736 | n_edrk <= 0.988)
",0.000,-9999999.000,-9999999.000,0.000,1.000,0,14,0,72,72,14,0,86,0.0,1.0,0.0,0.0,0.16279069767441862,0.8372093023255813,-1
"F[1,2](Glasgow_Coma_Scale_Total >= 14.088 -> GLUCOSE >= 98.811)
",0.000,-9999999.000,-9999999.000,0.000,1.000,0,14,0,72,72,14,0,86,0.0,1.0,0.0,0.0,0.16279069767441862,0.8372093023255813,-1
"F[0,2](CREATININE >= 0.812 & n_edrk <= 0.965)
",0.000,-9999999.000,-9999999.000,0.000,1.000,0,14,0,72,72,14,0,86,0.0,1.0,0.0,0.0,0.16279069767441862,0.8372093023255813,-1
"((death >= 0.011) U[0,2] (hr >= 69.474))
",0.000,-9999999.000,-9999999.000,0.000,1.000,0,14,0,72,72,14,0,86,0.0,1.0,0.0,0.0,0.16279069767441862,0.8372093023255813,-1
"F[0,1](HEMOGLOBIN >= 11.584 -> Resp >= 14.525)
",0.000,-9999999.000,-9999999.000,0.000,1.000,0,14,0,72,72,14,0,86,0.0,1.0,0.0,0.0,0.16279069767441862,0.8372093023255813,-1
"G[0,2](s24_hr > -0.001 -> y = 0.149)
",0.000,9999999.000,9999999.000,1.000,0.000,0,14,0,72,72,14,0,86,0.0,1.0,0.0,0.0,0.16279069767441862,0.8372093023255813,1
"F[0,2](CREATININE <= 1.030 -> direct <= 0.255)
",0.000,-9999999.000,-9999999.000,0.000,1.000,0,14,0,72,72,14,0,86,0.0,1.0,0.0,0.0,0.16279069767441862,0.8372093023255813,-1
"G[1,1](Temp <= 36.698 & y = 0.514)
",0.460,-0.514,-0.554,1.000,0.000,0,14,0,72,72,14,0,86,0.0,1.0,0.0,0.0,0.16279069767441862,0.8372093023255813,1
"G[1,2](OXYGEN_SATURATION <= 94.700 -> y = 0.351)
",0.000,9999999.000,9999999.000,1.000,0.000,0,14,0,72,72,14,0,86,0.0,1.0,0.0,0.0,0.16279069767441862,0.8372093023255813,1
"G[1,1](death < 0.385 & y = 0.127)
",7.872,-0.127,-0.836,1.000,0.000,0,14,0,72,72,14,0,86,0.0,1.0,0.0,0.0,0.16279069767441862,0.8372093023255813,1
"G[0,2](af <= 0.105 & y = 0.067)
",0.000,9999999.000,9999999.000,1.000,0.000,0,14,0,72,72,14,0,86,0.0,1.0,0.0,0.0,0.16279069767441862,0.8372093023255813,1
"G[0,2](PHOSPHORUS >= 2.869 -> y = 0.599)
",0.000,9999999.000,9999999.000,1.000,0.000,0,14,56,16,16,70,56,30,0.0,0.2,0.8,0.0,0.16279069767441862,0.8372093023255813,1
"G[1,1](POTASSIUM <= 3.911 & y = 0.748)
",-2.449,-0.748,-0.323,1.000,0.000,0,14,0,72,72,14,0,86,0.0,1.0,0.0,0.0,0.16279069767441862,0.8372093023255813,1
"G[1,2](CO2 >= 22.511 & PHOSPHORUS <= 3.137)
",0.000,9999999.000,9999999.000,1.000,0.000,0,14,14,58,58,28,14,72,0.0,0.5,0.5,0.0,0.16279069767441862,0.8372093023255813,1
"G[0,1](CO2 > 20.833 & y = 0.550)
",0.000,9999999.000,9999999.000,1.000,0.000,0,14,0,72,72,14,0,86,0.0,1.0,0.0,0.0,0.16279069767441862,0.8372093023255813,1
"G[1,2](LOS <= 1.695 & y >= 0.001)
",0.000,9999999.000,9999999.000,1.000,0.000,0,14,0,72,72,14,0,86,0.0,1.0,0.0,0.0,0.16279069767441862,0.8372093023255813,1
"G[0,0](MET > 0.012 & y = 0.408)
",1.581,-0.408,-0.539,1.000,0.000,0,14,0,72,72,14,0,86,0.0,1.0,0.0,0.0,0.16279069767441862,0.8372093023255813,1
"G[0,1](TOTAL_PROTEIN >= 6.300 -> y = 0.615)
",0.000,9999999.000,9999999.000,1.000,0.000,0,14,0,72,72,14,0,86,0.0,1.0,0.0,0.0,0.16279069767441862,0.8372093023255813,1
"((Glasgow_Coma_Scale_Total <= 14.997) U[0,2] (MET <= 0.650))
",0.000,-9999999.000,-9999999.000,0.000,1.000,0,13,0,73,73,13,0,86,0.0,1.0,0.0,0.0,0.1511627906976744,0.8488372093023255,-1
"((SODIUM <= 137.995) U[0,1] (tte >= -2.664))
",0.000,-9999999.000,-9999999.000,0.000,1.000,0,13,1,72,72,14,1,85,0.0,0.9285714285714286,0.07142857142857142,0.0,0.1511627906976744,0.8488372093023255,-1
"F[0,2](n_evts >= 0.061 -> Pulse >= 71.071)
",0.000,-9999999.000,-9999999.000,0.000,1.000,0,13,0,73,73,13,0,86,0.0,1.0,0.0,0.0,0.1511627906976744,0.8488372093023255,-1
"F[1,1](lds <= 1.928 -> LOS <= 11.317)
",-1.605,-11.317,-4.977,0.000,1.000,0,13,1,72,72,14,1,85,0.0,0.9285714285714286,0.07142857142857142,0.0,0.1511627906976744,0.8488372093023255,-1
"((ICU_Pt_Days <= 3.291) U[0,2] (SBP >= 96.217))
",0.000,-9999999.000,-9999999.000,0.000,1.000,0,13,0,73,73,13,0,86,0.0,1.0,0.0,0.0,0.1511627906976744,0.8488372093023255,-1
"F[0,2](ICU_Pt_Days <= 1.401 -> Mort >= 0.045)
",0.000,-9999999.000,-9999999.000,0.000,1.000,0,13,0,73,73,13,0,86,0.0,1.0,0.0,0.0,0.1511627906976744,0.8488372093023255,-1
"F[0,1](n_evts <= 0.625 | Temp >= 35.690)
",0.000,-9999999.000,-9999999.000,0.000,1.000,0,13,1,72,72,14,1,85,0.0,0.9285714285714286,0.07142857142857142,0.0,0.1511627906976744,0.8488372093023255,-1
"F[0,1](s2_edrk <= 0.002 | s8_edrk <= 0.001)
",0.000,-9999999.000,-9999999.000,0.000,1.000,0,13,1,72,72,14,1,85,0.0,0.9285714285714286,0.07142857142857142,0.0,0.1511627906976744,0.8488372093023255,-1
"F[0,2](edrk >= 13.850 | Glasgow_Coma_Scale_Total <= 14.971)
",0.000,-9999999.000,-9999999.000,0.000,1.000,0,13,0,73,73,13,0,86,0.0,1.0,0.0,0.0,0.1511627906976744,0.8488372093023255,-1
"((direct >= 0.017) U[0,2] (n_edrk >= 0.056))
",0.000,-9999999.000,-9999999.000,0.000,1.000,0,13,0,73,73,13,0,86,0.0,1.0,0.0,0.0,0.1511627906976744,0.8488372093023255,-1
"F[0,2](CREATININE >= 0.871 & Glasgow_Coma_Scale_Total >= 14.862)
",0.000,-9999999.000,-9999999.000,0.000,1.000,0,13,0,73,73,13,0,86,0.0,1.0,0.0,0.0,0.1511627906976744,0.8488372093023255,-1
"((cosen <= -1.193) U[0,1] (Glasgow_Coma_Scale_Total >= 14.757))
",0.000,-9999999.000,-9999999.000,0.000,1.000,0,13,1,72,72,14,1,85,0.0,0.9285714285714286,0.07142857142857142,0.0,0.1511627906976744,0.8488372093023255,-1
"F[1,2](ICU_Pt_Days <= 3.872 | s8_edrk <= 0.003)
",0.000,-9999999.000,-9999999.000,0.000,1.000,0,13,0,73,73,13,0,86,0.0,1.0,0.0,0.0,0.1511627906976744,0.8488372093023255,-1
"F[0,2](GLUCOSE >= 97.323 -> n_edrk <= 0.899)
",0.000,-9999999.000,-9999999.000,0.000,1.000,0,13,0,73,73,13,0,86,0.0,1.0,0.0,0.0,0.1511627906976744,0.8488372093023255,-1
"F[0,2](LOS >= 0.233 -> Temp >= 35.663)
",0.000,-9999999.000,-9999999.000,0.000,1.000,0,13,0,73,73,13,0,86,0.0,1.0,0.0,0.0,0.1511627906976744,0.8488372093023255,-1
"((CHLORIDE <= 110.914) U[0,2] (n_edrk <= 0.842))
",0.000,-9999999.000,-9999999.000,0.000,1.000,0,13,0,73,73,13,0,86,0.0,1.0,0.0,0.0,0.1511627906976744,0.8488372093023255,-1
"F[0,1](Glasgow_Coma_Scale_Total >= 14.140 | PROTIME_INR <= 1.178)
",0.000,-9999999.000,-9999999.000,0.000,1.000,0,13,1,72,72,14,1,85,0.0,0.9285714285714286,0.07142857142857142,0.0,0.1511627906976744,0.8488372093023255,-1
"((MET <= 0.046) U[0,1] (Pulse <= 96.963))
",0.000,-9999999.000,-9999999.000,0.000,1.000,0,13,1,72,72,14,1,85,0.0,0.9285714285714286,0.07142857142857142,0.0,0.1511627906976744,0.8488372093023255,-1
"F[0,1](PLATELET_COUNT <= 221.404 -> tte >= -3.307)
",0.000,-9999999.000,-9999999.000,0.000,1.000,0,13,1,72,72,14,1,85,0.0,0.9285714285714286,0.07142857142857142,0.0,0.1511627906976744,0.8488372093023255,-1
"F[0,2](n_edrk >= 0.008 | WHITE_BLOOD_CELL_COUNT >= 8.781)
",0.000,-9999999.000,-9999999.000,0.000,1.000,0,13,0,73,73,13,0,86,0.0,1.0,0.0,0.0,0.1511627906976744,0.8488372093023255,-1
"((HEMOGLOBIN <= 12.134) U[1,2] (WHITE_BLOOD_CELL_COUNT <= 9.259))
",0.000,-9999999.000,-9999999.000,0.000,1.000,0,13,1,72,72,14,1,85,0.0,0.9285714285714286,0.07142857142857142,0.0,0.1511627906976744,0.8488372093023255,-1
"((death >= 0.019) U[0,2] (MET <= 0.673))
",0.000,-9999999.000,-9999999.000,0.000,1.000,0,13,0,73,73,13,0,86,0.0,1.0,0.0,0.0,0.1511627906976744,0.8488372093023255,-1
"F[0,2](hr >= 71.945 & ICU_Pt_Days >= 0.497)
",0.000,-9999999.000,-9999999.000,0.000,1.000,0,13,0,73,73,13,0,86,0.0,1.0,0.0,0.0,0.1511627906976744,0.8488372093023255,-1
"((death <= 0.861) U[0,1] (edrk <= 26.732))
",0.000,-9999999.000,-9999999.000,0.000,1.000,0,13,1,72,72,14,1,85,0.0,0.9285714285714286,0.07142857142857142,0.0,0.1511627906976744,0.8488372093023255,-1
"((ICU_Pt_Days >= 0.251) U[0,1] (Pulse <= 101.198))
",0.000,-9999999.000,-9999999.000,0.000,1.000,0,13,1,72,72,14,1,85,0.0,0.9285714285714286,0.07142857142857142,0.0,0.1511627906976744,0.8488372093023255,-1
"((BLOOD_UREA_NITROGEN >= 11.702) U[1,2] (GLUCOSE <= 106.802))
",0.000,-9999999.000,-9999999.000,0.000,1.000,13,0,0,73,86,0,13,73,0.1511627906976744,0.0,0.0,1.0,0.1511627906976744,0.8488372093023255,-1
"((MET >= 0.003) U[0,1] (Resp >= 12.746))
",0.000,-9999999.000,-9999999.000,0.000,1.000,0,13,1,72,72,14,1,85,0.0,0.9285714285714286,0.07142857142857142,0.0,0.1511627906976744,0.8488372093023255,-1
"((GLUCOSE <= 106.937) U[0,1] (tte >= -2.512))
",0.000,-9999999.000,-9999999.000,0.000,1.000,0,13,1,72,72,14,1,85,0.0,0.9285714285714286,0.07142857142857142,0.0,0.1511627906976744,0.8488372093023255,-1
"F[0,1](AF <= 0.294 & af >= 0.000)
",0.000,-9999999.000,-9999999.000,0.000,1.000,0,13,1,72,72,14,1,85,0.0,0.9285714285714286,0.07142857142857142,0.0,0.1511627906976744,0.8488372093023255,-1
"((MAGNESIUM <= 2.090) U[0,2] (tte >= -1.477))
",0.000,-9999999.000,-9999999.000,0.000,1.000,0,13,0,73,73,13,0,86,0.0,1.0,0.0,0.0,0.1511627906976744,0.8488372093023255,-1
"G[0,2](dfa >= 0.490 -> y = 0.004)
",0.000,9999999.000,9999999.000,1.000,0.000,0,13,1,72,72,14,1,85,0.0,0.9285714285714286,0.07142857142857142,0.0,0.1511627906976744,0.8488372093023255,1
"F[1,2]((af <= 0.024 | AF <= 0.433) & cosen >= -2.476)
",0.000,-9999999.000,-9999999.000,0.000,1.000,0,12,0,74,74,12,0,86,0.0,1.0,0.0,0.0,0.13953488372093023,0.8604651162790697,-1
"((AF <= 0.411) U[1,2] (TROPONIN_I >= 0.026))
",0.000,-9999999.000,-9999999.000,0.000,1.000,0,12,2,72,72,14,2,84,0.0,0.8571428571428571,0.14285714285714285,0.0,0.13953488372093023,0.8604651162790697,-1
"F[0,2](cosen <= -1.530 & hr <= 110.377)
",0.000,-9999999.000,-9999999.000,0.000,1.000,0,12,0,74,74,12,0,86,0.0,1.0,0.0,0.0,0.13953488372093023,0.8604651162790697,-1
"F[1,2](Glasgow_Coma_Scale_Total >= 14.390 -> Pulse >= 72.642)
",0.000,-9999999.000,-9999999.000,0.000,1.000,0,12,0,74,74,12,0,86,0.0,1.0,0.0,0.0,0.13953488372093023,0.8604651162790697,-1
"F[0,1](Glasgow_Coma_Scale_Total >= 14.121 -> s2_edrk <= 0.001)
",0.000,-9999999.000,-9999999.000,0.000,1.000,0,12,2,72,72,14,2,84,0.0,0.8571428571428571,0.14285714285714285,0.0,0.13953488372093023,0.8604651162790697,-1
"F[1,2](AF <= 0.262 & SBP <= 124.786)
",0.000,-9999999.000,-9999999.000,0.000,1.000,0,12,0,74,74,12,0,86,0.0,1.0,0.0,0.0,0.13953488372093023,0.8604651162790697,-1
"F[1,2](CHLORIDE >= 104.178 | ICU_Pt_Days >= 0.341)
",0.000,-9999999.000,-9999999.000,0.000,1.000,0,12,0,74,74,12,0,86,0.0,1.0,0.0,0.0,0.13953488372093023,0.8604651162790697,-1
"((Glasgow_Coma_Scale_Total <= 14.986) U[0,2] (s24_edrk <= 0.001))
",0.000,-9999999.000,-9999999.000,0.000,1.000,0,12,0,74,74,12,0,86,0.0,1.0,0.0,0.0,0.13953488372093023,0.8604651162790697,-1
"F[1,2](edrk <= 29.868 | Resp >= 18.236)
",0.000,-9999999.000,-9999999.000,0.000,1.000,0,12,0,74,74,12,0,86,0.0,1.0,0.0,0.0,0.13953488372093023,0.8604651162790697,-1
"F[1,2](MAGNESIUM <= 2.084 & Resp >= 17.464)
",0.000,-9999999.000,-9999999.000,0.000,1.000,0,12,0,74,74,12,0,86,0.0,1.0,0.0,0.0,0.13953488372093023,0.8604651162790697,-1
"F[0,0](death >= 0.012 -> Resp >= 15.788)
",-0.190,-2.934,-2.323,0.000,1.000,0,12,2,72,72,14,2,84,0.0,0.8571428571428571,0.14285714285714285,0.0,0.13953488372093023,0.8604651162790697,-1
"F[1,2](cosen <= -1.876 | Pulse <= 92.208)
",0.000,-9999999.000,-9999999.000,0.000,1.000,0,12,0,74,74,12,0,86,0.0,1.0,0.0,0.0,0.13953488372093023,0.8604651162790697,-1
"((CHLORIDE >= 103.913) U[0,0] (tte >= -3.248))
",1.236,6.748,2.523,0.000,1.000,0,12,2,72,72,14,2,84,0.0,0.8571428571428571,0.14285714285714285,0.0,0.13953488372093023,0.8604651162790697,-1
"G[1,2](dfa <= 1.062 & MET >= 0.022)
",0.000,9999999.000,9999999.000,1.000,0.000,0,12,2,72,72,14,2,84,0.0,0.8571428571428571,0.14285714285714285,0.0,0.13953488372093023,0.8604651162790697,1
"G[0,2](death >= 0.039 & s2_edrk >= -0.008)
",0.000,9999999.000,9999999.000,1.000,0.000,0,12,2,72,72,14,2,84,0.0,0.8571428571428571,0.14285714285714285,0.0,0.13953488372093023,0.8604651162790697,1
"F[1,2]((af <= 0.212 | AF <= 0.485) & cosen >= -2.438)
",0.000,-9999999.000,-9999999.000,0.000,1.000,0,12,0,74,74,12,0,86,0.0,1.0,0.0,0.0,0.13953488372093023,0.8604651162790697,-1
"((Resp <= 20.855) U[1,2] (s8_edrk >= -0.003))
",0.000,-9999999.000,-9999999.000,0.000,1.000,0,11,3,72,72,14,3,83,0.0,0.7857142857142857,0.21428571428571427,0.0,0.12790697674418605,0.872093023255814,-1
"F[0,2](LOS <= 9.864 & PLATELET_COUNT <= 221.365)
",0.000,-9999999.000,-9999999.000,0.000,1.000,0,11,0,75,75,11,0,86,0.0,1.0,0.0,0.0,0.12790697674418605,0.872093023255814,-1
"F[1,2](CHLORIDE >= 105.404 | LOS <= 11.149)
",0.000,-9999999.000,-9999999.000,0.000,1.000,0,11,0,75,75,11,0,86,0.0,1.0,0.0,0.0,0.12790697674418605,0.872093023255814,-1
"G[1,2](O2_Flow >= 2.066 & Resp >= 16.667)
",0.000,9999999.000,9999999.000,1.000,0.000,0,11,3,72,72,14,3,83,0.0,0.7857142857142857,0.21428571428571427,0.0,0.12790697674418605,0.872093023255814,1
"F[1,2](LOS <= 11.012 | O2_Flow >= 2.083)
",0.000,-9999999.000,-9999999.000,0.000,1.000,0,11,0,75,75,11,0,86,0.0,1.0,0.0,0.0,0.12790697674418605,0.872093023255814,-1
"((n_edrk <= 0.866) U[0,2] (y >= 0.089))
",0.000,-9999999.000,-9999999.000,0.000,1.000,0,11,0,75,75,11,0,86,0.0,1.0,0.0,0.0,0.12790697674418605,0.872093023255814,-1
"((hr >= 68.713) U[0,0] (s24_edrk >= -0.001))
",-0.894,9.340,28.785,0.000,1.000,1,10,4,71,72,14,5,81,0.013888888888888888,0.7142857142857143,0.2857142857142857,0.2,0.12790697674418605,0.872093023255814,-1
"F[0,2](dfa >= 0.614 -> y <= 0.328)
",0.000,-9999999.000,-9999999.000,0.000,1.000,0,11,0,75,75,11,0,86,0.0,1.0,0.0,0.0,0.12790697674418605,0.872093023255814,-1
"G[0,2](CHLORIDE <= 111.795 -> O2_Flow >= 2.138)
",0.000,9999999.000,9999999.000,1.000,0.000,0,11,45,30,30,56,45,41,0.0,0.19642857142857142,0.8035714285714286,0.0,0.12790697674418605,0.872093023255814,1
"F[0,2](Glasgow_Coma_Scale_Total <= 14.993 | Mort <= 0.153)
",0.000,-9999999.000,-9999999.000,0.000,1.000,0,11,0,75,75,11,0,86,0.0,1.0,0.0,0.0,0.12790697674418605,0.872093023255814,-1
"((LOS <= 11.410) U[1,2] (PROTIME_INR >= 1.109))
",0.000,-9999999.000,-9999999.000,0.000,1.000,0,11,3,72,72,14,3,83,0.0,0.7857142857142857,0.21428571428571427,0.0,0.12790697674418605,0.872093023255814,-1
"F[0,2](srr >= 0.048 | TROPONIN_I <= 0.042)
",0.000,-9999999.000,-9999999.000,0.000,1.000,0,11,0,75,75,11,0,86,0.0,1.0,0.0,0.0,0.12790697674418605,0.872093023255814,-1
"G[0,1](Glasgow_Coma_Scale_Total >= 14.381 -> O2_Flow >= 2.059)
",0.000,9999999.000,9999999.000,1.000,0.000,0,11,3,72,72,14,3,83,0.0,0.7857142857142857,0.21428571428571427,0.0,0.12790697674418605,0.872093023255814,1
"((PHOSPHORUS >= 2.634) U[0,2] (SpO2 <= 96.821))
",0.000,-9999999.000,-9999999.000,0.000,1.000,0,10,0,76,76,10,0,86,0.0,1.0,0.0,0.0,0.11627906976744186,0.8837209302325582,-1
"G[0,1](death <= 0.277 -> Mort >= 0.057)
",0.000,9999999.000,9999999.000,1.000,0.000,0,10,4,72,72,14,4,82,0.0,0.7142857142857143,0.2857142857142857,0.0,0.11627906976744186,0.8837209302325582,1
"F[1,2](BLOOD_UREA_NITROGEN >= 14.870 & death <= 0.228)
",0.000,-9999999.000,-9999999.000,0.000,1.000,0,10,0,76,76,10,0,86,0.0,1.0,0.0,0.0,0.11627906976744186,0.8837209302325582,-1
"F[1,2]((af <= 0.410 | AF <= 0.314) & cosen >= -2.258)
",0.000,-9999999.000,-9999999.000,0.000,1.000,0,10,0,76,76,10,0,86,0.0,1.0,0.0,0.0,0.11627906976744186,0.8837209302325582,-1
"((MAGNESIUM <= 2.068) U[0,1] (SpO2 >= 95.122))
",0.000,-9999999.000,-9999999.000,0.000,1.000,0,10,4,72,72,14,4,82,0.0,0.7142857142857143,0.2857142857142857,0.0,0.11627906976744186,0.8837209302325582,-1
"((BLOOD_UREA_NITROGEN <= 18.160) U[0,2] (SpO2 <= 97.596))
",0.000,-9999999.000,-9999999.000,0.000,1.000,0,10,0,76,76,10,0,86,0.0,1.0,0.0,0.0,0.11627906976744186,0.8837209302325582,-1
"((BLOOD_UREA_NITROGEN >= 13.454) U[0,1] (Mort <= 0.128))
",0.000,-9999999.000,-9999999.000,0.000,1.000,0,10,4,72,72,14,4,82,0.0,0.7142857142857143,0.2857142857142857,0.0,0.11627906976744186,0.8837209302325582,-1
"F[1,2]((af <= 0.151 | AF <= 0.401) & cosen >= -2.241)
",0.000,-9999999.000,-9999999.000,0.000,1.000,0,10,0,76,76,10,0,86,0.0,1.0,0.0,0.0,0.11627906976744186,0.8837209302325582,-1
"((Resp <= 19.965) U[1,2] (WHITE_BLOOD_CELL_COUNT <= 9.187))
",0.000,-9999999.000,-9999999.000,0.000,1.000,0,10,4,72,72,14,4,82,0.0,0.7142857142857143,0.2857142857142857,0.0,0.11627906976744186,0.8837209302325582,-1
"G[0,2](Mort >= 0.040 & SpO2 <= 99.553)
",0.000,9999999.000,9999999.000,1.000,0.000,0,10,4,72,72,14,4,82,0.0,0.7142857142857143,0.2857142857142857,0.0,0.11627906976744186,0.8837209302325582,1
"G[1,2](death >= 0.040 & SpO2 >= 86.307)
",0.000,9999999.000,9999999.000,1.000,0.000,0,10,4,72,72,14,4,82,0.0,0.7142857142857143,0.2857142857142857,0.0,0.11627906976744186,0.8837209302325582,1
"G[1,1](cosen <= -1.255 -> y = 0.262)
",-0.697,-0.966,-0.452,1.000,0.000,0,10,4,72,72,14,4,82,0.0,0.7142857142857143,0.2857142857142857,0.0,0.11627906976744186,0.8837209302325582,1
"G[0,2](HEMOGLOBIN <= 11.981 -> O2_Flow >= 2.114)
",0.000,9999999.000,9999999.000,1.000,0.000,0,10,60,16,16,70,60,26,0.0,0.14285714285714285,0.8571428571428571,0.0,0.11627906976744186,0.8837209302325582,1
"G[0,0](Glasgow_Coma_Scale_Total <= 14.995 & ICU_Pt_Days >= 0.106)
",-0.960,-0.106,0.394,1.000,0.000,0,10,4,72,72,14,4,82,0.0,0.7142857142857143,0.2857142857142857,0.0,0.11627906976744186,0.8837209302325582,1
"((dfa >= 0.610) U[0,1] (LOS <= 4.930))
",0.000,-9999999.000,-9999999.000,0.000,1.000,0,9,5,72,72,14,5,81,0.0,0.6428571428571429,0.35714285714285715,0.0,0.10465116279069768,0.8953488372093024,-1
"G[0,1](direct >= 0.013 & WHITE_BLOOD_CELL_COUNT <= 9.316)
",0.000,9999999.000,9999999.000,1.000,0.000,0,9,5,72,72,14,5,81,0.0,0.6428571428571429,0.35714285714285715,0.0,0.10465116279069768,0.8953488372093024,1
"G[0,1](direct >= 0.040 & n_evts >= 0.041)
",0.000,9999999.000,9999999.000,1.000,0.000,0,9,5,72,72,14,5,81,0.0,0.6428571428571429,0.35714285714285715,0.0,0.10465116279069768,0.8953488372093024,1
"G[0,2](hr <= 95.153 -> MET >= 0.007)
",0.000,9999999.000,9999999.000,1.000,0.000,0,9,6,71,71,15,6,80,0.0,0.6,0.4,0.0,0.10465116279069768,0.8953488372093024,1
"G[0,1](direct <= 0.563 -> y = 0.810)
",0.000,9999999.000,9999999.000,1.000,0.000,0,9,5,72,72,14,5,81,0.0,0.6428571428571429,0.35714285714285715,0.0,0.10465116279069768,0.8953488372093024,1
"G[0,2](direct >= 0.072 -> GLUCOSE <= 118.245)
",0.000,9999999.000,9999999.000,1.000,0.000,0,9,77,0,0,86,77,9,0.0,0.10465116279069768,0.8953488372093024,0.0,0.10465116279069768,0.8953488372093024,1
"G[0,2](hr >= 71.947 & Pulse >= 79.369)
",0.000,9999999.000,9999999.000,1.000,0.000,0,9,23,54,54,32,23,63,0.0,0.28125,0.71875,0.0,0.10465116279069768,0.8953488372093024,1
"F[0,2](LOS <= 11.999 & Mort >= 0.068)
",0.000,-9999999.000,-9999999.000,0.000,1.000,0,9,0,77,77,9,0,86,0.0,1.0,0.0,0.0,0.10465116279069768,0.8953488372093024,-1
"F[0,2](direct <= 0.182 & PHOSPHORUS >= 2.780)
",0.000,-9999999.000,-9999999.000,0.000,1.000,0,9,0,77,77,9,0,86,0.0,1.0,0.0,0.0,0.10465116279069768,0.8953488372093024,-1
"((cosen <= -1.620) U[1,1] (death <= 0.518))
",0.593,0.632,0.279,0.000,1.000,0,9,5,72,72,14,5,81,0.0,0.6428571428571429,0.35714285714285715,0.0,0.10465116279069768,0.8953488372093024,-1
"F[0,1](AF <= 0.433 -> ICU_Pt_Days <= 1.073)
",0.000,-9999999.000,-9999999.000,0.000,1.000,0,9,5,72,72,14,5,81,0.0,0.6428571428571429,0.35714285714285715,0.0,0.10465116279069768,0.8953488372093024,-1
"((CO2 >= 21.688) U[0,2] (direct <= 0.999))
",0.000,-9999999.000,-9999999.000,0.000,1.000,0,9,0,77,77,9,0,86,0.0,1.0,0.0,0.0,0.10465116279069768,0.8953488372093024,-1
"((cosen >= -2.256) U[0,2] (direct >= 0.029))
",0.000,-9999999.000,-9999999.000,0.000,1.000,0,9,0,77,77,9,0,86,0.0,1.0,0.0,0.0,0.10465116279069768,0.8953488372093024,-1
"((LOS <= 7.366) U[1,1] (SBP >= 84.250))
",-0.054,24.084,25.212,0.000,1.000,0,8,6,72,72,14,6,80,0.0,0.5714285714285714,0.42857142857142855,0.0,0.09302325581395349,0.9069767441860466,-1
"((hr <= 106.772) U[1,2] (n_edrk <= 0.899))
",0.000,-9999999.000,-9999999.000,0.000,1.000,0,8,2,76,76,10,2,84,0.0,0.8,0.2,0.0,0.09302325581395349,0.9069767441860466,-1
"G[0,2](MET <= 0.304 & s8_edrk <= 0.001)
",0.000,9999999.000,9999999.000,1.000,0.000,0,8,78,0,0,86,78,8,0.0,0.09302325581395349,0.9069767441860465,0.0,0.09302325581395349,0.9069767441860466,1
"((hr <= 83.067) U[0,0] (Mort <= 0.566))
",0.747,6.555,1.010,0.000,1.000,0,8,6,72,72,14,6,80,0.0,0.5714285714285714,0.42857142857142855,0.0,0.09302325581395349,0.9069767441860466,-1
"((Resp <= 21.652) U[1,2] (SBP >= 89.747))
",0.000,-9999999.000,-9999999.000,0.000,1.000,0,8,3,75,75,11,3,83,0.0,0.7272727272727273,0.2727272727272727,0.0,0.09302325581395349,0.9069767441860466,-1
"G[0,2](af <= 0.205 -> direct <= 0.138)
",0.000,9999999.000,9999999.000,1.000,0.000,0,8,78,0,0,86,78,8,0.0,0.09302325581395349,0.9069767441860465,0.0,0.09302325581395349,0.9069767441860466,1
"((lds >= 0.673) U[0,2] (y <= 0.851))
",0.000,-9999999.000,-9999999.000,0.000,1.000,0,7,0,79,79,7,0,86,0.0,1.0,0.0,0.0,0.08139534883720931,0.9186046511627907,-1
"F[1,2](CO2 <= 24.559 | Mort <= 0.637)
",0.000,-9999999.000,-9999999.000,0.000,1.000,0,7,0,79,79,7,0,86,0.0,1.0,0.0,0.0,0.08139534883720931,0.9186046511627907,-1
"((BLOOD_UREA_NITROGEN <= 17.281) U[0,2] (y <= 0.161))
",0.000,-9999999.000,-9999999.000,0.000,1.000,0,7,0,79,79,7,0,86,0.0,1.0,0.0,0.0,0.08139534883720931,0.9186046511627907,-1
"G[0,1](Temp <= 36.911 & TROPONIN_I >= 0.022)
",0.000,9999999.000,9999999.000,1.000,0.000,0,7,7,72,72,14,7,79,0.0,0.5,0.5,0.0,0.08139534883720931,0.9186046511627907,1
"G[0,2](CO2 <= 23.255 | SpO2 <= 97.143)
",0.000,9999999.000,9999999.000,1.000,0.000,0,7,70,9,9,77,70,16,0.0,0.09090909090909091,0.9090909090909091,0.0,0.08139534883720931,0.9186046511627907,1
"G[1,2](AF <= 0.497 & y >= 0.064)
",0.000,9999999.000,9999999.000,1.000,0.000,0,7,7,72,72,14,7,79,0.0,0.5,0.5,0.0,0.08139534883720931,0.9186046511627907,1
"((direct >= 0.044) U[0,1] (y <= 0.310))
",0.000,-9999999.000,-9999999.000,0.000,1.000,0,7,7,72,72,14,7,79,0.0,0.5,0.5,0.0,0.08139534883720931,0.9186046511627907,-1
"F[1,1](Mort >= 0.067 | n_evts <= 0.361)
",-0.002,0.361,0.362,0.000,1.000,0,7,7,72,72,14,7,79,0.0,0.5,0.5,0.0,0.08139534883720931,0.9186046511627907,-1
"((cosen <= -1.881) U[0,1] (y <= 0.287))
",0.000,-9999999.000,-9999999.000,0.000,1.000,0,7,7,72,72,14,7,79,0.0,0.5,0.5,0.0,0.08139534883720931,0.9186046511627907,-1
"((MET <= 0.719) U[1,2] (y >= 0.024))
",0.000,-9999999.000,-9999999.000,0.000,1.000,0,7,2,77,77,9,2,84,0.0,0.7777777777777778,0.2222222222222222,0.0,0.08139534883720931,0.9186046511627907,-1
"((BLOOD_UREA_NITROGEN <= 17.236) U[0,0] (ICU_Pt_Days <= 2.426))
",1.111,5.068,0.399,0.000,1.000,0,7,7,72,72,14,7,79,0.0,0.5,0.5,0.0,0.08139534883720931,0.9186046511627907,-1
"F[0,1](SODIUM >= 137.639 | y <= 0.261)
",0.000,-9999999.000,-9999999.000,0.000,1.000,0,7,7,72,72,14,7,79,0.0,0.5,0.5,0.0,0.08139534883720931,0.9186046511627907,-1
"((Pulse >= 66.284) U[0,1] (y <= 0.225))
",0.000,-9999999.000,-9999999.000,0.000,1.000,0,7,7,72,72,14,7,79,0.0,0.5,0.5,0.0,0.08139534883720931,0.9186046511627907,-1
"((ICU_Pt_Days >= 0.217) U[0,2] (y <= 0.825))
",0.000,-9999999.000,-9999999.000,0.000,1.000,0,7,0,79,79,7,0,86,0.0,1.0,0.0,0.0,0.08139534883720931,0.9186046511627907,-1
"F[1,2](direct >= 0.023 | PROTIME_INR <= 1.148)
",0.000,-9999999.000,-9999999.000,0.000,1.000,0,7,0,79,79,7,0,86,0.0,1.0,0.0,0.0,0.08139534883720931,0.9186046511627907,-1
"G[1,2](Mort > 0.046 -> y = 0.130)
",0.000,9999999.000,9999999.000,1.000,0.000,0,7,79,0,0,86,79,7,0.0,0.08139534883720931,0.9186046511627907,0.0,0.08139534883720931,0.9186046511627907,1
"F[0,1](LOS >= 0.674 -> tte >= -0.467)
",0.000,-9999999.000,-9999999.000,0.000,1.000,0,6,8,72,72,14,8,78,0.0,0.42857142857142855,0.5714285714285714,0.0,0.06976744186046512,0.9302325581395349,-1
"((death <= 0.843) U[1,2] (s8_edrk <= 0.001))
",0.000,-9999999.000,-9999999.000,0.000,1.000,0,6,4,76,76,10,4,82,0.0,0.6,0.4,0.0,0.06976744186046512,0.9302325581395349,-1
"G[0,2](edrk <= 27.841 & srr <= 0.104)
",0.000,9999999.000,9999999.000,1.000,0.000,0,6,80,0,0,86,80,6,0.0,0.06976744186046512,0.9302325581395349,0.0,0.06976744186046512,0.9302325581395349,1
"G[1,2](MAGNESIUM <= 2.070 & y >= 0.014)
",0.000,9999999.000,9999999.000,1.000,0.000,0,5,9,72,72,14,9,77,0.0,0.35714285714285715,0.6428571428571429,0.0,0.05813953488372093,0.9418604651162791,1
"G[0,2](MAGNESIUM <= 2.080 & n_edrk <= 0.927)
",0.000,9999999.000,9999999.000,1.000,0.000,0,5,10,71,71,15,10,76,0.0,0.3333333333333333,0.6666666666666666,0.0,0.05813953488372093,0.9418604651162791,1
"G[1,2](dfa >= 0.533 -> direct >= 0.054)
",0.000,9999999.000,9999999.000,1.000,0.000,0,5,12,69,69,17,12,74,0.0,0.29411764705882354,0.7058823529411765,0.0,0.05813953488372093,0.9418604651162791,1
"G[0,1](cosen >= -2.480 -> ICU_Pt_Days >= 0.229)
",0.000,9999999.000,9999999.000,1.000,0.000,1,4,10,71,72,14,11,75,0.013888888888888888,0.2857142857142857,0.7142857142857143,0.09090909090909091,0.05813953488372093,0.9418604651162791,1
"G[1,2](hr <= 93.205 | LOS <= 6.452)
",0.000,9999999.000,9999999.000,1.000,0.000,0,5,81,0,0,86,81,5,0.0,0.05813953488372093,0.9418604651162791,0.0,0.05813953488372093,0.9418604651162791,1
"F[1,1](s24_hr >= -0.000 & s8_hr <= 0.001)
",-0.084,0.000,0.000,0.000,1.000,3,2,12,69,72,14,15,71,0.041666666666666664,0.14285714285714285,0.8571428571428571,0.2,0.05813953488372093,0.9418604651162791,-1
"F[1,2](af <= 0.425 & y <= 0.396)
",0.000,-9999999.000,-9999999.000,0.000,1.000,0,5,0,81,81,5,0,86,0.0,1.0,0.0,0.0,0.05813953488372093,0.9418604651162791,-1
"F[0,1](Glasgow_Coma_Scale_Total >= 14.811 -> n_evts <= 0.792)
",0.000,-9999999.000,-9999999.000,0.000,1.000,0,5,9,72,72,14,9,77,0.0,0.35714285714285715,0.6428571428571429,0.0,0.05813953488372093,0.9418604651162791,-1
"((direct <= 0.117) U[1,2] (LOS <= 6.579))
",0.000,-9999999.000,-9999999.000,0.000,1.000,0,5,4,77,77,9,4,82,0.0,0.5555555555555556,0.4444444444444444,0.0,0.05813953488372093,0.9418604651162791,-1
"((ICU_Pt_Days <= 1.364) U[1,2] (LOS <= 10.286))
",0.000,-9999999.000,-9999999.000,0.000,1.000,0,4,7,75,75,11,7,79,0.0,0.36363636363636365,0.6363636363636364,0.0,0.046511627906976744,0.9534883720930233,-1
"F[0,2](ICU_Pt_Days >= 0.424 -> PROTIME_INR <= 1.182)
",0.000,-9999999.000,-9999999.000,0.000,1.000,0,4,0,82,82,4,0,86,0.0,1.0,0.0,0.0,0.046511627906976744,0.9534883720930233,-1
"((Glasgow_Coma_Scale_Total >= 14.720) U[1,2] (y <= 0.592))
",0.000,-9999999.000,-9999999.000,0.000,1.000,0,4,1,81,81,5,1,85,0.0,0.8,0.2,0.0,0.046511627906976744,0.9534883720930233,-1
"F[1,2](death >= 0.032 & PLATELET_COUNT <= 223.277)
",0.000,-9999999.000,-9999999.000,0.000,1.000,0,4,0,82,82,4,0,86,0.0,1.0,0.0,0.0,0.046511627906976744,0.9534883720930233,-1
"F[1,1](death >= 0.014 | n_evts <= 0.383)
",-0.065,0.383,0.415,0.000,1.000,0,4,10,72,72,14,10,76,0.0,0.2857142857142857,0.7142857142857143,0.0,0.046511627906976744,0.9534883720930233,-1
"G[0,2](hr >= 70.539 & Pulse >= 76.811)
",0.000,9999999.000,9999999.000,1.000,0.000,0,4,40,42,42,44,40,46,0.0,0.09090909090909091,0.9090909090909091,0.0,0.046511627906976744,0.9534883720930233,1
"G[0,2](n_evts >= 0.078 & SpO2 <= 98.334)
",0.000,9999999.000,9999999.000,1.000,0.000,0,4,10,72,72,14,10,76,0.0,0.2857142857142857,0.7142857142857143,0.0,0.046511627906976744,0.9534883720930233,1
"G[1,2](dfa >= 0.481 & tte >= -3.469)
",0.000,9999999.000,9999999.000,1.000,0.000,0,4,80,2,2,84,80,6,0.0,0.047619047619047616,0.9523809523809523,0.0,0.046511627906976744,0.9534883720930233,1
"G[0,2](O2_Flow >= 2.031 -> SpO2 >= 87.264)
",0.000,9999999.000,9999999.000,1.000,0.000,0,3,83,0,0,86,83,3,0.0,0.03488372093023256,0.9651162790697675,0.0,0.03488372093023256,0.9651162790697675,1
"G[1,2](hr >= 77.806 & Pulse >= 78.932)
",0.000,9999999.000,9999999.000,1.000,0.000,0,3,26,57,57,29,26,60,0.0,0.10344827586206896,0.896551724137931,0.0,0.03488372093023256,0.9651162790697675,1
"G[0,2](s24_edrk >= -0.003 & Temp >= 35.835)
",0.000,9999999.000,9999999.000,1.000,0.000,0,3,67,16,16,70,67,19,0.0,0.04285714285714286,0.9571428571428572,0.0,0.03488372093023256,0.9651162790697675,1
"G[1,2](PROTIME_INR >= 1.131 & Resp <= 18.916)
",0.000,9999999.000,9999999.000,1.000,0.000,0,3,26,57,57,29,26,60,0.0,0.10344827586206896,0.896551724137931,0.0,0.03488372093023256,0.9651162790697675,1
"G[0,2](HEMOGLOBIN >= 10.336 | tte >= -1.366)
",0.000,9999999.000,9999999.000,1.000,0.000,0,3,83,0,0,86,83,3,0.0,0.03488372093023256,0.9651162790697675,0.0,0.03488372093023256,0.9651162790697675,1
"G[0,2](hr >= 71.848 & Pulse >= 70.151)
",0.000,9999999.000,9999999.000,1.000,0.000,0,3,52,31,31,55,52,34,0.0,0.05454545454545454,0.9454545454545454,0.0,0.03488372093023256,0.9651162790697675,1
"G[1,2](edrk >= 13.467 & s24_edrk >= -0.002)
",0.000,9999999.000,9999999.000,1.000,0.000,0,3,44,39,39,47,44,42,0.0,0.06382978723404255,0.9361702127659575,0.0,0.03488372093023256,0.9651162790697675,1
"F[0,1](hr <= 112.206 -> n_evts <= 0.214)
",0.000,-9999999.000,-9999999.000,0.000,1.000,0,3,11,72,72,14,11,75,0.0,0.21428571428571427,0.7857142857142857,0.0,0.03488372093023256,0.9651162790697675,-1
"((n_edrk <= 0.915) U[0,2] (Temp <= 36.233))
",0.000,-9999999.000,-9999999.000,0.000,1.000,0,3,0,83,83,3,0,86,0.0,1.0,0.0,0.0,0.03488372093023256,0.9651162790697675,-1
"F[1,1](af >= 0.001 | n_evts <= 0.394)
",1.847,0.394,0.071,0.000,1.000,0,2,12,72,72,14,12,74,0.0,0.14285714285714285,0.8571428571428571,0.0,0.023255813953488372,0.9767441860465116,-1
"F[1,2](Glasgow_Coma_Scale_Total >= 14.451 -> MAGNESIUM >= 2.022)
",0.000,-9999999.000,-9999999.000,0.000,1.000,0,2,0,84,84,2,0,86,0.0,1.0,0.0,0.0,0.023255813953488372,0.9767441860465116,-1
"F[1,2](MET >= 0.013 | TROPONIN_I <= 0.031)
",0.000,-9999999.000,-9999999.000,0.000,1.000,0,2,0,84,84,2,0,86,0.0,1.0,0.0,0.0,0.023255813953488372,0.9767441860465116,-1
"F[1,2](AF < 0.280 -> y = 0.326)
",0.000,-9999999.000,-9999999.000,0.000,1.000,0,2,0,84,84,2,0,86,0.0,1.0,0.0,0.0,0.023255813953488372,0.9767441860465116,-1
"((MAGNESIUM <= 2.093) U[0,0] (TROPONIN_I <= 0.049))
",-1.032,0.038,0.084,0.000,1.000,1,1,13,71,72,14,14,72,0.013888888888888888,0.07142857142857142,0.9285714285714286,0.07142857142857142,0.023255813953488372,0.9767441860465116,-1
"G[1,2](MET <= 0.114 & n_evts >= 0.071)
",0.000,9999999.000,9999999.000,1.000,0.000,0,2,12,72,72,14,12,74,0.0,0.14285714285714285,0.8571428571428571,0.0,0.023255813953488372,0.9767441860465116,1
"G[1,2](HEMOGLOBIN <= 12.267 & SpO2 <= 98.659)
",0.000,9999999.000,9999999.000,1.000,0.000,0,2,27,57,57,29,27,59,0.0,0.06896551724137931,0.9310344827586207,0.0,0.023255813953488372,0.9767441860465116,1
"G[1,2](O2_Flow <= 3.507 -> y >= 0.005)
",0.000,9999999.000,9999999.000,1.000,0.000,0,2,12,72,72,14,12,74,0.0,0.14285714285714285,0.8571428571428571,0.0,0.023255813953488372,0.9767441860465116,1
"G[1,2](edrk >= 11.285 & MET <= 0.788)
",0.000,9999999.000,9999999.000,1.000,0.000,0,2,71,13,13,73,71,15,0.0,0.0273972602739726,0.9726027397260274,0.0,0.023255813953488372,0.9767441860465116,1
"G[0,2](hr <= 83.647 -> s8_edrk <= 0.002)
",0.000,9999999.000,9999999.000,1.000,0.000,0,2,84,0,0,86,84,2,0.0,0.023255813953488372,0.9767441860465116,0.0,0.023255813953488372,0.9767441860465116,1
"G[1,2](hr >= 67.502 & Pulse >= 71.636)
",0.000,9999999.000,9999999.000,1.000,0.000,0,2,68,16,16,70,68,18,0.0,0.02857142857142857,0.9714285714285714,0.0,0.023255813953488372,0.9767441860465116,1
"G[0,2](O2_Flow >= 2.042 | srr <= 0.079)
",0.000,9999999.000,9999999.000,1.000,0.000,0,2,70,14,14,72,70,16,0.0,0.027777777777777776,0.9722222222222222,0.0,0.023255813953488372,0.9767441860465116,1
"G[1,2](CALCIUM <= 8.999 & Temp >= 35.848)
",0.000,9999999.000,9999999.000,1.000,0.000,0,2,60,24,24,62,60,26,0.0,0.03225806451612903,0.967741935483871,0.0,0.023255813953488372,0.9767441860465116,1
"F[0,0](GLUCOSE <= 117.455 | TROPONIN_I <= 0.035)
",1.111,16.948,2.472,0.000,1.000,1,1,13,71,72,14,14,72,0.013888888888888888,0.07142857142857142,0.9285714285714286,0.07142857142857142,0.023255813953488372,0.9767441860465116,-1
"G[1,2](SpO2 >= 96.462 -> tte <= -0.094)
",0.000,9999999.000,9999999.000,1.000,0.000,0,2,35,49,49,37,35,51,0.0,0.05405405405405406,0.9459459459459459,0.0,0.023255813953488372,0.9767441860465116,1
"((dfa <= 1.145) U[0,0] (n_evts <= 0.973))
",2.066,0.973,0.657,0.000,1.000,0,1,13,72,72,14,13,73,0.0,0.07142857142857142,0.9285714285714286,0.0,0.011627906976744186,0.9883720930232558,-1
"((CHLORIDE <= 109.626) U[0,2] (CO2 <= 25.906))
",0.000,-9999999.000,-9999999.000,0.000,1.000,0,1,0,85,85,1,0,86,0.0,1.0,0.0,0.0,0.011627906976744186,0.9883720930232558,-1
"G[0,2](n_evts <= 0.393 -> LOS >= 0.638)
",0.000,9999999.000,9999999.000,1.000,0.000,0,1,13,72,72,14,13,73,0.0,0.07142857142857142,0.9285714285714286,0.0,0.011627906976744186,0.9883720930232558,1
"G[0,2](n_evts <= 0.207 -> LOS >= 0.857)
",0.000,9999999.000,9999999.000,1.000,0.000,0,1,13,72,72,14,13,73,0.0,0.07142857142857142,0.9285714285714286,0.0,0.011627906976744186,0.9883720930232558,1
"G[1,2](LOS <= 7.509 -> n_edrk <= 0.908)
",0.000,9999999.000,9999999.000,1.000,0.000,0,1,26,59,59,27,26,60,0.0,0.037037037037037035,0.9629629629629629,0.0,0.011627906976744186,0.9883720930232558,1
"G[0,2](n_evts <= 0.301 -> LOS >= 0.126)
",0.000,9999999.000,9999999.000,1.000,0.000,0,1,13,72,72,14,13,73,0.0,0.07142857142857142,0.9285714285714286,0.0,0.011627906976744186,0.9883720930232558,1
"G[0,2](TROPONIN_I >= 0.021 | tte <= -0.038)
",0.000,9999999.000,9999999.000,1.000,0.000,0,1,13,72,72,14,13,73,0.0,0.07142857142857142,0.9285714285714286,0.0,0.011627906976744186,0.9883720930232558,1
"G[0,1](n_evts <= 0.250 -> LOS >= 0.316)
",0.000,9999999.000,9999999.000,1.000,0.000,0,1,13,72,72,14,13,73,0.0,0.07142857142857142,0.9285714285714286,0.0,0.011627906976744186,0.9883720930232558,1
"F[0,2](s8_edrk < 0.003 -> y = 0.615)
",0.000,-9999999.000,-9999999.000,0.000,1.000,0,1,0,85,85,1,0,86,0.0,1.0,0.0,0.0,0.011627906976744186,0.9883720930232558,-1
"((GLUCOSE <= 110.602) U[1,2] (n_evts >= 0.059))
",0.000,-9999999.000,-9999999.000,0.000,1.000,0,1,13,72,72,14,13,73,0.0,0.07142857142857142,0.9285714285714286,0.0,0.011627906976744186,0.9883720930232558,-1
"((direct <= 0.210) U[0,2] (TROPONIN_I <= 0.055))
",0.000,-9999999.000,-9999999.000,0.000,1.000,0,1,0,85,85,1,0,86,0.0,1.0,0.0,0.0,0.011627906976744186,0.9883720930232558,-1
"((n_evts <= 0.532) U[1,2] (tte >= -1.907))
",0.000,-9999999.000,-9999999.000,0.000,1.000,0,1,11,74,74,12,11,75,0.0,0.08333333333333333,0.9166666666666666,0.0,0.011627906976744186,0.9883720930232558,-1
"F[0,2](MAGNESIUM >= 2.047 & PROTIME_INR <= 1.152)
",0.000,-9999999.000,-9999999.000,0.000,1.000,0,1,0,85,85,1,0,86,0.0,1.0,0.0,0.0,0.011627906976744186,0.9883720930232558,-1
"((n_edrk <= 0.859) U[0,2] (TROPONIN_I <= 0.053))
",0.000,-9999999.000,-9999999.000,0.000,1.000,0,1,0,85,85,1,0,86,0.0,1.0,0.0,0.0,0.011627906976744186,0.9883720930232558,-1
"G[0,2](n_evts <= 0.357 -> LOS >= 0.325)
",0.000,9999999.000,9999999.000,1.000,0.000,0,1,13,72,72,14,13,73,0.0,0.07142857142857142,0.9285714285714286,0.0,0.011627906976744186,0.9883720930232558,1
"F[0,2](GLUCOSE >= 99.933 -> HEMOGLOBIN >= 10.653)
",0.000,-9999999.000,-9999999.000,0.000,1.000,0,1,0,85,85,1,0,86,0.0,1.0,0.0,0.0,0.011627906976744186,0.9883720930232558,-1
"F[0,2](n_edrk >= 0.415 & PROTIME_INR <= 1.185)
",0.000,-9999999.000,-9999999.000,0.000,1.000,0,1,0,85,85,1,0,86,0.0,1.0,0.0,0.0,0.011627906976744186,0.9883720930232558,-1
"((CALCIUM <= 9.155) U[0,2] (PLATELET_COUNT >= 217.606))
",0.000,-9999999.000,-9999999.000,0.000,1.000,0,1,0,85,85,1,0,86,0.0,1.0,0.0,0.0,0.011627906976744186,0.9883720930232558,-1
"((BLOOD_UREA_NITROGEN >= 13.250) U[1,2] (Glasgow_Coma_Scale_Total <= 14.968))
",0.000,-9999999.000,-9999999.000,0.000,1.000,0,1,1,84,84,2,1,85,0.0,0.5,0.5,0.0,0.011627906976744186,0.9883720930232558,-1
"F[0,2](O2_Flow <= 5.349 & PHOSPHORUS <= 3.067)
",0.000,-9999999.000,-9999999.000,0.000,1.000,0,1,0,85,85,1,0,86,0.0,1.0,0.0,0.0,0.011627906976744186,0.9883720930232558,-1
"((n_evts <= 0.990) U[1,2] (y >= 0.073))
",0.000,-9999999.000,-9999999.000,0.000,1.000,0,1,8,77,77,9,8,78,0.0,0.1111111111111111,0.8888888888888888,0.0,0.011627906976744186,0.9883720930232558,-1
"F[0,2](BLOOD_UREA_NITROGEN <= 18.434 & CREATININE >= 0.836)
",0.000,-9999999.000,-9999999.000,0.000,1.000,0,1,0,85,85,1,0,86,0.0,1.0,0.0,0.0,0.011627906976744186,0.9883720930232558,-1
"F[0,2](GLUCOSE <= 114.061 | PHOSPHORUS <= 3.253)
",0.000,-9999999.000,-9999999.000,0.000,1.000,0,1,0,85,85,1,0,86,0.0,1.0,0.0,0.0,0.011627906976744186,0.9883720930232558,-1
"((cosen >= -2.545) U[0,1] (n_evts <= 0.332))
",0.000,-9999999.000,-9999999.000,0.000,1.000,0,1,13,72,72,14,13,73,0.0,0.07142857142857142,0.9285714285714286,0.0,0.011627906976744186,0.9883720930232558,-1
"((CHLORIDE >= 104.876) U[0,2] (GLUCOSE <= 114.319))
",0.000,-9999999.000,-9999999.000,0.000,1.000,0,1,0,85,85,1,0,86,0.0,1.0,0.0,0.0,0.011627906976744186,0.9883720930232558,-1
"((death >= 0.026) U[0,1] (TROPONIN_I <= 0.033))
",0.000,-9999999.000,-9999999.000,0.000,1.000,0,1,13,72,72,14,13,73,0.0,0.07142857142857142,0.9285714285714286,0.0,0.011627906976744186,0.9883720930232558,-1
"((af <= 0.163) U[0,1] (LOS <= 1.387))
",0.000,-9999999.000,-9999999.000,0.000,1.000,0,1,13,72,72,14,13,73,0.0,0.07142857142857142,0.9285714285714286,0.0,0.011627906976744186,0.9883720930232558,-1
"((PROTIME_INR <= 1.140) U[1,2] (TROPONIN_I >= 0.025))
",0.000,-9999999.000,-9999999.000,0.000,1.000,0,1,13,72,72,14,13,73,0.0,0.07142857142857142,0.9285714285714286,0.0,0.011627906976744186,0.9883720930232558,-1
"F[1,2](WHITE_BLOOD_CELL_COUNT < 9.361 -> y = 0.080)
",0.000,-9999999.000,-9999999.000,0.000,1.000,0,0,0,86,86,0,0,86,0.0,0.0,0.0,0.0,0.0,1.0,-1
"((tte >= -2.154) U[2,2] (y >= 0.009))
",1.436,2.154,1.316,0.000,1.000,0,0,0,86,86,0,0,86,0.0,0.0,0.0,0.0,0.0,1.0,-1
"((MET >= 0.013) U[2,2] (death = 0.047))
",-0.632,-0.013,0.273,0.000,1.000,0,0,0,86,86,0,0,86,0.0,0.0,0.0,0.0,0.0,1.0,-1
"((POTASSIUM >= 3.793) U[2,2] (PROTIME_INR <= 1.144))
",-1.330,0.103,0.207,0.000,1.000,0,0,0,86,86,0,0,86,0.0,0.0,0.0,0.0,0.0,1.0,-1
"F[2,2](GLUCOSE >= 103.644 -> Resp >= 17.507)
",2.445,-3.390,-15.356,0.000,1.000,0,0,0,86,86,0,0,86,0.0,0.0,0.0,0.0,0.0,1.0,-1
"((MET >= 0.020) U[0,2] (death = 0.047))
",0.000,-9999999.000,-9999999.000,0.000,1.000,0,0,0,86,86,0,0,86,0.0,0.0,0.0,0.0,0.0,1.0,-1
"F[2,2](BLOOD_UREA_NITROGEN <= 16.966 & CREATININE >= 0.845)
",2.489,-0.577,-4.034,0.000,1.000,0,0,0,86,86,0,0,86,0.0,0.0,0.0,0.0,0.0,1.0,-1
"F[1,2](BLOOD_UREA_NITROGEN <= 18.005 & CREATININE >= 0.809)
",0.000,-9999999.000,-9999999.000,0.000,1.000,0,0,0,86,86,0,0,86,0.0,0.0,0.0,0.0,0.0,1.0,-1
"F[1,2](CO2 <= 24.632 & TROPONIN_I <= 0.041)
",0.000,-9999999.000,-9999999.000,0.000,1.000,0,0,0,86,86,0,0,86,0.0,0.0,0.0,0.0,0.0,1.0,-1
"F[2,2]((af <= 0.028 | AF <= 0.400) & cosen >= -2.417)
",-0.138,0.183,0.225,0.000,1.000,0,0,0,86,86,0,0,86,0.0,0.0,0.0,0.0,0.0,1.0,-1
"((MET >= 0.014) U[1,2] (death = 0.047))
",0.000,-9999999.000,-9999999.000,0.000,1.000,0,0,0,86,86,0,0,86,0.0,0.0,0.0,0.0,0.0,1.0,-1
"((lds <= 1.962) U[2,2] (Mort <= 0.565))
",0.941,1.100,0.610,0.000,1.000,0,0,0,86,86,0,0,86,0.0,0.0,0.0,0.0,0.0,1.0,-1
"((HEMOGLOBIN <= 12.307) U[2,2] (LOS >= 0.919))
",-1.248,-0.046,5.946,0.000,1.000,0,0,0,86,86,0,0,86,0.0,0.0,0.0,0.0,0.0,1.0,-1
"((HEMOGLOBIN <= 12.290) U[0,2] (POTASSIUM <= 3.908))
",0.000,-9999999.000,-9999999.000,0.000,1.000,0,0,0,86,86,0,0,86,0.0,0.0,0.0,0.0,0.0,1.0,-1
"((CHLORIDE >= 106.393) U[2,2] (Mort >= 0.034))
",1.462,4.157,0.395,0.000,1.000,0,0,0,86,86,0,0,86,0.0,0.0,0.0,0.0,0.0,1.0,-1
"((dfa <= 0.977) U[2,2] (n_edrk >= 0.435))
",0.137,0.490,0.461,0.000,1.000,0,0,0,86,86,0,0,86,0.0,0.0,0.0,0.0,0.0,1.0,-1
"F[2,2](CHLORIDE >= 105.084 | POTASSIUM >= 3.755)
",2.138,5.323,0.245,0.000,1.000,0,0,0,86,86,0,0,86,0.0,0.0,0.0,0.0,0.0,1.0,-1
"((cosen >= -2.374) U[2,2] (dfa >= 0.648))
",-0.605,0.233,0.667,0.000,1.000,0,0,0,86,86,0,0,86,0.0,0.0,0.0,0.0,0.0,1.0,-1
"((cosen >= -2.502) U[2,2] (srr >= 0.036))
",-0.698,0.282,0.795,0.000,1.000,0,0,0,86,86,0,0,86,0.0,0.0,0.0,0.0,0.0,1.0,-1
"F[2,2](GLUCOSE >= 97.200 | LOS >= 0.685)
",-2.456,3.522,21.800,0.000,1.000,0,0,0,86,86,0,0,86,0.0,0.0,0.0,0.0,0.0,1.0,-1
"((n_edrk >= 0.369) U[2,2] (PHOSPHORUS <= 2.954))
",1.534,0.563,-0.079,0.000,1.000,0,0,0,86,86,0,0,86,0.0,0.0,0.0,0.0,0.0,1.0,-1
"((n_edrk <= 0.938) U[2,2] (SODIUM >= 137.145))
",0.140,0.733,0.647,0.000,1.000,0,0,0,86,86,0,0,86,0.0,0.0,0.0,0.0,0.0,1.0,-1
"F[0,2](lds <= 1.115 & y = 0.669)
",0.000,-9999999.000,-9999999.000,0.000,1.000,0,0,0,86,86,0,0,86,0.0,0.0,0.0,0.0,0.0,1.0,-1
"F[2,2](CO2 <= 25.382 -> O2_Flow >= 2.024)
",-1.303,-3.743,-0.262,0.000,1.000,0,0,0,86,86,0,0,86,0.0,0.0,0.0,0.0,0.0,1.0,-1
"((SBP <= 133.100) U[0,2] (y = 0.864))
",0.000,-9999999.000,-9999999.000,0.000,1.000,0,0,0,86,86,0,0,86,0.0,0.0,0.0,0.0,0.0,1.0,-1
"((cosen >= -2.263) U[2,2] (edrk <= 34.342))
",0.526,20.543,14.651,0.000,1.000,0,0,0,86,86,0,0,86,0.0,0.0,0.0,0.0,0.0,1.0,-1
"F[1,2](s24_hr <= 0.000 & s2_hr >= -0.000)
",0.000,-9999999.000,-9999999.000,0.000,1.000,0,0,0,86,86,0,0,86,0.0,0.0,0.0,0.0,0.0,1.0,-1
"F[1,2](PHOSPHORUS >= 2.650 -> TROPONIN_I <= 0.053)
",0.000,-9999999.000,-9999999.000,0.000,1.000,0,0,0,86,86,0,0,86,0.0,0.0,0.0,0.0,0.0,1.0,-1
"F[2,2](s2_hr < 0.001 -> y = 0.179)
",-0.284,-0.001,-0.001,0.000,1.000,0,0,0,86,86,0,0,86,0.0,0.0,0.0,0.0,0.0,1.0,-1
"((TOTAL_BILIRUBIN < 0.700) U[2,2] (y = 0.831))
",0.000,0.000,0.000,0.000,1.000,0,0,0,86,86,0,0,86,0.0,0.0,0.0,0.0,0.0,1.0,-1
"F[0,2](MAGNESIUM <= 2.076 & SODIUM >= 137.344)
",0.000,-9999999.000,-9999999.000,0.000,1.000,0,0,0,86,86,0,0,86,0.0,0.0,0.0,0.0,0.0,1.0,-1
"F[2,2](s2_hr <= 0.002 -> s8_hr >= -0.002)
",-0.628,-0.003,-0.002,0.000,1.000,0,0,0,86,86,0,0,86,0.0,0.0,0.0,0.0,0.0,1.0,-1
"F[2,2](Mort >= 0.007 | POTASSIUM >= 3.768)
",-0.974,0.079,0.558,0.000,1.000,0,0,0,86,86,0,0,86,0.0,0.0,0.0,0.0,0.0,1.0,-1
"((ALKALINE_PHOSPHATASE <= 91.000) U[1,2] (y = 0.657))
",0.000,-9999999.000,-9999999.000,0.000,1.000,0,0,0,86,86,0,0,86,0.0,0.0,0.0,0.0,0.0,1.0,-1
"((AST_GOT < 27.000) U[1,2] (y = 0.888))
",0.000,-9999999.000,-9999999.000,0.000,1.000,0,0,0,86,86,0,0,86,0.0,0.0,0.0,0.0,0.0,1.0,-1
"((hr <= 83.647) U[2,2] (tte <= -0.055))
",0.793,6.374,1.031,0.000,1.000,0,0,0,86,86,0,0,86,0.0,0.0,0.0,0.0,0.0,1.0,-1
"F[1,2](PCO2 >= 39.500 & y = 0.384)
",0.000,-9999999.000,-9999999.000,0.000,1.000,0,0,0,86,86,0,0,86,0.0,0.0,0.0,0.0,0.0,1.0,-1
"((BLOOD_UREA_NITROGEN <= 18.868) U[2,2] (PHOSPHORUS >= 2.790))
",2.449,6.235,0.710,0.000,1.000,0,0,0,86,86,0,0,86,0.0,0.0,0.0,0.0,0.0,1.0,-1
"F[1,2](CHLORIDE >= 103.116 & SpO2 >= 91.318)
",0.000,-9999999.000,-9999999.000,0.000,1.000,0,0,0,86,86,0,0,86,0.0,0.0,0.0,0.0,0.0,1.0,-1
"F[0,2](CHLORIDE >= 104.177 & n_evts >= 0.076)
",0.000,-9999999.000,-9999999.000,0.000,1.000,0,0,0,86,86,0,0,86,0.0,0.0,0.0,0.0,0.0,1.0,-1
"F[1,2](GLUCOSE >= 97.998 -> PROTIME_INR <= 1.174)
",0.000,-9999999.000,-9999999.000,0.000,1.000,0,0,0,86,86,0,0,86,0.0,0.0,0.0,0.0,0.0,1.0,-1
"((tte >= -2.323) U[1,2] (y = 0.206))
",0.000,-9999999.000,-9999999.000,0.000,1.000,0,0,0,86,86,0,0,86,0.0,0.0,0.0,0.0,0.0,1.0,-1
"F[2,2](Pulse <= 83.242 | s8_edrk <= 0.003)
",0.470,7.585,2.499,0.000,1.000,0,0,0,86,86,0,0,86,0.0,0.0,0.0,0.0,0.0,1.0,-1
"((MAGNESIUM <= 2.094) U[0,2] (y = 0.150))
",0.000,-9999999.000,-9999999.000,0.000,1.000,0,0,0,86,86,0,0,86,0.0,0.0,0.0,0.0,0.0,1.0,-1
"((PROTIME_INR <= 1.156) U[1,2] (SODIUM >= 137.618))
",0.000,-9999999.000,-9999999.000,0.000,1.000,0,0,0,86,86,0,0,86,0.0,0.0,0.0,0.0,0.0,1.0,-1
"((death <= 0.667) U[1,2] (PHOSPHORUS <= 3.206))
",0.000,-9999999.000,-9999999.000,0.000,1.000,0,0,0,86,86,0,0,86,0.0,0.0,0.0,0.0,0.0,1.0,-1
"((GLUCOSE <= 112.299) U[1,2] (SODIUM >= 137.577))
",0.000,-9999999.000,-9999999.000,0.000,1.000,0,0,0,86,86,0,0,86,0.0,0.0,0.0,0.0,0.0,1.0,-1
"((CALCIUM <= 9.101) U[2,2] (PROTIME_INR <= 1.137))
",0.967,0.484,0.201,0.000,1.000,0,0,0,86,86,0,0,86,0.0,0.0,0.0,0.0,0.0,1.0,-1
"((death <= 0.873) U[2,2] (Glasgow_Coma_Scale_Total >= 14.557))
",0.793,0.873,0.526,0.000,1.000,0,0,0,86,86,0,0,86,0.0,0.0,0.0,0.0,0.0,1.0,-1
"F[2,2](n_edrk >= 0.041 | n_evts >= 0.118)
",-0.192,0.839,0.882,0.000,1.000,0,0,0,86,86,0,0,86,0.0,0.0,0.0,0.0,0.0,1.0,-1
"F[1,2](CREATININE <= 1.046 & WHITE_BLOOD_CELL_COUNT >= 8.756)
",0.000,-9999999.000,-9999999.000,0.000,1.000,0,0,0,86,86,0,0,86,0.0,0.0,0.0,0.0,0.0,1.0,-1
"F[1,2](n_evts >= 0.025 & POTASSIUM <= 3.942)
",0.000,-9999999.000,-9999999.000,0.000,1.000,0,0,0,86,86,0,0,86,0.0,0.0,0.0,0.0,0.0,1.0,-1
"((MAGNESIUM <= 2.090) U[2,2] (O2_Flow <= 5.448))
",0.632,3.448,3.162,0.000,1.000,0,0,0,86,86,0,0,86,0.0,0.0,0.0,0.0,0.0,1.0,-1
"F[2,2](lds <= 1.441 & n_evts >= 0.084)
",0.038,-0.093,-0.105,0.000,1.000,0,0,0,86,86,0,0,86,0.0,0.0,0.0,0.0,0.0,1.0,-1
"((Mort <= 0.671) U[2,2] (Resp <= 20.847))
",-0.412,2.124,3.939,0.000,1.000,0,0,0,86,86,0,0,86,0.0,0.0,0.0,0.0,0.0,1.0,-1
"F[2,2](MAGNESIUM >= 2.047 & WHITE_BLOOD_CELL_COUNT >= 8.442)
",2.490,0.039,-0.047,0.000,1.000,0,0,0,86,86,0,0,86,0.0,0.0,0.0,0.0,0.0,1.0,-1
"F[1,2](BLOOD_UREA_NITROGEN >= 13.093 & TROPONIN_I <= 0.037)
",0.000,-9999999.000,-9999999.000,0.000,1.000,0,0,0,86,86,0,0,86,0.0,0.0,0.0,0.0,0.0,1.0,-1
"((WHITE_BLOOD_CELL_COUNT <= 9.321) U[2,2] (y >= 0.057))
",-2.489,0.078,0.939,0.000,1.000,0,0,0,86,86,0,0,86,0.0,0.0,0.0,0.0,0.0,1.0,-1
"((death >= 0.025) U[2,2] (dfa <= 1.130))
",-1.049,0.360,0.730,0.000,1.000,0,0,0,86,86,0,0,86,0.0,0.0,0.0,0.0,0.0,1.0,-1
"((lds <= 1.779) U[1,2] (TROPONIN_I <= 0.041))
",0.000,-9999999.000,-9999999.000,0.000,1.000,0,0,0,86,86,0,0,86,0.0,0.0,0.0,0.0,0.0,1.0,-1
"F[2,2](CO2 <= 24.794 & Resp >= 16.120)
",1.286,1.599,-2.039,0.000,1.000,0,0,0,86,86,0,0,86,0.0,0.0,0.0,0.0,0.0,1.0,-1
"G[2,2](HEMOGLOBIN <= 12.515 -> TROPONIN_I >= 0.024)
",2.490,-0.318,-2.315,1.000,0.000,0,0,86,0,0,86,86,0,0.0,0.0,1.0,0.0,0.0,1.0,1
"((direct <= 0.427) U[2,2] (Pulse <= 109.217))
",0.548,31.661,19.420,0.000,1.000,0,0,0,86,86,0,0,86,0.0,0.0,0.0,0.0,0.0,1.0,-1
"G[2,2](BLOOD_UREA_NITROGEN >= 13.091 -> n_evts <= 0.857)
",2.490,-1.837,-7.909,1.000,0.000,0,0,86,0,0,86,86,0,0.0,0.0,1.0,0.0,0.0,1.0,1
"G[0,2](LACTIC_ACID <= 1.300 & TOTAL_BILIRUBIN >= 0.700)
",0.000,9999999.000,9999999.000,1.000,0.000,0,0,86,0,0,86,86,0,0.0,0.0,1.0,0.0,0.0,1.0,1
"G[2,2](CALCIUM <= 8.882 & y = 0.456)
",2.449,-0.456,-0.532,1.000,0.000,0,0,86,0,0,86,86,0,0.0,0.0,1.0,0.0,0.0,1.0,1
"G[2,2](tte <= -0.024 | WHITE_BLOOD_CELL_COUNT >= 8.456)
",-0.174,0.801,1.062,1.000,0.000,0,0,86,0,0,86,86,0,0.0,0.0,1.0,0.0,0.0,1.0,1
"G[1,2](BLOOD_UREA_NITROGEN < 15.294 -> y = 0.767)
",0.000,9999999.000,9999999.000,1.000,0.000,0,0,30,56,56,30,30,56,0.0,0.0,1.0,0.0,0.0,1.0,1
"G[2,2](SODIUM < 137.690 & y = 0.285)
",2.173,-0.307,-0.654,1.000,0.000,0,0,86,0,0,86,86,0,0.0,0.0,1.0,0.0,0.0,1.0,1
"G[1,2](n_evts <= 0.357 -> LOS >= 0.253)
",0.000,9999999.000,9999999.000,1.000,0.000,0,0,14,72,72,14,14,72,0.0,0.0,1.0,0.0,0.0,1.0,1
"G[1,2](n_evts <= 0.395 -> LOS >= 0.087)
",0.000,9999999.000,9999999.000,1.000,0.000,0,0,14,72,72,14,14,72,0.0,0.0,1.0,0.0,0.0,1.0,1
"G[0,2](hr >= 67.498 & Pulse >= 69.015)
",0.000,9999999.000,9999999.000,1.000,0.000,0,0,68,18,18,68,68,18,0.0,0.0,1.0,0.0,0.0,1.0,1
"G[1,1](n_evts <= 0.246 -> LOS >= 0.002)
",1.492,-0.246,-6.569,1.000,0.000,0,0,14,72,72,14,14,72,0.0,0.0,1.0,0.0,0.0,1.0,1
"G[1,1](n_evts <= 0.162 -> LOS >= 0.896)
",1.301,-0.162,-5.675,1.000,0.000,0,0,14,72,72,14,14,72,0.0,0.0,1.0,0.0,0.0,1.0,1
"G[1,2](GLUCOSE >= 103.648 & POTASSIUM >= 3.794)
",0.000,9999999.000,9999999.000,1.000,0.000,0,0,30,56,56,30,30,56,0.0,0.0,1.0,0.0,0.0,1.0,1
"G[2,2](POTASSIUM <= 3.921 -> WHITE_BLOOD_CELL_COUNT <= 9.120)
",2.124,-0.223,-0.720,1.000,0.000,0,0,86,0,0,86,86,0,0.0,0.0,1.0,0.0,0.0,1.0,1
"G[2,2](hr >= 69.035 & s24_hr >= -0.001)
",-0.297,-0.164,0.001,1.000,0.000,0,0,86,0,0,86,86,0,0.0,0.0,1.0,0.0,0.0,1.0,1
"G[2,2](AF >= 0.011 -> direct >= 0.033)
",1.155,0.011,-0.548,1.000,0.000,0,0,86,0,0,86,86,0,0.0,0.0,1.0,0.0,0.0,1.0,1
"F[1,2](BLOOD_UREA_NITROGEN <= 16.478 & CREATININE >= 0.857)
",0.000,-9999999.000,-9999999.000,0.000,1.000,0,0,0,86,86,0,0,86,0.0,0.0,0.0,0.0,0.0,1.0,-1
"G[2,2](edrk <= 35.121 & Mort >= 0.008)
",0.360,-0.008,-0.329,1.000,0.000,0,0,86,0,0,86,86,0,0.0,0.0,1.0,0.0,0.0,1.0,1
"G[0,2](HEMOGLOBIN <= 12.659 | ICU_Pt_Days <= 2.367)
",0.000,9999999.000,9999999.000,1.000,0.000,0,0,86,0,0,86,86,0,0.0,0.0,1.0,0.0,0.0,1.0,1
"G[1,2](edrk >= 13.168 -> hr >= 66.891)
",0.000,9999999.000,9999999.000,1.000,0.000,0,0,86,0,0,86,86,0,0.0,0.0,1.0,0.0,0.0,1.0,1
"G[1,1](n_evts <= 0.157 -> LOS >= 0.374)
",1.425,-0.157,-6.198,1.000,0.000,0,0,14,72,72,14,14,72,0.0,0.0,1.0,0.0,0.0,1.0,1
"G[2,2](GLUCOSE <= 117.712 -> ICU_Pt_Days <= 1.788)
",-2.357,-17.417,0.245,1.000,0.000,0,0,86,0,0,86,86,0,0.0,0.0,1.0,0.0,0.0,1.0,1
"G[2,2](PLATELET_COUNT >= 215.373 -> y <= 0.814)
",-2.486,-8.403,0.043,1.000,0.000,0,0,86,0,0,86,86,0,0.0,0.0,1.0,0.0,0.0,1.0,1
"G[0,2](PROTIME_INR >= 1.127 | y <= 0.414)
",0.000,9999999.000,9999999.000,1.000,0.000,0,0,86,0,0,86,86,0,0.0,0.0,1.0,0.0,0.0,1.0,1
"G[2,2](CALCIUM >= 8.634 | HEMOGLOBIN >= 10.483)
",2.490,1.946,0.266,1.000,0.000,0,0,86,0,0,86,86,0,0.0,0.0,1.0,0.0,0.0,1.0,1
"G[1,2](lds <= 1.779 -> n_edrk <= 0.955)
",0.000,9999999.000,9999999.000,1.000,0.000,0,0,32,54,54,32,32,54,0.0,0.0,1.0,0.0,0.0,1.0,1
"G[2,2](BLOOD_UREA_NITROGEN <= 15.399 & direct >= 0.069)
",2.490,-0.838,-5.601,1.000,0.000,0,0,86,0,0,86,86,0,0.0,0.0,1.0,0.0,0.0,1.0,1
"G[1,2](CHLORIDE <= 110.806 | direct <= 0.714)
",0.000,9999999.000,9999999.000,1.000,0.000,0,0,86,0,0,86,86,0,0.0,0.0,1.0,0.0,0.0,1.0,1
"G[2,2](SpO2 >= 86.583 | TROPONIN_I >= 0.022)
",0.219,10.750,10.131,1.000,0.000,0,0,86,0,0,86,86,0,0.0,0.0,1.0,0.0,0.0,1.0,1
"G[2,2](AF <= 0.353 & n_evts <= 0.720)
",11413133144367292.000,0.353,-0.280,1.000,0.000,0,0,86,0,0,86,86,0,0.0,0.0,1.0,0.0,0.0,1.0,1
"G[2,2](CHLORIDE >= 105.679 & CREATININE <= 1.000)
",2.489,-0.361,-3.679,1.000,0.000,0,0,86,0,0,86,86,0,0.0,0.0,1.0,0.0,0.0,1.0,1
"G[2,2](BLOOD_UREA_NITROGEN >= 12.284 | SODIUM >= 137.004)
",-2.490,2.068,8.716,1.000,0.000,0,0,86,0,0,86,86,0,0.0,0.0,1.0,0.0,0.0,1.0,1
"G[1,2](BLOOD_UREA_NITROGEN >= 13.414 | PROTIME_INR >= 1.105)
",0.000,9999999.000,9999999.000,1.000,0.000,0,0,30,56,56,30,30,56,0.0,0.0,1.0,0.0,0.0,1.0,1
"G[1,2](CHLORIDE <= 109.668 | HEMOGLOBIN >= 11.621)
",0.000,9999999.000,9999999.000,1.000,0.000,0,0,86,0,0,86,86,0,0.0,0.0,1.0,0.0,0.0,1.0,1
"F[0,2](PHOSPHORUS <= 3.399 & POTASSIUM <= 3.976)
",0.000,-9999999.000,-9999999.000,0.000,1.000,0,0,0,86,86,0,0,86,0.0,0.0,0.0,0.0,0.0,1.0,-1
"F[0,2](Pulse >= 67.935 -> y = 0.488)
",0.000,-9999999.000,-9999999.000,0.000,1.000,0,0,0,86,86,0,0,86,0.0,0.0,0.0,0.0,0.0,1.0,-1
"F[2,2](direct <= 0.497 | hr <= 104.166)
",1.091,25.240,7.752,0.000,1.000,0,0,0,86,86,0,0,86,0.0,0.0,0.0,0.0,0.0,1.0,-1
"((hr >= 66.343) U[2,2] (y <= 0.682))
",-1.014,12.676,35.174,0.000,1.000,0,0,0,86,86,0,0,86,0.0,0.0,0.0,0.0,0.0,1.0,-1
"F[0,2](n_evts <= 0.785 & y = 0.007)
",0.000,-9999999.000,-9999999.000,0.000,1.000,0,0,0,86,86,0,0,86,0.0,0.0,0.0,0.0,0.0,1.0,-1
"F[2,2](CO2 >= 22.062 -> death <= 0.550)
",2.193,-1.329,-3.938,0.000,1.000,0,0,0,86,86,0,0,86,0.0,0.0,0.0,0.0,0.0,1.0,-1
"F[2,2](hr >= 79.355 & TROPONIN_I >= 0.026)
",-0.816,-3.450,0.034,0.000,1.000,0,0,0,86,86,0,0,86,0.0,0.0,0.0,0.0,0.0,1.0,-1
"F[1,2](BLOOD_UREA_NITROGEN <= 16.917 & CREATININE >= 0.842)
",0.000,-9999999.000,-9999999.000,0.000,1.000,0,0,0,86,86,0,0,86,0.0,0.0,0.0,0.0,0.0,1.0,-1
"((LOS < 4.164) U[1,2] (y = 0.411))
",0.000,-9999999.000,-9999999.000,0.000,1.000,0,0,0,86,86,0,0,86,0.0,0.0,0.0,0.0,0.0,1.0,-1
"F[0,2](BLOOD_UREA_NITROGEN <= 16.075 & CREATININE >= 0.919)
",0.000,-9999999.000,-9999999.000,0.000,1.000,0,0,0,86,86,0,0,86,0.0,0.0,0.0,0.0,0.0,1.0,-1
"((MET >= 0.010) U[0,2] (death = 0.047))
",0.000,-9999999.000,-9999999.000,0.000,1.000,0,0,0,86,86,0,0,86,0.0,0.0,0.0,0.0,0.0,1.0,-1
"((MET >= 0.017) U[2,2] (s2_edrk <= 0.003))
",-0.630,0.003,0.283,0.000,1.000,0,0,0,86,86,0,0,86,0.0,0.0,0.0,0.0,0.0,1.0,-1
"((MET >= 0.021) U[1,2] (death = 0.047))
",0.000,-9999999.000,-9999999.000,0.000,1.000,0,0,0,86,86,0,0,86,0.0,0.0,0.0,0.0,0.0,1.0,-1
"((PLATELET_COUNT >= 216.426) U[2,2] (TROPONIN_I >= 0.024))
",2.476,7.383,0.036,0.000,1.000,0,0,0,86,86,0,0,86,0.0,0.0,0.0,0.0,0.0,1.0,-1
"G[1,2](SODIUM <= 137.710 | TROPONIN_I <= 0.060)
",0.000,9999999.000,9999999.000,1.000,0.000,0,0,86,0,0,86,86,0,0.0,0.0,1.0,0.0,0.0,1.0,1
"G[2,2](death <= 0.539 -> HEMOGLOBIN <= 12.658)
",2.490,-0.805,-2.458,1.000,0.000,0,0,86,0,0,86,86,0,0.0,0.0,1.0,0.0,0.0,1.0,1
"G[2,2](CALCIUM <= 8.946 -> ICU_Pt_Days <= 4.099)
",-1.610,-4.099,-1.648,1.000,0.000,0,0,86,0,0,86,86,0,0.0,0.0,1.0,0.0,0.0,1.0,1
"G[1,2](death <= 0.500 | PROTIME_INR >= 1.119)
",0.000,9999999.000,9999999.000,1.000,0.000,0,0,86,0,0,86,86,0,0.0,0.0,1.0,0.0,0.0,1.0,1
"G[1,2](cosen >= -2.306 & LOS >= 0.402)
",0.000,9999999.000,9999999.000,1.000,0.000,0,0,14,72,72,14,14,72,0.0,0.0,1.0,0.0,0.0,1.0,1
"G[0,2](CO2 >= 20.704 | tte >= -3.870)
",0.000,9999999.000,9999999.000,1.000,0.000,0,0,86,0,0,86,86,0,0.0,0.0,1.0,0.0,0.0,1.0,1
"G[2,2](edrk <= 20.755 | s8_hr >= -0.002)
",0.392,6.957,4.603,1.000,0.000,0,0,86,0,0,86,86,0,0.0,0.0,1.0,0.0,0.0,1.0,1
"G[0,2](O2_Flow <= 5.723 | POTASSIUM >= 3.825)
",0.000,9999999.000,9999999.000,1.000,0.000,0,0,86,0,0,86,86,0,0.0,0.0,1.0,0.0,0.0,1.0,1
"G[2,2](hr >= 78.646 & Pulse >= 70.446)
",-0.932,-1.602,18.727,1.000,0.000,0,0,86,0,0,86,86,0,0.0,0.0,1.0,0.0,0.0,1.0,1
"G[0,2](hr <= 110.116 -> s2_hr >= -0.001)
",0.000,9999999.000,9999999.000,1.000,0.000,0,0,65,21,21,65,65,21,0.0,0.0,1.0,0.0,0.0,1.0,1
"G[2,2](srr > 0.016 & y = 0.267)
",2.449,-0.267,-0.667,1.000,0.000,0,0,86,0,0,86,86,0,0.0,0.0,1.0,0.0,0.0,1.0,1
"G[1,1](ICU_Pt_Days <= 4.928 -> TROPONIN_I >= 0.025)
",-1.473,-4.928,-2.117,1.000,0.000,0,0,14,72,72,14,14,72,0.0,0.0,1.0,0.0,0.0,1.0,1
"G[0,2](CALCIUM <= 8.749 | POTASSIUM >= 3.735)
",0.000,9999999.000,9999999.000,1.000,0.000,0,0,86,0,0,86,86,0,0.0,0.0,1.0,0.0,0.0,1.0,1
"((CO2 <= 24.159) U[1,2] (POTASSIUM <= 3.965))
",0.000,-9999999.000,-9999999.000,0.000,1.000,0,0,0,86,86,0,0,86,0.0,0.0,0.0,0.0,0.0,1.0,-1
