Rule,Discrimination Score,Pos Robustness,Neg Robustness,Percent Class +,Percent Class -,TP,TN,FP,FN,Actual Yes,Actual No,Predicted Yes,Predicted No,TPR/Sens,TNR/Spec,FPR,Precision,Accuracy,MCR
"G[0,1](CALCIUM >= 8.374 -> Mort <= 0.775)
",0.000,9999999.000,9999999.000,1.000,0.000,77,9,5,0,77,14,82,9,1.0,0.6428571428571429,0.35714285714285715,0.9390243902439024,0.945054945054945,0.05494505494505497
"G[0,1](direct <= 0.264 & SBP <= 132.227)
",0.000,9999999.000,9999999.000,1.000,0.000,77,9,5,0,77,14,82,9,1.0,0.6428571428571429,0.35714285714285715,0.9390243902439024,0.945054945054945,0.05494505494505497
"G[1,1](LOS <= 11.243 -> n_edrk >= 0.674)
",-1.142,-9.243,-5.408,1.000,0.000,76,8,6,1,77,14,82,9,0.987012987012987,0.5714285714285714,0.42857142857142855,0.926829268292683,0.9230769230769231,0.07692307692307687
"G[0,0](CO2 >= 24.130 -> dfa >= 0.530)
",1.777,-0.782,-1.870,1.000,0.000,77,6,8,0,77,14,85,6,1.0,0.42857142857142855,0.5714285714285714,0.9058823529411765,0.9120879120879121,0.08791208791208793
"G[0,1](lds <= 1.930 & Pulse <= 108.741)
",0.000,9999999.000,9999999.000,1.000,0.000,76,6,8,1,77,14,84,7,0.987012987012987,0.42857142857142855,0.5714285714285714,0.9047619047619048,0.9010989010989011,0.09890109890109888
"G[0,1](death <= 0.898 & dfa <= 1.496)
",0.000,9999999.000,9999999.000,1.000,0.000,75,6,8,2,77,14,83,8,0.974025974025974,0.42857142857142855,0.5714285714285714,0.9036144578313253,0.8901098901098901,0.10989010989010994
"G[0,0](CREATININE >= 0.714 -> LOS <= 11.489)
",-1.223,-9.489,-5.917,1.000,0.000,77,3,11,0,77,14,88,3,1.0,0.21428571428571427,0.7857142857142857,0.875,0.8791208791208791,0.1208791208791209
"G[0,1](LOS <= 8.405 | SBP <= 172.443)
",0.000,9999999.000,9999999.000,1.000,0.000,77,2,12,0,77,14,89,2,1.0,0.14285714285714285,0.8571428571428571,0.8651685393258427,0.8681318681318682,0.13186813186813184
"G[0,0](n_evts >= 0.096 | SpO2 <= 99.707)
",-0.548,2.865,6.021,1.000,0.000,77,0,14,0,77,14,91,0,1.0,0.0,1.0,0.8461538461538461,0.8461538461538461,0.15384615384615385
"G[0,0](MET >= 0.020 -> SBP <= 182.520)
",-0.301,-65.783,-53.652,1.000,0.000,77,0,14,0,77,14,91,0,1.0,0.0,1.0,0.8461538461538461,0.8461538461538461,0.15384615384615385
"G[0,0](POTASSIUM >= 4.126 | SODIUM >= 133.220)
",-1.387,1.474,3.780,1.000,0.000,77,0,14,0,77,14,91,0,1.0,0.0,1.0,0.8461538461538461,0.8461538461538461,0.15384615384615385
"G[0,0](death <= 0.724 | Pulse >= 68.250)
",-0.626,6.820,21.893,1.000,0.000,77,0,14,0,77,14,91,0,1.0,0.0,1.0,0.8461538461538461,0.8461538461538461,0.15384615384615385
"G[0,1](death <= 0.736 | Resp <= 19.511)
",0.000,9999999.000,9999999.000,1.000,0.000,77,0,14,0,77,14,91,0,1.0,0.0,1.0,0.8461538461538461,0.8461538461538461,0.15384615384615385
"G[1,1](CHLORIDE <= 108.227 | dfa <= 1.413)
",-1.247,4.140,6.227,1.000,0.000,77,0,14,0,77,14,91,0,1.0,0.0,1.0,0.8461538461538461,0.8461538461538461,0.15384615384615385
"G[0,1](CHLORIDE <= 106.680 -> PHOSPHORUS >= 3.151)
",0.000,9999999.000,9999999.000,1.000,0.000,77,0,14,0,77,14,91,0,1.0,0.0,1.0,0.8461538461538461,0.8461538461538461,0.15384615384615385
"G[0,1](CREATININE <= 0.900 -> O2_Flow <= 6.667)
",0.000,9999999.000,9999999.000,1.000,0.000,77,0,14,0,77,14,91,0,1.0,0.0,1.0,0.8461538461538461,0.8461538461538461,0.15384615384615385
"G[0,1](hr >= 71.375 | Pulse <= 109.478)
",0.000,9999999.000,9999999.000,1.000,0.000,77,0,14,0,77,14,91,0,1.0,0.0,1.0,0.8461538461538461,0.8461538461538461,0.15384615384615385
"G[0,0](edrk <= 17.299 -> Glasgow_Coma_Scale_Total <= 15.000)
",-0.379,-3.924,-2.618,1.000,0.000,77,0,14,0,77,14,91,0,1.0,0.0,1.0,0.8461538461538461,0.8461538461538461,0.15384615384615385
"G[0,0](MAGNESIUM >= 1.600 | Mort <= 0.742)
",1.155,0.742,0.546,1.000,0.000,77,0,14,0,77,14,91,0,1.0,0.0,1.0,0.8461538461538461,0.8461538461538461,0.15384615384615385
"G[0,0](CREATININE <= 1.078 -> s24_hr >= -0.002)
",-1.877,-0.286,-0.002,1.000,0.000,77,0,14,0,77,14,91,0,1.0,0.0,1.0,0.8461538461538461,0.8461538461538461,0.15384615384615385
"G[0,1](PLATELET_COUNT <= 155.065 | WHITE_BLOOD_CELL_COUNT <= 12.295)
",0.000,9999999.000,9999999.000,1.000,0.000,77,0,14,0,77,14,91,0,1.0,0.0,1.0,0.8461538461538461,0.8461538461538461,0.15384615384615385
"G[0,1](Pulse <= 79.974 -> s2_edrk >= -0.005)
",0.000,9999999.000,9999999.000,1.000,0.000,77,0,14,0,77,14,91,0,1.0,0.0,1.0,0.8461538461538461,0.8461538461538461,0.15384615384615385
"G[0,0](CALCIUM <= 8.561 -> PLATELET_COUNT <= 148.120)
",-2.073,-32.536,0.339,1.000,0.000,77,0,14,0,77,14,91,0,1.0,0.0,1.0,0.8461538461538461,0.8461538461538461,0.15384615384615385
"G[0,1](af <= 0.272 & srr <= 0.187)
",0.000,9999999.000,9999999.000,1.000,0.000,73,2,12,4,77,14,85,6,0.948051948051948,0.14285714285714285,0.8571428571428571,0.8588235294117647,0.8241758241758241,0.17582417582417587
"G[0,1](CO2 <= 24.950 | HEMOGLOBIN >= 10.912)
",0.000,9999999.000,9999999.000,1.000,0.000,59,14,0,18,77,14,59,32,0.7662337662337663,1.0,0.0,1.0,0.8021978021978022,0.19780219780219777
"G[1,1](lds <= 1.449 | WHITE_BLOOD_CELL_COUNT <= 14.585)
",-1.253,2.607,6.185,1.000,0.000,73,0,14,4,77,14,87,4,0.948051948051948,0.0,1.0,0.8390804597701149,0.8021978021978022,0.19780219780219777
"G[1,1](PLATELET_COUNT <= 146.569 & Pulse <= 108.356)
",2.072,14.795,-65.431,1.000,0.000,59,14,0,18,77,14,59,32,0.7662337662337663,1.0,0.0,1.0,0.8021978021978022,0.19780219780219777
"G[0,0](dfa <= 1.370 -> PLATELET_COUNT <= 150.335)
",-2.030,-34.492,-0.761,1.000,0.000,59,13,1,18,77,14,60,31,0.7662337662337663,0.9285714285714286,0.07142857142857142,0.9833333333333333,0.7912087912087912,0.20879120879120883
"G[0,1](CO2 >= 23.732 -> PROTIME_INR <= 1.176)
",0.000,9999999.000,9999999.000,1.000,0.000,58,14,0,19,77,14,58,33,0.7532467532467533,1.0,0.0,1.0,0.7912087912087912,0.20879120879120883
"G[0,1](POTASSIUM <= 4.317 -> PROTIME_INR <= 1.179)
",0.000,9999999.000,9999999.000,1.000,0.000,58,14,0,19,77,14,58,33,0.7532467532467533,1.0,0.0,1.0,0.7912087912087912,0.20879120879120883
"G[0,0](direct >= 0.034 | hr >= 69.411)
",-0.680,10.765,27.115,1.000,0.000,69,0,14,8,77,14,83,8,0.8961038961038961,0.0,1.0,0.8313253012048193,0.7582417582417582,0.2417582417582418
"G[0,1](hr >= 72.006 | POTASSIUM <= 4.211)
",0.000,9999999.000,9999999.000,1.000,0.000,69,0,14,8,77,14,83,8,0.8961038961038961,0.0,1.0,0.8313253012048193,0.7582417582417582,0.2417582417582418
"G[1,1](CO2 >= 23.133 | PHOSPHORUS <= 3.475)
",-1.682,0.998,2.867,1.000,0.000,67,0,14,10,77,14,81,10,0.8701298701298701,0.0,1.0,0.8271604938271605,0.7362637362637363,0.2637362637362637
"G[1,1](CREATININE <= 0.912 -> PHOSPHORUS >= 2.778)
",1.259,-0.476,-0.722,1.000,0.000,65,0,14,12,77,14,79,12,0.8441558441558441,0.0,1.0,0.8227848101265823,0.7142857142857143,0.2857142857142857
"G[0,1](CO2 >= 24.077 -> PLATELET_COUNT >= 125.298)
",0.000,9999999.000,9999999.000,1.000,0.000,64,1,13,13,77,14,77,14,0.8311688311688312,0.07142857142857142,0.9285714285714286,0.8311688311688312,0.7142857142857143,0.2857142857142857
"G[0,1](HEMOGLOBIN <= 13.456 -> n_edrk <= 0.975)
",0.000,9999999.000,9999999.000,1.000,0.000,63,2,12,14,77,14,75,16,0.8181818181818182,0.14285714285714285,0.8571428571428571,0.84,0.7142857142857143,0.2857142857142857
"G[1,1](hr >= 70.929 & s2_hr >= -0.004)
",-0.366,-0.302,0.004,1.000,0.000,63,0,14,14,77,14,77,14,0.8181818181818182,0.0,1.0,0.8181818181818182,0.6923076923076923,0.3076923076923077
"G[1,1](edrk >= 11.950 & s24_edrk <= 0.001)
",-0.226,-0.133,-0.035,1.000,0.000,57,5,9,20,77,14,66,25,0.7402597402597403,0.35714285714285715,0.6428571428571429,0.8636363636363636,0.6813186813186813,0.31868131868131866
"G[0,1](n_evts <= 0.515 & PHOSPHORUS <= 3.360)
",0.000,9999999.000,9999999.000,1.000,0.000,48,14,0,29,77,14,48,43,0.6233766233766234,1.0,0.0,1.0,0.6813186813186813,0.31868131868131866
"G[1,1](CO2 <= 25.906 | Temp >= 36.528)
",1.091,2.013,0.256,1.000,0.000,58,2,12,19,77,14,70,21,0.7532467532467533,0.14285714285714285,0.8571428571428571,0.8285714285714286,0.6593406593406593,0.34065934065934067
"G[1,1](MAGNESIUM <= 1.851 & O2_Flow <= 3.101)
",0.532,0.114,-0.685,1.000,0.000,46,14,0,31,77,14,46,45,0.5974025974025974,1.0,0.0,1.0,0.6593406593406593,0.34065934065934067
"G[0,0](CHLORIDE >= 102.450 | n_evts >= 0.029)
",0.470,1.875,0.971,1.000,0.000,58,0,14,19,77,14,72,19,0.7532467532467533,0.0,1.0,0.8055555555555556,0.6373626373626373,0.3626373626373627
"G[0,0](hr >= 72.286 & Pulse >= 67.214)
",-0.850,2.676,21.157,1.000,0.000,56,0,14,21,77,14,70,21,0.7272727272727273,0.0,1.0,0.8,0.6153846153846154,0.3846153846153846
"G[1,1](MAGNESIUM >= 1.739 & n_evts <= 0.988)
",0.053,-0.002,-0.012,1.000,0.000,31,14,0,46,77,14,31,60,0.4025974025974026,1.0,0.0,1.0,0.4945054945054945,0.5054945054945055
"G[0,1](hr >= 73.146 & Pulse >= 68.554)
",0.000,9999999.000,9999999.000,1.000,0.000,39,0,14,38,77,14,53,38,0.5064935064935064,0.0,1.0,0.7358490566037735,0.42857142857142855,0.5714285714285714
"G[0,0](hr >= 77.583 & Pulse >= 67.969)
",-0.842,-0.579,17.276,1.000,0.000,39,0,14,38,77,14,53,38,0.5064935064935064,0.0,1.0,0.7358490566037735,0.42857142857142855,0.5714285714285714
"G[0,1](hr >= 75.568 & Pulse >= 65.267)
",0.000,9999999.000,9999999.000,1.000,0.000,37,0,14,40,77,14,51,40,0.4805194805194805,0.0,1.0,0.7254901960784313,0.4065934065934066,0.5934065934065934
"G[0,1](edrk >= 13.480 | Mort >= 0.060)
",0.000,9999999.000,9999999.000,1.000,0.000,29,5,9,48,77,14,38,53,0.37662337662337664,0.35714285714285715,0.6428571428571429,0.7631578947368421,0.37362637362637363,0.6263736263736264
"G[0,0](cosen <= -0.957 -> Pulse >= 74.188)
",0.678,-3.625,-17.533,1.000,0.000,30,2,12,47,77,14,42,49,0.38961038961038963,0.14285714285714285,0.8571428571428571,0.7142857142857143,0.3516483516483517,0.6483516483516483
"G[0,1](BLOOD_UREA_NITROGEN <= 19.542 -> POTASSIUM <= 4.179)
",0.000,9999999.000,9999999.000,1.000,0.000,31,0,14,46,77,14,45,46,0.4025974025974026,0.0,1.0,0.6888888888888889,0.34065934065934067,0.6593406593406593
"G[1,1](direct >= 0.007 | SODIUM >= 134.495)
",-1.387,0.852,2.505,1.000,0.000,31,0,14,46,77,14,45,46,0.4025974025974026,0.0,1.0,0.6888888888888889,0.34065934065934067,0.6593406593406593
"G[0,1](BLOOD_UREA_NITROGEN >= 9.644 | PLATELET_COUNT >= 130.682)
",0.000,9999999.000,9999999.000,1.000,0.000,31,0,14,46,77,14,45,46,0.4025974025974026,0.0,1.0,0.6888888888888889,0.34065934065934067,0.6593406593406593
"G[1,1](hr >= 79.604 & Pulse >= 71.259)
",-0.671,-2.968,9.693,1.000,0.000,28,2,12,49,77,14,40,51,0.36363636363636365,0.14285714285714285,0.8571428571428571,0.7,0.32967032967032966,0.6703296703296704
"G[1,1](GLUCOSE >= 104.003 -> WHITE_BLOOD_CELL_COUNT <= 12.445)
",1.017,-11.632,-14.997,1.000,0.000,30,0,14,47,77,14,44,47,0.38961038961038963,0.0,1.0,0.6818181818181818,0.32967032967032966,0.6703296703296704
"G[0,1](ICU_Pt_Days >= 0.462 | PHOSPHORUS >= 3.204)
",0.000,9999999.000,9999999.000,1.000,0.000,29,1,13,48,77,14,42,49,0.37662337662337664,0.07142857142857142,0.9285714285714286,0.6904761904761905,0.32967032967032966,0.6703296703296704
"G[1,1](WHITE_BLOOD_CELL_COUNT >= 8.891 -> y = 0.837)
",-1.391,-4.212,0.304,1.000,0.000,28,0,14,49,77,14,42,49,0.36363636363636365,0.0,1.0,0.6666666666666666,0.3076923076923077,0.6923076923076923
"G[0,0](GLUCOSE <= 115.489 & PHOSPHORUS <= 3.490)
",1.840,-0.971,-3.511,1.000,0.000,12,13,1,65,77,14,13,78,0.15584415584415584,0.9285714285714286,0.07142857142857142,0.9230769230769231,0.27472527472527475,0.7252747252747253
"G[0,1](CALCIUM <= 8.858 & WHITE_BLOOD_CELL_COUNT <= 13.255)
",0.000,9999999.000,9999999.000,1.000,0.000,10,14,0,67,77,14,10,81,0.12987012987012986,1.0,0.0,1.0,0.26373626373626374,0.7362637362637363
"G[0,1](CALCIUM >= 8.146 & s8_hr >= -0.000)
",0.000,9999999.000,9999999.000,1.000,0.000,11,13,1,66,77,14,12,79,0.14285714285714285,0.9285714285714286,0.07142857142857142,0.9166666666666666,0.26373626373626374,0.7362637362637363
"G[0,1](CALCIUM <= 8.733 -> HEMOGLOBIN <= 13.050)
",0.000,9999999.000,9999999.000,1.000,0.000,19,1,13,58,77,14,32,59,0.24675324675324675,0.07142857142857142,0.9285714285714286,0.59375,0.21978021978021978,0.7802197802197802
"G[0,1](direct <= 0.795 -> PLATELET_COUNT >= 116.764)
",0.000,9999999.000,9999999.000,1.000,0.000,18,1,13,59,77,14,31,60,0.23376623376623376,0.07142857142857142,0.9285714285714286,0.5806451612903226,0.2087912087912088,0.7912087912087912
"G[0,0](HEMOGLOBIN <= 13.110 & PHOSPHORUS >= 3.080)
",-2.104,-0.567,0.420,1.000,0.000,18,1,13,59,77,14,31,60,0.23376623376623376,0.07142857142857142,0.9285714285714286,0.5806451612903226,0.2087912087912088,0.7912087912087912
"G[0,0](CHLORIDE <= 105.671 -> y >= 0.067)
",1.648,-1.863,-3.671,1.000,0.000,12,4,10,65,77,14,22,69,0.15584415584415584,0.2857142857142857,0.7142857142857143,0.5454545454545454,0.17582417582417584,0.8241758241758241
"G[0,2](hr <= 109.740 & MET >= 0.020)
",0.000,9999999.000,9999999.000,1.000,0.000,0,14,0,77,77,14,0,91,0.0,1.0,0.0,0.0,0.15384615384615385,0.8461538461538461
"G[1,2](s2_hr < 0.003 -> y = 0.441)
",0.000,9999999.000,9999999.000,1.000,0.000,0,14,4,73,73,18,4,87,0.0,0.7777777777777778,0.2222222222222222,0.0,0.15384615384615385,0.8461538461538461
"G[0,2](GLUCOSE <= 118.083 & s8_hr >= -0.001)
",0.000,9999999.000,9999999.000,1.000,0.000,0,14,58,19,19,72,58,33,0.0,0.19444444444444445,0.8055555555555556,0.0,0.15384615384615385,0.8461538461538461
"G[1,2](BLOOD_UREA_NITROGEN >= 11.699 & PHOSPHORUS <= 3.316)
",0.000,9999999.000,9999999.000,1.000,0.000,0,14,0,77,77,14,0,91,0.0,1.0,0.0,0.0,0.15384615384615385,0.8461538461538461
"G[0,2](s8_edrk > -0.007 & y = 0.541)
",0.000,9999999.000,9999999.000,1.000,0.000,0,14,0,77,77,14,0,91,0.0,1.0,0.0,0.0,0.15384615384615385,0.8461538461538461
"G[0,2](GLUCOSE < 118.656 & y = 0.747)
",0.000,9999999.000,9999999.000,1.000,0.000,0,14,0,77,77,14,0,91,0.0,1.0,0.0,0.0,0.15384615384615385,0.8461538461538461
"G[0,1](POTASSIUM > 4.132 & y = 0.002)
",0.000,9999999.000,9999999.000,1.000,0.000,0,14,0,77,77,14,0,91,0.0,1.0,0.0,0.0,0.15384615384615385,0.8461538461538461
"G[1,2](n_evts <= 0.355 & tte >= -2.379)
",0.000,9999999.000,9999999.000,1.000,0.000,0,14,77,0,0,91,77,14,0.0,0.15384615384615385,0.8461538461538461,0.0,0.15384615384615385,0.8461538461538461
"G[1,2](AF <= 0.051 & y = 0.761)
",0.000,9999999.000,9999999.000,1.000,0.000,0,14,0,77,77,14,0,91,0.0,1.0,0.0,0.0,0.15384615384615385,0.8461538461538461
"G[1,2](CO2 <= 24.353 & n_edrk >= 0.163)
",0.000,9999999.000,9999999.000,1.000,0.000,0,14,46,31,31,60,46,45,0.0,0.23333333333333334,0.7666666666666667,0.0,0.15384615384615385,0.8461538461538461
"G[1,1](dfa > 0.519 & y = 0.886)
",-1.155,-0.886,-0.446,1.000,0.000,0,14,0,77,77,14,0,91,0.0,1.0,0.0,0.0,0.15384615384615385,0.8461538461538461
"G[0,0](LOS > 2.666 & y = 0.397)
",-1.269,-0.666,-0.524,1.000,0.000,0,14,0,77,77,14,0,91,0.0,1.0,0.0,0.0,0.15384615384615385,0.8461538461538461
"G[1,2](PARTIAL_THROMBOPLASTIN_TIME > 31.800 & y = 0.542)
",0.000,9999999.000,9999999.000,1.000,0.000,0,14,0,77,77,14,0,91,0.0,1.0,0.0,0.0,0.15384615384615385,0.8461538461538461
"G[0,1](hr <= 87.045 & y = 0.300)
",0.000,9999999.000,9999999.000,1.000,0.000,0,14,0,77,77,14,0,91,0.0,1.0,0.0,0.0,0.15384615384615385,0.8461538461538461
"G[0,1](Sgy > 0.000 & y = 0.948)
",0.000,9999999.000,9999999.000,1.000,0.000,0,14,0,77,77,14,0,91,0.0,1.0,0.0,0.0,0.15384615384615385,0.8461538461538461
"G[1,2](Glasgow_Coma_Scale_Total <= 14.999 & PLATELET_COUNT <= 173.959)
",0.000,9999999.000,9999999.000,1.000,0.000,0,14,0,77,77,14,0,91,0.0,1.0,0.0,0.0,0.15384615384615385,0.8461538461538461
"G[0,2](HEMOGLOBIN >= 11.216 & PROTIME_INR >= 1.027)
",0.000,9999999.000,9999999.000,1.000,0.000,0,14,0,77,77,14,0,91,0.0,1.0,0.0,0.0,0.15384615384615385,0.8461538461538461
"G[0,2](TOTAL_PROTEIN <= 6.300 & y = 0.854)
",0.000,9999999.000,9999999.000,1.000,0.000,0,14,0,77,77,14,0,91,0.0,1.0,0.0,0.0,0.15384615384615385,0.8461538461538461
"G[1,2](CHLORIDE >= 103.798 & HEMOGLOBIN <= 13.437)
",0.000,9999999.000,9999999.000,1.000,0.000,0,14,0,77,77,14,0,91,0.0,1.0,0.0,0.0,0.15384615384615385,0.8461538461538461
"G[1,1](AST_GOT >= 27.000 -> y = 0.302)
",0.000,0.000,0.000,1.000,0.000,0,14,0,77,77,14,0,91,0.0,1.0,0.0,0.0,0.15384615384615385,0.8461538461538461
"G[0,2](GLUCOSE >= 94.851 -> n_evts <= 0.281)
",0.000,9999999.000,9999999.000,1.000,0.000,0,14,77,0,0,91,77,14,0.0,0.15384615384615385,0.8461538461538461,0.0,0.15384615384615385,0.8461538461538461
"G[0,1](Glasgow_Coma_Scale_Total <= 14.975 & s24_edrk <= 0.003)
",0.000,9999999.000,9999999.000,1.000,0.000,0,13,1,77,77,14,1,90,0.0,0.9285714285714286,0.07142857142857142,0.0,0.14285714285714285,0.8571428571428572
"G[0,2](MET < 0.533 -> y = 0.874)
",0.000,9999999.000,9999999.000,1.000,0.000,0,13,1,77,77,14,1,90,0.0,0.9285714285714286,0.07142857142857142,0.0,0.14285714285714285,0.8571428571428572
"G[1,2](edrk <= 25.442 -> y = 0.752)
",0.000,9999999.000,9999999.000,1.000,0.000,0,12,2,77,77,14,2,89,0.0,0.8571428571428571,0.14285714285714285,0.0,0.13186813186813187,0.8681318681318682
"G[0,2](dfa >= 0.843 & PHOSPHORUS >= 2.847)
",0.000,9999999.000,9999999.000,1.000,0.000,0,12,35,44,44,47,35,56,0.0,0.2553191489361702,0.7446808510638298,0.0,0.13186813186813187,0.8681318681318682
"G[1,1](n_edrk >= 0.001 -> y = 0.255)
",-1.378,-0.969,-0.311,1.000,0.000,0,12,2,77,77,14,2,89,0.0,0.8571428571428571,0.14285714285714285,0.0,0.13186813186813187,0.8681318681318682
"G[1,2](HEMOGLOBIN <= 13.817 -> LOS <= 3.319)
",0.000,9999999.000,9999999.000,1.000,0.000,0,12,79,0,0,91,79,12,0.0,0.13186813186813187,0.8681318681318682,0.0,0.13186813186813187,0.8681318681318682
"G[1,1](Glasgow_Coma_Scale_Total > 14.262 -> y = 0.833)
",-0.408,-0.738,-0.609,1.000,0.000,0,12,2,77,77,14,2,89,0.0,0.8571428571428571,0.14285714285714285,0.0,0.13186813186813187,0.8681318681318682
"G[0,2](edrk >= 12.630 -> MET >= 0.013)
",0.000,9999999.000,9999999.000,1.000,0.000,0,11,29,51,51,40,29,62,0.0,0.275,0.725,0.0,0.12087912087912088,0.8791208791208791
"G[0,1](n_evts >= 0.146 & y <= 0.257)
",0.000,9999999.000,9999999.000,1.000,0.000,0,11,3,77,77,14,3,88,0.0,0.7857142857142857,0.21428571428571427,0.0,0.12087912087912088,0.8791208791208791
"G[0,1](death <= 0.513 & tte <= -0.131)
",0.000,9999999.000,9999999.000,1.000,0.000,0,11,3,77,77,14,3,88,0.0,0.7857142857142857,0.21428571428571427,0.0,0.12087912087912088,0.8791208791208791
"G[0,2](Mort >= 0.048 & SBP <= 161.765)
",0.000,9999999.000,9999999.000,1.000,0.000,0,10,4,77,77,14,4,87,0.0,0.7142857142857143,0.2857142857142857,0.0,0.10989010989010989,0.8901098901098901
"G[0,2](ICU_Pt_Days <= 3.198 | PROTIME_INR <= 1.080)
",0.000,9999999.000,9999999.000,1.000,0.000,0,10,81,0,0,91,81,10,0.0,0.10989010989010989,0.8901098901098901,0.0,0.10989010989010989,0.8901098901098901
"G[0,2](Pulse <= 99.731 & y >= 0.029)
",0.000,9999999.000,9999999.000,1.000,0.000,0,10,4,77,77,14,4,87,0.0,0.7142857142857143,0.2857142857142857,0.0,0.10989010989010989,0.8901098901098901
"G[1,2](LOS <= 4.257 | SODIUM <= 135.498)
",0.000,9999999.000,9999999.000,1.000,0.000,0,8,83,0,0,91,83,8,0.0,0.08791208791208792,0.9120879120879121,0.0,0.08791208791208792,0.9120879120879121
"G[0,1](edrk >= 10.045 -> y >= 0.086)
",0.000,9999999.000,9999999.000,1.000,0.000,1,7,7,76,77,14,8,83,0.012987012987012988,0.5,0.5,0.125,0.08791208791208792,0.9120879120879121
"G[0,1](hr <= 90.986 -> ICU_Pt_Days >= 0.258)
",0.000,9999999.000,9999999.000,1.000,0.000,3,4,10,74,77,14,13,78,0.03896103896103896,0.2857142857142857,0.7142857142857143,0.23076923076923078,0.07692307692307693,0.9230769230769231
"G[1,2](CHLORIDE <= 104.032 -> Mort <= 0.846)
",0.000,9999999.000,9999999.000,1.000,0.000,0,7,84,0,0,91,84,7,0.0,0.07692307692307693,0.9230769230769231,0.0,0.07692307692307693,0.9230769230769231
"G[1,2](CREATININE >= 0.724 & Mort <= 0.236)
",0.000,9999999.000,9999999.000,1.000,0.000,0,7,38,46,46,45,38,53,0.0,0.15555555555555556,0.8444444444444444,0.0,0.07692307692307693,0.9230769230769231
"G[0,0](n_edrk <= 0.970 & PROTIME_INR >= 1.016)
",-1.496,-0.022,0.137,1.000,0.000,4,2,12,73,77,14,16,75,0.05194805194805195,0.14285714285714285,0.8571428571428571,0.25,0.06593406593406594,0.9340659340659341
"G[0,0](BLOOD_UREA_NITROGEN >= 11.459 & y >= 0.075)
",-1.400,-2.352,0.496,1.000,0.000,0,5,9,77,77,14,9,82,0.0,0.35714285714285715,0.6428571428571429,0.0,0.054945054945054944,0.945054945054945
"G[0,2](SpO2 >= 90.050 & srr >= 0.026)
",0.000,9999999.000,9999999.000,1.000,0.000,0,5,80,6,6,85,80,11,0.0,0.058823529411764705,0.9411764705882353,0.0,0.054945054945054944,0.945054945054945
"G[0,0](ICU_Pt_Days >= 0.168 & y >= 0.018)
",-1.240,-0.168,0.489,1.000,0.000,0,5,9,77,77,14,9,82,0.0,0.35714285714285715,0.6428571428571429,0.0,0.054945054945054944,0.945054945054945
"G[1,2](PLATELET_COUNT <= 186.161 | Temp <= 37.157)
",0.000,9999999.000,9999999.000,1.000,0.000,0,5,86,0,0,91,86,5,0.0,0.054945054945054944,0.945054945054945,0.0,0.054945054945054944,0.945054945054945
"G[0,2](dfa >= 0.449 & lds >= 0.564)
",0.000,9999999.000,9999999.000,1.000,0.000,0,5,29,57,57,34,29,62,0.0,0.14705882352941177,0.8529411764705882,0.0,0.054945054945054944,0.945054945054945
"G[1,2](LOS >= 2.621 & Pulse >= 72.897)
",0.000,9999999.000,9999999.000,1.000,0.000,0,4,10,77,77,14,10,81,0.0,0.2857142857142857,0.7142857142857143,0.0,0.04395604395604396,0.9560439560439561
"G[1,2](n_edrk >= 0.035 & POTASSIUM <= 4.352)
",0.000,9999999.000,9999999.000,1.000,0.000,0,4,41,46,46,45,41,50,0.0,0.08888888888888889,0.9111111111111111,0.0,0.04395604395604396,0.9560439560439561
"G[0,2](HEMOGLOBIN <= 13.443 & srr <= 0.116)
",0.000,9999999.000,9999999.000,1.000,0.000,0,4,25,62,62,29,25,66,0.0,0.13793103448275862,0.8620689655172413,0.0,0.04395604395604396,0.9560439560439561
"G[1,1](HEMOGLOBIN <= 13.768 & lds >= 0.556)
",-2.077,-0.096,0.984,1.000,0.000,3,0,14,74,77,14,17,74,0.03896103896103896,0.0,1.0,0.17647058823529413,0.03296703296703297,0.967032967032967
"G[1,2](MET >= 0.021 | Resp <= 19.408)
",0.000,9999999.000,9999999.000,1.000,0.000,0,3,79,9,9,82,79,12,0.0,0.036585365853658534,0.9634146341463414,0.0,0.03296703296703297,0.967032967032967
"G[0,2](hr >= 73.686 & Pulse >= 72.005)
",0.000,9999999.000,9999999.000,1.000,0.000,0,3,46,42,42,49,46,45,0.0,0.061224489795918366,0.9387755102040817,0.0,0.03296703296703297,0.967032967032967
"G[0,2](CO2 >= 23.353 -> tte >= -3.374)
",0.000,9999999.000,9999999.000,1.000,0.000,0,3,88,0,0,91,88,3,0.0,0.03296703296703297,0.967032967032967,0.0,0.03296703296703297,0.967032967032967
"G[1,2](MAGNESIUM >= 1.775 -> Pulse <= 92.083)
",0.000,9999999.000,9999999.000,1.000,0.000,0,2,89,0,0,91,89,2,0.0,0.02197802197802198,0.978021978021978,0.0,0.02197802197802198,0.978021978021978
"G[1,2](BLOOD_UREA_NITROGEN <= 19.531 | s8_hr <= 8.724770467304272e-05)
",0.000,9999999.000,9999999.000,1.000,0.000,0,2,85,4,4,87,85,6,0.0,0.022988505747126436,0.9770114942528736,0.0,0.02197802197802198,0.978021978021978
"G[0,2](CREATININE >= 0.778 & dfa <= 1.056)
",0.000,9999999.000,9999999.000,1.000,0.000,0,2,28,61,61,30,28,63,0.0,0.06666666666666667,0.9333333333333333,0.0,0.02197802197802198,0.978021978021978
"G[0,2](n_evts <= 0.173 -> LOS >= 2.261)
",0.000,9999999.000,9999999.000,1.000,0.000,0,1,13,77,77,14,13,78,0.0,0.07142857142857142,0.9285714285714286,0.0,0.01098901098901099,0.989010989010989
"G[0,1](n_evts <= 0.397 -> LOS >= 2.207)
",0.000,9999999.000,9999999.000,1.000,0.000,0,1,13,77,77,14,13,78,0.0,0.07142857142857142,0.9285714285714286,0.0,0.01098901098901099,0.989010989010989
"G[0,0](n_evts <= 0.202 -> LOS >= 2.266)
",1.063,-0.202,-3.305,1.000,0.000,0,1,13,77,77,14,13,78,0.0,0.07142857142857142,0.9285714285714286,0.0,0.01098901098901099,0.989010989010989
"G[0,2](n_evts <= 0.462 -> LOS >= 2.073)
",0.000,9999999.000,9999999.000,1.000,0.000,0,1,13,77,77,14,13,78,0.0,0.07142857142857142,0.9285714285714286,0.0,0.01098901098901099,0.989010989010989
"G[0,2](GLUCOSE <= 118.257 -> SODIUM <= 135.140)
",0.000,9999999.000,9999999.000,1.000,0.000,0,1,78,12,12,79,78,13,0.0,0.012658227848101266,0.9873417721518988,0.0,0.01098901098901099,0.989010989010989
"G[0,2](PHOSPHORUS >= 3.075 & srr <= 0.144)
",0.000,9999999.000,9999999.000,1.000,0.000,0,1,73,17,17,74,73,18,0.0,0.013513513513513514,0.9864864864864865,0.0,0.01098901098901099,0.989010989010989
"G[0,2](n_evts <= 0.647 -> LOS >= 2.662)
",0.000,9999999.000,9999999.000,1.000,0.000,0,1,13,77,77,14,13,78,0.0,0.07142857142857142,0.9285714285714286,0.0,0.01098901098901099,0.989010989010989
"G[1,2](PROTIME_INR >= 1.016 -> SBP >= 71.087)
",0.000,9999999.000,9999999.000,1.000,0.000,0,1,90,0,0,91,90,1,0.0,0.01098901098901099,0.989010989010989,0.0,0.01098901098901099,0.989010989010989
"G[0,2](direct <= 0.134 -> HEMOGLOBIN <= 12.871)
",0.000,9999999.000,9999999.000,1.000,0.000,0,1,31,59,59,32,31,60,0.0,0.03125,0.96875,0.0,0.01098901098901099,0.989010989010989
"G[0,2](BLOOD_UREA_NITROGEN >= 9.878 & WHITE_BLOOD_CELL_COUNT >= 6.768)
",0.000,9999999.000,9999999.000,1.000,0.000,0,1,34,56,56,35,34,57,0.0,0.02857142857142857,0.9714285714285714,0.0,0.01098901098901099,0.989010989010989
"G[0,0](ICU_Pt_Days <= 1.563 -> LOS >= 2.039)
",0.674,-1.563,-3.532,1.000,0.000,0,1,13,77,77,14,13,78,0.0,0.07142857142857142,0.9285714285714286,0.0,0.01098901098901099,0.989010989010989
"G[0,1](n_evts <= 0.164 -> LOS >= 2.222)
",0.000,9999999.000,9999999.000,1.000,0.000,0,1,13,77,77,14,13,78,0.0,0.07142857142857142,0.9285714285714286,0.0,0.01098901098901099,0.989010989010989
"G[0,2](CO2 <= 25.737 -> y = 0.486)
",0.000,9999999.000,9999999.000,1.000,0.000,0,1,32,58,58,33,32,59,0.0,0.030303030303030304,0.9696969696969697,0.0,0.01098901098901099,0.989010989010989
"G[0,0](Glasgow_Coma_Scale_Total <= 14.976 | n_evts >= 0.120)
",-20.000,-0.024,0.921,1.000,0.000,0,1,13,77,77,14,13,78,0.0,0.07142857142857142,0.9285714285714286,0.0,0.01098901098901099,0.989010989010989
"G[1,2](Mort <= 0.587 | n_evts >= 0.097)
",0.000,9999999.000,9999999.000,1.000,0.000,0,0,91,0,0,91,91,0,0.0,0.0,1.0,0.0,0.0,1.0
"G[2,2](CHLORIDE >= 103.608 | POTASSIUM >= 4.096)
",0.599,0.948,-0.096,1.000,0.000,0,0,91,0,0,91,91,0,0.0,0.0,1.0,0.0,0.0,1.0
"G[1,2](dfa <= 1.651 & SODIUM >= 134.455)
",0.000,9999999.000,9999999.000,1.000,0.000,0,0,45,46,46,45,45,46,0.0,0.0,1.0,0.0,0.0,1.0
"G[0,2](PLATELET_COUNT <= 171.703 -> POTASSIUM <= 4.322)
",0.000,9999999.000,9999999.000,1.000,0.000,0,0,45,46,46,45,45,46,0.0,0.0,1.0,0.0,0.0,1.0
"G[2,2](ALBUMIN >= 3.200 -> y = 0.662)
",0.000,-0.000,-0.000,1.000,0.000,0,0,91,0,0,91,91,0,0.0,0.0,1.0,0.0,0.0,1.0
"G[2,2](MET <= 0.403 -> n_edrk <= 0.941)
",1.488,-0.403,-0.737,1.000,0.000,0,0,91,0,0,91,91,0,0.0,0.0,1.0,0.0,0.0,1.0
"G[1,2](SBP <= 167.854 | Temp >= 35.869)
",0.000,9999999.000,9999999.000,1.000,0.000,0,0,91,0,0,91,91,0,0.0,0.0,1.0,0.0,0.0,1.0
"G[1,2](lds <= 1.921 | SpO2 >= 91.740)
",0.000,9999999.000,9999999.000,1.000,0.000,0,0,91,0,0,91,91,0,0.0,0.0,1.0,0.0,0.0,1.0
"G[0,2](GLUCOSE >= 100.397 | Resp <= 21.981)
",0.000,9999999.000,9999999.000,1.000,0.000,0,0,91,0,0,91,91,0,0.0,0.0,1.0,0.0,0.0,1.0
"G[1,2](O2_Flow <= 6.451 | srr >= 0.047)
",0.000,9999999.000,9999999.000,1.000,0.000,0,0,91,0,0,91,91,0,0.0,0.0,1.0,0.0,0.0,1.0
"G[1,2](n_evts <= 0.243 -> LOS >= 2.294)
",0.000,9999999.000,9999999.000,1.000,0.000,0,0,14,77,77,14,14,77,0.0,0.0,1.0,0.0,0.0,1.0
"G[0,2](s24_edrk <= 0.003 | Temp >= 35.918)
",0.000,9999999.000,9999999.000,1.000,0.000,0,0,91,0,0,91,91,0,0.0,0.0,1.0,0.0,0.0,1.0
"G[0,2](death <= 0.560 | Mort >= 0.032)
",0.000,9999999.000,9999999.000,1.000,0.000,0,0,91,0,0,91,91,0,0.0,0.0,1.0,0.0,0.0,1.0
"G[2,2](LOS >= 2.414 & y <= 0.455)
",-0.602,-0.414,-0.116,1.000,0.000,0,0,91,0,0,91,91,0,0.0,0.0,1.0,0.0,0.0,1.0
"G[2,2](MET >= 0.002 -> Pulse >= 65.552)
",0.421,-8.812,-17.877,1.000,0.000,0,0,91,0,0,91,91,0,0.0,0.0,1.0,0.0,0.0,1.0
"G[1,2](CALCIUM >= 8.115 & POTASSIUM >= 3.822)
",0.000,9999999.000,9999999.000,1.000,0.000,0,0,33,58,58,33,33,58,0.0,0.0,1.0,0.0,0.0,1.0
"G[0,2](SODIUM >= 134.715 | WHITE_BLOOD_CELL_COUNT <= 14.658)
",0.000,9999999.000,9999999.000,1.000,0.000,0,0,45,46,46,45,45,46,0.0,0.0,1.0,0.0,0.0,1.0
"G[2,2](CO2 >= 23.489 -> s24_hr >= -0.002)
",1.702,-0.729,-2.511,1.000,0.000,0,0,91,0,0,91,91,0,0.0,0.0,1.0,0.0,0.0,1.0
"G[2,2](PLATELET_COUNT <= 165.362 & PROTIME_INR >= 1.059)
",2.104,-8.639,-46.638,1.000,0.000,0,0,91,0,0,91,91,0,0.0,0.0,1.0,0.0,0.0,1.0
"G[1,2](BLOOD_UREA_NITROGEN <= 20.859 | PROTIME_INR >= 1.012)
",0.000,9999999.000,9999999.000,1.000,0.000,0,0,90,1,1,90,90,1,0.0,0.0,1.0,0.0,0.0,1.0
"G[0,2](PROTIME_INR <= 1.137 -> srr <= 0.187)
",0.000,9999999.000,9999999.000,1.000,0.000,0,0,90,1,1,90,90,1,0.0,0.0,1.0,0.0,0.0,1.0
"G[2,2](CO2 <= 24.937 -> CREATININE >= 0.711)
",-1.233,-1.368,-0.389,1.000,0.000,0,0,91,0,0,91,91,0,0.0,0.0,1.0,0.0,0.0,1.0
"G[2,2](hr >= 73.669 & Pulse >= 69.058)
",-0.646,1.290,13.615,1.000,0.000,0,0,91,0,0,91,91,0,0.0,0.0,1.0,0.0,0.0,1.0
"G[1,2](dfa >= 0.828 -> WHITE_BLOOD_CELL_COUNT <= 13.326)
",0.000,9999999.000,9999999.000,1.000,0.000,0,0,53,38,38,53,53,38,0.0,0.0,1.0,0.0,0.0,1.0
"G[0,2](s2_edrk <= 0.004 | s8_edrk >= -0.004)
",0.000,9999999.000,9999999.000,1.000,0.000,0,0,91,0,0,91,91,0,0.0,0.0,1.0,0.0,0.0,1.0
"G[1,2](MAGNESIUM >= 1.674 | POTASSIUM <= 4.189)
",0.000,9999999.000,9999999.000,1.000,0.000,0,0,45,46,46,45,45,46,0.0,0.0,1.0,0.0,0.0,1.0
"G[2,2](ICU_Pt_Days <= 0.487 & s24_edrk <= 0.004)
",1.092,0.004,-2.223,1.000,0.000,0,0,91,0,0,91,91,0,0.0,0.0,1.0,0.0,0.0,1.0
"G[2,2](LOS <= 8.088 -> s8_edrk >= -0.001)
",-1.436,-6.088,-3.063,1.000,0.000,0,0,91,0,0,91,91,0,0.0,0.0,1.0,0.0,0.0,1.0
"G[2,2](BLOOD_UREA_NITROGEN <= 15.030 & n_evts >= 0.092)
",1.936,-1.330,-5.970,1.000,0.000,0,0,91,0,0,91,91,0,0.0,0.0,1.0,0.0,0.0,1.0
"G[2,2](Resp >= 13.382 | srr >= 0.035)
",0.058,4.723,4.537,1.000,0.000,0,0,91,0,0,91,91,0,0.0,0.0,1.0,0.0,0.0,1.0
"G[1,2](Glasgow_Coma_Scale_Total <= 14.977 -> Mort >= 0.055)
",0.000,9999999.000,9999999.000,1.000,0.000,0,0,91,0,0,91,91,0,0.0,0.0,1.0,0.0,0.0,1.0
"G[2,2](CALCIUM <= 8.894 & PHOSPHORUS >= 3.062)
",0.386,0.074,-0.006,1.000,0.000,0,0,91,0,0,91,91,0,0.0,0.0,1.0,0.0,0.0,1.0
"G[2,2](AF >= 0.000 | O2_Flow <= 4.073)
",0.585,2.073,1.634,1.000,0.000,0,0,91,0,0,91,91,0,0.0,0.0,1.0,0.0,0.0,1.0
"G[1,2](CO2 <= 25.811 -> direct >= 0.060)
",0.000,9999999.000,9999999.000,1.000,0.000,0,0,33,58,58,33,33,58,0.0,0.0,1.0,0.0,0.0,1.0
"G[2,2](n_evts <= 0.165 -> LOS >= 2.502)
",0.939,-0.165,-3.355,1.000,0.000,0,0,91,0,0,91,91,0,0.0,0.0,1.0,0.0,0.0,1.0
"G[0,2](SODIUM >= 133.126 | y >= 0.024)
",0.000,9999999.000,9999999.000,1.000,0.000,0,0,45,46,46,45,45,46,0.0,0.0,1.0,0.0,0.0,1.0
"G[1,2](AF >= 1.5554947800304705e-05 | af <= 0.657)
",0.000,9999999.000,9999999.000,1.000,0.000,0,0,89,2,2,89,89,2,0.0,0.0,1.0,0.0,0.0,1.0
"G[0,2](hr >= 68.523 & Pulse >= 66.373)
",0.000,9999999.000,9999999.000,1.000,0.000,0,0,72,19,19,72,72,19,0.0,0.0,1.0,0.0,0.0,1.0
"G[2,2](BLOOD_UREA_NITROGEN <= 15.577 & y = 0.777)
",1.936,-1.755,-5.423,1.000,0.000,0,0,91,0,0,91,91,0,0.0,0.0,1.0,0.0,0.0,1.0
"G[2,2](cosen > -2.099 -> y = 0.274)
",0.230,-0.032,-0.230,1.000,0.000,0,0,91,0,0,91,91,0,0.0,0.0,1.0,0.0,0.0,1.0
"G[0,2](Pulse >= 69.159 | Resp >= 12.917)
",0.000,9999999.000,9999999.000,1.000,0.000,0,0,91,0,0,91,91,0,0.0,0.0,1.0,0.0,0.0,1.0
"G[1,2](n_evts <= 0.206 -> LOS >= 2.133)
",0.000,9999999.000,9999999.000,1.000,0.000,0,0,14,77,77,14,14,77,0.0,0.0,1.0,0.0,0.0,1.0
"G[2,2](s2_edrk <= 0.001 & Temp <= 37.320)
",0.425,0.001,-0.010,1.000,0.000,0,0,91,0,0,91,91,0,0.0,0.0,1.0,0.0,0.0,1.0
"G[1,2](CREATININE >= 0.747 | Resp <= 20.445)
",0.000,9999999.000,9999999.000,1.000,0.000,0,0,91,0,0,91,91,0,0.0,0.0,1.0,0.0,0.0,1.0
"G[2,2](BLOOD_UREA_NITROGEN >= 12.880 -> Mort >= 0.045)
",1.936,-1.674,-8.120,1.000,0.000,0,0,91,0,0,91,91,0,0.0,0.0,1.0,0.0,0.0,1.0
"G[0,2](hr >= 71.036 & Pulse >= 69.322)
",0.000,9999999.000,9999999.000,1.000,0.000,0,0,58,33,33,58,58,33,0.0,0.0,1.0,0.0,0.0,1.0
"G[2,2](edrk <= 24.111 -> lds >= 0.389)
",-0.557,-10.569,-7.312,1.000,0.000,0,0,91,0,0,91,91,0,0.0,0.0,1.0,0.0,0.0,1.0
"G[1,2](CREATININE <= 1.095 -> ICU_Pt_Days <= 2.283)
",0.000,9999999.000,9999999.000,1.000,0.000,0,0,91,0,0,91,91,0,0.0,0.0,1.0,0.0,0.0,1.0
"G[2,2](edrk <= 17.525 -> SBP >= 114.494)
",-0.557,-5.417,0.612,1.000,0.000,0,0,91,0,0,91,91,0,0.0,0.0,1.0,0.0,0.0,1.0
"G[1,2](hr >= 71.886 & Pulse >= 65.541)
",0.000,9999999.000,9999999.000,1.000,0.000,0,0,66,25,25,66,66,25,0.0,0.0,1.0,0.0,0.0,1.0
"G[2,2](Resp <= 21.684 | s24_edrk >= -0.004)
",-0.123,3.579,4.015,1.000,0.000,0,0,91,0,0,91,91,0,0.0,0.0,1.0,0.0,0.0,1.0
"G[1,2](lds >= 0.566 & PROTIME_INR >= 1.003)
",0.000,9999999.000,9999999.000,1.000,0.000,0,0,17,74,74,17,17,74,0.0,0.0,1.0,0.0,0.0,1.0
"G[1,2](n_evts <= 0.508 -> LOS >= 2.099)
",0.000,9999999.000,9999999.000,1.000,0.000,0,0,14,77,77,14,14,77,0.0,0.0,1.0,0.0,0.0,1.0
"G[0,2](ICU_Pt_Days <= 2.898 -> lds <= 1.953)
",0.000,9999999.000,9999999.000,1.000,0.000,0,0,90,1,1,90,90,1,0.0,0.0,1.0,0.0,0.0,1.0
"G[1,2](O2_Flow <= 2.681 | SpO2 <= 96.923)
",0.000,9999999.000,9999999.000,1.000,0.000,0,0,91,0,0,91,91,0,0.0,0.0,1.0,0.0,0.0,1.0
"G[0,2](lds >= 0.737 | n_edrk >= 0.494)
",0.000,9999999.000,9999999.000,1.000,0.000,0,0,89,2,2,89,89,2,0.0,0.0,1.0,0.0,0.0,1.0
"G[1,2](CALCIUM >= 8.186 -> n_evts >= 0.010)
",0.000,9999999.000,9999999.000,1.000,0.000,0,0,60,31,31,60,60,31,0.0,0.0,1.0,0.0,0.0,1.0
"G[2,2](CREATININE <= 1.027 & PLATELET_COUNT >= 123.774)
",-1.917,-12.750,-0.073,1.000,0.000,0,0,91,0,0,91,91,0,0.0,0.0,1.0,0.0,0.0,1.0
