Rule,Discrimination Score,Pos Robustness,Neg Robustness,Percent Class +,Percent Class -,TP,TN,FP,FN,Actual Yes,Actual No,Predicted Yes,Predicted No,TPR/Sens,TNR/Spec,FPR,Precision,Accuracy,MCR,Class
"((Glasgow_Coma_Scale_Total <= 14.980) U[0,0] (n_evts >= 0.154))
",-18.895,-0.020,0.865,0.000,1.000,21,14,0,0,21,14,21,14,1.0,1.0,0.0,1.0,1.0,0.0,-1
"G[0,1](death <= 0.158 & ICU_Pt_Days <= 2.178)
",0.000,9999999.000,9999999.000,1.000,0.000,21,12,2,0,21,14,23,12,1.0,0.8571428571428571,0.14285714285714285,0.9130434782608695,0.9428571428571428,0.05714285714285716,1
"F[0,1](ICU_Pt_Days <= 3.659 -> y >= 0.137)
",0.000,-9999999.000,-9999999.000,0.000,1.000,21,12,2,0,21,14,23,12,1.0,0.8571428571428571,0.14285714285714285,0.9130434782608695,0.9428571428571428,0.05714285714285716,-1
"((death <= 0.633) U[0,0] (tte <= -0.025))
",-0.645,0.633,1.572,0.000,1.000,21,11,3,0,21,14,24,11,1.0,0.7857142857142857,0.21428571428571427,0.875,0.9142857142857143,0.08571428571428574,-1
"((n_evts >= 0.308) U[1,2] (Temp <= 37.291))
",0.000,-9999999.000,-9999999.000,0.000,1.000,21,11,0,3,24,11,21,14,0.875,1.0,0.0,1.0,0.9142857142857143,0.08571428571428574,-1
"G[0,0](hr <= 99.099 & s8_edrk <= 0.000)
",0.408,0.000,-2.952,1.000,0.000,17,14,0,4,21,14,17,18,0.8095238095238095,1.0,0.0,1.0,0.8857142857142857,0.11428571428571432,1
"G[0,1](direct <= 0.648 & s8_edrk >= -0.002)
",0.000,9999999.000,9999999.000,1.000,0.000,21,9,5,0,21,14,26,9,1.0,0.6428571428571429,0.35714285714285715,0.8076923076923077,0.8571428571428571,0.1428571428571429,1
"F[0,0](edrk <= 21.912 -> n_edrk <= 0.919)
",-0.225,-6.511,-5.084,0.000,1.000,18,12,2,3,21,14,20,15,0.8571428571428571,0.8571428571428571,0.14285714285714285,0.9,0.8571428571428571,0.1428571428571429,-1
"F[1,1](srr <= 0.155 & tte <= -0.127)
",-1.736,-0.127,0.034,0.000,1.000,21,9,5,0,21,14,26,9,1.0,0.6428571428571429,0.35714285714285715,0.8076923076923077,0.8571428571428571,0.1428571428571429,-1
"((n_edrk >= 0.142) U[0,0] (tte <= -0.221))
",-0.247,0.777,1.209,0.000,1.000,21,9,5,0,21,14,26,9,1.0,0.6428571428571429,0.35714285714285715,0.8076923076923077,0.8571428571428571,0.1428571428571429,-1
"((AF <= 0.255) U[0,1] (n_edrk <= 0.926))
",0.000,-9999999.000,-9999999.000,0.000,1.000,15,14,0,6,21,14,15,20,0.7142857142857143,1.0,0.0,1.0,0.8285714285714286,0.17142857142857137,-1
"G[0,0](Mort <= 0.537 & s8_edrk >= -0.006)
",1.151,0.006,-0.262,1.000,0.000,21,7,7,0,21,14,28,7,1.0,0.5,0.5,0.75,0.8,0.19999999999999996,1
"G[0,1](Temp >= 36.011 -> y <= 0.572)
",0.000,9999999.000,9999999.000,1.000,0.000,21,7,7,0,21,14,28,7,1.0,0.5,0.5,0.75,0.8,0.19999999999999996,1
"F[0,1](n_evts >= 0.380 & s2_hr >= -0.000)
",0.000,-9999999.000,-9999999.000,0.000,1.000,21,7,7,0,21,14,28,7,1.0,0.5,0.5,0.75,0.8,0.19999999999999996,-1
"((cosen >= -2.112) U[0,1] (direct >= 0.116))
",0.000,-9999999.000,-9999999.000,0.000,1.000,21,7,7,0,21,14,28,7,1.0,0.5,0.5,0.75,0.8,0.19999999999999996,-1
"((LOS >= 3.472) U[0,1] (Mort >= 0.198))
",0.000,-9999999.000,-9999999.000,0.000,1.000,21,7,7,0,21,14,28,7,1.0,0.5,0.5,0.75,0.8,0.19999999999999996,-1
"F[0,1](AF <= 0.485 & y >= 0.086)
",0.000,-9999999.000,-9999999.000,0.000,1.000,21,7,7,0,21,14,28,7,1.0,0.5,0.5,0.75,0.8,0.19999999999999996,-1
"F[0,1](Mort >= 0.166 & s24_hr <= 0.001)
",0.000,-9999999.000,-9999999.000,0.000,1.000,21,7,7,0,21,14,28,7,1.0,0.5,0.5,0.75,0.8,0.19999999999999996,-1
"G[0,0](CALCIUM >= 8.900 -> Temp <= 36.757)
",0.196,-0.135,-0.234,1.000,0.000,21,5,9,0,21,14,30,5,1.0,0.35714285714285715,0.6428571428571429,0.7,0.7428571428571429,0.2571428571428571,1
"G[0,1](s8_hr >= -0.000 | Temp <= 36.944)
",0.000,9999999.000,9999999.000,1.000,0.000,21,4,10,0,21,14,31,4,1.0,0.2857142857142857,0.7142857142857143,0.6774193548387096,0.7142857142857143,0.2857142857142857,1
"F[0,1](death >= 0.023 | MET >= 0.019)
",0.000,-9999999.000,-9999999.000,0.000,1.000,21,4,10,0,21,14,31,4,1.0,0.2857142857142857,0.7142857142857143,0.6774193548387096,0.7142857142857143,0.2857142857142857,-1
"F[1,1](death >= 0.088 & dfa <= 0.610)
",-0.250,-0.088,-0.032,0.000,1.000,21,4,10,0,21,14,31,4,1.0,0.2857142857142857,0.7142857142857143,0.6774193548387096,0.7142857142857143,0.2857142857142857,-1
"G[1,1](Glasgow_Coma_Scale_Total >= 14.225 & lds >= 0.677)
",0.229,0.719,0.603,1.000,0.000,21,4,10,0,21,14,31,4,1.0,0.2857142857142857,0.7142857142857143,0.6774193548387096,0.7142857142857143,0.2857142857142857,1
"((death >= 0.061) U[1,1] (Resp <= 23.673))
",-0.809,2.426,5.959,0.000,1.000,21,4,10,0,21,14,31,4,1.0,0.2857142857142857,0.7142857142857143,0.6774193548387096,0.7142857142857143,0.2857142857142857,-1
"G[0,1](AF <= 0.326 & edrk <= 35.078)
",0.000,9999999.000,9999999.000,1.000,0.000,21,4,10,0,21,14,31,4,1.0,0.2857142857142857,0.7142857142857143,0.6774193548387096,0.7142857142857143,0.2857142857142857,1
"G[0,1](n_edrk >= 0.203 -> s24_edrk <= 0.000)
",0.000,9999999.000,9999999.000,1.000,0.000,17,8,6,4,21,14,23,12,0.8095238095238095,0.5714285714285714,0.42857142857142855,0.7391304347826086,0.7142857142857143,0.2857142857142857,1
"G[0,0](hr >= 82.649 & Pulse >= 86.122)
",0.285,2.815,-1.837,1.000,0.000,16,9,5,5,21,14,21,14,0.7619047619047619,0.6428571428571429,0.35714285714285715,0.7619047619047619,0.7142857142857143,0.2857142857142857,1
"G[1,1](dfa <= 0.667 & ICU_Pt_Days >= 0.195)
",0.625,0.130,-0.049,1.000,0.000,20,5,9,1,21,14,29,6,0.9523809523809523,0.35714285714285715,0.6428571428571429,0.6896551724137931,0.7142857142857143,0.2857142857142857,1
"G[0,1](Resp <= 21.080 -> tte >= -0.712)
",0.000,9999999.000,9999999.000,1.000,0.000,21,4,10,0,21,14,31,4,1.0,0.2857142857142857,0.7142857142857143,0.6774193548387096,0.7142857142857143,0.2857142857142857,1
"G[0,1](death <= 0.543 -> O2_Flow <= 5.107)
",0.000,9999999.000,9999999.000,1.000,0.000,21,4,10,0,21,14,31,4,1.0,0.2857142857142857,0.7142857142857143,0.6774193548387096,0.7142857142857143,0.2857142857142857,1
"((edrk <= 22.137) U[0,0] (lds <= 1.734))
",0.229,6.735,5.264,0.000,1.000,12,12,2,9,21,14,14,21,0.5714285714285714,0.8571428571428571,0.14285714285714285,0.8571428571428571,0.6857142857142857,0.3142857142857143,-1
"G[0,1](hr >= 87.617 | tte <= -0.359)
",0.000,9999999.000,9999999.000,1.000,0.000,19,5,9,2,21,14,28,7,0.9047619047619048,0.35714285714285715,0.6428571428571429,0.6785714285714286,0.6857142857142857,0.3142857142857143,1
"G[1,1](Temp <= 37.352 & TOTAL_PROTEIN <= 6.300)
",0.408,0.000,-0.005,1.000,0.000,21,3,11,0,21,14,32,3,1.0,0.21428571428571427,0.7857142857142857,0.65625,0.6857142857142857,0.3142857142857143,1
"G[1,1](hr >= 81.723 & Pulse >= 85.452)
",0.073,0.589,-1.167,1.000,0.000,17,7,7,4,21,14,24,11,0.8095238095238095,0.5,0.5,0.7083333333333334,0.6857142857142857,0.3142857142857143,1
"((AF <= 0.164) U[0,1] (MET >= 0.006))
",0.000,-9999999.000,-9999999.000,0.000,1.000,21,2,12,0,21,14,33,2,1.0,0.14285714285714285,0.8571428571428571,0.6363636363636364,0.6571428571428571,0.34285714285714286,-1
"((death >= 0.105) U[1,1] (SpO2 <= 95.994))
",-0.401,0.534,2.509,0.000,1.000,21,2,12,0,21,14,33,2,1.0,0.14285714285714285,0.8571428571428571,0.6363636363636364,0.6571428571428571,0.34285714285714286,-1
"((death >= 0.014) U[1,2] (s2_hr <= 0.001))
",0.000,-9999999.000,-9999999.000,0.000,1.000,19,4,8,4,23,12,27,8,0.8260869565217391,0.3333333333333333,0.6666666666666666,0.7037037037037037,0.6571428571428571,0.34285714285714286,-1
"((MET >= 0.007) U[1,1] (SpO2 >= 95.050))
",-0.171,1.458,1.975,0.000,1.000,21,2,12,0,21,14,33,2,1.0,0.14285714285714285,0.8571428571428571,0.6363636363636364,0.6571428571428571,0.34285714285714286,-1
"G[1,1](ICU_Pt_Days <= 4.863 | Pulse <= 105.423)
",-0.519,15.923,22.771,1.000,0.000,21,2,12,0,21,14,33,2,1.0,0.14285714285714285,0.8571428571428571,0.6363636363636364,0.6571428571428571,0.34285714285714286,1
"G[0,1](AF <= 0.476 -> SpO2 <= 98.647)
",0.000,9999999.000,9999999.000,1.000,0.000,21,2,12,0,21,14,33,2,1.0,0.14285714285714285,0.8571428571428571,0.6363636363636364,0.6571428571428571,0.34285714285714286,1
"G[0,1](MET > 0.041 -> y = 0.139)
",0.000,9999999.000,9999999.000,1.000,0.000,21,2,12,0,21,14,33,2,1.0,0.14285714285714285,0.8571428571428571,0.6363636363636364,0.6571428571428571,0.34285714285714286,1
"G[1,1](edrk <= 29.831 & MET <= 0.959)
",0.408,0.959,0.816,1.000,0.000,21,2,12,0,21,14,33,2,1.0,0.14285714285714285,0.8571428571428571,0.6363636363636364,0.6571428571428571,0.34285714285714286,1
"G[1,1](MET <= 0.855 | Temp >= 36.555)
",0.408,0.855,0.712,1.000,0.000,21,2,12,0,21,14,33,2,1.0,0.14285714285714285,0.8571428571428571,0.6363636363636364,0.6571428571428571,0.34285714285714286,1
"G[0,1](LOS >= 4.161 -> SBP <= 141.258)
",0.000,9999999.000,9999999.000,1.000,0.000,21,2,12,0,21,14,33,2,1.0,0.14285714285714285,0.8571428571428571,0.6363636363636364,0.6571428571428571,0.34285714285714286,1
"G[0,1](hr >= 74.752 -> SBP <= 130.951)
",0.000,9999999.000,9999999.000,1.000,0.000,21,2,12,0,21,14,33,2,1.0,0.14285714285714285,0.8571428571428571,0.6363636363636364,0.6571428571428571,0.34285714285714286,1
"G[0,1](LOS >= 3.510 | s2_edrk <= 0.000)
",0.000,9999999.000,9999999.000,1.000,0.000,21,2,12,0,21,14,33,2,1.0,0.14285714285714285,0.8571428571428571,0.6363636363636364,0.6571428571428571,0.34285714285714286,1
"G[0,0](direct <= 0.770 -> Resp >= 12.135)
",-0.823,-8.965,-5.709,1.000,0.000,21,2,12,0,21,14,33,2,1.0,0.14285714285714285,0.8571428571428571,0.6363636363636364,0.6571428571428571,0.34285714285714286,1
"G[0,1](edrk >= 7.480 -> SBP <= 136.547)
",0.000,9999999.000,9999999.000,1.000,0.000,21,2,12,0,21,14,33,2,1.0,0.14285714285714285,0.8571428571428571,0.6363636363636364,0.6571428571428571,0.34285714285714286,1
"G[1,1](Pulse <= 90.465 & SpO2 >= 88.046)
",0.102,0.965,-0.326,1.000,0.000,16,6,8,5,21,14,24,11,0.7619047619047619,0.42857142857142855,0.5714285714285714,0.6666666666666666,0.6285714285714286,0.37142857142857144,1
"((Resp <= 20.555) U[1,1] (s24_edrk <= 0.003))
",-0.844,0.368,3.047,0.000,1.000,12,10,4,9,21,14,16,19,0.5714285714285714,0.7142857142857143,0.2857142857142857,0.75,0.6285714285714286,0.37142857142857144,-1
"F[0,1]((af <= 0.243 | AF <= 0.351) & cosen >= -2.255)
",0.000,-9999999.000,-9999999.000,0.000,1.000,9,13,1,12,21,14,10,25,0.42857142857142855,0.9285714285714286,0.07142857142857142,0.9,0.6285714285714286,0.37142857142857144,-1
"((O2_Flow < 3.546) U[1,1] (y = 0.781))
",0.572,1.546,1.071,0.000,1.000,21,0,14,0,21,14,35,0,1.0,0.0,1.0,0.6,0.6,0.4,-1
"((Mort > 0.199) U[0,1] (y = 0.204))
",0.000,-9999999.000,-9999999.000,0.000,1.000,21,0,14,0,21,14,35,0,1.0,0.0,1.0,0.6,0.6,0.4,-1
"F[0,1](MET >= 0.054 & n_evts <= 0.971)
",0.000,-9999999.000,-9999999.000,0.000,1.000,21,0,14,0,21,14,35,0,1.0,0.0,1.0,0.6,0.6,0.4,-1
"F[0,1](TOTAL_BILIRUBIN <= 0.700 & y = 0.021)
",0.000,-9999999.000,-9999999.000,0.000,1.000,21,0,14,0,21,14,35,0,1.0,0.0,1.0,0.6,0.6,0.4,-1
"((MET >= 0.032) U[0,1] (death = 0.114))
",0.000,-9999999.000,-9999999.000,0.000,1.000,21,0,14,0,21,14,35,0,1.0,0.0,1.0,0.6,0.6,0.4,-1
"G[1,1](dfa <= 0.646 | s8_hr <= 0.001)
",-0.015,0.109,0.111,1.000,0.000,21,0,14,0,21,14,35,0,1.0,0.0,1.0,0.6,0.6,0.4,1
"G[0,0](AF <= 0.496 | lds >= 1.098)
",0.417,0.759,0.593,1.000,0.000,21,0,14,0,21,14,35,0,1.0,0.0,1.0,0.6,0.6,0.4,1
"F[0,0](direct >= 0.148 & MET >= 0.007)
",-0.866,-0.148,-0.088,0.000,1.000,21,0,14,0,21,14,35,0,1.0,0.0,1.0,0.6,0.6,0.4,-1
"((lds <= 1.733) U[1,1] (Temp <= 36.873))
",-0.059,0.341,0.376,0.000,1.000,12,9,5,9,21,14,17,18,0.5714285714285714,0.6428571428571429,0.35714285714285715,0.7058823529411765,0.6,0.4,-1
"((MET >= 0.001) U[0,1] (death = 0.114))
",0.000,-9999999.000,-9999999.000,0.000,1.000,21,0,14,0,21,14,35,0,1.0,0.0,1.0,0.6,0.6,0.4,-1
"((Temp > 35.846) U[1,1] (y = 0.708))
",-0.223,0.743,0.900,0.000,1.000,21,0,14,0,21,14,35,0,1.0,0.0,1.0,0.6,0.6,0.4,-1
"F[0,1](HEMOGLOBIN >= 10.200 -> y = 0.777)
",0.000,-9999999.000,-9999999.000,0.000,1.000,21,0,14,0,21,14,35,0,1.0,0.0,1.0,0.6,0.6,0.4,-1
"((MET >= 0.022) U[1,1] (death = 0.114))
",-0.408,-0.022,0.121,0.000,1.000,21,0,14,0,21,14,35,0,1.0,0.0,1.0,0.6,0.6,0.4,-1
"((LOS >= 4.447) U[0,1] (y = 0.837))
",0.000,-9999999.000,-9999999.000,0.000,1.000,21,0,14,0,21,14,35,0,1.0,0.0,1.0,0.6,0.6,0.4,-1
"G[0,1](n_evts >= 0.321 | Pulse <= 98.023)
",0.000,9999999.000,9999999.000,1.000,0.000,21,0,14,0,21,14,35,0,1.0,0.0,1.0,0.6,0.6,0.4,1
"G[1,1](MET <= 0.316 | y >= 0.243)
",-1.155,0.316,0.568,1.000,0.000,21,0,14,0,21,14,35,0,1.0,0.0,1.0,0.6,0.6,0.4,1
"((edrk < 31.413) U[1,1] (y = 0.185))
",0.214,15.955,13.951,0.000,1.000,21,0,14,0,21,14,35,0,1.0,0.0,1.0,0.6,0.6,0.4,-1
"F[0,1](s8_hr < 8.846151406408491e-05 & y = 0.964)
",0.000,-9999999.000,-9999999.000,0.000,1.000,21,0,14,0,21,14,35,0,1.0,0.0,1.0,0.6,0.6,0.4,-1
"((s24_hr > -0.001) U[0,0] (y = 0.363))
",-0.352,0.001,0.001,0.000,1.000,21,0,14,0,21,14,35,0,1.0,0.0,1.0,0.6,0.6,0.4,-1
"((MET >= 0.031) U[0,0] (death = 0.114))
",-0.408,-0.031,0.112,0.000,1.000,21,0,14,0,21,14,35,0,1.0,0.0,1.0,0.6,0.6,0.4,-1
"((Resp < 21.922) U[0,1] (y = 0.049))
",0.000,-9999999.000,-9999999.000,0.000,1.000,21,0,14,0,21,14,35,0,1.0,0.0,1.0,0.6,0.6,0.4,-1
"F[0,0](Pulse <= 103.943 & y = 0.242)
",0.484,-0.242,-1.865,0.000,1.000,21,0,14,0,21,14,35,0,1.0,0.0,1.0,0.6,0.6,0.4,-1
"G[0,0](Temp <= 37.282 | tte >= -1.933)
",1.037,1.933,1.425,1.000,0.000,21,0,14,0,21,14,35,0,1.0,0.0,1.0,0.6,0.6,0.4,1
"((MET >= 0.013) U[0,0] (death = 0.114))
",-0.408,-0.013,0.130,0.000,1.000,21,0,14,0,21,14,35,0,1.0,0.0,1.0,0.6,0.6,0.4,-1
"((Glasgow_Coma_Scale_Total <= 14.923) U[1,2] (s24_edrk >= -0.002))
",0.000,-9999999.000,-9999999.000,0.000,1.000,21,0,12,2,23,12,33,2,0.9130434782608695,0.0,1.0,0.6363636363636364,0.6,0.4,-1
"((af < 0.420) U[0,0] (y = 0.929))
",0.000,0.420,0.420,0.000,1.000,21,0,14,0,21,14,35,0,1.0,0.0,1.0,0.6,0.6,0.4,-1
"((MET >= 0.007) U[0,1] (death = 0.114))
",0.000,-9999999.000,-9999999.000,0.000,1.000,21,0,14,0,21,14,35,0,1.0,0.0,1.0,0.6,0.6,0.4,-1
"F[1,1]((af <= 0.330 | AF <= 0.338) & cosen >= -2.224)
",-0.285,-0.026,0.053,0.000,1.000,14,7,7,7,21,14,21,14,0.6666666666666666,0.5,0.5,0.6666666666666666,0.6,0.4,-1
"((SBP > 99.303) U[1,1] (y = 0.630))
",0.066,13.297,12.545,0.000,1.000,21,0,14,0,21,14,35,0,1.0,0.0,1.0,0.6,0.6,0.4,-1
"((srr <= 0.138) U[0,0] (y = 0.195))
",0.125,0.081,0.074,0.000,1.000,21,0,14,0,21,14,35,0,1.0,0.0,1.0,0.6,0.6,0.4,-1
"F[0,1](AST_GOT >= 27.000 & y = 0.179)
",0.000,-9999999.000,-9999999.000,0.000,1.000,21,0,14,0,21,14,35,0,1.0,0.0,1.0,0.6,0.6,0.4,-1
"F[0,1](ALT_GPT <= 22.000 & y = 0.287)
",0.000,-9999999.000,-9999999.000,0.000,1.000,21,0,14,0,21,14,35,0,1.0,0.0,1.0,0.6,0.6,0.4,-1
"((ALKALINE_PHOSPHATASE <= 91.000) U[0,0] (y = 0.661))
",0.000,0.000,0.000,0.000,1.000,21,0,14,0,21,14,35,0,1.0,0.0,1.0,0.6,0.6,0.4,-1
"((Sgy >= 0.000) U[0,1] (y = 0.451))
",0.000,-9999999.000,-9999999.000,0.000,1.000,21,0,14,0,21,14,35,0,1.0,0.0,1.0,0.6,0.6,0.4,-1
"G[1,1](death >= 0.105 | s8_hr >= -0.001)
",-0.866,0.001,0.384,1.000,0.000,21,0,14,0,21,14,35,0,1.0,0.0,1.0,0.6,0.6,0.4,1
"F[0,0](s2_edrk >= -0.003 & y = 0.668)
",-1.155,-0.668,-0.476,0.000,1.000,21,0,14,0,21,14,35,0,1.0,0.0,1.0,0.6,0.6,0.4,-1
"G[0,1](s2_edrk <= 0.004 -> s2_hr <= 0.003)
",0.000,9999999.000,9999999.000,1.000,0.000,21,0,14,0,21,14,35,0,1.0,0.0,1.0,0.6,0.6,0.4,1
"G[0,0](s2_edrk >= -0.002 -> s8_edrk >= -0.007)
",0.492,-0.007,-0.007,1.000,0.000,21,0,14,0,21,14,35,0,1.0,0.0,1.0,0.6,0.6,0.4,1
"G[0,1](SODIUM > 137.000 -> y = 0.846)
",0.000,9999999.000,9999999.000,1.000,0.000,21,0,14,0,21,14,35,0,1.0,0.0,1.0,0.6,0.6,0.4,1
"G[0,1](af <= 0.423 | s24_edrk <= 0.000)
",0.000,9999999.000,9999999.000,1.000,0.000,21,0,14,0,21,14,35,0,1.0,0.0,1.0,0.6,0.6,0.4,1
"G[0,1](s24_hr <= 0.001 | Temp <= 37.178)
",0.000,9999999.000,9999999.000,1.000,0.000,21,0,14,0,21,14,35,0,1.0,0.0,1.0,0.6,0.6,0.4,1
"G[0,1](n_evts <= 0.488 -> LOS >= 3.378)
",0.000,9999999.000,9999999.000,1.000,0.000,21,0,14,0,21,14,35,0,1.0,0.0,1.0,0.6,0.6,0.4,1
"G[1,1](n_evts <= 0.477 -> LOS >= 3.471)
",-0.303,-2.529,-1.664,1.000,0.000,21,0,14,0,21,14,35,0,1.0,0.0,1.0,0.6,0.6,0.4,1
"G[0,1](n_evts <= 0.410 -> LOS >= 2.923)
",0.000,9999999.000,9999999.000,1.000,0.000,21,0,14,0,21,14,35,0,1.0,0.0,1.0,0.6,0.6,0.4,1
"G[0,1](af >= 0.003 -> SpO2 >= 91.493)
",0.000,9999999.000,9999999.000,1.000,0.000,21,0,14,0,21,14,35,0,1.0,0.0,1.0,0.6,0.6,0.4,1
"G[1,1](edrk <= 36.122 | s2_hr >= -0.002)
",0.214,20.665,18.660,1.000,0.000,21,0,14,0,21,14,35,0,1.0,0.0,1.0,0.6,0.6,0.4,1
"G[1,1](af >= 0.012 -> hr >= 85.194)
",0.267,-3.132,-6.619,1.000,0.000,21,0,14,0,21,14,35,0,1.0,0.0,1.0,0.6,0.6,0.4,1
"G[1,1](lds <= 2.195 | s2_hr >= -0.003)
",-0.689,0.370,0.723,1.000,0.000,21,0,14,0,21,14,35,0,1.0,0.0,1.0,0.6,0.6,0.4,1
"G[0,1](n_evts <= 0.436 -> LOS >= 5.699)
",0.000,9999999.000,9999999.000,1.000,0.000,21,0,14,0,21,14,35,0,1.0,0.0,1.0,0.6,0.6,0.4,1
"G[1,1](O2_Flow <= 4.784 | Resp >= 12.756)
",0.863,8.544,5.321,1.000,0.000,21,0,14,0,21,14,35,0,1.0,0.0,1.0,0.6,0.6,0.4,1
"G[0,1](SpO2 >= 93.459 & tte >= -3.502)
",0.000,9999999.000,9999999.000,1.000,0.000,16,5,9,5,21,14,25,10,0.7619047619047619,0.35714285714285715,0.6428571428571429,0.64,0.6,0.4,1
"G[0,1](edrk <= 33.979 | hr >= 85.241)
",0.000,9999999.000,9999999.000,1.000,0.000,21,0,14,0,21,14,35,0,1.0,0.0,1.0,0.6,0.6,0.4,1
"G[0,1](ICU_Pt_Days <= 4.146 | s8_hr >= -0.001)
",0.000,9999999.000,9999999.000,1.000,0.000,21,0,14,0,21,14,35,0,1.0,0.0,1.0,0.6,0.6,0.4,1
"G[0,1](n_evts <= 0.485 -> LOS >= 2.826)
",0.000,9999999.000,9999999.000,1.000,0.000,21,0,14,0,21,14,35,0,1.0,0.0,1.0,0.6,0.6,0.4,1
"G[1,1](s8_hr <= 0.000 | tte >= -1.076)
",1.230,1.076,0.541,1.000,0.000,21,0,14,0,21,14,35,0,1.0,0.0,1.0,0.6,0.6,0.4,1
"G[1,1](n_evts <= 0.415 -> LOS >= 4.121)
",-0.279,-1.879,-1.098,1.000,0.000,21,0,14,0,21,14,35,0,1.0,0.0,1.0,0.6,0.6,0.4,1
"G[0,0](s24_edrk <= 0.003 -> s24_hr <= 0.001)
",-0.487,-0.003,-0.003,1.000,0.000,21,0,14,0,21,14,35,0,1.0,0.0,1.0,0.6,0.6,0.4,1
"G[0,0](ICU_Pt_Days <= 3.755 -> SpO2 >= 91.246)
",0.019,-4.954,-5.040,1.000,0.000,21,0,14,0,21,14,35,0,1.0,0.0,1.0,0.6,0.6,0.4,1
"G[0,0](af <= 0.083 | direct >= 0.087)
",-0.866,0.083,0.439,1.000,0.000,21,0,14,0,21,14,35,0,1.0,0.0,1.0,0.6,0.6,0.4,1
"G[0,0](ALBUMIN >= 3.200 | y <= 0.653)
",1.155,0.653,0.280,1.000,0.000,21,0,14,0,21,14,35,0,1.0,0.0,1.0,0.6,0.6,0.4,1
"G[1,1](s24_hr >= -0.000 | s2_edrk >= -0.006)
",0.213,0.005,0.005,1.000,0.000,21,0,14,0,21,14,35,0,1.0,0.0,1.0,0.6,0.6,0.4,1
"G[0,0](Pulse <= 113.528 -> srr <= 0.149)
",0.323,-24.028,-29.318,1.000,0.000,21,0,14,0,21,14,35,0,1.0,0.0,1.0,0.6,0.6,0.4,1
"G[0,1](s24_hr <= 0.001 & srr <= 0.073)
",0.000,9999999.000,9999999.000,1.000,0.000,13,7,7,8,21,14,20,15,0.6190476190476191,0.5,0.5,0.65,0.5714285714285714,0.4285714285714286,1
"G[0,0](s2_hr >= -0.002 & s8_edrk >= -0.001)
",-0.499,0.001,0.001,1.000,0.000,20,0,14,1,21,14,34,1,0.9523809523809523,0.0,1.0,0.5882352941176471,0.5714285714285714,0.4285714285714286,1
"G[0,0](LOS <= 11.780 -> SpO2 >= 94.487)
",0.871,-5.780,-7.313,1.000,0.000,16,4,10,5,21,14,26,9,0.7619047619047619,0.2857142857142857,0.7142857142857143,0.6153846153846154,0.5714285714285714,0.4285714285714286,1
"F[1,1]((af <= 0.034 | AF <= 0.131) & cosen >= -2.178)
",-0.368,-0.089,-0.016,0.000,1.000,14,6,8,7,21,14,22,13,0.6666666666666666,0.42857142857142855,0.5714285714285714,0.6363636363636364,0.5714285714285714,0.4285714285714286,-1
"((SpO2 <= 96.464) U[1,2] (Temp >= 35.852))
",0.000,-9999999.000,-9999999.000,0.000,1.000,13,7,5,10,23,12,18,17,0.5652173913043478,0.5833333333333334,0.4166666666666667,0.7222222222222222,0.5714285714285714,0.4285714285714286,-1
"G[0,1](Pulse <= 95.043 -> s2_hr >= -0.002)
",0.000,9999999.000,9999999.000,1.000,0.000,19,0,14,2,21,14,33,2,0.9047619047619048,0.0,1.0,0.5757575757575758,0.5428571428571428,0.4571428571428572,1
"G[1,1](LOS <= 7.979 & s24_hr >= -0.000)
",0.408,0.000,-0.574,1.000,0.000,7,12,2,14,21,14,9,26,0.3333333333333333,0.8571428571428571,0.14285714285714285,0.7777777777777778,0.5428571428571428,0.4571428571428572,1
"F[1,1](SBP <= 141.888 & srr >= 0.059)
",-0.221,-0.010,0.002,0.000,1.000,14,5,9,7,21,14,23,12,0.6666666666666666,0.35714285714285715,0.6428571428571429,0.6086956521739131,0.5428571428571428,0.4571428571428572,-1
"F[0,1](s8_hr >= -0.000 & SpO2 >= 90.628)
",0.000,-9999999.000,-9999999.000,0.000,1.000,12,7,7,9,21,14,19,16,0.5714285714285714,0.5,0.5,0.631578947368421,0.5428571428571428,0.4571428571428572,-1
"((s2_hr >= -0.003) U[0,1] (s8_hr >= -0.000))
",0.000,-9999999.000,-9999999.000,0.000,1.000,12,7,7,9,21,14,19,16,0.5714285714285714,0.5,0.5,0.631578947368421,0.5428571428571428,0.4571428571428572,-1
"G[0,1](s2_hr >= -0.002 -> srr >= 0.035)
",0.000,9999999.000,9999999.000,1.000,0.000,13,5,9,8,21,14,22,13,0.6190476190476191,0.35714285714285715,0.6428571428571429,0.5909090909090909,0.5142857142857142,0.48571428571428577,1
"G[0,1](AF >= 0.011 | srr >= 0.035)
",0.000,9999999.000,9999999.000,1.000,0.000,13,5,9,8,21,14,22,13,0.6190476190476191,0.35714285714285715,0.6428571428571429,0.5909090909090909,0.5142857142857142,0.48571428571428577,1
"((s24_hr <= 0.000) U[1,2] (SpO2 >= 90.809))
",0.000,-9999999.000,-9999999.000,0.000,1.000,7,10,2,16,23,12,9,26,0.30434782608695654,0.8333333333333334,0.16666666666666666,0.7777777777777778,0.4857142857142857,0.5142857142857142,-1
"((Pulse <= 90.820) U[1,2] (s24_edrk >= -0.007))
",0.000,-9999999.000,-9999999.000,0.000,1.000,5,12,0,18,23,12,5,30,0.21739130434782608,1.0,0.0,1.0,0.4857142857142857,0.5142857142857142,-1
"G[0,1](O2_Flow <= 5.701 -> SBP <= 113.600)
",0.000,9999999.000,9999999.000,1.000,0.000,9,8,6,12,21,14,15,20,0.42857142857142855,0.5714285714285714,0.42857142857142855,0.6,0.4857142857142857,0.5142857142857142,1
"F[0,1](lds >= 1.066 | O2_Flow >= 2.418)
",0.000,-9999999.000,-9999999.000,0.000,1.000,2,14,0,19,21,14,2,33,0.09523809523809523,1.0,0.0,1.0,0.45714285714285713,0.5428571428571429,-1
"((cosen <= -1.365) U[0,1] (lds >= 1.460))
",0.000,-9999999.000,-9999999.000,0.000,1.000,4,12,2,17,21,14,6,29,0.19047619047619047,0.8571428571428571,0.14285714285714285,0.6666666666666666,0.45714285714285713,0.5428571428571429,-1
"((cosen >= -2.340) U[1,1] (LOS >= 3.532))
",0.246,2.468,1.791,0.000,1.000,4,12,2,17,21,14,6,29,0.19047619047619047,0.8571428571428571,0.14285714285714285,0.6666666666666666,0.45714285714285713,0.5428571428571429,-1
"((ICU_Pt_Days >= 0.511) U[0,1] (Resp <= 21.861))
",0.000,-9999999.000,-9999999.000,0.000,1.000,4,11,3,17,21,14,7,28,0.19047619047619047,0.7857142857142857,0.21428571428571427,0.5714285714285714,0.42857142857142855,0.5714285714285714,-1
"((AF <= 0.311) U[0,1] (s24_hr <= 1.7247640250860015e-05))
",0.000,-9999999.000,-9999999.000,0.000,1.000,2,13,1,19,21,14,3,32,0.09523809523809523,0.9285714285714286,0.07142857142857142,0.6666666666666666,0.42857142857142855,0.5714285714285714,-1
"G[0,1](Pulse <= 100.324 -> s8_hr <= 0.000)
",0.000,9999999.000,9999999.000,1.000,0.000,12,3,11,9,21,14,23,12,0.5714285714285714,0.21428571428571427,0.7857142857142857,0.5217391304347826,0.42857142857142855,0.5714285714285714,1
"F[0,1](af <= 0.254 & Resp <= 23.679)
",0.000,-9999999.000,-9999999.000,0.000,1.000,1,14,0,20,21,14,1,34,0.047619047619047616,1.0,0.0,1.0,0.42857142857142855,0.5714285714285714,-1
"F[0,0](edrk >= 14.208 & s24_hr <= 0.001)
",-0.430,-1.217,-0.095,0.000,1.000,6,9,5,15,21,14,11,24,0.2857142857142857,0.6428571428571429,0.35714285714285715,0.5454545454545454,0.42857142857142855,0.5714285714285714,-1
"F[1,1]((af <= 0.151 | AF <= 0.307) & cosen >= -2.375)
",-0.377,0.106,0.176,0.000,1.000,1,14,0,20,21,14,1,34,0.047619047619047616,1.0,0.0,1.0,0.42857142857142855,0.5714285714285714,-1
"((cosen >= -2.170) U[0,2] (edrk <= 34.022))
",0.000,-9999999.000,-9999999.000,0.000,1.000,0,14,0,21,21,14,0,35,0.0,1.0,0.0,0.0,0.4,0.6,-1
"((s24_hr <= 0.001) U[0,2] (s2_hr <= 0.002))
",0.000,-9999999.000,-9999999.000,0.000,1.000,0,14,0,21,21,14,0,35,0.0,1.0,0.0,0.0,0.4,0.6,-1
"F[0,2](Resp <= 22.405 | s2_edrk <= 0.002)
",0.000,-9999999.000,-9999999.000,0.000,1.000,0,14,0,21,21,14,0,35,0.0,1.0,0.0,0.0,0.4,0.6,-1
"F[0,1](cosen <= -1.145 -> s8_edrk >= -0.002)
",0.000,-9999999.000,-9999999.000,0.000,1.000,0,14,0,21,21,14,0,35,0.0,1.0,0.0,0.0,0.4,0.6,-1
"F[0,0](direct <= 0.585 -> srr >= 0.011)
",-0.865,-0.585,-0.348,0.000,1.000,0,14,0,21,21,14,0,35,0.0,1.0,0.0,0.0,0.4,0.6,-1
"F[0,2](LOS >= 4.856 -> s8_edrk <= 0.003)
",0.000,-9999999.000,-9999999.000,0.000,1.000,0,14,0,21,21,14,0,35,0.0,1.0,0.0,0.0,0.4,0.6,-1
"F[1,2](ICU_Pt_Days <= 4.495 | s8_edrk >= -0.004)
",0.000,-9999999.000,-9999999.000,0.000,1.000,0,14,0,21,21,14,0,35,0.0,1.0,0.0,0.0,0.4,0.6,-1
"((hr >= 90.158) U[0,2] (s2_edrk <= 0.003))
",0.000,-9999999.000,-9999999.000,0.000,1.000,0,14,0,21,21,14,0,35,0.0,1.0,0.0,0.0,0.4,0.6,-1
"((cosen >= -2.247) U[0,2] (s2_edrk >= -0.007))
",0.000,-9999999.000,-9999999.000,0.000,1.000,0,14,0,21,21,14,0,35,0.0,1.0,0.0,0.0,0.4,0.6,-1
"((hr >= 59.741) U[0,2] (s24_hr >= -0.001))
",0.000,-9999999.000,-9999999.000,0.000,1.000,0,14,0,21,21,14,0,35,0.0,1.0,0.0,0.0,0.4,0.6,-1
"((death <= 0.491) U[0,1] (s24_hr <= 0.001))
",0.000,-9999999.000,-9999999.000,0.000,1.000,0,14,0,21,21,14,0,35,0.0,1.0,0.0,0.0,0.4,0.6,-1
"((dfa >= 0.411) U[0,2] (n_evts >= 0.152))
",0.000,-9999999.000,-9999999.000,0.000,1.000,0,14,0,21,21,14,0,35,0.0,1.0,0.0,0.0,0.4,0.6,-1
"F[0,0](dfa >= 0.412 | LOS <= 11.388)
",-0.414,5.388,6.505,0.000,1.000,0,14,0,21,21,14,0,35,0.0,1.0,0.0,0.0,0.4,0.6,-1
"((edrk <= 30.083) U[0,1] (s8_edrk >= -0.006))
",0.000,-9999999.000,-9999999.000,0.000,1.000,0,14,0,21,21,14,0,35,0.0,1.0,0.0,0.0,0.4,0.6,-1
"((Mort <= 0.873) U[0,1] (TOTAL_PROTEIN <= 6.300))
",0.000,-9999999.000,-9999999.000,0.000,1.000,0,14,0,21,21,14,0,35,0.0,1.0,0.0,0.0,0.4,0.6,-1
"F[0,1](LACTIC_ACID < 1.300 -> y = 0.385)
",0.000,-9999999.000,-9999999.000,0.000,1.000,0,14,0,21,21,14,0,35,0.0,1.0,0.0,0.0,0.4,0.6,-1
"F[0,1](s24_hr <= 3.05557355274598e-05 | s8_hr <= 0.001)
",0.000,-9999999.000,-9999999.000,0.000,1.000,0,14,0,21,21,14,0,35,0.0,1.0,0.0,0.0,0.4,0.6,-1
"F[0,2](Glasgow_Coma_Scale_Total >= 14.847 -> hr >= 53.355)
",0.000,-9999999.000,-9999999.000,0.000,1.000,0,14,0,21,21,14,0,35,0.0,1.0,0.0,0.0,0.4,0.6,-1
"F[0,2](Glasgow_Coma_Scale_Total <= 14.959 -> Resp <= 20.251)
",0.000,-9999999.000,-9999999.000,0.000,1.000,0,14,0,21,21,14,0,35,0.0,1.0,0.0,0.0,0.4,0.6,-1
"((cosen <= -1.890) U[0,1] (hr >= 66.817))
",0.000,-9999999.000,-9999999.000,0.000,1.000,0,14,0,21,21,14,0,35,0.0,1.0,0.0,0.0,0.4,0.6,-1
"F[1,2](BLOOD_UREA_NITROGEN <= 21.000 & CREATININE >= 1.100)
",0.000,-9999999.000,-9999999.000,0.000,1.000,0,14,0,21,21,14,0,35,0.0,1.0,0.0,0.0,0.4,0.6,-1
"F[1,2](death >= 0.073 -> s2_edrk <= 0.000)
",0.000,-9999999.000,-9999999.000,0.000,1.000,0,14,0,21,21,14,0,35,0.0,1.0,0.0,0.0,0.4,0.6,-1
"((hr <= 95.863) U[0,1] (s8_hr <= 0.001))
",0.000,-9999999.000,-9999999.000,0.000,1.000,0,14,0,21,21,14,0,35,0.0,1.0,0.0,0.0,0.4,0.6,-1
"F[1,1](dfa <= 0.968 -> s24_edrk <= 0.004)
",-0.178,-0.431,-0.388,0.000,1.000,0,14,0,21,21,14,0,35,0.0,1.0,0.0,0.0,0.4,0.6,-1
"((s2_edrk >= -0.004) U[0,1] (s8_hr <= 0.001))
",0.000,-9999999.000,-9999999.000,0.000,1.000,0,14,0,21,21,14,0,35,0.0,1.0,0.0,0.0,0.4,0.6,-1
"F[0,1](af <= 0.349 | n_edrk <= 0.756)
",0.000,-9999999.000,-9999999.000,0.000,1.000,0,14,0,21,21,14,0,35,0.0,1.0,0.0,0.0,0.4,0.6,-1
"F[1,2](n_evts >= 0.294 | srr >= 0.014)
",0.000,-9999999.000,-9999999.000,0.000,1.000,0,14,0,21,21,14,0,35,0.0,1.0,0.0,0.0,0.4,0.6,-1
"((cosen >= -2.112) U[0,0] (SBP <= 131.916))
",-0.217,18.616,21.916,0.000,1.000,0,14,0,21,21,14,0,35,0.0,1.0,0.0,0.0,0.4,0.6,-1
"F[0,1](s24_edrk >= -0.007 | SBP <= 182.816)
",0.000,-9999999.000,-9999999.000,0.000,1.000,0,14,0,21,21,14,0,35,0.0,1.0,0.0,0.0,0.4,0.6,-1
"((n_evts <= 0.746) U[0,1] (s2_edrk >= -0.008))
",0.000,-9999999.000,-9999999.000,0.000,1.000,0,14,0,21,21,14,0,35,0.0,1.0,0.0,0.0,0.4,0.6,-1
"F[0,0](Mort >= 0.101 | s2_edrk >= -0.005)
",-1.155,0.005,0.516,0.000,1.000,0,14,0,21,21,14,0,35,0.0,1.0,0.0,0.0,0.4,0.6,-1
"F[0,0](CREATININE > 1.100 -> y = 0.192)
",0.000,0.000,0.000,0.000,1.000,0,14,0,21,21,14,0,35,0.0,1.0,0.0,0.0,0.4,0.6,-1
"((Mort <= 0.358) U[0,2] (n_evts >= 0.029))
",0.000,-9999999.000,-9999999.000,0.000,1.000,0,14,0,21,21,14,0,35,0.0,1.0,0.0,0.0,0.4,0.6,-1
"F[0,2](Pulse <= 109.373 | Temp <= 37.245)
",0.000,-9999999.000,-9999999.000,0.000,1.000,0,14,0,21,21,14,0,35,0.0,1.0,0.0,0.0,0.4,0.6,-1
"F[0,2]((af <= 0.199 | AF <= 0.403) & cosen >= -2.320)
",0.000,-9999999.000,-9999999.000,0.000,1.000,0,14,0,21,21,14,0,35,0.0,1.0,0.0,0.0,0.4,0.6,-1
"F[0,2]((af <= 0.328 | AF <= 0.453) & cosen >= -2.338)
",0.000,-9999999.000,-9999999.000,0.000,1.000,0,14,0,21,21,14,0,35,0.0,1.0,0.0,0.0,0.4,0.6,-1
"F[0,0](BLOOD_UREA_NITROGEN <= 21.000 & CREATININE >= 1.100)
",0.000,0.000,0.000,0.000,1.000,0,14,0,21,21,14,0,35,0.0,1.0,0.0,0.0,0.4,0.6,-1
"F[0,2](BLOOD_UREA_NITROGEN <= 21.000 & CREATININE >= 1.100)
",0.000,-9999999.000,-9999999.000,0.000,1.000,0,14,0,21,21,14,0,35,0.0,1.0,0.0,0.0,0.4,0.6,-1
"F[1,2](BLOOD_UREA_NITROGEN <= 21.000 & CREATININE >= 1.100)
",0.000,-9999999.000,-9999999.000,0.000,1.000,0,14,0,21,21,14,0,35,0.0,1.0,0.0,0.0,0.4,0.6,-1
"F[0,1](BLOOD_UREA_NITROGEN <= 21.000 & CREATININE >= 1.100)
",0.000,-9999999.000,-9999999.000,0.000,1.000,0,14,0,21,21,14,0,35,0.0,1.0,0.0,0.0,0.4,0.6,-1
"F[0,2](BLOOD_UREA_NITROGEN <= 21.000 & CREATININE >= 1.100)
",0.000,-9999999.000,-9999999.000,0.000,1.000,0,14,0,21,21,14,0,35,0.0,1.0,0.0,0.0,0.4,0.6,-1
"F[0,1]((af <= 0.156 | AF <= 0.068) & cosen >= -2.410)
",0.000,-9999999.000,-9999999.000,0.000,1.000,0,14,0,21,21,14,0,35,0.0,1.0,0.0,0.0,0.4,0.6,-1
"F[1,2](BLOOD_UREA_NITROGEN <= 21.000 & CREATININE >= 1.100)
",0.000,-9999999.000,-9999999.000,0.000,1.000,0,14,0,21,21,14,0,35,0.0,1.0,0.0,0.0,0.4,0.6,-1
"F[1,2](cosen <= -1.723 | Glasgow_Coma_Scale_Total <= 14.923)
",0.000,-9999999.000,-9999999.000,0.000,1.000,0,14,0,21,21,14,0,35,0.0,1.0,0.0,0.0,0.4,0.6,-1
"F[0,1](Glasgow_Coma_Scale_Total >= 14.622 | s24_hr >= -4.121839521066225e-05)
",0.000,-9999999.000,-9999999.000,0.000,1.000,0,14,0,21,21,14,0,35,0.0,1.0,0.0,0.0,0.4,0.6,-1
"F[0,2](BLOOD_UREA_NITROGEN <= 21.000 & CREATININE >= 1.100)
",0.000,-9999999.000,-9999999.000,0.000,1.000,0,14,0,21,21,14,0,35,0.0,1.0,0.0,0.0,0.4,0.6,-1
"F[0,0](MET >= 0.045 | Pulse <= 112.455)
",-0.353,22.955,28.527,0.000,1.000,0,14,0,21,21,14,0,35,0.0,1.0,0.0,0.0,0.4,0.6,-1
"F[0,2](dfa <= 0.915 | s2_edrk <= 0.003)
",0.000,-9999999.000,-9999999.000,0.000,1.000,0,14,0,21,21,14,0,35,0.0,1.0,0.0,0.0,0.4,0.6,-1
"F[0,2](O2_Flow <= 3.274 | SpO2 <= 98.678)
",0.000,-9999999.000,-9999999.000,0.000,1.000,0,14,0,21,21,14,0,35,0.0,1.0,0.0,0.0,0.4,0.6,-1
"F[0,2](BLOOD_UREA_NITROGEN <= 21.000 & CREATININE >= 1.100)
",0.000,-9999999.000,-9999999.000,0.000,1.000,0,14,0,21,21,14,0,35,0.0,1.0,0.0,0.0,0.4,0.6,-1
"((edrk >= 14.454) U[0,2] (Resp <= 23.495))
",0.000,-9999999.000,-9999999.000,0.000,1.000,0,14,0,21,21,14,0,35,0.0,1.0,0.0,0.0,0.4,0.6,-1
"F[0,0](s2_edrk >= -0.006 | srr <= 0.095)
",0.117,0.040,0.035,0.000,1.000,0,14,0,21,21,14,0,35,0.0,1.0,0.0,0.0,0.4,0.6,-1
"((LOS <= 9.886) U[0,2] (n_evts >= 0.186))
",0.000,-9999999.000,-9999999.000,0.000,1.000,0,14,0,21,21,14,0,35,0.0,1.0,0.0,0.0,0.4,0.6,-1
"((hr <= 98.970) U[0,2] (s2_hr >= -0.001))
",0.000,-9999999.000,-9999999.000,0.000,1.000,0,14,0,21,21,14,0,35,0.0,1.0,0.0,0.0,0.4,0.6,-1
"((cosen <= -1.325) U[0,2] (s2_hr <= 0.002))
",0.000,-9999999.000,-9999999.000,0.000,1.000,0,14,0,21,21,14,0,35,0.0,1.0,0.0,0.0,0.4,0.6,-1
"F[0,1](AF >= 0.025 -> s8_edrk <= 0.001)
",0.000,-9999999.000,-9999999.000,0.000,1.000,0,14,0,21,21,14,0,35,0.0,1.0,0.0,0.0,0.4,0.6,-1
"F[0,1](ICU_Pt_Days >= 1.206 | MET <= 0.710)
",0.000,-9999999.000,-9999999.000,0.000,1.000,0,14,0,21,21,14,0,35,0.0,1.0,0.0,0.0,0.4,0.6,-1
"F[1,2](n_edrk >= 0.146 -> s8_edrk <= 0.004)
",0.000,-9999999.000,-9999999.000,0.000,1.000,0,14,0,21,21,14,0,35,0.0,1.0,0.0,0.0,0.4,0.6,-1
"F[1,1](s24_edrk >= -0.005 -> s2_hr <= 0.001)
",-0.275,-0.005,-0.005,0.000,1.000,2,12,2,19,21,14,4,31,0.09523809523809523,0.8571428571428571,0.14285714285714285,0.5,0.4,0.6,-1
"F[1,2](SBP <= 139.027 | SpO2 <= 96.579)
",0.000,-9999999.000,-9999999.000,0.000,1.000,0,14,0,21,21,14,0,35,0.0,1.0,0.0,0.0,0.4,0.6,-1
"F[1,1](hr >= 90.491 | PARTIAL_THROMBOPLASTIN_TIME <= 31.800)
",-0.483,-0.000,4.895,0.000,1.000,0,14,0,21,21,14,0,35,0.0,1.0,0.0,0.0,0.4,0.6,-1
"((direct >= 0.074) U[0,2] (s2_edrk >= -0.003))
",0.000,-9999999.000,-9999999.000,0.000,1.000,0,14,0,21,21,14,0,35,0.0,1.0,0.0,0.0,0.4,0.6,-1
"F[0,2](n_edrk <= 0.868 | Temp <= 37.312)
",0.000,-9999999.000,-9999999.000,0.000,1.000,0,14,0,21,21,14,0,35,0.0,1.0,0.0,0.0,0.4,0.6,-1
"((CALCIUM <= 8.900) U[1,2] (hr >= 58.669))
",0.000,-9999999.000,-9999999.000,0.000,1.000,0,14,0,21,21,14,0,35,0.0,1.0,0.0,0.0,0.4,0.6,-1
"((edrk >= 9.442) U[0,2] (s24_edrk >= -0.003))
",0.000,-9999999.000,-9999999.000,0.000,1.000,0,14,0,21,21,14,0,35,0.0,1.0,0.0,0.0,0.4,0.6,-1
"((O2_Flow <= 6.567) U[0,0] (s24_edrk >= -0.007))
",0.544,4.567,3.995,0.000,1.000,0,14,0,21,21,14,0,35,0.0,1.0,0.0,0.0,0.4,0.6,-1
"F[1,1](direct <= 0.640 | Mort <= 0.588)
",0.866,0.640,0.618,0.000,1.000,0,14,0,21,21,14,0,35,0.0,1.0,0.0,0.0,0.4,0.6,-1
"F[1,2](af >= 0.007 -> y >= 0.229)
",0.000,-9999999.000,-9999999.000,0.000,1.000,0,14,0,21,21,14,0,35,0.0,1.0,0.0,0.0,0.4,0.6,-1
"F[0,2](AF >= 0.003 -> O2_Flow >= 2.439)
",0.000,-9999999.000,-9999999.000,0.000,1.000,0,14,0,21,21,14,0,35,0.0,1.0,0.0,0.0,0.4,0.6,-1
"((n_evts <= 0.797) U[0,2] (s24_hr >= -0.001))
",0.000,-9999999.000,-9999999.000,0.000,1.000,0,14,0,21,21,14,0,35,0.0,1.0,0.0,0.0,0.4,0.6,-1
"F[0,1](af <= 0.357 | n_evts <= 0.946)
",0.000,-9999999.000,-9999999.000,0.000,1.000,0,14,0,21,21,14,0,35,0.0,1.0,0.0,0.0,0.4,0.6,-1
"F[0,1](af >= 0.004 -> Temp <= 37.057)
",0.000,-9999999.000,-9999999.000,0.000,1.000,0,14,0,21,21,14,0,35,0.0,1.0,0.0,0.0,0.4,0.6,-1
"F[0,1](lds >= 0.555 & SBP >= 70.918)
",0.000,-9999999.000,-9999999.000,0.000,1.000,0,14,0,21,21,14,0,35,0.0,1.0,0.0,0.0,0.4,0.6,-1
"F[0,2](s2_edrk <= 0.004 -> SBP <= 177.101)
",0.000,-9999999.000,-9999999.000,0.000,1.000,0,14,0,21,21,14,0,35,0.0,1.0,0.0,0.0,0.4,0.6,-1
"F[0,1](edrk >= 7.946 | ICU_Pt_Days <= 2.375)
",0.000,-9999999.000,-9999999.000,0.000,1.000,0,14,0,21,21,14,0,35,0.0,1.0,0.0,0.0,0.4,0.6,-1
"((Mort <= 0.556) U[0,2] (s2_hr <= 0.001))
",0.000,-9999999.000,-9999999.000,0.000,1.000,0,14,0,21,21,14,0,35,0.0,1.0,0.0,0.0,0.4,0.6,-1
"F[0,2](Mort <= 0.560 -> Pulse >= 72.412)
",0.000,-9999999.000,-9999999.000,0.000,1.000,0,14,0,21,21,14,0,35,0.0,1.0,0.0,0.0,0.4,0.6,-1
"F[0,1](s2_hr >= -0.003 & SBP <= 134.613)
",0.000,-9999999.000,-9999999.000,0.000,1.000,0,14,0,21,21,14,0,35,0.0,1.0,0.0,0.0,0.4,0.6,-1
"((ICU_Pt_Days >= 0.680) U[0,2] (s2_hr <= 0.002))
",0.000,-9999999.000,-9999999.000,0.000,1.000,0,14,0,21,21,14,0,35,0.0,1.0,0.0,0.0,0.4,0.6,-1
"F[0,2](n_evts <= 0.935 -> SpO2 >= 90.854)
",0.000,-9999999.000,-9999999.000,0.000,1.000,0,14,0,21,21,14,0,35,0.0,1.0,0.0,0.0,0.4,0.6,-1
"((s24_hr <= 0.000) U[0,1] (s8_edrk >= -0.003))
",0.000,-9999999.000,-9999999.000,0.000,1.000,0,14,0,21,21,14,0,35,0.0,1.0,0.0,0.0,0.4,0.6,-1
"((lds >= 1.120) U[0,2] (s8_hr <= 0.001))
",0.000,-9999999.000,-9999999.000,0.000,1.000,0,14,0,21,21,14,0,35,0.0,1.0,0.0,0.0,0.4,0.6,-1
"F[1,2](cosen <= -1.760 | tte >= -3.642)
",0.000,-9999999.000,-9999999.000,0.000,1.000,0,14,0,21,21,14,0,35,0.0,1.0,0.0,0.0,0.4,0.6,-1
"F[0,0](ALBUMIN >= 3.200 | srr >= 0.017)
",-0.125,0.041,0.048,0.000,1.000,0,14,0,21,21,14,0,35,0.0,1.0,0.0,0.0,0.4,0.6,-1
"F[1,1](cosen >= -2.310 -> TOTAL_PROTEIN >= 6.300)
",0.103,-0.126,-0.178,0.000,1.000,0,14,0,21,21,14,0,35,0.0,1.0,0.0,0.0,0.4,0.6,-1
"F[0,0](edrk >= 11.356 | TOTAL_BILIRUBIN >= 0.700)
",-0.298,4.607,7.691,0.000,1.000,0,14,0,21,21,14,0,35,0.0,1.0,0.0,0.0,0.4,0.6,-1
"F[1,2](CALCIUM >= 8.900 & cosen >= -2.360)
",0.000,-9999999.000,-9999999.000,0.000,1.000,0,14,0,21,21,14,0,35,0.0,1.0,0.0,0.0,0.4,0.6,-1
"F[0,2](LACTIC_ACID >= 1.300 -> lds <= 2.222)
",0.000,-9999999.000,-9999999.000,0.000,1.000,0,14,0,21,21,14,0,35,0.0,1.0,0.0,0.0,0.4,0.6,-1
"F[0,2](ALBUMIN <= 3.200 & lds >= 1.209)
",0.000,-9999999.000,-9999999.000,0.000,1.000,0,14,0,21,21,14,0,35,0.0,1.0,0.0,0.0,0.4,0.6,-1
"((n_evts <= 0.625) U[0,2] (TOTAL_BILIRUBIN >= 0.700))
",0.000,-9999999.000,-9999999.000,0.000,1.000,0,14,0,21,21,14,0,35,0.0,1.0,0.0,0.0,0.4,0.6,-1
"F[0,0](ALBUMIN >= 3.200 | n_edrk >= 0.053)
",1.445,0.866,0.177,0.000,1.000,0,14,0,21,21,14,0,35,0.0,1.0,0.0,0.0,0.4,0.6,-1
"F[0,2](direct <= 0.719 -> s24_edrk >= -0.007)
",0.000,-9999999.000,-9999999.000,0.000,1.000,0,14,0,21,21,14,0,35,0.0,1.0,0.0,0.0,0.4,0.6,-1
"F[0,2](cosen <= -1.571 & s24_hr >= -0.001)
",0.000,-9999999.000,-9999999.000,0.000,1.000,0,14,0,21,21,14,0,35,0.0,1.0,0.0,0.0,0.4,0.6,-1
"G[0,2](Glasgow_Coma_Scale_Total <= 14.963 & Mort <= 0.861)
",0.000,9999999.000,9999999.000,1.000,0.000,0,14,0,21,21,14,0,35,0.0,1.0,0.0,0.0,0.4,0.6,1
"G[0,2](PROTIME_INR >= 1.200 -> y = 0.946)
",0.000,9999999.000,9999999.000,1.000,0.000,0,14,0,21,21,14,0,35,0.0,1.0,0.0,0.0,0.4,0.6,1
"G[0,2](af >= 0.001 & s2_hr >= -0.002)
",0.000,9999999.000,9999999.000,1.000,0.000,0,14,0,21,21,14,0,35,0.0,1.0,0.0,0.0,0.4,0.6,1
"G[0,2](edrk >= 8.727 -> n_evts <= 0.618)
",0.000,9999999.000,9999999.000,1.000,0.000,0,14,21,0,0,35,21,14,0.0,0.4,0.6,0.0,0.4,0.6,1
"G[0,2](WHITE_BLOOD_CELL_COUNT >= 8.400 -> y = 0.625)
",0.000,9999999.000,9999999.000,1.000,0.000,0,14,0,21,21,14,0,35,0.0,1.0,0.0,0.0,0.4,0.6,1
"G[1,2](hr >= 70.839 & y = 0.935)
",0.000,9999999.000,9999999.000,1.000,0.000,0,14,0,21,21,14,0,35,0.0,1.0,0.0,0.0,0.4,0.6,1
"G[0,2](AF < 0.434 & y = 0.282)
",0.000,9999999.000,9999999.000,1.000,0.000,0,14,0,21,21,14,0,35,0.0,1.0,0.0,0.0,0.4,0.6,1
"G[0,1](lds <= 1.908 & y = 0.594)
",0.000,9999999.000,9999999.000,1.000,0.000,0,14,0,21,21,14,0,35,0.0,1.0,0.0,0.0,0.4,0.6,1
"G[0,2](af >= 0.004 & O2_Flow >= 2.397)
",0.000,9999999.000,9999999.000,1.000,0.000,0,14,0,21,21,14,0,35,0.0,1.0,0.0,0.0,0.4,0.6,1
"G[1,2](n_evts <= 0.596 & s24_edrk <= 0.003)
",0.000,9999999.000,9999999.000,1.000,0.000,0,14,21,0,0,35,21,14,0.0,0.4,0.6,0.0,0.4,0.6,1
"G[1,2](Glasgow_Coma_Scale_Total <= 14.937 & Temp >= 36.407)
",0.000,9999999.000,9999999.000,1.000,0.000,0,14,0,21,21,14,0,35,0.0,1.0,0.0,0.0,0.4,0.6,1
"G[1,1](OXYGEN_SATURATION <= 94.700 & y = 0.569)
",-1.155,-0.569,-0.490,1.000,0.000,0,14,0,21,21,14,0,35,0.0,1.0,0.0,0.0,0.4,0.6,1
"G[0,1](CHLORIDE > 102.000 & y = 0.849)
",0.000,9999999.000,9999999.000,1.000,0.000,0,14,0,21,21,14,0,35,0.0,1.0,0.0,0.0,0.4,0.6,1
"G[1,2](PCO2 > 39.500 & y = 0.923)
",0.000,9999999.000,9999999.000,1.000,0.000,0,14,0,21,21,14,0,35,0.0,1.0,0.0,0.0,0.4,0.6,1
"G[0,2](AF >= 0.018 & s8_hr <= 0.001)
",0.000,9999999.000,9999999.000,1.000,0.000,0,14,0,21,21,14,0,35,0.0,1.0,0.0,0.0,0.4,0.6,1
"F[0,1](direct >= 0.090 -> s8_hr <= 0.000)
",0.000,-9999999.000,-9999999.000,0.000,1.000,0,13,1,21,21,14,1,34,0.0,0.9285714285714286,0.07142857142857142,0.0,0.37142857142857144,0.6285714285714286,-1
"F[0,1](s2_edrk <= 0.001 | SpO2 <= 97.799)
",0.000,-9999999.000,-9999999.000,0.000,1.000,0,13,1,21,21,14,1,34,0.0,0.9285714285714286,0.07142857142857142,0.0,0.37142857142857144,0.6285714285714286,-1
"F[0,1](lds <= 2.232 & SpO2 >= 91.129)
",0.000,-9999999.000,-9999999.000,0.000,1.000,0,13,1,21,21,14,1,34,0.0,0.9285714285714286,0.07142857142857142,0.0,0.37142857142857144,0.6285714285714286,-1
"F[1,2](n_edrk >= 0.573 | O2_Flow <= 4.764)
",0.000,-9999999.000,-9999999.000,0.000,1.000,0,13,0,22,22,13,0,35,0.0,1.0,0.0,0.0,0.37142857142857144,0.6285714285714286,-1
"F[0,2](LOS >= 5.330 -> n_edrk >= 0.740)
",0.000,-9999999.000,-9999999.000,0.000,1.000,0,13,0,22,22,13,0,35,0.0,1.0,0.0,0.0,0.37142857142857144,0.6285714285714286,-1
"F[0,1](edrk >= 14.290 | Temp <= 37.247)
",0.000,-9999999.000,-9999999.000,0.000,1.000,0,13,1,21,21,14,1,34,0.0,0.9285714285714286,0.07142857142857142,0.0,0.37142857142857144,0.6285714285714286,-1
"F[0,2](direct <= 0.973 -> s24_hr >= -9.280441268597365e-06)
",0.000,-9999999.000,-9999999.000,0.000,1.000,0,13,0,22,22,13,0,35,0.0,1.0,0.0,0.0,0.37142857142857144,0.6285714285714286,-1
"((Resp <= 22.947) U[1,2] (SpO2 >= 90.462))
",0.000,-9999999.000,-9999999.000,0.000,1.000,1,12,0,22,23,12,1,34,0.043478260869565216,1.0,0.0,1.0,0.37142857142857144,0.6285714285714286,-1
"F[0,0](AF <= 0.112 & Temp >= 36.585)
",0.233,0.025,-0.088,0.000,1.000,5,8,6,16,21,14,11,24,0.23809523809523808,0.5714285714285714,0.42857142857142855,0.45454545454545453,0.37142857142857144,0.6285714285714286,-1
"F[0,2](hr >= 76.965 -> lds <= 1.941)
",0.000,-9999999.000,-9999999.000,0.000,1.000,0,13,0,22,22,13,0,35,0.0,1.0,0.0,0.0,0.37142857142857144,0.6285714285714286,-1
"((O2_Flow <= 6.204) U[1,2] (s2_hr <= 0.002))
",0.000,-9999999.000,-9999999.000,0.000,1.000,0,13,1,21,21,14,1,34,0.0,0.9285714285714286,0.07142857142857142,0.0,0.37142857142857144,0.6285714285714286,-1
"G[0,2](Resp <= 22.194 -> s24_hr >= -0.000)
",0.000,9999999.000,9999999.000,1.000,0.000,0,13,7,15,15,20,7,28,0.0,0.65,0.35,0.0,0.37142857142857144,0.6285714285714286,1
"F[1,1](Mort >= 0.198 | SpO2 <= 97.479)
",-0.303,1.411,3.189,0.000,1.000,3,9,5,18,21,14,8,27,0.14285714285714285,0.6428571428571429,0.35714285714285715,0.375,0.34285714285714286,0.6571428571428571,-1
"((AF <= 0.209) U[1,2] (s2_hr >= -0.001))
",0.000,-9999999.000,-9999999.000,0.000,1.000,0,12,2,21,21,14,2,33,0.0,0.8571428571428571,0.14285714285714285,0.0,0.34285714285714286,0.6571428571428571,-1
"((ICU_Pt_Days <= 2.512) U[0,2] (LOS >= 2.588))
",0.000,-9999999.000,-9999999.000,0.000,1.000,0,12,0,23,23,12,0,35,0.0,1.0,0.0,0.0,0.34285714285714286,0.6571428571428571,-1
"((lds >= 0.544) U[0,2] (s24_edrk <= 0.000))
",0.000,-9999999.000,-9999999.000,0.000,1.000,0,12,0,23,23,12,0,35,0.0,1.0,0.0,0.0,0.34285714285714286,0.6571428571428571,-1
"F[0,2](Glasgow_Coma_Scale_Total >= 14.854 & s2_hr >= -0.002)
",0.000,-9999999.000,-9999999.000,0.000,1.000,0,12,0,23,23,12,0,35,0.0,1.0,0.0,0.0,0.34285714285714286,0.6571428571428571,-1
"((hr <= 110.289) U[0,2] (SpO2 <= 98.567))
",0.000,-9999999.000,-9999999.000,0.000,1.000,0,12,0,23,23,12,0,35,0.0,1.0,0.0,0.0,0.34285714285714286,0.6571428571428571,-1
"((Glasgow_Coma_Scale_Total >= 14.447) U[1,2] (s2_edrk >= -0.002))
",0.000,-9999999.000,-9999999.000,0.000,1.000,0,12,0,23,23,12,0,35,0.0,1.0,0.0,0.0,0.34285714285714286,0.6571428571428571,-1
"((cosen >= -2.179) U[0,1] (n_edrk >= 0.492))
",0.000,-9999999.000,-9999999.000,0.000,1.000,0,12,2,21,21,14,2,33,0.0,0.8571428571428571,0.14285714285714285,0.0,0.34285714285714286,0.6571428571428571,-1
"F[0,0](SBP <= 161.522 -> Temp >= 36.333)
",0.217,-48.222,-51.522,0.000,1.000,0,12,2,21,21,14,2,33,0.0,0.8571428571428571,0.14285714285714285,0.0,0.34285714285714286,0.6571428571428571,-1
"((n_edrk >= 0.403) U[0,2] (Pulse >= 77.365))
",0.000,-9999999.000,-9999999.000,0.000,1.000,0,12,0,23,23,12,0,35,0.0,1.0,0.0,0.0,0.34285714285714286,0.6571428571428571,-1
"G[0,1](ALBUMIN >= 3.200 & cosen >= -2.244)
",0.000,9999999.000,9999999.000,1.000,0.000,7,5,9,14,21,14,16,19,0.3333333333333333,0.35714285714285715,0.6428571428571429,0.4375,0.34285714285714286,0.6571428571428571,1
"G[0,2](n_edrk < 0.870 -> y = 0.341)
",0.000,9999999.000,9999999.000,1.000,0.000,0,12,17,6,6,29,17,18,0.0,0.41379310344827586,0.5862068965517241,0.0,0.34285714285714286,0.6571428571428571,1
"F[0,1](s8_hr >= -0.001 & SBP >= 99.155)
",0.000,-9999999.000,-9999999.000,0.000,1.000,0,12,2,21,21,14,2,33,0.0,0.8571428571428571,0.14285714285714285,0.0,0.34285714285714286,0.6571428571428571,-1
"((lds >= 1.022) U[0,1] (s2_edrk <= 0.001))
",0.000,-9999999.000,-9999999.000,0.000,1.000,0,12,2,21,21,14,2,33,0.0,0.8571428571428571,0.14285714285714285,0.0,0.34285714285714286,0.6571428571428571,-1
"G[0,2](direct <= 0.487 & y >= 0.091)
",0.000,9999999.000,9999999.000,1.000,0.000,0,12,2,21,21,14,2,33,0.0,0.8571428571428571,0.14285714285714285,0.0,0.34285714285714286,0.6571428571428571,1
"((n_edrk <= 0.915) U[1,2] (n_evts >= 0.129))
",0.000,-9999999.000,-9999999.000,0.000,1.000,0,12,2,21,21,14,2,33,0.0,0.8571428571428571,0.14285714285714285,0.0,0.34285714285714286,0.6571428571428571,-1
"F[0,1](MET <= 0.976 | Resp >= 18.957)
",0.000,-9999999.000,-9999999.000,0.000,1.000,0,12,2,21,21,14,2,33,0.0,0.8571428571428571,0.14285714285714285,0.0,0.34285714285714286,0.6571428571428571,-1
"F[1,2](n_evts >= 0.046 -> tte >= -2.967)
",0.000,-9999999.000,-9999999.000,0.000,1.000,0,12,0,23,23,12,0,35,0.0,1.0,0.0,0.0,0.34285714285714286,0.6571428571428571,-1
"F[0,2](s24_edrk <= 0.003 -> Temp >= 35.783)
",0.000,-9999999.000,-9999999.000,0.000,1.000,0,12,0,23,23,12,0,35,0.0,1.0,0.0,0.0,0.34285714285714286,0.6571428571428571,-1
"F[0,1](death >= 0.035 | hr <= 98.182)
",0.000,-9999999.000,-9999999.000,0.000,1.000,0,12,2,21,21,14,2,33,0.0,0.8571428571428571,0.14285714285714285,0.0,0.34285714285714286,0.6571428571428571,-1
"F[0,2](s2_edrk <= 0.003 & Temp >= 36.498)
",0.000,-9999999.000,-9999999.000,0.000,1.000,0,12,0,23,23,12,0,35,0.0,1.0,0.0,0.0,0.34285714285714286,0.6571428571428571,-1
"((death <= 0.529) U[0,1] (n_edrk >= 0.281))
",0.000,-9999999.000,-9999999.000,0.000,1.000,0,12,2,21,21,14,2,33,0.0,0.8571428571428571,0.14285714285714285,0.0,0.34285714285714286,0.6571428571428571,-1
"((edrk <= 29.558) U[0,2] (Pulse >= 71.282))
",0.000,-9999999.000,-9999999.000,0.000,1.000,0,12,0,23,23,12,0,35,0.0,1.0,0.0,0.0,0.34285714285714286,0.6571428571428571,-1
"((AF >= 0.010) U[0,1] (Glasgow_Coma_Scale_Total >= 14.284))
",0.000,-9999999.000,-9999999.000,0.000,1.000,0,12,2,21,21,14,2,33,0.0,0.8571428571428571,0.14285714285714285,0.0,0.34285714285714286,0.6571428571428571,-1
"F[1,2](O2_Flow >= 2.373 -> s8_hr <= 0.001)
",0.000,-9999999.000,-9999999.000,0.000,1.000,0,12,0,23,23,12,0,35,0.0,1.0,0.0,0.0,0.34285714285714286,0.6571428571428571,-1
"((Mort >= 0.117) U[0,1] (tte >= -1.132))
",0.000,-9999999.000,-9999999.000,0.000,1.000,0,12,2,21,21,14,2,33,0.0,0.8571428571428571,0.14285714285714285,0.0,0.34285714285714286,0.6571428571428571,-1
"((Pulse <= 103.650) U[1,2] (Resp >= 12.653))
",0.000,-9999999.000,-9999999.000,0.000,1.000,0,12,0,23,23,12,0,35,0.0,1.0,0.0,0.0,0.34285714285714286,0.6571428571428571,-1
"F[1,2](direct >= 0.172 -> hr <= 105.982)
",0.000,-9999999.000,-9999999.000,0.000,1.000,0,12,0,23,23,12,0,35,0.0,1.0,0.0,0.0,0.34285714285714286,0.6571428571428571,-1
"((death <= 0.920) U[0,2] (edrk <= 23.891))
",0.000,-9999999.000,-9999999.000,0.000,1.000,0,12,0,23,23,12,0,35,0.0,1.0,0.0,0.0,0.34285714285714286,0.6571428571428571,-1
"F[0,1](LOS >= 2.673 & srr >= 0.011)
",0.000,-9999999.000,-9999999.000,0.000,1.000,0,12,2,21,21,14,2,33,0.0,0.8571428571428571,0.14285714285714285,0.0,0.34285714285714286,0.6571428571428571,-1
"F[1,2](ICU_Pt_Days >= 1.758 | Temp <= 37.112)
",0.000,-9999999.000,-9999999.000,0.000,1.000,0,12,0,23,23,12,0,35,0.0,1.0,0.0,0.0,0.34285714285714286,0.6571428571428571,-1
"((lds <= 1.892) U[0,1] (MET <= 0.916))
",0.000,-9999999.000,-9999999.000,0.000,1.000,0,12,2,21,21,14,2,33,0.0,0.8571428571428571,0.14285714285714285,0.0,0.34285714285714286,0.6571428571428571,-1
"((edrk >= 8.489) U[0,2] (SpO2 <= 99.395))
",0.000,-9999999.000,-9999999.000,0.000,1.000,0,12,0,23,23,12,0,35,0.0,1.0,0.0,0.0,0.34285714285714286,0.6571428571428571,-1
"((cosen <= -1.749) U[0,0] (ICU_Pt_Days >= 0.795))
",-0.657,0.495,1.649,0.000,1.000,0,12,2,21,21,14,2,33,0.0,0.8571428571428571,0.14285714285714285,0.0,0.34285714285714286,0.6571428571428571,-1
"F[0,0](s24_edrk <= 0.001 | y <= 0.641)
",1.155,0.641,0.275,0.000,1.000,0,12,2,21,21,14,2,33,0.0,0.8571428571428571,0.14285714285714285,0.0,0.34285714285714286,0.6571428571428571,-1
"((srr >= 0.061) U[0,1] (Temp >= 36.297))
",0.000,-9999999.000,-9999999.000,0.000,1.000,0,12,2,21,21,14,2,33,0.0,0.8571428571428571,0.14285714285714285,0.0,0.34285714285714286,0.6571428571428571,-1
"((af <= 0.296) U[0,1] (Glasgow_Coma_Scale_Total >= 14.624))
",0.000,-9999999.000,-9999999.000,0.000,1.000,0,12,2,21,21,14,2,33,0.0,0.8571428571428571,0.14285714285714285,0.0,0.34285714285714286,0.6571428571428571,-1
"((n_evts >= 0.232) U[0,2] (s8_edrk <= 0.001))
",0.000,-9999999.000,-9999999.000,0.000,1.000,0,12,0,23,23,12,0,35,0.0,1.0,0.0,0.0,0.34285714285714286,0.6571428571428571,-1
"((ALBUMIN <= 3.200) U[0,2] (hr <= 114.811))
",0.000,-9999999.000,-9999999.000,0.000,1.000,0,12,0,23,23,12,0,35,0.0,1.0,0.0,0.0,0.34285714285714286,0.6571428571428571,-1
"F[0,1](direct <= 0.825 | Pulse >= 88.005)
",0.000,-9999999.000,-9999999.000,0.000,1.000,0,12,2,21,21,14,2,33,0.0,0.8571428571428571,0.14285714285714285,0.0,0.34285714285714286,0.6571428571428571,-1
"F[0,0]((af <= 0.227 | AF <= 0.442) & cosen >= -2.375)
",-0.270,0.133,0.196,0.000,1.000,0,12,2,21,21,14,2,33,0.0,0.8571428571428571,0.14285714285714285,0.0,0.34285714285714286,0.6571428571428571,-1
"F[1,1](n_evts <= 0.674 | SBP <= 182.043)
",-0.172,69.443,72.043,0.000,1.000,0,12,2,21,21,14,2,33,0.0,0.8571428571428571,0.14285714285714285,0.0,0.34285714285714286,0.6571428571428571,-1
"F[1,2](direct >= 0.182 | O2_Flow >= 2.307)
",0.000,-9999999.000,-9999999.000,0.000,1.000,0,12,0,23,23,12,0,35,0.0,1.0,0.0,0.0,0.34285714285714286,0.6571428571428571,-1
"((af <= 0.215) U[1,1] (lds >= 1.304))
",1.190,0.601,0.253,0.000,1.000,3,9,5,18,21,14,8,27,0.14285714285714285,0.6428571428571429,0.35714285714285715,0.375,0.34285714285714286,0.6571428571428571,-1
"F[0,2](Glasgow_Coma_Scale_Total < 14.941 -> y = 0.955)
",0.000,-9999999.000,-9999999.000,0.000,1.000,0,12,0,23,23,12,0,35,0.0,1.0,0.0,0.0,0.34285714285714286,0.6571428571428571,-1
"((Glasgow_Coma_Scale_Total <= 14.996) U[0,1] (MET <= 0.119))
",0.000,-9999999.000,-9999999.000,0.000,1.000,0,12,2,21,21,14,2,33,0.0,0.8571428571428571,0.14285714285714285,0.0,0.34285714285714286,0.6571428571428571,-1
"F[1,2](edrk <= 20.820 | s8_hr <= 8.749604233872971e-05)
",0.000,-9999999.000,-9999999.000,0.000,1.000,0,12,0,23,23,12,0,35,0.0,1.0,0.0,0.0,0.34285714285714286,0.6571428571428571,-1
"((hr >= 55.712) U[0,2] (MET <= 0.162))
",0.000,-9999999.000,-9999999.000,0.000,1.000,0,12,0,23,23,12,0,35,0.0,1.0,0.0,0.0,0.34285714285714286,0.6571428571428571,-1
"((ICU_Pt_Days >= 0.022) U[1,2] (tte >= -3.627))
",0.000,-9999999.000,-9999999.000,0.000,1.000,0,12,0,23,23,12,0,35,0.0,1.0,0.0,0.0,0.34285714285714286,0.6571428571428571,-1
"((hr <= 113.972) U[0,0] (LOS >= 3.131))
",0.218,25.900,23.128,0.000,1.000,0,12,2,21,21,14,2,33,0.0,0.8571428571428571,0.14285714285714285,0.0,0.34285714285714286,0.6571428571428571,-1
"((dfa >= 0.416) U[0,0] (tte >= -2.300))
",0.976,2.300,1.478,0.000,1.000,0,12,2,21,21,14,2,33,0.0,0.8571428571428571,0.14285714285714285,0.0,0.34285714285714286,0.6571428571428571,-1
"F[1,2](dfa >= 0.477 -> s24_hr <= 0.001)
",0.000,-9999999.000,-9999999.000,0.000,1.000,0,12,0,23,23,12,0,35,0.0,1.0,0.0,0.0,0.34285714285714286,0.6571428571428571,-1
"F[1,2](Mort >= 0.002 -> s24_edrk >= -0.006)
",0.000,-9999999.000,-9999999.000,0.000,1.000,0,12,0,23,23,12,0,35,0.0,1.0,0.0,0.0,0.34285714285714286,0.6571428571428571,-1
"G[0,0](af >= 0.006 & edrk <= 34.379)
",0.408,-0.006,-0.344,1.000,0.000,0,12,2,21,21,14,2,33,0.0,0.8571428571428571,0.14285714285714285,0.0,0.34285714285714286,0.6571428571428571,1
"F[0,1](Resp >= 17.076 & Temp >= 36.073)
",0.000,-9999999.000,-9999999.000,0.000,1.000,0,12,2,21,21,14,2,33,0.0,0.8571428571428571,0.14285714285714285,0.0,0.34285714285714286,0.6571428571428571,-1
"F[1,2](O2_Flow <= 6.409 & Temp >= 35.975)
",0.000,-9999999.000,-9999999.000,0.000,1.000,0,11,0,24,24,11,0,35,0.0,1.0,0.0,0.0,0.3142857142857143,0.6857142857142857,-1
"F[1,2](Mort <= 0.445 -> n_edrk <= 0.807)
",0.000,-9999999.000,-9999999.000,0.000,1.000,0,11,0,24,24,11,0,35,0.0,1.0,0.0,0.0,0.3142857142857143,0.6857142857142857,-1
"F[0,2](ICU_Pt_Days >= 1.519 -> lds >= 1.528)
",0.000,-9999999.000,-9999999.000,0.000,1.000,0,11,0,24,24,11,0,35,0.0,1.0,0.0,0.0,0.3142857142857143,0.6857142857142857,-1
"F[0,2](s24_edrk >= -0.006 & srr <= 0.116)
",0.000,-9999999.000,-9999999.000,0.000,1.000,0,11,0,24,24,11,0,35,0.0,1.0,0.0,0.0,0.3142857142857143,0.6857142857142857,-1
"F[0,2](dfa >= 0.412 & s8_edrk <= 0.002)
",0.000,-9999999.000,-9999999.000,0.000,1.000,0,11,0,24,24,11,0,35,0.0,1.0,0.0,0.0,0.3142857142857143,0.6857142857142857,-1
"F[0,2](n_evts >= 0.269 & Resp <= 20.767)
",0.000,-9999999.000,-9999999.000,0.000,1.000,0,11,0,24,24,11,0,35,0.0,1.0,0.0,0.0,0.3142857142857143,0.6857142857142857,-1
"F[0,2](af <= 0.241 -> LOS <= 7.500)
",0.000,-9999999.000,-9999999.000,0.000,1.000,0,11,0,24,24,11,0,35,0.0,1.0,0.0,0.0,0.3142857142857143,0.6857142857142857,-1
"F[0,1](edrk <= 23.752 -> O2_Flow <= 4.189)
",0.000,-9999999.000,-9999999.000,0.000,1.000,0,11,3,21,21,14,3,32,0.0,0.7857142857142857,0.21428571428571427,0.0,0.3142857142857143,0.6857142857142857,-1
"((dfa >= 0.483) U[1,2] (y <= 0.644))
",0.000,-9999999.000,-9999999.000,0.000,1.000,6,5,0,24,30,5,6,29,0.2,1.0,0.0,1.0,0.3142857142857143,0.6857142857142857,-1
"G[0,2](MET <= 0.442 & O2_Flow >= 2.301)
",0.000,9999999.000,9999999.000,1.000,0.000,0,11,3,21,21,14,3,32,0.0,0.7857142857142857,0.21428571428571427,0.0,0.3142857142857143,0.6857142857142857,1
"G[0,2](dfa <= 0.946 & O2_Flow >= 2.484)
",0.000,9999999.000,9999999.000,1.000,0.000,0,11,3,21,21,14,3,32,0.0,0.7857142857142857,0.21428571428571427,0.0,0.3142857142857143,0.6857142857142857,1
"G[0,2](O2_Flow >= 2.364 & Pulse <= 90.382)
",0.000,9999999.000,9999999.000,1.000,0.000,0,11,3,21,21,14,3,32,0.0,0.7857142857142857,0.21428571428571427,0.0,0.3142857142857143,0.6857142857142857,1
"G[0,2](n_edrk >= 0.334 & y >= 0.099)
",0.000,9999999.000,9999999.000,1.000,0.000,0,11,3,21,21,14,3,32,0.0,0.7857142857142857,0.21428571428571427,0.0,0.3142857142857143,0.6857142857142857,1
"F[0,2](dfa <= 0.677 | Pulse >= 79.529)
",0.000,-9999999.000,-9999999.000,0.000,1.000,0,11,0,24,24,11,0,35,0.0,1.0,0.0,0.0,0.3142857142857143,0.6857142857142857,-1
"((dfa >= 0.534) U[0,2] (Resp <= 19.544))
",0.000,-9999999.000,-9999999.000,0.000,1.000,0,11,0,24,24,11,0,35,0.0,1.0,0.0,0.0,0.3142857142857143,0.6857142857142857,-1
"F[1,2](cosen <= -1.626 & s24_edrk <= 0.003)
",0.000,-9999999.000,-9999999.000,0.000,1.000,0,11,0,24,24,11,0,35,0.0,1.0,0.0,0.0,0.3142857142857143,0.6857142857142857,-1
"F[1,2](LOS <= 10.444 | y <= 0.476)
",0.000,-9999999.000,-9999999.000,0.000,1.000,0,11,0,24,24,11,0,35,0.0,1.0,0.0,0.0,0.3142857142857143,0.6857142857142857,-1
"((AF >= 0.022) U[0,2] (hr >= 83.257))
",0.000,-9999999.000,-9999999.000,0.000,1.000,0,11,0,24,24,11,0,35,0.0,1.0,0.0,0.0,0.3142857142857143,0.6857142857142857,-1
"F[0,1](lds >= 0.856 -> LOS <= 8.525)
",0.000,-9999999.000,-9999999.000,0.000,1.000,0,11,3,21,21,14,3,32,0.0,0.7857142857142857,0.21428571428571427,0.0,0.3142857142857143,0.6857142857142857,-1
"G[0,2](death < 0.649 -> y = 0.001)
",0.000,9999999.000,9999999.000,1.000,0.000,0,10,4,21,21,14,4,31,0.0,0.7142857142857143,0.2857142857142857,0.0,0.2857142857142857,0.7142857142857143,1
"G[0,2](AF <= 0.155 -> cosen >= -2.193)
",0.000,9999999.000,9999999.000,1.000,0.000,0,10,10,15,15,20,10,25,0.0,0.5,0.5,0.0,0.2857142857142857,0.7142857142857143,1
"F[1,1](Glasgow_Coma_Scale_Total >= 14.387 & TROPONIN_I >= 0.060)
",0.408,-0.000,-0.055,0.000,1.000,0,10,4,21,21,14,4,31,0.0,0.7142857142857143,0.2857142857142857,0.0,0.2857142857142857,0.7142857142857143,-1
"G[1,2](death <= 0.707 -> n_evts <= 0.633)
",0.000,9999999.000,9999999.000,1.000,0.000,0,10,25,0,0,35,25,10,0.0,0.2857142857142857,0.7142857142857143,0.0,0.2857142857142857,0.7142857142857143,1
"F[1,2](cosen <= -1.745 & Pulse >= 71.628)
",0.000,-9999999.000,-9999999.000,0.000,1.000,0,10,0,25,25,10,0,35,0.0,1.0,0.0,0.0,0.2857142857142857,0.7142857142857143,-1
"((dfa <= 0.924) U[1,1] (SBP <= 141.096))
",-0.172,28.496,31.096,0.000,1.000,0,10,4,21,21,14,4,31,0.0,0.7142857142857143,0.2857142857142857,0.0,0.2857142857142857,0.7142857142857143,-1
"((AF <= 0.349) U[0,2] (death <= 0.115))
",0.000,-9999999.000,-9999999.000,0.000,1.000,0,10,0,25,25,10,0,35,0.0,1.0,0.0,0.0,0.2857142857142857,0.7142857142857143,-1
"((Pulse >= 72.066) U[1,2] (s2_edrk >= -0.004))
",0.000,-9999999.000,-9999999.000,0.000,1.000,0,10,2,23,23,12,2,33,0.0,0.8333333333333334,0.16666666666666666,0.0,0.2857142857142857,0.7142857142857143,-1
"((lds >= 0.740) U[1,2] (Pulse <= 103.970))
",0.000,-9999999.000,-9999999.000,0.000,1.000,0,10,0,25,25,10,0,35,0.0,1.0,0.0,0.0,0.2857142857142857,0.7142857142857143,-1
"((HEMOGLOBIN >= 10.200) U[1,2] (n_edrk >= 0.283))
",0.000,-9999999.000,-9999999.000,0.000,1.000,0,10,0,25,25,10,0,35,0.0,1.0,0.0,0.0,0.2857142857142857,0.7142857142857143,-1
"F[1,2](dfa >= 0.456 | direct >= 0.170)
",0.000,-9999999.000,-9999999.000,0.000,1.000,0,10,0,25,25,10,0,35,0.0,1.0,0.0,0.0,0.2857142857142857,0.7142857142857143,-1
"((Pulse <= 98.595) U[1,2] (tte >= -2.161))
",0.000,-9999999.000,-9999999.000,0.000,1.000,0,10,2,23,23,12,2,33,0.0,0.8333333333333334,0.16666666666666666,0.0,0.2857142857142857,0.7142857142857143,-1
"F[0,1](Glasgow_Coma_Scale_Total >= 14.516 & n_edrk >= 0.476)
",0.000,-9999999.000,-9999999.000,0.000,1.000,0,10,4,21,21,14,4,31,0.0,0.7142857142857143,0.2857142857142857,0.0,0.2857142857142857,0.7142857142857143,-1
"F[0,1](death <= 0.140 & s24_edrk >= -0.005)
",0.000,-9999999.000,-9999999.000,0.000,1.000,0,10,4,21,21,14,4,31,0.0,0.7142857142857143,0.2857142857142857,0.0,0.2857142857142857,0.7142857142857143,-1
"((edrk >= 10.995) U[1,2] (tte >= -0.691))
",0.000,-9999999.000,-9999999.000,0.000,1.000,4,5,0,26,30,5,4,31,0.13333333333333333,1.0,0.0,1.0,0.2571428571428571,0.7428571428571429,-1
"((Glasgow_Coma_Scale_Total >= 14.215) U[1,2] (srr <= 0.080))
",0.000,-9999999.000,-9999999.000,0.000,1.000,0,9,2,24,24,11,2,33,0.0,0.8181818181818182,0.18181818181818182,0.0,0.2571428571428571,0.7428571428571429,-1
"F[1,2](cosen <= -1.424 & srr <= 0.072)
",0.000,-9999999.000,-9999999.000,0.000,1.000,0,9,0,26,26,9,0,35,0.0,1.0,0.0,0.0,0.2571428571428571,0.7428571428571429,-1
"((ALBUMIN <= 3.200) U[1,2] (O2_Flow <= 4.651))
",0.000,-9999999.000,-9999999.000,0.000,1.000,0,9,0,26,26,9,0,35,0.0,1.0,0.0,0.0,0.2571428571428571,0.7428571428571429,-1
"((LOS <= 9.731) U[0,2] (tte <= -0.329))
",0.000,-9999999.000,-9999999.000,0.000,1.000,0,9,0,26,26,9,0,35,0.0,1.0,0.0,0.0,0.2571428571428571,0.7428571428571429,-1
"((LOS <= 11.791) U[0,2] (Pulse >= 81.501))
",0.000,-9999999.000,-9999999.000,0.000,1.000,0,9,0,26,26,9,0,35,0.0,1.0,0.0,0.0,0.2571428571428571,0.7428571428571429,-1
"((death >= 0.010) U[0,2] (Temp <= 36.683))
",0.000,-9999999.000,-9999999.000,0.000,1.000,0,9,0,26,26,9,0,35,0.0,1.0,0.0,0.0,0.2571428571428571,0.7428571428571429,-1
"F[1,2](Pulse <= 100.099 -> y <= 0.541)
",0.000,-9999999.000,-9999999.000,0.000,1.000,0,9,0,26,26,9,0,35,0.0,1.0,0.0,0.0,0.2571428571428571,0.7428571428571429,-1
"((Glasgow_Coma_Scale_Total <= 14.966) U[0,1] (LOS <= 9.369))
",0.000,-9999999.000,-9999999.000,0.000,1.000,0,9,5,21,21,14,5,30,0.0,0.6428571428571429,0.35714285714285715,0.0,0.2571428571428571,0.7428571428571429,-1
"((WHITE_BLOOD_CELL_COUNT <= 8.400) U[1,2] (y >= 0.227))
",0.000,-9999999.000,-9999999.000,0.000,1.000,0,9,0,26,26,9,0,35,0.0,1.0,0.0,0.0,0.2571428571428571,0.7428571428571429,-1
"F[0,1](dfa <= 0.720 & Temp >= 36.204)
",0.000,-9999999.000,-9999999.000,0.000,1.000,0,9,5,21,21,14,5,30,0.0,0.6428571428571429,0.35714285714285715,0.0,0.2571428571428571,0.7428571428571429,-1
"((direct >= 0.100) U[0,2] (tte <= -0.241))
",0.000,-9999999.000,-9999999.000,0.000,1.000,0,9,0,26,26,9,0,35,0.0,1.0,0.0,0.0,0.2571428571428571,0.7428571428571429,-1
"F[1,2](Mort >= 0.161 | srr >= 0.038)
",0.000,-9999999.000,-9999999.000,0.000,1.000,0,9,0,26,26,9,0,35,0.0,1.0,0.0,0.0,0.2571428571428571,0.7428571428571429,-1
"((s8_edrk <= 0.001) U[1,2] (SpO2 >= 87.534))
",0.000,-9999999.000,-9999999.000,0.000,1.000,0,9,3,23,23,12,3,32,0.0,0.75,0.25,0.0,0.2571428571428571,0.7428571428571429,-1
"((AF >= 0.028) U[1,2] (dfa >= 0.566))
",0.000,-9999999.000,-9999999.000,0.000,1.000,7,2,6,20,27,8,13,22,0.25925925925925924,0.25,0.75,0.5384615384615384,0.2571428571428571,0.7428571428571429,-1
"F[1,2](hr <= 105.712 -> srr >= 0.048)
",0.000,-9999999.000,-9999999.000,0.000,1.000,0,9,0,26,26,9,0,35,0.0,1.0,0.0,0.0,0.2571428571428571,0.7428571428571429,-1
"((AF <= 0.047) U[1,2] (Resp <= 19.730))
",0.000,-9999999.000,-9999999.000,0.000,1.000,0,9,2,24,24,11,2,33,0.0,0.8181818181818182,0.18181818181818182,0.0,0.2571428571428571,0.7428571428571429,-1
"F[1,2](death <= 0.662 -> LOS <= 8.728)
",0.000,-9999999.000,-9999999.000,0.000,1.000,0,9,0,26,26,9,0,35,0.0,1.0,0.0,0.0,0.2571428571428571,0.7428571428571429,-1
"G[0,1](Glasgow_Coma_Scale_Total >= 14.771 -> O2_Flow >= 2.048)
",0.000,9999999.000,9999999.000,1.000,0.000,0,9,5,21,21,14,5,30,0.0,0.6428571428571429,0.35714285714285715,0.0,0.2571428571428571,0.7428571428571429,1
"G[0,2](direct >= 0.199 & LOS >= 4.511)
",0.000,9999999.000,9999999.000,1.000,0.000,0,9,5,21,21,14,5,30,0.0,0.6428571428571429,0.35714285714285715,0.0,0.2571428571428571,0.7428571428571429,1
"G[1,2](s8_edrk >= -0.001 & tte <= -0.093)
",0.000,9999999.000,9999999.000,1.000,0.000,0,9,5,21,21,14,5,30,0.0,0.6428571428571429,0.35714285714285715,0.0,0.2571428571428571,0.7428571428571429,1
"F[0,0](AF <= 0.397 & LOS <= 11.513)
",0.408,0.397,0.270,0.000,1.000,0,9,5,21,21,14,5,30,0.0,0.6428571428571429,0.35714285714285715,0.0,0.2571428571428571,0.7428571428571429,-1
"G[1,2](O2_Flow >= 2.103 & s8_edrk <= 0.002)
",0.000,9999999.000,9999999.000,1.000,0.000,0,9,5,21,21,14,5,30,0.0,0.6428571428571429,0.35714285714285715,0.0,0.2571428571428571,0.7428571428571429,1
"G[0,2](hr >= 56.315 & Pulse >= 85.368)
",0.000,9999999.000,9999999.000,1.000,0.000,0,9,21,5,5,30,21,14,0.0,0.3,0.7,0.0,0.2571428571428571,0.7428571428571429,1
"G[1,2](SpO2 <= 96.870 & srr >= 0.052)
",0.000,9999999.000,9999999.000,1.000,0.000,0,9,11,15,15,20,11,24,0.0,0.45,0.55,0.0,0.2571428571428571,0.7428571428571429,1
"G[0,2](dfa <= 0.642 & edrk <= 18.233)
",0.000,9999999.000,9999999.000,1.000,0.000,0,9,18,8,8,27,18,17,0.0,0.3333333333333333,0.6666666666666666,0.0,0.2571428571428571,0.7428571428571429,1
"G[0,0](O2_Flow >= 2.305 & PROTIME_INR <= 1.200)
",-0.632,-0.305,-0.218,1.000,0.000,0,9,5,21,21,14,5,30,0.0,0.6428571428571429,0.35714285714285715,0.0,0.2571428571428571,0.7428571428571429,1
"((cosen <= -1.977) U[0,2] (y >= 0.060))
",0.000,-9999999.000,-9999999.000,0.000,1.000,0,9,0,26,26,9,0,35,0.0,1.0,0.0,0.0,0.2571428571428571,0.7428571428571429,-1
"((n_edrk >= 0.085) U[1,2] (s2_hr <= 0.002))
",0.000,-9999999.000,-9999999.000,0.000,1.000,0,9,5,21,21,14,5,30,0.0,0.6428571428571429,0.35714285714285715,0.0,0.2571428571428571,0.7428571428571429,-1
"F[0,2]((af <= 0.449 | AF <= 0.305) & cosen >= -2.175)
",0.000,-9999999.000,-9999999.000,0.000,1.000,0,8,0,27,27,8,0,35,0.0,1.0,0.0,0.0,0.22857142857142856,0.7714285714285715,-1
"((AF <= 0.349) U[1,1] (s24_edrk <= 0.001))
",0.000,0.349,0.349,0.000,1.000,0,8,6,21,21,14,6,29,0.0,0.5714285714285714,0.42857142857142855,0.0,0.22857142857142856,0.7714285714285715,-1
"G[1,1](MET >= 0.055 | s24_edrk >= -0.000)
",-0.408,0.000,0.135,1.000,0.000,2,6,8,19,21,14,10,25,0.09523809523809523,0.42857142857142855,0.5714285714285714,0.2,0.22857142857142856,0.7714285714285715,1
"G[1,1](hr >= 58.279 -> Mort >= 0.055)
",0.256,-27.352,-32.866,1.000,0.000,1,7,7,20,21,14,8,27,0.047619047619047616,0.5,0.5,0.125,0.22857142857142856,0.7714285714285715,1
"((s24_edrk <= 0.001) U[1,2] (s2_edrk >= -0.006))
",0.000,-9999999.000,-9999999.000,0.000,1.000,0,8,4,23,23,12,4,31,0.0,0.6666666666666666,0.3333333333333333,0.0,0.22857142857142856,0.7714285714285715,-1
"((n_edrk <= 0.952) U[0,2] (SBP <= 114.713))
",0.000,-9999999.000,-9999999.000,0.000,1.000,0,8,0,27,27,8,0,35,0.0,1.0,0.0,0.0,0.22857142857142856,0.7714285714285715,-1
"((af <= 0.019) U[1,2] (s8_hr <= 7.860346617659035e-05))
",0.000,-9999999.000,-9999999.000,0.000,1.000,0,8,0,27,27,8,0,35,0.0,1.0,0.0,0.0,0.22857142857142856,0.7714285714285715,-1
"((AF <= 0.081) U[0,2] (SBP <= 115.838))
",0.000,-9999999.000,-9999999.000,0.000,1.000,0,8,0,27,27,8,0,35,0.0,1.0,0.0,0.0,0.22857142857142856,0.7714285714285715,-1
"F[1,2](s8_edrk >= -0.002 & s8_hr <= 0.000)
",0.000,-9999999.000,-9999999.000,0.000,1.000,0,8,0,27,27,8,0,35,0.0,1.0,0.0,0.0,0.22857142857142856,0.7714285714285715,-1
"F[0,2](direct >= 0.067 & edrk >= 9.279)
",0.000,-9999999.000,-9999999.000,0.000,1.000,0,7,0,28,28,7,0,35,0.0,1.0,0.0,0.0,0.2,0.8,-1
"F[1,2](s8_edrk >= -0.002 & y >= 0.019)
",0.000,-9999999.000,-9999999.000,0.000,1.000,0,7,0,28,28,7,0,35,0.0,1.0,0.0,0.0,0.2,0.8,-1
"((Resp <= 19.951) U[0,2] (srr >= 0.060))
",0.000,-9999999.000,-9999999.000,0.000,1.000,0,7,0,28,28,7,0,35,0.0,1.0,0.0,0.0,0.2,0.8,-1
"F[1,2](cosen <= -1.313 & Mort >= 0.147)
",0.000,-9999999.000,-9999999.000,0.000,1.000,0,7,0,28,28,7,0,35,0.0,1.0,0.0,0.0,0.2,0.8,-1
"((Mort <= 0.748) U[1,2] (WHITE_BLOOD_CELL_COUNT >= 8.400))
",0.000,-9999999.000,-9999999.000,0.000,1.000,0,7,7,21,21,14,7,28,0.0,0.5,0.5,0.0,0.2,0.8,-1
"F[0,2](O2_Flow >= 2.023 & WHITE_BLOOD_CELL_COUNT <= 8.400)
",0.000,-9999999.000,-9999999.000,0.000,1.000,0,7,0,28,28,7,0,35,0.0,1.0,0.0,0.0,0.2,0.8,-1
"F[1,2](SpO2 <= 95.757 | y <= 0.297)
",0.000,-9999999.000,-9999999.000,0.000,1.000,0,7,0,28,28,7,0,35,0.0,1.0,0.0,0.0,0.2,0.8,-1
"F[1,2](direct <= 0.718 & n_evts >= 0.068)
",0.000,-9999999.000,-9999999.000,0.000,1.000,0,7,0,28,28,7,0,35,0.0,1.0,0.0,0.0,0.2,0.8,-1
"((lds <= 2.213) U[1,2] (Mort <= 0.659))
",0.000,-9999999.000,-9999999.000,0.000,1.000,0,7,0,28,28,7,0,35,0.0,1.0,0.0,0.0,0.2,0.8,-1
"((Mort <= 0.480) U[1,2] (SBP >= 79.242))
",0.000,-9999999.000,-9999999.000,0.000,1.000,0,7,6,22,22,13,6,29,0.0,0.5384615384615384,0.46153846153846156,0.0,0.2,0.8,-1
"((direct <= 0.890) U[1,2] (Temp <= 37.065))
",0.000,-9999999.000,-9999999.000,0.000,1.000,0,7,2,26,26,9,2,33,0.0,0.7777777777777778,0.2222222222222222,0.0,0.2,0.8,-1
"((Resp >= 18.551) U[1,1] (SBP >= 77.959))
",0.172,34.641,32.041,0.000,1.000,4,3,11,17,21,14,15,20,0.19047619047619047,0.21428571428571427,0.7857142857142857,0.26666666666666666,0.2,0.8,-1
"F[0,0](direct <= 0.319 | Glasgow_Coma_Scale_Total <= 14.969)
",0.173,0.319,0.262,0.000,1.000,0,7,7,21,21,14,7,28,0.0,0.5,0.5,0.0,0.2,0.8,-1
"((edrk >= 7.118) U[1,2] (Mort >= 0.018))
",0.000,-9999999.000,-9999999.000,0.000,1.000,0,7,0,28,28,7,0,35,0.0,1.0,0.0,0.0,0.2,0.8,-1
"F[1,2](af >= 0.013 | Mort >= 0.113)
",0.000,-9999999.000,-9999999.000,0.000,1.000,0,7,0,28,28,7,0,35,0.0,1.0,0.0,0.0,0.2,0.8,-1
"((Pulse >= 79.926) U[1,1] (SBP <= 127.176))
",-0.230,14.576,17.876,0.000,1.000,0,7,7,21,21,14,7,28,0.0,0.5,0.5,0.0,0.2,0.8,-1
"((dfa <= 0.772) U[1,2] (Mort <= 0.992))
",0.000,-9999999.000,-9999999.000,0.000,1.000,0,7,0,28,28,7,0,35,0.0,1.0,0.0,0.0,0.2,0.8,-1
"F[0,2](n_evts <= 0.426 | O2_Flow >= 2.219)
",0.000,-9999999.000,-9999999.000,0.000,1.000,0,7,0,28,28,7,0,35,0.0,1.0,0.0,0.0,0.2,0.8,-1
"((hr <= 92.593) U[1,2] (s24_edrk >= -0.005))
",0.000,-9999999.000,-9999999.000,0.000,1.000,0,7,5,23,23,12,5,30,0.0,0.5833333333333334,0.4166666666666667,0.0,0.2,0.8,-1
"G[1,2](cosen >= -2.236 & dfa >= 0.431)
",0.000,9999999.000,9999999.000,1.000,0.000,0,7,14,14,14,21,14,21,0.0,0.3333333333333333,0.6666666666666666,0.0,0.2,0.8,1
"((Mort >= 0.184) U[0,2] (O2_Flow >= 2.366))
",0.000,-9999999.000,-9999999.000,0.000,1.000,0,7,0,28,28,7,0,35,0.0,1.0,0.0,0.0,0.2,0.8,-1
"((LOS <= 8.654) U[0,2] (s8_hr >= -0.000))
",0.000,-9999999.000,-9999999.000,0.000,1.000,0,7,0,28,28,7,0,35,0.0,1.0,0.0,0.0,0.2,0.8,-1
"((n_edrk <= 0.829) U[0,2] (s24_hr >= -0.000))
",0.000,-9999999.000,-9999999.000,0.000,1.000,0,7,0,28,28,7,0,35,0.0,1.0,0.0,0.0,0.2,0.8,-1
"G[1,1](hr >= 83.014 & ICU_Pt_Days >= 1.149)
",-0.284,-3.165,-0.059,1.000,0.000,0,7,7,21,21,14,7,28,0.0,0.5,0.5,0.0,0.2,0.8,1
"G[0,1](CALCIUM <= 8.900 & direct >= 0.131)
",0.000,9999999.000,9999999.000,1.000,0.000,0,7,7,21,21,14,7,28,0.0,0.5,0.5,0.0,0.2,0.8,1
"G[1,1](hr >= 90.255 & Pulse >= 83.624)
",-0.142,-5.176,-1.630,1.000,0.000,0,7,7,21,21,14,7,28,0.0,0.5,0.5,0.0,0.2,0.8,1
"G[0,2](hr >= 75.942 & Pulse >= 82.820)
",0.000,9999999.000,9999999.000,1.000,0.000,0,7,27,1,1,34,27,8,0.0,0.20588235294117646,0.7941176470588235,0.0,0.2,0.8,1
"G[1,2](s24_hr >= -0.001 & SBP >= 110.682)
",0.000,9999999.000,9999999.000,1.000,0.000,0,7,17,11,11,24,17,18,0.0,0.2916666666666667,0.7083333333333334,0.0,0.2,0.8,1
"G[1,2](death >= 0.096 | Mort >= 0.069)
",0.000,9999999.000,9999999.000,1.000,0.000,0,7,7,21,21,14,7,28,0.0,0.5,0.5,0.0,0.2,0.8,1
"((s24_edrk <= 0.000) U[1,2] (s8_hr >= -0.000))
",0.000,-9999999.000,-9999999.000,0.000,1.000,1,5,1,28,29,6,2,33,0.034482758620689655,0.8333333333333334,0.16666666666666666,0.5,0.17142857142857143,0.8285714285714285,-1
"F[1,2](af <= 0.274 -> s24_hr >= -0.000)
",0.000,-9999999.000,-9999999.000,0.000,1.000,0,6,0,29,29,6,0,35,0.0,1.0,0.0,0.0,0.17142857142857143,0.8285714285714285,-1
"((hr >= 63.105) U[1,2] (n_edrk >= 0.678))
",0.000,-9999999.000,-9999999.000,0.000,1.000,0,6,0,29,29,6,0,35,0.0,1.0,0.0,0.0,0.17142857142857143,0.8285714285714285,-1
"F[1,2](ICU_Pt_Days <= 3.079 & s2_edrk <= 0.001)
",0.000,-9999999.000,-9999999.000,0.000,1.000,0,6,0,29,29,6,0,35,0.0,1.0,0.0,0.0,0.17142857142857143,0.8285714285714285,-1
"G[0,2](af <= 0.190 & death <= 0.251)
",0.000,9999999.000,9999999.000,1.000,0.000,0,6,29,0,0,35,29,6,0.0,0.17142857142857143,0.8285714285714286,0.0,0.17142857142857143,0.8285714285714285,1
"((ICU_Pt_Days <= 2.130) U[1,2] (SBP <= 168.848))
",0.000,-9999999.000,-9999999.000,0.000,1.000,0,6,6,23,23,12,6,29,0.0,0.5,0.5,0.0,0.17142857142857143,0.8285714285714285,-1
"G[1,2](cosen >= -2.180 -> n_evts <= 0.443)
",0.000,9999999.000,9999999.000,1.000,0.000,0,6,29,0,0,35,29,6,0.0,0.17142857142857143,0.8285714285714286,0.0,0.17142857142857143,0.8285714285714285,1
"F[1,1](ALBUMIN >= 3.200 -> ICU_Pt_Days <= 4.159)
",-0.462,-3.159,-2.400,0.000,1.000,0,6,8,21,21,14,8,27,0.0,0.42857142857142855,0.5714285714285714,0.0,0.17142857142857143,0.8285714285714285,-1
"G[1,2](ICU_Pt_Days >= 1.771 & s24_edrk >= -0.003)
",0.000,9999999.000,9999999.000,1.000,0.000,0,6,8,21,21,14,8,27,0.0,0.42857142857142855,0.5714285714285714,0.0,0.17142857142857143,0.8285714285714285,1
"((hr <= 113.622) U[0,1] (Resp >= 18.155))
",0.000,-9999999.000,-9999999.000,0.000,1.000,3,3,11,18,21,14,14,21,0.14285714285714285,0.21428571428571427,0.7857142857142857,0.21428571428571427,0.17142857142857143,0.8285714285714285,-1
"G[0,0](lds <= 1.834 & tte <= -0.077)
",-0.671,-0.140,0.094,1.000,0.000,0,5,9,21,21,14,9,26,0.0,0.35714285714285715,0.6428571428571429,0.0,0.14285714285714285,0.8571428571428572,1
"((SBP >= 103.307) U[0,1] (y <= 0.964))
",0.000,-9999999.000,-9999999.000,0.000,1.000,0,5,9,21,21,14,9,26,0.0,0.35714285714285715,0.6428571428571429,0.0,0.14285714285714285,0.8571428571428572,-1
"F[1,2](tte < -0.228 -> y = 0.782)
",0.000,-9999999.000,-9999999.000,0.000,1.000,0,5,0,30,30,5,0,35,0.0,1.0,0.0,0.0,0.14285714285714285,0.8571428571428572,-1
"((OXYGEN_SATURATION >= 94.700) U[1,1] (y <= 0.831))
",1.155,0.831,0.356,0.000,1.000,0,5,9,21,21,14,9,26,0.0,0.35714285714285715,0.6428571428571429,0.0,0.14285714285714285,0.8571428571428572,-1
"G[1,2](edrk <= 24.313 & LOS <= 11.945)
",0.000,9999999.000,9999999.000,1.000,0.000,0,5,30,0,0,35,30,5,0.0,0.14285714285714285,0.8571428571428571,0.0,0.14285714285714285,0.8571428571428572,1
"G[0,2](s2_hr >= -0.001 -> tte <= -0.222)
",0.000,9999999.000,9999999.000,1.000,0.000,0,5,10,20,20,15,10,25,0.0,0.3333333333333333,0.6666666666666666,0.0,0.14285714285714285,0.8571428571428572,1
"G[0,0](hr <= 93.070 -> y >= 0.016)
",0.205,-4.998,-6.147,1.000,0.000,0,5,9,21,21,14,9,26,0.0,0.35714285714285715,0.6428571428571429,0.0,0.14285714285714285,0.8571428571428572,1
"G[1,2](hr >= 61.900 & Pulse >= 83.683)
",0.000,9999999.000,9999999.000,1.000,0.000,0,5,29,1,1,34,29,6,0.0,0.14705882352941177,0.8529411764705882,0.0,0.14285714285714285,0.8571428571428572,1
"G[1,2](hr >= 52.958 & Pulse >= 82.878)
",0.000,9999999.000,9999999.000,1.000,0.000,0,5,29,1,1,34,29,6,0.0,0.14705882352941177,0.8529411764705882,0.0,0.14285714285714285,0.8571428571428572,1
"G[0,2](ALBUMIN <= 3.200 & SpO2 >= 94.502)
",0.000,9999999.000,9999999.000,1.000,0.000,0,5,25,5,5,30,25,10,0.0,0.16666666666666666,0.8333333333333334,0.0,0.14285714285714285,0.8571428571428572,1
"G[1,2](hr >= 84.908 & Pulse >= 78.064)
",0.000,9999999.000,9999999.000,1.000,0.000,0,5,29,1,1,34,29,6,0.0,0.14705882352941177,0.8529411764705882,0.0,0.14285714285714285,0.8571428571428572,1
"F[1,2](Resp >= 14.102 & y <= 0.966)
",0.000,-9999999.000,-9999999.000,0.000,1.000,0,5,0,30,30,5,0,35,0.0,1.0,0.0,0.0,0.14285714285714285,0.8571428571428572,-1
"G[1,2](edrk >= 14.195 & OXYGEN_SATURATION >= 94.700)
",0.000,9999999.000,9999999.000,1.000,0.000,0,5,23,7,7,28,23,12,0.0,0.17857142857142858,0.8214285714285714,0.0,0.14285714285714285,0.8571428571428572,1
"G[1,2](hr >= 77.748 & Pulse >= 83.588)
",0.000,9999999.000,9999999.000,1.000,0.000,0,5,29,1,1,34,29,6,0.0,0.14705882352941177,0.8529411764705882,0.0,0.14285714285714285,0.8571428571428572,1
"((PARTIAL_THROMBOPLASTIN_TIME <= 31.800) U[1,2] (srr >= 0.058))
",0.000,-9999999.000,-9999999.000,0.000,1.000,0,5,0,30,30,5,0,35,0.0,1.0,0.0,0.0,0.14285714285714285,0.8571428571428572,-1
"((LOS >= 4.747) U[1,2] (Temp <= 36.887))
",0.000,-9999999.000,-9999999.000,0.000,1.000,0,5,4,26,26,9,4,31,0.0,0.5555555555555556,0.4444444444444444,0.0,0.14285714285714285,0.8571428571428572,-1
"F[0,1](n_evts <= 0.745 | y <= 0.825)
",0.000,-9999999.000,-9999999.000,0.000,1.000,0,5,9,21,21,14,9,26,0.0,0.35714285714285715,0.6428571428571429,0.0,0.14285714285714285,0.8571428571428572,-1
"((Mort <= 0.275) U[1,1] (s8_hr <= 0.001))
",1.155,0.275,0.119,0.000,1.000,0,5,9,21,21,14,9,26,0.0,0.35714285714285715,0.6428571428571429,0.0,0.14285714285714285,0.8571428571428572,-1
"((cosen >= -2.203) U[1,2] (O2_Flow >= 2.451))
",0.000,-9999999.000,-9999999.000,0.000,1.000,0,5,2,28,28,7,2,33,0.0,0.7142857142857143,0.2857142857142857,0.0,0.14285714285714285,0.8571428571428572,-1
"((tte >= -1.540) U[0,0] (y <= 0.283))
",1.167,1.540,0.954,0.000,1.000,0,5,9,21,21,14,9,26,0.0,0.35714285714285715,0.6428571428571429,0.0,0.14285714285714285,0.8571428571428572,-1
"((MET <= 0.455) U[1,1] (s8_edrk <= 0.000))
",0.408,0.455,0.392,0.000,1.000,3,2,12,18,21,14,15,20,0.14285714285714285,0.14285714285714285,0.8571428571428571,0.2,0.14285714285714285,0.8571428571428572,-1
"((srr >= 0.016) U[1,2] (y <= 0.280))
",0.000,-9999999.000,-9999999.000,0.000,1.000,0,5,0,30,30,5,0,35,0.0,1.0,0.0,0.0,0.14285714285714285,0.8571428571428572,-1
"((edrk <= 35.464) U[1,2] (y <= 0.915))
",0.000,-9999999.000,-9999999.000,0.000,1.000,0,5,0,30,30,5,0,35,0.0,1.0,0.0,0.0,0.14285714285714285,0.8571428571428572,-1
"G[1,2](MET <= 0.660 & SBP <= 135.849)
",0.000,9999999.000,9999999.000,1.000,0.000,0,4,31,0,0,35,31,4,0.0,0.11428571428571428,0.8857142857142857,0.0,0.11428571428571428,0.8857142857142857,1
"G[1,2](s2_hr >= -0.000 -> Temp >= 36.295)
",0.000,9999999.000,9999999.000,1.000,0.000,0,4,31,0,0,35,31,4,0.0,0.11428571428571428,0.8857142857142857,0.0,0.11428571428571428,0.8857142857142857,1
"G[0,2](cosen <= -1.204 & MET <= 0.773)
",0.000,9999999.000,9999999.000,1.000,0.000,0,4,31,0,0,35,31,4,0.0,0.11428571428571428,0.8857142857142857,0.0,0.11428571428571428,0.8857142857142857,1
"G[0,2](af <= 0.362 & cosen <= -1.102)
",0.000,9999999.000,9999999.000,1.000,0.000,0,4,31,0,0,35,31,4,0.0,0.11428571428571428,0.8857142857142857,0.0,0.11428571428571428,0.8857142857142857,1
"G[0,1](AF >= 0.027 | ICU_Pt_Days >= 1.707)
",0.000,9999999.000,9999999.000,1.000,0.000,0,4,10,21,21,14,10,25,0.0,0.2857142857142857,0.7142857142857143,0.0,0.11428571428571428,0.8857142857142857,1
"G[0,2](AF >= 0.016 | s2_edrk >= -0.001)
",0.000,9999999.000,9999999.000,1.000,0.000,0,4,28,3,3,32,28,7,0.0,0.125,0.875,0.0,0.11428571428571428,0.8857142857142857,1
"F[1,2](death >= 0.054 & SBP >= 66.377)
",0.000,-9999999.000,-9999999.000,0.000,1.000,0,4,0,31,31,4,0,35,0.0,1.0,0.0,0.0,0.11428571428571428,0.8857142857142857,-1
"((ICU_Pt_Days <= 2.018) U[1,2] (Mort >= 0.014))
",0.000,-9999999.000,-9999999.000,0.000,1.000,0,4,3,28,28,7,3,32,0.0,0.5714285714285714,0.42857142857142855,0.0,0.11428571428571428,0.8857142857142857,-1
"((edrk >= 15.930) U[0,2] (Glasgow_Coma_Scale_Total <= 14.981))
",0.000,-9999999.000,-9999999.000,0.000,1.000,0,4,0,31,31,4,0,35,0.0,1.0,0.0,0.0,0.11428571428571428,0.8857142857142857,-1
"F[0,2](cosen <= -1.960 -> y = 0.402)
",0.000,-9999999.000,-9999999.000,0.000,1.000,0,4,0,31,31,4,0,35,0.0,1.0,0.0,0.0,0.11428571428571428,0.8857142857142857,-1
"G[1,2](direct <= 0.337 | n_edrk <= 0.839)
",0.000,9999999.000,9999999.000,1.000,0.000,0,3,32,0,0,35,32,3,0.0,0.08571428571428572,0.9142857142857143,0.0,0.08571428571428572,0.9142857142857143,1
"G[0,2](s2_hr <= 0.001 -> SpO2 >= 88.342)
",0.000,9999999.000,9999999.000,1.000,0.000,0,3,32,0,0,35,32,3,0.0,0.08571428571428572,0.9142857142857143,0.0,0.08571428571428572,0.9142857142857143,1
"G[1,2](O2_Flow <= 2.917 | s24_hr >= -0.000)
",0.000,9999999.000,9999999.000,1.000,0.000,0,3,32,0,0,35,32,3,0.0,0.08571428571428572,0.9142857142857143,0.0,0.08571428571428572,0.9142857142857143,1
"G[1,2](af <= 0.272 -> dfa <= 0.859)
",0.000,9999999.000,9999999.000,1.000,0.000,0,3,32,0,0,35,32,3,0.0,0.08571428571428572,0.9142857142857143,0.0,0.08571428571428572,0.9142857142857143,1
"G[1,2](Pulse <= 89.982 -> s8_edrk <= 0.002)
",0.000,9999999.000,9999999.000,1.000,0.000,0,3,32,0,0,35,32,3,0.0,0.08571428571428572,0.9142857142857143,0.0,0.08571428571428572,0.9142857142857143,1
"G[1,1](Glasgow_Coma_Scale_Total >= 14.570 -> tte <= -0.086)
",0.683,-0.430,-1.448,1.000,0.000,0,3,11,21,21,14,11,24,0.0,0.21428571428571427,0.7857142857142857,0.0,0.08571428571428572,0.9142857142857143,1
"G[1,2](s8_edrk <= 0.003 & SBP <= 166.056)
",0.000,9999999.000,9999999.000,1.000,0.000,0,3,32,0,0,35,32,3,0.0,0.08571428571428572,0.9142857142857143,0.0,0.08571428571428572,0.9142857142857143,1
"G[0,2](LOS >= 5.295 | s24_edrk <= 0.002)
",0.000,9999999.000,9999999.000,1.000,0.000,0,3,32,0,0,35,32,3,0.0,0.08571428571428572,0.9142857142857143,0.0,0.08571428571428572,0.9142857142857143,1
"G[1,2](death <= 0.368 -> y >= 0.184)
",0.000,9999999.000,9999999.000,1.000,0.000,0,3,11,21,21,14,11,24,0.0,0.21428571428571427,0.7857142857142857,0.0,0.08571428571428572,0.9142857142857143,1
"F[1,2](death <= 0.425 & direct <= 0.647)
",0.000,-9999999.000,-9999999.000,0.000,1.000,0,3,0,32,32,3,0,35,0.0,1.0,0.0,0.0,0.08571428571428572,0.9142857142857143,-1
"F[1,2](s2_edrk <= 4.279584035222586e-06 & y <= 0.749)
",0.000,-9999999.000,-9999999.000,0.000,1.000,0,3,0,32,32,3,0,35,0.0,1.0,0.0,0.0,0.08571428571428572,0.9142857142857143,-1
"((hr <= 99.604) U[1,2] (O2_Flow >= 2.215))
",0.000,-9999999.000,-9999999.000,0.000,1.000,0,3,4,28,28,7,4,31,0.0,0.42857142857142855,0.5714285714285714,0.0,0.08571428571428572,0.9142857142857143,-1
"F[1,2](Glasgow_Coma_Scale_Total <= 14.996 & s8_edrk >= -0.003)
",0.000,-9999999.000,-9999999.000,0.000,1.000,0,2,0,33,33,2,0,35,0.0,1.0,0.0,0.0,0.05714285714285714,0.9428571428571428,-1
"F[1,2](MET >= 0.016 & s8_hr >= -4.079856288623338e-05)
",0.000,-9999999.000,-9999999.000,0.000,1.000,0,2,0,33,33,2,0,35,0.0,1.0,0.0,0.0,0.05714285714285714,0.9428571428571428,-1
"F[1,2](MET >= 0.005 & n_edrk >= 0.057)
",0.000,-9999999.000,-9999999.000,0.000,1.000,0,2,0,33,33,2,0,35,0.0,1.0,0.0,0.0,0.05714285714285714,0.9428571428571428,-1
"F[0,2](s8_edrk >= -0.004 -> y = 0.283)
",0.000,-9999999.000,-9999999.000,0.000,1.000,0,2,0,33,33,2,0,35,0.0,1.0,0.0,0.0,0.05714285714285714,0.9428571428571428,-1
"F[0,2](dfa >= 0.464 & Glasgow_Coma_Scale_Total <= 14.998)
",0.000,-9999999.000,-9999999.000,0.000,1.000,0,2,0,33,33,2,0,35,0.0,1.0,0.0,0.0,0.05714285714285714,0.9428571428571428,-1
"((LOS <= 7.873) U[1,2] (MET >= 0.013))
",0.000,-9999999.000,-9999999.000,0.000,1.000,0,2,0,33,33,2,0,35,0.0,1.0,0.0,0.0,0.05714285714285714,0.9428571428571428,-1
"G[0,2](cosen >= -2.129 -> Resp <= 19.749)
",0.000,9999999.000,9999999.000,1.000,0.000,0,2,25,8,8,27,25,10,0.0,0.07407407407407407,0.9259259259259259,0.0,0.05714285714285714,0.9428571428571428,1
"G[1,2](O2_Flow <= 6.880 -> s2_edrk >= -0.006)
",0.000,9999999.000,9999999.000,1.000,0.000,0,2,33,0,0,35,33,2,0.0,0.05714285714285714,0.9428571428571428,0.0,0.05714285714285714,0.9428571428571428,1
"G[0,2](af <= 0.468 -> MET <= 0.904)
",0.000,9999999.000,9999999.000,1.000,0.000,0,2,33,0,0,35,33,2,0.0,0.05714285714285714,0.9428571428571428,0.0,0.05714285714285714,0.9428571428571428,1
"G[0,2](LOS >= 4.162 | Resp >= 17.492)
",0.000,9999999.000,9999999.000,1.000,0.000,0,2,33,0,0,35,33,2,0.0,0.05714285714285714,0.9428571428571428,0.0,0.05714285714285714,0.9428571428571428,1
"G[0,2](dfa >= 0.432 | s2_hr >= -0.000)
",0.000,9999999.000,9999999.000,1.000,0.000,0,2,31,2,2,33,31,4,0.0,0.06060606060606061,0.9393939393939394,0.0,0.05714285714285714,0.9428571428571428,1
"G[1,2](O2_Flow <= 3.413 | srr <= 0.126)
",0.000,9999999.000,9999999.000,1.000,0.000,0,2,33,0,0,35,33,2,0.0,0.05714285714285714,0.9428571428571428,0.0,0.05714285714285714,0.9428571428571428,1
"G[1,2](Glasgow_Coma_Scale_Total >= 14.315 | SBP <= 173.402)
",0.000,9999999.000,9999999.000,1.000,0.000,0,2,33,0,0,35,33,2,0.0,0.05714285714285714,0.9428571428571428,0.0,0.05714285714285714,0.9428571428571428,1
"G[0,2](Pulse >= 84.022 -> s24_hr <= 0.001)
",0.000,9999999.000,9999999.000,1.000,0.000,0,2,33,0,0,35,33,2,0.0,0.05714285714285714,0.9428571428571428,0.0,0.05714285714285714,0.9428571428571428,1
"G[1,2](death <= 0.742 -> Glasgow_Coma_Scale_Total >= 14.265)
",0.000,9999999.000,9999999.000,1.000,0.000,0,2,33,0,0,35,33,2,0.0,0.05714285714285714,0.9428571428571428,0.0,0.05714285714285714,0.9428571428571428,1
"G[0,2](direct >= 0.013 | ICU_Pt_Days >= 0.133)
",0.000,9999999.000,9999999.000,1.000,0.000,0,2,33,0,0,35,33,2,0.0,0.05714285714285714,0.9428571428571428,0.0,0.05714285714285714,0.9428571428571428,1
"G[1,2](SBP >= 80.185 -> tte >= -0.845)
",0.000,9999999.000,9999999.000,1.000,0.000,0,2,33,0,0,35,33,2,0.0,0.05714285714285714,0.9428571428571428,0.0,0.05714285714285714,0.9428571428571428,1
"G[0,2](direct >= 0.106 -> lds >= 1.141)
",0.000,9999999.000,9999999.000,1.000,0.000,0,2,33,0,0,35,33,2,0.0,0.05714285714285714,0.9428571428571428,0.0,0.05714285714285714,0.9428571428571428,1
"G[0,2](direct <= 0.660 | SpO2 <= 99.277)
",0.000,9999999.000,9999999.000,1.000,0.000,0,2,33,0,0,35,33,2,0.0,0.05714285714285714,0.9428571428571428,0.0,0.05714285714285714,0.9428571428571428,1
"G[1,2](cosen >= -2.283 -> death <= 0.683)
",0.000,9999999.000,9999999.000,1.000,0.000,0,2,33,0,0,35,33,2,0.0,0.05714285714285714,0.9428571428571428,0.0,0.05714285714285714,0.9428571428571428,1
"G[1,2](direct >= 0.009 | SBP <= 116.412)
",0.000,9999999.000,9999999.000,1.000,0.000,0,2,31,2,2,33,31,4,0.0,0.06060606060606061,0.9393939393939394,0.0,0.05714285714285714,0.9428571428571428,1
"G[0,2](AF <= 0.366 -> Pulse <= 89.547)
",0.000,9999999.000,9999999.000,1.000,0.000,0,2,28,5,5,30,28,7,0.0,0.06666666666666667,0.9333333333333333,0.0,0.05714285714285714,0.9428571428571428,1
"G[1,2](dfa <= 0.705 -> lds <= 2.119)
",0.000,9999999.000,9999999.000,1.000,0.000,0,1,30,4,4,31,30,5,0.0,0.03225806451612903,0.967741935483871,0.0,0.02857142857142857,0.9714285714285714,1
"G[1,2](n_edrk <= 0.831 | srr <= 0.108)
",0.000,9999999.000,9999999.000,1.000,0.000,0,1,32,2,2,33,32,3,0.0,0.030303030303030304,0.9696969696969697,0.0,0.02857142857142857,0.9714285714285714,1
"((af <= 0.235) U[2,2] (s2_edrk <= 0.002))
",0.000,0.235,0.235,0.000,1.000,0,0,0,35,35,0,0,35,0.0,0.0,0.0,0.0,0.0,1.0,-1
"((n_evts <= 0.672) U[1,1] (PARTIAL_THROMBOPLASTIN_TIME <= 31.800))
",0.672,0.672,-0.000,0.000,1.000,0,0,14,21,21,14,14,21,0.0,0.0,1.0,0.0,0.0,1.0,-1
"((MET >= 0.019) U[0,2] (death = 0.114))
",0.000,-9999999.000,-9999999.000,0.000,1.000,0,0,0,35,35,0,0,35,0.0,0.0,0.0,0.0,0.0,1.0,-1
"((ALBUMIN <= 3.200) U[2,2] (edrk <= 26.603))
",0.187,11.146,9.576,0.000,1.000,0,0,0,35,35,0,0,35,0.0,0.0,0.0,0.0,0.0,1.0,-1
"((Glasgow_Coma_Scale_Total >= 14.842) U[2,2] (SpO2 <= 98.432))
",-0.262,2.332,3.925,0.000,1.000,0,0,0,35,35,0,0,35,0.0,0.0,0.0,0.0,0.0,1.0,-1
"((TOTAL_PROTEIN >= 6.300) U[0,2] (y = 0.686))
",0.000,-9999999.000,-9999999.000,0.000,1.000,0,0,0,35,35,0,0,35,0.0,0.0,0.0,0.0,0.0,1.0,-1
"F[2,2](Resp >= 16.680 | s8_hr <= 0.001)
",0.889,4.620,1.703,0.000,1.000,0,0,0,35,35,0,0,35,0.0,0.0,0.0,0.0,0.0,1.0,-1
"F[2,2](s8_hr <= 0.000 | y <= 0.428)
",1.155,0.428,0.184,0.000,1.000,0,0,0,35,35,0,0,35,0.0,0.0,0.0,0.0,0.0,1.0,-1
"F[2,2](LOS >= 4.252 | s2_hr <= 0.003)
",0.199,1.748,1.216,0.000,1.000,0,0,0,35,35,0,0,35,0.0,0.0,0.0,0.0,0.0,1.0,-1
"((af <= 0.447) U[2,2] (Pulse <= 99.437))
",-0.600,9.937,17.296,0.000,1.000,0,0,0,35,35,0,0,35,0.0,0.0,0.0,0.0,0.0,1.0,-1
"((af <= 0.349) U[2,2] (srr <= 0.137))
",0.000,0.349,0.349,0.000,1.000,0,0,0,35,35,0,0,35,0.0,0.0,0.0,0.0,0.0,1.0,-1
"((Glasgow_Coma_Scale_Total <= 14.925) U[2,2] (y <= 0.998))
",0.902,0.998,0.559,0.000,1.000,0,0,0,35,35,0,0,35,0.0,0.0,0.0,0.0,0.0,1.0,-1
"F[2,2](dfa <= 0.775 | SpO2 >= 92.502)
",0.016,3.598,3.524,0.000,1.000,0,0,0,35,35,0,0,35,0.0,0.0,0.0,0.0,0.0,1.0,-1
"((af >= 0.004) U[2,2] (ICU_Pt_Days >= 0.494))
",-0.610,0.506,1.646,0.000,1.000,0,0,0,35,35,0,0,35,0.0,0.0,0.0,0.0,0.0,1.0,-1
"((CO2 >= 26.000) U[1,2] (y = 0.761))
",0.000,-9999999.000,-9999999.000,0.000,1.000,0,0,0,35,35,0,0,35,0.0,0.0,0.0,0.0,0.0,1.0,-1
"((af <= 0.045) U[2,2] (AF >= 0.018))
",0.000,0.045,0.045,0.000,1.000,0,0,0,35,35,0,0,35,0.0,0.0,0.0,0.0,0.0,1.0,-1
"F[2,2](ICU_Pt_Days <= 3.743 | n_edrk <= 0.909)
",0.382,2.743,2.265,0.000,1.000,0,0,0,35,35,0,0,35,0.0,0.0,0.0,0.0,0.0,1.0,-1
"((Glasgow_Coma_Scale_Total <= 14.951) U[2,2] (Pulse <= 102.720))
",-0.536,13.220,20.182,0.000,1.000,0,0,0,35,35,0,0,35,0.0,0.0,0.0,0.0,0.0,1.0,-1
"F[2,2](POTASSIUM >= 4.000 -> y = 0.269)
",0.000,0.000,0.000,0.000,1.000,0,0,0,35,35,0,0,35,0.0,0.0,0.0,0.0,0.0,1.0,-1
"((n_evts <= 0.535) U[2,2] (s8_hr <= 0.001))
",1372.073,0.535,0.001,0.000,1.000,0,0,0,35,35,0,0,35,0.0,0.0,0.0,0.0,0.0,1.0,-1
"F[2,2](dfa >= 0.489 | n_edrk >= 0.583)
",0.511,0.324,0.143,0.000,1.000,0,0,0,35,35,0,0,35,0.0,0.0,0.0,0.0,0.0,1.0,-1
"((AF >= 0.010) U[2,2] (tte >= -1.007))
",1.250,1.007,0.489,0.000,1.000,0,0,0,35,35,0,0,35,0.0,0.0,0.0,0.0,0.0,1.0,-1
"((PLATELET_COUNT >= 212.000) U[1,2] (y = 0.052))
",0.000,-9999999.000,-9999999.000,0.000,1.000,0,0,0,35,35,0,0,35,0.0,0.0,0.0,0.0,0.0,1.0,-1
"((lds <= 2.077) U[2,2] (srr >= 0.061))
",-0.670,0.274,0.604,0.000,1.000,0,0,0,35,35,0,0,35,0.0,0.0,0.0,0.0,0.0,1.0,-1
"((PHOSPHORUS < 3.500) U[2,2] (y = 0.347))
",0.000,0.000,0.000,0.000,1.000,0,0,0,35,35,0,0,35,0.0,0.0,0.0,0.0,0.0,1.0,-1
"F[1,2](MAGNESIUM >= 2.000 & y = 0.584)
",0.000,-9999999.000,-9999999.000,0.000,1.000,0,0,0,35,35,0,0,35,0.0,0.0,0.0,0.0,0.0,1.0,-1
"F[2,2](s8_edrk >= -0.003 -> srr <= 0.145)
",-0.221,-0.096,-0.084,0.000,1.000,0,0,0,35,35,0,0,35,0.0,0.0,0.0,0.0,0.0,1.0,-1
"F[2,2](Resp >= 18.443 | s8_edrk <= 0.003)
",0.825,2.902,0.512,0.000,1.000,0,0,0,35,35,0,0,35,0.0,0.0,0.0,0.0,0.0,1.0,-1
"((O2_Flow <= 5.541) U[2,2] (y <= 0.738))
",0.552,3.541,2.998,0.000,1.000,0,0,0,35,35,0,0,35,0.0,0.0,0.0,0.0,0.0,1.0,-1
"((Glasgow_Coma_Scale_Total >= 14.031) U[2,2] (s8_hr >= -0.000))
",0.408,0.969,0.830,0.000,1.000,0,0,0,35,35,0,0,35,0.0,0.0,0.0,0.0,0.0,1.0,-1
"((s8_hr >= -0.000) U[2,2] (srr >= 0.051))
",-0.220,0.007,0.016,0.000,1.000,0,0,0,35,35,0,0,35,0.0,0.0,0.0,0.0,0.0,1.0,-1
"((lds >= 1.197) U[0,1] (n_evts <= 0.820))
",0.000,-9999999.000,-9999999.000,0.000,1.000,0,0,14,21,21,14,14,21,0.0,0.0,1.0,0.0,0.0,1.0,-1
"F[2,2](Glasgow_Coma_Scale_Total <= 14.948 & ICU_Pt_Days <= 3.648)
",0.302,-0.052,-0.280,0.000,1.000,0,0,0,35,35,0,0,35,0.0,0.0,0.0,0.0,0.0,1.0,-1
"((GLUCOSE < 119.000) U[0,2] (y = 0.959))
",0.000,-9999999.000,-9999999.000,0.000,1.000,0,0,0,35,35,0,0,35,0.0,0.0,0.0,0.0,0.0,1.0,-1
"((cosen <= -1.515) U[2,2] (Temp >= 36.351))
",0.009,0.736,0.732,0.000,1.000,0,0,0,35,35,0,0,35,0.0,0.0,0.0,0.0,0.0,1.0,-1
"((MET <= 0.783) U[2,2] (tte <= -0.057))
",-0.611,0.783,1.633,0.000,1.000,0,0,0,35,35,0,0,35,0.0,0.0,0.0,0.0,0.0,1.0,-1
"F[0,2](TROPONIN_I >= 0.060 -> y = 0.233)
",0.000,-9999999.000,-9999999.000,0.000,1.000,0,0,0,35,35,0,0,35,0.0,0.0,0.0,0.0,0.0,1.0,-1
"((dfa >= 0.488) U[1,2] (y = 0.607))
",0.000,-9999999.000,-9999999.000,0.000,1.000,0,0,0,35,35,0,0,35,0.0,0.0,0.0,0.0,0.0,1.0,-1
"((lds <= 1.885) U[2,2] (s24_hr >= -0.001))
",-0.566,0.166,0.412,0.000,1.000,0,0,0,35,35,0,0,35,0.0,0.0,0.0,0.0,0.0,1.0,-1
"F[2,2](s2_hr < 0.003 -> y = 0.649)
",-0.049,-0.003,-0.003,0.000,1.000,0,0,0,35,35,0,0,35,0.0,0.0,0.0,0.0,0.0,1.0,-1
"((BLOOD_UREA_NITROGEN <= 21.000) U[0,2] (y = 0.391))
",0.000,-9999999.000,-9999999.000,0.000,1.000,0,0,0,35,35,0,0,35,0.0,0.0,0.0,0.0,0.0,1.0,-1
"F[2,2](cosen <= -1.490 -> SpO2 >= 95.505)
",0.340,-1.291,-2.044,0.000,1.000,0,0,0,35,35,0,0,35,0.0,0.0,0.0,0.0,0.0,1.0,-1
"((Resp >= 12.963) U[2,2] (s2_hr <= 0.002))
",0.829,8.337,4.889,0.000,1.000,0,0,0,35,35,0,0,35,0.0,0.0,0.0,0.0,0.0,1.0,-1
"F[2,2](SpO2 < 97.988 -> y = 0.977)
",0.277,-1.888,-3.556,0.000,1.000,0,0,0,35,35,0,0,35,0.0,0.0,0.0,0.0,0.0,1.0,-1
"F[2,2](AF <= 0.441 | direct >= 0.024)
",-0.866,0.441,0.670,0.000,1.000,0,0,0,35,35,0,0,35,0.0,0.0,0.0,0.0,0.0,1.0,-1
"F[2,2]((af <= 0.250 | AF <= 0.377) & cosen >= -2.223)
",-0.269,-0.024,0.057,0.000,1.000,0,0,0,35,35,0,0,35,0.0,0.0,0.0,0.0,0.0,1.0,-1
"((edrk <= 27.771) U[2,2] (srr <= 0.156))
",0.198,12.314,10.589,0.000,1.000,0,0,0,35,35,0,0,35,0.0,0.0,0.0,0.0,0.0,1.0,-1
"((n_evts > 0.235) U[1,2] (y = 0.390))
",0.000,-9999999.000,-9999999.000,0.000,1.000,0,0,0,35,35,0,0,35,0.0,0.0,0.0,0.0,0.0,1.0,-1
"F[2,2](MET <= 0.614 | s24_hr >= -0.001)
",0.408,0.614,0.527,0.000,1.000,0,0,0,35,35,0,0,35,0.0,0.0,0.0,0.0,0.0,1.0,-1
"((direct > 0.074) U[0,2] (y = 0.665))
",0.000,-9999999.000,-9999999.000,0.000,1.000,0,0,0,35,35,0,0,35,0.0,0.0,0.0,0.0,0.0,1.0,-1
"F[2,2](BLOOD_UREA_NITROGEN <= 21.000 & CREATININE >= 1.100)
",0.000,0.000,0.000,0.000,1.000,0,0,0,35,35,0,0,35,0.0,0.0,0.0,0.0,0.0,1.0,-1
"((O2_Flow <= 3.908) U[2,2] (tte >= -0.483))
",0.619,1.908,1.562,0.000,1.000,0,0,0,35,35,0,0,35,0.0,0.0,0.0,0.0,0.0,1.0,-1
"((n_edrk <= 0.898) U[2,2] (SpO2 <= 99.779))
",-0.228,3.679,5.099,0.000,1.000,0,0,0,35,35,0,0,35,0.0,0.0,0.0,0.0,0.0,1.0,-1
"((MET >= 0.041) U[2,2] (death = 0.114))
",-0.408,-0.041,0.102,0.000,1.000,0,0,0,35,35,0,0,35,0.0,0.0,0.0,0.0,0.0,1.0,-1
"F[2,2](s24_hr >= -0.000 & y <= 0.612)
",1.157,0.000,-0.222,0.000,1.000,0,0,0,35,35,0,0,35,0.0,0.0,0.0,0.0,0.0,1.0,-1
"F[2,2](death <= 0.409 -> srr >= 0.052)
",-0.864,-0.409,-0.231,0.000,1.000,0,0,0,35,35,0,0,35,0.0,0.0,0.0,0.0,0.0,1.0,-1
"G[2,2](dfa >= 0.481 -> hr <= 93.699)
",-0.137,-8.621,-6.529,1.000,0.000,0,0,35,0,0,35,35,0,0.0,0.0,1.0,0.0,0.0,1.0,1
"F[2,2](CALCIUM >= 8.900 & srr >= 0.049)
",-0.123,-0.008,-0.006,0.000,1.000,0,0,0,35,35,0,0,35,0.0,0.0,0.0,0.0,0.0,1.0,-1
"G[2,2](lds <= 1.918 | n_edrk <= 0.770)
",-1.022,0.139,0.629,1.000,0.000,0,0,35,0,0,35,35,0,0.0,0.0,1.0,0.0,0.0,1.0,1
"G[1,2](ALBUMIN > 3.200 -> y = 0.840)
",0.000,9999999.000,9999999.000,1.000,0.000,0,0,35,0,0,35,35,0,0.0,0.0,1.0,0.0,0.0,1.0,1
"G[0,2](lds <= 2.252 | Resp <= 20.504)
",0.000,9999999.000,9999999.000,1.000,0.000,0,0,35,0,0,35,35,0,0.0,0.0,1.0,0.0,0.0,1.0,1
"G[2,2](hr <= 107.646 -> n_evts <= 0.526)
",-0.225,-22.568,-18.184,1.000,0.000,0,0,35,0,0,35,35,0,0.0,0.0,1.0,0.0,0.0,1.0,1
"G[1,2](af <= 0.423 | tte <= -0.060)
",0.000,9999999.000,9999999.000,1.000,0.000,0,0,35,0,0,35,35,0,0.0,0.0,1.0,0.0,0.0,1.0,1
"G[0,2](s24_edrk >= -0.003 | SpO2 <= 96.243)
",0.000,9999999.000,9999999.000,1.000,0.000,0,0,35,0,0,35,35,0,0.0,0.0,1.0,0.0,0.0,1.0,1
"G[2,2](death <= 0.782 & s8_edrk >= -0.001)
",0.858,0.001,-0.092,1.000,0.000,0,0,35,0,0,35,35,0,0.0,0.0,1.0,0.0,0.0,1.0,1
"G[2,2](lds <= 2.056 -> y <= 0.827)
",-0.709,-0.859,-0.662,1.000,0.000,0,0,35,0,0,35,35,0,0.0,0.0,1.0,0.0,0.0,1.0,1
"G[2,2](ICU_Pt_Days <= 4.376 & s24_hr >= -0.000)
",0.633,0.000,-0.178,1.000,0.000,0,0,35,0,0,35,35,0,0.0,0.0,1.0,0.0,0.0,1.0,1
"G[2,2](s8_edrk <= 0.002 | Temp >= 36.613)
",-0.663,0.045,0.295,1.000,0.000,0,0,35,0,0,35,35,0,0.0,0.0,1.0,0.0,0.0,1.0,1
"G[1,2](direct <= 0.663 | s2_hr >= -0.002)
",0.000,9999999.000,9999999.000,1.000,0.000,0,0,35,0,0,35,35,0,0.0,0.0,1.0,0.0,0.0,1.0,1
"G[2,2](hr >= 61.289 & Temp <= 37.189)
",-0.228,-0.316,0.443,1.000,0.000,0,0,35,0,0,35,35,0,0.0,0.0,1.0,0.0,0.0,1.0,1
"G[1,2](af >= 0.013 -> SBP <= 118.820)
",0.000,9999999.000,9999999.000,1.000,0.000,0,0,35,0,0,35,35,0,0.0,0.0,1.0,0.0,0.0,1.0,1
"G[2,2](MET <= 0.555 -> s2_edrk >= -0.000)
",-0.408,-0.555,-0.475,1.000,0.000,0,0,35,0,0,35,35,0,0.0,0.0,1.0,0.0,0.0,1.0,1
"G[0,2](Mort >= 0.144 -> Temp <= 37.132)
",0.000,9999999.000,9999999.000,1.000,0.000,0,0,35,0,0,35,35,0,0.0,0.0,1.0,0.0,0.0,1.0,1
"G[2,2](s24_hr >= -5.153273913483642e-05 | tte <= -0.360)
",-0.819,-0.360,0.979,1.000,0.000,0,0,35,0,0,35,35,0,0.0,0.0,1.0,0.0,0.0,1.0,1
"G[1,2](ICU_Pt_Days <= 2.308 | n_evts >= 0.103)
",0.000,9999999.000,9999999.000,1.000,0.000,0,0,35,0,0,35,35,0,0.0,0.0,1.0,0.0,0.0,1.0,1
"G[2,2](LOS >= 5.302 -> O2_Flow <= 3.068)
",0.214,-1.068,-1.534,1.000,0.000,0,0,35,0,0,35,35,0,0.0,0.0,1.0,0.0,0.0,1.0,1
"G[2,2](s24_edrk <= 0.001 | tte >= -1.718)
",1.047,1.718,1.000,1.000,0.000,0,0,35,0,0,35,35,0,0.0,0.0,1.0,0.0,0.0,1.0,1
"G[2,2](ICU_Pt_Days >= 1.573 -> srr <= 0.122)
",0.671,-0.074,-1.085,1.000,0.000,0,0,35,0,0,35,35,0,0.0,0.0,1.0,0.0,0.0,1.0,1
"G[1,2](Mort >= 0.182 -> Resp <= 22.299)
",0.000,9999999.000,9999999.000,1.000,0.000,0,0,35,0,0,35,35,0,0.0,0.0,1.0,0.0,0.0,1.0,1
"G[2,2](cosen <= -1.650 & s8_hr >= -0.000)
",-0.225,-0.028,-0.006,1.000,0.000,0,0,35,0,0,35,35,0,0.0,0.0,1.0,0.0,0.0,1.0,1
"G[2,2](AF >= 0.023 | Mort <= 0.322)
",1.155,0.322,0.125,1.000,0.000,0,0,35,0,0,35,35,0,0.0,0.0,1.0,0.0,0.0,1.0,1
"G[1,2](s2_edrk >= -0.003 | tte <= -0.172)
",0.000,9999999.000,9999999.000,1.000,0.000,0,0,35,0,0,35,35,0,0.0,0.0,1.0,0.0,0.0,1.0,1
"G[2,2](ICU_Pt_Days >= 0.077 -> O2_Flow <= 6.219)
",0.110,-4.219,-4.278,1.000,0.000,0,0,35,0,0,35,35,0,0.0,0.0,1.0,0.0,0.0,1.0,1
"G[2,2](edrk <= 27.880 -> s2_edrk >= -0.002)
",-0.199,-12.422,-10.669,1.000,0.000,0,0,35,0,0,35,35,0,0.0,0.0,1.0,0.0,0.0,1.0,1
"G[1,2](dfa >= 0.503 -> MET <= 0.196)
",0.000,9999999.000,9999999.000,1.000,0.000,0,0,35,0,0,35,35,0,0.0,0.0,1.0,0.0,0.0,1.0,1
"G[1,2](n_evts <= 0.422 -> LOS >= 6.126)
",0.000,9999999.000,9999999.000,1.000,0.000,0,0,14,21,21,14,14,21,0.0,0.0,1.0,0.0,0.0,1.0,1
"((CALCIUM <= 8.900) U[2,2] (lds <= 2.076))
",-0.666,0.279,0.604,0.000,1.000,0,0,0,35,35,0,0,35,0.0,0.0,0.0,0.0,0.0,1.0,-1
"G[2,2](dfa <= 0.829 & srr <= 0.069)
",0.332,0.021,-0.020,1.000,0.000,0,0,35,0,0,35,35,0,0.0,0.0,1.0,0.0,0.0,1.0,1
"((MET >= 0.030) U[2,2] (death = 0.114))
",-0.408,-0.030,0.113,0.000,1.000,0,0,0,35,35,0,0,35,0.0,0.0,0.0,0.0,0.0,1.0,-1
"((n_edrk <= 0.881) U[2,2] (TOTAL_BILIRUBIN >= 0.700))
",-1.196,0.054,0.531,0.000,1.000,0,0,0,35,35,0,0,35,0.0,0.0,0.0,0.0,0.0,1.0,-1
"((n_edrk >= 0.232) U[2,2] (s2_edrk <= 0.003))
",1.378,0.675,0.208,0.000,1.000,0,0,0,35,35,0,0,35,0.0,0.0,0.0,0.0,0.0,1.0,-1
"F[2,2](Mort >= 0.178 | y <= 0.570)
",0.356,0.570,0.394,0.000,1.000,0,0,0,35,35,0,0,35,0.0,0.0,0.0,0.0,0.0,1.0,-1
"((MET >= 0.026) U[1,2] (death = 0.114))
",0.000,-9999999.000,-9999999.000,0.000,1.000,0,0,0,35,35,0,0,35,0.0,0.0,0.0,0.0,0.0,1.0,-1
"G[1,2](MET <= 0.248 | srr <= 0.167)
",0.000,9999999.000,9999999.000,1.000,0.000,0,0,35,0,0,35,35,0,0.0,0.0,1.0,0.0,0.0,1.0,1
"G[0,2](n_edrk <= 0.921 -> s8_hr <= 0.001)
",0.000,9999999.000,9999999.000,1.000,0.000,0,0,35,0,0,35,35,0,0.0,0.0,1.0,0.0,0.0,1.0,1
"G[1,2](PARTIAL_THROMBOPLASTIN_TIME < 31.800 -> y = 0.150)
",0.000,9999999.000,9999999.000,1.000,0.000,0,0,35,0,0,35,35,0,0.0,0.0,1.0,0.0,0.0,1.0,1
"G[2,2](death <= 0.372 | Pulse >= 83.517)
",0.063,5.983,5.149,1.000,0.000,0,0,35,0,0,35,35,0,0.0,0.0,1.0,0.0,0.0,1.0,1
"G[1,2](CALCIUM > 8.900 -> y = 0.528)
",0.000,9999999.000,9999999.000,1.000,0.000,0,0,35,0,0,35,35,0,0.0,0.0,1.0,0.0,0.0,1.0,1
"G[2,2](s24_edrk < 0.003 -> y = 0.087)
",0.343,-0.003,-0.004,1.000,0.000,0,0,35,0,0,35,35,0,0.0,0.0,1.0,0.0,0.0,1.0,1
"G[2,2](ICU_Pt_Days < 3.244 & y = 0.144)
",1.253,-0.144,-0.910,1.000,0.000,0,0,35,0,0,35,35,0,0.0,0.0,1.0,0.0,0.0,1.0,1
"G[2,2](s2_hr <= 0.002 & y >= 0.178)
",-1.155,-0.178,-0.075,1.000,0.000,0,0,35,0,0,35,35,0,0.0,0.0,1.0,0.0,0.0,1.0,1
"G[1,2](n_evts <= 0.430 -> LOS >= 2.245)
",0.000,9999999.000,9999999.000,1.000,0.000,0,0,35,0,0,35,35,0,0.0,0.0,1.0,0.0,0.0,1.0,1
"G[1,2](MET >= 0.004 -> s2_hr >= -0.001)
",0.000,9999999.000,9999999.000,1.000,0.000,0,0,35,0,0,35,35,0,0.0,0.0,1.0,0.0,0.0,1.0,1
"G[0,2](af >= 0.008 -> s8_edrk >= -0.005)
",0.000,9999999.000,9999999.000,1.000,0.000,0,0,35,0,0,35,35,0,0.0,0.0,1.0,0.0,0.0,1.0,1
"G[2,2](hr >= 70.226 & Pulse >= 77.340)
",0.099,9.242,6.946,1.000,0.000,0,0,35,0,0,35,35,0,0.0,0.0,1.0,0.0,0.0,1.0,1
"G[2,2](hr >= 67.145 & Pulse >= 85.020)
",0.167,2.638,-0.734,1.000,0.000,0,0,35,0,0,35,35,0,0.0,0.0,1.0,0.0,0.0,1.0,1
"G[1,2](s24_edrk >= -0.007 -> s8_edrk >= -0.004)
",0.000,9999999.000,9999999.000,1.000,0.000,0,0,35,0,0,35,35,0,0.0,0.0,1.0,0.0,0.0,1.0,1
"G[2,2](lds >= 0.819 | s8_edrk <= 0.004)
",0.694,1.015,0.653,1.000,0.000,0,0,35,0,0,35,35,0,0.0,0.0,1.0,0.0,0.0,1.0,1
"G[1,2](n_evts <= 0.468 -> LOS >= 5.448)
",0.000,9999999.000,9999999.000,1.000,0.000,0,0,35,0,0,35,35,0,0.0,0.0,1.0,0.0,0.0,1.0,1
"G[1,2](n_evts <= 0.477 -> LOS >= 3.618)
",0.000,9999999.000,9999999.000,1.000,0.000,0,0,35,0,0,35,35,0,0.0,0.0,1.0,0.0,0.0,1.0,1
"G[1,2](SpO2 >= 86.290 | TOTAL_BILIRUBIN >= 0.700)
",0.000,9999999.000,9999999.000,1.000,0.000,0,0,35,0,0,35,35,0,0.0,0.0,1.0,0.0,0.0,1.0,1
"G[2,2](OXYGEN_SATURATION >= 94.700 & SpO2 <= 98.780)
",0.632,0.000,-0.348,1.000,0.000,0,0,35,0,0,35,35,0,0.0,0.0,1.0,0.0,0.0,1.0,1
"G[2,2](n_edrk <= 0.939 & Resp >= 14.290)
",-0.165,0.032,0.231,1.000,0.000,0,0,35,0,0,35,35,0,0.0,0.0,1.0,0.0,0.0,1.0,1
"F[2,2](death <= 0.558 -> lds >= 0.844)
",-0.992,-1.040,-0.628,0.000,1.000,0,0,0,35,35,0,0,35,0.0,0.0,0.0,0.0,0.0,1.0,-1
