Rule,Discrimination Score,Pos Robustness,Neg Robustness,Percent Class +,Percent Class -,TP,TN,FP,FN,Actual Yes,Actual No,Predicted Yes,Predicted No,TPR/Sens,TNR/Spec,FPR,Precision,Accuracy,MCR
"((TOTAL_BILIRUBIN <= 1.407) U[0,1] (y >= 0.053))
",0.000,-9999999.000,-9999999.000,0.000,1.000,223,26,3,0,223,29,226,26,1.0,0.896551724137931,0.10344827586206896,0.9867256637168141,0.9880952380952381,0.011904761904761862
"((PHOSPHORUS <= 3.875) U[1,1] (y >= 0.065))
",-0.774,0.303,0.795,0.000,1.000,223,23,6,0,223,29,229,23,1.0,0.7931034482758621,0.20689655172413793,0.9737991266375546,0.9761904761904762,0.023809523809523836
"((CREATININE >= 1.772) U[0,1] (MET <= 0.993))
",0.000,-9999999.000,-9999999.000,0.000,1.000,223,12,17,0,223,29,240,12,1.0,0.41379310344827586,0.5862068965517241,0.9291666666666667,0.9325396825396826,0.06746031746031744
"((MET <= 0.977) U[1,1] (Pulse >= 55.487))
",-0.004,16.200,16.261,0.000,1.000,223,11,18,0,223,29,241,11,1.0,0.3793103448275862,0.6206896551724138,0.9253112033195021,0.9285714285714286,0.0714285714285714
"F[0,0](AST_GOT >= 27.212 & O2_Flow <= 5.825)
",-0.881,-0.158,1.503,0.000,1.000,218,15,14,5,223,29,232,20,0.9775784753363229,0.5172413793103449,0.4827586206896552,0.9396551724137931,0.9246031746031746,0.07539682539682535
"((CHLORIDE >= 97.724) U[0,1] (TOTAL_PROTEIN <= 6.278))
",0.000,-9999999.000,-9999999.000,0.000,1.000,218,15,14,5,223,29,232,20,0.9775784753363229,0.5172413793103449,0.4827586206896552,0.9396551724137931,0.9246031746031746,0.07539682539682535
"F[0,1](ALBUMIN >= 3.206 & Temp <= 36.479)
",0.000,-9999999.000,-9999999.000,0.000,1.000,218,15,14,5,223,29,232,20,0.9775784753363229,0.5172413793103449,0.4827586206896552,0.9396551724137931,0.9246031746031746,0.07539682539682535
"((SODIUM <= 141.528) U[0,1] (TOTAL_BILIRUBIN >= 0.762))
",0.000,-9999999.000,-9999999.000,0.000,1.000,218,15,14,5,223,29,232,20,0.9775784753363229,0.5172413793103449,0.4827586206896552,0.9396551724137931,0.9246031746031746,0.07539682539682535
"((CO2 <= 30.868) U[0,0] (TOTAL_PROTEIN <= 6.279))
",-1.429,1.682,5.868,0.000,1.000,218,15,14,5,223,29,232,20,0.9775784753363229,0.5172413793103449,0.4827586206896552,0.9396551724137931,0.9246031746031746,0.07539682539682535
"((ALBUMIN >= 3.204) U[0,1] (ALKALINE_PHOSPHATASE >= 91.535))
",0.000,-9999999.000,-9999999.000,0.000,1.000,218,15,14,5,223,29,232,20,0.9775784753363229,0.5172413793103449,0.4827586206896552,0.9396551724137931,0.9246031746031746,0.07539682539682535
"((CALCIUM <= 9.393) U[0,0] (TOTAL_BILIRUBIN >= 0.707))
",-1.388,0.130,0.729,0.000,1.000,218,15,14,5,223,29,232,20,0.9775784753363229,0.5172413793103449,0.4827586206896552,0.9396551724137931,0.9246031746031746,0.07539682539682535
"((LOS <= 11.989) U[1,2] (Pulse <= 89.989))
",0.000,-9999999.000,-9999999.000,0.000,1.000,223,9,18,2,225,27,241,11,0.9911111111111112,0.3333333333333333,0.6666666666666666,0.9253112033195021,0.9206349206349206,0.07936507936507942
"((hr <= 107.658) U[0,0] (Mort >= 0.001))
",0.144,36.844,32.984,0.000,1.000,223,6,23,0,223,29,246,6,1.0,0.20689655172413793,0.7931034482758621,0.9065040650406504,0.9087301587301587,0.09126984126984128
"((HEMOGLOBIN <= 13.777) U[0,0] (PROTIME_INR >= 1.226))
",-0.301,1.303,2.090,0.000,1.000,211,15,14,12,223,29,225,27,0.9461883408071748,0.5172413793103449,0.4827586206896552,0.9377777777777778,0.8968253968253969,0.10317460317460314
"F[0,1](PARTIAL_THROMBOPLASTIN_TIME >= 31.997 & Temp <= 37.000)
",0.000,-9999999.000,-9999999.000,0.000,1.000,210,15,14,13,223,29,224,28,0.9417040358744395,0.5172413793103449,0.4827586206896552,0.9375,0.8928571428571429,0.1071428571428571
"((edrk <= 30.097) U[1,1] (Glasgow_Coma_Scale_Total <= 14.995))
",0.215,15.692,14.380,0.000,1.000,223,2,27,0,223,29,250,2,1.0,0.06896551724137931,0.9310344827586207,0.892,0.8928571428571429,0.1071428571428571
"((GLUCOSE >= 118.317) U[1,1] (TOTAL_BILIRUBIN >= 0.715))
",0.515,9.338,1.663,0.000,1.000,223,1,28,0,223,29,251,1,1.0,0.034482758620689655,0.9655172413793104,0.8884462151394422,0.8888888888888888,0.11111111111111116
"((LOS < 11.795) U[1,1] (y = 0.709))
",-0.683,-0.205,2.081,0.000,1.000,223,0,29,0,223,29,252,0,1.0,0.0,1.0,0.8849206349206349,0.8849206349206349,0.11507936507936511
"F[1,1](PCO2 >= 39.500 & y = 0.920)
",-1.581,-0.920,-0.320,0.000,1.000,223,0,29,0,223,29,252,0,1.0,0.0,1.0,0.8849206349206349,0.8849206349206349,0.11507936507936511
"((n_evts > 1.000) U[0,1] (y = 0.623))
",0.000,-9999999.000,-9999999.000,0.000,1.000,223,0,29,0,223,29,252,0,1.0,0.0,1.0,0.8849206349206349,0.8849206349206349,0.11507936507936511
"F[0,1](AF < 0.151 & y = 0.835)
",0.000,-9999999.000,-9999999.000,0.000,1.000,223,0,29,0,223,29,252,0,1.0,0.0,1.0,0.8849206349206349,0.8849206349206349,0.11507936507936511
"((O2_Flow >= 3.525) U[0,0] (y = 0.498))
",0.446,0.460,-0.148,0.000,1.000,223,0,29,0,223,29,252,0,1.0,0.0,1.0,0.8849206349206349,0.8849206349206349,0.11507936507936511
"((CREATININE > 2.098) U[1,1] (y = 0.412))
",1.748,0.272,-0.436,0.000,1.000,223,0,29,0,223,29,252,0,1.0,0.0,1.0,0.8849206349206349,0.8849206349206349,0.11507936507936511
"F[0,1](LACTIC_ACID < 1.292 & y = 0.391)
",0.000,-9999999.000,-9999999.000,0.000,1.000,223,0,29,0,223,29,252,0,1.0,0.0,1.0,0.8849206349206349,0.8849206349206349,0.11507936507936511
"((GLUCOSE >= 112.767) U[0,1] (y = 0.802))
",0.000,-9999999.000,-9999999.000,0.000,1.000,223,0,29,0,223,29,252,0,1.0,0.0,1.0,0.8849206349206349,0.8849206349206349,0.11507936507936511
"((s24_hr < 0.001) U[1,1] (y = 0.821))
",0.370,0.001,0.001,0.000,1.000,223,0,29,0,223,29,252,0,1.0,0.0,1.0,0.8849206349206349,0.8849206349206349,0.11507936507936511
"((tte < 8.940) U[1,1] (y = 0.053))
",-1.838,2.172,10.010,0.000,1.000,223,0,29,0,223,29,252,0,1.0,0.0,1.0,0.8849206349206349,0.8849206349206349,0.11507936507936511
"F[1,1](n_edrk <= 0.972 & y = 0.889)
",-1.581,-0.889,-0.333,0.000,1.000,223,0,29,0,223,29,252,0,1.0,0.0,1.0,0.8849206349206349,0.8849206349206349,0.11507936507936511
"F[1,1](Pulse < 103.503 & y = 0.340)
",1.581,-0.340,-0.568,0.000,1.000,223,0,29,0,223,29,252,0,1.0,0.0,1.0,0.8849206349206349,0.8849206349206349,0.11507936507936511
"F[1,1](HEMOGLOBIN > 11.853 & y = 0.662)
",0.007,-0.894,-0.902,0.000,1.000,223,0,29,0,223,29,252,0,1.0,0.0,1.0,0.8849206349206349,0.8849206349206349,0.11507936507936511
"((s2_edrk < 0.003) U[0,0] (y = 0.006))
",-0.318,0.003,0.004,0.000,1.000,223,0,29,0,223,29,252,0,1.0,0.0,1.0,0.8849206349206349,0.8849206349206349,0.11507936507936511
"((srr < 0.168) U[0,1] (y = 0.282))
",0.000,-9999999.000,-9999999.000,0.000,1.000,223,0,29,0,223,29,252,0,1.0,0.0,1.0,0.8849206349206349,0.8849206349206349,0.11507936507936511
"F[0,1](s2_hr >= -0.001 & y = 0.920)
",0.000,-9999999.000,-9999999.000,0.000,1.000,223,0,29,0,223,29,252,0,1.0,0.0,1.0,0.8849206349206349,0.8849206349206349,0.11507936507936511
"((s8_edrk >= -0.007) U[0,1] (y = 0.797))
",0.000,-9999999.000,-9999999.000,0.000,1.000,223,0,29,0,223,29,252,0,1.0,0.0,1.0,0.8849206349206349,0.8849206349206349,0.11507936507936511
"((s24_edrk <= 0.004) U[0,1] (y = 0.394))
",0.000,-9999999.000,-9999999.000,0.000,1.000,223,0,29,0,223,29,252,0,1.0,0.0,1.0,0.8849206349206349,0.8849206349206349,0.11507936507936511
"((CALCIUM >= 9.172) U[0,0] (y = 0.716))
",1.375,0.190,-0.279,0.000,1.000,223,0,29,0,223,29,252,0,1.0,0.0,1.0,0.8849206349206349,0.8849206349206349,0.11507936507936511
"F[1,1](cosen >= -2.662 & y = 0.085)
",1.581,-0.085,-0.678,0.000,1.000,223,0,29,0,223,29,252,0,1.0,0.0,1.0,0.8849206349206349,0.8849206349206349,0.11507936507936511
"((MET >= 0.014) U[0,1] (death = 0.016))
",0.000,-9999999.000,-9999999.000,0.000,1.000,223,0,29,0,223,29,252,0,1.0,0.0,1.0,0.8849206349206349,0.8849206349206349,0.11507936507936511
"((ALKALINE_PHOSPHATASE >= 91.556) U[1,1] (CALCIUM >= 9.148))
",-0.830,0.469,7.576,0.000,1.000,223,0,29,0,223,29,252,0,1.0,0.0,1.0,0.8849206349206349,0.8849206349206349,0.11507936507936511
"F[0,1](TOTAL_PROTEIN >= 6.246 & y = 0.565)
",0.000,-9999999.000,-9999999.000,0.000,1.000,223,0,29,0,223,29,252,0,1.0,0.0,1.0,0.8849206349206349,0.8849206349206349,0.11507936507936511
"((ALT_GPT <= 25.202) U[0,1] (y = 0.322))
",0.000,-9999999.000,-9999999.000,0.000,1.000,223,0,29,0,223,29,252,0,1.0,0.0,1.0,0.8849206349206349,0.8849206349206349,0.11507936507936511
"((lds >= 0.692) U[0,0] (y = 0.403))
",0.158,0.846,0.697,0.000,1.000,223,0,29,0,223,29,252,0,1.0,0.0,1.0,0.8849206349206349,0.8849206349206349,0.11507936507936511
"((MET >= 0.508) U[0,0] (death = 0.016))
",0.691,0.492,0.275,0.000,1.000,223,0,29,0,223,29,252,0,1.0,0.0,1.0,0.8849206349206349,0.8849206349206349,0.11507936507936511
"((MET >= 0.575) U[1,1] (death = 0.016))
",0.757,0.425,0.157,0.000,1.000,223,0,29,0,223,29,252,0,1.0,0.0,1.0,0.8849206349206349,0.8849206349206349,0.11507936507936511
"F[0,1](direct >= 0.023 & hr <= 71.436)
",0.000,-9999999.000,-9999999.000,0.000,1.000,223,0,29,0,223,29,252,0,1.0,0.0,1.0,0.8849206349206349,0.8849206349206349,0.11507936507936511
"((MET >= 0.452) U[0,0] (death = 0.016))
",0.707,0.548,0.316,0.000,1.000,223,0,29,0,223,29,252,0,1.0,0.0,1.0,0.8849206349206349,0.8849206349206349,0.11507936507936511
"F[0,1](HEMOGLOBIN >= 10.386 & LOS <= 11.971)
",0.000,-9999999.000,-9999999.000,0.000,1.000,223,0,29,0,223,29,252,0,1.0,0.0,1.0,0.8849206349206349,0.8849206349206349,0.11507936507936511
"F[0,1](WHITE_BLOOD_CELL_COUNT <= 8.878 & y = 0.193)
",0.000,-9999999.000,-9999999.000,0.000,1.000,223,0,29,0,223,29,252,0,1.0,0.0,1.0,0.8849206349206349,0.8849206349206349,0.11507936507936511
"F[0,1](ALKALINE_PHOSPHATASE >= 91.142 & Resp >= 16.766)
",0.000,-9999999.000,-9999999.000,0.000,1.000,218,2,27,5,223,29,245,7,0.9775784753363229,0.06896551724137931,0.9310344827586207,0.889795918367347,0.873015873015873,0.12698412698412698
"((ALBUMIN >= 3.202) U[1,1] (s8_hr <= -2.1238480254532606e-05))
",0.683,12.000,9.714,0.000,1.000,218,0,29,5,223,29,247,5,0.9775784753363229,0.0,1.0,0.8825910931174089,0.8650793650793651,0.13492063492063489
"((Mort >= 0.000) U[0,1] (tte <= 6.049))
",0.000,-9999999.000,-9999999.000,0.000,1.000,186,29,0,37,223,29,186,66,0.8340807174887892,1.0,0.0,1.0,0.8531746031746031,0.14682539682539686
"((AST_GOT <= 29.278) U[1,1] (PARTIAL_THROMBOPLASTIN_TIME >= 31.951))
",-0.750,2.299,2.547,0.000,1.000,215,0,29,8,223,29,244,8,0.9641255605381166,0.0,1.0,0.8811475409836066,0.8531746031746031,0.14682539682539686
"((ALT_GPT >= 22.685) U[1,2] (CALCIUM >= 8.772))
",0.000,-9999999.000,-9999999.000,0.000,1.000,211,0,14,27,238,14,225,27,0.8865546218487395,0.0,1.0,0.9377777777777778,0.8373015873015873,0.16269841269841268
"((TOTAL_BILIRUBIN >= 0.717) U[1,2] (WHITE_BLOOD_CELL_COUNT >= 8.325))
",0.000,-9999999.000,-9999999.000,0.000,1.000,210,0,14,28,238,14,224,28,0.8823529411764706,0.0,1.0,0.9375,0.8333333333333334,0.16666666666666663
"((AST_GOT >= 27.192) U[1,2] (GLUCOSE <= 140.696))
",0.000,-9999999.000,-9999999.000,0.000,1.000,194,15,14,29,223,29,208,44,0.8699551569506726,0.5172413793103449,0.4827586206896552,0.9326923076923077,0.8293650793650794,0.17063492063492058
"((hr <= 110.494) U[0,0] (TROPONIN_I <= 0.059))
",0.154,39.680,35.425,0.000,1.000,194,15,14,29,223,29,208,44,0.8699551569506726,0.5172413793103449,0.4827586206896552,0.9326923076923077,0.8293650793650794,0.17063492063492058
"((PARTIAL_THROMBOPLASTIN_TIME >= 31.848) U[1,2] (Pulse <= 78.770))
",0.000,-9999999.000,-9999999.000,0.000,1.000,192,15,3,42,234,18,195,57,0.8205128205128205,0.8333333333333334,0.16666666666666666,0.9846153846153847,0.8214285714285714,0.1785714285714286
"F[0,1](BLOOD_UREA_NITROGEN >= 23.682 -> ICU_Pt_Days <= 5.951)
",0.000,-9999999.000,-9999999.000,0.000,1.000,191,14,15,32,223,29,206,46,0.8565022421524664,0.4827586206896552,0.5172413793103449,0.9271844660194175,0.8134920634920635,0.1865079365079365
"F[0,1](Temp > 35.815 -> y = 0.234)
",0.000,-9999999.000,-9999999.000,0.000,1.000,192,5,24,31,223,29,216,36,0.8609865470852018,0.1724137931034483,0.8275862068965517,0.8888888888888888,0.7817460317460317,0.21825396825396826
"((dfa <= 1.144) U[0,1] (tte <= 6.696))
",0.000,-9999999.000,-9999999.000,0.000,1.000,157,29,0,66,223,29,157,95,0.7040358744394619,1.0,0.0,1.0,0.7380952380952381,0.26190476190476186
"((dfa >= 0.514) U[0,1] (WHITE_BLOOD_CELL_COUNT <= 8.969))
",0.000,-9999999.000,-9999999.000,0.000,1.000,154,29,0,69,223,29,154,98,0.6905829596412556,1.0,0.0,1.0,0.7261904761904762,0.27380952380952384
"F[0,1](PROTIME_INR <= 1.472 -> WHITE_BLOOD_CELL_COUNT <= 9.191)
",0.000,-9999999.000,-9999999.000,0.000,1.000,154,29,0,69,223,29,154,98,0.6905829596412556,1.0,0.0,1.0,0.7261904761904762,0.27380952380952384
"((CREATININE >= 1.129) U[0,0] (PLATELET_COUNT >= 175.467))
",-0.196,9.554,15.976,0.000,1.000,167,13,16,56,223,29,183,69,0.7488789237668162,0.4482758620689655,0.5517241379310345,0.912568306010929,0.7142857142857143,0.2857142857142857
"F[1,1](BLOOD_UREA_NITROGEN <= 42.390 & CREATININE >= 2.013)
",-0.843,-4.290,-0.578,0.000,1.000,177,0,29,46,223,29,206,46,0.7937219730941704,0.0,1.0,0.8592233009708737,0.7023809523809523,0.29761904761904767
"((CREATININE <= 2.325) U[1,1] (Mort <= 0.888))
",-0.351,0.934,1.032,0.000,1.000,155,22,7,68,223,29,162,90,0.695067264573991,0.7586206896551724,0.2413793103448276,0.9567901234567902,0.7023809523809523,0.29761904761904767
"F[0,1](O2_Flow >= 2.118 & OXYGEN_SATURATION >= 85.377)
",0.000,-9999999.000,-9999999.000,0.000,1.000,145,23,6,78,223,29,151,101,0.6502242152466368,0.7931034482758621,0.20689655172413793,0.9602649006622517,0.6666666666666666,0.33333333333333337
"F[0,1](PLATELET_COUNT > 164.609 -> y = 0.274)
",0.000,-9999999.000,-9999999.000,0.000,1.000,148,16,13,75,223,29,161,91,0.6636771300448431,0.5517241379310345,0.4482758620689655,0.9192546583850931,0.6507936507936508,0.3492063492063492
"F[0,1](CREATININE <= 2.354 & y <= 0.147)
",0.000,-9999999.000,-9999999.000,0.000,1.000,155,6,23,68,223,29,178,74,0.695067264573991,0.20689655172413793,0.7931034482758621,0.8707865168539326,0.6388888888888888,0.36111111111111116
"F[1,1](CREATININE <= 2.370 | OXYGEN_SATURATION >= 79.678)
",-1.443,4.801,15.022,0.000,1.000,122,29,0,101,223,29,122,130,0.547085201793722,1.0,0.0,1.0,0.5992063492063492,0.4007936507936508
"F[0,1](BLOOD_UREA_NITROGEN <= 45.431 | LOS <= 11.728)
",0.000,-9999999.000,-9999999.000,0.000,1.000,118,29,0,105,223,29,118,134,0.5291479820627802,1.0,0.0,1.0,0.5833333333333334,0.41666666666666663
"F[1,1](CALCIUM >= 9.209 & Resp <= 19.864)
",0.519,-0.116,-0.675,0.000,1.000,143,0,29,80,223,29,172,80,0.6412556053811659,0.0,1.0,0.8313953488372093,0.5674603174603174,0.43253968253968256
"((ALT_GPT >= 22.180) U[0,1] (tte <= 7.693))
",0.000,-9999999.000,-9999999.000,0.000,1.000,109,29,0,114,223,29,109,143,0.48878923766816146,1.0,0.0,1.0,0.5476190476190477,0.45238095238095233
"((ALT_GPT >= 22.406) U[0,1] (PHOSPHORUS <= 3.732))
",0.000,-9999999.000,-9999999.000,0.000,1.000,108,29,0,115,223,29,108,144,0.484304932735426,1.0,0.0,1.0,0.5436507936507936,0.4563492063492064
"((GLUCOSE >= 111.945) U[0,0] (WHITE_BLOOD_CELL_COUNT <= 9.284))
",0.541,14.950,5.793,0.000,1.000,107,28,1,116,223,29,108,144,0.4798206278026906,0.9655172413793104,0.034482758620689655,0.9907407407407407,0.5357142857142857,0.4642857142857143
"F[0,1](CO2 < 31.214 -> y = 0.915)
",0.000,-9999999.000,-9999999.000,0.000,1.000,129,0,29,94,223,29,158,94,0.57847533632287,0.0,1.0,0.8164556962025317,0.5119047619047619,0.48809523809523814
"((CALCIUM <= 9.302) U[0,0] (LACTIC_ACID >= 1.271))
",-1.345,0.111,0.638,0.000,1.000,95,29,0,128,223,29,95,157,0.4260089686098655,1.0,0.0,1.0,0.49206349206349204,0.5079365079365079
"F[0,1](BLOOD_UREA_NITROGEN <= 48.543 & CREATININE >= 1.122)
",0.000,-9999999.000,-9999999.000,0.000,1.000,105,16,13,118,223,29,118,134,0.47085201793721976,0.5517241379310345,0.4482758620689655,0.8898305084745762,0.4801587301587302,0.5198412698412698
"((SODIUM <= 137.426) U[1,2] (tte <= 8.737))
",0.000,-9999999.000,-9999999.000,0.000,1.000,106,14,15,117,223,29,121,131,0.47533632286995514,0.4827586206896552,0.5172413793103449,0.8760330578512396,0.47619047619047616,0.5238095238095238
"F[0,1](CO2 >= 29.117 -> WHITE_BLOOD_CELL_COUNT <= 9.216)
",0.000,-9999999.000,-9999999.000,0.000,1.000,69,29,0,154,223,29,69,183,0.3094170403587444,1.0,0.0,1.0,0.3888888888888889,0.6111111111111112
"F[0,1](BLOOD_UREA_NITROGEN <= 51.924 & CREATININE >= 1.297)
",0.000,-9999999.000,-9999999.000,0.000,1.000,79,16,13,144,223,29,92,160,0.3542600896860987,0.5517241379310345,0.4482758620689655,0.8586956521739131,0.376984126984127,0.623015873015873
"F[1,1](BLOOD_UREA_NITROGEN <= 50.309 & CREATININE >= 1.232)
",-0.082,0.050,0.204,0.000,1.000,79,15,14,144,223,29,93,159,0.3542600896860987,0.5172413793103449,0.4827586206896552,0.8494623655913979,0.373015873015873,0.626984126984127
"((PARTIAL_THROMBOPLASTIN_TIME <= 33.367) U[0,1] (WHITE_BLOOD_CELL_COUNT <= 9.416))
",0.000,-9999999.000,-9999999.000,0.000,1.000,62,29,0,161,223,29,62,190,0.27802690582959644,1.0,0.0,1.0,0.3611111111111111,0.6388888888888888
"F[0,1]((af <= 0.213 | AF <= 0.104) & cosen >= -2.362)
",0.000,-9999999.000,-9999999.000,0.000,1.000,68,22,7,155,223,29,75,177,0.30493273542600896,0.7586206896551724,0.2413793103448276,0.9066666666666666,0.35714285714285715,0.6428571428571428
"((GLUCOSE >= 104.213) U[1,1] (tte <= 8.798))
",0.477,21.821,13.089,0.000,1.000,69,15,14,154,223,29,83,169,0.3094170403587444,0.5172413793103449,0.4827586206896552,0.8313253012048193,0.3333333333333333,0.6666666666666667
"F[1,1](BLOOD_UREA_NITROGEN <= 50.391 | CO2 <= 31.030)
",-0.865,7.475,21.819,0.000,1.000,47,29,0,176,223,29,47,205,0.21076233183856502,1.0,0.0,1.0,0.30158730158730157,0.6984126984126984
"((LACTIC_ACID >= 1.276) U[0,1] (Temp >= 36.287))
",0.000,-9999999.000,-9999999.000,0.000,1.000,63,13,16,160,223,29,79,173,0.2825112107623318,0.4482758620689655,0.5517241379310345,0.7974683544303798,0.30158730158730157,0.6984126984126984
"F[1,1](lds >= 1.416 -> Temp <= 36.634)
",-0.011,-0.478,-0.471,0.000,1.000,55,20,9,168,223,29,64,188,0.24663677130044842,0.6896551724137931,0.3103448275862069,0.859375,0.2976190476190476,0.7023809523809523
"F[0,1](BLOOD_UREA_NITROGEN <= 51.434 & WHITE_BLOOD_CELL_COUNT >= 7.764)
",0.000,-9999999.000,-9999999.000,0.000,1.000,60,14,15,163,223,29,75,177,0.26905829596412556,0.4827586206896552,0.5172413793103449,0.8,0.29365079365079366,0.7063492063492063
"F[0,1](BLOOD_UREA_NITROGEN <= 52.838 & CREATININE >= 1.567)
",0.000,-9999999.000,-9999999.000,0.000,1.000,58,16,13,165,223,29,71,181,0.2600896860986547,0.5517241379310345,0.4482758620689655,0.8169014084507042,0.29365079365079366,0.7063492063492063
"F[1,1](ALT_GPT <= 24.599 -> PLATELET_COUNT <= 203.152)
",-0.018,-29.320,-28.629,0.000,1.000,55,15,14,168,223,29,69,183,0.24663677130044842,0.5172413793103449,0.4827586206896552,0.7971014492753623,0.2777777777777778,0.7222222222222222
"F[0,1](Temp >= 36.222 | TOTAL_BILIRUBIN >= 0.740)
",0.000,-9999999.000,-9999999.000,0.000,1.000,40,28,1,183,223,29,41,211,0.17937219730941703,0.9655172413793104,0.034482758620689655,0.975609756097561,0.2698412698412698,0.7301587301587302
"F[0,1](CALCIUM <= 9.614 & dfa <= 1.077)
",0.000,-9999999.000,-9999999.000,0.000,1.000,37,29,0,186,223,29,37,215,0.16591928251121077,1.0,0.0,1.0,0.2619047619047619,0.7380952380952381
"F[0,1](CALCIUM <= 9.535 | SpO2 >= 92.206)
",0.000,-9999999.000,-9999999.000,0.000,1.000,37,29,0,186,223,29,37,215,0.16591928251121077,1.0,0.0,1.0,0.2619047619047619,0.7380952380952381
"F[0,1]((af <= 0.479 | AF <= 0.254) & cosen >= -2.473)
",0.000,-9999999.000,-9999999.000,0.000,1.000,39,25,4,184,223,29,43,209,0.17488789237668162,0.8620689655172413,0.13793103448275862,0.9069767441860465,0.25396825396825395,0.746031746031746
"((PLATELET_COUNT <= 203.031) U[1,2] (TOTAL_PROTEIN >= 6.234))
",0.000,-9999999.000,-9999999.000,0.000,1.000,56,1,13,182,238,14,69,183,0.23529411764705882,0.07142857142857142,0.9285714285714286,0.8115942028985508,0.2261904761904762,0.7738095238095238
"((OXYGEN_SATURATION <= 88.814) U[1,2] (Temp <= 36.696))
",0.000,-9999999.000,-9999999.000,0.000,1.000,56,0,24,172,228,24,80,172,0.24561403508771928,0.0,1.0,0.7,0.2222222222222222,0.7777777777777778
"((O2_Flow <= 6.276) U[1,1] (SODIUM <= 138.662))
",-0.208,2.993,3.331,0.000,1.000,40,14,15,183,223,29,55,197,0.17937219730941703,0.4827586206896552,0.5172413793103449,0.7272727272727273,0.21428571428571427,0.7857142857142857
"F[0,0](GLUCOSE <= 144.355 | TROPONIN_I <= 0.058)
",-0.548,19.949,31.927,0.000,1.000,24,29,0,199,223,29,24,228,0.10762331838565023,1.0,0.0,1.0,0.21031746031746032,0.7896825396825397
"((hr >= 60.917) U[1,1] (tte >= -1.662))
",-0.088,11.765,13.524,0.000,1.000,31,21,8,192,223,29,39,213,0.13901345291479822,0.7241379310344828,0.27586206896551724,0.7948717948717948,0.20634920634920634,0.7936507936507937
"((CALCIUM <= 9.539) U[1,2] (TOTAL_PROTEIN >= 6.122))
",0.000,-9999999.000,-9999999.000,0.000,1.000,37,13,1,201,238,14,38,214,0.15546218487394958,0.9285714285714286,0.07142857142857142,0.9736842105263158,0.1984126984126984,0.8015873015873016
"F[0,0](PROTIME_INR <= 1.458 -> Pulse >= 64.978)
",0.291,-7.573,-13.250,0.000,1.000,19,29,0,204,223,29,19,233,0.08520179372197309,1.0,0.0,1.0,0.19047619047619047,0.8095238095238095
"((hr >= 58.550) U[1,2] (n_edrk >= 0.324))
",0.000,-9999999.000,-9999999.000,0.000,1.000,29,19,2,202,231,21,31,221,0.12554112554112554,0.9047619047619048,0.09523809523809523,0.9354838709677419,0.19047619047619047,0.8095238095238095
"((BLOOD_UREA_NITROGEN >= 33.825) U[1,2] (s24_hr <= 0.001))
",0.000,-9999999.000,-9999999.000,0.000,1.000,32,15,14,191,223,29,46,206,0.14349775784753363,0.5172413793103449,0.4827586206896552,0.6956521739130435,0.1865079365079365,0.8134920634920635
"((CO2 >= 24.109) U[1,1] (Temp >= 35.419))
",1.358,5.910,1.241,0.000,1.000,31,15,14,192,223,29,45,207,0.13901345291479822,0.5172413793103449,0.4827586206896552,0.6888888888888889,0.18253968253968253,0.8174603174603174
"F[0,1](CALCIUM >= 9.007 & PARTIAL_THROMBOPLASTIN_TIME <= 34.255)
",0.000,-9999999.000,-9999999.000,0.000,1.000,44,1,28,179,223,29,72,180,0.19730941704035873,0.034482758620689655,0.9655172413793104,0.6111111111111112,0.17857142857142858,0.8214285714285714
"((CREATININE >= 2.083) U[1,2] (tte <= 8.108))
",0.000,-9999999.000,-9999999.000,0.000,1.000,44,1,28,179,223,29,72,180,0.19730941704035873,0.034482758620689655,0.9655172413793104,0.6111111111111112,0.17857142857142858,0.8214285714285714
"((CO2 >= 26.257) U[1,2] (CREATININE <= 2.232))
",0.000,-9999999.000,-9999999.000,0.000,1.000,44,1,28,179,223,29,72,180,0.19730941704035873,0.034482758620689655,0.9655172413793104,0.6111111111111112,0.17857142857142858,0.8214285714285714
"F[0,1](LACTIC_ACID <= 1.290 -> O2_Flow <= 4.030)
",0.000,-9999999.000,-9999999.000,0.000,1.000,15,29,0,208,223,29,15,237,0.06726457399103139,1.0,0.0,1.0,0.1746031746031746,0.8253968253968254
"((GLUCOSE <= 146.894) U[1,1] (O2_Flow >= 2.889))
",-0.556,22.315,34.465,0.000,1.000,24,20,9,199,223,29,33,219,0.10762331838565023,0.6896551724137931,0.3103448275862069,0.7272727272727273,0.1746031746031746,0.8253968253968254
"((PHOSPHORUS <= 3.732) U[0,1] (POTASSIUM >= 3.758))
",0.000,-9999999.000,-9999999.000,0.000,1.000,14,29,0,209,223,29,14,238,0.06278026905829596,1.0,0.0,1.0,0.17063492063492064,0.8293650793650793
"F[0,0](O2_Flow >= 2.683 & Resp <= 20.470)
",0.130,0.644,0.399,0.000,1.000,18,22,7,205,223,29,25,227,0.08071748878923767,0.7586206896551724,0.2413793103448276,0.72,0.15873015873015872,0.8412698412698413
"((CHLORIDE >= 94.678) U[1,2] (Temp >= 36.286))
",0.000,-9999999.000,-9999999.000,0.000,1.000,27,12,0,213,240,12,27,225,0.1125,1.0,0.0,1.0,0.15476190476190477,0.8452380952380952
"((hr >= 48.110) U[1,2] (ICU_Pt_Days >= 2.110))
",0.000,-9999999.000,-9999999.000,0.000,1.000,15,23,0,214,229,23,15,237,0.06550218340611354,1.0,0.0,1.0,0.15079365079365079,0.8492063492063492
"((CREATININE <= 2.245) U[0,1] (lds >= 0.574))
",0.000,-9999999.000,-9999999.000,0.000,1.000,9,29,0,214,223,29,9,243,0.04035874439461883,1.0,0.0,1.0,0.15079365079365079,0.8492063492063492
"F[0,0](ALT_GPT <= 29.700 -> PROTIME_INR <= 2.060)
",-0.881,-7.558,-3.220,0.000,1.000,7,29,0,216,223,29,7,245,0.03139013452914798,1.0,0.0,1.0,0.14285714285714285,0.8571428571428572
"F[0,1](CHLORIDE <= 101.170 -> tte <= 9.864)
",0.000,-9999999.000,-9999999.000,0.000,1.000,6,29,0,217,223,29,6,246,0.026905829596412557,1.0,0.0,1.0,0.1388888888888889,0.8611111111111112
"((AST_GOT >= 27.074) U[0,0] (hr >= 45.387))
",-0.169,25.473,30.353,0.000,1.000,5,29,0,218,223,29,5,247,0.02242152466367713,1.0,0.0,1.0,0.1349206349206349,0.8650793650793651
"((ALT_GPT <= 27.555) U[1,1] (Resp <= 20.445))
",0.191,5.517,5.206,0.000,1.000,23,11,18,200,223,29,41,211,0.1031390134529148,0.3793103448275862,0.6206896551724138,0.5609756097560976,0.1349206349206349,0.8650793650793651
"((TOTAL_PROTEIN <= 6.281) U[0,1] (TROPONIN_I >= 0.042))
",0.000,-9999999.000,-9999999.000,0.000,1.000,20,14,15,203,223,29,35,217,0.08968609865470852,0.4827586206896552,0.5172413793103449,0.5714285714285714,0.1349206349206349,0.8650793650793651
"((BLOOD_UREA_NITROGEN >= 40.543) U[1,2] (PLATELET_COUNT >= 170.547))
",0.000,-9999999.000,-9999999.000,0.000,1.000,31,1,13,207,238,14,44,208,0.13025210084033614,0.07142857142857142,0.9285714285714286,0.7045454545454546,0.12698412698412698,0.873015873015873
"F[1,1](s8_hr >= -0.001 | TOTAL_PROTEIN <= 6.293)
",-0.882,0.008,0.225,0.000,1.000,3,29,0,220,223,29,3,249,0.013452914798206279,1.0,0.0,1.0,0.12698412698412698,0.873015873015873
"F[0,0](O2_Flow <= 5.759 -> s24_hr >= -0.001)
",0.574,-1.779,-2.633,0.000,1.000,2,29,0,221,223,29,2,250,0.008968609865470852,1.0,0.0,1.0,0.12301587301587301,0.876984126984127
"((BLOOD_UREA_NITROGEN >= 28.093) U[0,0] (s8_hr >= -0.001))
",1.089,15.938,3.519,0.000,1.000,2,29,0,221,223,29,2,250,0.008968609865470852,1.0,0.0,1.0,0.12301587301587301,0.876984126984127
"((GLUCOSE <= 140.243) U[1,2] (hr <= 76.374))
",0.000,-9999999.000,-9999999.000,0.000,1.000,16,15,0,221,237,15,16,236,0.06751054852320675,1.0,0.0,1.0,0.12301587301587301,0.876984126984127
"F[0,0](LACTIC_ACID <= 1.295 -> PLATELET_COUNT <= 187.798)
",0.061,-17.006,-18.739,0.000,1.000,0,29,0,223,223,29,0,252,0.0,1.0,0.0,0.0,0.11507936507936507,0.8849206349206349
"((CALCIUM <= 9.313) U[0,1] (O2_Flow <= 6.373))
",0.000,-9999999.000,-9999999.000,0.000,1.000,0,29,0,223,223,29,0,252,0.0,1.0,0.0,0.0,0.11507936507936507,0.8849206349206349
"F[0,1](PARTIAL_THROMBOPLASTIN_TIME <= 33.464 -> PHOSPHORUS >= 2.989)
",0.000,-9999999.000,-9999999.000,0.000,1.000,0,29,0,223,223,29,0,252,0.0,1.0,0.0,0.0,0.11507936507936507,0.8849206349206349
"((CO2 >= 26.428) U[0,1] (dfa >= 0.415))
",0.000,-9999999.000,-9999999.000,0.000,1.000,1,28,1,222,223,29,2,250,0.004484304932735426,0.9655172413793104,0.034482758620689655,0.5,0.11507936507936507,0.8849206349206349
"((CHLORIDE <= 104.902) U[0,2] (O2_Flow <= 5.999))
",0.000,-9999999.000,-9999999.000,0.000,1.000,0,29,0,223,223,29,0,252,0.0,1.0,0.0,0.0,0.11507936507936507,0.8849206349206349
"F[1,2](lds >= 0.515 | TROPONIN_I >= 0.021)
",0.000,-9999999.000,-9999999.000,0.000,1.000,0,29,0,223,223,29,0,252,0.0,1.0,0.0,0.0,0.11507936507936507,0.8849206349206349
"F[0,2](tte <= 9.639 | y >= 0.070)
",0.000,-9999999.000,-9999999.000,0.000,1.000,0,29,0,223,223,29,0,252,0.0,1.0,0.0,0.0,0.11507936507936507,0.8849206349206349
"F[0,2](CO2 >= 24.264 | O2_Flow <= 5.015)
",0.000,-9999999.000,-9999999.000,0.000,1.000,0,29,0,223,223,29,0,252,0.0,1.0,0.0,0.0,0.11507936507936507,0.8849206349206349
"((Pulse >= 71.312) U[0,2] (s8_hr >= -0.001))
",0.000,-9999999.000,-9999999.000,0.000,1.000,0,29,0,223,223,29,0,252,0.0,1.0,0.0,0.0,0.11507936507936507,0.8849206349206349
"F[1,2](ALKALINE_PHOSPHATASE <= 93.116 | SODIUM >= 135.372)
",0.000,-9999999.000,-9999999.000,0.000,1.000,0,29,0,223,223,29,0,252,0.0,1.0,0.0,0.0,0.11507936507936507,0.8849206349206349
"F[1,2](PLATELET_COUNT <= 198.109 -> SpO2 >= 86.269)
",0.000,-9999999.000,-9999999.000,0.000,1.000,0,29,0,223,223,29,0,252,0.0,1.0,0.0,0.0,0.11507936507936507,0.8849206349206349
"((death >= 0.007) U[0,1] (s24_edrk <= 0.003))
",0.000,-9999999.000,-9999999.000,0.000,1.000,0,29,0,223,223,29,0,252,0.0,1.0,0.0,0.0,0.11507936507936507,0.8849206349206349
"F[0,2](Mort <= 0.767 | n_edrk <= 0.986)
",0.000,-9999999.000,-9999999.000,0.000,1.000,0,29,0,223,223,29,0,252,0.0,1.0,0.0,0.0,0.11507936507936507,0.8849206349206349
"F[0,2](MET >= 0.197 -> tte <= 9.374)
",0.000,-9999999.000,-9999999.000,0.000,1.000,0,29,0,223,223,29,0,252,0.0,1.0,0.0,0.0,0.11507936507936507,0.8849206349206349
"F[0,0](Pulse >= 56.133 | tte <= 6.904)
",-0.287,16.350,21.999,0.000,1.000,0,29,0,223,223,29,0,252,0.0,1.0,0.0,0.0,0.11507936507936507,0.8849206349206349
"F[0,0](PHOSPHORUS >= 2.902 | Temp <= 37.203)
",-0.084,1.026,1.097,0.000,1.000,0,29,0,223,223,29,0,252,0.0,1.0,0.0,0.0,0.11507936507936507,0.8849206349206349
"((ALT_GPT >= 22.786) U[0,1] (O2_Flow <= 5.312))
",0.000,-9999999.000,-9999999.000,0.000,1.000,0,29,0,223,223,29,0,252,0.0,1.0,0.0,0.0,0.11507936507936507,0.8849206349206349
"F[0,0](hr >= 57.523 | MET >= 0.365)
",-0.175,14.388,18.848,0.000,1.000,0,29,0,223,223,29,0,252,0.0,1.0,0.0,0.0,0.11507936507936507,0.8849206349206349
"F[1,2](OXYGEN_SATURATION >= 85.572 & PROTIME_INR >= 1.140)
",0.000,-9999999.000,-9999999.000,0.000,1.000,0,29,0,223,223,29,0,252,0.0,1.0,0.0,0.0,0.11507936507936507,0.8849206349206349
"F[0,2](hr <= 119.187 | TOTAL_PROTEIN >= 6.206)
",0.000,-9999999.000,-9999999.000,0.000,1.000,0,29,0,223,223,29,0,252,0.0,1.0,0.0,0.0,0.11507936507936507,0.8849206349206349
"F[0,2](OXYGEN_SATURATION <= 89.571 -> TOTAL_BILIRUBIN <= 1.027)
",0.000,-9999999.000,-9999999.000,0.000,1.000,0,29,0,223,223,29,0,252,0.0,1.0,0.0,0.0,0.11507936507936507,0.8849206349206349
"F[1,2](LACTIC_ACID >= 1.279 | MAGNESIUM >= 2.009)
",0.000,-9999999.000,-9999999.000,0.000,1.000,0,29,0,223,223,29,0,252,0.0,1.0,0.0,0.0,0.11507936507936507,0.8849206349206349
"((PHOSPHORUS <= 3.944) U[0,2] (tte <= 7.062))
",0.000,-9999999.000,-9999999.000,0.000,1.000,0,29,0,223,223,29,0,252,0.0,1.0,0.0,0.0,0.11507936507936507,0.8849206349206349
"F[0,2](ALBUMIN <= 3.258 | hr <= 93.178)
",0.000,-9999999.000,-9999999.000,0.000,1.000,0,29,0,223,223,29,0,252,0.0,1.0,0.0,0.0,0.11507936507936507,0.8849206349206349
"F[1,2](ALBUMIN <= 3.224 -> PHOSPHORUS >= 3.198)
",0.000,-9999999.000,-9999999.000,0.000,1.000,0,29,0,223,223,29,0,252,0.0,1.0,0.0,0.0,0.11507936507936507,0.8849206349206349
"F[0,1](PHOSPHORUS <= 3.958 | TOTAL_PROTEIN >= 5.991)
",0.000,-9999999.000,-9999999.000,0.000,1.000,0,29,0,223,223,29,0,252,0.0,1.0,0.0,0.0,0.11507936507936507,0.8849206349206349
"F[0,2](BLOOD_UREA_NITROGEN >= 37.035 -> SpO2 <= 96.725)
",0.000,-9999999.000,-9999999.000,0.000,1.000,0,29,0,223,223,29,0,252,0.0,1.0,0.0,0.0,0.11507936507936507,0.8849206349206349
"F[0,1](Glasgow_Coma_Scale_Total >= 14.736 | hr >= 70.945)
",0.000,-9999999.000,-9999999.000,0.000,1.000,0,29,0,223,223,29,0,252,0.0,1.0,0.0,0.0,0.11507936507936507,0.8849206349206349
"F[1,2](CREATININE >= 1.522 | s24_hr >= -0.001)
",0.000,-9999999.000,-9999999.000,0.000,1.000,0,29,0,223,223,29,0,252,0.0,1.0,0.0,0.0,0.11507936507936507,0.8849206349206349
"F[0,2](CO2 <= 33.512 | y <= 0.178)
",0.000,-9999999.000,-9999999.000,0.000,1.000,0,29,0,223,223,29,0,252,0.0,1.0,0.0,0.0,0.11507936507936507,0.8849206349206349
"F[0,2](ALT_GPT <= 27.623 -> GLUCOSE <= 124.703)
",0.000,-9999999.000,-9999999.000,0.000,1.000,0,29,0,223,223,29,0,252,0.0,1.0,0.0,0.0,0.11507936507936507,0.8849206349206349
"F[0,1](Glasgow_Coma_Scale_Total <= 14.996 -> s24_edrk >= -0.002)
",0.000,-9999999.000,-9999999.000,0.000,1.000,0,29,0,223,223,29,0,252,0.0,1.0,0.0,0.0,0.11507936507936507,0.8849206349206349
"((death >= 0.014) U[0,1] (s8_edrk >= -0.006))
",0.000,-9999999.000,-9999999.000,0.000,1.000,0,29,0,223,223,29,0,252,0.0,1.0,0.0,0.0,0.11507936507936507,0.8849206349206349
"F[1,2](AF <= 0.305 | SBP <= 160.546)
",0.000,-9999999.000,-9999999.000,0.000,1.000,0,29,0,223,223,29,0,252,0.0,1.0,0.0,0.0,0.11507936507936507,0.8849206349206349
"F[1,2](ALBUMIN >= 3.207 | CO2 >= 25.799)
",0.000,-9999999.000,-9999999.000,0.000,1.000,0,29,0,223,223,29,0,252,0.0,1.0,0.0,0.0,0.11507936507936507,0.8849206349206349
"F[0,0](Pulse <= 94.262 | s24_hr >= -0.001)
",0.163,22.955,19.725,0.000,1.000,0,29,0,223,223,29,0,252,0.0,1.0,0.0,0.0,0.11507936507936507,0.8849206349206349
"F[0,2](HEMOGLOBIN >= 10.249 -> s24_hr >= -0.001)
",0.000,-9999999.000,-9999999.000,0.000,1.000,0,29,0,223,223,29,0,252,0.0,1.0,0.0,0.0,0.11507936507936507,0.8849206349206349
"F[0,1](CALCIUM <= 9.832 | PHOSPHORUS >= 3.126)
",0.000,-9999999.000,-9999999.000,0.000,1.000,0,29,0,223,223,29,0,252,0.0,1.0,0.0,0.0,0.11507936507936507,0.8849206349206349
"F[0,1](CALCIUM >= 8.499 -> POTASSIUM <= 4.249)
",0.000,-9999999.000,-9999999.000,0.000,1.000,0,29,0,223,223,29,0,252,0.0,1.0,0.0,0.0,0.11507936507936507,0.8849206349206349
"F[1,1](SODIUM <= 138.213 | TROPONIN_I <= 0.060)
",0.496,1.586,0.542,0.000,1.000,0,29,0,223,223,29,0,252,0.0,1.0,0.0,0.0,0.11507936507936507,0.8849206349206349
"((SODIUM <= 139.961) U[0,2] (WHITE_BLOOD_CELL_COUNT <= 9.166))
",0.000,-9999999.000,-9999999.000,0.000,1.000,0,29,0,223,223,29,0,252,0.0,1.0,0.0,0.0,0.11507936507936507,0.8849206349206349
"F[0,1](SpO2 <= 99.364 | tte <= 6.659)
",0.000,-9999999.000,-9999999.000,0.000,1.000,0,29,0,223,223,29,0,252,0.0,1.0,0.0,0.0,0.11507936507936507,0.8849206349206349
"F[0,0]((af <= 0.480 | AF <= 0.372) & cosen >= -2.716)
",0.052,0.345,0.329,0.000,1.000,1,28,1,222,223,29,2,250,0.004484304932735426,0.9655172413793104,0.034482758620689655,0.5,0.11507936507936507,0.8849206349206349
"F[0,1](AST_GOT >= 27.157 -> CHLORIDE >= 94.691)
",0.000,-9999999.000,-9999999.000,0.000,1.000,0,29,0,223,223,29,0,252,0.0,1.0,0.0,0.0,0.11507936507936507,0.8849206349206349
"F[0,1](TROPONIN_I <= 0.060 | tte >= 3.961)
",0.000,-9999999.000,-9999999.000,0.000,1.000,0,29,0,223,223,29,0,252,0.0,1.0,0.0,0.0,0.11507936507936507,0.8849206349206349
"F[0,2](O2_Flow >= 3.798 -> tte <= 9.123)
",0.000,-9999999.000,-9999999.000,0.000,1.000,0,29,0,223,223,29,0,252,0.0,1.0,0.0,0.0,0.11507936507936507,0.8849206349206349
"F[0,1](CHLORIDE <= 104.729 | CREATININE <= 2.384)
",0.000,-9999999.000,-9999999.000,0.000,1.000,0,29,0,223,223,29,0,252,0.0,1.0,0.0,0.0,0.11507936507936507,0.8849206349206349
"((OXYGEN_SATURATION <= 90.984) U[0,2] (tte <= 9.152))
",0.000,-9999999.000,-9999999.000,0.000,1.000,0,29,0,223,223,29,0,252,0.0,1.0,0.0,0.0,0.11507936507936507,0.8849206349206349
"((AST_GOT <= 27.651) U[0,1] (s8_hr <= 0.001))
",0.000,-9999999.000,-9999999.000,0.000,1.000,0,29,0,223,223,29,0,252,0.0,1.0,0.0,0.0,0.11507936507936507,0.8849206349206349
"((PLATELET_COUNT >= 156.827) U[0,1] (s24_hr <= 0.001))
",0.000,-9999999.000,-9999999.000,0.000,1.000,0,29,0,223,223,29,0,252,0.0,1.0,0.0,0.0,0.11507936507936507,0.8849206349206349
"F[0,1](PLATELET_COUNT >= 167.699 -> TOTAL_BILIRUBIN <= 0.895)
",0.000,-9999999.000,-9999999.000,0.000,1.000,0,29,0,223,223,29,0,252,0.0,1.0,0.0,0.0,0.11507936507936507,0.8849206349206349
"F[0,1](death >= 0.008 -> edrk >= 5.962)
",0.000,-9999999.000,-9999999.000,0.000,1.000,0,29,0,223,223,29,0,252,0.0,1.0,0.0,0.0,0.11507936507936507,0.8849206349206349
"F[0,1](CHLORIDE <= 101.028 | WHITE_BLOOD_CELL_COUNT <= 9.457)
",0.000,-9999999.000,-9999999.000,0.000,1.000,0,29,0,223,223,29,0,252,0.0,1.0,0.0,0.0,0.11507936507936507,0.8849206349206349
"F[0,2](TROPONIN_I <= 0.056 | WHITE_BLOOD_CELL_COUNT >= 7.720)
",0.000,-9999999.000,-9999999.000,0.000,1.000,0,29,0,223,223,29,0,252,0.0,1.0,0.0,0.0,0.11507936507936507,0.8849206349206349
"F[0,1](ALT_GPT <= 24.041 | PARTIAL_THROMBOPLASTIN_TIME >= 31.849)
",0.000,-9999999.000,-9999999.000,0.000,1.000,0,29,0,223,223,29,0,252,0.0,1.0,0.0,0.0,0.11507936507936507,0.8849206349206349
"F[0,2](CHLORIDE <= 100.012 -> SpO2 >= 89.608)
",0.000,-9999999.000,-9999999.000,0.000,1.000,0,29,0,223,223,29,0,252,0.0,1.0,0.0,0.0,0.11507936507936507,0.8849206349206349
"F[1,1](ALBUMIN >= 3.203 -> TROPONIN_I <= 0.056)
",0.845,-0.000,-0.054,0.000,1.000,0,29,0,223,223,29,0,252,0.0,1.0,0.0,0.0,0.11507936507936507,0.8849206349206349
"F[1,2](O2_Flow <= 4.720 -> SpO2 >= 86.853)
",0.000,-9999999.000,-9999999.000,0.000,1.000,0,29,0,223,223,29,0,252,0.0,1.0,0.0,0.0,0.11507936507936507,0.8849206349206349
"F[0,1](AST_GOT <= 29.404 | TOTAL_BILIRUBIN >= 0.731)
",0.000,-9999999.000,-9999999.000,0.000,1.000,0,29,0,223,223,29,0,252,0.0,1.0,0.0,0.0,0.11507936507936507,0.8849206349206349
"F[0,2](ALT_GPT >= 22.715 | TOTAL_PROTEIN >= 6.208)
",0.000,-9999999.000,-9999999.000,0.000,1.000,0,29,0,223,223,29,0,252,0.0,1.0,0.0,0.0,0.11507936507936507,0.8849206349206349
"F[0,1](ALKALINE_PHOSPHATASE >= 91.688 -> ALT_GPT >= 22.057)
",0.000,-9999999.000,-9999999.000,0.000,1.000,0,29,0,223,223,29,0,252,0.0,1.0,0.0,0.0,0.11507936507936507,0.8849206349206349
"F[1,2](CALCIUM >= 8.838 -> CO2 >= 25.216)
",0.000,-9999999.000,-9999999.000,0.000,1.000,0,29,0,223,223,29,0,252,0.0,1.0,0.0,0.0,0.11507936507936507,0.8849206349206349
"((s24_edrk <= 0.001) U[0,2] (s2_edrk >= -0.004))
",0.000,-9999999.000,-9999999.000,0.000,1.000,0,29,0,223,223,29,0,252,0.0,1.0,0.0,0.0,0.11507936507936507,0.8849206349206349
"F[0,2](PARTIAL_THROMBOPLASTIN_TIME >= 31.959 | PROTIME_INR >= 1.125)
",0.000,-9999999.000,-9999999.000,0.000,1.000,0,29,0,223,223,29,0,252,0.0,1.0,0.0,0.0,0.11507936507936507,0.8849206349206349
"((CREATININE >= 1.969) U[0,2] (WHITE_BLOOD_CELL_COUNT <= 9.080))
",0.000,-9999999.000,-9999999.000,0.000,1.000,0,29,0,223,223,29,0,252,0.0,1.0,0.0,0.0,0.11507936507936507,0.8849206349206349
"F[1,2](CREATININE <= 2.297 -> LACTIC_ACID >= 1.285)
",0.000,-9999999.000,-9999999.000,0.000,1.000,0,29,0,223,223,29,0,252,0.0,1.0,0.0,0.0,0.11507936507936507,0.8849206349206349
"F[0,0](CO2 >= 24.499 | tte <= 7.744)
",-0.638,6.513,8.596,0.000,1.000,0,29,0,223,223,29,0,252,0.0,1.0,0.0,0.0,0.11507936507936507,0.8849206349206349
"F[0,1](s2_hr <= 0.001 -> s8_hr <= 0.001)
",0.000,-9999999.000,-9999999.000,0.000,1.000,0,29,0,223,223,29,0,252,0.0,1.0,0.0,0.0,0.11507936507936507,0.8849206349206349
"F[1,1]((af <= 0.075 | AF <= 0.222) & cosen >= -2.613)
",0.198,0.178,0.134,0.000,1.000,6,23,6,217,223,29,12,240,0.026905829596412557,0.7931034482758621,0.20689655172413793,0.5,0.11507936507936507,0.8849206349206349
"F[0,2](ALBUMIN <= 3.241 -> SODIUM >= 134.834)
",0.000,-9999999.000,-9999999.000,0.000,1.000,0,29,0,223,223,29,0,252,0.0,1.0,0.0,0.0,0.11507936507936507,0.8849206349206349
"F[0,2](MAGNESIUM >= 1.799 & SODIUM >= 136.455)
",0.000,-9999999.000,-9999999.000,0.000,1.000,0,29,0,223,223,29,0,252,0.0,1.0,0.0,0.0,0.11507936507936507,0.8849206349206349
"((AST_GOT >= 27.143) U[0,1] (dfa >= 0.297))
",0.000,-9999999.000,-9999999.000,0.000,1.000,0,29,0,223,223,29,0,252,0.0,1.0,0.0,0.0,0.11507936507936507,0.8849206349206349
"F[0,2](BLOOD_UREA_NITROGEN <= 42.598 -> Temp >= 35.256)
",0.000,-9999999.000,-9999999.000,0.000,1.000,0,28,0,224,224,28,0,252,0.0,1.0,0.0,0.0,0.1111111111111111,0.8888888888888888
"((ALKALINE_PHOSPHATASE >= 92.003) U[0,1] (Pulse <= 96.052))
",0.000,-9999999.000,-9999999.000,0.000,1.000,0,28,1,223,223,29,1,251,0.0,0.9655172413793104,0.034482758620689655,0.0,0.1111111111111111,0.8888888888888888
"F[0,1](GLUCOSE >= 110.434 -> TOTAL_PROTEIN >= 6.075)
",0.000,-9999999.000,-9999999.000,0.000,1.000,0,28,1,223,223,29,1,251,0.0,0.9655172413793104,0.034482758620689655,0.0,0.1111111111111111,0.8888888888888888
"((ICU_Pt_Days <= 5.879) U[0,1] (Pulse <= 99.399))
",0.000,-9999999.000,-9999999.000,0.000,1.000,0,28,1,223,223,29,1,251,0.0,0.9655172413793104,0.034482758620689655,0.0,0.1111111111111111,0.8888888888888888
"F[0,0](dfa <= 1.103 & s24_hr <= 0.001)
",0.222,0.001,0.001,0.000,1.000,1,27,2,222,223,29,3,249,0.004484304932735426,0.9310344827586207,0.06896551724137931,0.3333333333333333,0.1111111111111111,0.8888888888888888
"F[0,1](TOTAL_BILIRUBIN >= 0.750 | tte >= -1.674)
",0.000,-9999999.000,-9999999.000,0.000,1.000,0,28,1,223,223,29,1,251,0.0,0.9655172413793104,0.034482758620689655,0.0,0.1111111111111111,0.8888888888888888
"((ALT_GPT >= 22.546) U[0,2] (Pulse <= 91.125))
",0.000,-9999999.000,-9999999.000,0.000,1.000,0,28,0,224,224,28,0,252,0.0,1.0,0.0,0.0,0.1111111111111111,0.8888888888888888
"F[0,1]((af <= 0.267 | AF <= 0.144) & cosen >= -2.685)
",0.000,-9999999.000,-9999999.000,0.000,1.000,0,28,1,223,223,29,1,251,0.0,0.9655172413793104,0.034482758620689655,0.0,0.1111111111111111,0.8888888888888888
"F[0,1](CREATININE >= 2.110 | GLUCOSE <= 131.614)
",0.000,-9999999.000,-9999999.000,0.000,1.000,0,28,1,223,223,29,1,251,0.0,0.9655172413793104,0.034482758620689655,0.0,0.1111111111111111,0.8888888888888888
"F[0,2](OXYGEN_SATURATION >= 80.088 -> Resp <= 20.478)
",0.000,-9999999.000,-9999999.000,0.000,1.000,0,27,0,225,225,27,0,252,0.0,1.0,0.0,0.0,0.10714285714285714,0.8928571428571429
"((edrk <= 29.912) U[0,2] (Resp <= 19.461))
",0.000,-9999999.000,-9999999.000,0.000,1.000,0,27,0,225,225,27,0,252,0.0,1.0,0.0,0.0,0.10714285714285714,0.8928571428571429
"((PROTIME_INR <= 1.537) U[0,2] (Resp <= 19.514))
",0.000,-9999999.000,-9999999.000,0.000,1.000,0,27,0,225,225,27,0,252,0.0,1.0,0.0,0.0,0.10714285714285714,0.8928571428571429
"F[0,2](lds >= 0.888 | tte >= 3.536)
",0.000,-9999999.000,-9999999.000,0.000,1.000,0,27,0,225,225,27,0,252,0.0,1.0,0.0,0.0,0.10714285714285714,0.8928571428571429
"F[0,0](CALCIUM >= 8.721 -> SBP <= 176.593)
",-0.169,-76.314,-70.135,0.000,1.000,0,27,2,223,223,29,2,250,0.0,0.9310344827586207,0.06896551724137931,0.0,0.10714285714285714,0.8928571428571429
"F[0,0](PROTIME_INR >= 1.263 | tte >= -2.846)
",2.007,9.718,2.064,0.000,1.000,0,27,2,223,223,29,2,250,0.0,0.9310344827586207,0.06896551724137931,0.0,0.10714285714285714,0.8928571428571429
"F[1,1](death >= 0.005 -> MET <= 0.991)
",0.866,0.005,-0.422,0.000,1.000,0,27,2,223,223,29,2,250,0.0,0.9310344827586207,0.06896551724137931,0.0,0.10714285714285714,0.8928571428571429
"((TOTAL_PROTEIN >= 6.207) U[0,1] (WHITE_BLOOD_CELL_COUNT >= 8.299))
",0.000,-9999999.000,-9999999.000,0.000,1.000,13,14,15,210,223,29,28,224,0.05829596412556054,0.4827586206896552,0.5172413793103449,0.4642857142857143,0.10714285714285714,0.8928571428571429
"F[0,1](PHOSPHORUS <= 4.146 -> WHITE_BLOOD_CELL_COUNT >= 8.356)
",0.000,-9999999.000,-9999999.000,0.000,1.000,13,14,15,210,223,29,28,224,0.05829596412556054,0.4827586206896552,0.5172413793103449,0.4642857142857143,0.10714285714285714,0.8928571428571429
"F[0,2](death <= 0.221 | hr <= 79.980)
",0.000,-9999999.000,-9999999.000,0.000,1.000,0,27,0,225,225,27,0,252,0.0,1.0,0.0,0.0,0.10714285714285714,0.8928571428571429
"F[0,2](BLOOD_UREA_NITROGEN >= 39.974 | lds >= 1.026)
",0.000,-9999999.000,-9999999.000,0.000,1.000,0,27,0,225,225,27,0,252,0.0,1.0,0.0,0.0,0.10714285714285714,0.8928571428571429
"((BLOOD_UREA_NITROGEN <= 52.775) U[1,2] (CREATININE >= 2.112))
",0.000,-9999999.000,-9999999.000,0.000,1.000,27,0,0,225,252,0,27,225,0.10714285714285714,0.0,0.0,1.0,0.10714285714285714,0.8928571428571429
"((death >= 0.000) U[1,2] (s2_edrk <= 0.002))
",0.000,-9999999.000,-9999999.000,0.000,1.000,0,26,0,226,226,26,0,252,0.0,1.0,0.0,0.0,0.10317460317460317,0.8968253968253969
"((SODIUM >= 135.848) U[0,2] (y >= 0.069))
",0.000,-9999999.000,-9999999.000,0.000,1.000,0,26,0,226,226,26,0,252,0.0,1.0,0.0,0.0,0.10317460317460317,0.8968253968253969
"((TOTAL_PROTEIN >= 6.240) U[0,2] (y >= 0.079))
",0.000,-9999999.000,-9999999.000,0.000,1.000,0,26,0,226,226,26,0,252,0.0,1.0,0.0,0.0,0.10317460317460317,0.8968253968253969
"((hr >= 55.849) U[0,0] (SODIUM <= 139.983))
",-0.163,15.960,20.213,0.000,1.000,12,14,15,211,223,29,27,225,0.053811659192825115,0.4827586206896552,0.5172413793103449,0.4444444444444444,0.10317460317460317,0.8968253968253969
"F[1,2](GLUCOSE >= 104.161 -> Resp >= 16.754)
",0.000,-9999999.000,-9999999.000,0.000,1.000,0,26,0,226,226,26,0,252,0.0,1.0,0.0,0.0,0.10317460317460317,0.8968253968253969
"((AST_GOT <= 28.347) U[0,1] (CALCIUM >= 8.881))
",0.000,-9999999.000,-9999999.000,0.000,1.000,12,14,15,211,223,29,27,225,0.053811659192825115,0.4827586206896552,0.5172413793103449,0.4444444444444444,0.10317460317460317,0.8968253968253969
"((CO2 >= 27.415) U[0,1] (Pulse <= 84.653))
",0.000,-9999999.000,-9999999.000,0.000,1.000,0,26,3,223,223,29,3,249,0.0,0.896551724137931,0.10344827586206896,0.0,0.10317460317460317,0.8968253968253969
"((OXYGEN_SATURATION <= 86.822) U[0,2] (y >= 0.045))
",0.000,-9999999.000,-9999999.000,0.000,1.000,0,26,0,226,226,26,0,252,0.0,1.0,0.0,0.0,0.10317460317460317,0.8968253968253969
"F[1,2]((af <= 0.996 | AF <= 0.134) & cosen >= -2.630)
",0.000,-9999999.000,-9999999.000,0.000,1.000,0,26,0,226,226,26,0,252,0.0,1.0,0.0,0.0,0.10317460317460317,0.8968253968253969
"((CO2 <= 30.238) U[0,2] (lds <= 1.902))
",0.000,-9999999.000,-9999999.000,0.000,1.000,0,26,0,226,226,26,0,252,0.0,1.0,0.0,0.0,0.10317460317460317,0.8968253968253969
"((PHOSPHORUS <= 4.133) U[1,2] (Resp <= 19.653))
",0.000,-9999999.000,-9999999.000,0.000,1.000,0,26,0,226,226,26,0,252,0.0,1.0,0.0,0.0,0.10317460317460317,0.8968253968253969
"((AST_GOT >= 27.186) U[0,1] (PROTIME_INR <= 1.821))
",0.000,-9999999.000,-9999999.000,0.000,1.000,12,14,15,211,223,29,27,225,0.053811659192825115,0.4827586206896552,0.5172413793103449,0.4444444444444444,0.10317460317460317,0.8968253968253969
"F[0,2](death <= 0.983 & Pulse <= 97.194)
",0.000,-9999999.000,-9999999.000,0.000,1.000,0,26,0,226,226,26,0,252,0.0,1.0,0.0,0.0,0.10317460317460317,0.8968253968253969
"((BLOOD_UREA_NITROGEN <= 48.917) U[0,0] (CALCIUM >= 8.701))
",-0.843,7.151,20.345,0.000,1.000,12,14,15,211,223,29,27,225,0.053811659192825115,0.4827586206896552,0.5172413793103449,0.4444444444444444,0.10317460317460317,0.8968253968253969
"F[0,1](CALCIUM >= 9.092 | SODIUM <= 140.549)
",0.000,-9999999.000,-9999999.000,0.000,1.000,12,14,15,211,223,29,27,225,0.053811659192825115,0.4827586206896552,0.5172413793103449,0.4444444444444444,0.10317460317460317,0.8968253968253969
"F[0,1](CHLORIDE >= 95.019 -> PROTIME_INR <= 1.960)
",0.000,-9999999.000,-9999999.000,0.000,1.000,12,14,15,211,223,29,27,225,0.053811659192825115,0.4827586206896552,0.5172413793103449,0.4444444444444444,0.10317460317460317,0.8968253968253969
"((O2_Flow >= 3.826) U[0,2] (y >= 0.092))
",0.000,-9999999.000,-9999999.000,0.000,1.000,0,26,0,226,226,26,0,252,0.0,1.0,0.0,0.0,0.10317460317460317,0.8968253968253969
"F[1,2](Glasgow_Coma_Scale_Total >= 14.757 -> ICU_Pt_Days >= 3.830)
",0.000,-9999999.000,-9999999.000,0.000,1.000,0,25,0,227,227,25,0,252,0.0,1.0,0.0,0.0,0.0992063492063492,0.9007936507936508
"F[0,2]((af <= 0.258 | AF <= 0.391) & cosen >= -2.464)
",0.000,-9999999.000,-9999999.000,0.000,1.000,0,25,0,227,227,25,0,252,0.0,1.0,0.0,0.0,0.0992063492063492,0.9007936507936508
"((dfa >= 0.501) U[0,1] (Temp <= 36.914))
",0.000,-9999999.000,-9999999.000,0.000,1.000,0,25,4,223,223,29,4,248,0.0,0.8620689655172413,0.13793103448275862,0.0,0.0992063492063492,0.9007936507936508
"F[1,2]((af <= 0.651 | AF <= 0.155) & cosen >= -2.574)
",0.000,-9999999.000,-9999999.000,0.000,1.000,0,25,0,227,227,25,0,252,0.0,1.0,0.0,0.0,0.0992063492063492,0.9007936507936508
"F[0,2](BLOOD_UREA_NITROGEN >= 38.968 | Mort <= 0.318)
",0.000,-9999999.000,-9999999.000,0.000,1.000,0,25,0,227,227,25,0,252,0.0,1.0,0.0,0.0,0.0992063492063492,0.9007936507936508
"((s8_hr >= -0.000) U[0,0] (Temp <= 37.149))
",-0.239,0.725,0.961,0.000,1.000,0,24,5,223,223,29,5,247,0.0,0.8275862068965517,0.1724137931034483,0.0,0.09523809523809523,0.9047619047619048
"F[0,2](Mort <= 0.919 & Pulse <= 100.370)
",0.000,-9999999.000,-9999999.000,0.000,1.000,0,24,0,228,228,24,0,252,0.0,1.0,0.0,0.0,0.09523809523809523,0.9047619047619048
"F[0,1](direct <= 0.283 & O2_Flow <= 6.777)
",0.000,-9999999.000,-9999999.000,0.000,1.000,0,24,5,223,223,29,5,247,0.0,0.8275862068965517,0.1724137931034483,0.0,0.09523809523809523,0.9047619047619048
"((CHLORIDE >= 97.319) U[0,1] (Pulse <= 81.010))
",0.000,-9999999.000,-9999999.000,0.000,1.000,0,24,5,223,223,29,5,247,0.0,0.8275862068965517,0.1724137931034483,0.0,0.09523809523809523,0.9047619047619048
"F[0,2](CO2 <= 30.260 & hr <= 90.863)
",0.000,-9999999.000,-9999999.000,0.000,1.000,0,24,0,228,228,24,0,252,0.0,1.0,0.0,0.0,0.09523809523809523,0.9047619047619048
"F[0,0](ICU_Pt_Days >= 4.808 | PLATELET_COUNT <= 209.037)
",0.069,33.551,30.295,0.000,1.000,0,23,6,223,223,29,6,246,0.0,0.7931034482758621,0.20689655172413793,0.0,0.09126984126984126,0.9087301587301587
"((direct <= 0.625) U[0,0] (ICU_Pt_Days >= 2.857))
",0.717,3.143,2.318,0.000,1.000,0,23,6,223,223,29,6,246,0.0,0.7931034482758621,0.20689655172413793,0.0,0.09126984126984126,0.9087301587301587
"((ALKALINE_PHOSPHATASE >= 91.202) U[1,2] (PARTIAL_THROMBOPLASTIN_TIME >= 31.819))
",0.000,-9999999.000,-9999999.000,0.000,1.000,8,15,0,229,237,15,8,244,0.03375527426160337,1.0,0.0,1.0,0.09126984126984126,0.9087301587301587
"((ICU_Pt_Days >= 2.034) U[0,2] (O2_Flow >= 2.881))
",0.000,-9999999.000,-9999999.000,0.000,1.000,0,23,0,229,229,23,0,252,0.0,1.0,0.0,0.0,0.09126984126984126,0.9087301587301587
"F[0,2](LOS >= 9.193 & tte <= 9.629)
",0.000,-9999999.000,-9999999.000,0.000,1.000,0,22,0,230,230,22,0,252,0.0,1.0,0.0,0.0,0.0873015873015873,0.9126984126984127
"((CALCIUM >= 8.715) U[1,2] (hr <= 97.625))
",0.000,-9999999.000,-9999999.000,0.000,1.000,12,10,15,215,227,25,27,225,0.05286343612334802,0.4,0.6,0.4444444444444444,0.0873015873015873,0.9126984126984127
"((LOS >= 2.048) U[1,2] (n_edrk >= 0.163))
",0.000,-9999999.000,-9999999.000,0.000,1.000,0,22,2,228,228,24,2,250,0.0,0.9166666666666666,0.08333333333333333,0.0,0.0873015873015873,0.9126984126984127
"F[0,2](ALBUMIN >= 3.201 | y <= 0.239)
",0.000,-9999999.000,-9999999.000,0.000,1.000,0,22,0,230,230,22,0,252,0.0,1.0,0.0,0.0,0.0873015873015873,0.9126984126984127
"F[0,2](edrk <= 32.758 -> LOS >= 10.865)
",0.000,-9999999.000,-9999999.000,0.000,1.000,0,21,0,231,231,21,0,252,0.0,1.0,0.0,0.0,0.08333333333333333,0.9166666666666666
"((hr <= 83.583) U[1,2] (O2_Flow <= 6.232))
",0.000,-9999999.000,-9999999.000,0.000,1.000,4,17,11,220,224,28,15,237,0.017857142857142856,0.6071428571428571,0.39285714285714285,0.26666666666666666,0.08333333333333333,0.9166666666666666
"((direct <= 0.265) U[1,1] (LOS >= 4.157))
",0.686,7.843,5.617,0.000,1.000,0,19,10,223,223,29,10,242,0.0,0.6551724137931034,0.3448275862068966,0.0,0.07539682539682539,0.9246031746031746
"((ALT_GPT <= 25.824) U[1,2] (CHLORIDE >= 97.128))
",0.000,-9999999.000,-9999999.000,0.000,1.000,5,14,15,218,223,29,20,232,0.02242152466367713,0.4827586206896552,0.5172413793103449,0.25,0.07539682539682539,0.9246031746031746
"((AST_GOT <= 28.361) U[1,1] (TOTAL_PROTEIN >= 6.181))
",0.881,1.331,0.423,0.000,1.000,5,14,15,218,223,29,20,232,0.02242152466367713,0.4827586206896552,0.5172413793103449,0.25,0.07539682539682539,0.9246031746031746
"F[1,2]((af <= 0.343 | AF <= 0.433) & cosen >= -2.331)
",0.000,-9999999.000,-9999999.000,0.000,1.000,0,18,0,234,234,18,0,252,0.0,1.0,0.0,0.0,0.07142857142857142,0.9285714285714286
"((MET >= 0.804) U[1,2] (SBP <= 157.502))
",0.000,-9999999.000,-9999999.000,0.000,1.000,0,18,11,223,223,29,11,241,0.0,0.6206896551724138,0.3793103448275862,0.0,0.07142857142857142,0.9285714285714286
"F[0,1](MET <= 0.967 -> y = 0.939)
",0.000,-9999999.000,-9999999.000,0.000,1.000,0,18,11,223,223,29,11,241,0.0,0.6206896551724138,0.3793103448275862,0.0,0.07142857142857142,0.9285714285714286
"F[1,2](direct <= 0.369 & SpO2 <= 96.507)
",0.000,-9999999.000,-9999999.000,0.000,1.000,0,17,0,235,235,17,0,252,0.0,1.0,0.0,0.0,0.06746031746031746,0.9325396825396826
"F[1,1](Resp >= 12.211 & TOTAL_PROTEIN >= 6.183)
",0.722,0.110,-0.178,0.000,1.000,5,12,17,218,223,29,22,230,0.02242152466367713,0.41379310344827586,0.5862068965517241,0.22727272727272727,0.06746031746031746,0.9325396825396826
"F[0,2](BLOOD_UREA_NITROGEN <= 45.532 & CREATININE >= 1.297)
",0.000,-9999999.000,-9999999.000,0.000,1.000,0,16,0,236,236,16,0,252,0.0,1.0,0.0,0.0,0.06349206349206349,0.9365079365079365
"F[1,2](CREATININE >= 1.206 | s8_hr <= -3.9266198984608765e-05)
",0.000,-9999999.000,-9999999.000,0.000,1.000,0,16,0,236,236,16,0,252,0.0,1.0,0.0,0.0,0.06349206349206349,0.9365079365079365
"F[0,2](ICU_Pt_Days <= 5.948 -> y = 0.628)
",0.000,-9999999.000,-9999999.000,0.000,1.000,0,16,0,236,236,16,0,252,0.0,1.0,0.0,0.0,0.06349206349206349,0.9365079365079365
"F[0,2](ALBUMIN <= 3.267 -> PLATELET_COUNT <= 201.841)
",0.000,-9999999.000,-9999999.000,0.000,1.000,0,16,0,236,236,16,0,252,0.0,1.0,0.0,0.0,0.06349206349206349,0.9365079365079365
"((AST_GOT >= 27.164) U[0,2] (PLATELET_COUNT <= 198.043))
",0.000,-9999999.000,-9999999.000,0.000,1.000,0,16,0,236,236,16,0,252,0.0,1.0,0.0,0.0,0.06349206349206349,0.9365079365079365
"F[0,2](ALKALINE_PHOSPHATASE >= 91.462 | hr <= 73.898)
",0.000,-9999999.000,-9999999.000,0.000,1.000,0,15,0,237,237,15,0,252,0.0,1.0,0.0,0.0,0.05952380952380952,0.9404761904761905
"F[1,2](lds >= 0.403 -> PARTIAL_THROMBOPLASTIN_TIME >= 32.018)
",0.000,-9999999.000,-9999999.000,0.000,1.000,0,15,0,237,237,15,0,252,0.0,1.0,0.0,0.0,0.05952380952380952,0.9404761904761905
"((LACTIC_ACID <= 1.299) U[0,1] (TROPONIN_I >= 0.035))
",0.000,-9999999.000,-9999999.000,0.000,1.000,1,14,15,222,223,29,16,236,0.004484304932735426,0.4827586206896552,0.5172413793103449,0.0625,0.05952380952380952,0.9404761904761905
"((hr <= 118.597) U[0,2] (TOTAL_BILIRUBIN >= 0.747))
",0.000,-9999999.000,-9999999.000,0.000,1.000,0,15,0,237,237,15,0,252,0.0,1.0,0.0,0.0,0.05952380952380952,0.9404761904761905
"F[1,2](BLOOD_UREA_NITROGEN <= 53.542 -> TROPONIN_I <= 0.056)
",0.000,-9999999.000,-9999999.000,0.000,1.000,0,15,0,237,237,15,0,252,0.0,1.0,0.0,0.0,0.05952380952380952,0.9404761904761905
"F[1,2](HEMOGLOBIN <= 12.918 -> tte >= 2.720)
",0.000,-9999999.000,-9999999.000,0.000,1.000,0,15,0,237,237,15,0,252,0.0,1.0,0.0,0.0,0.05952380952380952,0.9404761904761905
"((death >= 0.010) U[0,2] (n_edrk <= 0.937))
",0.000,-9999999.000,-9999999.000,0.000,1.000,0,15,0,237,237,15,0,252,0.0,1.0,0.0,0.0,0.05952380952380952,0.9404761904761905
"((dfa >= 0.487) U[0,2] (TOTAL_BILIRUBIN >= 0.706))
",0.000,-9999999.000,-9999999.000,0.000,1.000,0,15,0,237,237,15,0,252,0.0,1.0,0.0,0.0,0.05952380952380952,0.9404761904761905
"((CHLORIDE >= 97.590) U[0,2] (TOTAL_BILIRUBIN >= 0.738))
",0.000,-9999999.000,-9999999.000,0.000,1.000,0,15,0,237,237,15,0,252,0.0,1.0,0.0,0.0,0.05952380952380952,0.9404761904761905
"F[1,2](CREATININE >= 1.516 | HEMOGLOBIN >= 11.875)
",0.000,-9999999.000,-9999999.000,0.000,1.000,0,15,0,237,237,15,0,252,0.0,1.0,0.0,0.0,0.05952380952380952,0.9404761904761905
"F[0,2](ALBUMIN >= 3.204 & tte >= -2.848)
",0.000,-9999999.000,-9999999.000,0.000,1.000,0,15,0,237,237,15,0,252,0.0,1.0,0.0,0.0,0.05952380952380952,0.9404761904761905
"((hr >= 49.618) U[0,2] (PHOSPHORUS >= 3.020))
",0.000,-9999999.000,-9999999.000,0.000,1.000,0,15,0,237,237,15,0,252,0.0,1.0,0.0,0.0,0.05952380952380952,0.9404761904761905
"F[1,1](MET >= 0.229 & Mort <= 0.831)
",0.866,0.771,0.342,0.000,1.000,0,15,14,223,223,29,14,238,0.0,0.5172413793103449,0.4827586206896552,0.0,0.05952380952380952,0.9404761904761905
"F[0,2](CO2 <= 33.805 & TROPONIN_I <= 0.057)
",0.000,-9999999.000,-9999999.000,0.000,1.000,0,15,0,237,237,15,0,252,0.0,1.0,0.0,0.0,0.05952380952380952,0.9404761904761905
"((SODIUM >= 135.615) U[0,2] (TOTAL_PROTEIN <= 6.276))
",0.000,-9999999.000,-9999999.000,0.000,1.000,0,15,0,237,237,15,0,252,0.0,1.0,0.0,0.0,0.05952380952380952,0.9404761904761905
"F[1,2](AST_GOT >= 27.150 & y >= 0.002)
",0.000,-9999999.000,-9999999.000,0.000,1.000,0,15,0,237,237,15,0,252,0.0,1.0,0.0,0.0,0.05952380952380952,0.9404761904761905
"F[0,2](ALKALINE_PHOSPHATASE >= 91.826 & y >= 0.013)
",0.000,-9999999.000,-9999999.000,0.000,1.000,0,15,0,237,237,15,0,252,0.0,1.0,0.0,0.0,0.05952380952380952,0.9404761904761905
"F[0,2](OXYGEN_SATURATION <= 87.541 | TROPONIN_I <= 0.056)
",0.000,-9999999.000,-9999999.000,0.000,1.000,0,15,0,237,237,15,0,252,0.0,1.0,0.0,0.0,0.05952380952380952,0.9404761904761905
"((CO2 >= 27.096) U[0,2] (PHOSPHORUS >= 2.991))
",0.000,-9999999.000,-9999999.000,0.000,1.000,0,15,0,237,237,15,0,252,0.0,1.0,0.0,0.0,0.05952380952380952,0.9404761904761905
"F[1,2](CHLORIDE <= 102.070 -> CO2 >= 29.084)
",0.000,-9999999.000,-9999999.000,0.000,1.000,0,15,0,237,237,15,0,252,0.0,1.0,0.0,0.0,0.05952380952380952,0.9404761904761905
"F[0,2](ALKALINE_PHOSPHATASE >= 91.353 -> CHLORIDE <= 107.292)
",0.000,-9999999.000,-9999999.000,0.000,1.000,0,14,0,238,238,14,0,252,0.0,1.0,0.0,0.0,0.05555555555555555,0.9444444444444444
"((ALKALINE_PHOSPHATASE >= 91.694) U[0,2] (TOTAL_BILIRUBIN <= 1.380))
",0.000,-9999999.000,-9999999.000,0.000,1.000,0,14,0,238,238,14,0,252,0.0,1.0,0.0,0.0,0.05555555555555555,0.9444444444444444
"((death <= 0.708) U[0,2] (ICU_Pt_Days <= 5.883))
",0.000,-9999999.000,-9999999.000,0.000,1.000,0,14,0,238,238,14,0,252,0.0,1.0,0.0,0.0,0.05555555555555555,0.9444444444444444
"F[0,2](O2_Flow <= 5.082 -> PHOSPHORUS >= 3.361)
",0.000,-9999999.000,-9999999.000,0.000,1.000,0,14,0,238,238,14,0,252,0.0,1.0,0.0,0.0,0.05555555555555555,0.9444444444444444
"((PARTIAL_THROMBOPLASTIN_TIME >= 31.833) U[0,2] (TROPONIN_I >= 0.029))
",0.000,-9999999.000,-9999999.000,0.000,1.000,0,14,0,238,238,14,0,252,0.0,1.0,0.0,0.0,0.05555555555555555,0.9444444444444444
"F[0,2](AST_GOT >= 27.046 -> TROPONIN_I >= 0.027)
",0.000,-9999999.000,-9999999.000,0.000,1.000,0,14,0,238,238,14,0,252,0.0,1.0,0.0,0.0,0.05555555555555555,0.9444444444444444
"F[0,2](CHLORIDE <= 105.508 | OXYGEN_SATURATION <= 89.158)
",0.000,-9999999.000,-9999999.000,0.000,1.000,0,14,0,238,238,14,0,252,0.0,1.0,0.0,0.0,0.05555555555555555,0.9444444444444444
"F[0,2](LOS >= 2.522 -> PLATELET_COUNT >= 165.225)
",0.000,-9999999.000,-9999999.000,0.000,1.000,0,14,0,238,238,14,0,252,0.0,1.0,0.0,0.0,0.05555555555555555,0.9444444444444444
"F[0,2](Pulse >= 59.521 & SODIUM <= 139.976)
",0.000,-9999999.000,-9999999.000,0.000,1.000,0,14,0,238,238,14,0,252,0.0,1.0,0.0,0.0,0.05555555555555555,0.9444444444444444
"F[0,2](O2_Flow >= 2.350 -> PARTIAL_THROMBOPLASTIN_TIME <= 32.652)
",0.000,-9999999.000,-9999999.000,0.000,1.000,0,14,0,238,238,14,0,252,0.0,1.0,0.0,0.0,0.05555555555555555,0.9444444444444444
"((Temp >= 35.697) U[0,2] (TOTAL_PROTEIN >= 6.074))
",0.000,-9999999.000,-9999999.000,0.000,1.000,0,14,0,238,238,14,0,252,0.0,1.0,0.0,0.0,0.05555555555555555,0.9444444444444444
"F[0,2](CHLORIDE >= 97.250 -> SODIUM <= 140.246)
",0.000,-9999999.000,-9999999.000,0.000,1.000,0,14,0,238,238,14,0,252,0.0,1.0,0.0,0.0,0.05555555555555555,0.9444444444444444
"((CREATININE <= 2.468) U[1,2] (ICU_Pt_Days <= 5.988))
",0.000,-9999999.000,-9999999.000,0.000,1.000,0,13,1,238,238,14,1,251,0.0,0.9285714285714286,0.07142857142857142,0.0,0.051587301587301584,0.9484126984126984
"((ALT_GPT <= 26.121) U[0,2] (Temp >= 36.194))
",0.000,-9999999.000,-9999999.000,0.000,1.000,0,13,0,239,239,13,0,252,0.0,1.0,0.0,0.0,0.051587301587301584,0.9484126984126984
"((s24_hr <= 1.143126857074368e-05) U[0,2] (Temp >= 36.076))
",0.000,-9999999.000,-9999999.000,0.000,1.000,0,13,0,239,239,13,0,252,0.0,1.0,0.0,0.0,0.051587301587301584,0.9484126984126984
"F[1,2](ALT_GPT <= 27.372 & s8_hr <= 0.000)
",0.000,-9999999.000,-9999999.000,0.000,1.000,0,12,0,240,240,12,0,252,0.0,1.0,0.0,0.0,0.047619047619047616,0.9523809523809523
"F[0,2](AST_GOT <= 28.966 & Resp <= 20.188)
",0.000,-9999999.000,-9999999.000,0.000,1.000,0,12,0,240,240,12,0,252,0.0,1.0,0.0,0.0,0.047619047619047616,0.9523809523809523
"((CREATININE <= 2.385) U[0,2] (LOS <= 11.976))
",0.000,-9999999.000,-9999999.000,0.000,1.000,0,12,0,240,240,12,0,252,0.0,1.0,0.0,0.0,0.047619047619047616,0.9523809523809523
"F[1,2](AF <= 0.281 & MET <= 0.970)
",0.000,-9999999.000,-9999999.000,0.000,1.000,0,10,0,242,242,10,0,252,0.0,1.0,0.0,0.0,0.03968253968253968,0.9603174603174603
"((OXYGEN_SATURATION <= 87.823) U[1,2] (WHITE_BLOOD_CELL_COUNT >= 8.670))
",0.000,-9999999.000,-9999999.000,0.000,1.000,9,0,0,243,252,0,9,243,0.03571428571428571,0.0,0.0,1.0,0.03571428571428571,0.9642857142857143
"((LOS <= 11.861) U[1,2] (MET <= 0.996))
",0.000,-9999999.000,-9999999.000,0.000,1.000,0,9,3,240,240,12,3,249,0.0,0.75,0.25,0.0,0.03571428571428571,0.9642857142857143
"F[0,2](direct <= 0.468 -> y = 0.773)
",0.000,-9999999.000,-9999999.000,0.000,1.000,0,9,0,243,243,9,0,252,0.0,1.0,0.0,0.0,0.03571428571428571,0.9642857142857143
"F[0,2](CO2 >= 24.806 & s24_hr >= -0.000)
",0.000,-9999999.000,-9999999.000,0.000,1.000,0,8,0,244,244,8,0,252,0.0,1.0,0.0,0.0,0.031746031746031744,0.9682539682539683
"((Resp >= 14.354) U[0,2] (y <= 0.441))
",0.000,-9999999.000,-9999999.000,0.000,1.000,0,7,0,245,245,7,0,252,0.0,1.0,0.0,0.0,0.027777777777777776,0.9722222222222222
"F[0,2](s24_hr <= -5.256098136780455e-05 & s2_hr <= 0.001)
",0.000,-9999999.000,-9999999.000,0.000,1.000,0,7,0,245,245,7,0,252,0.0,1.0,0.0,0.0,0.027777777777777776,0.9722222222222222
"((hr <= 93.148) U[1,2] (PROTIME_INR <= 1.450))
",0.000,-9999999.000,-9999999.000,0.000,1.000,0,7,7,238,238,14,7,245,0.0,0.5,0.5,0.0,0.027777777777777776,0.9722222222222222
"((ALBUMIN >= 3.204) U[0,2] (O2_Flow >= 3.817))
",0.000,-9999999.000,-9999999.000,0.000,1.000,0,6,0,246,246,6,0,252,0.0,1.0,0.0,0.0,0.023809523809523808,0.9761904761904762
"F[0,2](O2_Flow >= 3.633 & TROPONIN_I >= 0.027)
",0.000,-9999999.000,-9999999.000,0.000,1.000,0,6,0,246,246,6,0,252,0.0,1.0,0.0,0.0,0.023809523809523808,0.9761904761904762
"((AF <= 0.285) U[1,2] (direct >= 0.012))
",0.000,-9999999.000,-9999999.000,0.000,1.000,0,6,1,245,245,7,1,251,0.0,0.8571428571428571,0.14285714285714285,0.0,0.023809523809523808,0.9761904761904762
"F[0,2](O2_Flow >= 3.681 & Pulse >= 61.721)
",0.000,-9999999.000,-9999999.000,0.000,1.000,0,6,0,246,246,6,0,252,0.0,1.0,0.0,0.0,0.023809523809523808,0.9761904761904762
"((ICU_Pt_Days >= 3.222) U[1,2] (LOS <= 11.833))
",0.000,-9999999.000,-9999999.000,0.000,1.000,0,6,5,241,241,11,5,247,0.0,0.5454545454545454,0.45454545454545453,0.0,0.023809523809523808,0.9761904761904762
"((PROTIME_INR >= 1.114) U[0,0] (y <= 0.463))
",-0.400,0.486,0.711,0.000,1.000,0,5,24,223,223,29,24,228,0.0,0.1724137931034483,0.8275862068965517,0.0,0.01984126984126984,0.9801587301587301
"F[1,2](LOS <= 11.753 & Mort <= 0.731)
",0.000,-9999999.000,-9999999.000,0.000,1.000,0,4,0,248,248,4,0,252,0.0,1.0,0.0,0.0,0.015873015873015872,0.9841269841269842
"F[1,2](O2_Flow >= 3.166 & PROTIME_INR <= 2.027)
",0.000,-9999999.000,-9999999.000,0.000,1.000,0,3,0,249,249,3,0,252,0.0,1.0,0.0,0.0,0.011904761904761904,0.9880952380952381
"F[1,2](s8_hr >= -0.000 & TOTAL_BILIRUBIN <= 1.375)
",0.000,-9999999.000,-9999999.000,0.000,1.000,0,2,0,250,250,2,0,252,0.0,1.0,0.0,0.0,0.007936507936507936,0.9920634920634921
"((Resp <= 19.920) U[0,2] (tte >= 2.013))
",0.000,-9999999.000,-9999999.000,0.000,1.000,0,1,0,251,251,1,0,252,0.0,1.0,0.0,0.0,0.003968253968253968,0.996031746031746
"((HEMOGLOBIN >= 12.186) U[1,2] (ICU_Pt_Days <= 5.995))
",0.000,-9999999.000,-9999999.000,0.000,1.000,0,1,13,238,238,14,13,239,0.0,0.07142857142857142,0.9285714285714286,0.0,0.003968253968253968,0.996031746031746
"F[0,2](BLOOD_UREA_NITROGEN <= 53.511 & CREATININE >= 1.715)
",0.000,-9999999.000,-9999999.000,0.000,1.000,0,1,0,251,251,1,0,252,0.0,1.0,0.0,0.0,0.003968253968253968,0.996031746031746
"((death >= 0.013) U[1,2] (Glasgow_Coma_Scale_Total <= 14.999))
",0.000,-9999999.000,-9999999.000,0.000,1.000,0,1,1,250,250,2,1,251,0.0,0.5,0.5,0.0,0.003968253968253968,0.996031746031746
"((CALCIUM <= 9.636) U[0,2] (tte >= 3.176))
",0.000,-9999999.000,-9999999.000,0.000,1.000,0,1,0,251,251,1,0,252,0.0,1.0,0.0,0.0,0.003968253968253968,0.996031746031746
"F[0,2](PARTIAL_THROMBOPLASTIN_TIME <= 33.463 & PLATELET_COUNT <= 199.110)
",0.000,-9999999.000,-9999999.000,0.000,1.000,0,1,0,251,251,1,0,252,0.0,1.0,0.0,0.0,0.003968253968253968,0.996031746031746
"F[2,2](BLOOD_UREA_NITROGEN <= 52.069 & CREATININE >= 1.911)
",0.440,0.019,-0.475,0.000,1.000,0,0,0,252,252,0,0,252,0.0,0.0,0.0,0.0,0.0,1.0
"F[2,2](ALT_GPT >= 22.705 & dfa >= 0.407)
",-0.837,-0.683,-0.089,0.000,1.000,0,0,0,252,252,0,0,252,0.0,0.0,0.0,0.0,0.0,1.0
"F[2,2](ALKALINE_PHOSPHATASE >= 91.773 & TOTAL_PROTEIN >= 6.122)
",-0.881,-0.763,-0.458,0.000,1.000,0,0,0,252,252,0,0,252,0.0,0.0,0.0,0.0,0.0,1.0
"((MET >= 0.268) U[0,2] (death = 0.016))
",0.000,-9999999.000,-9999999.000,0.000,1.000,0,0,0,252,252,0,0,252,0.0,0.0,0.0,0.0,0.0,1.0
"F[2,2](hr <= 72.923 -> Pulse >= 59.261)
",0.098,-15.649,-16.683,0.000,1.000,0,0,0,252,252,0,0,252,0.0,0.0,0.0,0.0,0.0,1.0
"((dfa <= 0.719) U[2,2] (TOTAL_PROTEIN >= 5.952))
",0.839,0.341,0.149,0.000,1.000,0,0,0,252,252,0,0,252,0.0,0.0,0.0,0.0,0.0,1.0
"((MET >= 0.335) U[0,2] (death = 0.016))
",0.000,-9999999.000,-9999999.000,0.000,1.000,0,0,0,252,252,0,0,252,0.0,0.0,0.0,0.0,0.0,1.0
"F[2,2](SODIUM <= 137.605 & y = 0.875)
",0.668,-1.077,-2.779,0.000,1.000,0,0,0,252,252,0,0,252,0.0,0.0,0.0,0.0,0.0,1.0
"F[2,2]((af <= 0.919 | AF <= 0.242) & cosen >= -2.593)
",0.076,0.341,0.305,0.000,1.000,0,0,0,252,252,0,0,252,0.0,0.0,0.0,0.0,0.0,1.0
"((Sgy >= 0.000) U[2,2] (y = 0.519))
",0.000,0.000,0.000,0.000,1.000,0,0,0,252,252,0,0,252,0.0,0.0,0.0,0.0,0.0,1.0
"((edrk <= 21.096) U[1,2] (y = 0.520))
",0.000,-9999999.000,-9999999.000,0.000,1.000,0,0,0,252,252,0,0,252,0.0,0.0,0.0,0.0,0.0,1.0
"((BLOOD_UREA_NITROGEN <= 46.725) U[0,2] (y = 0.195))
",0.000,-9999999.000,-9999999.000,0.000,1.000,0,0,0,252,252,0,0,252,0.0,0.0,0.0,0.0,0.0,1.0
"((MET >= 0.138) U[0,2] (death = 0.016))
",0.000,-9999999.000,-9999999.000,0.000,1.000,0,0,0,252,252,0,0,252,0.0,0.0,0.0,0.0,0.0,1.0
"F[2,2](BLOOD_UREA_NITROGEN <= 50.822 & CREATININE >= 2.157)
",0.196,-0.444,-0.722,0.000,1.000,0,0,0,252,252,0,0,252,0.0,0.0,0.0,0.0,0.0,1.0
"((lds <= 2.305) U[2,2] (PROTIME_INR >= 1.223))
",-0.175,0.778,0.922,0.000,1.000,0,0,0,252,252,0,0,252,0.0,0.0,0.0,0.0,0.0,1.0
"((MET >= 0.432) U[0,2] (death = 0.016))
",0.000,-9999999.000,-9999999.000,0.000,1.000,0,0,0,252,252,0,0,252,0.0,0.0,0.0,0.0,0.0,1.0
"((TROPONIN_I < 0.058) U[2,2] (y = 0.242))
",-0.810,0.000,0.021,0.000,1.000,0,0,0,252,252,0,0,252,0.0,0.0,0.0,0.0,0.0,1.0
"F[1,2](AST_GOT <= 29.747 & y = 0.264)
",0.000,-9999999.000,-9999999.000,0.000,1.000,0,0,0,252,252,0,0,252,0.0,0.0,0.0,0.0,0.0,1.0
"((ALKALINE_PHOSPHATASE >= 91.168) U[2,2] (TROPONIN_I <= 0.057))
",-0.881,0.248,7.903,0.000,1.000,0,0,0,252,252,0,0,252,0.0,0.0,0.0,0.0,0.0,1.0
"F[2,2](BLOOD_UREA_NITROGEN <= 42.330 & CREATININE >= 1.732)
",-0.873,-4.240,-0.296,0.000,1.000,0,0,0,252,252,0,0,252,0.0,0.0,0.0,0.0,0.0,1.0
"((MET >= 0.284) U[1,2] (death = 0.016))
",0.000,-9999999.000,-9999999.000,0.000,1.000,0,0,0,252,252,0,0,252,0.0,0.0,0.0,0.0,0.0,1.0
"F[0,2](AF >= 0.004 & y <= 0.979)
",0.000,-9999999.000,-9999999.000,0.000,1.000,0,0,0,252,252,0,0,252,0.0,0.0,0.0,0.0,0.0,1.0
"F[0,2](ALBUMIN <= 3.267 & y = 0.979)
",0.000,-9999999.000,-9999999.000,0.000,1.000,0,0,0,252,252,0,0,252,0.0,0.0,0.0,0.0,0.0,1.0
"((CHLORIDE <= 106.341) U[2,2] (GLUCOSE >= 109.128))
",0.696,18.231,4.035,0.000,1.000,0,0,0,252,252,0,0,252,0.0,0.0,0.0,0.0,0.0,1.0
"F[2,2](TOTAL_BILIRUBIN <= 1.498 | TROPONIN_I <= 0.060)
",0.876,0.784,0.365,0.000,1.000,0,0,0,252,252,0,0,252,0.0,0.0,0.0,0.0,0.0,1.0
"((LACTIC_ACID >= 1.288) U[2,2] (WHITE_BLOOD_CELL_COUNT <= 9.494))
",-1.062,0.455,2.117,0.000,1.000,0,0,0,252,252,0,0,252,0.0,0.0,0.0,0.0,0.0,1.0
"F[2,2](CHLORIDE >= 94.013 & y >= 0.079)
",-1.581,-0.079,0.636,0.000,1.000,0,0,0,252,252,0,0,252,0.0,0.0,0.0,0.0,0.0,1.0
"((dfa >= 0.587) U[2,2] (lds <= 1.970))
",-0.024,0.483,0.503,0.000,1.000,0,0,0,252,252,0,0,252,0.0,0.0,0.0,0.0,0.0,1.0
"F[2,2](PROTIME_INR <= 1.789 & Temp >= 35.409)
",0.624,0.499,0.017,0.000,1.000,0,0,0,252,252,0,0,252,0.0,0.0,0.0,0.0,0.0,1.0
"F[2,2](Glasgow_Coma_Scale_Total <= 14.994 | Pulse <= 71.502)
",-0.151,2.421,4.248,0.000,1.000,0,0,0,252,252,0,0,252,0.0,0.0,0.0,0.0,0.0,1.0
"((MET >= 0.076) U[1,2] (death = 0.016))
",0.000,-9999999.000,-9999999.000,0.000,1.000,0,0,0,252,252,0,0,252,0.0,0.0,0.0,0.0,0.0,1.0
"((GLUCOSE >= 122.044) U[2,2] (PLATELET_COUNT <= 189.902))
",0.088,21.391,18.639,0.000,1.000,0,0,0,252,252,0,0,252,0.0,0.0,0.0,0.0,0.0,1.0
"F[2,2](BLOOD_UREA_NITROGEN <= 47.019 & HEMOGLOBIN <= 12.723)
",-0.513,-1.684,0.580,0.000,1.000,0,0,0,252,252,0,0,252,0.0,0.0,0.0,0.0,0.0,1.0
"F[1,2](CALCIUM <= 9.628 & OXYGEN_SATURATION <= 92.913)
",0.000,-9999999.000,-9999999.000,0.000,1.000,0,0,0,252,252,0,0,252,0.0,0.0,0.0,0.0,0.0,1.0
"((HEMOGLOBIN <= 12.799) U[0,2] (LACTIC_ACID <= 1.294))
",0.000,-9999999.000,-9999999.000,0.000,1.000,0,0,0,252,252,0,0,252,0.0,0.0,0.0,0.0,0.0,1.0
"((ALKALINE_PHOSPHATASE <= 100.925) U[2,2] (PHOSPHORUS >= 3.543))
",0.880,9.734,3.914,0.000,1.000,0,0,0,252,252,0,0,252,0.0,0.0,0.0,0.0,0.0,1.0
"F[2,2](GLUCOSE >= 119.519 & PARTIAL_THROMBOPLASTIN_TIME <= 33.428)
",0.458,-1.831,-8.073,0.000,1.000,0,0,0,252,252,0,0,252,0.0,0.0,0.0,0.0,0.0,1.0
"F[2,2](ALKALINE_PHOSPHATASE >= 91.313 -> O2_Flow <= 5.570)
",0.982,-1.806,-8.922,0.000,1.000,0,0,0,252,252,0,0,252,0.0,0.0,0.0,0.0,0.0,1.0
"F[2,2](PLATELET_COUNT <= 183.992 | tte <= 7.781)
",-0.283,14.931,20.564,0.000,1.000,0,0,0,252,252,0,0,252,0.0,0.0,0.0,0.0,0.0,1.0
"F[2,2](dfa <= 0.772 | PROTIME_INR <= 2.085)
",0.720,0.850,0.390,0.000,1.000,0,0,0,252,252,0,0,252,0.0,0.0,0.0,0.0,0.0,1.0
"((ALBUMIN >= 3.201) U[0,2] (OXYGEN_SATURATION <= 94.078))
",0.000,-9999999.000,-9999999.000,0.000,1.000,0,0,0,252,252,0,0,252,0.0,0.0,0.0,0.0,0.0,1.0
"F[2,2](O2_Flow <= 4.629 & WHITE_BLOOD_CELL_COUNT >= 8.455)
",0.983,0.276,-1.123,0.000,1.000,0,0,0,252,252,0,0,252,0.0,0.0,0.0,0.0,0.0,1.0
"F[2,2](PARTIAL_THROMBOPLASTIN_TIME <= 33.261 | TOTAL_BILIRUBIN >= 0.734)
",0.572,1.408,1.064,0.000,1.000,0,0,0,252,252,0,0,252,0.0,0.0,0.0,0.0,0.0,1.0
"((s24_hr <= 0.001) U[2,2] (s8_hr <= -2.4446966033499945e-05))
",0.683,12.000,9.714,0.000,1.000,0,0,0,252,252,0,0,252,0.0,0.0,0.0,0.0,0.0,1.0
"F[1,2](PARTIAL_THROMBOPLASTIN_TIME >= 32.063 & TOTAL_PROTEIN >= 6.169)
",0.000,-9999999.000,-9999999.000,0.000,1.000,0,0,0,252,252,0,0,252,0.0,0.0,0.0,0.0,0.0,1.0
"F[2,2](PROTIME_INR <= 1.560 -> TOTAL_BILIRUBIN <= 1.019)
",-0.887,-0.352,0.120,0.000,1.000,0,0,0,252,252,0,0,252,0.0,0.0,0.0,0.0,0.0,1.0
"((dfa <= 0.891) U[2,2] (SODIUM <= 137.975))
",0.560,1.503,0.481,0.000,1.000,0,0,0,252,252,0,0,252,0.0,0.0,0.0,0.0,0.0,1.0
"F[1,2](HEMOGLOBIN <= 12.630 & PLATELET_COUNT <= 200.402)
",0.000,-9999999.000,-9999999.000,0.000,1.000,0,0,0,252,252,0,0,252,0.0,0.0,0.0,0.0,0.0,1.0
"F[2,2](AST_GOT <= 29.456 | Pulse <= 113.825)
",-0.003,42.482,42.539,0.000,1.000,0,0,0,252,252,0,0,252,0.0,0.0,0.0,0.0,0.0,1.0
"F[2,2](CHLORIDE >= 95.028 | PARTIAL_THROMBOPLASTIN_TIME <= 33.605)
",-1.142,3.679,11.615,0.000,1.000,0,0,0,252,252,0,0,252,0.0,0.0,0.0,0.0,0.0,1.0
"F[2,2](GLUCOSE <= 135.422 -> Pulse <= 91.967)
",0.197,-22.254,-25.473,0.000,1.000,0,0,0,252,252,0,0,252,0.0,0.0,0.0,0.0,0.0,1.0
"F[1,2](HEMOGLOBIN <= 12.825 & OXYGEN_SATURATION <= 87.783)
",0.000,-9999999.000,-9999999.000,0.000,1.000,0,0,0,252,252,0,0,252,0.0,0.0,0.0,0.0,0.0,1.0
"((death >= 0.006) U[2,2] (Mort >= 0.010))
",-0.632,-0.006,0.279,0.000,1.000,0,0,0,252,252,0,0,252,0.0,0.0,0.0,0.0,0.0,1.0
"F[2,2](BLOOD_UREA_NITROGEN <= 42.667 & edrk >= 5.997)
",-1.327,-2.066,8.114,0.000,1.000,0,0,0,252,252,0,0,252,0.0,0.0,0.0,0.0,0.0,1.0
"F[2,2](CALCIUM >= 8.984 & Pulse >= 69.442)
",0.179,-1.490,-3.447,0.000,1.000,0,0,0,252,252,0,0,252,0.0,0.0,0.0,0.0,0.0,1.0
"F[2,2](ALKALINE_PHOSPHATASE <= 103.429 & WHITE_BLOOD_CELL_COUNT <= 9.081)
",0.325,-0.037,-0.606,0.000,1.000,0,0,0,252,252,0,0,252,0.0,0.0,0.0,0.0,0.0,1.0
"((ICU_Pt_Days >= 4.695) U[2,2] (Mort >= 0.025))
",0.691,1.305,1.068,0.000,1.000,0,0,0,252,252,0,0,252,0.0,0.0,0.0,0.0,0.0,1.0
"((ICU_Pt_Days <= 5.902) U[2,2] (y >= 0.062))
",-0.980,-0.062,1.642,0.000,1.000,0,0,0,252,252,0,0,252,0.0,0.0,0.0,0.0,0.0,1.0
"((PARTIAL_THROMBOPLASTIN_TIME <= 33.389) U[2,2] (SODIUM <= 139.842))
",0.697,3.103,0.469,0.000,1.000,0,0,0,252,252,0,0,252,0.0,0.0,0.0,0.0,0.0,1.0
