Rule,Discrimination Score,Pos Robustness,Neg Robustness,Percent Class +,Percent Class -,TP,TN,FP,FN,Actual Yes,Actual No,Predicted Yes,Predicted No,TPR/Sens,TNR/Spec,FPR,Precision,Accuracy,MCR,Class
"G[0,1](Pulse <= 69.541 | WHITE_BLOOD_CELL_COUNT <= 7.532)
",0.000,9999999.000,9999999.000,1.000,0.000,71,14,0,0,71,14,71,14,1.0,1.0,0.0,1.0,1.0,0.0,1
"G[1,1](n_evts <= 0.579 & y <= 0.176)
",4.140,0.176,-0.651,1.000,0.000,71,14,0,0,71,14,71,14,1.0,1.0,0.0,1.0,1.0,0.0,1
"((AF >= 0.005) U[0,0] (n_evts >= 0.057))
",-1093441391670870784.000,-0.005,0.943,0.000,1.000,71,14,0,0,71,14,71,14,1.0,1.0,0.0,1.0,1.0,0.0,-1
"F[0,1](n_edrk <= 0.965 & n_evts >= 0.038)
",0.000,-9999999.000,-9999999.000,0.000,1.000,71,14,0,0,71,14,71,14,1.0,1.0,0.0,1.0,1.0,0.0,-1
"F[0,0](dfa >= 0.438 -> n_evts >= 0.007)
",4.635,-0.354,-0.993,0.000,1.000,71,14,0,0,71,14,71,14,1.0,1.0,0.0,1.0,1.0,0.0,-1
"((Mort >= 0.023) U[0,0] (n_evts >= 0.103))
",-24.407,-0.023,0.943,0.000,1.000,71,14,0,0,71,14,71,14,1.0,1.0,0.0,1.0,1.0,0.0,-1
"((CO2 >= 24.303) U[0,1] (ICU_Pt_Days >= 0.196))
",0.000,-9999999.000,-9999999.000,0.000,1.000,71,12,2,0,71,14,73,12,1.0,0.8571428571428571,0.14285714285714285,0.9726027397260274,0.9764705882352941,0.02352941176470591,-1
"((s2_hr >= -0.001) U[1,1] (WHITE_BLOOD_CELL_COUNT >= 6.672))
",-3.266,0.150,1.728,0.000,1.000,69,14,0,2,71,14,69,16,0.971830985915493,1.0,0.0,1.0,0.9764705882352941,0.02352941176470591,-1
"((AF >= 0.001) U[0,1] (ICU_Pt_Days >= 0.092))
",0.000,-9999999.000,-9999999.000,0.000,1.000,71,12,2,0,71,14,73,12,1.0,0.8571428571428571,0.14285714285714285,0.9726027397260274,0.9764705882352941,0.02352941176470591,-1
"F[1,1](hr >= 50.664 & LOS >= 2.133)
",-1.021,-1.439,4.153,0.000,1.000,71,12,2,0,71,14,73,12,1.0,0.8571428571428571,0.14285714285714285,0.9726027397260274,0.9764705882352941,0.02352941176470591,-1
"G[0,1](ICU_Pt_Days >= 0.387 -> TROPONIN_I >= 0.698)
",0.000,9999999.000,9999999.000,1.000,0.000,71,12,2,0,71,14,73,12,1.0,0.8571428571428571,0.14285714285714285,0.9726027397260274,0.9764705882352941,0.02352941176470591,1
"F[1,1](ICU_Pt_Days >= 0.422 & s24_edrk >= -0.005)
",-2.449,-0.422,-0.057,0.000,1.000,71,10,4,0,71,14,75,10,1.0,0.7142857142857143,0.2857142857142857,0.9466666666666667,0.9529411764705882,0.04705882352941182,-1
"G[0,1](PLATELET_COUNT >= 119.156 -> y <= 0.447)
",0.000,9999999.000,9999999.000,1.000,0.000,71,9,5,0,71,14,76,9,1.0,0.6428571428571429,0.35714285714285715,0.9342105263157895,0.9411764705882353,0.05882352941176472,1
"((HEMOGLOBIN >= 10.521) U[0,1] (y >= 0.079))
",0.000,-9999999.000,-9999999.000,0.000,1.000,71,9,5,0,71,14,76,9,1.0,0.6428571428571429,0.35714285714285715,0.9342105263157895,0.9411764705882353,0.05882352941176472,-1
"((CHLORIDE <= 106.339) U[0,0] (tte <= -0.106))
",-1.066,2.091,4.339,0.000,1.000,71,9,5,0,71,14,76,9,1.0,0.6428571428571429,0.35714285714285715,0.9342105263157895,0.9411764705882353,0.05882352941176472,-1
"((CHLORIDE <= 104.808) U[0,1] (y >= 0.088))
",0.000,-9999999.000,-9999999.000,0.000,1.000,71,9,5,0,71,14,76,9,1.0,0.6428571428571429,0.35714285714285715,0.9342105263157895,0.9411764705882353,0.05882352941176472,-1
"G[0,1](AF <= 0.221 & HEMOGLOBIN >= 11.594)
",0.000,9999999.000,9999999.000,1.000,0.000,65,14,0,6,71,14,65,20,0.9154929577464789,1.0,0.0,1.0,0.9294117647058824,0.07058823529411762,1
"((TROPONIN_I <= 1.064) U[0,1] (WHITE_BLOOD_CELL_COUNT >= 6.811))
",0.000,-9999999.000,-9999999.000,0.000,1.000,65,14,0,6,71,14,65,20,0.9154929577464789,1.0,0.0,1.0,0.9294117647058824,0.07058823529411762,-1
"((tte <= -0.042) U[0,1] (WHITE_BLOOD_CELL_COUNT >= 6.909))
",0.000,-9999999.000,-9999999.000,0.000,1.000,65,14,0,6,71,14,65,20,0.9154929577464789,1.0,0.0,1.0,0.9294117647058824,0.07058823529411762,-1
"G[0,1](s8_hr >= -0.005 & TROPONIN_I >= 0.393)
",0.000,9999999.000,9999999.000,1.000,0.000,64,14,0,7,71,14,64,21,0.9014084507042254,1.0,0.0,1.0,0.9176470588235294,0.08235294117647063,1
"F[1,1](dfa <= 1.358 -> direct >= 0.022)
",0.617,-0.551,-0.786,0.000,1.000,71,7,7,0,71,14,78,7,1.0,0.5,0.5,0.9102564102564102,0.9176470588235294,0.08235294117647063,-1
"F[1,1](direct >= 0.005 & Temp >= 35.649)
",-0.849,-0.005,0.419,0.000,1.000,71,7,7,0,71,14,78,7,1.0,0.5,0.5,0.9102564102564102,0.9176470588235294,0.08235294117647063,-1
"G[1,1](direct <= 0.961 & SpO2 <= 98.017)
",0.698,0.961,0.254,1.000,0.000,71,7,7,0,71,14,78,7,1.0,0.5,0.5,0.9102564102564102,0.9176470588235294,0.08235294117647063,1
"G[1,1](O2_Flow > 2.125 -> y = 0.354)
",0.764,0.125,-0.875,1.000,0.000,71,7,7,0,71,14,78,7,1.0,0.5,0.5,0.9102564102564102,0.9176470588235294,0.08235294117647063,1
"((LOS >= 2.437) U[0,1] (O2_Flow >= 2.052))
",0.000,-9999999.000,-9999999.000,0.000,1.000,71,7,7,0,71,14,78,7,1.0,0.5,0.5,0.9102564102564102,0.9176470588235294,0.08235294117647063,-1
"G[0,0](death <= 0.732 & Temp <= 37.301)
",1.132,0.639,0.091,1.000,0.000,71,7,7,0,71,14,78,7,1.0,0.5,0.5,0.9102564102564102,0.9176470588235294,0.08235294117647063,1
"((n_edrk >= 0.163) U[1,1] (tte <= -0.013))
",-0.105,0.809,0.945,0.000,1.000,71,6,8,0,71,14,79,6,1.0,0.42857142857142855,0.5714285714285714,0.8987341772151899,0.9058823529411765,0.09411764705882353,-1
"G[0,1](s8_edrk <= 0.002 & Temp <= 37.311)
",0.000,9999999.000,9999999.000,1.000,0.000,71,6,8,0,71,14,79,6,1.0,0.42857142857142855,0.5714285714285714,0.8987341772151899,0.9058823529411765,0.09411764705882353,1
"((Glasgow_Coma_Scale_Total <= 14.970) U[0,0] (Pulse >= 54.657))
",-2.331,0.166,31.486,0.000,1.000,63,14,0,8,71,14,63,22,0.8873239436619719,1.0,0.0,1.0,0.9058823529411765,0.09411764705882353,-1
"F[0,0](n_edrk <= 0.894 & Temp >= 36.316)
",-0.662,-0.147,0.269,0.000,1.000,69,8,6,2,71,14,75,10,0.971830985915493,0.5714285714285714,0.42857142857142855,0.92,0.9058823529411765,0.09411764705882353,-1
"((n_evts >= 0.052) U[1,2] (tte >= -0.450))
",0.000,-9999999.000,-9999999.000,0.000,1.000,71,5,0,9,80,5,71,14,0.8875,1.0,0.0,1.0,0.8941176470588236,0.10588235294117643,-1
"G[0,1](dfa >= 0.565 -> WHITE_BLOOD_CELL_COUNT <= 7.289)
",0.000,9999999.000,9999999.000,1.000,0.000,65,11,3,6,71,14,68,17,0.9154929577464789,0.7857142857142857,0.21428571428571427,0.9558823529411765,0.8941176470588236,0.10588235294117643,1
"G[0,1](death <= 0.487 | WHITE_BLOOD_CELL_COUNT <= 8.243)
",0.000,9999999.000,9999999.000,1.000,0.000,71,4,10,0,71,14,81,4,1.0,0.2857142857142857,0.7142857142857143,0.8765432098765432,0.8823529411764706,0.11764705882352944,1
"G[0,1](death >= 0.030 -> s24_edrk >= -0.001)
",0.000,9999999.000,9999999.000,1.000,0.000,71,4,10,0,71,14,81,4,1.0,0.2857142857142857,0.7142857142857143,0.8765432098765432,0.8823529411764706,0.11764705882352944,1
"G[1,1](GLUCOSE >= 101.877 -> n_edrk >= 0.310)
",1.090,-8.198,-17.123,1.000,0.000,71,4,10,0,71,14,81,4,1.0,0.2857142857142857,0.7142857142857143,0.8765432098765432,0.8823529411764706,0.11764705882352944,1
"G[0,1](edrk >= 13.237 & s8_edrk >= -0.003)
",0.000,9999999.000,9999999.000,1.000,0.000,68,6,8,3,71,14,76,9,0.9577464788732394,0.42857142857142855,0.5714285714285714,0.8947368421052632,0.8705882352941177,0.12941176470588234,1
"F[1,1](death <= 0.197 & Mort >= 0.080)
",0.324,-0.080,-0.207,0.000,1.000,71,3,11,0,71,14,82,3,1.0,0.21428571428571427,0.7857142857142857,0.8658536585365854,0.8705882352941177,0.12941176470588234,-1
"G[0,1](dfa <= 1.247 -> SpO2 <= 99.410)
",0.000,9999999.000,9999999.000,1.000,0.000,71,2,12,0,71,14,83,2,1.0,0.14285714285714285,0.8571428571428571,0.8554216867469879,0.8588235294117647,0.14117647058823535,1
"F[1,1](HEMOGLOBIN <= 12.596 & MAGNESIUM >= 1.857)
",-2.333,-0.080,0.143,0.000,1.000,59,14,0,12,71,14,59,26,0.8309859154929577,1.0,0.0,1.0,0.8588235294117647,0.14117647058823535,-1
"((dfa >= 0.763) U[0,0] (hr >= 59.993))
",-1.923,0.992,31.926,0.000,1.000,59,14,0,12,71,14,59,26,0.8309859154929577,1.0,0.0,1.0,0.8588235294117647,0.14117647058823535,-1
"G[0,0](SpO2 >= 89.797 | y >= 0.080)
",0.038,6.032,5.877,1.000,0.000,71,2,12,0,71,14,83,2,1.0,0.14285714285714285,0.8571428571428571,0.8554216867469879,0.8588235294117647,0.14117647058823535,1
"((dfa <= 1.235) U[0,1] (MET >= 0.012))
",0.000,-9999999.000,-9999999.000,0.000,1.000,71,2,12,0,71,14,83,2,1.0,0.14285714285714285,0.8571428571428571,0.8554216867469879,0.8588235294117647,0.14117647058823535,-1
"((death >= 0.039) U[1,1] (s2_edrk >= -0.005))
",-0.634,0.005,0.279,0.000,1.000,71,2,12,0,71,14,83,2,1.0,0.14285714285714285,0.8571428571428571,0.8554216867469879,0.8588235294117647,0.14117647058823535,-1
"F[1,1](SpO2 >= 90.630 -> y = 0.953)
",-0.183,-5.142,-4.278,0.000,1.000,71,2,12,0,71,14,83,2,1.0,0.14285714285714285,0.8571428571428571,0.8554216867469879,0.8588235294117647,0.14117647058823535,-1
"((Glasgow_Coma_Scale_Total <= 14.999) U[1,1] (s2_edrk <= 0.003))
",-0.406,0.003,0.144,0.000,1.000,71,2,12,0,71,14,83,2,1.0,0.14285714285714285,0.8571428571428571,0.8554216867469879,0.8588235294117647,0.14117647058823535,-1
"((death >= 0.031) U[1,2] (y <= 0.922))
",0.000,-9999999.000,-9999999.000,0.000,1.000,71,2,3,9,80,5,74,11,0.8875,0.4,0.6,0.9594594594594594,0.8588235294117647,0.14117647058823535,-1
"F[0,1](MET >= 0.011 & Resp <= 17.364)
",0.000,-9999999.000,-9999999.000,0.000,1.000,71,2,12,0,71,14,83,2,1.0,0.14285714285714285,0.8571428571428571,0.8554216867469879,0.8588235294117647,0.14117647058823535,-1
"G[1,1](lds >= 0.855 | PLATELET_COUNT <= 193.737)
",3.182,73.809,0.757,1.000,0.000,71,2,12,0,71,14,83,2,1.0,0.14285714285714285,0.8571428571428571,0.8554216867469879,0.8588235294117647,0.14117647058823535,1
"G[0,1](LOS <= 8.262 -> TROPONIN_I >= 0.450)
",0.000,9999999.000,9999999.000,1.000,0.000,64,9,5,7,71,14,69,16,0.9014084507042254,0.6428571428571429,0.35714285714285715,0.927536231884058,0.8588235294117647,0.14117647058823535,1
"G[1,1](Mort >= 0.053 -> n_edrk <= 0.902)
",1.697,0.035,-0.709,1.000,0.000,71,1,13,0,71,14,84,1,1.0,0.07142857142857142,0.9285714285714286,0.8452380952380952,0.8470588235294118,0.15294117647058825,1
"G[0,0](HEMOGLOBIN >= 10.286 | Mort >= 0.055)
",1.240,2.016,0.516,1.000,0.000,65,7,7,6,71,14,72,13,0.9154929577464789,0.5,0.5,0.9027777777777778,0.8470588235294118,0.15294117647058825,1
"((ICU_Pt_Days >= 0.376) U[1,2] (srr >= 0.046))
",0.000,-9999999.000,-9999999.000,0.000,1.000,64,7,0,14,78,7,64,21,0.8205128205128205,1.0,0.0,1.0,0.8352941176470589,0.16470588235294115,-1
"F[1,1](PARTIAL_THROMBOPLASTIN_TIME <= 31.800 -> y = 0.077)
",0.000,-0.000,-0.000,0.000,1.000,71,0,14,0,71,14,85,0,1.0,0.0,1.0,0.8352941176470589,0.8352941176470589,0.16470588235294115,-1
"F[0,1](BLOOD_UREA_NITROGEN <= 19.658 & CREATININE >= 0.911)
",0.000,-9999999.000,-9999999.000,0.000,1.000,71,0,14,0,71,14,85,0,1.0,0.0,1.0,0.8352941176470589,0.8352941176470589,0.16470588235294115,-1
"((MET >= 0.023) U[1,1] (death = 0.047))
",-0.408,-0.023,0.119,0.000,1.000,71,0,14,0,71,14,85,0,1.0,0.0,1.0,0.8352941176470589,0.8352941176470589,0.16470588235294115,-1
"((MET >= 0.014) U[0,1] (death = 0.047))
",0.000,-9999999.000,-9999999.000,0.000,1.000,71,0,14,0,71,14,85,0,1.0,0.0,1.0,0.8352941176470589,0.8352941176470589,0.16470588235294115,-1
"F[0,1](CO2 <= 25.322 & O2_Flow >= 2.012)
",0.000,-9999999.000,-9999999.000,0.000,1.000,71,0,14,0,71,14,85,0,1.0,0.0,1.0,0.8352941176470589,0.8352941176470589,0.16470588235294115,-1
"F[0,0](BLOOD_UREA_NITROGEN >= 14.872 & MAGNESIUM <= 1.882)
",-1.090,-0.527,-0.118,0.000,1.000,71,0,14,0,71,14,85,0,1.0,0.0,1.0,0.8352941176470589,0.8352941176470589,0.16470588235294115,-1
"((Resp >= 14.399) U[0,1] (y = 0.098))
",0.000,-9999999.000,-9999999.000,0.000,1.000,71,0,14,0,71,14,85,0,1.0,0.0,1.0,0.8352941176470589,0.8352941176470589,0.16470588235294115,-1
"((s24_edrk <= 0.001) U[1,1] (y = 0.297))
",-0.145,0.001,0.001,0.000,1.000,71,0,14,0,71,14,85,0,1.0,0.0,1.0,0.8352941176470589,0.8352941176470589,0.16470588235294115,-1
"((CO2 <= 25.414) U[1,1] (tte <= -0.146))
",-0.121,0.478,0.723,0.000,1.000,71,0,14,0,71,14,85,0,1.0,0.0,1.0,0.8352941176470589,0.8352941176470589,0.16470588235294115,-1
"F[1,1](s24_hr >= -0.006 & y = 0.696)
",-1.155,-0.696,-0.472,0.000,1.000,71,0,14,0,71,14,85,0,1.0,0.0,1.0,0.8352941176470589,0.8352941176470589,0.16470588235294115,-1
"((s2_edrk > -0.003) U[0,1] (y = 0.971))
",0.000,-9999999.000,-9999999.000,0.000,1.000,71,0,14,0,71,14,85,0,1.0,0.0,1.0,0.8352941176470589,0.8352941176470589,0.16470588235294115,-1
"((s2_hr >= -0.004) U[1,1] (y = 0.472))
",-0.009,0.004,0.004,0.000,1.000,71,0,14,0,71,14,85,0,1.0,0.0,1.0,0.8352941176470589,0.8352941176470589,0.16470588235294115,-1
"((af > 0.021) U[0,1] (y = 0.479))
",0.000,-9999999.000,-9999999.000,0.000,1.000,71,0,14,0,71,14,85,0,1.0,0.0,1.0,0.8352941176470589,0.8352941176470589,0.16470588235294115,-1
"F[0,1](BLOOD_UREA_NITROGEN <= 18.042 & CREATININE >= 0.846)
",0.000,-9999999.000,-9999999.000,0.000,1.000,71,0,14,0,71,14,85,0,1.0,0.0,1.0,0.8352941176470589,0.8352941176470589,0.16470588235294115,-1
"F[0,1](BLOOD_UREA_NITROGEN >= 15.495 & GLUCOSE <= 112.615)
",0.000,-9999999.000,-9999999.000,0.000,1.000,71,0,14,0,71,14,85,0,1.0,0.0,1.0,0.8352941176470589,0.8352941176470589,0.16470588235294115,-1
"F[0,1](PROTIME_INR <= 1.200 & y = 0.245)
",0.000,-9999999.000,-9999999.000,0.000,1.000,71,0,14,0,71,14,85,0,1.0,0.0,1.0,0.8352941176470589,0.8352941176470589,0.16470588235294115,-1
"((TOTAL_PROTEIN < 6.300) U[0,1] (y = 0.480))
",0.000,-9999999.000,-9999999.000,0.000,1.000,71,0,14,0,71,14,85,0,1.0,0.0,1.0,0.8352941176470589,0.8352941176470589,0.16470588235294115,-1
"F[0,0](BLOOD_UREA_NITROGEN <= 20.277 & CREATININE >= 0.844)
",1.090,-0.355,-0.723,0.000,1.000,71,0,14,0,71,14,85,0,1.0,0.0,1.0,0.8352941176470589,0.8352941176470589,0.16470588235294115,-1
"((death < 0.569) U[0,1] (y = 0.538))
",0.000,-9999999.000,-9999999.000,0.000,1.000,71,0,14,0,71,14,85,0,1.0,0.0,1.0,0.8352941176470589,0.8352941176470589,0.16470588235294115,-1
"((srr <= 0.128) U[1,1] (y = 0.670))
",-0.499,-0.007,0.061,0.000,1.000,71,0,14,0,71,14,85,0,1.0,0.0,1.0,0.8352941176470589,0.8352941176470589,0.16470588235294115,-1
"F[0,1](BLOOD_UREA_NITROGEN <= 18.464 & CREATININE >= 0.817)
",0.000,-9999999.000,-9999999.000,0.000,1.000,71,0,14,0,71,14,85,0,1.0,0.0,1.0,0.8352941176470589,0.8352941176470589,0.16470588235294115,-1
"((MET >= 0.006) U[0,1] (death = 0.047))
",0.000,-9999999.000,-9999999.000,0.000,1.000,71,0,14,0,71,14,85,0,1.0,0.0,1.0,0.8352941176470589,0.8352941176470589,0.16470588235294115,-1
"F[0,1](Pulse >= 50.842 & y = 0.085)
",0.000,-9999999.000,-9999999.000,0.000,1.000,71,0,14,0,71,14,85,0,1.0,0.0,1.0,0.8352941176470589,0.8352941176470589,0.16470588235294115,-1
"((hr <= 107.930) U[0,1] (y = 0.925))
",0.000,-9999999.000,-9999999.000,0.000,1.000,71,0,14,0,71,14,85,0,1.0,0.0,1.0,0.8352941176470589,0.8352941176470589,0.16470588235294115,-1
"F[0,1](ALT_GPT < 22.000 & y = 0.463)
",0.000,-9999999.000,-9999999.000,0.000,1.000,71,0,14,0,71,14,85,0,1.0,0.0,1.0,0.8352941176470589,0.8352941176470589,0.16470588235294115,-1
"((MET >= 0.008) U[0,1] (death = 0.047))
",0.000,-9999999.000,-9999999.000,0.000,1.000,71,0,14,0,71,14,85,0,1.0,0.0,1.0,0.8352941176470589,0.8352941176470589,0.16470588235294115,-1
"((BLOOD_UREA_NITROGEN >= 17.188) U[0,1] (y = 0.152))
",0.000,-9999999.000,-9999999.000,0.000,1.000,71,0,14,0,71,14,85,0,1.0,0.0,1.0,0.8352941176470589,0.8352941176470589,0.16470588235294115,-1
"G[0,1](PCO2 > 39.500 -> y = 0.972)
",0.000,9999999.000,9999999.000,1.000,0.000,71,0,14,0,71,14,85,0,1.0,0.0,1.0,0.8352941176470589,0.8352941176470589,0.16470588235294115,1
"((MET >= 0.012) U[0,1] (death = 0.047))
",0.000,-9999999.000,-9999999.000,0.000,1.000,71,0,14,0,71,14,85,0,1.0,0.0,1.0,0.8352941176470589,0.8352941176470589,0.16470588235294115,-1
"G[0,0](MAGNESIUM >= 1.789 | WHITE_BLOOD_CELL_COUNT <= 8.185)
",2.997,1.609,0.211,1.000,0.000,71,0,14,0,71,14,85,0,1.0,0.0,1.0,0.8352941176470589,0.8352941176470589,0.16470588235294115,1
"G[1,1](HEMOGLOBIN <= 12.091 | MET <= 0.573)
",-3.266,0.686,1.891,1.000,0.000,71,0,14,0,71,14,85,0,1.0,0.0,1.0,0.8352941176470589,0.8352941176470589,0.16470588235294115,1
"G[0,1](death >= 0.037 -> MAGNESIUM >= 1.856)
",0.000,9999999.000,9999999.000,1.000,0.000,71,0,14,0,71,14,85,0,1.0,0.0,1.0,0.8352941176470589,0.8352941176470589,0.16470588235294115,1
"G[0,1](CHLORIDE <= 106.756 | hr <= 86.497)
",0.000,9999999.000,9999999.000,1.000,0.000,71,0,14,0,71,14,85,0,1.0,0.0,1.0,0.8352941176470589,0.8352941176470589,0.16470588235294115,1
"G[0,0](CALCIUM <= 8.852 -> direct <= 0.317)
",-0.769,-0.333,-0.161,1.000,0.000,71,0,14,0,71,14,85,0,1.0,0.0,1.0,0.8352941176470589,0.8352941176470589,0.16470588235294115,1
"G[0,1](Glasgow_Coma_Scale_Total >= 14.202 | WHITE_BLOOD_CELL_COUNT >= 6.424)
",0.000,9999999.000,9999999.000,1.000,0.000,71,0,14,0,71,14,85,0,1.0,0.0,1.0,0.8352941176470589,0.8352941176470589,0.16470588235294115,1
"G[0,0](dfa <= 1.212 | s2_edrk >= -0.001)
",-0.445,0.424,0.561,1.000,0.000,71,0,14,0,71,14,85,0,1.0,0.0,1.0,0.8352941176470589,0.8352941176470589,0.16470588235294115,1
"G[1,1](lds >= 0.312 | SODIUM >= 137.479)
",-0.384,0.875,1.300,1.000,0.000,71,0,14,0,71,14,85,0,1.0,0.0,1.0,0.8352941176470589,0.8352941176470589,0.16470588235294115,1
"G[0,1](CALCIUM <= 8.872 -> ICU_Pt_Days <= 3.375)
",0.000,9999999.000,9999999.000,1.000,0.000,71,0,14,0,71,14,85,0,1.0,0.0,1.0,0.8352941176470589,0.8352941176470589,0.16470588235294115,1
"G[0,1](Pulse >= 50.294 | tte >= -0.914)
",0.000,9999999.000,9999999.000,1.000,0.000,71,0,14,0,71,14,85,0,1.0,0.0,1.0,0.8352941176470589,0.8352941176470589,0.16470588235294115,1
"G[0,1](AST_GOT > 27.000 -> y = 0.768)
",0.000,9999999.000,9999999.000,1.000,0.000,71,0,14,0,71,14,85,0,1.0,0.0,1.0,0.8352941176470589,0.8352941176470589,0.16470588235294115,1
"G[0,0](POTASSIUM <= 4.095 | WHITE_BLOOD_CELL_COUNT <= 7.481)
",2.672,0.955,0.095,1.000,0.000,71,0,14,0,71,14,85,0,1.0,0.0,1.0,0.8352941176470589,0.8352941176470589,0.16470588235294115,1
"G[0,0](direct <= 0.801 | HEMOGLOBIN <= 12.612)
",-3.254,0.955,2.412,1.000,0.000,71,0,14,0,71,14,85,0,1.0,0.0,1.0,0.8352941176470589,0.8352941176470589,0.16470588235294115,1
"G[0,1](TOTAL_BILIRUBIN < 0.700 -> y = 0.143)
",0.000,9999999.000,9999999.000,1.000,0.000,71,0,14,0,71,14,85,0,1.0,0.0,1.0,0.8352941176470589,0.8352941176470589,0.16470588235294115,1
"G[0,1](PLATELET_COUNT >= 125.266 | s24_hr <= 0.001)
",0.000,9999999.000,9999999.000,1.000,0.000,71,0,14,0,71,14,85,0,1.0,0.0,1.0,0.8352941176470589,0.8352941176470589,0.16470588235294115,1
"G[1,1](MET >= 0.011 -> PLATELET_COUNT >= 110.384)
",3.246,-11.776,-101.616,1.000,0.000,71,0,14,0,71,14,85,0,1.0,0.0,1.0,0.8352941176470589,0.8352941176470589,0.16470588235294115,1
"((HEMOGLOBIN <= 12.110) U[1,1] (hr <= 104.656))
",2.362,51.496,15.075,0.000,1.000,59,10,4,12,71,14,63,22,0.8309859154929577,0.7142857142857143,0.2857142857142857,0.9365079365079365,0.8117647058823529,0.18823529411764706,-1
"G[0,0](af >= 0.034 | lds <= 2.227)
",0.790,1.277,0.690,1.000,0.000,69,0,14,2,71,14,83,2,0.971830985915493,0.0,1.0,0.8313253012048193,0.8117647058823529,0.18823529411764706,1
"((O2_Flow <= 3.179) U[0,1] (TROPONIN_I <= 1.270))
",0.000,-9999999.000,-9999999.000,0.000,1.000,54,14,0,17,71,14,54,31,0.7605633802816901,1.0,0.0,1.0,0.8,0.19999999999999996,-1
"((MET >= 0.009) U[0,1] (TROPONIN_I <= 1.054))
",0.000,-9999999.000,-9999999.000,0.000,1.000,54,14,0,17,71,14,54,31,0.7605633802816901,1.0,0.0,1.0,0.8,0.19999999999999996,-1
"G[0,0](n_edrk <= 0.943 -> Pulse >= 49.431)
",2.188,-2.723,-36.712,1.000,0.000,67,0,14,4,71,14,81,4,0.9436619718309859,0.0,1.0,0.8271604938271605,0.788235294117647,0.21176470588235297,1
"G[0,1](CREATININE >= 0.885 | Resp <= 17.983)
",0.000,9999999.000,9999999.000,1.000,0.000,67,0,14,4,71,14,81,4,0.9436619718309859,0.0,1.0,0.8271604938271605,0.788235294117647,0.21176470588235297,1
"((hr <= 86.232) U[1,1] (n_edrk <= 0.980))
",3.192,33.072,1.977,0.000,1.000,59,7,7,12,71,14,66,19,0.8309859154929577,0.5,0.5,0.8939393939393939,0.7764705882352941,0.22352941176470587,-1
"((n_edrk <= 0.970) U[1,2] (y <= 0.139))
",0.000,-9999999.000,-9999999.000,0.000,1.000,61,5,0,19,80,5,61,24,0.7625,1.0,0.0,1.0,0.7764705882352941,0.22352941176470587,-1
"((HEMOGLOBIN <= 12.186) U[1,1] (n_edrk >= 0.642))
",-3.203,0.490,1.986,0.000,1.000,59,6,8,12,71,14,67,18,0.8309859154929577,0.42857142857142855,0.5714285714285714,0.8805970149253731,0.7647058823529411,0.23529411764705888,-1
"G[1,1](HEMOGLOBIN >= 11.707 | Pulse >= 53.546)
",-2.306,0.945,32.740,1.000,0.000,65,0,14,6,71,14,79,6,0.9154929577464789,0.0,1.0,0.8227848101265823,0.7647058823529411,0.23529411764705888,1
"G[1,1](PHOSPHORUS >= 3.237 | TROPONIN_I <= 1.221)
",-2.870,0.276,1.161,1.000,0.000,65,0,14,6,71,14,79,6,0.9154929577464789,0.0,1.0,0.8227848101265823,0.7647058823529411,0.23529411764705888,1
"((LOS >= 2.279) U[1,2] (WHITE_BLOOD_CELL_COUNT <= 7.711))
",0.000,-9999999.000,-9999999.000,0.000,1.000,65,0,0,20,85,0,65,20,0.7647058823529411,0.0,0.0,1.0,0.7647058823529411,0.23529411764705888,-1
"F[1,1](n_edrk <= 0.989 & PHOSPHORUS <= 3.436)
",1.045,-0.032,-0.064,0.000,1.000,63,0,14,8,71,14,77,8,0.8873239436619719,0.0,1.0,0.8181818181818182,0.7411764705882353,0.2588235294117647,-1
"G[0,1](PHOSPHORUS >= 3.125 & s2_hr >= -0.004)
",0.000,9999999.000,9999999.000,1.000,0.000,63,0,14,8,71,14,77,8,0.8873239436619719,0.0,1.0,0.8181818181818182,0.7411764705882353,0.2588235294117647,1
"G[0,1](death <= 0.958 & dfa >= 0.701)
",0.000,9999999.000,9999999.000,1.000,0.000,49,11,3,22,71,14,52,33,0.6901408450704225,0.7857142857142857,0.21428571428571427,0.9423076923076923,0.7058823529411765,0.2941176470588235,1
"G[0,1](SODIUM <= 137.528 -> TROPONIN_I <= 1.435)
",0.000,9999999.000,9999999.000,1.000,0.000,59,0,14,12,71,14,73,12,0.8309859154929577,0.0,1.0,0.8082191780821918,0.6941176470588235,0.3058823529411765,1
"((BLOOD_UREA_NITROGEN >= 16.189) U[1,1] (cosen >= -2.026))
",-1.082,2.151,4.811,0.000,1.000,53,4,10,18,71,14,63,22,0.7464788732394366,0.2857142857142857,0.7142857142857143,0.8412698412698413,0.6705882352941176,0.3294117647058824,-1
"F[0,1](CHLORIDE <= 107.412 & srr <= 0.193)
",0.000,-9999999.000,-9999999.000,0.000,1.000,42,14,0,29,71,14,42,43,0.5915492957746479,1.0,0.0,1.0,0.6588235294117647,0.3411764705882353,-1
"((Glasgow_Coma_Scale_Total >= 14.683) U[0,1] (hr >= 53.584))
",0.000,-9999999.000,-9999999.000,0.000,1.000,41,14,0,30,71,14,41,44,0.5774647887323944,1.0,0.0,1.0,0.6470588235294118,0.3529411764705882,-1
"((BLOOD_UREA_NITROGEN >= 16.356) U[1,2] (Resp >= 13.438))
",0.000,-9999999.000,-9999999.000,0.000,1.000,41,12,0,32,73,12,41,44,0.5616438356164384,1.0,0.0,1.0,0.6235294117647059,0.3764705882352941,-1
"F[1,1](cosen >= -2.173 -> MET >= 0.016)
",-0.186,-0.318,-0.136,0.000,1.000,42,10,4,29,71,14,46,39,0.5915492957746479,0.7142857142857143,0.2857142857142857,0.9130434782608695,0.611764705882353,0.388235294117647,-1
"((CREATININE <= 0.963) U[0,1] (PLATELET_COUNT >= 114.617))
",0.000,-9999999.000,-9999999.000,0.000,1.000,37,14,0,34,71,14,37,48,0.5211267605633803,1.0,0.0,1.0,0.6,0.4,-1
"((GLUCOSE <= 108.622) U[0,1] (lds >= 0.974))
",0.000,-9999999.000,-9999999.000,0.000,1.000,37,14,0,34,71,14,37,48,0.5211267605633803,1.0,0.0,1.0,0.6,0.4,-1
"F[1,1](MAGNESIUM >= 1.843 | PLATELET_COUNT >= 109.107)
",-3.237,12.472,102.893,0.000,1.000,36,14,0,35,71,14,36,49,0.5070422535211268,1.0,0.0,1.0,0.5882352941176471,0.4117647058823529,-1
"G[0,0](CO2 >= 24.148 -> y = 0.309)
",0.866,-0.995,-1.852,1.000,0.000,36,14,0,35,71,14,36,49,0.5070422535211268,1.0,0.0,1.0,0.5882352941176471,0.4117647058823529,1
"((BLOOD_UREA_NITROGEN >= 17.416) U[0,0] (CHLORIDE <= 105.164))
",-1.040,0.442,3.584,0.000,1.000,36,14,0,35,71,14,36,49,0.5070422535211268,1.0,0.0,1.0,0.5882352941176471,0.4117647058823529,-1
"((LOS >= 2.129) U[1,2] (Resp <= 17.766))
",0.000,-9999999.000,-9999999.000,0.000,1.000,47,2,2,34,81,4,49,36,0.5802469135802469,0.5,0.5,0.9591836734693877,0.5764705882352941,0.42352941176470593,-1
"((CALCIUM >= 8.722) U[0,1] (MAGNESIUM >= 1.807))
",0.000,-9999999.000,-9999999.000,0.000,1.000,35,14,0,36,71,14,35,50,0.49295774647887325,1.0,0.0,1.0,0.5764705882352941,0.42352941176470593,-1
"F[0,1](lds <= 3.337 -> POTASSIUM <= 4.058)
",0.000,-9999999.000,-9999999.000,0.000,1.000,35,14,0,36,71,14,35,50,0.49295774647887325,1.0,0.0,1.0,0.5764705882352941,0.42352941176470593,-1
"G[0,1](CO2 <= 25.659 & PLATELET_COUNT <= 176.627)
",0.000,9999999.000,9999999.000,1.000,0.000,35,14,0,36,71,14,35,50,0.49295774647887325,1.0,0.0,1.0,0.5764705882352941,0.42352941176470593,1
"G[0,1](PLATELET_COUNT <= 137.553 -> WHITE_BLOOD_CELL_COUNT >= 6.438)
",0.000,9999999.000,9999999.000,1.000,0.000,49,0,14,22,71,14,63,22,0.6901408450704225,0.0,1.0,0.7777777777777778,0.5764705882352941,0.42352941176470593,1
"G[0,0](hr <= 61.800 & MAGNESIUM >= 1.812)
",1.878,-0.714,-30.118,1.000,0.000,32,14,0,39,71,14,32,53,0.4507042253521127,1.0,0.0,1.0,0.5411764705882353,0.45882352941176474,1
"F[1,1](MAGNESIUM <= 1.881 | y >= 0.036)
",-0.806,0.053,0.536,0.000,1.000,35,9,5,36,71,14,40,45,0.49295774647887325,0.6428571428571429,0.35714285714285715,0.875,0.5176470588235295,0.48235294117647054,-1
"F[0,0](direct <= 0.352 & lds >= 0.782)
",0.144,0.035,-0.077,0.000,1.000,37,7,7,34,71,14,44,41,0.5211267605633803,0.5,0.5,0.8409090909090909,0.5176470588235295,0.48235294117647054,-1
"F[0,1](n_evts <= 0.641 -> PHOSPHORUS <= 3.436)
",0.000,-9999999.000,-9999999.000,0.000,1.000,29,14,0,42,71,14,29,56,0.4084507042253521,1.0,0.0,1.0,0.5058823529411764,0.49411764705882355,-1
"G[1,1](ICU_Pt_Days <= 4.666 & POTASSIUM <= 4.074)
",0.766,0.048,-0.159,1.000,0.000,35,8,6,36,71,14,41,44,0.49295774647887325,0.5714285714285714,0.42857142857142855,0.8536585365853658,0.5058823529411764,0.49411764705882355,1
"G[0,0](CO2 >= 24.219 -> Mort >= 0.063)
",0.866,-0.991,-1.781,1.000,0.000,36,7,7,35,71,14,43,42,0.5070422535211268,0.5,0.5,0.8372093023255814,0.5058823529411764,0.49411764705882355,1
"((CHLORIDE <= 107.189) U[1,2] (ICU_Pt_Days <= 2.135))
",0.000,-9999999.000,-9999999.000,0.000,1.000,36,6,0,43,79,6,36,49,0.45569620253164556,1.0,0.0,1.0,0.49411764705882355,0.5058823529411764,-1
"F[0,1](s2_hr >= -0.005 -> s8_hr >= -0.000)
",0.000,-9999999.000,-9999999.000,0.000,1.000,35,7,7,36,71,14,42,43,0.49295774647887325,0.5,0.5,0.8333333333333334,0.49411764705882355,0.5058823529411764,-1
"G[1,1](GLUCOSE <= 109.517 | n_evts >= 0.103)
",0.931,6.748,0.897,1.000,0.000,42,0,14,29,71,14,56,29,0.5915492957746479,0.0,1.0,0.75,0.49411764705882355,0.5058823529411764,1
"((CREATININE >= 0.822) U[1,2] (SODIUM >= 137.332))
",0.000,-9999999.000,-9999999.000,0.000,1.000,41,0,0,44,85,0,41,44,0.4823529411764706,0.0,0.0,1.0,0.4823529411764706,0.5176470588235293,-1
"((GLUCOSE >= 104.197) U[1,2] (TROPONIN_I >= 0.264))
",0.000,-9999999.000,-9999999.000,0.000,1.000,41,0,0,44,85,0,41,44,0.4823529411764706,0.0,0.0,1.0,0.4823529411764706,0.5176470588235293,-1
"((CO2 >= 24.702) U[1,2] (n_edrk >= 0.801))
",0.000,-9999999.000,-9999999.000,0.000,1.000,36,4,0,45,81,4,36,49,0.4444444444444444,1.0,0.0,1.0,0.47058823529411764,0.5294117647058824,-1
"G[0,1](CREATININE >= 0.805 & n_edrk >= 0.663)
",0.000,9999999.000,9999999.000,1.000,0.000,27,12,2,44,71,14,29,56,0.38028169014084506,0.8571428571428571,0.14285714285714285,0.9310344827586207,0.4588235294117647,0.5411764705882354,1
"G[0,1](hr >= 48.314 & Pulse >= 50.761)
",0.000,9999999.000,9999999.000,1.000,0.000,38,0,14,33,71,14,52,33,0.5352112676056338,0.0,1.0,0.7307692307692307,0.4470588235294118,0.5529411764705883,1
"F[0,1]((af <= 0.921 | AF <= 0.066) & cosen >= -2.065)
",0.000,-9999999.000,-9999999.000,0.000,1.000,32,6,8,39,71,14,40,45,0.4507042253521127,0.42857142857142855,0.5714285714285714,0.8,0.4470588235294118,0.5529411764705883,-1
"((MET <= 0.514) U[0,1] (s2_edrk <= 0.000))
",0.000,-9999999.000,-9999999.000,0.000,1.000,33,4,10,38,71,14,43,42,0.4647887323943662,0.2857142857142857,0.7142857142857143,0.7674418604651163,0.43529411764705883,0.5647058823529412,-1
"((srr >= 0.104) U[1,1] (y <= 0.436))
",1.152,0.436,0.153,0.000,1.000,34,3,11,37,71,14,45,40,0.4788732394366197,0.21428571428571427,0.7857142857142857,0.7555555555555555,0.43529411764705883,0.5647058823529412,-1
"G[1,1](ICU_Pt_Days <= 4.040 & PHOSPHORUS >= 3.415)
",0.712,-0.027,-0.512,1.000,0.000,29,8,6,42,71,14,35,50,0.4084507042253521,0.5714285714285714,0.42857142857142855,0.8285714285714286,0.43529411764705883,0.5647058823529412,1
"((s24_hr <= 0.001) U[1,1] (WHITE_BLOOD_CELL_COUNT >= 6.266))
",-3.139,0.369,2.134,0.000,1.000,22,14,0,49,71,14,22,63,0.30985915492957744,1.0,0.0,1.0,0.4235294117647059,0.5764705882352941,-1
"((CREATININE <= 0.968) U[0,1] (WHITE_BLOOD_CELL_COUNT >= 6.213))
",0.000,-9999999.000,-9999999.000,0.000,1.000,22,14,0,49,71,14,22,63,0.30985915492957744,1.0,0.0,1.0,0.4235294117647059,0.5764705882352941,-1
"F[0,0](BLOOD_UREA_NITROGEN <= 20.492 | WHITE_BLOOD_CELL_COUNT >= 6.570)
",0.531,3.555,1.830,0.000,1.000,22,14,0,49,71,14,22,63,0.30985915492957744,1.0,0.0,1.0,0.4235294117647059,0.5764705882352941,-1
"G[0,1](CO2 <= 25.467 | n_evts >= 0.132)
",0.000,9999999.000,9999999.000,1.000,0.000,35,0,14,36,71,14,49,36,0.49295774647887325,0.0,1.0,0.7142857142857143,0.4117647058823529,0.5882352941176471,1
"((n_edrk <= 0.994) U[1,2] (TROPONIN_I >= 0.215))
",0.000,-9999999.000,-9999999.000,0.000,1.000,35,0,0,50,85,0,35,50,0.4117647058823529,0.0,0.0,1.0,0.4117647058823529,0.5882352941176471,-1
"G[0,1](CHLORIDE <= 107.371 | TROPONIN_I <= 0.977)
",0.000,9999999.000,9999999.000,1.000,0.000,34,0,14,37,71,14,48,37,0.4788732394366197,0.0,1.0,0.7083333333333334,0.4,0.6,1
"F[0,1](PLATELET_COUNT <= 170.735 -> Pulse >= 47.993)
",0.000,-9999999.000,-9999999.000,0.000,1.000,20,14,0,51,71,14,20,65,0.28169014084507044,1.0,0.0,1.0,0.4,0.6,-1
"F[0,1](CHLORIDE < 107.376 -> y = 0.413)
",0.000,-9999999.000,-9999999.000,0.000,1.000,34,0,14,37,71,14,48,37,0.4788732394366197,0.0,1.0,0.7083333333333334,0.4,0.6,-1
"G[0,1](hr >= 49.444 & Pulse >= 49.957)
",0.000,9999999.000,9999999.000,1.000,0.000,33,0,14,38,71,14,47,38,0.4647887323943662,0.0,1.0,0.7021276595744681,0.38823529411764707,0.611764705882353,1
"F[0,1](MAGNESIUM <= 1.915 & srr <= 0.220)
",0.000,-9999999.000,-9999999.000,0.000,1.000,31,0,14,40,71,14,45,40,0.43661971830985913,0.0,1.0,0.6888888888888889,0.36470588235294116,0.6352941176470588,-1
"((GLUCOSE <= 112.509) U[1,1] (SBP <= 167.022))
",-0.496,43.707,53.593,0.000,1.000,30,0,14,41,71,14,44,41,0.4225352112676056,0.0,1.0,0.6818181818181818,0.35294117647058826,0.6470588235294117,-1
"((CALCIUM <= 8.853) U[1,2] (n_edrk >= 0.234))
",0.000,-9999999.000,-9999999.000,0.000,1.000,30,0,10,45,75,10,40,45,0.4,0.0,1.0,0.75,0.35294117647058826,0.6470588235294117,-1
"((BLOOD_UREA_NITROGEN >= 15.142) U[0,0] (CALCIUM <= 8.819))
",-1.089,2.777,5.858,0.000,1.000,30,0,14,41,71,14,44,41,0.4225352112676056,0.0,1.0,0.6818181818181818,0.35294117647058826,0.6470588235294117,-1
"F[0,0](CREATININE > 0.901 -> y = 0.097)
",1.090,-0.039,-0.199,0.000,1.000,30,0,14,41,71,14,44,41,0.4225352112676056,0.0,1.0,0.6818181818181818,0.35294117647058826,0.6470588235294117,-1
"F[0,1](PLATELET_COUNT <= 194.021 & SODIUM >= 137.473)
",0.000,-9999999.000,-9999999.000,0.000,1.000,29,0,14,42,71,14,43,42,0.4084507042253521,0.0,1.0,0.6744186046511628,0.3411764705882353,0.6588235294117647,-1
"F[0,0](lds >= 0.941 -> y = 0.471)
",0.420,-0.164,-0.596,0.000,1.000,29,0,14,42,71,14,43,42,0.4084507042253521,0.0,1.0,0.6744186046511628,0.3411764705882353,0.6588235294117647,-1
"((Pulse <= 91.647) U[0,1] (srr <= 0.156))
",0.000,-9999999.000,-9999999.000,0.000,1.000,15,14,0,56,71,14,15,70,0.2112676056338028,1.0,0.0,1.0,0.3411764705882353,0.6588235294117647,-1
"((CHLORIDE >= 104.646) U[0,1] (MAGNESIUM <= 1.932))
",0.000,-9999999.000,-9999999.000,0.000,1.000,29,0,14,42,71,14,43,42,0.4084507042253521,0.0,1.0,0.6744186046511628,0.3411764705882353,0.6588235294117647,-1
"F[0,1](CHLORIDE >= 102.713 & Mort <= 0.384)
",0.000,-9999999.000,-9999999.000,0.000,1.000,29,0,14,42,71,14,43,42,0.4084507042253521,0.0,1.0,0.6744186046511628,0.3411764705882353,0.6588235294117647,-1
"F[0,1](CREATININE <= 1.072 & ICU_Pt_Days <= 3.640)
",0.000,-9999999.000,-9999999.000,0.000,1.000,29,0,14,42,71,14,43,42,0.4084507042253521,0.0,1.0,0.6744186046511628,0.3411764705882353,0.6588235294117647,-1
"F[0,1](BLOOD_UREA_NITROGEN <= 18.327 & srr <= 0.285)
",0.000,-9999999.000,-9999999.000,0.000,1.000,29,0,14,42,71,14,43,42,0.4084507042253521,0.0,1.0,0.6744186046511628,0.3411764705882353,0.6588235294117647,-1
"F[0,1](BLOOD_UREA_NITROGEN <= 18.495 & LOS <= 7.608)
",0.000,-9999999.000,-9999999.000,0.000,1.000,29,0,14,42,71,14,43,42,0.4084507042253521,0.0,1.0,0.6744186046511628,0.3411764705882353,0.6588235294117647,-1
"F[0,1](CHLORIDE >= 103.234 & WHITE_BLOOD_CELL_COUNT <= 7.479)
",0.000,-9999999.000,-9999999.000,0.000,1.000,29,0,14,42,71,14,43,42,0.4084507042253521,0.0,1.0,0.6744186046511628,0.3411764705882353,0.6588235294117647,-1
"F[1,1](lds <= 3.025 -> srr >= 0.091)
",-0.565,-2.009,-1.414,0.000,1.000,26,3,11,45,71,14,37,48,0.36619718309859156,0.21428571428571427,0.7857142857142857,0.7027027027027027,0.3411764705882353,0.6588235294117647,-1
"F[0,0](cosen <= -0.807 -> PHOSPHORUS <= 3.499)
",0.060,-1.174,-1.224,0.000,1.000,28,0,14,43,71,14,42,43,0.39436619718309857,0.0,1.0,0.6666666666666666,0.32941176470588235,0.6705882352941177,-1
"G[1,1](hr >= 56.509 & y <= 0.216)
",-1.111,-5.198,-0.355,1.000,0.000,16,9,5,55,71,14,21,64,0.22535211267605634,0.6428571428571429,0.35714285714285715,0.7619047619047619,0.29411764705882354,0.7058823529411764,1
"F[0,1](LOS <= 8.652 & Temp >= 35.893)
",0.000,-9999999.000,-9999999.000,0.000,1.000,14,7,7,57,71,14,21,64,0.19718309859154928,0.5,0.5,0.6666666666666666,0.24705882352941178,0.7529411764705882,-1
"F[0,0]((af <= 0.225 | AF <= 0.335) & cosen >= -2.319)
",0.112,0.184,0.155,0.000,1.000,9,12,2,62,71,14,11,74,0.1267605633802817,0.8571428571428571,0.14285714285714285,0.8181818181818182,0.24705882352941178,0.7529411764705882,-1
"G[0,1](HEMOGLOBIN <= 12.268 & TROPONIN_I >= 0.782)
",0.000,9999999.000,9999999.000,1.000,0.000,6,14,0,65,71,14,6,79,0.08450704225352113,1.0,0.0,1.0,0.23529411764705882,0.7647058823529411,1
"F[1,1](BLOOD_UREA_NITROGEN >= 14.826 | CO2 <= 25.466)
",-1.057,3.333,6.174,0.000,1.000,6,14,0,65,71,14,6,79,0.08450704225352113,1.0,0.0,1.0,0.23529411764705882,0.7647058823529411,-1
"F[0,1](n_evts >= 0.036 | WHITE_BLOOD_CELL_COUNT <= 8.068)
",0.000,-9999999.000,-9999999.000,0.000,1.000,6,14,0,65,71,14,6,79,0.08450704225352113,1.0,0.0,1.0,0.23529411764705882,0.7647058823529411,-1
"G[0,1](ICU_Pt_Days <= 1.940 -> lds >= 0.928)
",0.000,9999999.000,9999999.000,1.000,0.000,19,0,14,52,71,14,33,52,0.2676056338028169,0.0,1.0,0.5757575757575758,0.2235294117647059,0.7764705882352941,1
"G[0,1](GLUCOSE <= 108.690 & POTASSIUM <= 4.069)
",0.000,9999999.000,9999999.000,1.000,0.000,5,14,0,66,71,14,5,80,0.07042253521126761,1.0,0.0,1.0,0.2235294117647059,0.7764705882352941,1
"G[0,0](cosen >= -2.064 & MAGNESIUM <= 1.895)
",0.092,-0.133,-0.148,1.000,0.000,5,14,0,66,71,14,5,80,0.07042253521126761,1.0,0.0,1.0,0.2235294117647059,0.7764705882352941,1
"G[0,1](CO2 >= 24.547 & GLUCOSE <= 116.129)
",0.000,9999999.000,9999999.000,1.000,0.000,5,14,0,66,71,14,5,80,0.07042253521126761,1.0,0.0,1.0,0.2235294117647059,0.7764705882352941,1
"F[0,1](POTASSIUM <= 4.087 -> SODIUM <= 137.779)
",0.000,-9999999.000,-9999999.000,0.000,1.000,5,14,0,66,71,14,5,80,0.07042253521126761,1.0,0.0,1.0,0.2235294117647059,0.7764705882352941,-1
"((CREATININE <= 1.012) U[0,0] (POTASSIUM >= 3.969))
",1.090,0.129,0.031,0.000,1.000,5,14,0,66,71,14,5,80,0.07042253521126761,1.0,0.0,1.0,0.2235294117647059,0.7764705882352941,-1
"((SpO2 <= 96.269) U[1,2] (WHITE_BLOOD_CELL_COUNT <= 7.276))
",0.000,-9999999.000,-9999999.000,0.000,1.000,19,0,0,66,85,0,19,66,0.2235294117647059,0.0,0.0,1.0,0.2235294117647059,0.7764705882352941,-1
"((LOS >= 2.230) U[0,1] (PHOSPHORUS >= 3.266))
",0.000,-9999999.000,-9999999.000,0.000,1.000,5,14,0,66,71,14,5,80,0.07042253521126761,1.0,0.0,1.0,0.2235294117647059,0.7764705882352941,-1
"((GLUCOSE >= 98.129) U[0,1] (PHOSPHORUS >= 3.208))
",0.000,-9999999.000,-9999999.000,0.000,1.000,5,14,0,66,71,14,5,80,0.07042253521126761,1.0,0.0,1.0,0.2235294117647059,0.7764705882352941,-1
"F[0,1](CALCIUM >= 8.571 | tte <= -0.103)
",0.000,-9999999.000,-9999999.000,0.000,1.000,5,14,0,66,71,14,5,80,0.07042253521126761,1.0,0.0,1.0,0.2235294117647059,0.7764705882352941,-1
"((s8_hr <= 0.001) U[0,1] (srr >= 0.090))
",0.000,-9999999.000,-9999999.000,0.000,1.000,13,5,9,58,71,14,22,63,0.18309859154929578,0.35714285714285715,0.6428571428571429,0.5909090909090909,0.21176470588235294,0.788235294117647,-1
"((CHLORIDE >= 102.979) U[0,0] (lds <= 2.004))
",0.906,2.663,0.467,0.000,1.000,5,12,2,66,71,14,7,78,0.07042253521126761,0.8571428571428571,0.14285714285714285,0.7142857142857143,0.2,0.8,-1
"G[0,1](dfa <= 0.795 & Pulse >= 50.393)
",0.000,9999999.000,9999999.000,1.000,0.000,14,3,11,57,71,14,25,60,0.19718309859154928,0.21428571428571427,0.7857142857142857,0.56,0.2,0.8,1
"((hr >= 50.509) U[0,0] (s2_hr <= 0.003))
",-2.021,3.429,41.410,0.000,1.000,2,14,0,69,71,14,2,83,0.028169014084507043,1.0,0.0,1.0,0.18823529411764706,0.8117647058823529,-1
"F[0,0](HEMOGLOBIN <= 12.181 -> POTASSIUM <= 4.040)
",3.102,-0.229,-1.981,0.000,1.000,1,14,0,70,71,14,1,84,0.014084507042253521,1.0,0.0,1.0,0.17647058823529413,0.8235294117647058,-1
"F[1,2](Glasgow_Coma_Scale_Total >= 14.092 -> Resp >= 15.638)
",0.000,-9999999.000,-9999999.000,0.000,1.000,0,14,0,71,71,14,0,85,0.0,1.0,0.0,0.0,0.16470588235294117,0.8352941176470589,-1
"((AF <= 0.402) U[0,2] (WHITE_BLOOD_CELL_COUNT >= 6.813))
",0.000,-9999999.000,-9999999.000,0.000,1.000,0,14,0,71,71,14,0,85,0.0,1.0,0.0,0.0,0.16470588235294117,0.8352941176470589,-1
"((Glasgow_Coma_Scale_Total >= 14.254) U[0,0] (s24_edrk <= 0.004))
",0.408,0.746,0.640,0.000,1.000,0,14,0,71,71,14,0,85,0.0,1.0,0.0,0.0,0.16470588235294117,0.8352941176470589,-1
"((direct <= 0.955) U[0,2] (n_edrk <= 0.980))
",0.000,-9999999.000,-9999999.000,0.000,1.000,0,14,0,71,71,14,0,85,0.0,1.0,0.0,0.0,0.16470588235294117,0.8352941176470589,-1
"F[0,2](n_evts >= 0.098 & POTASSIUM <= 4.071)
",0.000,-9999999.000,-9999999.000,0.000,1.000,0,14,0,71,71,14,0,85,0.0,1.0,0.0,0.0,0.16470588235294117,0.8352941176470589,-1
"F[0,0](HEMOGLOBIN <= 12.476 | Temp <= 37.051)
",-2.739,0.842,2.276,0.000,1.000,0,14,0,71,71,14,0,85,0.0,1.0,0.0,0.0,0.16470588235294117,0.8352941176470589,-1
"F[1,2](MAGNESIUM <= 1.971 -> Resp <= 21.471)
",0.000,-9999999.000,-9999999.000,0.000,1.000,0,14,0,71,71,14,0,85,0.0,1.0,0.0,0.0,0.16470588235294117,0.8352941176470589,-1
"F[0,2](n_evts >= 0.020 -> SBP <= 143.775)
",0.000,-9999999.000,-9999999.000,0.000,1.000,0,14,0,71,71,14,0,85,0.0,1.0,0.0,0.0,0.16470588235294117,0.8352941176470589,-1
"F[1,1](CHLORIDE <= 106.574 | HEMOGLOBIN <= 12.680)
",-1.060,2.348,4.574,0.000,1.000,0,14,0,71,71,14,0,85,0.0,1.0,0.0,0.0,0.16470588235294117,0.8352941176470589,-1
"F[0,2](CREATININE <= 0.999 -> srr <= 0.155)
",0.000,-9999999.000,-9999999.000,0.000,1.000,0,14,0,71,71,14,0,85,0.0,1.0,0.0,0.0,0.16470588235294117,0.8352941176470589,-1
"G[1,2](CHLORIDE >= 103.199 & n_evts <= 0.208)
",0.000,9999999.000,9999999.000,1.000,0.000,0,14,42,29,29,56,42,43,0.0,0.25,0.75,0.0,0.16470588235294117,0.8352941176470589,1
"G[0,2](CALCIUM <= 8.849 & Resp >= 14.590)
",0.000,9999999.000,9999999.000,1.000,0.000,0,14,40,31,31,54,40,45,0.0,0.25925925925925924,0.7407407407407407,0.0,0.16470588235294117,0.8352941176470589,1
"G[0,2](PHOSPHORUS <= 3.483 & Temp <= 37.313)
",0.000,9999999.000,9999999.000,1.000,0.000,0,14,41,30,30,55,41,44,0.0,0.2545454545454545,0.7454545454545455,0.0,0.16470588235294117,0.8352941176470589,1
"G[0,2](death <= 0.122 & GLUCOSE <= 115.342)
",0.000,9999999.000,9999999.000,1.000,0.000,0,14,41,30,30,55,41,44,0.0,0.2545454545454545,0.7454545454545455,0.0,0.16470588235294117,0.8352941176470589,1
"G[0,2](CHLORIDE >= 103.087 & death <= 0.625)
",0.000,9999999.000,9999999.000,1.000,0.000,0,14,41,30,30,55,41,44,0.0,0.2545454545454545,0.7454545454545455,0.0,0.16470588235294117,0.8352941176470589,1
"G[1,2](lds >= 0.986 & n_evts <= 0.874)
",0.000,9999999.000,9999999.000,1.000,0.000,0,14,23,48,48,37,23,62,0.0,0.3783783783783784,0.6216216216216216,0.0,0.16470588235294117,0.8352941176470589,1
"G[0,1](n_evts <= 0.339 & O2_Flow >= 2.168)
",0.000,9999999.000,9999999.000,1.000,0.000,0,14,0,71,71,14,0,85,0.0,1.0,0.0,0.0,0.16470588235294117,0.8352941176470589,1
"G[1,2](CHLORIDE >= 104.316 & PLATELET_COUNT <= 150.097)
",0.000,9999999.000,9999999.000,1.000,0.000,0,14,42,29,29,56,42,43,0.0,0.25,0.75,0.0,0.16470588235294117,0.8352941176470589,1
"G[1,2](GLUCOSE >= 102.507 & PLATELET_COUNT <= 138.193)
",0.000,9999999.000,9999999.000,1.000,0.000,0,14,23,48,48,37,23,62,0.0,0.3783783783783784,0.6216216216216216,0.0,0.16470588235294117,0.8352941176470589,1
"G[0,2](hr <= 102.456 & TROPONIN_I >= 0.517)
",0.000,9999999.000,9999999.000,1.000,0.000,0,14,64,7,7,78,64,21,0.0,0.1794871794871795,0.8205128205128205,0.0,0.16470588235294117,0.8352941176470589,1
"F[0,0](n_evts >= 0.026 -> srr <= 0.254)
",11.255,-0.119,-0.974,0.000,1.000,0,14,0,71,71,14,0,85,0.0,1.0,0.0,0.0,0.16470588235294117,0.8352941176470589,-1
"F[0,1](CALCIUM >= 8.775 | LOS <= 10.350)
",0.000,-9999999.000,-9999999.000,0.000,1.000,0,14,0,71,71,14,0,85,0.0,1.0,0.0,0.0,0.16470588235294117,0.8352941176470589,-1
"F[0,1](GLUCOSE >= 99.472 | WHITE_BLOOD_CELL_COUNT <= 7.157)
",0.000,-9999999.000,-9999999.000,0.000,1.000,0,14,0,71,71,14,0,85,0.0,1.0,0.0,0.0,0.16470588235294117,0.8352941176470589,-1
"F[0,2](edrk <= 36.606 | y <= 0.552)
",0.000,-9999999.000,-9999999.000,0.000,1.000,0,14,0,71,71,14,0,85,0.0,1.0,0.0,0.0,0.16470588235294117,0.8352941176470589,-1
"F[1,2](CREATININE >= 0.887 & MAGNESIUM >= 1.715)
",0.000,-9999999.000,-9999999.000,0.000,1.000,0,14,0,71,71,14,0,85,0.0,1.0,0.0,0.0,0.16470588235294117,0.8352941176470589,-1
"F[0,2](SBP <= 162.034 | SODIUM >= 137.183)
",0.000,-9999999.000,-9999999.000,0.000,1.000,0,14,0,71,71,14,0,85,0.0,1.0,0.0,0.0,0.16470588235294117,0.8352941176470589,-1
"F[1,1](PLATELET_COUNT >= 130.565 | TROPONIN_I >= 0.719)
",-3.266,7.494,81.435,0.000,1.000,0,14,0,71,71,14,0,85,0.0,1.0,0.0,0.0,0.16470588235294117,0.8352941176470589,-1
"F[1,2](CO2 <= 25.224 | POTASSIUM >= 3.912)
",0.000,-9999999.000,-9999999.000,0.000,1.000,0,14,0,71,71,14,0,85,0.0,1.0,0.0,0.0,0.16470588235294117,0.8352941176470589,-1
"F[1,1](tte >= -3.302 | y <= 0.822)
",0.833,3.302,2.634,0.000,1.000,0,14,0,71,71,14,0,85,0.0,1.0,0.0,0.0,0.16470588235294117,0.8352941176470589,-1
"((CALCIUM <= 8.886) U[0,2] (CREATININE >= 0.865))
",0.000,-9999999.000,-9999999.000,0.000,1.000,0,14,0,71,71,14,0,85,0.0,1.0,0.0,0.0,0.16470588235294117,0.8352941176470589,-1
"F[0,2](MAGNESIUM >= 1.749 | POTASSIUM <= 4.051)
",0.000,-9999999.000,-9999999.000,0.000,1.000,0,14,0,71,71,14,0,85,0.0,1.0,0.0,0.0,0.16470588235294117,0.8352941176470589,-1
"F[0,2](GLUCOSE >= 100.950 & hr >= 54.395)
",0.000,-9999999.000,-9999999.000,0.000,1.000,0,14,0,71,71,14,0,85,0.0,1.0,0.0,0.0,0.16470588235294117,0.8352941176470589,-1
"F[0,2](PHOSPHORUS <= 3.467 -> SODIUM >= 137.396)
",0.000,-9999999.000,-9999999.000,0.000,1.000,0,14,0,71,71,14,0,85,0.0,1.0,0.0,0.0,0.16470588235294117,0.8352941176470589,-1
"F[0,1](hr <= 99.745 | lds >= 0.618)
",0.000,-9999999.000,-9999999.000,0.000,1.000,0,14,0,71,71,14,0,85,0.0,1.0,0.0,0.0,0.16470588235294117,0.8352941176470589,-1
"F[1,2](CHLORIDE <= 106.959 & POTASSIUM <= 4.083)
",0.000,-9999999.000,-9999999.000,0.000,1.000,0,14,0,71,71,14,0,85,0.0,1.0,0.0,0.0,0.16470588235294117,0.8352941176470589,-1
"F[0,0](s24_edrk >= -0.005 | s8_edrk >= -0.000)
",-0.394,0.005,0.006,0.000,1.000,0,14,0,71,71,14,0,85,0.0,1.0,0.0,0.0,0.16470588235294117,0.8352941176470589,-1
"F[0,0](ALBUMIN < 3.200 -> y = 0.536)
",0.000,0.000,0.000,0.000,1.000,0,14,0,71,71,14,0,85,0.0,1.0,0.0,0.0,0.16470588235294117,0.8352941176470589,-1
"F[0,2](CO2 <= 25.585 -> hr <= 109.502)
",0.000,-9999999.000,-9999999.000,0.000,1.000,0,14,0,71,71,14,0,85,0.0,1.0,0.0,0.0,0.16470588235294117,0.8352941176470589,-1
"F[0,2](Mort <= 0.791 -> SBP >= 63.096)
",0.000,-9999999.000,-9999999.000,0.000,1.000,0,14,0,71,71,14,0,85,0.0,1.0,0.0,0.0,0.16470588235294117,0.8352941176470589,-1
"F[0,0](CREATININE >= 0.879 | SBP <= 140.560)
",-0.635,17.246,35.560,0.000,1.000,0,14,0,71,71,14,0,85,0.0,1.0,0.0,0.0,0.16470588235294117,0.8352941176470589,-1
"F[1,2](CALCIUM <= 8.832 -> CO2 >= 24.670)
",0.000,-9999999.000,-9999999.000,0.000,1.000,0,14,0,71,71,14,0,85,0.0,1.0,0.0,0.0,0.16470588235294117,0.8352941176470589,-1
"F[1,2]((af <= 0.368 | AF <= 0.478) & cosen >= -2.296)
",0.000,-9999999.000,-9999999.000,0.000,1.000,0,14,0,71,71,14,0,85,0.0,1.0,0.0,0.0,0.16470588235294117,0.8352941176470589,-1
"F[0,1](death <= 0.872 | SODIUM <= 137.581)
",0.000,-9999999.000,-9999999.000,0.000,1.000,0,14,0,71,71,14,0,85,0.0,1.0,0.0,0.0,0.16470588235294117,0.8352941176470589,-1
"F[0,2](GLUCOSE <= 109.337 -> Resp >= 15.304)
",0.000,-9999999.000,-9999999.000,0.000,1.000,0,14,0,71,71,14,0,85,0.0,1.0,0.0,0.0,0.16470588235294117,0.8352941176470589,-1
"F[0,1](O2_Flow <= 4.376 | Pulse >= 46.843)
",0.000,-9999999.000,-9999999.000,0.000,1.000,0,14,0,71,71,14,0,85,0.0,1.0,0.0,0.0,0.16470588235294117,0.8352941176470589,-1
"F[0,1](LACTIC_ACID < 1.300 -> y = 0.574)
",0.000,-9999999.000,-9999999.000,0.000,1.000,0,14,0,71,71,14,0,85,0.0,1.0,0.0,0.0,0.16470588235294117,0.8352941176470589,-1
"F[1,2](CALCIUM >= 8.607 | TROPONIN_I <= 1.111)
",0.000,-9999999.000,-9999999.000,0.000,1.000,0,14,0,71,71,14,0,85,0.0,1.0,0.0,0.0,0.16470588235294117,0.8352941176470589,-1
"F[0,1](PHOSPHORUS >= 3.375 -> SBP <= 131.280)
",0.000,-9999999.000,-9999999.000,0.000,1.000,0,14,0,71,71,14,0,85,0.0,1.0,0.0,0.0,0.16470588235294117,0.8352941176470589,-1
"F[1,2](Temp >= 36.378 -> WHITE_BLOOD_CELL_COUNT >= 6.529)
",0.000,-9999999.000,-9999999.000,0.000,1.000,0,14,0,71,71,14,0,85,0.0,1.0,0.0,0.0,0.16470588235294117,0.8352941176470589,-1
"((MAGNESIUM >= 1.728) U[0,1] (O2_Flow <= 5.710))
",0.000,-9999999.000,-9999999.000,0.000,1.000,0,14,0,71,71,14,0,85,0.0,1.0,0.0,0.0,0.16470588235294117,0.8352941176470589,-1
"F[0,2](Temp >= 35.668 | y >= 0.043)
",0.000,-9999999.000,-9999999.000,0.000,1.000,0,14,0,71,71,14,0,85,0.0,1.0,0.0,0.0,0.16470588235294117,0.8352941176470589,-1
"((CALCIUM <= 8.860) U[0,2] (s2_hr <= 0.002))
",0.000,-9999999.000,-9999999.000,0.000,1.000,0,14,0,71,71,14,0,85,0.0,1.0,0.0,0.0,0.16470588235294117,0.8352941176470589,-1
"F[0,2](n_edrk <= 0.929 | SBP <= 128.104)
",0.000,-9999999.000,-9999999.000,0.000,1.000,0,14,0,71,71,14,0,85,0.0,1.0,0.0,0.0,0.16470588235294117,0.8352941176470589,-1
"F[0,2](cosen <= -0.624 -> lds >= 0.288)
",0.000,-9999999.000,-9999999.000,0.000,1.000,0,14,0,71,71,14,0,85,0.0,1.0,0.0,0.0,0.16470588235294117,0.8352941176470589,-1
"F[0,2](MAGNESIUM >= 1.725 -> TROPONIN_I <= 1.182)
",0.000,-9999999.000,-9999999.000,0.000,1.000,0,14,0,71,71,14,0,85,0.0,1.0,0.0,0.0,0.16470588235294117,0.8352941176470589,-1
"((CHLORIDE >= 103.519) U[0,2] (SODIUM <= 137.864))
",0.000,-9999999.000,-9999999.000,0.000,1.000,0,14,0,71,71,14,0,85,0.0,1.0,0.0,0.0,0.16470588235294117,0.8352941176470589,-1
"F[0,2](cosen <= -1.368 -> CREATININE >= 0.918)
",0.000,-9999999.000,-9999999.000,0.000,1.000,0,14,0,71,71,14,0,85,0.0,1.0,0.0,0.0,0.16470588235294117,0.8352941176470589,-1
"F[0,2](GLUCOSE >= 104.089 -> srr <= 0.264)
",0.000,-9999999.000,-9999999.000,0.000,1.000,0,14,0,71,71,14,0,85,0.0,1.0,0.0,0.0,0.16470588235294117,0.8352941176470589,-1
"F[1,2](LOS >= 2.037 -> SODIUM <= 137.756)
",0.000,-9999999.000,-9999999.000,0.000,1.000,0,14,0,71,71,14,0,85,0.0,1.0,0.0,0.0,0.16470588235294117,0.8352941176470589,-1
"F[0,2](dfa >= 0.589 | HEMOGLOBIN <= 12.454)
",0.000,-9999999.000,-9999999.000,0.000,1.000,0,14,0,71,71,14,0,85,0.0,1.0,0.0,0.0,0.16470588235294117,0.8352941176470589,-1
"((Glasgow_Coma_Scale_Total >= 14.477) U[0,2] (HEMOGLOBIN <= 12.127))
",0.000,-9999999.000,-9999999.000,0.000,1.000,0,14,0,71,71,14,0,85,0.0,1.0,0.0,0.0,0.16470588235294117,0.8352941176470589,-1
"F[1,2](ICU_Pt_Days >= 0.401 | MAGNESIUM >= 1.777)
",0.000,-9999999.000,-9999999.000,0.000,1.000,0,14,0,71,71,14,0,85,0.0,1.0,0.0,0.0,0.16470588235294117,0.8352941176470589,-1
"F[1,2](MAGNESIUM >= 1.811 & PHOSPHORUS >= 3.045)
",0.000,-9999999.000,-9999999.000,0.000,1.000,0,14,0,71,71,14,0,85,0.0,1.0,0.0,0.0,0.16470588235294117,0.8352941176470589,-1
"F[1,2](CHLORIDE >= 103.911 -> LOS >= 2.238)
",0.000,-9999999.000,-9999999.000,0.000,1.000,0,14,0,71,71,14,0,85,0.0,1.0,0.0,0.0,0.16470588235294117,0.8352941176470589,-1
"((CHLORIDE <= 106.459) U[0,2] (cosen <= -1.253))
",0.000,-9999999.000,-9999999.000,0.000,1.000,0,14,0,71,71,14,0,85,0.0,1.0,0.0,0.0,0.16470588235294117,0.8352941176470589,-1
"F[1,2](edrk <= 29.712 -> hr >= 44.370)
",0.000,-9999999.000,-9999999.000,0.000,1.000,0,14,0,71,71,14,0,85,0.0,1.0,0.0,0.0,0.16470588235294117,0.8352941176470589,-1
"F[0,1](edrk <= 19.887 | s24_edrk <= 0.000)
",0.000,-9999999.000,-9999999.000,0.000,1.000,0,14,0,71,71,14,0,85,0.0,1.0,0.0,0.0,0.16470588235294117,0.8352941176470589,-1
"F[0,0](POTASSIUM >= 3.902 | Resp >= 13.760)
",-0.481,3.097,4.791,0.000,1.000,0,14,0,71,71,14,0,85,0.0,1.0,0.0,0.0,0.16470588235294117,0.8352941176470589,-1
"F[0,0](death <= 0.320 | TROPONIN_I <= 1.032)
",-3.266,0.376,0.972,0.000,1.000,0,14,0,71,71,14,0,85,0.0,1.0,0.0,0.0,0.16470588235294117,0.8352941176470589,-1
"F[0,2](CALCIUM >= 8.757 | n_evts <= 0.216)
",0.000,-9999999.000,-9999999.000,0.000,1.000,0,14,0,71,71,14,0,85,0.0,1.0,0.0,0.0,0.16470588235294117,0.8352941176470589,-1
"((CO2 >= 24.397) U[0,0] (cosen <= -1.110))
",-0.611,1.370,1.603,0.000,1.000,4,10,4,67,71,14,8,77,0.056338028169014086,0.7142857142857143,0.2857142857142857,0.5,0.16470588235294117,0.8352941176470589,-1
"F[0,2](lds >= 0.555 | TROPONIN_I <= 1.088)
",0.000,-9999999.000,-9999999.000,0.000,1.000,0,14,0,71,71,14,0,85,0.0,1.0,0.0,0.0,0.16470588235294117,0.8352941176470589,-1
"F[1,2](LOS >= 2.505 | n_edrk >= 0.542)
",0.000,-9999999.000,-9999999.000,0.000,1.000,0,14,0,71,71,14,0,85,0.0,1.0,0.0,0.0,0.16470588235294117,0.8352941176470589,-1
"F[0,2](CHLORIDE <= 106.417 -> CREATININE >= 0.931)
",0.000,-9999999.000,-9999999.000,0.000,1.000,0,14,0,71,71,14,0,85,0.0,1.0,0.0,0.0,0.16470588235294117,0.8352941176470589,-1
"F[1,1](death >= 0.020 -> PLATELET_COUNT >= 129.408)
",3.266,-7.061,-82.592,0.000,1.000,0,14,0,71,71,14,0,85,0.0,1.0,0.0,0.0,0.16470588235294117,0.8352941176470589,-1
"F[0,2](death <= 0.988 | SBP <= 144.660)
",0.000,-9999999.000,-9999999.000,0.000,1.000,0,14,0,71,71,14,0,85,0.0,1.0,0.0,0.0,0.16470588235294117,0.8352941176470589,-1
"F[0,2](dfa <= 1.310 | Glasgow_Coma_Scale_Total >= 14.455)
",0.000,-9999999.000,-9999999.000,0.000,1.000,0,14,0,71,71,14,0,85,0.0,1.0,0.0,0.0,0.16470588235294117,0.8352941176470589,-1
"((lds <= 1.243) U[1,2] (WHITE_BLOOD_CELL_COUNT <= 7.834))
",0.000,-9999999.000,-9999999.000,0.000,1.000,14,0,0,71,85,0,14,71,0.16470588235294117,0.0,0.0,1.0,0.16470588235294117,0.8352941176470589,-1
"((MAGNESIUM <= 1.964) U[0,0] (n_evts >= 0.000))
",-6.998,0.120,1.000,0.000,1.000,0,14,0,71,71,14,0,85,0.0,1.0,0.0,0.0,0.16470588235294117,0.8352941176470589,-1
"F[1,2](BLOOD_UREA_NITROGEN >= 14.474 | direct >= 0.072)
",0.000,-9999999.000,-9999999.000,0.000,1.000,0,14,0,71,71,14,0,85,0.0,1.0,0.0,0.0,0.16470588235294117,0.8352941176470589,-1
"F[0,1](Resp >= 13.229 | s2_edrk >= -0.001)
",0.000,-9999999.000,-9999999.000,0.000,1.000,0,14,0,71,71,14,0,85,0.0,1.0,0.0,0.0,0.16470588235294117,0.8352941176470589,-1
"F[1,2](CO2 >= 24.491 | LOS >= 2.204)
",0.000,-9999999.000,-9999999.000,0.000,1.000,0,14,0,71,71,14,0,85,0.0,1.0,0.0,0.0,0.16470588235294117,0.8352941176470589,-1
"F[0,0](death >= 0.023 -> s8_edrk >= -0.001)
",0.634,-0.001,-0.281,0.000,1.000,0,14,0,71,71,14,0,85,0.0,1.0,0.0,0.0,0.16470588235294117,0.8352941176470589,-1
"((lds >= 0.261) U[1,2] (PHOSPHORUS >= 3.047))
",0.000,-9999999.000,-9999999.000,0.000,1.000,0,14,0,71,71,14,0,85,0.0,1.0,0.0,0.0,0.16470588235294117,0.8352941176470589,-1
"F[0,2](CO2 <= 25.282 | CREATININE >= 0.935)
",0.000,-9999999.000,-9999999.000,0.000,1.000,0,14,0,71,71,14,0,85,0.0,1.0,0.0,0.0,0.16470588235294117,0.8352941176470589,-1
"((BLOOD_UREA_NITROGEN <= 19.760) U[0,2] (CREATININE >= 0.851))
",0.000,-9999999.000,-9999999.000,0.000,1.000,0,14,0,71,71,14,0,85,0.0,1.0,0.0,0.0,0.16470588235294117,0.8352941176470589,-1
"((af <= 0.242) U[0,2] (cosen <= -1.416))
",0.000,-9999999.000,-9999999.000,0.000,1.000,0,14,0,71,71,14,0,85,0.0,1.0,0.0,0.0,0.16470588235294117,0.8352941176470589,-1
"((MET <= 0.539) U[0,1] (s24_edrk >= -0.007))
",0.000,-9999999.000,-9999999.000,0.000,1.000,0,14,0,71,71,14,0,85,0.0,1.0,0.0,0.0,0.16470588235294117,0.8352941176470589,-1
"G[0,2](CO2 <= 25.766 & WHITE_BLOOD_CELL_COUNT <= 7.890)
",0.000,9999999.000,9999999.000,1.000,0.000,0,14,35,36,36,49,35,50,0.0,0.2857142857142857,0.7142857142857143,0.0,0.16470588235294117,0.8352941176470589,1
"F[1,2](MET <= 0.821 | SBP <= 125.483)
",0.000,-9999999.000,-9999999.000,0.000,1.000,0,14,0,71,71,14,0,85,0.0,1.0,0.0,0.0,0.16470588235294117,0.8352941176470589,-1
"G[1,2](CHLORIDE >= 102.320 & PHOSPHORUS <= 3.487)
",0.000,9999999.000,9999999.000,1.000,0.000,0,14,42,29,29,56,42,43,0.0,0.25,0.75,0.0,0.16470588235294117,0.8352941176470589,1
"G[1,2](hr >= 59.107 & WHITE_BLOOD_CELL_COUNT <= 7.383)
",0.000,9999999.000,9999999.000,1.000,0.000,0,14,12,59,59,26,12,73,0.0,0.5384615384615384,0.46153846153846156,0.0,0.16470588235294117,0.8352941176470589,1
"G[1,2](SODIUM <= 137.567 & y = 0.274)
",0.000,9999999.000,9999999.000,1.000,0.000,0,14,0,71,71,14,0,85,0.0,1.0,0.0,0.0,0.16470588235294117,0.8352941176470589,1
"G[0,2](n_evts > 0.153 & y = 0.428)
",0.000,9999999.000,9999999.000,1.000,0.000,0,14,0,71,71,14,0,85,0.0,1.0,0.0,0.0,0.16470588235294117,0.8352941176470589,1
"G[1,1](Temp > 36.265 & y = 0.305)
",0.958,-0.317,-0.528,1.000,0.000,0,14,0,71,71,14,0,85,0.0,1.0,0.0,0.0,0.16470588235294117,0.8352941176470589,1
"G[1,1](edrk <= 36.736 & y = 0.564)
",-1.155,-0.564,-0.491,1.000,0.000,0,14,0,71,71,14,0,85,0.0,1.0,0.0,0.0,0.16470588235294117,0.8352941176470589,1
"G[0,0](s8_hr < 0.000 & y = 0.369)
",1.155,-0.369,-0.519,1.000,0.000,0,14,0,71,71,14,0,85,0.0,1.0,0.0,0.0,0.16470588235294117,0.8352941176470589,1
"G[0,2](HEMOGLOBIN >= 11.219 | PLATELET_COUNT <= 206.277)
",0.000,9999999.000,9999999.000,1.000,0.000,0,14,65,6,6,79,65,20,0.0,0.17721518987341772,0.8227848101265823,0.0,0.16470588235294117,0.8352941176470589,1
"G[0,1](Sgy > 0.000 & y = 0.629)
",0.000,9999999.000,9999999.000,1.000,0.000,0,14,0,71,71,14,0,85,0.0,1.0,0.0,0.0,0.16470588235294117,0.8352941176470589,1
"G[0,0](LOS >= 2.330 & n_evts <= 0.701)
",-2.449,-0.330,-0.303,1.000,0.000,0,14,0,71,71,14,0,85,0.0,1.0,0.0,0.0,0.16470588235294117,0.8352941176470589,1
"G[0,2](CO2 <= 25.212 & direct >= 0.055)
",0.000,9999999.000,9999999.000,1.000,0.000,0,14,0,71,71,14,0,85,0.0,1.0,0.0,0.0,0.16470588235294117,0.8352941176470589,1
"G[1,2](n_evts <= 0.529 & Pulse >= 53.989)
",0.000,9999999.000,9999999.000,1.000,0.000,0,14,38,33,33,52,38,47,0.0,0.2692307692307692,0.7307692307692307,0.0,0.16470588235294117,0.8352941176470589,1
"G[0,2](Glasgow_Coma_Scale_Total >= 14.234 & MET >= 0.019)
",0.000,9999999.000,9999999.000,1.000,0.000,0,14,0,71,71,14,0,85,0.0,1.0,0.0,0.0,0.16470588235294117,0.8352941176470589,1
"G[0,2](HEMOGLOBIN >= 10.202 | n_evts <= 0.629)
",0.000,9999999.000,9999999.000,1.000,0.000,0,14,71,0,0,85,71,14,0.0,0.16470588235294117,0.8352941176470589,0.0,0.16470588235294117,0.8352941176470589,1
"G[0,0](SBP > 92.373 & y = 0.021)
",0.550,-0.021,-5.675,1.000,0.000,0,14,0,71,71,14,0,85,0.0,1.0,0.0,0.0,0.16470588235294117,0.8352941176470589,1
"G[0,2](BLOOD_UREA_NITROGEN <= 18.876 & POTASSIUM >= 4.017)
",0.000,9999999.000,9999999.000,1.000,0.000,0,14,35,36,36,49,35,50,0.0,0.2857142857142857,0.7142857142857143,0.0,0.16470588235294117,0.8352941176470589,1
"G[0,2](CO2 <= 25.740 & HEMOGLOBIN >= 10.626)
",0.000,9999999.000,9999999.000,1.000,0.000,0,14,35,36,36,49,35,50,0.0,0.2857142857142857,0.7142857142857143,0.0,0.16470588235294117,0.8352941176470589,1
"G[1,2](Glasgow_Coma_Scale_Total <= 14.985 & TROPONIN_I >= 0.416)
",0.000,9999999.000,9999999.000,1.000,0.000,0,14,0,71,71,14,0,85,0.0,1.0,0.0,0.0,0.16470588235294117,0.8352941176470589,1
"G[0,1](ICU_Pt_Days >= 0.152 & n_evts <= 0.767)
",0.000,9999999.000,9999999.000,1.000,0.000,0,14,0,71,71,14,0,85,0.0,1.0,0.0,0.0,0.16470588235294117,0.8352941176470589,1
"F[0,0](CHLORIDE >= 104.059 | SBP >= 80.499)
",0.655,42.815,26.850,0.000,1.000,0,13,1,71,71,14,1,84,0.0,0.9285714285714286,0.07142857142857142,0.0,0.15294117647058825,0.8470588235294118,-1
"F[1,1](Mort >= 0.019 | WHITE_BLOOD_CELL_COUNT <= 7.878)
",0.802,1.308,0.553,0.000,1.000,6,7,7,65,71,14,13,72,0.08450704225352113,0.5,0.5,0.46153846153846156,0.15294117647058825,0.8470588235294118,-1
"F[0,2]((af <= 0.978 | AF <= 0.075) & cosen >= -2.236)
",0.000,-9999999.000,-9999999.000,0.000,1.000,0,13,0,72,72,13,0,85,0.0,1.0,0.0,0.0,0.15294117647058825,0.8470588235294118,-1
"F[0,1](Resp >= 15.182 -> s24_edrk <= 0.002)
",0.000,-9999999.000,-9999999.000,0.000,1.000,0,13,1,71,71,14,1,84,0.0,0.9285714285714286,0.07142857142857142,0.0,0.15294117647058825,0.8470588235294118,-1
"F[1,2](MAGNESIUM >= 1.842 & n_edrk <= 0.993)
",0.000,-9999999.000,-9999999.000,0.000,1.000,0,13,0,72,72,13,0,85,0.0,1.0,0.0,0.0,0.15294117647058825,0.8470588235294118,-1
"G[0,1](hr >= 55.765 & Pulse >= 49.599)
",0.000,9999999.000,9999999.000,1.000,0.000,13,0,14,58,71,14,27,58,0.18309859154929578,0.0,1.0,0.48148148148148145,0.15294117647058825,0.8470588235294118,1
"G[1,1](s8_edrk < 0.003 -> y = 0.980)
",0.138,-0.003,-0.003,1.000,0.000,0,13,1,71,71,14,1,84,0.0,0.9285714285714286,0.07142857142857142,0.0,0.15294117647058825,0.8470588235294118,1
"F[0,1](dfa >= 0.481 & s24_edrk <= 0.001)
",0.000,-9999999.000,-9999999.000,0.000,1.000,3,10,4,68,71,14,7,78,0.04225352112676056,0.7142857142857143,0.2857142857142857,0.42857142857142855,0.15294117647058825,0.8470588235294118,-1
"((death >= 0.022) U[0,2] (Glasgow_Coma_Scale_Total >= 14.215))
",0.000,-9999999.000,-9999999.000,0.000,1.000,0,12,0,73,73,12,0,85,0.0,1.0,0.0,0.0,0.1411764705882353,0.8588235294117648,-1
"((ICU_Pt_Days >= 0.089) U[0,2] (Resp >= 13.998))
",0.000,-9999999.000,-9999999.000,0.000,1.000,0,12,0,73,73,12,0,85,0.0,1.0,0.0,0.0,0.1411764705882353,0.8588235294117648,-1
"((edrk <= 31.447) U[0,1] (Temp >= 35.771))
",0.000,-9999999.000,-9999999.000,0.000,1.000,0,12,2,71,71,14,2,83,0.0,0.8571428571428571,0.14285714285714285,0.0,0.1411764705882353,0.8588235294117648,-1
"((CHLORIDE <= 105.463) U[0,2] (n_edrk >= 0.237))
",0.000,-9999999.000,-9999999.000,0.000,1.000,0,12,0,73,73,12,0,85,0.0,1.0,0.0,0.0,0.1411764705882353,0.8588235294117648,-1
"F[1,1](O2_Flow >= 2.046 -> s2_edrk >= -0.005)
",0.760,-0.005,-0.983,0.000,1.000,0,12,2,71,71,14,2,83,0.0,0.8571428571428571,0.14285714285714285,0.0,0.1411764705882353,0.8588235294117648,-1
"F[0,1](af >= 0.018 | srr >= 0.043)
",0.000,-9999999.000,-9999999.000,0.000,1.000,1,11,3,70,71,14,4,81,0.014084507042253521,0.7857142857142857,0.21428571428571427,0.25,0.1411764705882353,0.8588235294117648,-1
"F[1,1](Pulse <= 94.542 | SBP <= 153.034)
",0.250,43.669,39.605,0.000,1.000,0,12,2,71,71,14,2,83,0.0,0.8571428571428571,0.14285714285714285,0.0,0.1411764705882353,0.8588235294117648,-1
"F[1,2](edrk >= 14.540 | Resp <= 19.642)
",0.000,-9999999.000,-9999999.000,0.000,1.000,0,12,0,73,73,12,0,85,0.0,1.0,0.0,0.0,0.1411764705882353,0.8588235294117648,-1
"F[1,1](MET <= 0.503 & s8_edrk >= -0.007)
",0.403,0.007,-0.064,0.000,1.000,0,12,2,71,71,14,2,83,0.0,0.8571428571428571,0.14285714285714285,0.0,0.1411764705882353,0.8588235294117648,-1
"F[1,2](s2_edrk >= -0.003 & Temp >= 35.946)
",0.000,-9999999.000,-9999999.000,0.000,1.000,0,12,0,73,73,12,0,85,0.0,1.0,0.0,0.0,0.1411764705882353,0.8588235294117648,-1
"((lds <= 2.793) U[0,2] (Resp >= 13.145))
",0.000,-9999999.000,-9999999.000,0.000,1.000,0,12,0,73,73,12,0,85,0.0,1.0,0.0,0.0,0.1411764705882353,0.8588235294117648,-1
"F[0,1](HEMOGLOBIN < 12.411 -> y = 0.587)
",0.000,-9999999.000,-9999999.000,0.000,1.000,12,0,14,59,71,14,26,59,0.16901408450704225,0.0,1.0,0.46153846153846156,0.1411764705882353,0.8588235294117648,-1
"F[1,2](Mort >= 0.005 | SpO2 <= 99.107)
",0.000,-9999999.000,-9999999.000,0.000,1.000,0,12,0,73,73,12,0,85,0.0,1.0,0.0,0.0,0.1411764705882353,0.8588235294117648,-1
"F[0,1](HEMOGLOBIN >= 11.568 | SBP >= 86.700)
",0.000,-9999999.000,-9999999.000,0.000,1.000,0,12,2,71,71,14,2,83,0.0,0.8571428571428571,0.14285714285714285,0.0,0.1411764705882353,0.8588235294117648,-1
"((SODIUM <= 137.563) U[0,2] (tte >= -3.485))
",0.000,-9999999.000,-9999999.000,0.000,1.000,0,12,0,73,73,12,0,85,0.0,1.0,0.0,0.0,0.1411764705882353,0.8588235294117648,-1
"((dfa >= 0.688) U[0,1] (tte >= -1.869))
",0.000,-9999999.000,-9999999.000,0.000,1.000,0,12,2,71,71,14,2,83,0.0,0.8571428571428571,0.14285714285714285,0.0,0.1411764705882353,0.8588235294117648,-1
"G[0,2](MET >= 0.023 | n_evts <= 0.263)
",0.000,9999999.000,9999999.000,1.000,0.000,0,12,73,0,0,85,73,12,0.0,0.1411764705882353,0.8588235294117647,0.0,0.1411764705882353,0.8588235294117648,1
"G[0,2](AF <= 0.398 -> TROPONIN_I >= 0.912)
",0.000,9999999.000,9999999.000,1.000,0.000,0,12,56,17,17,68,56,29,0.0,0.17647058823529413,0.8235294117647058,0.0,0.1411764705882353,0.8588235294117648,1
"G[1,1](AF >= 0.009 & Glasgow_Coma_Scale_Total <= 14.993)
",-0.000,-0.009,-0.009,1.000,0.000,0,12,2,71,71,14,2,83,0.0,0.8571428571428571,0.14285714285714285,0.0,0.1411764705882353,0.8588235294117648,1
"G[0,2](LOS >= 2.074 -> y = 0.454)
",0.000,9999999.000,9999999.000,1.000,0.000,0,12,73,0,0,85,73,12,0.0,0.1411764705882353,0.8588235294117647,0.0,0.1411764705882353,0.8588235294117648,1
"G[1,1](edrk >= 14.412 -> MET >= 0.002)
",0.147,-2.032,-3.029,1.000,0.000,7,5,9,64,71,14,16,69,0.09859154929577464,0.35714285714285715,0.6428571428571429,0.4375,0.1411764705882353,0.8588235294117648,1
"G[0,2](AF >= 0.005 & PLATELET_COUNT >= 111.970)
",0.000,9999999.000,9999999.000,1.000,0.000,0,12,2,71,71,14,2,83,0.0,0.8571428571428571,0.14285714285714285,0.0,0.1411764705882353,0.8588235294117648,1
"G[0,0](AF >= 0.006 & LOS >= 2.160)
",-2.449,-0.160,-0.028,1.000,0.000,0,12,2,71,71,14,2,83,0.0,0.8571428571428571,0.14285714285714285,0.0,0.1411764705882353,0.8588235294117648,1
"G[1,2](hr <= 118.906 -> MET >= 0.020)
",0.000,9999999.000,9999999.000,1.000,0.000,0,12,2,71,71,14,2,83,0.0,0.8571428571428571,0.14285714285714285,0.0,0.1411764705882353,0.8588235294117648,1
"F[1,2](death >= 0.011 -> Pulse <= 106.778)
",0.000,-9999999.000,-9999999.000,0.000,1.000,0,12,0,73,73,12,0,85,0.0,1.0,0.0,0.0,0.1411764705882353,0.8588235294117648,-1
"F[0,2](MET <= 0.935 & Temp >= 35.845)
",0.000,-9999999.000,-9999999.000,0.000,1.000,0,12,0,73,73,12,0,85,0.0,1.0,0.0,0.0,0.1411764705882353,0.8588235294117648,-1
"F[1,2](direct >= 0.046 | hr <= 104.582)
",0.000,-9999999.000,-9999999.000,0.000,1.000,0,12,0,73,73,12,0,85,0.0,1.0,0.0,0.0,0.1411764705882353,0.8588235294117648,-1
"((direct >= 0.020) U[0,2] (LOS >= 2.210))
",0.000,-9999999.000,-9999999.000,0.000,1.000,0,12,0,73,73,12,0,85,0.0,1.0,0.0,0.0,0.1411764705882353,0.8588235294117648,-1
"F[1,2](BLOOD_UREA_NITROGEN <= 17.965 | lds >= 0.856)
",0.000,-9999999.000,-9999999.000,0.000,1.000,0,12,0,73,73,12,0,85,0.0,1.0,0.0,0.0,0.1411764705882353,0.8588235294117648,-1
"F[1,2](CO2 <= 25.782 | srr >= 0.032)
",0.000,-9999999.000,-9999999.000,0.000,1.000,0,12,0,73,73,12,0,85,0.0,1.0,0.0,0.0,0.1411764705882353,0.8588235294117648,-1
"((GLUCOSE <= 118.702) U[0,0] (LOS <= 10.936))
",1.127,15.866,4.869,0.000,1.000,0,11,3,71,71,14,3,82,0.0,0.7857142857142857,0.21428571428571427,0.0,0.12941176470588237,0.8705882352941177,-1
"((CHLORIDE >= 102.896) U[0,2] (Resp <= 20.246))
",0.000,-9999999.000,-9999999.000,0.000,1.000,0,11,0,74,74,11,0,85,0.0,1.0,0.0,0.0,0.12941176470588237,0.8705882352941177,-1
"F[0,0](O2_Flow <= 2.710 -> WHITE_BLOOD_CELL_COUNT <= 7.393)
",-0.886,-0.928,-0.076,0.000,1.000,6,5,9,65,71,14,15,70,0.08450704225352113,0.35714285714285715,0.6428571428571429,0.4,0.12941176470588237,0.8705882352941177,-1
"F[1,2](SBP >= 98.460 & WHITE_BLOOD_CELL_COUNT >= 6.644)
",0.000,-9999999.000,-9999999.000,0.000,1.000,0,11,0,74,74,11,0,85,0.0,1.0,0.0,0.0,0.12941176470588237,0.8705882352941177,-1
"F[1,2](dfa >= 0.623 -> y >= 0.021)
",0.000,-9999999.000,-9999999.000,0.000,1.000,0,11,0,74,74,11,0,85,0.0,1.0,0.0,0.0,0.12941176470588237,0.8705882352941177,-1
"F[0,2](dfa >= 0.582 | TROPONIN_I >= 0.304)
",0.000,-9999999.000,-9999999.000,0.000,1.000,0,11,0,74,74,11,0,85,0.0,1.0,0.0,0.0,0.12941176470588237,0.8705882352941177,-1
"F[0,0](direct >= 0.034 | ICU_Pt_Days <= 4.065)
",1.722,4.065,1.580,0.000,1.000,0,11,3,71,71,14,3,82,0.0,0.7857142857142857,0.21428571428571427,0.0,0.12941176470588237,0.8705882352941177,-1
"F[1,2](AF >= 0.001 | SBP >= 92.913)
",0.000,-9999999.000,-9999999.000,0.000,1.000,0,11,0,74,74,11,0,85,0.0,1.0,0.0,0.0,0.12941176470588237,0.8705882352941177,-1
"G[1,2](SODIUM <= 137.993 & srr >= 0.116)
",0.000,9999999.000,9999999.000,1.000,0.000,0,11,21,53,53,32,21,64,0.0,0.34375,0.65625,0.0,0.12941176470588237,0.8705882352941177,1
"G[0,1](ICU_Pt_Days >= 0.162 & y <= 0.875)
",0.000,9999999.000,9999999.000,1.000,0.000,0,11,3,71,71,14,3,82,0.0,0.7857142857142857,0.21428571428571427,0.0,0.12941176470588237,0.8705882352941177,1
"F[1,2](Resp >= 14.017 & s8_edrk >= -0.000)
",0.000,-9999999.000,-9999999.000,0.000,1.000,0,10,0,75,75,10,0,85,0.0,1.0,0.0,0.0,0.11764705882352941,0.8823529411764706,-1
"F[1,2](death <= 0.239 | n_evts <= 0.511)
",0.000,-9999999.000,-9999999.000,0.000,1.000,0,10,0,75,75,10,0,85,0.0,1.0,0.0,0.0,0.11764705882352941,0.8823529411764706,-1
"F[0,2](LOS <= 10.558 & s8_edrk <= 0.001)
",0.000,-9999999.000,-9999999.000,0.000,1.000,0,10,0,75,75,10,0,85,0.0,1.0,0.0,0.0,0.11764705882352941,0.8823529411764706,-1
"F[1,1](BLOOD_UREA_NITROGEN >= 14.081 -> death <= 0.876)
",1.090,-3.639,-6.919,0.000,1.000,0,10,4,71,71,14,4,81,0.0,0.7142857142857143,0.2857142857142857,0.0,0.11764705882352941,0.8823529411764706,-1
"((SODIUM <= 137.566) U[0,2] (y >= 0.028))
",0.000,-9999999.000,-9999999.000,0.000,1.000,0,9,0,76,76,9,0,85,0.0,1.0,0.0,0.0,0.10588235294117647,0.8941176470588236,-1
"((BLOOD_UREA_NITROGEN >= 16.213) U[0,0] (O2_Flow <= 2.210))
",-1.090,2.303,4.787,0.000,1.000,0,9,5,71,71,14,5,80,0.0,0.6428571428571429,0.35714285714285715,0.0,0.10588235294117647,0.8941176470588236,-1
"((LOS <= 10.920) U[1,2] (s2_edrk >= -0.007))
",0.000,-9999999.000,-9999999.000,0.000,1.000,0,9,3,73,73,12,3,82,0.0,0.75,0.25,0.0,0.10588235294117647,0.8941176470588236,-1
"F[0,2](direct <= 0.093 -> Resp <= 17.348)
",0.000,-9999999.000,-9999999.000,0.000,1.000,0,9,0,76,76,9,0,85,0.0,1.0,0.0,0.0,0.10588235294117647,0.8941176470588236,-1
"F[1,2](hr >= 51.257 & tte <= -0.133)
",0.000,-9999999.000,-9999999.000,0.000,1.000,0,9,0,76,76,9,0,85,0.0,1.0,0.0,0.0,0.10588235294117647,0.8941176470588236,-1
"F[0,2]((af <= 0.363 | AF <= 0.204) & cosen >= -2.228)
",0.000,-9999999.000,-9999999.000,0.000,1.000,0,9,0,76,76,9,0,85,0.0,1.0,0.0,0.0,0.10588235294117647,0.8941176470588236,-1
"((TROPONIN_I >= 0.373) U[0,2] (y >= 0.019))
",0.000,-9999999.000,-9999999.000,0.000,1.000,0,9,0,76,76,9,0,85,0.0,1.0,0.0,0.0,0.10588235294117647,0.8941176470588236,-1
"F[0,1](AF <= 0.280 -> direct <= 0.997)
",0.000,-9999999.000,-9999999.000,0.000,1.000,0,9,5,71,71,14,5,80,0.0,0.6428571428571429,0.35714285714285715,0.0,0.10588235294117647,0.8941176470588236,-1
"((death <= 0.955) U[0,2] (tte <= -0.127))
",0.000,-9999999.000,-9999999.000,0.000,1.000,0,9,0,76,76,9,0,85,0.0,1.0,0.0,0.0,0.10588235294117647,0.8941176470588236,-1
"((dfa <= 0.822) U[1,2] (LOS >= 2.089))
",0.000,-9999999.000,-9999999.000,0.000,1.000,0,9,3,73,73,12,3,82,0.0,0.75,0.25,0.0,0.10588235294117647,0.8941176470588236,-1
"F[1,1](O2_Flow <= 5.088 & s24_edrk >= -0.005)
",0.145,0.005,0.004,0.000,1.000,0,9,5,71,71,14,5,80,0.0,0.6428571428571429,0.35714285714285715,0.0,0.10588235294117647,0.8941176470588236,-1
"F[0,2](LOS >= 2.272 -> y >= 0.032)
",0.000,-9999999.000,-9999999.000,0.000,1.000,0,9,0,76,76,9,0,85,0.0,1.0,0.0,0.0,0.10588235294117647,0.8941176470588236,-1
"G[0,2](PHOSPHORUS >= 3.247 & y <= 0.989)
",0.000,9999999.000,9999999.000,1.000,0.000,0,9,70,6,6,79,70,15,0.0,0.11392405063291139,0.8860759493670886,0.0,0.10588235294117647,0.8941176470588236,1
"G[0,2](Mort <= 0.142 & Pulse <= 89.114)
",0.000,9999999.000,9999999.000,1.000,0.000,0,9,76,0,0,85,76,9,0.0,0.10588235294117647,0.8941176470588236,0.0,0.10588235294117647,0.8941176470588236,1
"F[0,2](death >= 0.042 | edrk >= 16.041)
",0.000,-9999999.000,-9999999.000,0.000,1.000,0,8,0,77,77,8,0,85,0.0,1.0,0.0,0.0,0.09411764705882353,0.9058823529411765,-1
"F[0,2](ICU_Pt_Days <= 3.010 -> SODIUM >= 137.222)
",0.000,-9999999.000,-9999999.000,0.000,1.000,0,8,0,77,77,8,0,85,0.0,1.0,0.0,0.0,0.09411764705882353,0.9058823529411765,-1
"G[1,2](edrk >= 15.338 & LOS <= 5.130)
",0.000,9999999.000,9999999.000,1.000,0.000,0,8,67,10,10,75,67,18,0.0,0.10666666666666667,0.8933333333333333,0.0,0.09411764705882353,0.9058823529411765,1
"G[0,2](MET >= 0.015 | n_edrk >= 0.540)
",0.000,9999999.000,9999999.000,1.000,0.000,0,8,75,2,2,83,75,10,0.0,0.0963855421686747,0.9036144578313253,0.0,0.09411764705882353,0.9058823529411765,1
"((PHOSPHORUS <= 3.429) U[1,2] (WHITE_BLOOD_CELL_COUNT >= 6.397))
",0.000,-9999999.000,-9999999.000,0.000,1.000,8,0,14,63,71,14,22,63,0.11267605633802817,0.0,1.0,0.36363636363636365,0.09411764705882353,0.9058823529411765,-1
"F[0,0](hr <= 72.716 & srr <= 0.244)
",1.416,-0.028,-19.203,0.000,1.000,8,0,14,63,71,14,22,63,0.11267605633802817,0.0,1.0,0.36363636363636365,0.09411764705882353,0.9058823529411765,-1
"F[0,2]((af <= 0.379 | AF <= 0.353) & cosen >= -2.178)
",0.000,-9999999.000,-9999999.000,0.000,1.000,0,8,0,77,77,8,0,85,0.0,1.0,0.0,0.0,0.09411764705882353,0.9058823529411765,-1
"F[1,2](lds <= 3.090 & n_edrk >= 0.526)
",0.000,-9999999.000,-9999999.000,0.000,1.000,0,8,0,77,77,8,0,85,0.0,1.0,0.0,0.0,0.09411764705882353,0.9058823529411765,-1
"((BLOOD_UREA_NITROGEN >= 15.771) U[0,1] (Mort <= 0.496))
",0.000,-9999999.000,-9999999.000,0.000,1.000,0,7,7,71,71,14,7,78,0.0,0.5,0.5,0.0,0.08235294117647059,0.9176470588235294,-1
"((CALCIUM >= 8.686) U[1,2] (SBP >= 120.344))
",0.000,-9999999.000,-9999999.000,0.000,1.000,0,7,0,78,78,7,0,85,0.0,1.0,0.0,0.0,0.08235294117647059,0.9176470588235294,-1
"((direct <= 0.096) U[1,2] (PLATELET_COUNT >= 122.921))
",0.000,-9999999.000,-9999999.000,0.000,1.000,0,7,7,71,71,14,7,78,0.0,0.5,0.5,0.0,0.08235294117647059,0.9176470588235294,-1
"F[1,2](direct <= 0.875 | srr >= 0.090)
",0.000,-9999999.000,-9999999.000,0.000,1.000,0,7,0,78,78,7,0,85,0.0,1.0,0.0,0.0,0.08235294117647059,0.9176470588235294,-1
"((Glasgow_Coma_Scale_Total >= 14.575) U[1,1] (Temp <= 36.989))
",0.129,0.636,0.563,0.000,1.000,0,7,7,71,71,14,7,78,0.0,0.5,0.5,0.0,0.08235294117647059,0.9176470588235294,-1
"((hr <= 92.833) U[1,2] (s8_hr <= 0.001))
",0.000,-9999999.000,-9999999.000,0.000,1.000,0,7,5,73,73,12,5,80,0.0,0.5833333333333334,0.4166666666666667,0.0,0.08235294117647059,0.9176470588235294,-1
"((hr <= 63.485) U[1,1] (SBP >= 92.330))
",0.496,30.985,21.099,0.000,1.000,7,0,14,64,71,14,21,64,0.09859154929577464,0.0,1.0,0.3333333333333333,0.08235294117647059,0.9176470588235294,-1
"F[0,2](O2_Flow >= 2.080 & s8_edrk <= 0.003)
",0.000,-9999999.000,-9999999.000,0.000,1.000,0,7,0,78,78,7,0,85,0.0,1.0,0.0,0.0,0.08235294117647059,0.9176470588235294,-1
"((ICU_Pt_Days >= 0.129) U[0,2] (Mort >= 0.081))
",0.000,-9999999.000,-9999999.000,0.000,1.000,0,7,0,78,78,7,0,85,0.0,1.0,0.0,0.0,0.08235294117647059,0.9176470588235294,-1
"F[0,0](dfa <= 1.042 -> n_edrk >= 0.427)
",-0.442,-0.544,-0.447,0.000,1.000,1,6,8,70,71,14,9,76,0.014084507042253521,0.42857142857142855,0.5714285714285714,0.1111111111111111,0.08235294117647059,0.9176470588235294,-1
"F[1,2](direct <= 0.337 -> y = 0.256)
",0.000,-9999999.000,-9999999.000,0.000,1.000,0,7,0,78,78,7,0,85,0.0,1.0,0.0,0.0,0.08235294117647059,0.9176470588235294,-1
"F[0,0](Mort <= 0.837 & O2_Flow <= 3.697)
",0.839,0.837,-0.346,0.000,1.000,0,7,7,71,71,14,7,78,0.0,0.5,0.5,0.0,0.08235294117647059,0.9176470588235294,-1
"F[1,2](O2_Flow >= 2.155 -> PLATELET_COUNT <= 189.344)
",0.000,-9999999.000,-9999999.000,0.000,1.000,0,7,0,78,78,7,0,85,0.0,1.0,0.0,0.0,0.08235294117647059,0.9176470588235294,-1
"G[0,1](lds >= 0.784 & y >= 0.034)
",0.000,9999999.000,9999999.000,1.000,0.000,0,7,7,71,71,14,7,78,0.0,0.5,0.5,0.0,0.08235294117647059,0.9176470588235294,1
"G[1,2](hr <= 63.616 | O2_Flow <= 2.601)
",0.000,9999999.000,9999999.000,1.000,0.000,0,7,78,0,0,85,78,7,0.0,0.08235294117647059,0.9176470588235294,0.0,0.08235294117647059,0.9176470588235294,1
"G[0,2](edrk >= 15.484 -> Glasgow_Coma_Scale_Total <= 14.990)
",0.000,9999999.000,9999999.000,1.000,0.000,0,7,16,62,62,23,16,69,0.0,0.30434782608695654,0.6956521739130435,0.0,0.08235294117647059,0.9176470588235294,1
"G[0,2](direct <= 0.657 -> WHITE_BLOOD_CELL_COUNT <= 7.045)
",0.000,9999999.000,9999999.000,1.000,0.000,0,7,72,6,6,79,72,13,0.0,0.08860759493670886,0.9113924050632911,0.0,0.08235294117647059,0.9176470588235294,1
"G[1,2](Mort >= 0.040 & TROPONIN_I <= 1.103)
",0.000,9999999.000,9999999.000,1.000,0.000,0,7,7,71,71,14,7,78,0.0,0.5,0.5,0.0,0.08235294117647059,0.9176470588235294,1
"G[0,1](CREATININE >= 0.873 & HEMOGLOBIN <= 12.691)
",0.000,9999999.000,9999999.000,1.000,0.000,7,0,14,64,71,14,21,64,0.09859154929577464,0.0,1.0,0.3333333333333333,0.08235294117647059,0.9176470588235294,1
"G[1,1](direct >= 0.023 & SODIUM <= 137.737)
",-0.920,-0.154,0.302,1.000,0.000,0,7,7,71,71,14,7,78,0.0,0.5,0.5,0.0,0.08235294117647059,0.9176470588235294,1
"F[1,2](s24_edrk >= -0.006 & Temp <= 36.974)
",0.000,-9999999.000,-9999999.000,0.000,1.000,0,7,0,78,78,7,0,85,0.0,1.0,0.0,0.0,0.08235294117647059,0.9176470588235294,-1
"((ICU_Pt_Days <= 3.464) U[1,2] (s8_edrk <= 0.002))
",0.000,-9999999.000,-9999999.000,0.000,1.000,0,6,5,74,74,11,5,80,0.0,0.5454545454545454,0.45454545454545453,0.0,0.07058823529411765,0.9294117647058824,-1
"((HEMOGLOBIN >= 10.242) U[1,2] (s8_hr <= 0.001))
",0.000,-9999999.000,-9999999.000,0.000,1.000,6,0,12,67,73,12,18,67,0.0821917808219178,0.0,1.0,0.3333333333333333,0.07058823529411765,0.9294117647058824,-1
"F[0,0](HEMOGLOBIN >= 10.821 & tte >= -1.425)
",1.674,1.172,-0.885,0.000,1.000,6,0,14,65,71,14,20,65,0.08450704225352113,0.0,1.0,0.3,0.07058823529411765,0.9294117647058824,-1
"F[0,0](HEMOGLOBIN <= 12.041 -> WHITE_BLOOD_CELL_COUNT <= 8.320)
",-0.165,-1.872,-1.841,0.000,1.000,6,0,14,65,71,14,20,65,0.08450704225352113,0.0,1.0,0.3,0.07058823529411765,0.9294117647058824,-1
"((Glasgow_Coma_Scale_Total >= 14.169) U[0,0] (PLATELET_COUNT <= 200.987))
",3.190,80.431,0.688,0.000,1.000,6,0,14,65,71,14,20,65,0.08450704225352113,0.0,1.0,0.3,0.07058823529411765,0.9294117647058824,-1
"((BLOOD_UREA_NITROGEN >= 15.068) U[0,1] (HEMOGLOBIN >= 11.444))
",0.000,-9999999.000,-9999999.000,0.000,1.000,6,0,14,65,71,14,20,65,0.08450704225352113,0.0,1.0,0.3,0.07058823529411765,0.9294117647058824,-1
"((HEMOGLOBIN >= 11.602) U[1,1] (s24_hr >= -0.001))
",1.968,0.818,0.001,0.000,1.000,6,0,14,65,71,14,20,65,0.08450704225352113,0.0,1.0,0.3,0.07058823529411765,0.9294117647058824,-1
"F[0,0](CALCIUM >= 8.740 -> WHITE_BLOOD_CELL_COUNT <= 7.009)
",-1.702,-0.529,-0.160,0.000,1.000,6,0,14,65,71,14,20,65,0.08450704225352113,0.0,1.0,0.3,0.07058823529411765,0.9294117647058824,-1
"G[0,1](TROPONIN_I > 0.068 -> y = 0.154)
",0.000,9999999.000,9999999.000,1.000,0.000,6,0,14,65,71,14,20,65,0.08450704225352113,0.0,1.0,0.3,0.07058823529411765,0.9294117647058824,1
"G[0,2](HEMOGLOBIN <= 12.613 -> O2_Flow <= 3.927)
",0.000,9999999.000,9999999.000,1.000,0.000,0,5,80,0,0,85,80,5,0.0,0.058823529411764705,0.9411764705882353,0.0,0.058823529411764705,0.9411764705882353,1
"G[1,2](LOS <= 11.510 & s24_edrk <= 0.002)
",0.000,9999999.000,9999999.000,1.000,0.000,0,5,80,0,0,85,80,5,0.0,0.058823529411764705,0.9411764705882353,0.0,0.058823529411764705,0.9411764705882353,1
"G[0,2](POTASSIUM >= 3.951 & y >= 0.053)
",0.000,9999999.000,9999999.000,1.000,0.000,0,5,9,71,71,14,9,76,0.0,0.35714285714285715,0.6428571428571429,0.0,0.058823529411764705,0.9411764705882353,1
"((WHITE_BLOOD_CELL_COUNT >= 6.698) U[0,1] (y <= 0.721))
",0.000,-9999999.000,-9999999.000,0.000,1.000,0,5,9,71,71,14,9,76,0.0,0.35714285714285715,0.6428571428571429,0.0,0.058823529411764705,0.9411764705882353,-1
"((Glasgow_Coma_Scale_Total <= 14.990) U[0,1] (y <= 0.340))
",0.000,-9999999.000,-9999999.000,0.000,1.000,0,5,9,71,71,14,9,76,0.0,0.35714285714285715,0.6428571428571429,0.0,0.058823529411764705,0.9411764705882353,-1
"F[0,2](Mort >= 0.016 & tte >= -1.994)
",0.000,-9999999.000,-9999999.000,0.000,1.000,0,5,0,80,80,5,0,85,0.0,1.0,0.0,0.0,0.058823529411764705,0.9411764705882353,-1
"((direct <= 0.339) U[0,2] (y <= 0.490))
",0.000,-9999999.000,-9999999.000,0.000,1.000,0,5,0,80,80,5,0,85,0.0,1.0,0.0,0.0,0.058823529411764705,0.9411764705882353,-1
"((CO2 >= 24.047) U[0,2] (y <= 0.755))
",0.000,-9999999.000,-9999999.000,0.000,1.000,0,5,0,80,80,5,0,85,0.0,1.0,0.0,0.0,0.058823529411764705,0.9411764705882353,-1
"F[1,2]((af <= 0.981 | AF <= 0.438) & cosen >= -2.105)
",0.000,-9999999.000,-9999999.000,0.000,1.000,0,5,0,80,80,5,0,85,0.0,1.0,0.0,0.0,0.058823529411764705,0.9411764705882353,-1
"F[1,2]((af <= 0.444 | AF <= 0.373) & cosen >= -2.123)
",0.000,-9999999.000,-9999999.000,0.000,1.000,0,5,0,80,80,5,0,85,0.0,1.0,0.0,0.0,0.058823529411764705,0.9411764705882353,-1
"((CREATININE <= 1.026) U[0,0] (y <= 0.816))
",1.155,0.816,0.308,0.000,1.000,0,5,9,71,71,14,9,76,0.0,0.35714285714285715,0.6428571428571429,0.0,0.058823529411764705,0.9411764705882353,-1
"F[1,2]((af <= 0.827 | AF <= 0.444) & cosen >= -2.082)
",0.000,-9999999.000,-9999999.000,0.000,1.000,0,5,0,80,80,5,0,85,0.0,1.0,0.0,0.0,0.058823529411764705,0.9411764705882353,-1
"F[1,2]((af <= 0.211 | AF <= 0.461) & cosen >= -2.103)
",0.000,-9999999.000,-9999999.000,0.000,1.000,0,5,0,80,80,5,0,85,0.0,1.0,0.0,0.0,0.058823529411764705,0.9411764705882353,-1
"G[0,2](n_edrk <= 0.942 & WHITE_BLOOD_CELL_COUNT >= 6.506)
",0.000,9999999.000,9999999.000,1.000,0.000,0,4,13,68,68,17,13,72,0.0,0.23529411764705882,0.7647058823529411,0.0,0.047058823529411764,0.9529411764705882,1
"G[0,2](ICU_Pt_Days >= 0.331 & O2_Flow <= 6.756)
",0.000,9999999.000,9999999.000,1.000,0.000,0,4,10,71,71,14,10,75,0.0,0.2857142857142857,0.7142857142857143,0.0,0.047058823529411764,0.9529411764705882,1
"F[1,2](dfa > 0.454 -> y = 0.409)
",0.000,-9999999.000,-9999999.000,0.000,1.000,0,4,0,81,81,4,0,85,0.0,1.0,0.0,0.0,0.047058823529411764,0.9529411764705882,-1
"G[1,2](edrk >= 13.183 -> Pulse <= 88.530)
",0.000,9999999.000,9999999.000,1.000,0.000,0,4,81,0,0,85,81,4,0.0,0.047058823529411764,0.9529411764705882,0.0,0.047058823529411764,0.9529411764705882,1
"G[1,2](n_evts >= 0.115 -> Temp >= 36.331)
",0.000,9999999.000,9999999.000,1.000,0.000,0,4,81,0,0,85,81,4,0.0,0.047058823529411764,0.9529411764705882,0.0,0.047058823529411764,0.9529411764705882,1
"F[1,1](ICU_Pt_Days <= 2.040 & SpO2 <= 97.052)
",1.127,1.274,-1.816,0.000,1.000,0,4,10,71,71,14,10,75,0.0,0.2857142857142857,0.7142857142857143,0.0,0.047058823529411764,0.9529411764705882,-1
"G[1,2](death <= 0.625 | hr <= 63.188)
",0.000,9999999.000,9999999.000,1.000,0.000,0,4,81,0,0,85,81,4,0.0,0.047058823529411764,0.9529411764705882,0.0,0.047058823529411764,0.9529411764705882,1
"F[1,1](Glasgow_Coma_Scale_Total <= 14.994 | n_evts <= 0.663)
",1.503,0.663,0.137,0.000,1.000,0,4,10,71,71,14,10,75,0.0,0.2857142857142857,0.7142857142857143,0.0,0.047058823529411764,0.9529411764705882,-1
"F[1,2](s24_edrk <= 0.004 & s2_edrk <= 0.000)
",0.000,-9999999.000,-9999999.000,0.000,1.000,0,4,0,81,81,4,0,85,0.0,1.0,0.0,0.0,0.047058823529411764,0.9529411764705882,-1
"((Glasgow_Coma_Scale_Total <= 14.987) U[0,2] (ICU_Pt_Days <= 1.622))
",0.000,-9999999.000,-9999999.000,0.000,1.000,0,4,0,81,81,4,0,85,0.0,1.0,0.0,0.0,0.047058823529411764,0.9529411764705882,-1
"F[0,2](ICU_Pt_Days <= 1.015 & n_edrk <= 0.924)
",0.000,-9999999.000,-9999999.000,0.000,1.000,0,4,0,81,81,4,0,85,0.0,1.0,0.0,0.0,0.047058823529411764,0.9529411764705882,-1
"G[0,2](CALCIUM >= 8.469 & srr <= 0.124)
",0.000,9999999.000,9999999.000,1.000,0.000,0,3,42,40,40,45,42,43,0.0,0.06666666666666667,0.9333333333333333,0.0,0.03529411764705882,0.9647058823529412,1
"G[0,2](n_evts >= 0.109 -> Resp <= 20.006)
",0.000,9999999.000,9999999.000,1.000,0.000,0,3,82,0,0,85,82,3,0.0,0.03529411764705882,0.9647058823529412,0.0,0.03529411764705882,0.9647058823529412,1
"G[1,2](lds >= 0.668 -> LOS <= 7.100)
",0.000,9999999.000,9999999.000,1.000,0.000,0,3,82,0,0,85,82,3,0.0,0.03529411764705882,0.9647058823529412,0.0,0.03529411764705882,0.9647058823529412,1
"G[1,2](death >= 0.033 | Resp <= 21.258)
",0.000,9999999.000,9999999.000,1.000,0.000,0,3,82,0,0,85,82,3,0.0,0.03529411764705882,0.9647058823529412,0.0,0.03529411764705882,0.9647058823529412,1
"G[0,2](LOS >= 2.122 -> tte <= -0.005)
",0.000,9999999.000,9999999.000,1.000,0.000,0,3,82,0,0,85,82,3,0.0,0.03529411764705882,0.9647058823529412,0.0,0.03529411764705882,0.9647058823529412,1
"G[1,2](PLATELET_COUNT >= 110.126 & tte <= -0.064)
",0.000,9999999.000,9999999.000,1.000,0.000,0,3,11,71,71,14,11,74,0.0,0.21428571428571427,0.7857142857142857,0.0,0.03529411764705882,0.9647058823529412,1
"((AF >= 0.007) U[1,2] (y >= 0.032))
",0.000,-9999999.000,-9999999.000,0.000,1.000,0,2,7,76,76,9,7,78,0.0,0.2222222222222222,0.7777777777777778,0.0,0.023529411764705882,0.9764705882352941,-1
"F[1,2](Glasgow_Coma_Scale_Total <= 14.971 & Mort <= 0.215)
",0.000,-9999999.000,-9999999.000,0.000,1.000,0,2,0,83,83,2,0,85,0.0,1.0,0.0,0.0,0.023529411764705882,0.9764705882352941,-1
"F[0,2](hr >= 47.056 -> ICU_Pt_Days <= 0.916)
",0.000,-9999999.000,-9999999.000,0.000,1.000,0,2,0,83,83,2,0,85,0.0,1.0,0.0,0.0,0.023529411764705882,0.9764705882352941,-1
"((Glasgow_Coma_Scale_Total <= 14.965) U[1,2] (O2_Flow >= 2.086))
",0.000,-9999999.000,-9999999.000,0.000,1.000,0,2,5,78,78,7,5,80,0.0,0.2857142857142857,0.7142857142857143,0.0,0.023529411764705882,0.9764705882352941,-1
"F[1,2](death >= 0.021 & MET >= 0.005)
",0.000,-9999999.000,-9999999.000,0.000,1.000,0,2,0,83,83,2,0,85,0.0,1.0,0.0,0.0,0.023529411764705882,0.9764705882352941,-1
"F[1,1](ICU_Pt_Days >= 0.203 -> WHITE_BLOOD_CELL_COUNT <= 7.734)
",0.767,-1.160,-3.083,0.000,1.000,0,2,12,71,71,14,12,73,0.0,0.14285714285714285,0.8571428571428571,0.0,0.023529411764705882,0.9764705882352941,-1
"F[0,2](AF >= 0.009 & hr <= 113.715)
",0.000,-9999999.000,-9999999.000,0.000,1.000,0,2,0,83,83,2,0,85,0.0,1.0,0.0,0.0,0.023529411764705882,0.9764705882352941,-1
"G[1,2](PLATELET_COUNT >= 128.901 & Resp >= 13.803)
",0.000,9999999.000,9999999.000,1.000,0.000,0,2,18,65,65,20,18,67,0.0,0.1,0.9,0.0,0.023529411764705882,0.9764705882352941,1
"G[1,2](hr >= 50.992 -> Pulse <= 110.568)
",0.000,9999999.000,9999999.000,1.000,0.000,0,2,83,0,0,85,83,2,0.0,0.023529411764705882,0.9764705882352941,0.0,0.023529411764705882,0.9764705882352941,1
"G[0,2](CO2 >= 24.409 & Resp >= 13.385)
",0.000,9999999.000,9999999.000,1.000,0.000,0,2,46,37,37,48,46,39,0.0,0.041666666666666664,0.9583333333333334,0.0,0.023529411764705882,0.9764705882352941,1
"G[1,2](MET >= 0.015 -> y <= 0.224)
",0.000,9999999.000,9999999.000,1.000,0.000,0,2,83,0,0,85,83,2,0.0,0.023529411764705882,0.9764705882352941,0.0,0.023529411764705882,0.9764705882352941,1
"G[0,2](ICU_Pt_Days >= 0.285 & Pulse >= 50.874)
",0.000,9999999.000,9999999.000,1.000,0.000,0,2,12,71,71,14,12,73,0.0,0.14285714285714285,0.8571428571428571,0.0,0.023529411764705882,0.9764705882352941,1
"((POTASSIUM > 4.001) U[2,2] (y = 0.461))
",0.372,0.025,-0.001,0.000,1.000,0,0,0,85,85,0,0,85,0.0,0.0,0.0,0.0,0.0,1.0,-1
"F[0,2](CO2 <= 25.812 & MAGNESIUM <= 1.919)
",0.000,-9999999.000,-9999999.000,0.000,1.000,0,0,0,85,85,0,0,85,0.0,0.0,0.0,0.0,0.0,1.0,-1
"((Mort >= 0.029) U[2,2] (y = 0.029))
",-1.155,-0.029,0.543,0.000,1.000,0,0,0,85,85,0,0,85,0.0,0.0,0.0,0.0,0.0,1.0,-1
"((ICU_Pt_Days >= 0.329) U[2,2] (PLATELET_COUNT >= 114.087))
",-3.261,9.523,97.913,0.000,1.000,0,0,0,85,85,0,0,85,0.0,0.0,0.0,0.0,0.0,1.0,-1
"((dfa <= 0.914) U[0,2] (PLATELET_COUNT <= 145.923))
",0.000,-9999999.000,-9999999.000,0.000,1.000,0,0,0,85,85,0,0,85,0.0,0.0,0.0,0.0,0.0,1.0,-1
"F[1,2](BLOOD_UREA_NITROGEN <= 19.686 & CREATININE >= 0.804)
",0.000,-9999999.000,-9999999.000,0.000,1.000,0,0,0,85,85,0,0,85,0.0,0.0,0.0,0.0,0.0,1.0,-1
"F[2,2](n_edrk <= 0.992 & POTASSIUM >= 3.909)
",-1.087,0.007,0.077,0.000,1.000,0,0,0,85,85,0,0,85,0.0,0.0,0.0,0.0,0.0,1.0,-1
"F[0,2](BLOOD_UREA_NITROGEN <= 17.649 & CREATININE >= 0.823)
",0.000,-9999999.000,-9999999.000,0.000,1.000,0,0,0,85,85,0,0,85,0.0,0.0,0.0,0.0,0.0,1.0,-1
"((PHOSPHORUS <= 3.457) U[2,2] (Resp <= 20.659))
",0.292,3.802,2.744,0.000,1.000,0,0,0,85,85,0,0,85,0.0,0.0,0.0,0.0,0.0,1.0,-1
"((MET >= 0.019) U[0,2] (death = 0.047))
",0.000,-9999999.000,-9999999.000,0.000,1.000,0,0,0,85,85,0,0,85,0.0,0.0,0.0,0.0,0.0,1.0,-1
"F[0,2](BLOOD_UREA_NITROGEN <= 20.831 & CREATININE >= 0.868)
",0.000,-9999999.000,-9999999.000,0.000,1.000,0,0,0,85,85,0,0,85,0.0,0.0,0.0,0.0,0.0,1.0,-1
"F[0,2](BLOOD_UREA_NITROGEN <= 18.804 & CREATININE >= 0.806)
",0.000,-9999999.000,-9999999.000,0.000,1.000,0,0,0,85,85,0,0,85,0.0,0.0,0.0,0.0,0.0,1.0,-1
"F[2,2](PHOSPHORUS <= 3.439 | PLATELET_COUNT >= 114.843)
",-3.264,9.247,97.157,0.000,1.000,0,0,0,85,85,0,0,85,0.0,0.0,0.0,0.0,0.0,1.0,-1
"((MET >= 0.021) U[1,2] (death = 0.047))
",0.000,-9999999.000,-9999999.000,0.000,1.000,0,0,0,85,85,0,0,85,0.0,0.0,0.0,0.0,0.0,1.0,-1
"F[1,2](BLOOD_UREA_NITROGEN <= 20.447 & CREATININE >= 0.853)
",0.000,-9999999.000,-9999999.000,0.000,1.000,0,0,0,85,85,0,0,85,0.0,0.0,0.0,0.0,0.0,1.0,-1
"((ICU_Pt_Days < 4.573) U[0,2] (y = 0.592))
",0.000,-9999999.000,-9999999.000,0.000,1.000,0,0,0,85,85,0,0,85,0.0,0.0,0.0,0.0,0.0,1.0,-1
"((PLATELET_COUNT >= 119.773) U[2,2] (y = 0.317))
",-3.266,7.615,92.227,0.000,1.000,0,0,0,85,85,0,0,85,0.0,0.0,0.0,0.0,0.0,1.0,-1
"F[0,2](CALCIUM >= 8.741 & PHOSPHORUS <= 3.451)
",0.000,-9999999.000,-9999999.000,0.000,1.000,0,0,0,85,85,0,0,85,0.0,0.0,0.0,0.0,0.0,1.0,-1
"((OXYGEN_SATURATION > 94.700) U[1,2] (y = 0.373))
",0.000,-9999999.000,-9999999.000,0.000,1.000,0,0,0,85,85,0,0,85,0.0,0.0,0.0,0.0,0.0,1.0,-1
"((BLOOD_UREA_NITROGEN >= 14.408) U[2,2] (SBP <= 153.990))
",-0.496,30.676,40.562,0.000,1.000,0,0,0,85,85,0,0,85,0.0,0.0,0.0,0.0,0.0,1.0,-1
"((n_evts <= 0.389) U[2,2] (PLATELET_COUNT <= 143.168))
",3.095,27.530,-0.611,0.000,1.000,0,0,0,85,85,0,0,85,0.0,0.0,0.0,0.0,0.0,1.0,-1
"((MET >= 0.023) U[1,2] (death = 0.047))
",0.000,-9999999.000,-9999999.000,0.000,1.000,0,0,0,85,85,0,0,85,0.0,0.0,0.0,0.0,0.0,1.0,-1
"F[2,2](POTASSIUM >= 4.014 | Temp <= 37.276)
",0.343,0.825,0.518,0.000,1.000,0,0,0,85,85,0,0,85,0.0,0.0,0.0,0.0,0.0,1.0,-1
"F[2,2](death <= 0.780 -> HEMOGLOBIN <= 12.285)
",3.266,-0.892,-2.085,0.000,1.000,0,0,0,85,85,0,0,85,0.0,0.0,0.0,0.0,0.0,1.0,-1
"((MET >= 0.023) U[2,2] (death = 0.047))
",-0.408,-0.023,0.120,0.000,1.000,0,0,0,85,85,0,0,85,0.0,0.0,0.0,0.0,0.0,1.0,-1
"((tte < -0.052) U[0,2] (y = 0.471))
",0.000,-9999999.000,-9999999.000,0.000,1.000,0,0,0,85,85,0,0,85,0.0,0.0,0.0,0.0,0.0,1.0,-1
"((ALKALINE_PHOSPHATASE > 91.000) U[2,2] (y = 0.144))
",0.000,0.000,0.000,0.000,1.000,0,0,0,85,85,0,0,85,0.0,0.0,0.0,0.0,0.0,1.0,-1
"((Resp <= 20.189) U[2,2] (SBP <= 158.988))
",-0.496,35.674,45.560,0.000,1.000,0,0,0,85,85,0,0,85,0.0,0.0,0.0,0.0,0.0,1.0,-1
"((GLUCOSE <= 114.356) U[1,2] (O2_Flow >= 2.057))
",0.000,-9999999.000,-9999999.000,0.000,1.000,0,0,7,78,78,7,7,78,0.0,0.0,1.0,0.0,0.0,1.0,-1
"((s2_edrk >= -0.004) U[2,2] (s8_edrk <= 0.000))
",-0.520,0.004,0.005,0.000,1.000,0,0,0,85,85,0,0,85,0.0,0.0,0.0,0.0,0.0,1.0,-1
"((n_edrk >= 0.539) U[0,2] (SODIUM >= 137.313))
",0.000,-9999999.000,-9999999.000,0.000,1.000,0,0,0,85,85,0,0,85,0.0,0.0,0.0,0.0,0.0,1.0,-1
"((BLOOD_UREA_NITROGEN >= 15.358) U[2,2] (n_edrk <= 0.915))
",-1.090,2.538,5.642,0.000,1.000,0,0,0,85,85,0,0,85,0.0,0.0,0.0,0.0,0.0,1.0,-1
"F[0,2](MAGNESIUM <= 1.958 & SODIUM <= 137.746)
",0.000,-9999999.000,-9999999.000,0.000,1.000,0,0,0,85,85,0,0,85,0.0,0.0,0.0,0.0,0.0,1.0,-1
"((AF <= 0.018) U[1,2] (y = 0.335))
",0.000,-9999999.000,-9999999.000,0.000,1.000,0,0,0,85,85,0,0,85,0.0,0.0,0.0,0.0,0.0,1.0,-1
"((Glasgow_Coma_Scale_Total <= 14.985) U[1,2] (y = 0.710))
",0.000,-9999999.000,-9999999.000,0.000,1.000,0,0,0,85,85,0,0,85,0.0,0.0,0.0,0.0,0.0,1.0,-1
"F[2,2](HEMOGLOBIN <= 12.495 & SpO2 <= 98.126)
",-0.384,0.195,1.055,0.000,1.000,0,0,0,85,85,0,0,85,0.0,0.0,0.0,0.0,0.0,1.0,-1
"((n_edrk <= 0.953) U[2,2] (y = 0.721))
",-1.196,-0.019,0.439,0.000,1.000,0,0,0,85,85,0,0,85,0.0,0.0,0.0,0.0,0.0,1.0,-1
"((GLUCOSE <= 112.069) U[2,2] (y >= 0.080))
",0.952,8.144,0.492,0.000,1.000,0,0,0,85,85,0,0,85,0.0,0.0,0.0,0.0,0.0,1.0,-1
"F[0,2](BLOOD_UREA_NITROGEN <= 17.778 & CREATININE >= 0.845)
",0.000,-9999999.000,-9999999.000,0.000,1.000,0,0,0,85,85,0,0,85,0.0,0.0,0.0,0.0,0.0,1.0,-1
"((BLOOD_UREA_NITROGEN <= 17.766) U[1,2] (y >= 0.011))
",0.000,-9999999.000,-9999999.000,0.000,1.000,0,0,9,76,76,9,9,76,0.0,0.0,1.0,0.0,0.0,1.0,-1
"F[2,2](hr >= 50.429 | n_evts <= 0.435)
",-1.953,4.202,41.602,0.000,1.000,0,0,0,85,85,0,0,85,0.0,0.0,0.0,0.0,0.0,1.0,-1
"F[1,2](CALCIUM <= 8.813 & PLATELET_COUNT >= 112.305)
",0.000,-9999999.000,-9999999.000,0.000,1.000,0,0,0,85,85,0,0,85,0.0,0.0,0.0,0.0,0.0,1.0,-1
"((GLUCOSE >= 105.027) U[0,2] (HEMOGLOBIN >= 10.526))
",0.000,-9999999.000,-9999999.000,0.000,1.000,0,0,0,85,85,0,0,85,0.0,0.0,0.0,0.0,0.0,1.0,-1
"((HEMOGLOBIN >= 11.996) U[2,2] (SODIUM >= 137.385))
",3.233,0.560,-0.385,0.000,1.000,0,0,0,85,85,0,0,85,0.0,0.0,0.0,0.0,0.0,1.0,-1
"F[2,2](edrk <= 25.690 & SBP >= 80.311)
",0.124,9.399,8.507,0.000,1.000,0,0,0,85,85,0,0,85,0.0,0.0,0.0,0.0,0.0,1.0,-1
"F[2,2](Pulse <= 101.492 & y >= 0.020)
",0.297,-0.020,-1.376,0.000,1.000,0,0,0,85,85,0,0,85,0.0,0.0,0.0,0.0,0.0,1.0,-1
"((lds >= 0.839) U[0,2] (MAGNESIUM <= 1.872))
",0.000,-9999999.000,-9999999.000,0.000,1.000,0,0,0,85,85,0,0,85,0.0,0.0,0.0,0.0,0.0,1.0,-1
"F[2,2](LOS >= 2.670 | Pulse >= 54.237)
",-2.355,-0.162,32.049,0.000,1.000,0,0,0,85,85,0,0,85,0.0,0.0,0.0,0.0,0.0,1.0,-1
"((HEMOGLOBIN <= 12.662) U[2,2] (ICU_Pt_Days <= 2.763))
",2.449,2.763,2.505,0.000,1.000,0,0,0,85,85,0,0,85,0.0,0.0,0.0,0.0,0.0,1.0,-1
"((BLOOD_UREA_NITROGEN <= 18.452) U[2,2] (PHOSPHORUS <= 3.473))
",1.090,2.404,-0.027,0.000,1.000,0,0,0,85,85,0,0,85,0.0,0.0,0.0,0.0,0.0,1.0,-1
"F[2,2](CREATININE <= 1.004 | hr >= 51.968)
",-1.957,3.273,40.063,0.000,1.000,0,0,0,85,85,0,0,85,0.0,0.0,0.0,0.0,0.0,1.0,-1
"((BLOOD_UREA_NITROGEN >= 16.245) U[2,2] (hr <= 90.563))
",3.200,37.403,6.337,0.000,1.000,0,0,0,85,85,0,0,85,0.0,0.0,0.0,0.0,0.0,1.0,-1
"((CALCIUM >= 8.682) U[2,2] (lds >= 1.026))
",-0.235,0.347,0.586,0.000,1.000,0,0,0,85,85,0,0,85,0.0,0.0,0.0,0.0,0.0,1.0,-1
"((n_edrk <= 0.961) U[0,2] (PLATELET_COUNT <= 146.646))
",0.000,-9999999.000,-9999999.000,0.000,1.000,0,0,0,85,85,0,0,85,0.0,0.0,0.0,0.0,0.0,1.0,-1
"F[2,2](POTASSIUM >= 4.004 & TROPONIN_I <= 1.480)
",0.372,0.022,-0.004,0.000,1.000,0,0,0,85,85,0,0,85,0.0,0.0,0.0,0.0,0.0,1.0,-1
"((LOS >= 2.660) U[0,2] (PLATELET_COUNT <= 175.172))
",0.000,-9999999.000,-9999999.000,0.000,1.000,0,0,0,85,85,0,0,85,0.0,0.0,0.0,0.0,0.0,1.0,-1
"F[0,2](PLATELET_COUNT <= 145.322 & s8_hr >= -0.001)
",0.000,-9999999.000,-9999999.000,0.000,1.000,0,0,0,85,85,0,0,85,0.0,0.0,0.0,0.0,0.0,1.0,-1
"F[0,2](HEMOGLOBIN >= 11.890 & LOS <= 11.368)
",0.000,-9999999.000,-9999999.000,0.000,1.000,0,0,0,85,85,0,0,85,0.0,0.0,0.0,0.0,0.0,1.0,-1
"((Pulse >= 47.110) U[0,2] (TROPONIN_I >= 0.922))
",0.000,-9999999.000,-9999999.000,0.000,1.000,0,0,0,85,85,0,0,85,0.0,0.0,0.0,0.0,0.0,1.0,-1
"F[0,2](GLUCOSE <= 118.148 & ICU_Pt_Days >= 0.440)
",0.000,-9999999.000,-9999999.000,0.000,1.000,0,0,0,85,85,0,0,85,0.0,0.0,0.0,0.0,0.0,1.0,-1
"((direct <= 0.249) U[1,2] (TROPONIN_I >= 0.802))
",0.000,-9999999.000,-9999999.000,0.000,1.000,0,0,0,85,85,0,0,85,0.0,0.0,0.0,0.0,0.0,1.0,-1
"F[2,2](CO2 >= 24.510 | lds >= 0.269)
",-0.389,1.211,1.590,0.000,1.000,0,0,0,85,85,0,0,85,0.0,0.0,0.0,0.0,0.0,1.0,-1
"F[1,2](BLOOD_UREA_NITROGEN >= 16.941 -> n_evts <= 0.322)
",0.000,-9999999.000,-9999999.000,0.000,1.000,0,0,0,85,85,0,0,85,0.0,0.0,0.0,0.0,0.0,1.0,-1
"((MET <= 0.898) U[2,2] (WHITE_BLOOD_CELL_COUNT >= 6.374))
",-3.266,0.995,2.026,0.000,1.000,0,0,0,85,85,0,0,85,0.0,0.0,0.0,0.0,0.0,1.0,-1
"((MET >= 0.018) U[0,2] (death = 0.047))
",0.000,-9999999.000,-9999999.000,0.000,1.000,0,0,0,85,85,0,0,85,0.0,0.0,0.0,0.0,0.0,1.0,-1
"F[2,2](MAGNESIUM <= 1.984 -> Mort >= 0.018)
",0.688,-0.118,-0.554,0.000,1.000,0,0,0,85,85,0,0,85,0.0,0.0,0.0,0.0,0.0,1.0,-1
"((CALCIUM >= 8.696) U[2,2] (cosen <= 0.156))
",-0.285,2.070,2.300,0.000,1.000,0,0,0,85,85,0,0,85,0.0,0.0,0.0,0.0,0.0,1.0,-1
"((CREATININE <= 1.048) U[2,2] (lds >= 0.344))
",-0.439,0.763,1.268,0.000,1.000,0,0,0,85,85,0,0,85,0.0,0.0,0.0,0.0,0.0,1.0,-1
"((CREATININE <= 0.973) U[2,2] (n_evts <= 0.883))
",9007199254740985.000,0.883,-0.117,0.000,1.000,0,0,0,85,85,0,0,85,0.0,0.0,0.0,0.0,0.0,1.0,-1
"F[2,2](CALCIUM <= 8.883 & HEMOGLOBIN >= 11.217)
",2.921,0.049,-1.017,0.000,1.000,0,0,0,85,85,0,0,85,0.0,0.0,0.0,0.0,0.0,1.0,-1
"((GLUCOSE <= 109.168) U[1,2] (Mort >= 0.074))
",0.000,-9999999.000,-9999999.000,0.000,1.000,0,0,7,78,78,7,7,78,0.0,0.0,1.0,0.0,0.0,1.0,-1
"((CHLORIDE >= 102.202) U[2,2] (direct <= 0.592))
",0.978,2.990,0.252,0.000,1.000,0,0,0,85,85,0,0,85,0.0,0.0,0.0,0.0,0.0,1.0,-1
"((PLATELET_COUNT >= 124.596) U[2,2] (POTASSIUM >= 3.961))
",-3.266,7.553,87.404,0.000,1.000,0,0,0,85,85,0,0,85,0.0,0.0,0.0,0.0,0.0,1.0,-1
"((LOS >= 2.186) U[2,2] (srr >= 0.056))
",-1.068,0.079,4.129,0.000,1.000,0,0,0,85,85,0,0,85,0.0,0.0,0.0,0.0,0.0,1.0,-1
"((s8_hr >= -0.002) U[0,2] (WHITE_BLOOD_CELL_COUNT <= 7.476))
",0.000,-9999999.000,-9999999.000,0.000,1.000,0,0,0,85,85,0,0,85,0.0,0.0,0.0,0.0,0.0,1.0,-1
"F[2,2](CALCIUM >= 8.427 -> y <= 0.473)
",-1.155,-0.473,-0.473,0.000,1.000,0,0,0,85,85,0,0,85,0.0,0.0,0.0,0.0,0.0,1.0,-1
"F[2,2](direct >= 0.034 -> GLUCOSE <= 114.866)
",-0.987,-9.683,-0.394,0.000,1.000,0,0,0,85,85,0,0,85,0.0,0.0,0.0,0.0,0.0,1.0,-1
"((PHOSPHORUS <= 3.468) U[2,2] (y = 0.146))
",0.674,0.079,-0.032,0.000,1.000,0,0,0,85,85,0,0,85,0.0,0.0,0.0,0.0,0.0,1.0,-1
"G[0,1](n_evts <= 0.874 -> LOS >= 2.509)
",0.000,9999999.000,9999999.000,1.000,0.000,0,0,14,71,71,14,14,71,0.0,0.0,1.0,0.0,0.0,1.0,1
"F[2,2](CALCIUM < 8.839 -> y = 0.430)
",-0.893,-0.090,0.061,0.000,1.000,0,0,0,85,85,0,0,85,0.0,0.0,0.0,0.0,0.0,1.0,-1
"G[2,2](Glasgow_Coma_Scale_Total >= 14.424 | s8_edrk >= -0.006)
",0.408,0.576,0.493,1.000,0.000,0,0,85,0,0,85,85,0,0.0,0.0,1.0,0.0,0.0,1.0,1
"G[1,2](HEMOGLOBIN >= 11.810 -> lds >= 0.413)
",0.000,9999999.000,9999999.000,1.000,0.000,0,0,78,7,7,78,78,7,0.0,0.0,1.0,0.0,0.0,1.0,1
"G[2,2](ICU_Pt_Days >= 0.111 | Temp >= 35.695)
",-1.276,0.756,3.405,1.000,0.000,0,0,85,0,0,85,85,0,0.0,0.0,1.0,0.0,0.0,1.0,1
"G[0,2](ICU_Pt_Days >= 0.309 | LOS <= 11.774)
",0.000,9999999.000,9999999.000,1.000,0.000,0,0,85,0,0,85,85,0,0.0,0.0,1.0,0.0,0.0,1.0,1
"G[1,2](CALCIUM >= 8.649 & SODIUM <= 137.977)
",0.000,9999999.000,9999999.000,1.000,0.000,0,0,43,42,42,43,43,42,0.0,0.0,1.0,0.0,0.0,1.0,1
"G[1,2](n_evts >= 0.095 & SODIUM <= 137.509)
",0.000,9999999.000,9999999.000,1.000,0.000,0,0,14,71,71,14,14,71,0.0,0.0,1.0,0.0,0.0,1.0,1
"G[2,2](Resp <= 20.630 & Temp >= 36.142)
",0.329,0.309,-0.104,1.000,0.000,0,0,85,0,0,85,85,0,0.0,0.0,1.0,0.0,0.0,1.0,1
"G[2,2](death >= 0.045 | n_edrk >= 0.261)
",0.535,0.712,0.459,1.000,0.000,0,0,85,0,0,85,85,0,0.0,0.0,1.0,0.0,0.0,1.0,1
"G[1,2](O2_Flow >= 2.003 | SpO2 >= 88.512)
",0.000,9999999.000,9999999.000,1.000,0.000,0,0,85,0,0,85,85,0,0.0,0.0,1.0,0.0,0.0,1.0,1
"G[1,2](n_evts <= 0.296 -> LOS >= 2.286)
",0.000,9999999.000,9999999.000,1.000,0.000,0,0,14,71,71,14,14,71,0.0,0.0,1.0,0.0,0.0,1.0,1
"G[1,2](n_evts <= 0.186 -> LOS >= 2.232)
",0.000,9999999.000,9999999.000,1.000,0.000,0,0,14,71,71,14,14,71,0.0,0.0,1.0,0.0,0.0,1.0,1
"G[1,2](n_evts >= 0.106 & TROPONIN_I <= 1.262)
",0.000,9999999.000,9999999.000,1.000,0.000,0,0,14,71,71,14,14,71,0.0,0.0,1.0,0.0,0.0,1.0,1
"G[0,2](Resp <= 18.637 | SODIUM <= 137.588)
",0.000,9999999.000,9999999.000,1.000,0.000,0,0,85,0,0,85,85,0,0.0,0.0,1.0,0.0,0.0,1.0,1
"G[1,2](CALCIUM <= 8.856 -> CHLORIDE <= 105.196)
",0.000,9999999.000,9999999.000,1.000,0.000,0,0,49,36,36,49,49,36,0.0,0.0,1.0,0.0,0.0,1.0,1
"G[0,2](direct <= 0.152 | n_evts >= 0.059)
",0.000,9999999.000,9999999.000,1.000,0.000,0,0,85,0,0,85,85,0,0.0,0.0,1.0,0.0,0.0,1.0,1
"G[0,2](CO2 <= 25.186 -> TROPONIN_I <= 0.967)
",0.000,9999999.000,9999999.000,1.000,0.000,0,0,48,37,37,48,48,37,0.0,0.0,1.0,0.0,0.0,1.0,1
"G[2,2](cosen >= -2.572 -> srr >= 0.093)
",-0.285,-0.678,-0.427,1.000,0.000,0,0,85,0,0,85,85,0,0.0,0.0,1.0,0.0,0.0,1.0,1
"G[1,2](GLUCOSE <= 118.702 -> tte >= -0.972)
",0.000,9999999.000,9999999.000,1.000,0.000,0,0,85,0,0,85,85,0,0.0,0.0,1.0,0.0,0.0,1.0,1
"G[2,2](Resp >= 15.565 & TROPONIN_I <= 1.276)
",-0.209,0.100,0.533,1.000,0.000,0,0,85,0,0,85,85,0,0.0,0.0,1.0,0.0,0.0,1.0,1
"G[2,2](hr >= 48.515 -> Mort >= 0.078)
",1.938,-5.094,-43.517,1.000,0.000,0,0,85,0,0,85,85,0,0.0,0.0,1.0,0.0,0.0,1.0,1
"G[0,2](CREATININE <= 1.050 -> O2_Flow >= 2.177)
",0.000,9999999.000,9999999.000,1.000,0.000,0,0,43,42,42,43,43,42,0.0,0.0,1.0,0.0,0.0,1.0,1
"G[2,2](ICU_Pt_Days >= 0.254 | s2_edrk >= -0.001)
",-1.538,0.001,3.068,1.000,0.000,0,0,85,0,0,85,85,0,0.0,0.0,1.0,0.0,0.0,1.0,1
"G[1,2](hr >= 53.036 & Pulse >= 55.980)
",0.000,9999999.000,9999999.000,1.000,0.000,0,0,17,68,68,17,17,68,0.0,0.0,1.0,0.0,0.0,1.0,1
"G[0,2](WHITE_BLOOD_CELL_COUNT < 8.076 -> y = 0.500)
",0.000,9999999.000,9999999.000,1.000,0.000,0,0,20,65,65,20,20,65,0.0,0.0,1.0,0.0,0.0,1.0,1
"G[1,2](PHOSPHORUS <= 3.456 | POTASSIUM >= 3.960)
",0.000,9999999.000,9999999.000,1.000,0.000,0,0,85,0,0,85,85,0,0.0,0.0,1.0,0.0,0.0,1.0,1
"G[1,2](MAGNESIUM >= 1.770 | tte <= -0.141)
",0.000,9999999.000,9999999.000,1.000,0.000,0,0,49,36,36,49,49,36,0.0,0.0,1.0,0.0,0.0,1.0,1
"G[1,2](n_evts <= 0.716 -> LOS >= 2.110)
",0.000,9999999.000,9999999.000,1.000,0.000,0,0,14,71,71,14,14,71,0.0,0.0,1.0,0.0,0.0,1.0,1
"G[2,2](O2_Flow <= 6.689 & SODIUM <= 137.544)
",-1.090,0.001,0.544,1.000,0.000,0,0,85,0,0,85,85,0,0.0,0.0,1.0,0.0,0.0,1.0,1
"G[0,2](srr <= 0.266 | tte <= -0.147)
",0.000,9999999.000,9999999.000,1.000,0.000,0,0,78,7,7,78,78,7,0.0,0.0,1.0,0.0,0.0,1.0,1
"G[0,1](n_evts <= 0.175 -> LOS >= 2.631)
",0.000,9999999.000,9999999.000,1.000,0.000,0,0,14,71,71,14,14,71,0.0,0.0,1.0,0.0,0.0,1.0,1
"G[0,2](hr >= 56.840 & Pulse >= 51.920)
",0.000,9999999.000,9999999.000,1.000,0.000,0,0,24,61,61,24,24,61,0.0,0.0,1.0,0.0,0.0,1.0,1
"G[2,2](CREATININE >= 0.885 -> tte >= -3.716)
",-0.714,-3.716,-2.902,1.000,0.000,0,0,85,0,0,85,85,0,0.0,0.0,1.0,0.0,0.0,1.0,1
"G[2,2](hr >= 50.381 & Pulse >= 51.962)
",-2.232,-2.032,34.324,1.000,0.000,0,0,85,0,0,85,85,0,0.0,0.0,1.0,0.0,0.0,1.0,1
"G[1,2](n_evts <= 0.355 -> LOS >= 2.225)
",0.000,9999999.000,9999999.000,1.000,0.000,0,0,14,71,71,14,14,71,0.0,0.0,1.0,0.0,0.0,1.0,1
"G[1,2](hr >= 50.351 & Pulse >= 56.301)
",0.000,9999999.000,9999999.000,1.000,0.000,0,0,14,71,71,14,14,71,0.0,0.0,1.0,0.0,0.0,1.0,1
"G[0,2](n_evts <= 0.918 -> LOS >= 2.576)
",0.000,9999999.000,9999999.000,1.000,0.000,0,0,14,71,71,14,14,71,0.0,0.0,1.0,0.0,0.0,1.0,1
"G[1,2](hr >= 58.118 & Pulse >= 47.753)
",0.000,9999999.000,9999999.000,1.000,0.000,0,0,27,58,58,27,27,58,0.0,0.0,1.0,0.0,0.0,1.0,1
"G[1,2](hr >= 57.281 & PLATELET_COUNT >= 122.139)
",0.000,9999999.000,9999999.000,1.000,0.000,0,0,15,70,70,15,15,70,0.0,0.0,1.0,0.0,0.0,1.0,1
"G[2,2](direct <= 0.628 & Pulse >= 54.446)
",-0.887,-3.636,0.200,1.000,0.000,0,0,85,0,0,85,85,0,0.0,0.0,1.0,0.0,0.0,1.0,1
"F[2,2](CHLORIDE <= 107.622 & O2_Flow >= 2.088)
",-0.769,-0.204,0.912,0.000,1.000,0,0,0,85,85,0,0,85,0.0,0.0,0.0,0.0,0.0,1.0,-1
"G[2,2](n_evts <= 0.805 -> LOS >= 2.612)
",0.799,-0.805,-3.734,1.000,0.000,0,0,85,0,0,85,85,0,0.0,0.0,1.0,0.0,0.0,1.0,1
"G[0,2](GLUCOSE >= 103.006 | MAGNESIUM <= 1.965)
",0.000,9999999.000,9999999.000,1.000,0.000,0,0,85,0,0,85,85,0,0.0,0.0,1.0,0.0,0.0,1.0,1
"G[2,2](BLOOD_UREA_NITROGEN >= 16.962 | ICU_Pt_Days >= 0.054)
",-1.101,1.816,4.557,1.000,0.000,0,0,85,0,0,85,85,0,0.0,0.0,1.0,0.0,0.0,1.0,1
"G[0,2](AF >= 0.006 -> Pulse <= 107.597)
",0.000,9999999.000,9999999.000,1.000,0.000,0,0,85,0,0,85,85,0,0.0,0.0,1.0,0.0,0.0,1.0,1
"G[1,2](SODIUM <= 137.845 | WHITE_BLOOD_CELL_COUNT >= 6.842)
",0.000,9999999.000,9999999.000,1.000,0.000,0,0,43,42,42,43,43,42,0.0,0.0,1.0,0.0,0.0,1.0,1
"G[0,2](s24_hr <= 0.001 | s8_hr >= -0.004)
",0.000,9999999.000,9999999.000,1.000,0.000,0,0,85,0,0,85,85,0,0.0,0.0,1.0,0.0,0.0,1.0,1
"G[1,2](hr >= 58.320 & Pulse >= 52.643)
",0.000,9999999.000,9999999.000,1.000,0.000,0,0,24,61,61,24,24,61,0.0,0.0,1.0,0.0,0.0,1.0,1
"G[2,2](n_evts <= 0.642 -> LOS >= 2.695)
",0.815,-0.642,-3.639,1.000,0.000,0,0,85,0,0,85,85,0,0.0,0.0,1.0,0.0,0.0,1.0,1
"G[1,2](direct >= 0.054 | MAGNESIUM >= 1.794)
",0.000,9999999.000,9999999.000,1.000,0.000,0,0,49,36,36,49,49,36,0.0,0.0,1.0,0.0,0.0,1.0,1
"G[1,2](CHLORIDE <= 107.486 -> GLUCOSE >= 105.647)
",0.000,9999999.000,9999999.000,1.000,0.000,0,0,79,6,6,79,79,6,0.0,0.0,1.0,0.0,0.0,1.0,1
"G[0,2](s24_hr <= 0.001 | TROPONIN_I <= 1.347)
",0.000,9999999.000,9999999.000,1.000,0.000,0,0,85,0,0,85,85,0,0.0,0.0,1.0,0.0,0.0,1.0,1
"G[2,2](CALCIUM <= 8.825 -> O2_Flow <= 4.271)
",-0.792,-2.271,-1.458,1.000,0.000,0,0,85,0,0,85,85,0,0.0,0.0,1.0,0.0,0.0,1.0,1
"G[0,2](n_evts <= 0.758 -> LOS >= 2.488)
",0.000,9999999.000,9999999.000,1.000,0.000,0,0,14,71,71,14,14,71,0.0,0.0,1.0,0.0,0.0,1.0,1
"G[0,2](hr >= 50.362 & Pulse >= 56.377)
",0.000,9999999.000,9999999.000,1.000,0.000,0,0,14,71,71,14,14,71,0.0,0.0,1.0,0.0,0.0,1.0,1
"((TROPONIN_I >= 0.693) U[2,2] (tte <= -0.088))
",-0.162,0.529,0.781,0.000,1.000,0,0,0,85,85,0,0,85,0.0,0.0,0.0,0.0,0.0,1.0,-1
"F[2,2](cosen <= -0.809 & y = 0.347)
",0.389,-0.391,-0.522,0.000,1.000,0,0,0,85,85,0,0,85,0.0,0.0,0.0,0.0,0.0,1.0,-1
"((MET > 0.001) U[0,2] (y = 0.748))
",0.000,-9999999.000,-9999999.000,0.000,1.000,0,0,0,85,85,0,0,85,0.0,0.0,0.0,0.0,0.0,1.0,-1
"G[2,2](CHLORIDE >= 103.467 & CO2 <= 25.293)
",0.941,-0.255,-1.467,1.000,0.000,0,0,85,0,0,85,85,0,0.0,0.0,1.0,0.0,0.0,1.0,1
"G[2,2](AF >= 0.009 -> O2_Flow >= 2.152)
",0.753,0.009,-0.930,1.000,0.000,0,0,85,0,0,85,85,0,0.0,0.0,1.0,0.0,0.0,1.0,1
"G[0,2](s24_hr <= 0.001 | s2_hr <= 0.003)
",0.000,9999999.000,9999999.000,1.000,0.000,0,0,85,0,0,85,85,0,0.0,0.0,1.0,0.0,0.0,1.0,1
"G[2,2](LOS >= 2.711 -> MAGNESIUM <= 1.887)
",0.963,-0.021,-3.660,1.000,0.000,0,0,85,0,0,85,85,0,0.0,0.0,1.0,0.0,0.0,1.0,1
"G[2,2](MET >= 0.009 & Pulse >= 49.403)
",-0.730,-1.252,0.134,1.000,0.000,0,0,85,0,0,85,85,0,0.0,0.0,1.0,0.0,0.0,1.0,1
"G[1,2](CREATININE >= 0.875 & PHOSPHORUS >= 3.297)
",0.000,9999999.000,9999999.000,1.000,0.000,0,0,43,42,42,43,43,42,0.0,0.0,1.0,0.0,0.0,1.0,1
"G[2,2](CALCIUM >= 8.462 | GLUCOSE <= 118.546)
",1.090,11.897,0.438,1.000,0.000,0,0,85,0,0,85,85,0,0.0,0.0,1.0,0.0,0.0,1.0,1
"G[1,2](CO2 <= 25.757 -> SODIUM <= 137.912)
",0.000,9999999.000,9999999.000,1.000,0.000,0,0,49,36,36,49,49,36,0.0,0.0,1.0,0.0,0.0,1.0,1
"G[1,2](CREATININE <= 0.972 -> Mort <= 0.898)
",0.000,9999999.000,9999999.000,1.000,0.000,0,0,85,0,0,85,85,0,0.0,0.0,1.0,0.0,0.0,1.0,1
"G[0,2](edrk >= 13.502 | Mort <= 0.297)
",0.000,9999999.000,9999999.000,1.000,0.000,0,0,85,0,0,85,85,0,0.0,0.0,1.0,0.0,0.0,1.0,1
"G[1,2](GLUCOSE <= 109.565 -> y = 0.722)
",0.000,9999999.000,9999999.000,1.000,0.000,0,0,43,42,42,43,43,42,0.0,0.0,1.0,0.0,0.0,1.0,1
"G[2,2](MAGNESIUM <= 1.953 -> y = 0.173)
",-0.964,-0.087,0.047,1.000,0.000,0,0,85,0,0,85,85,0,0.0,0.0,1.0,0.0,0.0,1.0,1
"G[2,2](GLUCOSE <= 117.759 -> SODIUM <= 137.729)
",-1.090,-11.603,-0.729,1.000,0.000,0,0,85,0,0,85,85,0,0.0,0.0,1.0,0.0,0.0,1.0,1
"G[1,2](s24_hr >= -0.002 & srr <= 0.182)
",0.000,9999999.000,9999999.000,1.000,0.000,0,0,66,19,19,66,66,19,0.0,0.0,1.0,0.0,0.0,1.0,1
"G[1,2](cosen <= -0.570 | GLUCOSE <= 111.870)
",0.000,9999999.000,9999999.000,1.000,0.000,0,0,83,2,2,83,83,2,0.0,0.0,1.0,0.0,0.0,1.0,1
"G[0,2](cosen >= -2.244 -> SODIUM <= 137.604)
",0.000,9999999.000,9999999.000,1.000,0.000,0,0,54,31,31,54,54,31,0.0,0.0,1.0,0.0,0.0,1.0,1
"G[0,2](CREATININE <= 0.983 -> LOS <= 8.252)
",0.000,9999999.000,9999999.000,1.000,0.000,0,0,85,0,0,85,85,0,0.0,0.0,1.0,0.0,0.0,1.0,1
"G[0,2](CREATININE <= 1.048 | TROPONIN_I <= 1.131)
",0.000,9999999.000,9999999.000,1.000,0.000,0,0,72,13,13,72,72,13,0.0,0.0,1.0,0.0,0.0,1.0,1
"G[0,2](BLOOD_UREA_NITROGEN >= 16.086 -> SODIUM <= 137.879)
",0.000,9999999.000,9999999.000,1.000,0.000,0,0,85,0,0,85,85,0,0.0,0.0,1.0,0.0,0.0,1.0,1
"G[2,2](dfa <= 0.807 -> s8_edrk <= 0.004)
",0.762,-0.042,-0.202,1.000,0.000,0,0,85,0,0,85,85,0,0.0,0.0,1.0,0.0,0.0,1.0,1
"((Pulse <= 96.672) U[2,2] (s8_hr >= -0.004))
",2.726,45.729,12.862,0.000,1.000,0,0,0,85,85,0,0,85,0.0,0.0,0.0,0.0,0.0,1.0,-1
