Rule,Discrimination Score,Pos Robustness,Neg Robustness,Percent Class +,Percent Class -,TP,TN,FP,FN,Actual Yes,Actual No,Predicted Yes,Predicted No,TPR/Sens,TNR/Spec,FPR,Precision,Accuracy,MCR
"F[0,1](SBP <= 151.332 -> y >= 0.038)
",0.000,-9999999.000,-9999999.000,0.000,1.000,79,53,5,0,79,58,84,53,1.0,0.9137931034482759,0.08620689655172414,0.9404761904761905,0.9635036496350365,0.03649635036496346
"F[0,1](GLUCOSE <= 129.568 & WHITE_BLOOD_CELL_COUNT >= 3.864)
",0.000,-9999999.000,-9999999.000,0.000,1.000,48,58,0,31,79,58,48,89,0.6075949367088608,1.0,0.0,1.0,0.7737226277372263,0.22627737226277367
"((AF >= 0.002) U[0,0] (PLATELET_COUNT >= 137.495))
",0.030,21.424,19.471,0.000,1.000,48,58,0,31,79,58,48,89,0.6075949367088608,1.0,0.0,1.0,0.7737226277372263,0.22627737226277367
"((LOS >= 2.552) U[0,1] (MAGNESIUM <= 2.299))
",0.000,-9999999.000,-9999999.000,0.000,1.000,49,56,2,30,79,58,51,86,0.620253164556962,0.9655172413793104,0.034482758620689655,0.9607843137254902,0.7664233576642335,0.23357664233576647
"F[0,1](MAGNESIUM <= 2.380 & WHITE_BLOOD_CELL_COUNT >= 3.713)
",0.000,-9999999.000,-9999999.000,0.000,1.000,49,56,2,30,79,58,51,86,0.620253164556962,0.9655172413793104,0.034482758620689655,0.9607843137254902,0.7664233576642335,0.23357664233576647
"((MAGNESIUM <= 2.260) U[1,2] (SODIUM >= 130.783))
",0.000,-9999999.000,-9999999.000,0.000,1.000,49,56,0,32,81,56,49,88,0.6049382716049383,1.0,0.0,1.0,0.7664233576642335,0.23357664233576647
"F[0,1](MAGNESIUM <= 2.300 & O2_Flow >= 2.148)
",0.000,-9999999.000,-9999999.000,0.000,1.000,49,49,9,30,79,58,58,79,0.620253164556962,0.8448275862068966,0.15517241379310345,0.8448275862068966,0.7153284671532847,0.2846715328467153
"((MAGNESIUM <= 2.347) U[0,1] (srr >= 0.022))
",0.000,-9999999.000,-9999999.000,0.000,1.000,70,25,33,9,79,58,103,34,0.8860759493670886,0.43103448275862066,0.5689655172413793,0.6796116504854369,0.6934306569343066,0.3065693430656934
"((HEMOGLOBIN <= 14.991) U[0,1] (n_edrk <= 0.963))
",0.000,-9999999.000,-9999999.000,0.000,1.000,78,14,44,1,79,58,122,15,0.9873417721518988,0.2413793103448276,0.7586206896551724,0.639344262295082,0.6715328467153284,0.3284671532846716
"((AF <= 0.311) U[0,1] (MET <= 0.963))
",0.000,-9999999.000,-9999999.000,0.000,1.000,79,12,46,0,79,58,125,12,1.0,0.20689655172413793,0.7931034482758621,0.632,0.6642335766423357,0.33576642335766427
"((HEMOGLOBIN <= 15.560) U[0,1] (PHOSPHORUS >= 3.799))
",0.000,-9999999.000,-9999999.000,0.000,1.000,47,44,14,32,79,58,61,76,0.5949367088607594,0.7586206896551724,0.2413793103448276,0.7704918032786885,0.6642335766423357,0.33576642335766427
"((dfa >= 0.263) U[0,1] (MET <= 0.927))
",0.000,-9999999.000,-9999999.000,0.000,1.000,79,12,46,0,79,58,125,12,1.0,0.20689655172413793,0.7931034482758621,0.632,0.6642335766423357,0.33576642335766427
"((CALCIUM >= 9.082) U[0,1] (LOS >= 3.084))
",0.000,-9999999.000,-9999999.000,0.000,1.000,79,12,46,0,79,58,125,12,1.0,0.20689655172413793,0.7931034482758621,0.632,0.6642335766423357,0.33576642335766427
"F[0,1](death <= 0.961 & edrk <= 28.158)
",0.000,-9999999.000,-9999999.000,0.000,1.000,79,10,48,0,79,58,127,10,1.0,0.1724137931034483,0.8275862068965517,0.6220472440944882,0.6496350364963503,0.35036496350364965
"F[0,1](death <= 0.988 & PHOSPHORUS <= 4.331)
",0.000,-9999999.000,-9999999.000,0.000,1.000,79,10,48,0,79,58,127,10,1.0,0.1724137931034483,0.8275862068965517,0.6220472440944882,0.6496350364963503,0.35036496350364965
"F[0,1](death <= 0.939 & n_edrk <= 0.965)
",0.000,-9999999.000,-9999999.000,0.000,1.000,79,10,48,0,79,58,127,10,1.0,0.1724137931034483,0.8275862068965517,0.6220472440944882,0.6496350364963503,0.35036496350364965
"((s2_edrk >= -0.001) U[0,1] (srr >= 0.016))
",0.000,-9999999.000,-9999999.000,0.000,1.000,63,26,32,16,79,58,95,42,0.7974683544303798,0.4482758620689655,0.5517241379310345,0.6631578947368421,0.6496350364963503,0.35036496350364965
"((Pulse <= 149.346) U[0,0] (s24_edrk <= 0.000))
",-0.278,40.286,47.208,0.000,1.000,63,26,32,16,79,58,95,42,0.7974683544303798,0.4482758620689655,0.5517241379310345,0.6631578947368421,0.6496350364963503,0.35036496350364965
"((cosen <= -2.130) U[0,1] (direct >= 0.021))
",0.000,-9999999.000,-9999999.000,0.000,1.000,79,7,51,0,79,58,130,7,1.0,0.1206896551724138,0.8793103448275862,0.6076923076923076,0.6277372262773723,0.3722627737226277
"((CALCIUM >= 9.131) U[0,1] (Mort <= 0.979))
",0.000,-9999999.000,-9999999.000,0.000,1.000,79,7,51,0,79,58,130,7,1.0,0.1206896551724138,0.8793103448275862,0.6076923076923076,0.6277372262773723,0.3722627737226277
"((CALCIUM >= 8.971) U[0,0] (MAGNESIUM <= 2.421))
",-1.138,0.324,0.648,0.000,1.000,24,58,0,55,79,58,24,113,0.3037974683544304,1.0,0.0,1.0,0.5985401459854015,0.4014598540145985
"F[0,1](LOS >= 2.056 -> PHOSPHORUS <= 4.321)
",0.000,-9999999.000,-9999999.000,0.000,1.000,26,56,2,53,79,58,28,109,0.3291139240506329,0.9655172413793104,0.034482758620689655,0.9285714285714286,0.5985401459854015,0.4014598540145985
"((tte >= -1.830) U[1,1] (WHITE_BLOOD_CELL_COUNT <= 7.964))
",-0.031,3.061,3.167,0.000,1.000,38,44,14,41,79,58,52,85,0.4810126582278481,0.7586206896551724,0.2413793103448276,0.7307692307692307,0.5985401459854015,0.4014598540145985
"F[1,1](AF >= 0.001 & TROPONIN_I <= 0.077)
",-0.697,-0.003,-0.002,0.000,1.000,79,2,56,0,79,58,135,2,1.0,0.034482758620689655,0.9655172413793104,0.5851851851851851,0.5912408759124088,0.4087591240875912
"((death <= 0.975) U[1,1] (HEMOGLOBIN >= 10.530))
",-0.123,4.169,4.778,0.000,1.000,79,0,58,0,79,58,137,0,1.0,0.0,1.0,0.5766423357664233,0.5766423357664233,0.4233576642335767
"((BLOOD_UREA_NITROGEN <= 77.946) U[1,1] (Temp >= 35.615))
",0.044,17.997,15.906,0.000,1.000,25,54,4,54,79,58,29,108,0.31645569620253167,0.9310344827586207,0.06896551724137931,0.8620689655172413,0.5766423357664233,0.4233576642335767
"((MAGNESIUM <= 2.433) U[1,1] (n_edrk >= 0.109))
",0.454,0.890,0.817,0.000,1.000,24,55,3,55,79,58,27,110,0.3037974683544304,0.9482758620689655,0.05172413793103448,0.8888888888888888,0.5766423357664233,0.4233576642335767
"((ICU_Pt_Days <= 2.899) U[0,1] (y = 0.810))
",0.000,-9999999.000,-9999999.000,0.000,1.000,79,0,58,0,79,58,137,0,1.0,0.0,1.0,0.5766423357664233,0.5766423357664233,0.4233576642335767
"F[0,0](CREATININE >= 1.108 & HEMOGLOBIN <= 16.068)
",0.540,-0.202,-0.409,0.000,1.000,79,0,58,0,79,58,137,0,1.0,0.0,1.0,0.5766423357664233,0.5766423357664233,0.4233576642335767
"((s8_edrk <= 0.001) U[1,1] (y = 0.402))
",-0.089,0.001,0.001,0.000,1.000,79,0,58,0,79,58,137,0,1.0,0.0,1.0,0.5766423357664233,0.5766423357664233,0.4233576642335767
"((s8_hr <= 0.007) U[0,1] (y = 0.788))
",0.000,-9999999.000,-9999999.000,0.000,1.000,79,0,58,0,79,58,137,0,1.0,0.0,1.0,0.5766423357664233,0.5766423357664233,0.4233576642335767
"F[0,1](TOTAL_PROTEIN <= 6.300 & y = 0.383)
",0.000,-9999999.000,-9999999.000,0.000,1.000,79,0,58,0,79,58,137,0,1.0,0.0,1.0,0.5766423357664233,0.5766423357664233,0.4233576642335767
"((TOTAL_BILIRUBIN >= 0.700) U[1,1] (y = 0.509))
",0.000,0.000,0.000,0.000,1.000,79,0,58,0,79,58,137,0,1.0,0.0,1.0,0.5766423357664233,0.5766423357664233,0.4233576642335767
"F[1,1](MET > 0.866 & y = 0.846)
",-1.889,-0.846,-0.301,0.000,1.000,79,0,58,0,79,58,137,0,1.0,0.0,1.0,0.5766423357664233,0.5766423357664233,0.4233576642335767
"F[0,0](CALCIUM >= 9.101 & MET <= 0.959)
",-0.046,-0.086,-0.080,0.000,1.000,79,0,58,0,79,58,137,0,1.0,0.0,1.0,0.5766423357664233,0.5766423357664233,0.4233576642335767
"F[0,1](GLUCOSE <= 120.026 & tte >= -3.860)
",0.000,-9999999.000,-9999999.000,0.000,1.000,23,56,2,56,79,58,25,112,0.2911392405063291,0.9655172413793104,0.034482758620689655,0.92,0.5766423357664233,0.4233576642335767
"F[1,1](WHITE_BLOOD_CELL_COUNT > 4.921 & y = 0.825)
",-0.894,-1.250,-0.693,0.000,1.000,79,0,58,0,79,58,137,0,1.0,0.0,1.0,0.5766423357664233,0.5766423357664233,0.4233576642335767
"((Pulse <= 145.697) U[0,1] (y = 0.849))
",0.000,-9999999.000,-9999999.000,0.000,1.000,79,0,58,0,79,58,137,0,1.0,0.0,1.0,0.5766423357664233,0.5766423357664233,0.4233576642335767
"F[0,1](CO2 <= 25.124 & death <= 0.948)
",0.000,-9999999.000,-9999999.000,0.000,1.000,79,0,58,0,79,58,137,0,1.0,0.0,1.0,0.5766423357664233,0.5766423357664233,0.4233576642335767
"F[0,0](PLATELET_COUNT < 164.041 & y = 0.483)
",-0.046,-13.874,-11.968,0.000,1.000,79,0,58,0,79,58,137,0,1.0,0.0,1.0,0.5766423357664233,0.5766423357664233,0.4233576642335767
"((edrk <= 33.433) U[0,0] (y = 0.500))
",-0.138,8.641,9.761,0.000,1.000,79,0,58,0,79,58,137,0,1.0,0.0,1.0,0.5766423357664233,0.5766423357664233,0.4233576642335767
"((MET >= 0.889) U[0,0] (death = 0.927))
",0.475,0.111,-0.068,0.000,1.000,79,0,58,0,79,58,137,0,1.0,0.0,1.0,0.5766423357664233,0.5766423357664233,0.4233576642335767
"((MET >= 0.768) U[1,1] (death = 0.927))
",0.485,0.232,0.049,0.000,1.000,79,0,58,0,79,58,137,0,1.0,0.0,1.0,0.5766423357664233,0.5766423357664233,0.4233576642335767
"((af >= 0.003) U[1,2] (y <= 0.564))
",0.000,-9999999.000,-9999999.000,0.000,1.000,79,0,5,53,132,5,84,53,0.5984848484848485,0.0,1.0,0.9404761904761905,0.5766423357664233,0.4233576642335767
"F[0,1](BLOOD_UREA_NITROGEN <= 66.046 & CREATININE >= 1.135)
",0.000,-9999999.000,-9999999.000,0.000,1.000,79,0,58,0,79,58,137,0,1.0,0.0,1.0,0.5766423357664233,0.5766423357664233,0.4233576642335767
"((MET >= 0.754) U[0,0] (death = 0.927))
",0.486,0.246,0.062,0.000,1.000,79,0,58,0,79,58,137,0,1.0,0.0,1.0,0.5766423357664233,0.5766423357664233,0.4233576642335767
"((MET >= 0.223) U[0,0] (death = 0.927))
",0.510,0.777,0.575,0.000,1.000,79,0,58,0,79,58,137,0,1.0,0.0,1.0,0.5766423357664233,0.5766423357664233,0.4233576642335767
"((MET >= 0.621) U[1,1] (death = 0.927))
",0.495,0.379,0.191,0.000,1.000,79,0,58,0,79,58,137,0,1.0,0.0,1.0,0.5766423357664233,0.5766423357664233,0.4233576642335767
"F[0,1](GLUCOSE > 95.438 & y = 0.084)
",0.000,-9999999.000,-9999999.000,0.000,1.000,79,0,58,0,79,58,137,0,1.0,0.0,1.0,0.5766423357664233,0.5766423357664233,0.4233576642335767
"((tte < -0.757) U[0,1] (y = 0.623))
",0.000,-9999999.000,-9999999.000,0.000,1.000,79,0,58,0,79,58,137,0,1.0,0.0,1.0,0.5766423357664233,0.5766423357664233,0.4233576642335767
"((Glasgow_Coma_Scale_Total <= 14.982) U[1,1] (Resp >= 14.146))
",-0.027,5.905,6.065,0.000,1.000,79,0,58,0,79,58,137,0,1.0,0.0,1.0,0.5766423357664233,0.5766423357664233,0.4233576642335767
"((hr <= 157.612) U[0,1] (s8_edrk <= 0.000))
",0.000,-9999999.000,-9999999.000,0.000,1.000,43,34,24,36,79,58,67,70,0.5443037974683544,0.5862068965517241,0.41379310344827586,0.6417910447761194,0.5620437956204379,0.43795620437956206
"((hr <= 109.383) U[1,2] (SODIUM <= 135.656))
",0.000,-9999999.000,-9999999.000,0.000,1.000,47,29,15,46,93,44,62,75,0.5053763440860215,0.6590909090909091,0.3409090909090909,0.7580645161290323,0.5547445255474452,0.44525547445255476
"F[0,1](BLOOD_UREA_NITROGEN >= 29.529 | Glasgow_Coma_Scale_Total <= 14.986)
",0.000,-9999999.000,-9999999.000,0.000,1.000,24,48,10,55,79,58,34,103,0.3037974683544304,0.8275862068965517,0.1724137931034483,0.7058823529411765,0.5255474452554745,0.4744525547445255
"F[1,1](Temp >= 35.632 -> WHITE_BLOOD_CELL_COUNT >= 4.240)
",-0.107,-1.836,-1.517,0.000,1.000,55,17,41,24,79,58,96,41,0.6962025316455697,0.29310344827586204,0.7068965517241379,0.5729166666666666,0.5255474452554745,0.4744525547445255
"F[0,1](Glasgow_Coma_Scale_Total <= 14.995 | HEMOGLOBIN >= 14.058)
",0.000,-9999999.000,-9999999.000,0.000,1.000,23,48,10,56,79,58,33,104,0.2911392405063291,0.8275862068965517,0.1724137931034483,0.696969696969697,0.5182481751824818,0.4817518248175182
"((CHLORIDE >= 96.989) U[0,1] (PLATELET_COUNT >= 141.603))
",0.000,-9999999.000,-9999999.000,0.000,1.000,54,17,41,25,79,58,95,42,0.6835443037974683,0.29310344827586204,0.7068965517241379,0.5684210526315789,0.5182481751824818,0.4817518248175182
"F[0,0](GLUCOSE <= 123.242 & PLATELET_COUNT >= 140.544)
",-0.430,-3.485,0.197,0.000,1.000,54,16,42,25,79,58,96,41,0.6835443037974683,0.27586206896551724,0.7241379310344828,0.5625,0.5109489051094891,0.4890510948905109
"F[1,1](n_edrk <= 0.968 | WHITE_BLOOD_CELL_COUNT >= 4.920)
",0.046,0.959,0.816,0.000,1.000,56,14,44,23,79,58,100,37,0.7088607594936709,0.2413793103448276,0.7586206896551724,0.56,0.5109489051094891,0.4890510948905109
"F[0,1](SODIUM <= 135.691 -> y = 0.128)
",0.000,-9999999.000,-9999999.000,0.000,1.000,55,14,44,24,79,58,99,38,0.6962025316455697,0.2413793103448276,0.7586206896551724,0.5555555555555556,0.5036496350364964,0.4963503649635036
"F[0,1]((af <= 0.581 | AF <= 0.056) & cosen >= -2.300)
",0.000,-9999999.000,-9999999.000,0.000,1.000,12,56,2,67,79,58,14,123,0.1518987341772152,0.9655172413793104,0.034482758620689655,0.8571428571428571,0.49635036496350365,0.5036496350364963
"((Glasgow_Coma_Scale_Total <= 14.991) U[0,1] (SODIUM <= 133.146))
",0.000,-9999999.000,-9999999.000,0.000,1.000,24,44,14,55,79,58,38,99,0.3037974683544304,0.7586206896551724,0.2413793103448276,0.631578947368421,0.49635036496350365,0.5036496350364963
"((hr >= 102.254) U[0,0] (PROTIME_INR >= 1.578))
",0.278,9.744,4.807,0.000,1.000,24,44,14,55,79,58,38,99,0.3037974683544304,0.7586206896551724,0.2413793103448276,0.631578947368421,0.49635036496350365,0.5036496350364963
"((BLOOD_UREA_NITROGEN >= 49.425) U[1,2] (ICU_Pt_Days <= 0.338))
",0.000,-9999999.000,-9999999.000,0.000,1.000,24,44,2,67,91,46,26,111,0.26373626373626374,0.9565217391304348,0.043478260869565216,0.9230769230769231,0.49635036496350365,0.5036496350364963
"F[1,1](CHLORIDE <= 100.212 & Pulse <= 169.044)
",-0.565,-0.018,2.040,0.000,1.000,24,44,14,55,79,58,38,99,0.3037974683544304,0.7586206896551724,0.2413793103448276,0.631578947368421,0.49635036496350365,0.5036496350364963
"((MAGNESIUM >= 2.178) U[1,2] (SBP <= 169.028))
",0.000,-9999999.000,-9999999.000,0.000,1.000,24,44,12,57,81,56,36,101,0.2962962962962963,0.7857142857142857,0.21428571428571427,0.6666666666666666,0.49635036496350365,0.5036496350364963
"((BLOOD_UREA_NITROGEN <= 65.638) U[1,2] (O2_Flow <= 6.256))
",0.000,-9999999.000,-9999999.000,0.000,1.000,55,13,44,25,80,57,99,38,0.6875,0.22807017543859648,0.7719298245614035,0.5555555555555556,0.49635036496350365,0.5036496350364963
"F[0,1](BLOOD_UREA_NITROGEN < 60.679 -> y = 0.859)
",0.000,-9999999.000,-9999999.000,0.000,1.000,24,44,14,55,79,58,38,99,0.3037974683544304,0.7586206896551724,0.2413793103448276,0.631578947368421,0.49635036496350365,0.5036496350364963
"F[0,0](CO2 <= 25.490 & Glasgow_Coma_Scale_Total >= 14.397)
",-0.046,0.289,0.335,0.000,1.000,24,44,14,55,79,58,38,99,0.3037974683544304,0.7586206896551724,0.2413793103448276,0.631578947368421,0.49635036496350365,0.5036496350364963
"((CO2 <= 25.233) U[1,2] (edrk >= 12.224))
",0.000,-9999999.000,-9999999.000,0.000,1.000,24,44,13,56,80,57,37,100,0.3,0.7719298245614035,0.22807017543859648,0.6486486486486487,0.49635036496350365,0.5036496350364963
"((MET >= 0.581) U[0,0] (SODIUM <= 135.675))
",-0.232,2.629,3.544,0.000,1.000,24,44,14,55,79,58,38,99,0.3037974683544304,0.7586206896551724,0.2413793103448276,0.631578947368421,0.49635036496350365,0.5036496350364963
"F[0,1](dfa >= 0.081 & PLATELET_COUNT <= 203.435)
",0.000,-9999999.000,-9999999.000,0.000,1.000,23,44,14,56,79,58,37,100,0.2911392405063291,0.7586206896551724,0.2413793103448276,0.6216216216216216,0.48905109489051096,0.5109489051094891
"((srr <= 0.048) U[0,1] (WHITE_BLOOD_CELL_COUNT <= 5.948))
",0.000,-9999999.000,-9999999.000,0.000,1.000,23,44,14,56,79,58,37,100,0.2911392405063291,0.7586206896551724,0.2413793103448276,0.6216216216216216,0.48905109489051096,0.5109489051094891
"((BLOOD_UREA_NITROGEN >= 57.954) U[1,2] (n_edrk >= 0.722))
",0.000,-9999999.000,-9999999.000,0.000,1.000,23,44,6,64,87,50,29,108,0.26436781609195403,0.88,0.12,0.7931034482758621,0.48905109489051096,0.5109489051094891
"((Glasgow_Coma_Scale_Total <= 14.982) U[0,1] (PLATELET_COUNT <= 163.132))
",0.000,-9999999.000,-9999999.000,0.000,1.000,23,44,14,56,79,58,37,100,0.2911392405063291,0.7586206896551724,0.2413793103448276,0.6216216216216216,0.48905109489051096,0.5109489051094891
"F[0,1](CREATININE >= 1.365 & PHOSPHORUS <= 4.820)
",0.000,-9999999.000,-9999999.000,0.000,1.000,25,42,16,54,79,58,41,96,0.31645569620253167,0.7241379310344828,0.27586206896551724,0.6097560975609756,0.48905109489051096,0.5109489051094891
"F[1,1](PROTIME_INR >= 1.355 & tte >= -2.737)
",-0.182,0.332,0.514,0.000,1.000,23,44,14,56,79,58,37,100,0.2911392405063291,0.7586206896551724,0.2413793103448276,0.6216216216216216,0.48905109489051096,0.5109489051094891
"F[1,1](O2_Flow >= 2.261 & PLATELET_COUNT <= 175.830)
",-0.042,-8.799,-7.411,0.000,1.000,23,44,14,56,79,58,37,100,0.2911392405063291,0.7586206896551724,0.2413793103448276,0.6216216216216216,0.48905109489051096,0.5109489051094891
"((CO2 <= 25.645) U[1,2] (WHITE_BLOOD_CELL_COUNT >= 3.883))
",0.000,-9999999.000,-9999999.000,0.000,1.000,23,44,14,56,79,58,37,100,0.2911392405063291,0.7586206896551724,0.2413793103448276,0.6216216216216216,0.48905109489051096,0.5109489051094891
"((hr <= 150.236) U[0,1] (PLATELET_COUNT <= 167.452))
",0.000,-9999999.000,-9999999.000,0.000,1.000,23,44,14,56,79,58,37,100,0.2911392405063291,0.7586206896551724,0.2413793103448276,0.6216216216216216,0.48905109489051096,0.5109489051094891
"F[0,0]((af <= 0.056 | AF <= 0.166) & cosen >= -2.311)
",0.055,0.094,0.087,0.000,1.000,13,54,4,66,79,58,17,120,0.16455696202531644,0.9310344827586207,0.06896551724137931,0.7647058823529411,0.48905109489051096,0.5109489051094891
"F[0,0](BLOOD_UREA_NITROGEN <= 81.896 & CREATININE >= 1.104)
",0.022,0.124,0.075,0.000,1.000,25,42,16,54,79,58,41,96,0.31645569620253167,0.7241379310344828,0.27586206896551724,0.6097560975609756,0.48905109489051096,0.5109489051094891
"F[1,1](direct >= 0.007 | SpO2 <= 98.560)
",0.182,3.154,2.585,0.000,1.000,7,58,0,72,79,58,7,130,0.08860759493670886,1.0,0.0,1.0,0.4744525547445255,0.5255474452554745
"F[0,1]((af <= 0.396 | AF <= 0.371) & cosen >= -2.363)
",0.000,-9999999.000,-9999999.000,0.000,1.000,4,58,0,75,79,58,4,133,0.05063291139240506,1.0,0.0,1.0,0.45255474452554745,0.5474452554744526
"F[0,1]((af <= 0.660 | AF <= 0.265) & cosen >= -2.373)
",0.000,-9999999.000,-9999999.000,0.000,1.000,2,58,0,77,79,58,2,135,0.02531645569620253,1.0,0.0,1.0,0.43795620437956206,0.5620437956204379
"((dfa >= 0.198) U[0,0] (hr <= 135.719))
",-0.323,25.668,31.882,0.000,1.000,1,58,0,78,79,58,1,136,0.012658227848101266,1.0,0.0,1.0,0.4306569343065693,0.5693430656934306
"F[1,1](MAGNESIUM >= 2.113 | PLATELET_COUNT >= 138.221)
",0.035,21.348,19.089,0.000,1.000,1,58,0,78,79,58,1,136,0.012658227848101266,1.0,0.0,1.0,0.4306569343065693,0.5693430656934306
"((POTASSIUM <= 4.334) U[0,0] (s2_hr <= 0.006))
",-0.662,0.292,0.468,0.000,1.000,1,58,0,78,79,58,1,136,0.012658227848101266,1.0,0.0,1.0,0.4306569343065693,0.5693430656934306
"F[0,1](Mort <= 0.975 -> n_edrk <= 0.943)
",0.000,-9999999.000,-9999999.000,0.000,1.000,0,58,0,79,79,58,0,137,0.0,1.0,0.0,0.0,0.4233576642335766,0.5766423357664234
"((s24_edrk >= -0.007) U[1,2] (s8_hr >= -0.001))
",0.000,-9999999.000,-9999999.000,0.000,1.000,0,58,0,79,79,58,0,137,0.0,1.0,0.0,0.0,0.4233576642335766,0.5766423357664234
"F[1,2](O2_Flow >= 3.586 | Resp <= 24.632)
",0.000,-9999999.000,-9999999.000,0.000,1.000,0,58,0,79,79,58,0,137,0.0,1.0,0.0,0.0,0.4233576642335766,0.5766423357664234
"((HEMOGLOBIN >= 12.047) U[0,1] (hr <= 167.666))
",0.000,-9999999.000,-9999999.000,0.000,1.000,0,58,0,79,79,58,0,137,0.0,1.0,0.0,0.0,0.4233576642335766,0.5766423357664234
"F[0,0](death <= 0.980 -> tte >= -3.501)
",1.041,-1.711,-2.898,0.000,1.000,0,58,0,79,79,58,0,137,0.0,1.0,0.0,0.0,0.4233576642335766,0.5766423357664234
"F[0,1](CREATININE >= 1.209 -> Pulse <= 183.189)
",0.000,-9999999.000,-9999999.000,0.000,1.000,0,58,0,79,79,58,0,137,0.0,1.0,0.0,0.0,0.4233576642335766,0.5766423357664234
"((death >= 0.924) U[0,2] (SBP >= 83.202))
",0.000,-9999999.000,-9999999.000,0.000,1.000,0,58,0,79,79,58,0,137,0.0,1.0,0.0,0.0,0.4233576642335766,0.5766423357664234
"F[0,1](direct >= 0.042 -> SBP <= 127.972)
",0.000,-9999999.000,-9999999.000,0.000,1.000,0,58,0,79,79,58,0,137,0.0,1.0,0.0,0.0,0.4233576642335766,0.5766423357664234
"F[1,2](ICU_Pt_Days <= 1.633 | MAGNESIUM <= 2.311)
",0.000,-9999999.000,-9999999.000,0.000,1.000,0,58,0,79,79,58,0,137,0.0,1.0,0.0,0.0,0.4233576642335766,0.5766423357664234
"F[0,1](ICU_Pt_Days <= 2.703 | SBP >= 99.233)
",0.000,-9999999.000,-9999999.000,0.000,1.000,0,58,0,79,79,58,0,137,0.0,1.0,0.0,0.0,0.4233576642335766,0.5766423357664234
"F[1,2](cosen <= -1.053 | ICU_Pt_Days >= 0.051)
",0.000,-9999999.000,-9999999.000,0.000,1.000,0,58,0,79,79,58,0,137,0.0,1.0,0.0,0.0,0.4233576642335766,0.5766423357664234
"F[0,2](LOS <= 7.417 | O2_Flow <= 6.695)
",0.000,-9999999.000,-9999999.000,0.000,1.000,0,58,0,79,79,58,0,137,0.0,1.0,0.0,0.0,0.4233576642335766,0.5766423357664234
"F[0,2](O2_Flow <= 5.728 | tte <= -1.106)
",0.000,-9999999.000,-9999999.000,0.000,1.000,0,58,0,79,79,58,0,137,0.0,1.0,0.0,0.0,0.4233576642335766,0.5766423357664234
"F[0,1](CALCIUM <= 9.623 | n_edrk >= 0.921)
",0.000,-9999999.000,-9999999.000,0.000,1.000,0,58,0,79,79,58,0,137,0.0,1.0,0.0,0.0,0.4233576642335766,0.5766423357664234
"F[0,2](Mort <= 0.967 | Pulse <= 122.247)
",0.000,-9999999.000,-9999999.000,0.000,1.000,0,58,0,79,79,58,0,137,0.0,1.0,0.0,0.0,0.4233576642335766,0.5766423357664234
"F[0,1](BLOOD_UREA_NITROGEN >= 40.351 | hr <= 140.484)
",0.000,-9999999.000,-9999999.000,0.000,1.000,0,58,0,79,79,58,0,137,0.0,1.0,0.0,0.0,0.4233576642335766,0.5766423357664234
"F[1,2](MAGNESIUM <= 2.290 | Mort >= 0.816)
",0.000,-9999999.000,-9999999.000,0.000,1.000,0,58,0,79,79,58,0,137,0.0,1.0,0.0,0.0,0.4233576642335766,0.5766423357664234
"F[0,2](CO2 <= 24.790 -> Mort >= 0.312)
",0.000,-9999999.000,-9999999.000,0.000,1.000,0,58,0,79,79,58,0,137,0.0,1.0,0.0,0.0,0.4233576642335766,0.5766423357664234
"F[0,1](CO2 >= 22.451 | n_edrk >= 0.675)
",0.000,-9999999.000,-9999999.000,0.000,1.000,0,58,0,79,79,58,0,137,0.0,1.0,0.0,0.0,0.4233576642335766,0.5766423357664234
"F[0,1](CHLORIDE >= 96.434 | Temp >= 35.854)
",0.000,-9999999.000,-9999999.000,0.000,1.000,0,58,0,79,79,58,0,137,0.0,1.0,0.0,0.0,0.4233576642335766,0.5766423357664234
"F[0,1](CHLORIDE >= 96.433 -> POTASSIUM <= 4.565)
",0.000,-9999999.000,-9999999.000,0.000,1.000,0,58,0,79,79,58,0,137,0.0,1.0,0.0,0.0,0.4233576642335766,0.5766423357664234
"F[1,2](cosen >= -2.414 | s24_edrk <= 0.000)
",0.000,-9999999.000,-9999999.000,0.000,1.000,0,58,0,79,79,58,0,137,0.0,1.0,0.0,0.0,0.4233576642335766,0.5766423357664234
"F[1,1](SODIUM <= 135.096 -> Temp >= 35.635)
",0.403,-2.454,-3.514,0.000,1.000,0,58,0,79,79,58,0,137,0.0,1.0,0.0,0.0,0.4233576642335766,0.5766423357664234
"F[0,1](n_edrk <= 0.994 | Pulse <= 182.315)
",0.000,-9999999.000,-9999999.000,0.000,1.000,0,58,0,79,79,58,0,137,0.0,1.0,0.0,0.0,0.4233576642335766,0.5766423357664234
"F[0,2](death >= 0.685 | SODIUM >= 132.930)
",0.000,-9999999.000,-9999999.000,0.000,1.000,0,58,0,79,79,58,0,137,0.0,1.0,0.0,0.0,0.4233576642335766,0.5766423357664234
"F[0,2](hr <= 131.951 | srr >= 0.010)
",0.000,-9999999.000,-9999999.000,0.000,1.000,0,58,0,79,79,58,0,137,0.0,1.0,0.0,0.0,0.4233576642335766,0.5766423357664234
"((MET >= 0.050) U[0,2] (O2_Flow <= 5.149))
",0.000,-9999999.000,-9999999.000,0.000,1.000,0,58,0,79,79,58,0,137,0.0,1.0,0.0,0.0,0.4233576642335766,0.5766423357664234
"F[1,2](s8_edrk >= -0.002 | s8_hr >= -0.000)
",0.000,-9999999.000,-9999999.000,0.000,1.000,0,58,0,79,79,58,0,137,0.0,1.0,0.0,0.0,0.4233576642335766,0.5766423357664234
"F[0,1](dfa <= 1.290 | SODIUM <= 135.878)
",0.000,-9999999.000,-9999999.000,0.000,1.000,0,58,0,79,79,58,0,137,0.0,1.0,0.0,0.0,0.4233576642335766,0.5766423357664234
"F[0,1](ICU_Pt_Days <= 1.679 | n_edrk <= 0.985)
",0.000,-9999999.000,-9999999.000,0.000,1.000,0,58,0,79,79,58,0,137,0.0,1.0,0.0,0.0,0.4233576642335766,0.5766423357664234
"F[0,2](death >= 0.908 | srr >= 0.012)
",0.000,-9999999.000,-9999999.000,0.000,1.000,0,58,0,79,79,58,0,137,0.0,1.0,0.0,0.0,0.4233576642335766,0.5766423357664234
"F[1,2](CALCIUM <= 9.462 -> POTASSIUM <= 4.451)
",0.000,-9999999.000,-9999999.000,0.000,1.000,0,58,0,79,79,58,0,137,0.0,1.0,0.0,0.0,0.4233576642335766,0.5766423357664234
"F[0,2](Pulse <= 167.050 & s8_edrk <= 0.004)
",0.000,-9999999.000,-9999999.000,0.000,1.000,0,58,0,79,79,58,0,137,0.0,1.0,0.0,0.0,0.4233576642335766,0.5766423357664234
"((Resp <= 23.258) U[0,1] (s2_edrk >= -0.003))
",0.000,-9999999.000,-9999999.000,0.000,1.000,0,58,0,79,79,58,0,137,0.0,1.0,0.0,0.0,0.4233576642335766,0.5766423357664234
"F[0,0](CALCIUM >= 9.016 | PROTIME_INR <= 2.673)
",0.234,1.018,0.868,0.000,1.000,0,58,0,79,79,58,0,137,0.0,1.0,0.0,0.0,0.4233576642335766,0.5766423357664234
"((LOS <= 3.896) U[0,2] (srr >= 0.004))
",0.000,-9999999.000,-9999999.000,0.000,1.000,0,58,0,79,79,58,0,137,0.0,1.0,0.0,0.0,0.4233576642335766,0.5766423357664234
"F[0,0](CREATININE <= 1.766 | Glasgow_Coma_Scale_Total >= 14.537)
",0.046,0.520,0.512,0.000,1.000,0,58,0,79,79,58,0,137,0.0,1.0,0.0,0.0,0.4233576642335766,0.5766423357664234
"F[1,2](LOS >= 2.718 -> s2_edrk <= 0.004)
",0.000,-9999999.000,-9999999.000,0.000,1.000,0,58,0,79,79,58,0,137,0.0,1.0,0.0,0.0,0.4233576642335766,0.5766423357664234
"F[0,1](Glasgow_Coma_Scale_Total >= 14.427 | n_edrk <= 0.979)
",0.000,-9999999.000,-9999999.000,0.000,1.000,0,58,0,79,79,58,0,137,0.0,1.0,0.0,0.0,0.4233576642335766,0.5766423357664234
"F[0,2](s24_edrk <= 0.001 -> s8_edrk >= -0.002)
",0.000,-9999999.000,-9999999.000,0.000,1.000,0,58,0,79,79,58,0,137,0.0,1.0,0.0,0.0,0.4233576642335766,0.5766423357664234
"((lds >= 1.281) U[0,0] (SBP <= 179.556))
",0.313,81.966,76.315,0.000,1.000,0,58,0,79,79,58,0,137,0.0,1.0,0.0,0.0,0.4233576642335766,0.5766423357664234
"F[0,0](srr >= 0.019 | TROPONIN_I <= 0.080)
",-0.393,0.005,0.028,0.000,1.000,0,58,0,79,79,58,0,137,0.0,1.0,0.0,0.0,0.4233576642335766,0.5766423357664234
"F[1,2](CREATININE >= 1.147 | dfa <= 1.100)
",0.000,-9999999.000,-9999999.000,0.000,1.000,0,58,0,79,79,58,0,137,0.0,1.0,0.0,0.0,0.4233576642335766,0.5766423357664234
"F[1,2](CO2 <= 25.433 | GLUCOSE <= 124.285)
",0.000,-9999999.000,-9999999.000,0.000,1.000,0,58,0,79,79,58,0,137,0.0,1.0,0.0,0.0,0.4233576642335766,0.5766423357664234
"F[1,2](CO2 <= 24.651 | HEMOGLOBIN <= 16.164)
",0.000,-9999999.000,-9999999.000,0.000,1.000,0,58,0,79,79,58,0,137,0.0,1.0,0.0,0.0,0.4233576642335766,0.5766423357664234
"F[0,2](CALCIUM >= 9.281 | HEMOGLOBIN <= 15.129)
",0.000,-9999999.000,-9999999.000,0.000,1.000,0,58,0,79,79,58,0,137,0.0,1.0,0.0,0.0,0.4233576642335766,0.5766423357664234
"((hr <= 168.150) U[0,1] (Pulse <= 166.033))
",0.000,-9999999.000,-9999999.000,0.000,1.000,0,58,0,79,79,58,0,137,0.0,1.0,0.0,0.0,0.4233576642335766,0.5766423357664234
"F[0,0](s2_hr <= 0.008 | s8_hr <= 0.003)
",-0.261,0.007,0.008,0.000,1.000,0,58,0,79,79,58,0,137,0.0,1.0,0.0,0.0,0.4233576642335766,0.5766423357664234
"F[0,1](ICU_Pt_Days <= 4.134 -> LOS <= 11.379)
",0.000,-9999999.000,-9999999.000,0.000,1.000,0,58,0,79,79,58,0,137,0.0,1.0,0.0,0.0,0.4233576642335766,0.5766423357664234
"F[1,2](CHLORIDE >= 96.801 | dfa <= 1.022)
",0.000,-9999999.000,-9999999.000,0.000,1.000,0,58,0,79,79,58,0,137,0.0,1.0,0.0,0.0,0.4233576642335766,0.5766423357664234
"((MET <= 0.930) U[0,1] (s8_edrk <= 0.003))
",0.000,-9999999.000,-9999999.000,0.000,1.000,0,58,0,79,79,58,0,137,0.0,1.0,0.0,0.0,0.4233576642335766,0.5766423357664234
"F[0,2](PLATELET_COUNT <= 183.682 -> Pulse >= 71.239)
",0.000,-9999999.000,-9999999.000,0.000,1.000,0,58,0,79,79,58,0,137,0.0,1.0,0.0,0.0,0.4233576642335766,0.5766423357664234
"((ICU_Pt_Days >= 0.016) U[0,1] (s8_edrk <= 0.005))
",0.000,-9999999.000,-9999999.000,0.000,1.000,0,58,0,79,79,58,0,137,0.0,1.0,0.0,0.0,0.4233576642335766,0.5766423357664234
"F[0,2](hr <= 156.753 | O2_Flow <= 6.216)
",0.000,-9999999.000,-9999999.000,0.000,1.000,0,58,0,79,79,58,0,137,0.0,1.0,0.0,0.0,0.4233576642335766,0.5766423357664234
"F[1,2](Resp <= 28.830 | s2_hr <= 0.004)
",0.000,-9999999.000,-9999999.000,0.000,1.000,0,58,0,79,79,58,0,137,0.0,1.0,0.0,0.0,0.4233576642335766,0.5766423357664234
"F[1,1](CALCIUM <= 9.434 | WHITE_BLOOD_CELL_COUNT <= 7.434)
",0.117,2.951,2.631,0.000,1.000,0,58,0,79,79,58,0,137,0.0,1.0,0.0,0.0,0.4233576642335766,0.5766423357664234
"F[0,2]((af <= 0.602 | AF <= 0.101) & cosen >= -2.347)
",0.000,-9999999.000,-9999999.000,0.000,1.000,0,58,0,79,79,58,0,137,0.0,1.0,0.0,0.0,0.4233576642335766,0.5766423357664234
"((Resp <= 21.796) U[0,2] (SBP >= 77.598))
",0.000,-9999999.000,-9999999.000,0.000,1.000,0,58,0,79,79,58,0,137,0.0,1.0,0.0,0.0,0.4233576642335766,0.5766423357664234
"F[1,2](cosen <= -2.037 -> s8_edrk <= 0.004)
",0.000,-9999999.000,-9999999.000,0.000,1.000,0,58,0,79,79,58,0,137,0.0,1.0,0.0,0.0,0.4233576642335766,0.5766423357664234
"F[1,2]((af <= 0.409 | AF <= 0.414) & cosen >= -2.384)
",0.000,-9999999.000,-9999999.000,0.000,1.000,0,58,0,79,79,58,0,137,0.0,1.0,0.0,0.0,0.4233576642335766,0.5766423357664234
"F[1,2]((af <= 0.475 | AF <= 0.150) & cosen >= -2.407)
",0.000,-9999999.000,-9999999.000,0.000,1.000,0,58,0,79,79,58,0,137,0.0,1.0,0.0,0.0,0.4233576642335766,0.5766423357664234
"F[0,1](HEMOGLOBIN <= 16.353 | Pulse >= 91.258)
",0.000,-9999999.000,-9999999.000,0.000,1.000,0,58,0,79,79,58,0,137,0.0,1.0,0.0,0.0,0.4233576642335766,0.5766423357664234
"F[1,1](LOS >= 2.422 | y >= 0.089)
",-0.508,0.578,1.911,0.000,1.000,0,58,0,79,79,58,0,137,0.0,1.0,0.0,0.0,0.4233576642335766,0.5766423357664234
"F[1,2](Mort >= 0.065 | PHOSPHORUS <= 4.459)
",0.000,-9999999.000,-9999999.000,0.000,1.000,0,58,0,79,79,58,0,137,0.0,1.0,0.0,0.0,0.4233576642335766,0.5766423357664234
"((MET >= 0.208) U[0,2] (s24_edrk >= -0.007))
",0.000,-9999999.000,-9999999.000,0.000,1.000,0,58,0,79,79,58,0,137,0.0,1.0,0.0,0.0,0.4233576642335766,0.5766423357664234
"F[0,1](edrk <= 35.358 -> s24_edrk >= -0.007)
",0.000,-9999999.000,-9999999.000,0.000,1.000,0,58,0,79,79,58,0,137,0.0,1.0,0.0,0.0,0.4233576642335766,0.5766423357664234
"((direct >= 0.022) U[0,2] (hr <= 163.397))
",0.000,-9999999.000,-9999999.000,0.000,1.000,0,58,0,79,79,58,0,137,0.0,1.0,0.0,0.0,0.4233576642335766,0.5766423357664234
"F[0,1](MAGNESIUM <= 2.379 | TROPONIN_I >= 0.073)
",0.000,-9999999.000,-9999999.000,0.000,1.000,1,56,2,78,79,58,3,134,0.012658227848101266,0.9655172413793104,0.034482758620689655,0.3333333333333333,0.41605839416058393,0.583941605839416
"((dfa <= 0.731) U[0,0] (PROTIME_INR <= 3.316))
",0.200,1.632,1.474,0.000,1.000,1,56,2,78,79,58,3,134,0.012658227848101266,0.9655172413793104,0.034482758620689655,0.3333333333333333,0.41605839416058393,0.583941605839416
"((CO2 >= 23.113) U[0,0] (CREATININE <= 1.651))
",0.121,1.084,0.798,0.000,1.000,1,56,2,78,79,58,3,134,0.012658227848101266,0.9655172413793104,0.034482758620689655,0.3333333333333333,0.41605839416058393,0.583941605839416
"((SpO2 <= 98.981) U[1,1] (srr >= 0.006))
",0.180,3.522,2.914,0.000,1.000,15,42,16,64,79,58,31,106,0.189873417721519,0.7241379310344828,0.27586206896551724,0.4838709677419355,0.41605839416058393,0.583941605839416
"F[0,2](PLATELET_COUNT <= 183.495 -> Temp <= 36.707)
",0.000,-9999999.000,-9999999.000,0.000,1.000,0,57,0,80,80,57,0,137,0.0,1.0,0.0,0.0,0.41605839416058393,0.583941605839416
"F[0,1](af <= 0.594 | srr <= 0.035)
",0.000,-9999999.000,-9999999.000,0.000,1.000,0,57,1,79,79,58,1,136,0.0,0.9827586206896551,0.017241379310344827,0.0,0.41605839416058393,0.583941605839416
"F[0,1](death >= 0.756 | s24_edrk <= 0.002)
",0.000,-9999999.000,-9999999.000,0.000,1.000,0,57,1,79,79,58,1,136,0.0,0.9827586206896551,0.017241379310344827,0.0,0.41605839416058393,0.583941605839416
"F[0,2](af <= 0.189 & lds >= 0.139)
",0.000,-9999999.000,-9999999.000,0.000,1.000,0,57,0,80,80,57,0,137,0.0,1.0,0.0,0.0,0.41605839416058393,0.583941605839416
"F[0,1](edrk >= 23.926 -> PROTIME_INR <= 2.714)
",0.000,-9999999.000,-9999999.000,0.000,1.000,1,56,2,78,79,58,3,134,0.012658227848101266,0.9655172413793104,0.034482758620689655,0.3333333333333333,0.41605839416058393,0.583941605839416
"((CHLORIDE <= 99.587) U[0,1] (CREATININE <= 1.804))
",0.000,-9999999.000,-9999999.000,0.000,1.000,1,56,2,78,79,58,3,134,0.012658227848101266,0.9655172413793104,0.034482758620689655,0.3333333333333333,0.41605839416058393,0.583941605839416
"((CO2 >= 21.753) U[1,2] (dfa <= 1.129))
",0.000,-9999999.000,-9999999.000,0.000,1.000,1,56,2,78,79,58,3,134,0.012658227848101266,0.9655172413793104,0.034482758620689655,0.3333333333333333,0.41605839416058393,0.583941605839416
"((PLATELET_COUNT <= 209.813) U[0,0] (PROTIME_INR <= 2.269))
",0.005,53.962,53.633,0.000,1.000,1,56,2,78,79,58,3,134,0.012658227848101266,0.9655172413793104,0.034482758620689655,0.3333333333333333,0.41605839416058393,0.583941605839416
"((HEMOGLOBIN >= 14.085) U[0,1] (LOS >= 2.369))
",0.000,-9999999.000,-9999999.000,0.000,1.000,0,56,2,79,79,58,2,135,0.0,0.9655172413793104,0.034482758620689655,0.0,0.40875912408759124,0.5912408759124088
"F[1,2](CO2 >= 21.233 & PHOSPHORUS <= 4.696)
",0.000,-9999999.000,-9999999.000,0.000,1.000,0,56,0,81,81,56,0,137,0.0,1.0,0.0,0.0,0.40875912408759124,0.5912408759124088
"((hr >= 97.061) U[0,2] (PHOSPHORUS <= 4.492))
",0.000,-9999999.000,-9999999.000,0.000,1.000,0,56,0,81,81,56,0,137,0.0,1.0,0.0,0.0,0.40875912408759124,0.5912408759124088
"((ICU_Pt_Days <= 4.470) U[0,1] (Pulse >= 71.064))
",0.000,-9999999.000,-9999999.000,0.000,1.000,0,56,2,79,79,58,2,135,0.0,0.9655172413793104,0.034482758620689655,0.0,0.40875912408759124,0.5912408759124088
"((s2_edrk >= -0.004) U[1,2] (s8_edrk >= -0.006))
",0.000,-9999999.000,-9999999.000,0.000,1.000,0,56,0,81,81,56,0,137,0.0,1.0,0.0,0.0,0.40875912408759124,0.5912408759124088
"F[0,0](edrk >= 18.658 -> n_edrk >= 0.627)
",-0.050,-6.202,-5.834,0.000,1.000,0,56,2,79,79,58,2,135,0.0,0.9655172413793104,0.034482758620689655,0.0,0.40875912408759124,0.5912408759124088
"F[0,2](ICU_Pt_Days <= 3.579 -> PROTIME_INR <= 2.880)
",0.000,-9999999.000,-9999999.000,0.000,1.000,0,56,0,81,81,56,0,137,0.0,1.0,0.0,0.0,0.40875912408759124,0.5912408759124088
"F[1,2](Mort >= 0.329 -> tte >= -1.953)
",0.000,-9999999.000,-9999999.000,0.000,1.000,0,56,0,81,81,56,0,137,0.0,1.0,0.0,0.0,0.40875912408759124,0.5912408759124088
"((MAGNESIUM >= 2.056) U[0,2] (PROTIME_INR <= 3.029))
",0.000,-9999999.000,-9999999.000,0.000,1.000,0,56,0,81,81,56,0,137,0.0,1.0,0.0,0.0,0.40875912408759124,0.5912408759124088
"((Mort >= 0.238) U[0,2] (SODIUM >= 128.996))
",0.000,-9999999.000,-9999999.000,0.000,1.000,0,56,0,81,81,56,0,137,0.0,1.0,0.0,0.0,0.40875912408759124,0.5912408759124088
"F[0,2](Temp <= 36.796 | tte <= -0.105)
",0.000,-9999999.000,-9999999.000,0.000,1.000,0,56,0,81,81,56,0,137,0.0,1.0,0.0,0.0,0.40875912408759124,0.5912408759124088
"((Pulse <= 155.198) U[0,2] (Resp >= 15.289))
",0.000,-9999999.000,-9999999.000,0.000,1.000,0,56,0,81,81,56,0,137,0.0,1.0,0.0,0.0,0.40875912408759124,0.5912408759124088
"((BLOOD_UREA_NITROGEN <= 85.184) U[1,2] (MAGNESIUM <= 2.393))
",0.000,-9999999.000,-9999999.000,0.000,1.000,0,56,0,81,81,56,0,137,0.0,1.0,0.0,0.0,0.40875912408759124,0.5912408759124088
"F[0,2](CO2 <= 25.225 | tte >= -1.516)
",0.000,-9999999.000,-9999999.000,0.000,1.000,0,56,0,81,81,56,0,137,0.0,1.0,0.0,0.0,0.40875912408759124,0.5912408759124088
"((LOS >= 2.366) U[1,1] (s8_edrk >= -0.003))
",-0.382,0.634,1.681,0.000,1.000,0,56,2,79,79,58,2,135,0.0,0.9655172413793104,0.034482758620689655,0.0,0.40875912408759124,0.5912408759124088
"F[0,2](BLOOD_UREA_NITROGEN >= 43.719 | dfa >= 0.426)
",0.000,-9999999.000,-9999999.000,0.000,1.000,0,56,0,81,81,56,0,137,0.0,1.0,0.0,0.0,0.40875912408759124,0.5912408759124088
"F[0,0](ICU_Pt_Days >= 0.046 -> Temp >= 35.686)
",0.234,-0.910,-1.305,0.000,1.000,0,56,2,79,79,58,2,135,0.0,0.9655172413793104,0.034482758620689655,0.0,0.40875912408759124,0.5912408759124088
"((n_edrk >= 0.772) U[1,1] (srr >= 0.009))
",0.462,0.227,0.192,0.000,1.000,35,21,37,44,79,58,72,65,0.4430379746835443,0.3620689655172414,0.6379310344827587,0.4861111111111111,0.40875912408759124,0.5912408759124088
"((death >= 0.039) U[0,1] (LOS >= 2.569))
",0.000,-9999999.000,-9999999.000,0.000,1.000,0,56,2,79,79,58,2,135,0.0,0.9655172413793104,0.034482758620689655,0.0,0.40875912408759124,0.5912408759124088
"F[0,2](CALCIUM <= 9.313 | CHLORIDE >= 96.783)
",0.000,-9999999.000,-9999999.000,0.000,1.000,0,56,0,81,81,56,0,137,0.0,1.0,0.0,0.0,0.40875912408759124,0.5912408759124088
"F[1,2](tte <= -0.314 -> y >= 0.139)
",0.000,-9999999.000,-9999999.000,0.000,1.000,0,56,0,81,81,56,0,137,0.0,1.0,0.0,0.0,0.40875912408759124,0.5912408759124088
"F[0,2](death >= 0.151 | Pulse >= 80.734)
",0.000,-9999999.000,-9999999.000,0.000,1.000,0,55,0,82,82,55,0,137,0.0,1.0,0.0,0.0,0.40145985401459855,0.5985401459854014
"F[0,1](AF >= 0.002 | LOS <= 5.547)
",0.000,-9999999.000,-9999999.000,0.000,1.000,0,55,3,79,79,58,3,134,0.0,0.9482758620689655,0.05172413793103448,0.0,0.40145985401459855,0.5985401459854014
"((hr >= 99.785) U[1,2] (Resp >= 15.610))
",0.000,-9999999.000,-9999999.000,0.000,1.000,12,43,13,69,81,56,25,112,0.14814814814814814,0.7678571428571429,0.23214285714285715,0.48,0.40145985401459855,0.5985401459854014
"F[1,2](AF <= 0.094 -> SBP >= 87.323)
",0.000,-9999999.000,-9999999.000,0.000,1.000,0,55,0,82,82,55,0,137,0.0,1.0,0.0,0.0,0.40145985401459855,0.5985401459854014
"F[1,2](CALCIUM <= 9.582 -> edrk >= 12.936)
",0.000,-9999999.000,-9999999.000,0.000,1.000,0,55,0,82,82,55,0,137,0.0,1.0,0.0,0.0,0.40145985401459855,0.5985401459854014
"((ICU_Pt_Days <= 1.144) U[0,1] (srr <= 0.115))
",0.000,-9999999.000,-9999999.000,0.000,1.000,0,54,4,79,79,58,4,133,0.0,0.9310344827586207,0.06896551724137931,0.0,0.39416058394160586,0.6058394160583942
"F[1,2](CALCIUM >= 9.123 | death <= 0.960)
",0.000,-9999999.000,-9999999.000,0.000,1.000,0,54,0,83,83,54,0,137,0.0,1.0,0.0,0.0,0.39416058394160586,0.6058394160583942
"((MAGNESIUM >= 2.023) U[1,2] (Pulse <= 112.358))
",0.000,-9999999.000,-9999999.000,0.000,1.000,24,30,12,71,95,42,36,101,0.25263157894736843,0.7142857142857143,0.2857142857142857,0.6666666666666666,0.39416058394160586,0.6058394160583942
"((lds <= 2.301) U[1,2] (Temp <= 37.253))
",0.000,-9999999.000,-9999999.000,0.000,1.000,0,54,1,82,82,55,1,136,0.0,0.9818181818181818,0.01818181818181818,0.0,0.39416058394160586,0.6058394160583942
"F[1,2](MET >= 0.492 | Temp <= 37.027)
",0.000,-9999999.000,-9999999.000,0.000,1.000,0,53,0,84,84,53,0,137,0.0,1.0,0.0,0.0,0.38686131386861317,0.6131386861313868
"F[1,2](CREATININE >= 1.376 | tte <= -0.315)
",0.000,-9999999.000,-9999999.000,0.000,1.000,0,53,0,84,84,53,0,137,0.0,1.0,0.0,0.0,0.38686131386861317,0.6131386861313868
"((dfa >= 0.261) U[0,0] (Pulse >= 93.586))
",0.244,16.877,10.833,0.000,1.000,13,40,18,66,79,58,31,106,0.16455696202531644,0.6896551724137931,0.3103448275862069,0.41935483870967744,0.38686131386861317,0.6131386861313868
"((Pulse >= 71.647) U[0,2] (Temp <= 36.791))
",0.000,-9999999.000,-9999999.000,0.000,1.000,0,53,0,84,84,53,0,137,0.0,1.0,0.0,0.0,0.38686131386861317,0.6131386861313868
"F[1,1](CO2 >= 22.073 | Pulse >= 100.991)
",0.279,10.011,6.328,0.000,1.000,1,52,6,78,79,58,7,130,0.012658227848101266,0.896551724137931,0.10344827586206896,0.14285714285714285,0.38686131386861317,0.6131386861313868
"F[1,2](CHLORIDE <= 101.500 | y >= 0.095)
",0.000,-9999999.000,-9999999.000,0.000,1.000,0,53,0,84,84,53,0,137,0.0,1.0,0.0,0.0,0.38686131386861317,0.6131386861313868
"((edrk >= 15.418) U[1,1] (SBP <= 160.585))
",0.215,63.995,59.964,0.000,1.000,0,52,6,79,79,58,6,131,0.0,0.896551724137931,0.10344827586206896,0.0,0.3795620437956204,0.6204379562043796
"F[1,2](AF <= 0.437 -> ICU_Pt_Days <= 2.573)
",0.000,-9999999.000,-9999999.000,0.000,1.000,0,52,0,85,85,52,0,137,0.0,1.0,0.0,0.0,0.3795620437956204,0.6204379562043796
"F[1,1](CO2 >= 21.490 & Temp <= 37.143)
",0.102,0.462,0.345,0.000,1.000,1,51,7,78,79,58,8,129,0.012658227848101266,0.8793103448275862,0.1206896551724138,0.125,0.3795620437956204,0.6204379562043796
"F[0,2](POTASSIUM <= 4.875 & y >= 0.265)
",0.000,-9999999.000,-9999999.000,0.000,1.000,0,51,0,86,86,51,0,137,0.0,1.0,0.0,0.0,0.3722627737226277,0.6277372262773723
"((direct <= 0.482) U[1,2] (edrk >= 13.463))
",0.000,-9999999.000,-9999999.000,0.000,1.000,0,51,4,82,82,55,4,133,0.0,0.9272727272727272,0.07272727272727272,0.0,0.3722627737226277,0.6277372262773723
"F[0,1](direct <= 0.846 | MAGNESIUM >= 2.043)
",0.000,-9999999.000,-9999999.000,0.000,1.000,0,51,7,79,79,58,7,130,0.0,0.8793103448275862,0.1206896551724138,0.0,0.3722627737226277,0.6277372262773723
"F[0,2](HEMOGLOBIN >= 12.716 | Mort >= 0.126)
",0.000,-9999999.000,-9999999.000,0.000,1.000,0,51,0,86,86,51,0,137,0.0,1.0,0.0,0.0,0.3722627737226277,0.6277372262773723
"F[0,2](CHLORIDE >= 96.441 & LOS <= 6.722)
",0.000,-9999999.000,-9999999.000,0.000,1.000,0,51,0,86,86,51,0,137,0.0,1.0,0.0,0.0,0.3722627737226277,0.6277372262773723
"((cosen <= -1.172) U[1,1] (hr >= 81.701))
",0.368,28.665,21.746,0.000,1.000,0,51,7,79,79,58,7,130,0.0,0.8793103448275862,0.1206896551724138,0.0,0.3722627737226277,0.6277372262773723
"F[1,2](Mort >= 0.257 & Temp <= 36.952)
",0.000,-9999999.000,-9999999.000,0.000,1.000,0,51,0,86,86,51,0,137,0.0,1.0,0.0,0.0,0.3722627737226277,0.6277372262773723
"F[1,1](hr <= 139.738 -> LOS <= 4.819)
",0.369,-29.372,-36.378,0.000,1.000,0,50,8,79,79,58,8,129,0.0,0.8620689655172413,0.13793103448275862,0.0,0.36496350364963503,0.635036496350365
"((LOS >= 3.354) U[0,2] (n_edrk >= 0.794))
",0.000,-9999999.000,-9999999.000,0.000,1.000,0,50,0,87,87,50,0,137,0.0,1.0,0.0,0.0,0.36496350364963503,0.635036496350365
"F[0,1](CREATININE <= 1.897 & O2_Flow >= 2.410)
",0.000,-9999999.000,-9999999.000,0.000,1.000,1,49,9,78,79,58,10,127,0.012658227848101266,0.8448275862068966,0.15517241379310345,0.1,0.36496350364963503,0.635036496350365
"((Pulse >= 72.463) U[0,2] (srr >= 0.007))
",0.000,-9999999.000,-9999999.000,0.000,1.000,0,50,0,87,87,50,0,137,0.0,1.0,0.0,0.0,0.36496350364963503,0.635036496350365
"((cosen >= -2.340) U[0,2] (srr <= 0.089))
",0.000,-9999999.000,-9999999.000,0.000,1.000,0,50,0,87,87,50,0,137,0.0,1.0,0.0,0.0,0.36496350364963503,0.635036496350365
"((edrk >= 16.532) U[1,1] (Pulse <= 172.878))
",-0.215,65.519,70.774,0.000,1.000,1,49,9,78,79,58,10,127,0.012658227848101266,0.8448275862068966,0.15517241379310345,0.1,0.36496350364963503,0.635036496350365
"F[1,2](Glasgow_Coma_Scale_Total >= 14.550 & Temp <= 37.136)
",0.000,-9999999.000,-9999999.000,0.000,1.000,0,49,0,88,88,49,0,137,0.0,1.0,0.0,0.0,0.35766423357664234,0.6423357664233577
"((SpO2 >= 91.460) U[0,0] (Temp >= 36.250))
",-0.112,4.130,4.536,0.000,1.000,0,49,9,79,79,58,9,128,0.0,0.8448275862068966,0.15517241379310345,0.0,0.35766423357664234,0.6423357664233577
"((CALCIUM >= 9.148) U[1,2] (GLUCOSE >= 93.954))
",0.000,-9999999.000,-9999999.000,0.000,1.000,47,2,14,74,121,16,61,76,0.3884297520661157,0.125,0.875,0.7704918032786885,0.35766423357664234,0.6423357664233577
"((HEMOGLOBIN >= 13.061) U[0,2] (O2_Flow >= 3.281))
",0.000,-9999999.000,-9999999.000,0.000,1.000,0,49,0,88,88,49,0,137,0.0,1.0,0.0,0.0,0.35766423357664234,0.6423357664233577
"((s24_edrk >= -0.003) U[0,2] (Temp >= 36.057))
",0.000,-9999999.000,-9999999.000,0.000,1.000,0,49,0,88,88,49,0,137,0.0,1.0,0.0,0.0,0.35766423357664234,0.6423357664233577
"((AF <= 0.246) U[0,2] (death >= 0.353))
",0.000,-9999999.000,-9999999.000,0.000,1.000,0,48,0,89,89,48,0,137,0.0,1.0,0.0,0.0,0.35036496350364965,0.6496350364963503
"((edrk <= 33.181) U[0,2] (ICU_Pt_Days <= 1.798))
",0.000,-9999999.000,-9999999.000,0.000,1.000,0,48,0,89,89,48,0,137,0.0,1.0,0.0,0.0,0.35036496350364965,0.6496350364963503
"F[0,2](ICU_Pt_Days >= 0.062 -> MET >= 0.497)
",0.000,-9999999.000,-9999999.000,0.000,1.000,0,48,0,89,89,48,0,137,0.0,1.0,0.0,0.0,0.35036496350364965,0.6496350364963503
"F[0,2](death >= 0.459 & s2_edrk <= 0.002)
",0.000,-9999999.000,-9999999.000,0.000,1.000,0,48,0,89,89,48,0,137,0.0,1.0,0.0,0.0,0.35036496350364965,0.6496350364963503
"F[1,2](death <= 0.964 -> PLATELET_COUNT <= 203.103)
",0.000,-9999999.000,-9999999.000,0.000,1.000,0,48,0,89,89,48,0,137,0.0,1.0,0.0,0.0,0.35036496350364965,0.6496350364963503
"((cosen >= -2.222) U[1,2] (Resp <= 22.418))
",0.000,-9999999.000,-9999999.000,0.000,1.000,20,27,24,66,86,51,44,93,0.23255813953488372,0.5294117647058824,0.47058823529411764,0.45454545454545453,0.34306569343065696,0.656934306569343
"((cosen <= -1.224) U[1,2] (O2_Flow >= 2.796))
",0.000,-9999999.000,-9999999.000,0.000,1.000,0,47,4,86,86,51,4,133,0.0,0.9215686274509803,0.0784313725490196,0.0,0.34306569343065696,0.656934306569343
"F[0,2]((af <= 0.524 | AF <= 0.131) & cosen >= -2.270)
",0.000,-9999999.000,-9999999.000,0.000,1.000,0,46,0,91,91,46,0,137,0.0,1.0,0.0,0.0,0.3357664233576642,0.6642335766423357
"((MET >= 0.229) U[1,2] (n_edrk >= 0.365))
",0.000,-9999999.000,-9999999.000,0.000,1.000,0,46,8,83,83,54,8,129,0.0,0.8518518518518519,0.14814814814814814,0.0,0.3357664233576642,0.6642335766423357
"F[0,0](edrk <= 29.786 -> GLUCOSE >= 104.531)
",-0.454,-13.806,-6.870,0.000,1.000,30,16,42,49,79,58,72,65,0.379746835443038,0.27586206896551724,0.7241379310344828,0.4166666666666667,0.3357664233576642,0.6642335766423357
"F[0,2](MET >= 0.747 | WHITE_BLOOD_CELL_COUNT <= 7.623)
",0.000,-9999999.000,-9999999.000,0.000,1.000,0,46,0,91,91,46,0,137,0.0,1.0,0.0,0.0,0.3357664233576642,0.6642335766423357
"F[1,1](death >= 0.113 & s8_edrk >= -0.004)
",0.465,0.004,-0.016,0.000,1.000,0,46,12,79,79,58,12,125,0.0,0.7931034482758621,0.20689655172413793,0.0,0.3357664233576642,0.6642335766423357
"((CHLORIDE >= 96.765) U[0,2] (MET >= 0.088))
",0.000,-9999999.000,-9999999.000,0.000,1.000,0,46,0,91,91,46,0,137,0.0,1.0,0.0,0.0,0.3357664233576642,0.6642335766423357
"((LOS <= 10.318) U[1,2] (MET >= 0.104))
",0.000,-9999999.000,-9999999.000,0.000,1.000,0,46,0,91,91,46,0,137,0.0,1.0,0.0,0.0,0.3357664233576642,0.6642335766423357
"F[0,1](cosen >= -2.290 -> lds >= 1.650)
",0.000,-9999999.000,-9999999.000,0.000,1.000,0,46,12,79,79,58,12,125,0.0,0.7931034482758621,0.20689655172413793,0.0,0.3357664233576642,0.6642335766423357
"F[0,2](MET <= 0.925 -> PLATELET_COUNT <= 166.622)
",0.000,-9999999.000,-9999999.000,0.000,1.000,0,46,0,91,91,46,0,137,0.0,1.0,0.0,0.0,0.3357664233576642,0.6642335766423357
"F[1,2](CALCIUM >= 8.926 | tte <= -1.012)
",0.000,-9999999.000,-9999999.000,0.000,1.000,0,46,0,91,91,46,0,137,0.0,1.0,0.0,0.0,0.3357664233576642,0.6642335766423357
"F[0,0](n_edrk <= 0.955 -> TROPONIN_I >= 0.073)
",0.443,-0.006,-0.145,0.000,1.000,1,45,13,78,79,58,14,123,0.012658227848101266,0.7758620689655172,0.22413793103448276,0.07142857142857142,0.3357664233576642,0.6642335766423357
"((CO2 >= 21.841) U[1,1] (MET >= 0.139))
",0.213,2.231,1.657,0.000,1.000,1,44,14,78,79,58,15,122,0.012658227848101266,0.7586206896551724,0.2413793103448276,0.06666666666666667,0.3284671532846715,0.6715328467153285
"F[1,2](PHOSPHORUS <= 4.545 -> PROTIME_INR >= 1.453)
",0.000,-9999999.000,-9999999.000,0.000,1.000,0,44,0,93,93,44,0,137,0.0,1.0,0.0,0.0,0.32116788321167883,0.6788321167883211
"((GLUCOSE >= 88.048) U[0,2] (PHOSPHORUS >= 3.719))
",0.000,-9999999.000,-9999999.000,0.000,1.000,0,44,0,93,93,44,0,137,0.0,1.0,0.0,0.0,0.32116788321167883,0.6788321167883211
"F[0,2](cosen >= -2.186 | TROPONIN_I >= 0.070)
",0.000,-9999999.000,-9999999.000,0.000,1.000,0,44,0,93,93,44,0,137,0.0,1.0,0.0,0.0,0.32116788321167883,0.6788321167883211
"((LOS >= 2.493) U[0,2] (PROTIME_INR >= 1.612))
",0.000,-9999999.000,-9999999.000,0.000,1.000,0,44,0,93,93,44,0,137,0.0,1.0,0.0,0.0,0.32116788321167883,0.6788321167883211
"F[0,2](BLOOD_UREA_NITROGEN >= 39.739 & PROTIME_INR >= 1.365)
",0.000,-9999999.000,-9999999.000,0.000,1.000,0,44,0,93,93,44,0,137,0.0,1.0,0.0,0.0,0.32116788321167883,0.6788321167883211
"F[0,2](ICU_Pt_Days <= 4.347 & PLATELET_COUNT <= 193.155)
",0.000,-9999999.000,-9999999.000,0.000,1.000,0,44,0,93,93,44,0,137,0.0,1.0,0.0,0.0,0.32116788321167883,0.6788321167883211
"F[1,2](TROPONIN_I >= 0.062 | WHITE_BLOOD_CELL_COUNT <= 7.019)
",0.000,-9999999.000,-9999999.000,0.000,1.000,0,44,0,93,93,44,0,137,0.0,1.0,0.0,0.0,0.32116788321167883,0.6788321167883211
"((CHLORIDE <= 101.186) U[1,2] (MAGNESIUM >= 2.093))
",0.000,-9999999.000,-9999999.000,0.000,1.000,0,44,0,93,93,44,0,137,0.0,1.0,0.0,0.0,0.32116788321167883,0.6788321167883211
"F[1,2](MET >= 0.717 & PHOSPHORUS <= 4.466)
",0.000,-9999999.000,-9999999.000,0.000,1.000,0,44,0,93,93,44,0,137,0.0,1.0,0.0,0.0,0.32116788321167883,0.6788321167883211
"((direct <= 0.227) U[0,2] (PLATELET_COUNT <= 201.855))
",0.000,-9999999.000,-9999999.000,0.000,1.000,0,44,0,93,93,44,0,137,0.0,1.0,0.0,0.0,0.32116788321167883,0.6788321167883211
"((CO2 <= 25.954) U[0,2] (MAGNESIUM >= 2.162))
",0.000,-9999999.000,-9999999.000,0.000,1.000,0,44,0,93,93,44,0,137,0.0,1.0,0.0,0.0,0.32116788321167883,0.6788321167883211
"((ICU_Pt_Days <= 2.642) U[0,2] (PHOSPHORUS >= 3.684))
",0.000,-9999999.000,-9999999.000,0.000,1.000,0,44,0,93,93,44,0,137,0.0,1.0,0.0,0.0,0.32116788321167883,0.6788321167883211
"F[1,2](O2_Flow >= 2.722 & WHITE_BLOOD_CELL_COUNT <= 6.591)
",0.000,-9999999.000,-9999999.000,0.000,1.000,0,44,0,93,93,44,0,137,0.0,1.0,0.0,0.0,0.32116788321167883,0.6788321167883211
"F[0,2](PHOSPHORUS >= 3.732 & PLATELET_COUNT <= 160.317)
",0.000,-9999999.000,-9999999.000,0.000,1.000,0,44,0,93,93,44,0,137,0.0,1.0,0.0,0.0,0.32116788321167883,0.6788321167883211
"F[0,2](CALCIUM >= 9.230 & O2_Flow <= 6.768)
",0.000,-9999999.000,-9999999.000,0.000,1.000,0,44,0,93,93,44,0,137,0.0,1.0,0.0,0.0,0.32116788321167883,0.6788321167883211
"((PLATELET_COUNT <= 208.292) U[1,2] (SODIUM <= 133.612))
",0.000,-9999999.000,-9999999.000,0.000,1.000,0,44,0,93,93,44,0,137,0.0,1.0,0.0,0.0,0.32116788321167883,0.6788321167883211
"F[1,2](HEMOGLOBIN >= 13.766 & tte >= -3.644)
",0.000,-9999999.000,-9999999.000,0.000,1.000,0,44,0,93,93,44,0,137,0.0,1.0,0.0,0.0,0.32116788321167883,0.6788321167883211
"((Mort <= 0.950) U[0,2] (PLATELET_COUNT <= 186.168))
",0.000,-9999999.000,-9999999.000,0.000,1.000,0,44,0,93,93,44,0,137,0.0,1.0,0.0,0.0,0.32116788321167883,0.6788321167883211
"((n_edrk <= 0.980) U[1,2] (PLATELET_COUNT >= 137.447))
",0.000,-9999999.000,-9999999.000,0.000,1.000,30,13,45,49,79,58,75,62,0.379746835443038,0.22413793103448276,0.7758620689655172,0.4,0.31386861313868614,0.6861313868613139
"((GLUCOSE >= 98.650) U[1,2] (Temp >= 35.913))
",0.000,-9999999.000,-9999999.000,0.000,1.000,31,12,37,57,88,49,68,69,0.3522727272727273,0.24489795918367346,0.7551020408163265,0.45588235294117646,0.31386861313868614,0.6861313868613139
"((BLOOD_UREA_NITROGEN <= 80.411) U[1,2] (GLUCOSE <= 117.342))
",0.000,-9999999.000,-9999999.000,0.000,1.000,1,42,2,92,93,44,3,134,0.010752688172043012,0.9545454545454546,0.045454545454545456,0.3333333333333333,0.31386861313868614,0.6861313868613139
"((LOS >= 2.223) U[1,2] (Pulse <= 114.625))
",0.000,-9999999.000,-9999999.000,0.000,1.000,0,42,2,93,93,44,2,135,0.0,0.9545454545454546,0.045454545454545456,0.0,0.30656934306569344,0.6934306569343065
"F[0,1](Temp < 36.598 -> y = 0.877)
",0.000,-9999999.000,-9999999.000,0.000,1.000,24,18,40,55,79,58,64,73,0.3037974683544304,0.3103448275862069,0.6896551724137931,0.375,0.30656934306569344,0.6934306569343065
"F[0,2](BLOOD_UREA_NITROGEN <= 85.234 & CREATININE >= 1.291)
",0.000,-9999999.000,-9999999.000,0.000,1.000,0,42,0,95,95,42,0,137,0.0,1.0,0.0,0.0,0.30656934306569344,0.6934306569343065
"F[1,2](cosen <= -1.499 & Temp <= 36.601)
",0.000,-9999999.000,-9999999.000,0.000,1.000,0,41,0,96,96,41,0,137,0.0,1.0,0.0,0.0,0.29927007299270075,0.7007299270072993
"F[0,0](death <= 0.991 | TROPONIN_I >= 0.063)
",-0.429,0.016,0.178,0.000,1.000,4,37,21,75,79,58,25,112,0.05063291139240506,0.6379310344827587,0.3620689655172414,0.16,0.29927007299270075,0.7007299270072993
"((af <= 0.250) U[1,2] (PROTIME_INR >= 1.547))
",0.000,-9999999.000,-9999999.000,0.000,1.000,0,41,3,93,93,44,3,134,0.0,0.9318181818181818,0.06818181818181818,0.0,0.29927007299270075,0.7007299270072993
"F[0,2]((af <= 0.647 | AF <= 0.155) & cosen >= -2.248)
",0.000,-9999999.000,-9999999.000,0.000,1.000,0,41,0,96,96,41,0,137,0.0,1.0,0.0,0.0,0.29927007299270075,0.7007299270072993
"F[0,2](s2_hr >= -8.458606297106217e-05 & s8_edrk <= 0.002)
",0.000,-9999999.000,-9999999.000,0.000,1.000,0,40,0,97,97,40,0,137,0.0,1.0,0.0,0.0,0.291970802919708,0.708029197080292
"F[0,2](MET >= 0.299 -> TROPONIN_I >= 0.074)
",0.000,-9999999.000,-9999999.000,0.000,1.000,0,39,0,98,98,39,0,137,0.0,1.0,0.0,0.0,0.2846715328467153,0.7153284671532847
"((death >= 0.057) U[1,2] (Temp >= 36.231))
",0.000,-9999999.000,-9999999.000,0.000,1.000,0,39,10,88,88,49,10,127,0.0,0.7959183673469388,0.20408163265306123,0.0,0.2846715328467153,0.7153284671532847
"F[0,2](Glasgow_Coma_Scale_Total <= 15.000 & srr >= 0.011)
",0.000,-9999999.000,-9999999.000,0.000,1.000,0,36,0,101,101,36,0,137,0.0,1.0,0.0,0.0,0.26277372262773724,0.7372262773722628
"F[1,1](O2_Flow >= 4.006 | TROPONIN_I >= 0.073)
",0.382,0.668,0.102,0.000,1.000,4,32,26,75,79,58,30,107,0.05063291139240506,0.5517241379310345,0.4482758620689655,0.13333333333333333,0.26277372262773724,0.7372262773722628
"((AF >= 0.002) U[1,2] (lds <= 1.817))
",0.000,-9999999.000,-9999999.000,0.000,1.000,32,2,41,62,94,43,73,64,0.3404255319148936,0.046511627906976744,0.9534883720930233,0.4383561643835616,0.24817518248175183,0.7518248175182481
"F[0,2](TROPONIN_I <= 0.075 -> y <= 0.829)
",0.000,-9999999.000,-9999999.000,0.000,1.000,0,32,0,105,105,32,0,137,0.0,1.0,0.0,0.0,0.23357664233576642,0.7664233576642336
"((hr >= 87.865) U[0,1] (TROPONIN_I >= 0.061))
",0.000,-9999999.000,-9999999.000,0.000,1.000,4,27,31,75,79,58,35,102,0.05063291139240506,0.46551724137931033,0.5344827586206896,0.11428571428571428,0.22627737226277372,0.7737226277372262
"((s2_hr >= -0.002) U[1,1] (TROPONIN_I >= 0.069))
",0.732,0.011,0.006,0.000,1.000,4,26,32,75,79,58,36,101,0.05063291139240506,0.4482758620689655,0.5517241379310345,0.1111111111111111,0.21897810218978103,0.781021897810219
"F[0,2]((af <= 0.089 | AF <= 0.142) & cosen >= -2.206)
",0.000,-9999999.000,-9999999.000,0.000,1.000,0,30,0,107,107,30,0,137,0.0,1.0,0.0,0.0,0.21897810218978103,0.781021897810219
"F[0,0](TROPONIN_I >= 0.067 | tte <= -0.981)
",0.735,0.834,0.102,0.000,1.000,1,29,29,78,79,58,30,107,0.012658227848101266,0.5,0.5,0.03333333333333333,0.21897810218978103,0.781021897810219
"F[1,2](af <= 0.235 -> TROPONIN_I >= 0.072)
",0.000,-9999999.000,-9999999.000,0.000,1.000,0,29,0,108,108,29,0,137,0.0,1.0,0.0,0.0,0.2116788321167883,0.7883211678832117
"((edrk <= 29.243) U[0,2] (TROPONIN_I >= 0.062))
",0.000,-9999999.000,-9999999.000,0.000,1.000,0,27,0,110,110,27,0,137,0.0,1.0,0.0,0.0,0.19708029197080293,0.8029197080291971
"F[0,2](Pulse <= 163.423 & s2_edrk <= 0.000)
",0.000,-9999999.000,-9999999.000,0.000,1.000,0,25,0,112,112,25,0,137,0.0,1.0,0.0,0.0,0.18248175182481752,0.8175182481751825
"F[0,1](ICU_Pt_Days <= 4.274 -> tte <= -0.735)
",0.000,-9999999.000,-9999999.000,0.000,1.000,1,23,35,78,79,58,36,101,0.012658227848101266,0.39655172413793105,0.603448275862069,0.027777777777777776,0.17518248175182483,0.8248175182481752
"F[1,2](Resp > 19.481 -> y = 0.690)
",0.000,-9999999.000,-9999999.000,0.000,1.000,0,24,0,113,113,24,0,137,0.0,1.0,0.0,0.0,0.17518248175182483,0.8248175182481752
"F[1,2](s2_edrk <= 0.004 & s2_hr >= -0.000)
",0.000,-9999999.000,-9999999.000,0.000,1.000,0,23,0,114,114,23,0,137,0.0,1.0,0.0,0.0,0.1678832116788321,0.8321167883211679
"F[0,0](GLUCOSE >= 89.996 | ICU_Pt_Days >= 0.113)
",0.579,22.998,7.057,0.000,1.000,5,16,42,74,79,58,47,90,0.06329113924050633,0.27586206896551724,0.7241379310344828,0.10638297872340426,0.15328467153284672,0.8467153284671532
"F[0,1](BLOOD_UREA_NITROGEN <= 72.289 | CALCIUM <= 9.571)
",0.000,-9999999.000,-9999999.000,0.000,1.000,5,16,42,74,79,58,47,90,0.06329113924050633,0.27586206896551724,0.7241379310344828,0.10638297872340426,0.15328467153284672,0.8467153284671532
"((death <= 0.958) U[0,1] (GLUCOSE >= 86.808))
",0.000,-9999999.000,-9999999.000,0.000,1.000,5,16,42,74,79,58,47,90,0.06329113924050633,0.27586206896551724,0.7241379310344828,0.10638297872340426,0.15328467153284672,0.8467153284671532
"((MAGNESIUM >= 2.178) U[0,1] (POTASSIUM >= 3.873))
",0.000,-9999999.000,-9999999.000,0.000,1.000,5,16,42,74,79,58,47,90,0.06329113924050633,0.27586206896551724,0.7241379310344828,0.10638297872340426,0.15328467153284672,0.8467153284671532
"F[1,1](lds >= 0.836 -> tte <= -0.767)
",-0.346,-1.198,-0.881,0.000,1.000,1,20,38,78,79,58,39,98,0.012658227848101266,0.3448275862068966,0.6551724137931034,0.02564102564102564,0.15328467153284672,0.8467153284671532
"((s2_edrk <= 0.001) U[1,2] (s8_hr >= -0.000))
",0.000,-9999999.000,-9999999.000,0.000,1.000,2,18,2,115,117,20,4,133,0.017094017094017096,0.9,0.1,0.5,0.145985401459854,0.8540145985401459
"((PROTIME_INR <= 1.915) U[1,2] (Pulse >= 80.126))
",0.000,-9999999.000,-9999999.000,0.000,1.000,6,9,44,78,84,53,50,87,0.07142857142857142,0.16981132075471697,0.8301886792452831,0.12,0.10948905109489052,0.8905109489051095
"F[1,2](CREATININE <= 1.459 & SODIUM >= 128.513)
",0.000,-9999999.000,-9999999.000,0.000,1.000,0,14,0,123,123,14,0,137,0.0,1.0,0.0,0.0,0.10218978102189781,0.8978102189781022
"F[1,2](direct <= 0.492 -> PROTIME_INR <= 1.890)
",0.000,-9999999.000,-9999999.000,0.000,1.000,0,14,0,123,123,14,0,137,0.0,1.0,0.0,0.0,0.10218978102189781,0.8978102189781022
"F[1,2](CHLORIDE >= 96.196 & WHITE_BLOOD_CELL_COUNT >= 4.914)
",0.000,-9999999.000,-9999999.000,0.000,1.000,0,14,0,123,123,14,0,137,0.0,1.0,0.0,0.0,0.10218978102189781,0.8978102189781022
"((CO2 >= 22.522) U[1,2] (PROTIME_INR <= 1.806))
",0.000,-9999999.000,-9999999.000,0.000,1.000,0,14,0,123,123,14,0,137,0.0,1.0,0.0,0.0,0.10218978102189781,0.8978102189781022
"F[0,0](SODIUM >= 129.851 -> tte <= -1.193)
",-0.240,-3.704,-2.520,0.000,1.000,9,4,54,70,79,58,63,74,0.11392405063291139,0.06896551724137931,0.9310344827586207,0.14285714285714285,0.0948905109489051,0.9051094890510949
"((edrk <= 31.933) U[1,2] (HEMOGLOBIN <= 16.581))
",0.000,-9999999.000,-9999999.000,0.000,1.000,0,12,2,123,123,14,2,135,0.0,0.8571428571428571,0.14285714285714285,0.0,0.08759124087591241,0.9124087591240876
"F[0,2](Glasgow_Coma_Scale_Total >= 14.204 & WHITE_BLOOD_CELL_COUNT >= 5.006)
",0.000,-9999999.000,-9999999.000,0.000,1.000,0,12,0,125,125,12,0,137,0.0,1.0,0.0,0.0,0.08759124087591241,0.9124087591240876
"((CHLORIDE >= 97.889) U[1,2] (hr >= 103.971))
",0.000,-9999999.000,-9999999.000,0.000,1.000,6,4,26,101,107,30,32,105,0.056074766355140186,0.13333333333333333,0.8666666666666667,0.1875,0.072992700729927,0.927007299270073
"((death <= 0.950) U[1,2] (ICU_Pt_Days >= 0.161))
",0.000,-9999999.000,-9999999.000,0.000,1.000,0,10,2,125,125,12,2,135,0.0,0.8333333333333334,0.16666666666666666,0.0,0.072992700729927,0.927007299270073
"F[0,0](Temp <= 37.111 -> y <= 0.584)
",0.052,-0.641,-0.669,0.000,1.000,0,10,48,79,79,58,48,89,0.0,0.1724137931034483,0.8275862068965517,0.0,0.072992700729927,0.927007299270073
"F[0,2](n_edrk <= 0.978 & SBP <= 115.316)
",0.000,-9999999.000,-9999999.000,0.000,1.000,0,8,0,129,129,8,0,137,0.0,1.0,0.0,0.0,0.058394160583941604,0.9416058394160584
"F[1,1](POTASSIUM <= 4.270 & tte <= -0.913)
",1.148,0.180,-0.399,0.000,1.000,1,6,52,78,79,58,53,84,0.012658227848101266,0.10344827586206896,0.896551724137931,0.018867924528301886,0.051094890510948905,0.948905109489051
"((MAGNESIUM >= 2.220) U[0,1] (y <= 0.601))
",0.000,-9999999.000,-9999999.000,0.000,1.000,0,5,53,79,79,58,53,84,0.0,0.08620689655172414,0.9137931034482759,0.0,0.0364963503649635,0.9635036496350365
"F[1,2](n_edrk >= 0.331 -> y = 0.831)
",0.000,-9999999.000,-9999999.000,0.000,1.000,0,4,0,133,133,4,0,137,0.0,1.0,0.0,0.0,0.029197080291970802,0.9708029197080292
"F[1,2](AF >= 0.006 | Glasgow_Coma_Scale_Total <= 14.993)
",0.000,-9999999.000,-9999999.000,0.000,1.000,0,4,0,133,133,4,0,137,0.0,1.0,0.0,0.0,0.029197080291970802,0.9708029197080292
"((O2_Flow >= 2.492) U[1,2] (y <= 0.496))
",0.000,-9999999.000,-9999999.000,0.000,1.000,0,3,2,132,132,5,2,135,0.0,0.6,0.4,0.0,0.021897810218978103,0.9781021897810219
"F[0,2](CALCIUM <= 9.334 & ICU_Pt_Days <= 0.584)
",0.000,-9999999.000,-9999999.000,0.000,1.000,0,2,0,135,135,2,0,137,0.0,1.0,0.0,0.0,0.014598540145985401,0.9854014598540146
"((CREATININE >= 1.250) U[0,2] (y = 0.643))
",0.000,-9999999.000,-9999999.000,0.000,1.000,0,0,0,137,137,0,0,137,0.0,0.0,0.0,0.0,0.0,1.0
"F[2,2](AF >= 0.006 -> y = 0.500)
",0.333,0.006,0.006,0.000,1.000,0,0,0,137,137,0,0,137,0.0,0.0,0.0,0.0,0.0,1.0
"F[0,2](s2_hr <= 0.015 & y = 0.099)
",0.000,-9999999.000,-9999999.000,0.000,1.000,0,0,0,137,137,0,0,137,0.0,0.0,0.0,0.0,0.0,1.0
"F[2,2](dfa < 1.196 & y = 0.033)
",3.564,-0.035,-0.902,0.000,1.000,0,0,0,137,137,0,0,137,0.0,0.0,0.0,0.0,0.0,1.0
"((PHOSPHORUS > 3.879) U[1,2] (y = 0.413))
",0.000,-9999999.000,-9999999.000,0.000,1.000,0,0,0,137,137,0,0,137,0.0,0.0,0.0,0.0,0.0,1.0
"((BLOOD_UREA_NITROGEN >= 31.700) U[2,2] (PLATELET_COUNT >= 151.020))
",0.065,49.030,48.016,0.000,1.000,0,0,0,137,137,0,0,137,0.0,0.0,0.0,0.0,0.0,1.0
"F[0,2](BLOOD_UREA_NITROGEN >= 52.861 & HEMOGLOBIN <= 16.389)
",0.000,-9999999.000,-9999999.000,0.000,1.000,0,0,0,137,137,0,0,137,0.0,0.0,0.0,0.0,0.0,1.0
"((lds <= 1.868) U[2,2] (Pulse >= 92.788))
",0.205,15.410,11.409,0.000,1.000,0,0,0,137,137,0,0,137,0.0,0.0,0.0,0.0,0.0,1.0
"((PCO2 >= 39.500) U[0,2] (y = 0.767))
",0.000,-9999999.000,-9999999.000,0.000,1.000,0,0,0,137,137,0,0,137,0.0,0.0,0.0,0.0,0.0,1.0
"((ALT_GPT > 22.000) U[0,2] (y = 0.407))
",0.000,-9999999.000,-9999999.000,0.000,1.000,0,0,0,137,137,0,0,137,0.0,0.0,0.0,0.0,0.0,1.0
"F[2,2](LACTIC_ACID < 1.300 -> y = 0.408)
",0.000,-0.000,-0.000,0.000,1.000,0,0,0,137,137,0,0,137,0.0,0.0,0.0,0.0,0.0,1.0
"((ALKALINE_PHOSPHATASE > 91.000) U[0,2] (y = 0.039))
",0.000,-9999999.000,-9999999.000,0.000,1.000,0,0,0,137,137,0,0,137,0.0,0.0,0.0,0.0,0.0,1.0
"((n_evts > 1.000) U[0,2] (y = 0.263))
",0.000,-9999999.000,-9999999.000,0.000,1.000,0,0,0,137,137,0,0,137,0.0,0.0,0.0,0.0,0.0,1.0
"((Glasgow_Coma_Scale_Total <= 14.992) U[2,2] (y = 0.754))
",-0.189,-0.008,0.026,0.000,1.000,0,0,0,137,137,0,0,137,0.0,0.0,0.0,0.0,0.0,1.0
"F[2,2](edrk >= 21.538 -> MAGNESIUM >= 2.167)
",-0.034,-3.483,-3.298,0.000,1.000,0,0,0,137,137,0,0,137,0.0,0.0,0.0,0.0,0.0,1.0
"F[2,2](CREATININE >= 1.162 | srr >= 0.012)
",-0.047,0.264,0.280,0.000,1.000,0,0,0,137,137,0,0,137,0.0,0.0,0.0,0.0,0.0,1.0
"((LOS >= 2.399) U[1,2] (y = 0.849))
",0.000,-9999999.000,-9999999.000,0.000,1.000,0,0,0,137,137,0,0,137,0.0,0.0,0.0,0.0,0.0,1.0
"F[2,2](BLOOD_UREA_NITROGEN <= 69.648 & CREATININE >= 1.374)
",-0.013,-4.663,-4.575,0.000,1.000,0,0,0,137,137,0,0,137,0.0,0.0,0.0,0.0,0.0,1.0
"F[0,2](BLOOD_UREA_NITROGEN <= 62.658 & CREATININE >= 1.286)
",0.000,-9999999.000,-9999999.000,0.000,1.000,0,0,0,137,137,0,0,137,0.0,0.0,0.0,0.0,0.0,1.0
"((MET >= 0.550) U[2,2] (death = 0.927))
",0.499,0.450,0.260,0.000,1.000,0,0,0,137,137,0,0,137,0.0,0.0,0.0,0.0,0.0,1.0
"((SBP >= 82.455) U[2,2] (WHITE_BLOOD_CELL_COUNT <= 8.285))
",-0.268,14.644,18.867,0.000,1.000,0,0,0,137,137,0,0,137,0.0,0.0,0.0,0.0,0.0,1.0
"((MET >= 0.368) U[2,2] (death = 0.927))
",0.507,0.632,0.435,0.000,1.000,0,0,0,137,137,0,0,137,0.0,0.0,0.0,0.0,0.0,1.0
"((s24_hr <= 0.009) U[2,2] (srr <= 0.163))
",0.379,0.150,0.132,0.000,1.000,0,0,0,137,137,0,0,137,0.0,0.0,0.0,0.0,0.0,1.0
"F[2,2](lds >= 1.172 -> s8_hr >= -0.001)
",-0.334,-0.658,-0.514,0.000,1.000,0,0,0,137,137,0,0,137,0.0,0.0,0.0,0.0,0.0,1.0
"F[1,2](BLOOD_UREA_NITROGEN <= 71.283 & CREATININE >= 1.363)
",0.000,-9999999.000,-9999999.000,0.000,1.000,0,0,0,137,137,0,0,137,0.0,0.0,0.0,0.0,0.0,1.0
"F[1,2](BLOOD_UREA_NITROGEN <= 65.227 & CREATININE >= 1.380)
",0.000,-9999999.000,-9999999.000,0.000,1.000,0,0,0,137,137,0,0,137,0.0,0.0,0.0,0.0,0.0,1.0
"((MET >= 0.781) U[1,2] (death = 0.927))
",0.000,-9999999.000,-9999999.000,0.000,1.000,0,0,0,137,137,0,0,137,0.0,0.0,0.0,0.0,0.0,1.0
"((MET >= 0.074) U[0,2] (death = 0.927))
",0.000,-9999999.000,-9999999.000,0.000,1.000,0,0,0,137,137,0,0,137,0.0,0.0,0.0,0.0,0.0,1.0
"F[2,2](BLOOD_UREA_NITROGEN <= 68.763 & CREATININE >= 1.133)
",-0.005,-5.231,-5.188,0.000,1.000,0,0,0,137,137,0,0,137,0.0,0.0,0.0,0.0,0.0,1.0
"F[0,2](BLOOD_UREA_NITROGEN <= 66.763 & CREATININE >= 1.117)
",0.000,-9999999.000,-9999999.000,0.000,1.000,0,0,0,137,137,0,0,137,0.0,0.0,0.0,0.0,0.0,1.0
"F[1,2](BLOOD_UREA_NITROGEN <= 63.950 & CREATININE >= 1.257)
",0.000,-9999999.000,-9999999.000,0.000,1.000,0,0,0,137,137,0,0,137,0.0,0.0,0.0,0.0,0.0,1.0
"((cosen >= -2.403) U[2,2] (Mort >= 0.859))
",-0.178,0.210,0.264,0.000,1.000,0,0,0,137,137,0,0,137,0.0,0.0,0.0,0.0,0.0,1.0
"((CALCIUM >= 9.041) U[2,2] (y = 0.304))
",-0.577,0.131,0.459,0.000,1.000,0,0,0,137,137,0,0,137,0.0,0.0,0.0,0.0,0.0,1.0
"F[1,2](TROPONIN_I > 0.063 & y = 0.102)
",0.000,-9999999.000,-9999999.000,0.000,1.000,0,0,0,137,137,0,0,137,0.0,0.0,0.0,0.0,0.0,1.0
"((O2_Flow > 2.464) U[0,2] (y = 0.245))
",0.000,-9999999.000,-9999999.000,0.000,1.000,0,0,0,137,137,0,0,137,0.0,0.0,0.0,0.0,0.0,1.0
"((cosen >= -2.382) U[2,2] (POTASSIUM >= 3.815))
",0.117,0.296,0.247,0.000,1.000,0,0,0,137,137,0,0,137,0.0,0.0,0.0,0.0,0.0,1.0
"((Mort > 0.487) U[0,2] (y = 0.411))
",0.000,-9999999.000,-9999999.000,0.000,1.000,0,0,0,137,137,0,0,137,0.0,0.0,0.0,0.0,0.0,1.0
"((MAGNESIUM >= 2.223) U[2,2] (y = 0.831))
",0.458,0.074,-0.055,0.000,1.000,0,0,0,137,137,0,0,137,0.0,0.0,0.0,0.0,0.0,1.0
"F[1,2](cosen < -2.031 & y = 0.303)
",0.000,-9999999.000,-9999999.000,0.000,1.000,0,0,0,137,137,0,0,137,0.0,0.0,0.0,0.0,0.0,1.0
"((SBP < 153.140) U[2,2] (y = 0.204))
",0.215,56.550,52.519,0.000,1.000,0,0,0,137,137,0,0,137,0.0,0.0,0.0,0.0,0.0,1.0
"((POTASSIUM <= 4.283) U[0,2] (y = 0.823))
",0.000,-9999999.000,-9999999.000,0.000,1.000,0,0,0,137,137,0,0,137,0.0,0.0,0.0,0.0,0.0,1.0
"((BLOOD_UREA_NITROGEN <= 72.690) U[2,2] (Pulse <= 162.431))
",-0.221,55.072,60.440,0.000,1.000,0,0,0,137,137,0,0,137,0.0,0.0,0.0,0.0,0.0,1.0
"((CALCIUM >= 8.947) U[2,2] (CO2 <= 24.842))
",-0.394,1.232,2.248,0.000,1.000,0,0,0,137,137,0,0,137,0.0,0.0,0.0,0.0,0.0,1.0
"((CREATININE >= 1.336) U[2,2] (WHITE_BLOOD_CELL_COUNT >= 4.611))
",0.047,1.207,1.056,0.000,1.000,0,0,0,137,137,0,0,137,0.0,0.0,0.0,0.0,0.0,1.0
"F[2,2](MET >= 0.354 & srr >= 0.009)
",0.391,0.005,-0.060,0.000,1.000,0,0,0,137,137,0,0,137,0.0,0.0,0.0,0.0,0.0,1.0
"F[2,2](AF <= 0.107 & cosen >= -2.206)
",0.094,-0.009,-0.024,0.000,1.000,0,0,0,137,137,0,0,137,0.0,0.0,0.0,0.0,0.0,1.0
"F[2,2](Glasgow_Coma_Scale_Total >= 14.633 | s8_edrk <= 0.005)
",0.189,0.367,0.355,0.000,1.000,0,0,0,137,137,0,0,137,0.0,0.0,0.0,0.0,0.0,1.0
"((death <= 0.965) U[2,2] (hr <= 134.355))
",-0.369,24.031,30.995,0.000,1.000,0,0,0,137,137,0,0,137,0.0,0.0,0.0,0.0,0.0,1.0
"((MET >= 0.191) U[1,2] (death = 0.927))
",0.000,-9999999.000,-9999999.000,0.000,1.000,0,0,0,137,137,0,0,137,0.0,0.0,0.0,0.0,0.0,1.0
"F[2,2](s8_hr >= -0.001 & srr >= 0.005)
",0.332,0.001,0.000,0.000,1.000,0,0,0,137,137,0,0,137,0.0,0.0,0.0,0.0,0.0,1.0
"((CREATININE >= 1.150) U[1,2] (ICU_Pt_Days >= 0.257))
",0.000,-9999999.000,-9999999.000,0.000,1.000,0,0,12,125,125,12,12,125,0.0,0.0,1.0,0.0,0.0,1.0
"F[2,2](CREATININE <= 1.673 | death >= 0.898)
",0.047,0.284,0.267,0.000,1.000,0,0,0,137,137,0,0,137,0.0,0.0,0.0,0.0,0.0,1.0
"F[2,2](SODIUM >= 131.900 & y <= 0.894)
",0.657,0.348,-0.743,0.000,1.000,0,0,0,137,137,0,0,137,0.0,0.0,0.0,0.0,0.0,1.0
"((CALCIUM >= 9.171) U[2,2] (Pulse <= 177.253))
",-0.215,69.894,75.149,0.000,1.000,0,0,0,137,137,0,0,137,0.0,0.0,0.0,0.0,0.0,1.0
"((CHLORIDE <= 101.407) U[2,2] (edrk <= 29.578))
",-0.352,4.968,7.148,0.000,1.000,0,0,0,137,137,0,0,137,0.0,0.0,0.0,0.0,0.0,1.0
"F[2,2](s24_hr >= -0.001 | s2_edrk <= 0.000)
",-0.091,0.001,0.002,0.000,1.000,0,0,0,137,137,0,0,137,0.0,0.0,0.0,0.0,0.0,1.0
"F[2,2](n_edrk >= 0.575 | PROTIME_INR <= 2.437)
",0.247,0.785,0.629,0.000,1.000,0,0,0,137,137,0,0,137,0.0,0.0,0.0,0.0,0.0,1.0
"((death >= 0.904) U[2,2] (PROTIME_INR >= 1.729))
",-0.091,0.150,0.217,0.000,1.000,0,0,0,137,137,0,0,137,0.0,0.0,0.0,0.0,0.0,1.0
"((CHLORIDE >= 98.659) U[2,2] (O2_Flow <= 4.782))
",0.219,1.848,1.399,0.000,1.000,0,0,0,137,137,0,0,137,0.0,0.0,0.0,0.0,0.0,1.0
"F[2,2](death >= 0.678 | MAGNESIUM <= 2.389)
",0.046,0.341,0.338,0.000,1.000,0,0,0,137,137,0,0,137,0.0,0.0,0.0,0.0,0.0,1.0
"((edrk <= 29.522) U[2,2] (PLATELET_COUNT >= 141.797))
",0.043,23.251,20.776,0.000,1.000,0,0,0,137,137,0,0,137,0.0,0.0,0.0,0.0,0.0,1.0
"F[2,2](CHLORIDE <= 100.015 | n_edrk >= 0.282)
",-0.701,0.979,2.385,0.000,1.000,0,0,0,137,137,0,0,137,0.0,0.0,0.0,0.0,0.0,1.0
"((BLOOD_UREA_NITROGEN >= 41.707) U[2,2] (srr <= 0.037))
",-0.035,24.652,25.701,0.000,1.000,0,0,0,137,137,0,0,137,0.0,0.0,0.0,0.0,0.0,1.0
"F[2,2](Resp <= 30.066 | s24_edrk <= 0.001)
",0.017,10.064,9.962,0.000,1.000,0,0,0,137,137,0,0,137,0.0,0.0,0.0,0.0,0.0,1.0
"F[2,2](Mort >= 0.127 | PROTIME_INR >= 1.283)
",0.115,0.905,0.827,0.000,1.000,0,0,0,137,137,0,0,137,0.0,0.0,0.0,0.0,0.0,1.0
"((HEMOGLOBIN <= 16.098) U[2,2] (TROPONIN_I >= 0.074))
",0.047,1.667,1.422,0.000,1.000,0,0,0,137,137,0,0,137,0.0,0.0,0.0,0.0,0.0,1.0
"F[2,2](ICU_Pt_Days <= 2.541 & WHITE_BLOOD_CELL_COUNT <= 6.925)
",-0.001,1.395,1.401,0.000,1.000,0,0,0,137,137,0,0,137,0.0,0.0,0.0,0.0,0.0,1.0
"F[2,2](hr >= 107.096 & s2_hr <= 0.015)
",0.350,-2.284,-6.251,0.000,1.000,0,0,0,137,137,0,0,137,0.0,0.0,0.0,0.0,0.0,1.0
"((MET >= 0.147) U[2,2] (Pulse <= 130.304))
",-0.215,22.945,28.201,0.000,1.000,0,0,0,137,137,0,0,137,0.0,0.0,0.0,0.0,0.0,1.0
"((SODIUM >= 128.213) U[2,2] (WHITE_BLOOD_CELL_COUNT <= 7.422))
",0.189,5.470,4.623,0.000,1.000,0,0,0,137,137,0,0,137,0.0,0.0,0.0,0.0,0.0,1.0
"((CHLORIDE <= 101.086) U[2,2] (PROTIME_INR >= 1.524))
",-0.635,1.022,3.056,0.000,1.000,0,0,0,137,137,0,0,137,0.0,0.0,0.0,0.0,0.0,1.0
"F[1,2](CO2 >= 22.423 & PLATELET_COUNT <= 183.605)
",0.000,-9999999.000,-9999999.000,0.000,1.000,0,0,0,137,137,0,0,137,0.0,0.0,0.0,0.0,0.0,1.0
"F[2,2](s24_hr >= -0.001 -> s2_hr <= 0.001)
",0.257,-0.001,-0.002,0.000,1.000,0,0,0,137,137,0,0,137,0.0,0.0,0.0,0.0,0.0,1.0
"((PROTIME_INR >= 1.664) U[2,2] (WHITE_BLOOD_CELL_COUNT <= 5.488))
",0.159,1.302,0.992,0.000,1.000,0,0,0,137,137,0,0,137,0.0,0.0,0.0,0.0,0.0,1.0
"F[2,2](edrk >= 18.515 & MET >= 0.328)
",0.356,0.630,-0.154,0.000,1.000,0,0,0,137,137,0,0,137,0.0,0.0,0.0,0.0,0.0,1.0
"((PHOSPHORUS <= 4.936) U[2,2] (SODIUM <= 135.599))
",-0.370,2.912,3.939,0.000,1.000,0,0,0,137,137,0,0,137,0.0,0.0,0.0,0.0,0.0,1.0
"F[2,2](PHOSPHORUS >= 3.617 & WHITE_BLOOD_CELL_COUNT >= 3.477)
",-0.571,-0.022,0.297,0.000,1.000,0,0,0,137,137,0,0,137,0.0,0.0,0.0,0.0,0.0,1.0
"F[2,2](GLUCOSE >= 91.633 & PROTIME_INR >= 1.727)
",0.921,-0.494,-4.149,0.000,1.000,0,0,0,137,137,0,0,137,0.0,0.0,0.0,0.0,0.0,1.0
"F[2,2](PHOSPHORUS <= 4.353 -> Pulse <= 105.781)
",0.190,-4.219,-7.345,0.000,1.000,0,0,0,137,137,0,0,137,0.0,0.0,0.0,0.0,0.0,1.0
"F[2,2](CREATININE >= 1.192 -> MET <= 0.983)
",0.449,-0.237,-0.450,0.000,1.000,0,0,0,137,137,0,0,137,0.0,0.0,0.0,0.0,0.0,1.0
"((af >= 0.000) U[2,2] (cosen >= -2.289))
",-0.163,0.089,0.141,0.000,1.000,0,0,0,137,137,0,0,137,0.0,0.0,0.0,0.0,0.0,1.0
"F[1,2](HEMOGLOBIN >= 12.255 & MET <= 0.921)
",0.000,-9999999.000,-9999999.000,0.000,1.000,0,0,0,137,137,0,0,137,0.0,0.0,0.0,0.0,0.0,1.0
"F[2,2](GLUCOSE >= 102.326 | HEMOGLOBIN >= 14.457)
",0.426,13.195,5.657,0.000,1.000,0,0,0,137,137,0,0,137,0.0,0.0,0.0,0.0,0.0,1.0
"F[2,2](BLOOD_UREA_NITROGEN >= 55.275 -> MET <= 0.929)
",0.039,-14.885,-15.602,0.000,1.000,0,0,0,137,137,0,0,137,0.0,0.0,0.0,0.0,0.0,1.0
"((hr >= 107.689) U[2,2] (MET <= 0.916))
",0.266,5.128,2.468,0.000,1.000,0,0,0,137,137,0,0,137,0.0,0.0,0.0,0.0,0.0,1.0
"F[2,2](lds >= 0.720 | TROPONIN_I <= 0.076)
",0.327,1.104,0.920,0.000,1.000,0,0,0,137,137,0,0,137,0.0,0.0,0.0,0.0,0.0,1.0
"F[2,2](HEMOGLOBIN >= 14.697 & ICU_Pt_Days >= 0.084)
",-0.046,-1.329,-1.150,0.000,1.000,0,0,0,137,137,0,0,137,0.0,0.0,0.0,0.0,0.0,1.0
"F[2,2](SBP <= 128.125 & TROPONIN_I >= 0.060)
",0.697,0.019,0.009,0.000,1.000,0,0,0,137,137,0,0,137,0.0,0.0,0.0,0.0,0.0,1.0
"F[2,2](Glasgow_Coma_Scale_Total >= 14.123 -> TROPONIN_I >= 0.075)
",-0.189,-0.877,-0.846,0.000,1.000,0,0,0,137,137,0,0,137,0.0,0.0,0.0,0.0,0.0,1.0
"F[2,2](AF <= 0.381 | WHITE_BLOOD_CELL_COUNT >= 4.404)
",0.045,1.404,1.261,0.000,1.000,0,0,0,137,137,0,0,137,0.0,0.0,0.0,0.0,0.0,1.0
