Rule,Discrimination Score,Pos Robustness,Neg Robustness,Percent Class +,Percent Class -,TP,TN,FP,FN,Actual Yes,Actual No,Predicted Yes,Predicted No,TPR/Sens,TNR/Spec,FPR,Precision,Accuracy,MCR,Class
"G[1,1](n_evts <= 0.524 & y <= 0.195)
",8.277,0.195,-0.758,1.000,0.000,380,14,0,0,380,14,380,14,1.0,1.0,0.0,1.0,1.0,0.0,1
"F[0,1](LOS <= 21.818 | MET >= 0.005)
",0.000,-9999999.000,-9999999.000,0.000,1.000,380,14,0,0,380,14,380,14,1.0,1.0,0.0,1.0,1.0,0.0,-1
"((HEMOGLOBIN >= 7.777) U[1,1] (LOS <= 21.972))
",-2.893,0.360,14.401,0.000,1.000,380,14,0,0,380,14,380,14,1.0,1.0,0.0,1.0,1.0,0.0,-1
"((hr >= 78.547) U[0,0] (n_evts >= 0.008))
",-0.970,7.953,25.337,0.000,1.000,380,14,0,0,380,14,380,14,1.0,1.0,0.0,1.0,1.0,0.0,-1
"F[0,1](Glasgow_Coma_Scale_Total <= 14.993 | LOS <= 21.696)
",0.000,-9999999.000,-9999999.000,0.000,1.000,380,14,0,0,380,14,380,14,1.0,1.0,0.0,1.0,1.0,0.0,-1
"((BLOOD_UREA_NITROGEN >= 21.662) U[0,1] (ICU_Pt_Days <= 7.914))
",0.000,-9999999.000,-9999999.000,0.000,1.000,380,14,0,0,380,14,380,14,1.0,1.0,0.0,1.0,1.0,0.0,-1
"((AF <= 0.328) U[0,0] (ICU_Pt_Days <= 7.964))
",-2.578,0.328,3.822,0.000,1.000,380,14,0,0,380,14,380,14,1.0,1.0,0.0,1.0,1.0,0.0,-1
"((af <= 0.095) U[0,0] (LOS <= 21.714))
",-3.397,0.095,14.143,0.000,1.000,380,14,0,0,380,14,380,14,1.0,1.0,0.0,1.0,1.0,0.0,-1
"F[1,1](n_evts <= 0.621 -> y = 0.689)
",-39.796,-0.621,0.321,0.000,1.000,380,14,0,0,380,14,380,14,1.0,1.0,0.0,1.0,1.0,0.0,-1
"((hr >= 79.906) U[0,1] (LOS <= 21.571))
",0.000,-9999999.000,-9999999.000,0.000,1.000,380,14,0,0,380,14,380,14,1.0,1.0,0.0,1.0,1.0,0.0,-1
"G[0,0](lds >= 1.752 | n_evts <= 0.973)
",8.699,0.973,0.018,1.000,0.000,380,12,2,0,380,14,382,12,1.0,0.8571428571428571,0.14285714285714285,0.9947643979057592,0.9949238578680203,0.005076142131979711,1
"((LOS <= 21.789) U[1,2] (tte >= -3.108))
",0.000,-9999999.000,-9999999.000,0.000,1.000,380,12,0,2,382,12,380,14,0.9947643979057592,1.0,0.0,1.0,0.9949238578680203,0.005076142131979711,-1
"F[0,1](lds <= 2.050 & tte <= -0.018)
",0.000,-9999999.000,-9999999.000,0.000,1.000,380,11,3,0,380,14,383,11,1.0,0.7857142857142857,0.21428571428571427,0.9921671018276762,0.9923857868020305,0.0076142131979695105,-1
"((MAGNESIUM >= 1.730) U[0,1] (tte <= -0.010))
",0.000,-9999999.000,-9999999.000,0.000,1.000,380,11,3,0,380,14,383,11,1.0,0.7857142857142857,0.21428571428571427,0.9921671018276762,0.9923857868020305,0.0076142131979695105,-1
"F[0,1](PLATELET_COUNT <= 341.833 & tte <= -0.013)
",0.000,-9999999.000,-9999999.000,0.000,1.000,380,11,3,0,380,14,383,11,1.0,0.7857142857142857,0.21428571428571427,0.9921671018276762,0.9923857868020305,0.0076142131979695105,-1
"F[0,1](MET >= 0.004 | tte <= -0.009)
",0.000,-9999999.000,-9999999.000,0.000,1.000,380,11,3,0,380,14,383,11,1.0,0.7857142857142857,0.21428571428571427,0.9921671018276762,0.9923857868020305,0.0076142131979695105,-1
"((srr <= 0.065) U[0,1] (y >= 0.004))
",0.000,-9999999.000,-9999999.000,0.000,1.000,380,9,5,0,380,14,385,9,1.0,0.6428571428571429,0.35714285714285715,0.987012987012987,0.9873096446700508,0.012690355329949221,-1
"((MET >= 0.000) U[0,1] (y >= 0.004))
",0.000,-9999999.000,-9999999.000,0.000,1.000,380,9,5,0,380,14,385,9,1.0,0.6428571428571429,0.35714285714285715,0.987012987012987,0.9873096446700508,0.012690355329949221,-1
"G[1,1](Mort <= 0.292 | n_evts <= 0.412)
",1.143,0.412,-0.085,1.000,0.000,380,7,7,0,380,14,387,7,1.0,0.5,0.5,0.9819121447028424,0.9822335025380711,0.017766497461928932,1
"G[1,1](Pulse <= 100.005 & s24_edrk <= 0.002)
",1.029,0.002,-5.997,1.000,0.000,380,7,7,0,380,14,387,7,1.0,0.5,0.5,0.9819121447028424,0.9822335025380711,0.017766497461928932,1
"G[0,0](CHLORIDE >= 93.017 -> Mort <= 0.075)
",3.395,-0.864,-8.983,1.000,0.000,380,7,7,0,380,14,387,7,1.0,0.5,0.5,0.9819121447028424,0.9822335025380711,0.017766497461928932,1
"((CHLORIDE >= 93.677) U[1,1] (direct >= 0.007))
",-3.413,0.682,8.323,0.000,1.000,380,7,7,0,380,14,387,7,1.0,0.5,0.5,0.9819121447028424,0.9822335025380711,0.017766497461928932,-1
"G[0,0](MAGNESIUM <= 1.968 | srr <= 0.102)
",1.349,0.169,0.019,1.000,0.000,380,5,9,0,380,14,389,5,1.0,0.35714285714285715,0.6428571428571429,0.9768637532133676,0.9771573604060914,0.022842639593908642,1
"G[0,1](MET >= 0.004 | Mort <= 0.804)
",0.000,9999999.000,9999999.000,1.000,0.000,380,5,9,0,380,14,389,5,1.0,0.35714285714285715,0.6428571428571429,0.9768637532133676,0.9771573604060914,0.022842639593908642,1
"F[0,1](hr <= 103.308 & y >= 0.017)
",0.000,-9999999.000,-9999999.000,0.000,1.000,380,5,9,0,380,14,389,5,1.0,0.35714285714285715,0.6428571428571429,0.9768637532133676,0.9771573604060914,0.022842639593908642,-1
"F[0,1](death >= 0.001 & LOS <= 21.785)
",0.000,-9999999.000,-9999999.000,0.000,1.000,380,4,10,0,380,14,390,4,1.0,0.2857142857142857,0.7142857142857143,0.9743589743589743,0.9746192893401016,0.025380710659898442,-1
"G[0,1](death >= 0.010 -> n_evts <= 0.775)
",0.000,9999999.000,9999999.000,1.000,0.000,380,4,10,0,380,14,390,4,1.0,0.2857142857142857,0.7142857142857143,0.9743589743589743,0.9746192893401016,0.025380710659898442,1
"G[0,1](death <= 0.322 | lds >= 1.359)
",0.000,9999999.000,9999999.000,1.000,0.000,380,4,10,0,380,14,390,4,1.0,0.2857142857142857,0.7142857142857143,0.9743589743589743,0.9746192893401016,0.025380710659898442,1
"((AF >= 0.002) U[0,1] (Glasgow_Coma_Scale_Total <= 14.995))
",0.000,-9999999.000,-9999999.000,0.000,1.000,380,4,10,0,380,14,390,4,1.0,0.2857142857142857,0.7142857142857143,0.9743589743589743,0.9746192893401016,0.025380710659898442,-1
"((MET >= 0.001) U[1,1] (s2_edrk >= -0.008))
",-0.633,0.008,0.291,0.000,1.000,380,2,12,0,380,14,392,2,1.0,0.14285714285714285,0.8571428571428571,0.9693877551020408,0.9695431472081218,0.030456852791878153,-1
"G[1,1](AF >= 0.001 -> HEMOGLOBIN <= 8.941)
",-1.320,-1.021,-0.142,1.000,0.000,380,2,12,0,380,14,392,2,1.0,0.14285714285714285,0.8571428571428571,0.9693877551020408,0.9695431472081218,0.030456852791878153,1
"G[0,1](n_edrk >= 0.049 | tte >= -2.398)
",0.000,9999999.000,9999999.000,1.000,0.000,380,2,12,0,380,14,392,2,1.0,0.14285714285714285,0.8571428571428571,0.9693877551020408,0.9695431472081218,0.030456852791878153,1
"G[0,0](n_edrk >= 0.574 | srr <= 0.058)
",1.167,0.415,0.144,1.000,0.000,379,3,11,1,380,14,390,4,0.9973684210526316,0.21428571428571427,0.7857142857142857,0.9717948717948718,0.9695431472081218,0.030456852791878153,1
"G[0,0](AF >= 0.002 -> y = 0.189)
",0.632,0.002,-0.141,1.000,0.000,380,2,12,0,380,14,392,2,1.0,0.14285714285714285,0.8571428571428571,0.9693877551020408,0.9695431472081218,0.030456852791878153,1
"G[0,0](direct >= 0.002 | s24_edrk <= 0.003)
",-1.152,0.003,0.571,1.000,0.000,380,1,13,0,380,14,393,1,1.0,0.07142857142857142,0.9285714285714286,0.9669211195928753,0.9670050761421319,0.032994923857868064,1
"G[0,0](n_evts >= 0.032 -> POTASSIUM <= 4.674)
",2.064,-0.232,-0.968,1.000,0.000,380,0,14,0,380,14,394,0,1.0,0.0,1.0,0.9644670050761421,0.9644670050761421,0.035532994923857864,1
"((MET >= 0.004) U[0,1] (death = 0.010))
",0.000,-9999999.000,-9999999.000,0.000,1.000,380,0,14,0,380,14,394,0,1.0,0.0,1.0,0.9644670050761421,0.9644670050761421,0.035532994923857864,-1
"((MET >= 0.003) U[1,1] (death = 0.010))
",-0.632,-0.003,0.283,0.000,1.000,380,0,14,0,380,14,394,0,1.0,0.0,1.0,0.9644670050761421,0.9644670050761421,0.035532994923857864,-1
"((LOS <= 21.585) U[1,1] (WHITE_BLOOD_CELL_COUNT >= 10.449))
",-0.801,7.403,14.014,0.000,1.000,380,0,14,0,380,14,394,0,1.0,0.0,1.0,0.9644670050761421,0.9644670050761421,0.035532994923857864,-1
"((MET >= 0.003) U[0,1] (death = 0.010))
",0.000,-9999999.000,-9999999.000,0.000,1.000,380,0,14,0,380,14,394,0,1.0,0.0,1.0,0.9644670050761421,0.9644670050761421,0.035532994923857864,-1
"((Glasgow_Coma_Scale_Total <= 14.994) U[1,1] (y = 0.067))
",-1.155,-0.006,0.565,0.000,1.000,380,0,14,0,380,14,394,0,1.0,0.0,1.0,0.9644670050761421,0.9644670050761421,0.035532994923857864,-1
"F[0,0](n_evts >= 0.010 & PLATELET_COUNT >= 252.534)
",2.837,-4.489,-40.534,0.000,1.000,380,0,14,0,380,14,394,0,1.0,0.0,1.0,0.9644670050761421,0.9644670050761421,0.035532994923857864,-1
"((MET >= 0.004) U[0,0] (death = 0.010))
",-0.632,-0.004,0.282,0.000,1.000,380,0,14,0,380,14,394,0,1.0,0.0,1.0,0.9644670050761421,0.9644670050761421,0.035532994923857864,-1
"((MET >= 0.005) U[0,1] (death = 0.010))
",0.000,-9999999.000,-9999999.000,0.000,1.000,380,0,14,0,380,14,394,0,1.0,0.0,1.0,0.9644670050761421,0.9644670050761421,0.035532994923857864,-1
"G[0,1](n_evts <= 0.303 -> LOS >= 10.925)
",0.000,9999999.000,9999999.000,1.000,0.000,380,0,14,0,380,14,394,0,1.0,0.0,1.0,0.9644670050761421,0.9644670050761421,0.035532994923857864,1
"G[0,1](ALKALINE_PHOSPHATASE > 91.000 -> y = 0.994)
",0.000,9999999.000,9999999.000,1.000,0.000,380,0,14,0,380,14,394,0,1.0,0.0,1.0,0.9644670050761421,0.9644670050761421,0.035532994923857864,1
"((Resp < 18.696) U[0,1] (y = 0.291))
",0.000,-9999999.000,-9999999.000,0.000,1.000,380,0,14,0,380,14,394,0,1.0,0.0,1.0,0.9644670050761421,0.9644670050761421,0.035532994923857864,-1
"G[0,0](MAGNESIUM <= 1.900 -> n_edrk >= 0.077)
",-0.980,-0.907,-0.472,1.000,0.000,380,0,14,0,380,14,394,0,1.0,0.0,1.0,0.9644670050761421,0.9644670050761421,0.035532994923857864,1
"G[1,1](ICU_Pt_Days <= 7.915 -> srr >= 0.005)
",2.749,-0.011,-3.772,1.000,0.000,380,0,14,0,380,14,394,0,1.0,0.0,1.0,0.9644670050761421,0.9644670050761421,0.035532994923857864,1
"G[0,0](s8_edrk >= -0.005 & s8_hr >= -0.001)
",-0.105,0.001,0.001,1.000,0.000,380,0,14,0,380,14,394,0,1.0,0.0,1.0,0.9644670050761421,0.9644670050761421,0.035532994923857864,1
"G[1,1](SpO2 >= 85.879 | srr >= 0.006)
",0.257,10.595,8.978,1.000,0.000,380,0,14,0,380,14,394,0,1.0,0.0,1.0,0.9644670050761421,0.9644670050761421,0.035532994923857864,1
"G[0,0](n_evts <= 0.240 -> LOS >= 18.253)
",-4.507,-3.747,0.760,1.000,0.000,380,0,14,0,380,14,394,0,1.0,0.0,1.0,0.9644670050761421,0.9644670050761421,0.035532994923857864,1
"G[0,0](ICU_Pt_Days >= 5.145 | PHOSPHORUS <= 4.241)
",4759102720943423.000,2.855,0.741,1.000,0.000,380,0,14,0,380,14,394,0,1.0,0.0,1.0,0.9644670050761421,0.9644670050761421,0.035532994923857864,1
"G[0,1](lds <= 2.450 | Pulse >= 79.842)
",0.000,9999999.000,9999999.000,1.000,0.000,380,0,14,0,380,14,394,0,1.0,0.0,1.0,0.9644670050761421,0.9644670050761421,0.035532994923857864,1
"G[0,1](edrk >= 15.827 | POTASSIUM >= 3.718)
",0.000,9999999.000,9999999.000,1.000,0.000,380,0,14,0,380,14,394,0,1.0,0.0,1.0,0.9644670050761421,0.9644670050761421,0.035532994923857864,1
"((AST_GOT <= 27.000) U[0,1] (y = 0.115))
",0.000,-9999999.000,-9999999.000,0.000,1.000,380,0,14,0,380,14,394,0,1.0,0.0,1.0,0.9644670050761421,0.9644670050761421,0.035532994923857864,-1
"((SODIUM < 134.051) U[0,1] (y = 0.291))
",0.000,-9999999.000,-9999999.000,0.000,1.000,380,0,14,0,380,14,394,0,1.0,0.0,1.0,0.9644670050761421,0.9644670050761421,0.035532994923857864,-1
"((hr <= 111.841) U[0,1] (y = 0.333))
",0.000,-9999999.000,-9999999.000,0.000,1.000,380,0,14,0,380,14,394,0,1.0,0.0,1.0,0.9644670050761421,0.9644670050761421,0.035532994923857864,-1
"G[0,0](lds >= 0.975 -> SBP <= 145.860)
",0.009,-42.402,-42.717,1.000,0.000,380,0,14,0,380,14,394,0,1.0,0.0,1.0,0.9644670050761421,0.9644670050761421,0.035532994923857864,1
"G[1,1](cosen <= -1.372 | y <= 0.722)
",1.485,1.073,0.585,1.000,0.000,380,0,14,0,380,14,394,0,1.0,0.0,1.0,0.9644670050761421,0.9644670050761421,0.035532994923857864,1
"G[0,1](CHLORIDE <= 96.641 -> cosen <= -1.304)
",0.000,9999999.000,9999999.000,1.000,0.000,380,0,14,0,380,14,394,0,1.0,0.0,1.0,0.9644670050761421,0.9644670050761421,0.035532994923857864,1
"G[0,1](lds <= 2.285 | n_edrk >= 0.450)
",0.000,9999999.000,9999999.000,1.000,0.000,380,0,14,0,380,14,394,0,1.0,0.0,1.0,0.9644670050761421,0.9644670050761421,0.035532994923857864,1
"G[1,1](Glasgow_Coma_Scale_Total >= 14.063 -> s8_edrk <= 0.004)
",-1.155,-0.937,-0.406,1.000,0.000,380,0,14,0,380,14,394,0,1.0,0.0,1.0,0.9644670050761421,0.9644670050761421,0.035532994923857864,1
"G[0,0](n_evts <= 0.063 -> LOS >= 4.522)
",-3.942,-17.478,-3.503,1.000,0.000,380,0,14,0,380,14,394,0,1.0,0.0,1.0,0.9644670050761421,0.9644670050761421,0.035532994923857864,1
"G[1,1](HEMOGLOBIN >= 7.207 | s8_hr <= 6.983897193886779e-05)
",3.762,22.000,7.855,1.000,0.000,380,0,14,0,380,14,394,0,1.0,0.0,1.0,0.9644670050761421,0.9644670050761421,0.035532994923857864,1
"((CREATININE >= 1.030) U[0,1] (y = 0.531))
",0.000,-9999999.000,-9999999.000,0.000,1.000,380,0,14,0,380,14,394,0,1.0,0.0,1.0,0.9644670050761421,0.9644670050761421,0.035532994923857864,-1
"F[0,1](CHLORIDE >= 90.294 & y = 0.248)
",0.000,-9999999.000,-9999999.000,0.000,1.000,380,0,14,0,380,14,394,0,1.0,0.0,1.0,0.9644670050761421,0.9644670050761421,0.035532994923857864,-1
"((s8_hr > -0.001) U[0,1] (y = 0.940))
",0.000,-9999999.000,-9999999.000,0.000,1.000,380,0,14,0,380,14,394,0,1.0,0.0,1.0,0.9644670050761421,0.9644670050761421,0.035532994923857864,-1
"F[1,1](PROTIME_INR <= 1.165 & y = 0.981)
",-2.449,-0.981,-0.170,0.000,1.000,380,0,14,0,380,14,394,0,1.0,0.0,1.0,0.9644670050761421,0.9644670050761421,0.035532994923857864,-1
"((HEMOGLOBIN >= 7.431) U[1,1] (n_edrk <= 0.977))
",-2.791,0.648,2.769,0.000,1.000,367,13,1,13,380,14,368,26,0.9657894736842105,0.9285714285714286,0.07142857142857142,0.9972826086956522,0.9644670050761421,0.035532994923857864,-1
"((OXYGEN_SATURATION <= 94.700) U[0,1] (y = 0.135))
",0.000,-9999999.000,-9999999.000,0.000,1.000,380,0,14,0,380,14,394,0,1.0,0.0,1.0,0.9644670050761421,0.9644670050761421,0.035532994923857864,-1
"F[0,0](s24_edrk > -0.006 & y = 0.185)
",2.449,-0.185,-0.725,0.000,1.000,380,0,14,0,380,14,394,0,1.0,0.0,1.0,0.9644670050761421,0.9644670050761421,0.035532994923857864,-1
"((af <= 0.378) U[0,0] (y = 0.852))
",0.632,0.378,0.236,0.000,1.000,380,0,14,0,380,14,394,0,1.0,0.0,1.0,0.9644670050761421,0.9644670050761421,0.035532994923857864,-1
"((CALCIUM <= 8.896) U[0,1] (y = 0.545))
",0.000,-9999999.000,-9999999.000,0.000,1.000,380,0,14,0,380,14,394,0,1.0,0.0,1.0,0.9644670050761421,0.9644670050761421,0.035532994923857864,-1
"((s8_edrk > -0.002) U[0,0] (y = 0.343))
",-0.548,0.002,0.002,0.000,1.000,380,0,14,0,380,14,394,0,1.0,0.0,1.0,0.9644670050761421,0.9644670050761421,0.035532994923857864,-1
"((Temp < 37.226) U[0,1] (y = 0.668))
",0.000,-9999999.000,-9999999.000,0.000,1.000,380,0,14,0,380,14,394,0,1.0,0.0,1.0,0.9644670050761421,0.9644670050761421,0.035532994923857864,-1
"((WHITE_BLOOD_CELL_COUNT <= 22.453) U[1,1] (y = 0.109))
",-2.085,4.790,14.053,0.000,1.000,380,0,14,0,380,14,394,0,1.0,0.0,1.0,0.9644670050761421,0.9644670050761421,0.035532994923857864,-1
"((lds > 0.837) U[0,0] (y = 0.487))
",0.869,1.078,0.709,0.000,1.000,380,0,14,0,380,14,394,0,1.0,0.0,1.0,0.9644670050761421,0.9644670050761421,0.035532994923857864,-1
"G[0,1](death <= 0.166 | edrk >= 8.611)
",0.000,9999999.000,9999999.000,1.000,0.000,380,0,14,0,380,14,394,0,1.0,0.0,1.0,0.9644670050761421,0.9644670050761421,0.035532994923857864,1
"G[1,1](n_evts <= 0.057 -> LOS >= 2.760)
",-3.489,-19.240,-4.811,1.000,0.000,380,0,14,0,380,14,394,0,1.0,0.0,1.0,0.9644670050761421,0.9644670050761421,0.035532994923857864,1
"G[0,0](n_evts <= 0.438 -> LOS >= 9.856)
",-10.352,-12.144,-0.412,1.000,0.000,380,0,14,0,380,14,394,0,1.0,0.0,1.0,0.9644670050761421,0.9644670050761421,0.035532994923857864,1
"G[0,1](CALCIUM <= 8.779 -> O2_Flow >= 1.809)
",0.000,9999999.000,9999999.000,1.000,0.000,380,0,14,0,380,14,394,0,1.0,0.0,1.0,0.9644670050761421,0.9644670050761421,0.035532994923857864,1
"G[0,1](GLUCOSE >= 155.209 -> Mort <= 0.303)
",0.000,9999999.000,9999999.000,1.000,0.000,380,0,14,0,380,14,394,0,1.0,0.0,1.0,0.9644670050761421,0.9644670050761421,0.035532994923857864,1
"G[1,1](GLUCOSE <= 168.210 | srr <= 0.113)
",-1.346,16.425,49.210,1.000,0.000,380,0,14,0,380,14,394,0,1.0,0.0,1.0,0.9644670050761421,0.9644670050761421,0.035532994923857864,1
"G[0,1](AF >= 0.002 | s8_hr <= 0.001)
",0.000,9999999.000,9999999.000,1.000,0.000,379,0,14,1,380,14,393,1,0.9973684210526316,0.0,1.0,0.9643765903307888,0.9619289340101523,0.03807106598984766,1
"G[0,0](PHOSPHORUS <= 4.665 -> s24_hr <= 0.001)
",1.239,-0.634,-1.165,1.000,0.000,379,0,14,1,380,14,393,1,0.9973684210526316,0.0,1.0,0.9643765903307888,0.9619289340101523,0.03807106598984766,1
"G[0,1](direct >= 0.017 | s8_hr <= 0.001)
",0.000,9999999.000,9999999.000,1.000,0.000,379,0,14,1,380,14,393,1,0.9973684210526316,0.0,1.0,0.9643765903307888,0.9619289340101523,0.03807106598984766,1
"G[1,1](s24_hr <= 0.000 | Temp >= 35.449)
",0.010,1.022,1.011,1.000,0.000,377,0,14,3,380,14,391,3,0.9921052631578947,0.0,1.0,0.9641943734015346,0.9568527918781726,0.043147208121827374,1
"G[1,1](Mort >= 0.002 | n_edrk >= 0.931)
",-0.763,0.066,0.443,1.000,0.000,371,4,10,9,380,14,381,13,0.9763157894736842,0.2857142857142857,0.7142857142857143,0.973753280839895,0.9517766497461929,0.048223350253807085,1
"G[0,0](AF <= 0.430 & SODIUM <= 135.110)
",3.416,0.247,-1.890,1.000,0.000,357,14,0,23,380,14,357,37,0.9394736842105263,1.0,0.0,1.0,0.9416243654822335,0.058375634517766506,1
"F[0,1](BLOOD_UREA_NITROGEN >= 30.394 -> Mort >= 0.010)
",0.000,-9999999.000,-9999999.000,0.000,1.000,357,14,0,23,380,14,357,37,0.9394736842105263,1.0,0.0,1.0,0.9416243654822335,0.058375634517766506,-1
"G[0,1](CALCIUM <= 8.812 | GLUCOSE >= 153.327)
",0.000,9999999.000,9999999.000,1.000,0.000,357,14,0,23,380,14,357,37,0.9394736842105263,1.0,0.0,1.0,0.9416243654822335,0.058375634517766506,1
"G[1,1](BLOOD_UREA_NITROGEN >= 28.742 | PHOSPHORUS >= 3.946)
",2.712,3.370,-0.446,1.000,0.000,357,14,0,23,380,14,357,37,0.9394736842105263,1.0,0.0,1.0,0.9416243654822335,0.058375634517766506,1
"G[1,1](Resp >= 12.807 -> SODIUM <= 136.935)
",-0.555,-6.971,-4.262,1.000,0.000,357,12,2,23,380,14,359,35,0.9394736842105263,0.8571428571428571,0.14285714285714285,0.9944289693593314,0.9365482233502538,0.06345177664974622,1
"G[1,1](hr >= 73.007 & Pulse >= 69.641)
",-0.979,12.284,29.666,1.000,0.000,369,0,14,11,380,14,383,11,0.9710526315789474,0.0,1.0,0.9634464751958225,0.9365482233502538,0.06345177664974622,1
"G[0,0](CREATININE >= 1.051 | HEMOGLOBIN <= 8.656)
",1.875,0.762,0.049,1.000,0.000,368,0,14,12,380,14,382,12,0.968421052631579,0.0,1.0,0.9633507853403142,0.934010152284264,0.06598984771573602,1
"G[0,0](hr >= 77.945 & Pulse >= 77.252)
",-0.411,6.685,14.463,1.000,0.000,364,2,12,16,380,14,376,18,0.9578947368421052,0.14285714285714285,0.8571428571428571,0.9680851063829787,0.9289340101522843,0.07106598984771573,1
"G[0,1](lds <= 2.323 & SODIUM <= 136.634)
",0.000,9999999.000,9999999.000,1.000,0.000,352,14,0,28,380,14,352,42,0.9263157894736842,1.0,0.0,1.0,0.9289340101522843,0.07106598984771573,1
"G[0,1](lds <= 2.310 -> O2_Flow <= 6.451)
",0.000,9999999.000,9999999.000,1.000,0.000,363,2,12,17,380,14,375,19,0.9552631578947368,0.14285714285714285,0.8571428571428571,0.968,0.9263959390862944,0.07360406091370564,1
"G[1,1](hr >= 79.004 & Pulse >= 73.535)
",-1.011,6.632,24.870,1.000,0.000,361,2,12,19,380,14,373,21,0.95,0.14285714285714285,0.8571428571428571,0.967828418230563,0.9213197969543148,0.07868020304568524,1
"F[0,1](PLATELET_COUNT <= 361.168 -> y = 0.539)
",0.000,-9999999.000,-9999999.000,0.000,1.000,360,0,14,20,380,14,374,20,0.9473684210526315,0.0,1.0,0.9625668449197861,0.9137055837563451,0.08629441624365486,-1
"G[0,1](Glasgow_Coma_Scale_Total <= 15.000 -> HEMOGLOBIN <= 10.014)
",0.000,9999999.000,9999999.000,1.000,0.000,345,14,0,35,380,14,345,49,0.9078947368421053,1.0,0.0,1.0,0.9111675126903553,0.08883248730964466,1
"G[1,1](CHLORIDE <= 100.972 -> POTASSIUM >= 3.770)
",-3.171,-7.603,-0.230,1.000,0.000,357,0,14,23,380,14,371,23,0.9394736842105263,0.0,1.0,0.9622641509433962,0.9060913705583756,0.09390862944162437,1
"G[1,1](hr >= 79.540 & Pulse >= 71.081)
",-1.037,6.343,24.917,1.000,0.000,355,2,12,25,380,14,367,27,0.9342105263157895,0.14285714285714285,0.8571428571428571,0.9673024523160763,0.9060913705583756,0.09390862944162437,1
"G[1,1](HEMOGLOBIN <= 9.692 & lds <= 2.290)
",2.663,0.273,-0.508,1.000,0.000,342,14,0,38,380,14,342,52,0.9,1.0,0.0,1.0,0.9035532994923858,0.09644670050761417,1
"G[0,1](MAGNESIUM >= 1.771 -> Resp >= 15.866)
",0.000,9999999.000,9999999.000,1.000,0.000,348,2,12,32,380,14,360,34,0.9157894736842105,0.14285714285714285,0.8571428571428571,0.9666666666666667,0.8883248730964467,0.1116751269035533,1
"G[1,1](direct <= 0.154 & SBP <= 125.100)
",0.572,-0.499,-16.718,1.000,0.000,340,7,7,40,380,14,347,47,0.8947368421052632,0.5,0.5,0.9798270893371758,0.8807106598984772,0.11928934010152281,1
"G[0,0](ICU_Pt_Days <= 7.862 | PLATELET_COUNT >= 296.398)
",2.013,45.583,3.719,1.000,0.000,345,0,14,35,380,14,359,35,0.9078947368421053,0.0,1.0,0.9610027855153204,0.8756345177664975,0.12436548223350252,1
"G[1,1](MAGNESIUM >= 1.783 -> POTASSIUM <= 5.043)
",1.267,-0.504,-1.043,1.000,0.000,343,0,14,37,380,14,357,37,0.9026315789473685,0.0,1.0,0.9607843137254902,0.8705583756345178,0.12944162436548223,1
"F[1,1](PARTIAL_THROMBOPLASTIN_TIME <= 42.350 -> y = 0.826)
",0.614,-8.233,-10.550,0.000,1.000,337,0,14,43,380,14,351,43,0.8868421052631579,0.0,1.0,0.9601139601139601,0.8553299492385786,0.14467005076142136,-1
"G[0,1](CREATININE <= 1.242 -> PHOSPHORUS <= 4.270)
",0.000,9999999.000,9999999.000,1.000,0.000,335,0,14,45,380,14,349,45,0.881578947368421,0.0,1.0,0.9598853868194842,0.850253807106599,0.14974619289340096,1
"G[0,1](CALCIUM <= 8.891 | PLATELET_COUNT <= 352.940)
",0.000,9999999.000,9999999.000,1.000,0.000,333,0,14,47,380,14,347,47,0.8763157894736842,0.0,1.0,0.9596541786743515,0.8451776649746193,0.15482233502538068,1
"G[0,1](lds <= 2.167 -> WHITE_BLOOD_CELL_COUNT <= 22.653)
",0.000,9999999.000,9999999.000,1.000,0.000,332,0,14,48,380,14,346,48,0.8736842105263158,0.0,1.0,0.9595375722543352,0.8426395939086294,0.15736040609137059,1
"((BLOOD_UREA_NITROGEN <= 31.587) U[1,1] (SODIUM <= 132.831))
",-2.871,3.375,10.587,0.000,1.000,332,0,14,48,380,14,346,48,0.8736842105263158,0.0,1.0,0.9595375722543352,0.8426395939086294,0.15736040609137059,-1
"G[0,0](HEMOGLOBIN >= 7.287 -> SODIUM >= 128.935)
",2.901,-1.916,-8.065,1.000,0.000,330,0,14,50,380,14,344,50,0.868421052631579,0.0,1.0,0.9593023255813954,0.8375634517766497,0.1624365482233503,1
"((n_edrk <= 0.986) U[1,2] (PLATELET_COUNT >= 249.495))
",0.000,-9999999.000,-9999999.000,0.000,1.000,329,0,0,65,394,0,329,65,0.8350253807106599,0.0,0.0,1.0,0.8350253807106599,0.1649746192893401,-1
"G[0,1](MAGNESIUM >= 1.750 | s8_hr <= 0.000)
",0.000,9999999.000,9999999.000,1.000,0.000,328,0,14,52,380,14,342,52,0.8631578947368421,0.0,1.0,0.9590643274853801,0.8324873096446701,0.1675126903553299,1
"F[0,1](BLOOD_UREA_NITROGEN <= 31.888 & CREATININE >= 0.963)
",0.000,-9999999.000,-9999999.000,0.000,1.000,309,14,0,71,380,14,309,85,0.8131578947368421,1.0,0.0,1.0,0.8197969543147208,0.18020304568527923,-1
"G[1,1](CHLORIDE <= 101.482 & SODIUM >= 128.827)
",1.128,1.108,-0.518,1.000,0.000,307,14,0,73,380,14,307,87,0.8078947368421052,1.0,0.0,1.0,0.8147208121827412,0.18527918781725883,1
"G[1,1](PHOSPHORUS >= 3.663 | POTASSIUM >= 4.562)
",1.145,0.490,-0.163,1.000,0.000,294,14,0,86,380,14,294,100,0.7736842105263158,1.0,0.0,1.0,0.7817258883248731,0.2182741116751269,1
"G[0,1](CHLORIDE <= 101.195 & PHOSPHORUS <= 5.067)
",0.000,9999999.000,9999999.000,1.000,0.000,287,14,0,93,380,14,287,107,0.7552631578947369,1.0,0.0,1.0,0.7639593908629442,0.23604060913705582,1
"G[0,1](CREATININE >= 0.968 & SpO2 >= 87.672)
",0.000,9999999.000,9999999.000,1.000,0.000,278,3,11,102,380,14,289,105,0.7315789473684211,0.21428571428571427,0.7857142857142857,0.9619377162629758,0.7131979695431472,0.2868020304568528,1
"((AF >= 0.001) U[1,2] (s24_hr <= 5.743892589952937e-05))
",0.000,-9999999.000,-9999999.000,0.000,1.000,277,0,8,109,386,8,285,109,0.7176165803108808,0.0,1.0,0.9719298245614035,0.7030456852791879,0.29695431472081213,-1
"((death <= 0.578) U[0,0] (srr >= 0.016))
",0.632,0.578,0.434,0.000,1.000,253,14,0,127,380,14,253,141,0.6657894736842105,1.0,0.0,1.0,0.6776649746192893,0.3223350253807107,-1
"F[1,1](BLOOD_UREA_NITROGEN <= 33.009 & CREATININE >= 1.039)
",-0.603,-0.134,0.061,0.000,1.000,250,14,0,130,380,14,250,144,0.6578947368421053,1.0,0.0,1.0,0.6700507614213198,0.3299492385786802,-1
"F[1,1](BLOOD_UREA_NITROGEN <= 33.643 & CREATININE >= 1.044)
",-0.533,-0.034,0.056,0.000,1.000,250,14,0,130,380,14,250,144,0.6578947368421053,1.0,0.0,1.0,0.6700507614213198,0.3299492385786802,-1
"G[0,1](direct <= 0.706 & PHOSPHORUS >= 3.608)
",0.000,9999999.000,9999999.000,1.000,0.000,250,14,0,130,380,14,250,144,0.6578947368421053,1.0,0.0,1.0,0.6700507614213198,0.3299492385786802,1
"((CO2 >= 26.533) U[0,0] (PROTIME_INR >= 1.001))
",0.584,0.936,0.199,0.000,1.000,249,14,0,131,380,14,249,145,0.6552631578947369,1.0,0.0,1.0,0.6675126903553299,0.3324873096446701,-1
"G[0,0](hr >= 84.447 & Pulse >= 75.315)
",-0.632,1.658,13.701,1.000,0.000,255,5,9,125,380,14,264,130,0.6710526315789473,0.35714285714285715,0.6428571428571429,0.9659090909090909,0.6598984771573604,0.3401015228426396,1
"G[0,1](cosen <= -1.923 -> MAGNESIUM >= 1.777)
",0.000,9999999.000,9999999.000,1.000,0.000,259,0,14,121,380,14,273,121,0.6815789473684211,0.0,1.0,0.9487179487179487,0.6573604060913706,0.3426395939086294,1
"G[1,1](MAGNESIUM <= 1.832 | n_evts >= 0.034)
",-13.416,0.040,0.966,1.000,0.000,255,0,14,125,380,14,269,125,0.6710526315789473,0.0,1.0,0.9479553903345725,0.6472081218274112,0.35279187817258884,1
"((HEMOGLOBIN >= 7.640) U[0,0] (srr >= 0.015))
",-2.775,0.483,2.560,0.000,1.000,236,14,0,144,380,14,236,158,0.6210526315789474,1.0,0.0,1.0,0.6345177664974619,0.36548223350253806,-1
"((n_evts >= 0.021) U[1,2] (PROTIME_INR <= 1.125))
",0.000,-9999999.000,-9999999.000,0.000,1.000,249,0,0,145,394,0,249,145,0.631979695431472,0.0,0.0,1.0,0.631979695431472,0.36802030456852797,-1
"((s8_hr >= -0.001) U[0,1] (WHITE_BLOOD_CELL_COUNT <= 17.920))
",0.000,-9999999.000,-9999999.000,0.000,1.000,229,14,0,151,380,14,229,165,0.6026315789473684,1.0,0.0,1.0,0.616751269035533,0.383248730964467,-1
"F[0,0](BLOOD_UREA_NITROGEN <= 32.000 & CREATININE >= 0.986)
",-0.944,-0.544,0.114,0.000,1.000,216,14,0,164,380,14,216,178,0.5684210526315789,1.0,0.0,1.0,0.583756345177665,0.41624365482233505,-1
"G[0,1](n_evts <= 0.207 -> WHITE_BLOOD_CELL_COUNT >= 17.200)
",0.000,9999999.000,9999999.000,1.000,0.000,229,0,14,151,380,14,243,151,0.6026315789473684,0.0,1.0,0.9423868312757202,0.5812182741116751,0.41878172588832485,1
"((n_evts <= 0.286) U[0,0] (SODIUM >= 130.219))
",-3.196,1.223,6.781,0.000,1.000,213,14,0,167,380,14,213,181,0.5605263157894737,1.0,0.0,1.0,0.5761421319796954,0.42385786802030456,-1
"((death <= 0.288) U[1,1] (HEMOGLOBIN >= 7.957))
",-2.915,0.494,2.243,0.000,1.000,209,10,4,171,380,14,213,181,0.55,0.7142857142857143,0.2857142857142857,0.9812206572769953,0.5558375634517766,0.4441624365482234,-1
"((s2_edrk >= -0.000) U[1,2] (s8_edrk <= 0.003))
",0.000,-9999999.000,-9999999.000,0.000,1.000,194,13,0,187,381,13,194,200,0.5091863517060368,1.0,0.0,1.0,0.5253807106598984,0.47461928934010156,-1
"G[0,0](s2_edrk >= -0.003 -> s8_hr >= -0.000)
",0.417,-0.003,-0.004,1.000,0.000,193,12,2,187,380,14,195,199,0.5078947368421053,0.8571428571428571,0.14285714285714285,0.9897435897435898,0.5203045685279187,0.47969543147208127,1
"F[0,0]((af <= 0.488 | AF <= 0.425) & cosen >= -2.447)
",-0.906,0.004,0.246,0.000,1.000,191,12,2,189,380,14,193,201,0.5026315789473684,0.8571428571428571,0.14285714285714285,0.9896373056994818,0.5152284263959391,0.48477157360406087,-1
"((CALCIUM >= 8.013) U[0,0] (Temp <= 36.602))
",-0.845,0.745,0.917,0.000,1.000,194,4,10,186,380,14,204,190,0.5105263157894737,0.2857142857142857,0.7142857142857143,0.9509803921568627,0.5025380710659898,0.4974619289340102,-1
"((BLOOD_UREA_NITROGEN >= 31.137) U[1,1] (MAGNESIUM >= 1.777))
",1.207,1.253,0.223,0.000,1.000,192,0,14,188,380,14,206,188,0.5052631578947369,0.0,1.0,0.9320388349514563,0.4873096446700508,0.5126903553299492,-1
"((PARTIAL_THROMBOPLASTIN_TIME >= 30.147) U[1,1] (Resp >= 17.100))
",0.372,4.526,2.580,0.000,1.000,180,10,4,200,380,14,184,210,0.47368421052631576,0.7142857142857143,0.2857142857142857,0.9782608695652174,0.48223350253807107,0.5177664974619289,-1
"((s24_hr >= 2.6103761684612278e-05) U[0,1] (s8_hr >= -0.000))
",0.000,-9999999.000,-9999999.000,0.000,1.000,177,7,7,203,380,14,184,210,0.46578947368421053,0.5,0.5,0.9619565217391305,0.467005076142132,0.532994923857868,-1
"F[1,1](AF >= 0.001 | srr >= 0.012)
",-0.807,0.005,0.180,0.000,1.000,170,14,0,210,380,14,170,224,0.4473684210526316,1.0,0.0,1.0,0.467005076142132,0.532994923857868,-1
"((Glasgow_Coma_Scale_Total <= 14.993) U[0,1] (s8_hr >= -3.5430635343328e-06))
",0.000,-9999999.000,-9999999.000,0.000,1.000,176,7,7,204,380,14,183,211,0.4631578947368421,0.5,0.5,0.9617486338797814,0.46446700507614214,0.5355329949238579,-1
"G[0,1](Glasgow_Coma_Scale_Total <= 14.994 | s2_edrk <= 0.000)
",0.000,9999999.000,9999999.000,1.000,0.000,169,12,2,211,380,14,171,223,0.44473684210526315,0.8571428571428571,0.14285714285714285,0.9883040935672515,0.4593908629441624,0.5406091370558376,1
"G[0,1](SODIUM >= 130.260 & y <= 0.739)
",0.000,9999999.000,9999999.000,1.000,0.000,166,9,5,214,380,14,171,223,0.4368421052631579,0.6428571428571429,0.35714285714285715,0.9707602339181286,0.44416243654822335,0.5558375634517767,1
"G[0,0](PLATELET_COUNT >= 213.863 -> srr >= 0.014)
",-2.742,-119.012,-0.070,1.000,0.000,175,0,14,205,380,14,189,205,0.4605263157894737,0.0,1.0,0.9259259259259259,0.44416243654822335,0.5558375634517767,1
"((SODIUM <= 136.262) U[0,0] (SpO2 >= 96.111))
",1.685,5.691,0.371,0.000,1.000,165,5,9,215,380,14,174,220,0.4342105263157895,0.35714285714285715,0.6428571428571429,0.9482758620689655,0.43147208121827413,0.5685279187817258,-1
"F[0,1](LOS >= 14.897 & POTASSIUM <= 4.819)
",0.000,-9999999.000,-9999999.000,0.000,1.000,163,0,14,217,380,14,177,217,0.42894736842105263,0.0,1.0,0.9209039548022598,0.4137055837563452,0.5862944162436547,-1
"F[0,1](Pulse >= 86.472 & y <= 0.471)
",0.000,-9999999.000,-9999999.000,0.000,1.000,151,0,14,229,380,14,165,229,0.3973684210526316,0.0,1.0,0.9151515151515152,0.383248730964467,0.616751269035533,-1
"F[1,1](PHOSPHORUS >= 3.675 & WHITE_BLOOD_CELL_COUNT >= 12.946)
",2.653,-0.222,-4.546,0.000,1.000,150,0,14,230,380,14,164,230,0.39473684210526316,0.0,1.0,0.9146341463414634,0.38071065989847713,0.6192893401015229,-1
"((GLUCOSE <= 171.943) U[1,2] (MAGNESIUM <= 1.854))
",0.000,-9999999.000,-9999999.000,0.000,1.000,147,0,0,247,394,0,147,247,0.3730964467005076,0.0,0.0,1.0,0.3730964467005076,0.6269035532994924,-1
"F[0,1](MET <= 0.079 -> Resp >= 17.421)
",0.000,-9999999.000,-9999999.000,0.000,1.000,132,14,0,248,380,14,132,262,0.3473684210526316,1.0,0.0,1.0,0.37055837563451777,0.6294416243654822,-1
"((BLOOD_UREA_NITROGEN <= 32.254) U[0,1] (PARTIAL_THROMBOPLASTIN_TIME <= 35.280))
",0.000,-9999999.000,-9999999.000,0.000,1.000,131,14,0,249,380,14,131,263,0.3447368421052632,1.0,0.0,1.0,0.3680203045685279,0.631979695431472,-1
"F[0,1](LOS >= 20.186 -> PROTIME_INR <= 1.056)
",0.000,-9999999.000,-9999999.000,0.000,1.000,131,14,0,249,380,14,131,263,0.3447368421052632,1.0,0.0,1.0,0.3680203045685279,0.631979695431472,-1
"((GLUCOSE >= 153.365) U[1,2] (SBP <= 142.888))
",0.000,-9999999.000,-9999999.000,0.000,1.000,140,0,12,242,382,12,152,242,0.36649214659685864,0.0,1.0,0.9210526315789473,0.3553299492385787,0.6446700507614214,-1
"((direct >= 0.000) U[0,0] (srr >= 0.010))
",-1.317,0.006,0.611,0.000,1.000,125,14,0,255,380,14,125,269,0.32894736842105265,1.0,0.0,1.0,0.35279187817258884,0.6472081218274112,-1
"((CO2 >= 26.831) U[0,1] (MAGNESIUM >= 1.712))
",0.000,-9999999.000,-9999999.000,0.000,1.000,120,14,0,260,380,14,120,274,0.3157894736842105,1.0,0.0,1.0,0.3401015228426396,0.6598984771573604,-1
"((LOS >= 18.322) U[0,1] (MAGNESIUM >= 1.787))
",0.000,-9999999.000,-9999999.000,0.000,1.000,120,14,0,260,380,14,120,274,0.3157894736842105,1.0,0.0,1.0,0.3401015228426396,0.6598984771573604,-1
"((POTASSIUM >= 4.096) U[0,1] (PROTIME_INR <= 1.057))
",0.000,-9999999.000,-9999999.000,0.000,1.000,131,0,14,249,380,14,145,249,0.3447368421052632,0.0,1.0,0.903448275862069,0.33248730964467005,0.6675126903553299,-1
"F[1,1](death <= 0.257 & MAGNESIUM <= 1.877)
",0.952,0.061,-0.301,0.000,1.000,125,0,14,255,380,14,139,255,0.32894736842105265,0.0,1.0,0.8992805755395683,0.31725888324873097,0.682741116751269,-1
"((BLOOD_UREA_NITROGEN <= 33.250) U[0,0] (CALCIUM <= 8.886))
",-3.332,1.845,12.250,0.000,1.000,116,0,14,264,380,14,130,264,0.30526315789473685,0.0,1.0,0.8923076923076924,0.29441624365482233,0.7055837563451777,-1
"((CALCIUM <= 8.887) U[1,2] (SODIUM >= 128.402))
",0.000,-9999999.000,-9999999.000,0.000,1.000,116,0,14,264,380,14,130,264,0.30526315789473685,0.0,1.0,0.8923076923076924,0.29441624365482233,0.7055837563451777,-1
"F[0,1](CREATININE >= 0.959 -> WHITE_BLOOD_CELL_COUNT <= 18.966)
",0.000,-9999999.000,-9999999.000,0.000,1.000,90,14,0,290,380,14,90,304,0.23684210526315788,1.0,0.0,1.0,0.2639593908629442,0.7360406091370558,-1
"F[1,1](CALCIUM >= 8.591 & SpO2 >= 91.007)
",0.288,0.108,-0.593,0.000,1.000,90,12,2,290,380,14,92,302,0.23684210526315788,0.8571428571428571,0.14285714285714285,0.9782608695652174,0.25888324873096447,0.7411167512690355,-1
"((PROTIME_INR >= 0.951) U[1,2] (WHITE_BLOOD_CELL_COUNT <= 22.147))
",0.000,-9999999.000,-9999999.000,0.000,1.000,85,14,0,295,380,14,85,309,0.2236842105263158,1.0,0.0,1.0,0.2512690355329949,0.748730964467005,-1
"((PROTIME_INR >= 0.936) U[1,2] (SBP <= 138.165))
",0.000,-9999999.000,-9999999.000,0.000,1.000,86,12,0,296,382,12,86,308,0.225130890052356,1.0,0.0,1.0,0.24873096446700507,0.751269035532995,-1
"((CREATININE <= 1.261) U[0,0] (POTASSIUM <= 4.962))
",-1.226,0.468,0.962,0.000,1.000,83,14,0,297,380,14,83,311,0.21842105263157896,1.0,0.0,1.0,0.24619289340101522,0.7538071065989848,-1
"F[0,0](ICU_Pt_Days >= 3.705 & PROTIME_INR >= 0.909)
",0.416,0.146,-0.279,0.000,1.000,86,8,6,294,380,14,92,302,0.22631578947368422,0.5714285714285714,0.42857142857142855,0.9347826086956522,0.23857868020304568,0.7614213197969544,-1
"((cosen >= -2.425) U[0,0] (Pulse >= 84.412))
",-0.459,3.025,10.189,0.000,1.000,84,5,9,296,380,14,93,301,0.22105263157894736,0.35714285714285715,0.6428571428571429,0.9032258064516129,0.22588832487309646,0.7741116751269035,-1
"((POTASSIUM >= 4.040) U[0,1] (SpO2 <= 98.726))
",0.000,-9999999.000,-9999999.000,0.000,1.000,70,12,2,310,380,14,72,322,0.18421052631578946,0.8571428571428571,0.14285714285714285,0.9722222222222222,0.20812182741116753,0.7918781725888324,-1
"((CHLORIDE >= 92.081) U[1,2] (tte >= -2.463))
",0.000,-9999999.000,-9999999.000,0.000,1.000,69,12,0,313,382,12,69,325,0.1806282722513089,1.0,0.0,1.0,0.20558375634517767,0.7944162436548223,-1
"((GLUCOSE <= 215.218) U[1,1] (HEMOGLOBIN <= 8.858))
",-1.247,51.507,96.218,0.000,1.000,80,0,14,300,380,14,94,300,0.21052631578947367,0.0,1.0,0.851063829787234,0.20304568527918782,0.7969543147208122,-1
"((hr >= 83.063) U[1,1] (s8_hr <= 0.001))
",-1.089,3.672,21.755,0.000,1.000,70,9,5,310,380,14,75,319,0.18421052631578946,0.6428571428571429,0.35714285714285715,0.9333333333333333,0.20050761421319796,0.799492385786802,-1
"F[1,1](af >= 0.000 & hr >= 82.917)
",-0.063,-0.490,-0.341,0.000,1.000,67,11,3,313,380,14,70,324,0.1763157894736842,0.7857142857142857,0.21428571428571427,0.9571428571428572,0.19796954314720813,0.8020304568527918,-1
"F[0,1](POTASSIUM >= 4.339 -> srr >= 0.011)
",0.000,-9999999.000,-9999999.000,0.000,1.000,60,14,0,320,380,14,60,334,0.15789473684210525,1.0,0.0,1.0,0.18781725888324874,0.8121827411167513,-1
"F[0,0](CHLORIDE <= 94.669 & GLUCOSE <= 207.976)
",1.677,-0.155,-7.331,0.000,1.000,69,0,14,311,380,14,83,311,0.18157894736842106,0.0,1.0,0.8313253012048193,0.1751269035532995,0.8248730964467005,-1
"G[0,1](srr >= 0.016 | tte <= -0.022)
",0.000,9999999.000,9999999.000,1.000,0.000,64,0,14,316,380,14,78,316,0.16842105263157894,0.0,1.0,0.8205128205128205,0.16243654822335024,0.8375634517766497,1
"F[0,1](CO2 <= 30.035 -> SODIUM >= 128.863)
",0.000,-9999999.000,-9999999.000,0.000,1.000,50,14,0,330,380,14,50,344,0.13157894736842105,1.0,0.0,1.0,0.16243654822335024,0.8375634517766497,-1
"((POTASSIUM <= 5.042) U[0,1] (Resp <= 19.700))
",0.000,-9999999.000,-9999999.000,0.000,1.000,51,11,3,329,380,14,54,340,0.13421052631578947,0.7857142857142857,0.21428571428571427,0.9444444444444444,0.15736040609137056,0.8426395939086294,-1
"((MAGNESIUM <= 1.959) U[0,1] (Temp >= 35.896))
",0.000,-9999999.000,-9999999.000,0.000,1.000,48,12,2,332,380,14,50,344,0.12631578947368421,0.8571428571428571,0.14285714285714285,0.96,0.15228426395939088,0.8477157360406091,-1
"((cosen >= -2.477) U[0,0] (GLUCOSE <= 203.242))
",-1.294,40.917,84.242,0.000,1.000,46,14,0,334,380,14,46,348,0.12105263157894737,1.0,0.0,1.0,0.15228426395939088,0.8477157360406091,-1
"((MAGNESIUM >= 1.811) U[1,2] (PLATELET_COUNT <= 330.855))
",0.000,-9999999.000,-9999999.000,0.000,1.000,44,14,0,336,380,14,44,350,0.11578947368421053,1.0,0.0,1.0,0.14720812182741116,0.8527918781725888,-1
"((GLUCOSE <= 214.530) U[1,2] (SpO2 >= 85.494))
",0.000,-9999999.000,-9999999.000,0.000,1.000,46,12,0,336,382,12,46,348,0.12041884816753927,1.0,0.0,1.0,0.14720812182741116,0.8527918781725888,-1
"F[0,1](GLUCOSE >= 93.707 | n_edrk <= 0.988)
",0.000,-9999999.000,-9999999.000,0.000,1.000,41,14,0,339,380,14,41,353,0.10789473684210527,1.0,0.0,1.0,0.13959390862944163,0.8604060913705583,-1
"F[0,0](s24_hr >= -0.000 | WHITE_BLOOD_CELL_COUNT <= 21.708)
",-2.080,4.226,13.308,0.000,1.000,40,14,0,340,380,14,40,354,0.10526315789473684,1.0,0.0,1.0,0.13705583756345177,0.8629441624365483,-1
"((Glasgow_Coma_Scale_Total >= 14.586) U[1,1] (WHITE_BLOOD_CELL_COUNT >= 12.263))
",1.531,5.953,-0.157,0.000,1.000,54,0,14,326,380,14,68,326,0.14210526315789473,0.0,1.0,0.7941176470588235,0.13705583756345177,0.8629441624365483,-1
"F[0,1](HEMOGLOBIN <= 8.577 -> Resp <= 18.737)
",0.000,-9999999.000,-9999999.000,0.000,1.000,40,14,0,340,380,14,40,354,0.10526315789473684,1.0,0.0,1.0,0.13705583756345177,0.8629441624365483,-1
"F[0,1]((af <= 0.075 | AF <= 0.315) & cosen >= -2.496)
",0.000,-9999999.000,-9999999.000,0.000,1.000,39,14,0,341,380,14,39,355,0.10263157894736842,1.0,0.0,1.0,0.13451776649746192,0.8654822335025381,-1
"((edrk <= 21.866) U[1,2] (Glasgow_Coma_Scale_Total >= 14.645))
",0.000,-9999999.000,-9999999.000,0.000,1.000,38,10,0,346,384,10,38,356,0.09895833333333333,1.0,0.0,1.0,0.1218274111675127,0.8781725888324873,-1
"((CO2 >= 26.326) U[1,2] (GLUCOSE >= 155.621))
",0.000,-9999999.000,-9999999.000,0.000,1.000,48,0,0,346,394,0,48,346,0.1218274111675127,0.0,0.0,1.0,0.1218274111675127,0.8781725888324873,-1
"((edrk <= 22.146) U[1,1] (MET <= 0.271))
",-0.235,4.352,6.025,0.000,1.000,34,12,2,346,380,14,36,358,0.08947368421052632,0.8571428571428571,0.14285714285714285,0.9444444444444444,0.116751269035533,0.883248730964467,-1
"((GLUCOSE >= 133.002) U[0,1] (s24_hr >= -8.339840069621757e-05))
",0.000,-9999999.000,-9999999.000,0.000,1.000,31,14,0,349,380,14,31,363,0.08157894736842106,1.0,0.0,1.0,0.11421319796954314,0.8857868020304569,-1
"((CHLORIDE >= 91.265) U[1,1] (CO2 <= 30.804))
",-3.005,4.190,10.735,0.000,1.000,30,14,0,350,380,14,30,364,0.07894736842105263,1.0,0.0,1.0,0.1116751269035533,0.8883248730964467,-1
"F[0,1](O2_Flow <= 2.224 -> WHITE_BLOOD_CELL_COUNT <= 21.268)
",0.000,-9999999.000,-9999999.000,0.000,1.000,30,14,0,350,380,14,30,364,0.07894736842105263,1.0,0.0,1.0,0.1116751269035533,0.8883248730964467,-1
"((srr >= 0.016) U[0,0] (WHITE_BLOOD_CELL_COUNT >= 11.185))
",1.685,6.740,0.068,0.000,1.000,35,0,14,345,380,14,49,345,0.09210526315789473,0.0,1.0,0.7142857142857143,0.08883248730964467,0.9111675126903553,-1
"F[0,1](hr <= 113.569 & MAGNESIUM <= 1.991)
",0.000,-9999999.000,-9999999.000,0.000,1.000,35,0,14,345,380,14,49,345,0.09210526315789473,0.0,1.0,0.7142857142857143,0.08883248730964467,0.9111675126903553,-1
"((PARTIAL_THROMBOPLASTIN_TIME <= 41.990) U[0,0] (WHITE_BLOOD_CELL_COUNT >= 9.331))
",0.034,10.262,10.190,0.000,1.000,35,0,14,345,380,14,49,345,0.09210526315789473,0.0,1.0,0.7142857142857143,0.08883248730964467,0.9111675126903553,-1
"((HEMOGLOBIN <= 8.149) U[1,2] (MET >= 0.000))
",0.000,-9999999.000,-9999999.000,0.000,1.000,35,0,14,345,380,14,49,345,0.09210526315789473,0.0,1.0,0.7142857142857143,0.08883248730964467,0.9111675126903553,-1
"((MAGNESIUM >= 1.720) U[1,2] (s24_hr >= -0.000))
",0.000,-9999999.000,-9999999.000,0.000,1.000,29,6,0,359,388,6,29,365,0.07474226804123711,1.0,0.0,1.0,0.08883248730964467,0.9111675126903553,-1
"((HEMOGLOBIN >= 7.292) U[1,2] (WHITE_BLOOD_CELL_COUNT <= 17.423))
",0.000,-9999999.000,-9999999.000,0.000,1.000,20,14,0,360,380,14,20,374,0.05263157894736842,1.0,0.0,1.0,0.08629441624365482,0.9137055837563451,-1
"F[0,0](CHLORIDE <= 99.150 & lds <= 2.199)
",3.385,0.034,-2.850,0.000,1.000,33,0,14,347,380,14,47,347,0.0868421052631579,0.0,1.0,0.7021276595744681,0.08375634517766498,0.916243654822335,-1
"F[1,1](PLATELET_COUNT <= 365.748 & s8_hr <= 0.001)
",-0.258,-0.142,0.000,0.000,1.000,21,12,2,359,380,14,23,371,0.05526315789473684,0.8571428571428571,0.14285714285714285,0.9130434782608695,0.08375634517766498,0.916243654822335,-1
"((O2_Flow >= 1.196) U[1,2] (POTASSIUM <= 4.736))
",0.000,-9999999.000,-9999999.000,0.000,1.000,18,14,0,362,380,14,18,376,0.04736842105263158,1.0,0.0,1.0,0.08121827411167512,0.9187817258883249,-1
"((direct <= 0.535) U[0,1] (Resp >= 14.378))
",0.000,-9999999.000,-9999999.000,0.000,1.000,20,12,2,360,380,14,22,372,0.05263157894736842,0.8571428571428571,0.14285714285714285,0.9090909090909091,0.08121827411167512,0.9187817258883249,-1
"F[1,1]((af <= 0.217 | AF <= 0.187) & cosen >= -2.543)
",-2.218,0.094,0.217,0.000,1.000,13,14,0,367,380,14,13,381,0.034210526315789476,1.0,0.0,1.0,0.06852791878172589,0.9314720812182741,-1
"F[0,1](Glasgow_Coma_Scale_Total <= 14.997 | SODIUM <= 133.883)
",0.000,-9999999.000,-9999999.000,0.000,1.000,23,4,10,357,380,14,33,361,0.060526315789473685,0.2857142857142857,0.7142857142857143,0.696969696969697,0.06852791878172589,0.9314720812182741,-1
"F[0,1](edrk >= 14.483 -> s2_hr >= -0.001)
",0.000,-9999999.000,-9999999.000,0.000,1.000,13,14,0,367,380,14,13,381,0.034210526315789476,1.0,0.0,1.0,0.06852791878172589,0.9314720812182741,-1
"G[1,1](n_edrk <= 0.995 & SODIUM >= 129.750)
",-0.809,-0.427,0.266,1.000,0.000,25,1,13,355,380,14,38,356,0.06578947368421052,0.07142857142857142,0.9285714285714286,0.6578947368421053,0.06598984771573604,0.934010152284264,1
"G[1,1](n_edrk <= 0.978 & PROTIME_INR <= 1.079)
",1.244,-0.057,-0.121,1.000,0.000,12,14,0,368,380,14,12,382,0.031578947368421054,1.0,0.0,1.0,0.06598984771573604,0.934010152284264,1
"((PLATELET_COUNT <= 343.483) U[0,0] (POTASSIUM >= 3.541))
",-2.801,17.753,131.483,0.000,1.000,12,14,0,368,380,14,12,382,0.031578947368421054,1.0,0.0,1.0,0.06598984771573604,0.934010152284264,-1
"((HEMOGLOBIN >= 8.022) U[0,0] (hr >= 78.975))
",-0.989,7.519,25.039,0.000,1.000,12,14,0,368,380,14,12,382,0.031578947368421054,1.0,0.0,1.0,0.06598984771573604,0.934010152284264,-1
"F[0,1](CHLORIDE <= 95.996 | s24_hr <= 0.000)
",0.000,-9999999.000,-9999999.000,0.000,1.000,13,13,1,367,380,14,14,380,0.034210526315789476,0.9285714285714286,0.07142857142857142,0.9285714285714286,0.06598984771573604,0.934010152284264,-1
"((direct >= 0.001) U[0,1] (POTASSIUM >= 3.543))
",0.000,-9999999.000,-9999999.000,0.000,1.000,11,14,0,369,380,14,11,383,0.02894736842105263,1.0,0.0,1.0,0.06345177664974619,0.9365482233502538,-1
"((BLOOD_UREA_NITROGEN >= 21.158) U[0,1] (CO2 <= 29.869))
",0.000,-9999999.000,-9999999.000,0.000,1.000,11,14,0,369,380,14,11,383,0.02894736842105263,1.0,0.0,1.0,0.06345177664974619,0.9365482233502538,-1
"((MET >= 0.002) U[1,2] (n_edrk <= 0.991))
",0.000,-9999999.000,-9999999.000,0.000,1.000,22,2,11,359,381,13,33,361,0.05774278215223097,0.15384615384615385,0.8461538461538461,0.6666666666666666,0.06091370558375635,0.9390862944162437,-1
"F[0,1]((af <= 0.377 | AF <= 0.301) & cosen >= -2.542)
",0.000,-9999999.000,-9999999.000,0.000,1.000,9,14,0,371,380,14,9,385,0.02368421052631579,1.0,0.0,1.0,0.0583756345177665,0.9416243654822335,-1
"F[0,1](CHLORIDE <= 100.539 & hr <= 106.592)
",0.000,-9999999.000,-9999999.000,0.000,1.000,23,0,14,357,380,14,37,357,0.060526315789473685,0.0,1.0,0.6216216216216216,0.0583756345177665,0.9416243654822335,-1
"G[1,1](CHLORIDE <= 101.678 -> ICU_Pt_Days <= 7.900)
",-1.134,-8.227,-3.757,1.000,0.000,23,0,14,357,380,14,37,357,0.060526315789473685,0.0,1.0,0.6216216216216216,0.0583756345177665,0.9416243654822335,1
"F[0,0](CALCIUM >= 8.318 -> CHLORIDE <= 99.005)
",-2.976,-5.814,-0.582,0.000,1.000,23,0,14,357,380,14,37,357,0.060526315789473685,0.0,1.0,0.6216216216216216,0.0583756345177665,0.9416243654822335,-1
"((cosen >= -2.618) U[0,1] (SODIUM <= 136.006))
",0.000,-9999999.000,-9999999.000,0.000,1.000,23,0,14,357,380,14,37,357,0.060526315789473685,0.0,1.0,0.6216216216216216,0.0583756345177665,0.9416243654822335,-1
"((PLATELET_COUNT >= 245.225) U[0,1] (SODIUM <= 134.983))
",0.000,-9999999.000,-9999999.000,0.000,1.000,23,0,14,357,380,14,37,357,0.060526315789473685,0.0,1.0,0.6216216216216216,0.0583756345177665,0.9416243654822335,-1
"((CHLORIDE <= 99.135) U[1,1] (death <= 0.483))
",2.531,5.931,0.197,0.000,1.000,23,0,14,357,380,14,37,357,0.060526315789473685,0.0,1.0,0.6216216216216216,0.0583756345177665,0.9416243654822335,-1
"F[0,0](hr <= 96.995 & lds <= 2.352)
",0.913,0.325,-9.429,0.000,1.000,11,10,4,369,380,14,15,379,0.02894736842105263,0.7142857142857143,0.2857142857142857,0.7333333333333333,0.0532994923857868,0.9467005076142132,-1
"((ICU_Pt_Days >= 4.635) U[0,0] (POTASSIUM <= 5.354))
",3018311880645836.000,3.365,1.354,0.000,1.000,6,14,0,374,380,14,6,388,0.015789473684210527,1.0,0.0,1.0,0.050761421319796954,0.949238578680203,-1
"((Pulse >= 73.930) U[1,2] (s8_hr >= -7.894719507781144e-05))
",0.000,-9999999.000,-9999999.000,0.000,1.000,9,11,0,374,383,11,9,385,0.02349869451697128,1.0,0.0,1.0,0.050761421319796954,0.949238578680203,-1
"F[0,1](O2_Flow >= 2.122 | Resp >= 12.728)
",0.000,-9999999.000,-9999999.000,0.000,1.000,6,14,0,374,380,14,6,388,0.015789473684210527,1.0,0.0,1.0,0.050761421319796954,0.949238578680203,-1
"((AF >= 0.000) U[0,0] (hr <= 96.130))
",0.734,9.832,2.590,0.000,1.000,10,9,5,370,380,14,15,379,0.02631578947368421,0.6428571428571429,0.35714285714285715,0.6666666666666666,0.048223350253807105,0.9517766497461929,-1
"F[1,1](PHOSPHORUS >= 3.876 -> srr <= 0.056)
",-0.752,-0.370,0.001,0.000,1.000,4,14,0,376,380,14,4,390,0.010526315789473684,1.0,0.0,1.0,0.04568527918781726,0.9543147208121827,-1
"F[1,1](BLOOD_UREA_NITROGEN <= 32.109 | lds >= 1.701)
",-3.395,1.212,11.109,0.000,1.000,3,14,0,377,380,14,3,391,0.007894736842105263,1.0,0.0,1.0,0.04314720812182741,0.9568527918781726,-1
"F[0,1]((af <= 0.456 | AF <= 0.080) & cosen >= -2.576)
",0.000,-9999999.000,-9999999.000,0.000,1.000,3,14,0,377,380,14,3,391,0.007894736842105263,1.0,0.0,1.0,0.04314720812182741,0.9568527918781726,-1
"((cosen >= -2.609) U[1,2] (WHITE_BLOOD_CELL_COUNT <= 18.795))
",0.000,-9999999.000,-9999999.000,0.000,1.000,2,14,0,378,380,14,2,392,0.005263157894736842,1.0,0.0,1.0,0.04060913705583756,0.9593908629441624,-1
"((LOS <= 21.706) U[0,1] (srr >= 0.006))
",0.000,-9999999.000,-9999999.000,0.000,1.000,1,14,0,379,380,14,1,393,0.002631578947368421,1.0,0.0,1.0,0.03807106598984772,0.9619289340101522,-1
"((BLOOD_UREA_NITROGEN >= 21.711) U[1,2] (s8_hr >= -3.4884518061548955e-05))
",0.000,-9999999.000,-9999999.000,0.000,1.000,15,0,10,369,384,10,25,369,0.0390625,0.0,1.0,0.6,0.03807106598984772,0.9619289340101522,-1
"((HEMOGLOBIN >= 8.042) U[0,1] (s24_hr <= 0.001))
",0.000,-9999999.000,-9999999.000,0.000,1.000,1,14,0,379,380,14,1,393,0.002631578947368421,1.0,0.0,1.0,0.03807106598984772,0.9619289340101522,-1
"((cosen <= -1.497) U[0,1] (s8_hr <= 0.001))
",0.000,-9999999.000,-9999999.000,0.000,1.000,1,14,0,379,380,14,1,393,0.002631578947368421,1.0,0.0,1.0,0.03807106598984772,0.9619289340101522,-1
"((edrk >= 8.436) U[1,2] (PARTIAL_THROMBOPLASTIN_TIME <= 40.405))
",0.000,-9999999.000,-9999999.000,0.000,1.000,1,14,0,379,380,14,1,393,0.002631578947368421,1.0,0.0,1.0,0.03807106598984772,0.9619289340101522,-1
"F[1,2](hr <= 112.433 | PLATELET_COUNT <= 360.288)
",0.000,-9999999.000,-9999999.000,0.000,1.000,0,14,0,380,380,14,0,394,0.0,1.0,0.0,0.0,0.03553299492385787,0.9644670050761421,-1
"F[1,2](GLUCOSE >= 102.618 & SODIUM >= 130.314)
",0.000,-9999999.000,-9999999.000,0.000,1.000,0,14,0,380,380,14,0,394,0.0,1.0,0.0,0.0,0.03553299492385787,0.9644670050761421,-1
"((LOS <= 21.593) U[0,2] (SODIUM >= 129.533))
",0.000,-9999999.000,-9999999.000,0.000,1.000,0,14,0,380,380,14,0,394,0.0,1.0,0.0,0.0,0.03553299492385787,0.9644670050761421,-1
"F[1,2](BLOOD_UREA_NITROGEN <= 33.386 & CREATININE >= 1.019)
",0.000,-9999999.000,-9999999.000,0.000,1.000,0,14,0,380,380,14,0,394,0.0,1.0,0.0,0.0,0.03553299492385787,0.9644670050761421,-1
"((MET <= 0.334) U[0,2] (PLATELET_COUNT <= 336.544))
",0.000,-9999999.000,-9999999.000,0.000,1.000,0,14,0,380,380,14,0,394,0.0,1.0,0.0,0.0,0.03553299492385787,0.9644670050761421,-1
"F[0,2](CO2 >= 26.356 -> PLATELET_COUNT <= 356.598)
",0.000,-9999999.000,-9999999.000,0.000,1.000,0,14,0,380,380,14,0,394,0.0,1.0,0.0,0.0,0.03553299492385787,0.9644670050761421,-1
"((HEMOGLOBIN <= 9.350) U[0,2] (MAGNESIUM >= 1.711))
",0.000,-9999999.000,-9999999.000,0.000,1.000,0,14,0,380,380,14,0,394,0.0,1.0,0.0,0.0,0.03553299492385787,0.9644670050761421,-1
"((edrk <= 24.111) U[0,2] (hr >= 78.897))
",0.000,-9999999.000,-9999999.000,0.000,1.000,0,14,0,380,380,14,0,394,0.0,1.0,0.0,0.0,0.03553299492385787,0.9644670050761421,-1
"F[0,2](BLOOD_UREA_NITROGEN <= 31.784 & CREATININE >= 0.954)
",0.000,-9999999.000,-9999999.000,0.000,1.000,0,14,0,380,380,14,0,394,0.0,1.0,0.0,0.0,0.03553299492385787,0.9644670050761421,-1
"F[0,0](CHLORIDE <= 93.826 -> MET <= 0.393)
",-0.765,-1.082,-0.108,0.000,1.000,0,14,0,380,380,14,0,394,0.0,1.0,0.0,0.0,0.03553299492385787,0.9644670050761421,-1
"((CHLORIDE >= 91.935) U[0,0] (n_edrk >= 0.874))
",-3.343,1.677,10.065,0.000,1.000,10,4,10,370,380,14,20,374,0.02631578947368421,0.2857142857142857,0.7142857142857143,0.5,0.03553299492385787,0.9644670050761421,-1
"F[0,2](hr <= 98.638 | MET >= 0.000)
",0.000,-9999999.000,-9999999.000,0.000,1.000,0,14,0,380,380,14,0,394,0.0,1.0,0.0,0.0,0.03553299492385787,0.9644670050761421,-1
"((CO2 >= 27.236) U[0,2] (POTASSIUM <= 5.251))
",0.000,-9999999.000,-9999999.000,0.000,1.000,0,14,0,380,380,14,0,394,0.0,1.0,0.0,0.0,0.03553299492385787,0.9644670050761421,-1
"F[0,2](CREATININE >= 1.026 | Resp >= 12.837)
",0.000,-9999999.000,-9999999.000,0.000,1.000,0,14,0,380,380,14,0,394,0.0,1.0,0.0,0.0,0.03553299492385787,0.9644670050761421,-1
"F[1,2](CREATININE >= 0.990 | PROTIME_INR >= 0.950)
",0.000,-9999999.000,-9999999.000,0.000,1.000,0,14,0,380,380,14,0,394,0.0,1.0,0.0,0.0,0.03553299492385787,0.9644670050761421,-1
"((BLOOD_UREA_NITROGEN <= 31.713) U[0,2] (n_edrk <= 0.992))
",0.000,-9999999.000,-9999999.000,0.000,1.000,0,14,0,380,380,14,0,394,0.0,1.0,0.0,0.0,0.03553299492385787,0.9644670050761421,-1
"F[0,2](BLOOD_UREA_NITROGEN <= 31.830 -> s24_hr >= -0.001)
",0.000,-9999999.000,-9999999.000,0.000,1.000,0,14,0,380,380,14,0,394,0.0,1.0,0.0,0.0,0.03553299492385787,0.9644670050761421,-1
"F[0,2]((af <= 0.438 | AF <= 0.404) & cosen >= -2.508)
",0.000,-9999999.000,-9999999.000,0.000,1.000,0,14,0,380,380,14,0,394,0.0,1.0,0.0,0.0,0.03553299492385787,0.9644670050761421,-1
"F[0,2](ICU_Pt_Days <= 7.839 | LOS >= 14.122)
",0.000,-9999999.000,-9999999.000,0.000,1.000,0,14,0,380,380,14,0,394,0.0,1.0,0.0,0.0,0.03553299492385787,0.9644670050761421,-1
"F[0,1](AF <= 0.465 | n_evts >= 0.021)
",0.000,-9999999.000,-9999999.000,0.000,1.000,0,14,0,380,380,14,0,394,0.0,1.0,0.0,0.0,0.03553299492385787,0.9644670050761421,-1
"F[1,1](direct >= 0.015 -> PLATELET_COUNT <= 356.244)
",2.837,-23.633,-144.244,0.000,1.000,0,14,0,380,380,14,0,394,0.0,1.0,0.0,0.0,0.03553299492385787,0.9644670050761421,-1
"F[0,1](Glasgow_Coma_Scale_Total <= 14.999 -> Resp <= 21.426)
",0.000,-9999999.000,-9999999.000,0.000,1.000,0,14,0,380,380,14,0,394,0.0,1.0,0.0,0.0,0.03553299492385787,0.9644670050761421,-1
"F[0,2](BLOOD_UREA_NITROGEN >= 27.550 -> MET >= 0.000)
",0.000,-9999999.000,-9999999.000,0.000,1.000,0,14,0,380,380,14,0,394,0.0,1.0,0.0,0.0,0.03553299492385787,0.9644670050761421,-1
"F[1,1](CALCIUM <= 8.861 | MAGNESIUM >= 1.798)
",-0.032,0.196,0.202,0.000,1.000,0,14,0,380,380,14,0,394,0.0,1.0,0.0,0.0,0.03553299492385787,0.9644670050761421,-1
"F[1,1](n_evts >= 0.024 -> O2_Flow >= 1.272)
",0.632,-0.947,-2.656,0.000,1.000,0,14,0,380,380,14,0,394,0.0,1.0,0.0,0.0,0.03553299492385787,0.9644670050761421,-1
"F[0,0](Sgy < 0.000 -> y = 0.422)
",0.000,0.000,0.000,0.000,1.000,0,14,0,380,380,14,0,394,0.0,1.0,0.0,0.0,0.03553299492385787,0.9644670050761421,-1
"F[0,2](cosen >= -2.560 & s24_hr <= 0.001)
",0.000,-9999999.000,-9999999.000,0.000,1.000,0,14,0,380,380,14,0,394,0.0,1.0,0.0,0.0,0.03553299492385787,0.9644670050761421,-1
"((cosen >= -2.436) U[0,2] (PLATELET_COUNT <= 336.773))
",0.000,-9999999.000,-9999999.000,0.000,1.000,0,14,0,380,380,14,0,394,0.0,1.0,0.0,0.0,0.03553299492385787,0.9644670050761421,-1
"F[0,0](CO2 >= 26.793 -> O2_Flow >= 1.896)
",0.028,-1.013,-1.104,0.000,1.000,0,14,0,380,380,14,0,394,0.0,1.0,0.0,0.0,0.03553299492385787,0.9644670050761421,-1
"((cosen >= -2.511) U[0,2] (HEMOGLOBIN >= 8.079))
",0.000,-9999999.000,-9999999.000,0.000,1.000,0,14,0,380,380,14,0,394,0.0,1.0,0.0,0.0,0.03553299492385787,0.9644670050761421,-1
"F[0,2](BLOOD_UREA_NITROGEN <= 31.863 -> CHLORIDE >= 92.649)
",0.000,-9999999.000,-9999999.000,0.000,1.000,0,14,0,380,380,14,0,394,0.0,1.0,0.0,0.0,0.03553299492385787,0.9644670050761421,-1
"F[0,0](ICU_Pt_Days <= 7.965 -> n_evts >= 0.034)
",2.845,0.034,-3.822,0.000,1.000,0,14,0,380,380,14,0,394,0.0,1.0,0.0,0.0,0.03553299492385787,0.9644670050761421,-1
"((hr >= 79.440) U[1,2] (s24_hr >= -9.149458875892542e-06))
",0.000,-9999999.000,-9999999.000,0.000,1.000,4,10,0,380,384,10,4,390,0.010416666666666666,1.0,0.0,1.0,0.03553299492385787,0.9644670050761421,-1
"F[0,2](CO2 >= 27.157 -> lds <= 2.234)
",0.000,-9999999.000,-9999999.000,0.000,1.000,0,14,0,380,380,14,0,394,0.0,1.0,0.0,0.0,0.03553299492385787,0.9644670050761421,-1
"F[0,2](death >= 0.001 | s8_edrk >= -0.001)
",0.000,-9999999.000,-9999999.000,0.000,1.000,0,14,0,380,380,14,0,394,0.0,1.0,0.0,0.0,0.03553299492385787,0.9644670050761421,-1
"F[0,2](CO2 <= 28.117 | SpO2 <= 98.011)
",0.000,-9999999.000,-9999999.000,0.000,1.000,0,14,0,380,380,14,0,394,0.0,1.0,0.0,0.0,0.03553299492385787,0.9644670050761421,-1
"F[0,1](CO2 >= 26.762 -> WHITE_BLOOD_CELL_COUNT <= 22.091)
",0.000,-9999999.000,-9999999.000,0.000,1.000,0,14,0,380,380,14,0,394,0.0,1.0,0.0,0.0,0.03553299492385787,0.9644670050761421,-1
"F[1,2](BLOOD_UREA_NITROGEN >= 26.675 -> hr <= 110.041)
",0.000,-9999999.000,-9999999.000,0.000,1.000,0,14,0,380,380,14,0,394,0.0,1.0,0.0,0.0,0.03553299492385787,0.9644670050761421,-1
"F[0,2](CALCIUM >= 8.374 -> POTASSIUM <= 4.628)
",0.000,-9999999.000,-9999999.000,0.000,1.000,0,14,0,380,380,14,0,394,0.0,1.0,0.0,0.0,0.03553299492385787,0.9644670050761421,-1
"F[0,2](Glasgow_Coma_Scale_Total >= 14.196 | s24_hr >= -0.000)
",0.000,-9999999.000,-9999999.000,0.000,1.000,0,14,0,380,380,14,0,394,0.0,1.0,0.0,0.0,0.03553299492385787,0.9644670050761421,-1
"F[0,2]((af <= 0.032 | AF <= 0.157) & cosen >= -2.456)
",0.000,-9999999.000,-9999999.000,0.000,1.000,0,14,0,380,380,14,0,394,0.0,1.0,0.0,0.0,0.03553299492385787,0.9644670050761421,-1
"F[1,2](BLOOD_UREA_NITROGEN <= 33.005 & CREATININE >= 0.966)
",0.000,-9999999.000,-9999999.000,0.000,1.000,0,14,0,380,380,14,0,394,0.0,1.0,0.0,0.0,0.03553299492385787,0.9644670050761421,-1
"F[0,1](GLUCOSE >= 120.051 | lds >= 1.020)
",0.000,-9999999.000,-9999999.000,0.000,1.000,0,14,0,380,380,14,0,394,0.0,1.0,0.0,0.0,0.03553299492385787,0.9644670050761421,-1
"F[0,2](Pulse <= 104.135 -> s24_hr <= 0.001)
",0.000,-9999999.000,-9999999.000,0.000,1.000,0,14,0,380,380,14,0,394,0.0,1.0,0.0,0.0,0.03553299492385787,0.9644670050761421,-1
"F[0,2]((af <= 0.295 | AF <= 0.312) & cosen >= -2.511)
",0.000,-9999999.000,-9999999.000,0.000,1.000,0,14,0,380,380,14,0,394,0.0,1.0,0.0,0.0,0.03553299492385787,0.9644670050761421,-1
"F[0,2](Mort >= 0.016 | SpO2 >= 92.731)
",0.000,-9999999.000,-9999999.000,0.000,1.000,0,14,0,380,380,14,0,394,0.0,1.0,0.0,0.0,0.03553299492385787,0.9644670050761421,-1
"F[1,2](BLOOD_UREA_NITROGEN <= 33.231 & CREATININE >= 0.931)
",0.000,-9999999.000,-9999999.000,0.000,1.000,0,14,0,380,380,14,0,394,0.0,1.0,0.0,0.0,0.03553299492385787,0.9644670050761421,-1
"F[0,2](BLOOD_UREA_NITROGEN <= 32.580 & POTASSIUM >= 3.888)
",0.000,-9999999.000,-9999999.000,0.000,1.000,0,14,0,380,380,14,0,394,0.0,1.0,0.0,0.0,0.03553299492385787,0.9644670050761421,-1
"F[1,2](Mort >= 0.013 -> POTASSIUM <= 4.905)
",0.000,-9999999.000,-9999999.000,0.000,1.000,0,14,0,380,380,14,0,394,0.0,1.0,0.0,0.0,0.03553299492385787,0.9644670050761421,-1
"F[0,2](Glasgow_Coma_Scale_Total >= 14.118 | s24_edrk <= 0.001)
",0.000,-9999999.000,-9999999.000,0.000,1.000,0,14,0,380,380,14,0,394,0.0,1.0,0.0,0.0,0.03553299492385787,0.9644670050761421,-1
"F[1,2](POTASSIUM >= 3.896 | y >= 0.012)
",0.000,-9999999.000,-9999999.000,0.000,1.000,0,14,0,380,380,14,0,394,0.0,1.0,0.0,0.0,0.03553299492385787,0.9644670050761421,-1
"F[0,2](AF <= 0.113 | lds <= 2.248)
",0.000,-9999999.000,-9999999.000,0.000,1.000,0,14,0,380,380,14,0,394,0.0,1.0,0.0,0.0,0.03553299492385787,0.9644670050761421,-1
"F[1,2](cosen <= -1.984 | ICU_Pt_Days <= 7.875)
",0.000,-9999999.000,-9999999.000,0.000,1.000,0,14,0,380,380,14,0,394,0.0,1.0,0.0,0.0,0.03553299492385787,0.9644670050761421,-1
"((n_evts <= 0.548) U[0,2] (srr <= 0.140))
",0.000,-9999999.000,-9999999.000,0.000,1.000,0,14,0,380,380,14,0,394,0.0,1.0,0.0,0.0,0.03553299492385787,0.9644670050761421,-1
"((lds >= 0.538) U[0,2] (LOS <= 21.946))
",0.000,-9999999.000,-9999999.000,0.000,1.000,0,14,0,380,380,14,0,394,0.0,1.0,0.0,0.0,0.03553299492385787,0.9644670050761421,-1
"((CHLORIDE >= 90.178) U[1,2] (MAGNESIUM >= 1.732))
",0.000,-9999999.000,-9999999.000,0.000,1.000,0,14,0,380,380,14,0,394,0.0,1.0,0.0,0.0,0.03553299492385787,0.9644670050761421,-1
"((CALCIUM >= 8.113) U[1,2] (ICU_Pt_Days <= 7.866))
",0.000,-9999999.000,-9999999.000,0.000,1.000,0,14,0,380,380,14,0,394,0.0,1.0,0.0,0.0,0.03553299492385787,0.9644670050761421,-1
"F[0,2](AF <= 0.386 | af >= 0.001)
",0.000,-9999999.000,-9999999.000,0.000,1.000,0,14,0,380,380,14,0,394,0.0,1.0,0.0,0.0,0.03553299492385787,0.9644670050761421,-1
"F[1,2](PROTIME_INR >= 0.988 | SODIUM >= 128.931)
",0.000,-9999999.000,-9999999.000,0.000,1.000,0,14,0,380,380,14,0,394,0.0,1.0,0.0,0.0,0.03553299492385787,0.9644670050761421,-1
"((Glasgow_Coma_Scale_Total <= 14.996) U[0,2] (MAGNESIUM >= 1.767))
",0.000,-9999999.000,-9999999.000,0.000,1.000,0,14,0,380,380,14,0,394,0.0,1.0,0.0,0.0,0.03553299492385787,0.9644670050761421,-1
"F[0,2](CREATININE <= 1.108 & edrk <= 29.734)
",0.000,-9999999.000,-9999999.000,0.000,1.000,0,14,0,380,380,14,0,394,0.0,1.0,0.0,0.0,0.03553299492385787,0.9644670050761421,-1
"F[1,2](Mort <= 0.306 -> PROTIME_INR >= 1.045)
",0.000,-9999999.000,-9999999.000,0.000,1.000,0,14,0,380,380,14,0,394,0.0,1.0,0.0,0.0,0.03553299492385787,0.9644670050761421,-1
"((direct <= 0.784) U[0,2] (MAGNESIUM >= 1.775))
",0.000,-9999999.000,-9999999.000,0.000,1.000,0,14,0,380,380,14,0,394,0.0,1.0,0.0,0.0,0.03553299492385787,0.9644670050761421,-1
"((CALCIUM <= 8.782) U[0,2] (PHOSPHORUS <= 4.703))
",0.000,-9999999.000,-9999999.000,0.000,1.000,0,14,0,380,380,14,0,394,0.0,1.0,0.0,0.0,0.03553299492385787,0.9644670050761421,-1
"F[0,2](n_evts <= 0.866 -> tte >= -2.543)
",0.000,-9999999.000,-9999999.000,0.000,1.000,0,14,0,380,380,14,0,394,0.0,1.0,0.0,0.0,0.03553299492385787,0.9644670050761421,-1
"F[0,0](POTASSIUM >= 4.078 | SODIUM >= 129.653)
",-3.141,1.740,7.347,0.000,1.000,0,14,0,380,380,14,0,394,0.0,1.0,0.0,0.0,0.03553299492385787,0.9644670050761421,-1
"((n_edrk >= 0.126) U[0,2] (WHITE_BLOOD_CELL_COUNT <= 20.242))
",0.000,-9999999.000,-9999999.000,0.000,1.000,0,14,0,380,380,14,0,394,0.0,1.0,0.0,0.0,0.03553299492385787,0.9644670050761421,-1
"F[0,1](cosen >= -2.605 | srr <= 0.108)
",0.000,-9999999.000,-9999999.000,0.000,1.000,0,14,0,380,380,14,0,394,0.0,1.0,0.0,0.0,0.03553299492385787,0.9644670050761421,-1
"F[0,2](PLATELET_COUNT >= 324.242 -> Resp <= 21.155)
",0.000,-9999999.000,-9999999.000,0.000,1.000,0,14,0,380,380,14,0,394,0.0,1.0,0.0,0.0,0.03553299492385787,0.9644670050761421,-1
"F[0,1](BLOOD_UREA_NITROGEN <= 32.949 | n_evts <= 0.923)
",0.000,-9999999.000,-9999999.000,0.000,1.000,0,14,0,380,380,14,0,394,0.0,1.0,0.0,0.0,0.03553299492385787,0.9644670050761421,-1
"((PHOSPHORUS <= 4.746) U[1,2] (PROTIME_INR >= 1.007))
",0.000,-9999999.000,-9999999.000,0.000,1.000,0,14,0,380,380,14,0,394,0.0,1.0,0.0,0.0,0.03553299492385787,0.9644670050761421,-1
"F[1,2](lds >= 0.926 -> srr >= 0.012)
",0.000,-9999999.000,-9999999.000,0.000,1.000,0,14,0,380,380,14,0,394,0.0,1.0,0.0,0.0,0.03553299492385787,0.9644670050761421,-1
"F[1,2](Mort >= 0.004 -> PHOSPHORUS <= 4.120)
",0.000,-9999999.000,-9999999.000,0.000,1.000,0,14,0,380,380,14,0,394,0.0,1.0,0.0,0.0,0.03553299492385787,0.9644670050761421,-1
"((death >= 0.003) U[0,0] (s2_edrk >= -0.007))
",-0.634,0.007,0.291,0.000,1.000,0,14,0,380,380,14,0,394,0.0,1.0,0.0,0.0,0.03553299492385787,0.9644670050761421,-1
"F[0,2](MAGNESIUM >= 1.726 | O2_Flow <= 4.383)
",0.000,-9999999.000,-9999999.000,0.000,1.000,0,14,0,380,380,14,0,394,0.0,1.0,0.0,0.0,0.03553299492385787,0.9644670050761421,-1
"((CALCIUM >= 8.263) U[0,2] (HEMOGLOBIN >= 7.697))
",0.000,-9999999.000,-9999999.000,0.000,1.000,0,14,0,380,380,14,0,394,0.0,1.0,0.0,0.0,0.03553299492385787,0.9644670050761421,-1
"F[0,2](Glasgow_Coma_Scale_Total <= 15.000 -> srr >= 0.005)
",0.000,-9999999.000,-9999999.000,0.000,1.000,0,14,0,380,380,14,0,394,0.0,1.0,0.0,0.0,0.03553299492385787,0.9644670050761421,-1
"F[0,2](edrk <= 22.634 -> s2_edrk >= -0.002)
",0.000,-9999999.000,-9999999.000,0.000,1.000,0,14,0,380,380,14,0,394,0.0,1.0,0.0,0.0,0.03553299492385787,0.9644670050761421,-1
"G[0,2](TROPONIN_I >= 0.060 & y = 0.822)
",0.000,9999999.000,9999999.000,1.000,0.000,0,14,0,380,380,14,0,394,0.0,1.0,0.0,0.0,0.03553299492385787,0.9644670050761421,1
"G[0,2](BLOOD_UREA_NITROGEN >= 21.390 & SpO2 <= 96.433)
",0.000,9999999.000,9999999.000,1.000,0.000,0,14,141,239,239,155,141,253,0.0,0.09032258064516129,0.9096774193548387,0.0,0.03553299492385787,0.9644670050761421,1
"G[0,1](death >= 0.004 & y = 0.561)
",0.000,9999999.000,9999999.000,1.000,0.000,0,14,0,380,380,14,0,394,0.0,1.0,0.0,0.0,0.03553299492385787,0.9644670050761421,1
"G[1,2](edrk <= 35.550 & y = 0.617)
",0.000,9999999.000,9999999.000,1.000,0.000,0,14,0,380,380,14,0,394,0.0,1.0,0.0,0.0,0.03553299492385787,0.9644670050761421,1
"G[0,2](af <= 0.465 & n_evts <= 0.882)
",0.000,9999999.000,9999999.000,1.000,0.000,0,14,380,0,0,394,380,14,0.0,0.03553299492385787,0.9644670050761421,0.0,0.03553299492385787,0.9644670050761421,1
"G[0,2](ALBUMIN < 3.200 & y = 0.648)
",0.000,9999999.000,9999999.000,1.000,0.000,0,14,0,380,380,14,0,394,0.0,1.0,0.0,0.0,0.03553299492385787,0.9644670050761421,1
"G[1,2](CREATININE <= 1.215 -> SODIUM <= 131.437)
",0.000,9999999.000,9999999.000,1.000,0.000,0,14,256,124,124,270,256,138,0.0,0.05185185185185185,0.9481481481481482,0.0,0.03553299492385787,0.9644670050761421,1
"G[0,2](LOS >= 19.832 | n_evts <= 0.560)
",0.000,9999999.000,9999999.000,1.000,0.000,0,14,380,0,0,394,380,14,0.0,0.03553299492385787,0.9644670050761421,0.0,0.03553299492385787,0.9644670050761421,1
"G[0,2](HEMOGLOBIN >= 7.741 -> PLATELET_COUNT >= 296.606)
",0.000,9999999.000,9999999.000,1.000,0.000,0,14,345,35,35,359,345,49,0.0,0.03899721448467967,0.9610027855153204,0.0,0.03553299492385787,0.9644670050761421,1
"G[1,2](ICU_Pt_Days >= 3.681 & y = 0.719)
",0.000,9999999.000,9999999.000,1.000,0.000,0,14,0,380,380,14,0,394,0.0,1.0,0.0,0.0,0.03553299492385787,0.9644670050761421,1
"G[0,2](GLUCOSE >= 140.012 & n_evts <= 0.230)
",0.000,9999999.000,9999999.000,1.000,0.000,0,14,293,87,87,307,293,101,0.0,0.04560260586319218,0.9543973941368078,0.0,0.03553299492385787,0.9644670050761421,1
"G[0,2](cosen <= -1.798 & POTASSIUM >= 4.195)
",0.000,9999999.000,9999999.000,1.000,0.000,0,14,299,81,81,313,299,95,0.0,0.04472843450479233,0.9552715654952076,0.0,0.03553299492385787,0.9644670050761421,1
"G[1,2](BLOOD_UREA_NITROGEN <= 32.077 -> WHITE_BLOOD_CELL_COUNT >= 14.725)
",0.000,9999999.000,9999999.000,1.000,0.000,0,14,357,23,23,371,357,37,0.0,0.03773584905660377,0.9622641509433962,0.0,0.03553299492385787,0.9644670050761421,1
"G[0,2](MAGNESIUM <= 1.912 & y >= 0.008)
",0.000,9999999.000,9999999.000,1.000,0.000,0,14,0,380,380,14,0,394,0.0,1.0,0.0,0.0,0.03553299492385787,0.9644670050761421,1
"G[1,2](cosen <= -1.627 & y = 0.533)
",0.000,9999999.000,9999999.000,1.000,0.000,0,14,0,380,380,14,0,394,0.0,1.0,0.0,0.0,0.03553299492385787,0.9644670050761421,1
"G[0,2](n_evts <= 0.605 & PHOSPHORUS <= 4.932)
",0.000,9999999.000,9999999.000,1.000,0.000,0,14,310,70,70,324,310,84,0.0,0.043209876543209874,0.9567901234567902,0.0,0.03553299492385787,0.9644670050761421,1
"G[0,1](s2_edrk > -0.006 & y = 0.088)
",0.000,9999999.000,9999999.000,1.000,0.000,0,14,0,380,380,14,0,394,0.0,1.0,0.0,0.0,0.03553299492385787,0.9644670050761421,1
"G[0,2](ICU_Pt_Days <= 7.861 & MAGNESIUM <= 1.987)
",0.000,9999999.000,9999999.000,1.000,0.000,0,14,0,380,380,14,0,394,0.0,1.0,0.0,0.0,0.03553299492385787,0.9644670050761421,1
"G[0,2](CHLORIDE <= 97.867 & srr >= 0.008)
",0.000,9999999.000,9999999.000,1.000,0.000,0,14,229,151,151,243,229,165,0.0,0.05761316872427984,0.9423868312757202,0.0,0.03553299492385787,0.9644670050761421,1
"G[0,2](GLUCOSE >= 130.554 & hr >= 84.453)
",0.000,9999999.000,9999999.000,1.000,0.000,0,14,193,187,187,207,193,201,0.0,0.06763285024154589,0.9323671497584541,0.0,0.03553299492385787,0.9644670050761421,1
"G[1,2](PHOSPHORUS >= 3.519 & s8_hr >= -0.000)
",0.000,9999999.000,9999999.000,1.000,0.000,0,14,167,213,213,181,167,227,0.0,0.07734806629834254,0.9226519337016574,0.0,0.03553299492385787,0.9644670050761421,1
"F[1,2](ICU_Pt_Days <= 7.977 & lds <= 2.121)
",0.000,-9999999.000,-9999999.000,0.000,1.000,0,13,0,381,381,13,0,394,0.0,1.0,0.0,0.0,0.03299492385786802,0.9670050761421319,-1
"G[0,2](s8_hr >= -1.2047375443537968e-05 -> SODIUM <= 136.742)
",0.000,9999999.000,9999999.000,1.000,0.000,0,13,365,16,16,378,365,29,0.0,0.03439153439153439,0.9656084656084656,0.0,0.03299492385786802,0.9670050761421319,1
"((lds >= 1.491) U[1,2] (MET <= 0.527))
",0.000,-9999999.000,-9999999.000,0.000,1.000,2,11,1,380,382,12,3,391,0.005235602094240838,0.9166666666666666,0.08333333333333333,0.6666666666666666,0.03299492385786802,0.9670050761421319,-1
"((Resp >= 13.342) U[0,1] (s8_edrk <= 0.002))
",0.000,-9999999.000,-9999999.000,0.000,1.000,0,13,1,380,380,14,1,393,0.0,0.9285714285714286,0.07142857142857142,0.0,0.03299492385786802,0.9670050761421319,-1
"((direct >= 0.016) U[0,2] (s24_hr <= 0.000))
",0.000,-9999999.000,-9999999.000,0.000,1.000,0,13,0,381,381,13,0,394,0.0,1.0,0.0,0.0,0.03299492385786802,0.9670050761421319,-1
"F[0,2](cosen <= -2.149 | MET >= 0.004)
",0.000,-9999999.000,-9999999.000,0.000,1.000,0,12,0,382,382,12,0,394,0.0,1.0,0.0,0.0,0.030456852791878174,0.9695431472081218,-1
"((Glasgow_Coma_Scale_Total >= 14.170) U[1,2] (ICU_Pt_Days <= 7.960))
",0.000,-9999999.000,-9999999.000,0.000,1.000,0,12,2,380,380,14,2,392,0.0,0.8571428571428571,0.14285714285714285,0.0,0.030456852791878174,0.9695431472081218,-1
"F[0,2](MET >= 0.000 & s8_edrk <= 1.7176777620739705e-05)
",0.000,-9999999.000,-9999999.000,0.000,1.000,0,12,0,382,382,12,0,394,0.0,1.0,0.0,0.0,0.030456852791878174,0.9695431472081218,-1
"((death <= 0.014) U[0,2] (MET <= 0.768))
",0.000,-9999999.000,-9999999.000,0.000,1.000,0,12,0,382,382,12,0,394,0.0,1.0,0.0,0.0,0.030456852791878174,0.9695431472081218,-1
"F[0,2](AF <= 0.417 & LOS <= 21.506)
",0.000,-9999999.000,-9999999.000,0.000,1.000,0,12,0,382,382,12,0,394,0.0,1.0,0.0,0.0,0.030456852791878174,0.9695431472081218,-1
"F[1,2](PARTIAL_THROMBOPLASTIN_TIME >= 31.122 & Pulse >= 73.370)
",0.000,-9999999.000,-9999999.000,0.000,1.000,0,12,0,382,382,12,0,394,0.0,1.0,0.0,0.0,0.030456852791878174,0.9695431472081218,-1
"((dfa <= 0.991) U[0,2] (hr <= 109.387))
",0.000,-9999999.000,-9999999.000,0.000,1.000,0,12,0,382,382,12,0,394,0.0,1.0,0.0,0.0,0.030456852791878174,0.9695431472081218,-1
"((CO2 >= 27.052) U[0,2] (hr <= 117.028))
",0.000,-9999999.000,-9999999.000,0.000,1.000,0,12,0,382,382,12,0,394,0.0,1.0,0.0,0.0,0.030456852791878174,0.9695431472081218,-1
"F[1,1](hr <= 112.419 & s24_edrk >= -0.003)
",0.632,0.003,-2.133,0.000,1.000,0,12,2,380,380,14,2,392,0.0,0.8571428571428571,0.14285714285714285,0.0,0.030456852791878174,0.9695431472081218,-1
"F[1,2](hr <= 90.036 -> ICU_Pt_Days >= 0.750)
",0.000,-9999999.000,-9999999.000,0.000,1.000,0,12,0,382,382,12,0,394,0.0,1.0,0.0,0.0,0.030456852791878174,0.9695431472081218,-1
"F[0,2](CO2 >= 27.170 | cosen <= -1.778)
",0.000,-9999999.000,-9999999.000,0.000,1.000,0,12,0,382,382,12,0,394,0.0,1.0,0.0,0.0,0.030456852791878174,0.9695431472081218,-1
"F[1,2](MET > 0.001 -> y = 0.525)
",0.000,-9999999.000,-9999999.000,0.000,1.000,0,12,0,382,382,12,0,394,0.0,1.0,0.0,0.0,0.030456852791878174,0.9695431472081218,-1
"((s24_edrk >= -0.004) U[0,2] (s2_edrk <= 0.001))
",0.000,-9999999.000,-9999999.000,0.000,1.000,0,12,0,382,382,12,0,394,0.0,1.0,0.0,0.0,0.030456852791878174,0.9695431472081218,-1
"((death >= 0.010) U[0,1] (ICU_Pt_Days >= 0.279))
",0.000,-9999999.000,-9999999.000,0.000,1.000,0,12,2,380,380,14,2,392,0.0,0.8571428571428571,0.14285714285714285,0.0,0.030456852791878174,0.9695431472081218,-1
"((direct >= 0.012) U[0,1] (tte >= -1.648))
",0.000,-9999999.000,-9999999.000,0.000,1.000,0,12,2,380,380,14,2,392,0.0,0.8571428571428571,0.14285714285714285,0.0,0.030456852791878174,0.9695431472081218,-1
"F[0,2](direct >= 0.007 | y <= 0.786)
",0.000,-9999999.000,-9999999.000,0.000,1.000,0,12,0,382,382,12,0,394,0.0,1.0,0.0,0.0,0.030456852791878174,0.9695431472081218,-1
"G[0,2](MET >= 0.003 & Pulse >= 84.594)
",0.000,9999999.000,9999999.000,1.000,0.000,0,12,2,380,380,14,2,392,0.0,0.8571428571428571,0.14285714285714285,0.0,0.030456852791878174,0.9695431472081218,1
"G[1,1](Glasgow_Coma_Scale_Total <= 14.998 & MET <= 0.992)
",-0.627,-0.002,0.281,1.000,0.000,0,12,2,380,380,14,2,392,0.0,0.8571428571428571,0.14285714285714285,0.0,0.030456852791878174,0.9695431472081218,1
"((hr >= 78.098) U[0,2] (tte <= -0.032))
",0.000,-9999999.000,-9999999.000,0.000,1.000,0,11,0,383,383,11,0,394,0.0,1.0,0.0,0.0,0.027918781725888325,0.9720812182741116,-1
"F[0,2](PROTIME_INR >= 0.976 -> srr <= 0.091)
",0.000,-9999999.000,-9999999.000,0.000,1.000,0,11,0,383,383,11,0,394,0.0,1.0,0.0,0.0,0.027918781725888325,0.9720812182741116,-1
"((af >= 0.000) U[1,2] (srr <= 0.112))
",0.000,-9999999.000,-9999999.000,0.000,1.000,0,11,0,383,383,11,0,394,0.0,1.0,0.0,0.0,0.027918781725888325,0.9720812182741116,-1
"((BLOOD_UREA_NITROGEN <= 33.572) U[0,2] (srr <= 0.092))
",0.000,-9999999.000,-9999999.000,0.000,1.000,0,11,0,383,383,11,0,394,0.0,1.0,0.0,0.0,0.027918781725888325,0.9720812182741116,-1
"F[0,2](PARTIAL_THROMBOPLASTIN_TIME <= 35.934 & SpO2 >= 94.352)
",0.000,-9999999.000,-9999999.000,0.000,1.000,0,11,0,383,383,11,0,394,0.0,1.0,0.0,0.0,0.027918781725888325,0.9720812182741116,-1
"((death >= 0.006) U[0,2] (Resp <= 18.295))
",0.000,-9999999.000,-9999999.000,0.000,1.000,0,11,0,383,383,11,0,394,0.0,1.0,0.0,0.0,0.027918781725888325,0.9720812182741116,-1
"((LOS >= 12.397) U[0,2] (O2_Flow <= 4.756))
",0.000,-9999999.000,-9999999.000,0.000,1.000,0,11,0,383,383,11,0,394,0.0,1.0,0.0,0.0,0.027918781725888325,0.9720812182741116,-1
"((BLOOD_UREA_NITROGEN <= 33.884) U[0,0] (cosen <= -1.940))
",-3.319,2.410,12.884,0.000,1.000,0,10,4,380,380,14,4,390,0.0,0.7142857142857143,0.2857142857142857,0.0,0.025380710659898477,0.9746192893401016,-1
"F[1,1](Glasgow_Coma_Scale_Total >= 14.903 | hr <= 93.813)
",0.706,7.800,1.409,0.000,1.000,0,10,4,380,380,14,4,390,0.0,0.7142857142857143,0.2857142857142857,0.0,0.025380710659898477,0.9746192893401016,-1
"F[1,2](cosen <= -1.119 -> hr <= 97.637)
",0.000,-9999999.000,-9999999.000,0.000,1.000,0,10,0,384,384,10,0,394,0.0,1.0,0.0,0.0,0.025380710659898477,0.9746192893401016,-1
"((cosen <= -1.838) U[1,2] (Glasgow_Coma_Scale_Total >= 14.130))
",0.000,-9999999.000,-9999999.000,0.000,1.000,0,10,0,384,384,10,0,394,0.0,1.0,0.0,0.0,0.025380710659898477,0.9746192893401016,-1
"F[0,0](death <= 0.748 & Glasgow_Coma_Scale_Total <= 15.000)
",0.632,-0.000,-0.072,0.000,1.000,0,10,4,380,380,14,4,390,0.0,0.7142857142857143,0.2857142857142857,0.0,0.025380710659898477,0.9746192893401016,-1
"G[0,2](s24_edrk <= 0.000 & tte >= -3.307)
",0.000,9999999.000,9999999.000,1.000,0.000,0,10,190,194,194,200,190,204,0.0,0.05,0.95,0.0,0.025380710659898477,0.9746192893401016,1
"G[0,2](cosen >= -2.530 & n_edrk >= 0.333)
",0.000,9999999.000,9999999.000,1.000,0.000,0,10,354,30,30,364,354,40,0.0,0.027472527472527472,0.9725274725274725,0.0,0.025380710659898477,0.9746192893401016,1
"G[0,2](direct >= 0.006 & lds <= 1.914)
",0.000,9999999.000,9999999.000,1.000,0.000,0,10,4,380,380,14,4,390,0.0,0.7142857142857143,0.2857142857142857,0.0,0.025380710659898477,0.9746192893401016,1
"((cosen <= -1.554) U[0,1] (death <= 0.070))
",0.000,-9999999.000,-9999999.000,0.000,1.000,0,10,4,380,380,14,4,390,0.0,0.7142857142857143,0.2857142857142857,0.0,0.025380710659898477,0.9746192893401016,-1
"F[0,2](lds <= 2.415 -> y >= 0.004)
",0.000,-9999999.000,-9999999.000,0.000,1.000,0,9,0,385,385,9,0,394,0.0,1.0,0.0,0.0,0.02284263959390863,0.9771573604060914,-1
"F[0,1](direct <= 0.050 | Temp <= 36.733)
",0.000,-9999999.000,-9999999.000,0.000,1.000,0,9,5,380,380,14,5,389,0.0,0.6428571428571429,0.35714285714285715,0.0,0.02284263959390863,0.9771573604060914,-1
"((LOS <= 21.614) U[1,2] (y >= 0.013))
",0.000,-9999999.000,-9999999.000,0.000,1.000,0,9,0,385,385,9,0,394,0.0,1.0,0.0,0.0,0.02284263959390863,0.9771573604060914,-1
"((LOS >= 13.454) U[0,2] (n_edrk >= 0.590))
",0.000,-9999999.000,-9999999.000,0.000,1.000,0,9,0,385,385,9,0,394,0.0,1.0,0.0,0.0,0.02284263959390863,0.9771573604060914,-1
"F[1,1](Glasgow_Coma_Scale_Total >= 14.907 -> Mort <= 0.475)
",-0.779,-0.475,-0.135,0.000,1.000,0,9,5,380,380,14,5,389,0.0,0.6428571428571429,0.35714285714285715,0.0,0.02284263959390863,0.9771573604060914,-1
"((ICU_Pt_Days >= 1.352) U[1,2] (s24_edrk <= 0.003))
",0.000,-9999999.000,-9999999.000,0.000,1.000,0,9,4,381,381,13,4,390,0.0,0.6923076923076923,0.3076923076923077,0.0,0.02284263959390863,0.9771573604060914,-1
"((dfa <= 0.866) U[0,1] (srr <= 0.067))
",0.000,-9999999.000,-9999999.000,0.000,1.000,0,9,5,380,380,14,5,389,0.0,0.6428571428571429,0.35714285714285715,0.0,0.02284263959390863,0.9771573604060914,-1
"G[0,2](hr >= 76.615 & Pulse >= 86.995)
",0.000,9999999.000,9999999.000,1.000,0.000,0,9,218,167,167,227,218,176,0.0,0.039647577092511016,0.960352422907489,0.0,0.02284263959390863,0.9771573604060914,1
"G[0,2](cosen <= -1.923 & direct <= 0.390)
",0.000,9999999.000,9999999.000,1.000,0.000,0,9,385,0,0,394,385,9,0.0,0.02284263959390863,0.9771573604060914,0.0,0.02284263959390863,0.9771573604060914,1
"G[0,2](PHOSPHORUS <= 4.695 & y <= 0.153)
",0.000,9999999.000,9999999.000,1.000,0.000,0,9,315,70,70,324,315,79,0.0,0.027777777777777776,0.9722222222222222,0.0,0.02284263959390863,0.9771573604060914,1
"((CHLORIDE >= 91.518) U[1,2] (y >= 0.014))
",0.000,-9999999.000,-9999999.000,0.000,1.000,0,9,0,385,385,9,0,394,0.0,1.0,0.0,0.0,0.02284263959390863,0.9771573604060914,-1
"((GLUCOSE >= 143.197) U[0,0] (ICU_Pt_Days >= 2.519))
",1.063,29.019,1.624,0.000,1.000,0,8,6,380,380,14,6,388,0.0,0.5714285714285714,0.42857142857142855,0.0,0.02030456852791878,0.9796954314720813,-1
"F[1,2](ICU_Pt_Days >= 3.498 & WHITE_BLOOD_CELL_COUNT <= 21.715)
",0.000,-9999999.000,-9999999.000,0.000,1.000,0,8,0,386,386,8,0,394,0.0,1.0,0.0,0.0,0.02030456852791878,0.9796954314720813,-1
"((Glasgow_Coma_Scale_Total <= 14.996) U[0,2] (n_edrk >= 0.681))
",0.000,-9999999.000,-9999999.000,0.000,1.000,0,8,0,386,386,8,0,394,0.0,1.0,0.0,0.0,0.02030456852791878,0.9796954314720813,-1
"F[0,0](direct >= 0.001 -> Glasgow_Coma_Scale_Total <= 14.999)
",2.449,0.001,-0.856,0.000,1.000,0,7,7,380,380,14,7,387,0.0,0.5,0.5,0.0,0.017766497461928935,0.9822335025380711,-1
"F[0,2](direct >= 0.017 & SODIUM >= 128.723)
",0.000,-9999999.000,-9999999.000,0.000,1.000,0,7,0,387,387,7,0,394,0.0,1.0,0.0,0.0,0.017766497461928935,0.9822335025380711,-1
"F[1,2](HEMOGLOBIN >= 8.048 -> Mort >= 0.007)
",0.000,-9999999.000,-9999999.000,0.000,1.000,0,7,0,387,387,7,0,394,0.0,1.0,0.0,0.0,0.017766497461928935,0.9822335025380711,-1
"((lds >= 1.512) U[0,1] (Mort <= 0.919))
",0.000,-9999999.000,-9999999.000,0.000,1.000,0,7,7,380,380,14,7,387,0.0,0.5,0.5,0.0,0.017766497461928935,0.9822335025380711,-1
"G[0,2](Mort <= 0.515 & tte >= -3.602)
",0.000,9999999.000,9999999.000,1.000,0.000,0,7,387,0,0,394,387,7,0.0,0.017766497461928935,0.9822335025380711,0.0,0.017766497461928935,0.9822335025380711,1
"G[1,2](BLOOD_UREA_NITROGEN <= 31.710 & direct <= 0.184)
",0.000,9999999.000,9999999.000,1.000,0.000,0,7,78,309,309,85,78,316,0.0,0.08235294117647059,0.9176470588235294,0.0,0.017766497461928935,0.9822335025380711,1
"G[1,2](hr >= 83.276 & Pulse >= 85.405)
",0.000,9999999.000,9999999.000,1.000,0.000,0,7,220,167,167,227,220,174,0.0,0.030837004405286344,0.9691629955947136,0.0,0.017766497461928935,0.9822335025380711,1
"G[0,2](POTASSIUM <= 4.979 -> s24_hr <= 3.678525602070246e-05)
",0.000,9999999.000,9999999.000,1.000,0.000,0,7,274,113,113,281,274,120,0.0,0.02491103202846975,0.9750889679715302,0.0,0.017766497461928935,0.9822335025380711,1
"G[1,2](GLUCOSE >= 130.206 | Pulse >= 85.483)
",0.000,9999999.000,9999999.000,1.000,0.000,0,7,383,4,4,390,383,11,0.0,0.017948717948717947,0.982051282051282,0.0,0.017766497461928935,0.9822335025380711,1
"G[1,2](Mort <= 0.123 & O2_Flow >= 1.338)
",0.000,9999999.000,9999999.000,1.000,0.000,0,7,369,18,18,376,369,25,0.0,0.018617021276595744,0.9813829787234043,0.0,0.017766497461928935,0.9822335025380711,1
"((AF >= 0.001) U[0,2] (direct >= 0.006))
",0.000,-9999999.000,-9999999.000,0.000,1.000,0,7,0,387,387,7,0,394,0.0,1.0,0.0,0.0,0.017766497461928935,0.9822335025380711,-1
"G[0,2](CO2 <= 31.304 & ICU_Pt_Days >= 4.800)
",0.000,9999999.000,9999999.000,1.000,0.000,0,6,376,12,12,382,376,18,0.0,0.015706806282722512,0.9842931937172775,0.0,0.015228426395939087,0.9847715736040609,1
"((hr >= 81.772) U[0,2] (Temp <= 36.579))
",0.000,-9999999.000,-9999999.000,0.000,1.000,0,6,0,388,388,6,0,394,0.0,1.0,0.0,0.0,0.015228426395939087,0.9847715736040609,-1
"((s24_hr <= 0.001) U[1,2] (y <= 0.179))
",0.000,-9999999.000,-9999999.000,0.000,1.000,1,5,0,388,389,5,1,393,0.002570694087403599,1.0,0.0,1.0,0.015228426395939087,0.9847715736040609,-1
"((ICU_Pt_Days >= 1.648) U[0,2] (n_edrk >= 0.793))
",0.000,-9999999.000,-9999999.000,0.000,1.000,0,6,0,388,388,6,0,394,0.0,1.0,0.0,0.0,0.015228426395939087,0.9847715736040609,-1
"G[1,1](tte >= -0.256 -> y = 0.616)
",-2.449,-0.256,0.292,1.000,0.000,0,5,9,380,380,14,9,385,0.0,0.35714285714285715,0.6428571428571429,0.0,0.012690355329949238,0.9873096446700508,1
"G[1,2](AF <= 0.337 & SBP >= 98.003)
",0.000,9999999.000,9999999.000,1.000,0.000,0,5,245,144,144,250,245,149,0.0,0.02,0.98,0.0,0.012690355329949238,0.9873096446700508,1
"G[1,2](CO2 <= 31.321 -> Temp <= 36.757)
",0.000,9999999.000,9999999.000,1.000,0.000,0,5,325,64,64,330,325,69,0.0,0.015151515151515152,0.9848484848484849,0.0,0.012690355329949238,0.9873096446700508,1
"G[1,2](AF <= 0.158 & cosen <= -2.078)
",0.000,9999999.000,9999999.000,1.000,0.000,0,5,387,2,2,392,387,7,0.0,0.012755102040816327,0.9872448979591837,0.0,0.012690355329949238,0.9873096446700508,1
"G[1,2](hr >= 74.401 & Pulse >= 83.068)
",0.000,9999999.000,9999999.000,1.000,0.000,0,5,334,55,55,339,334,60,0.0,0.014749262536873156,0.9852507374631269,0.0,0.012690355329949238,0.9873096446700508,1
"((BLOOD_UREA_NITROGEN >= 25.780) U[0,0] (y <= 0.104))
",2.980,6.148,-0.754,0.000,1.000,0,5,9,380,380,14,9,385,0.0,0.35714285714285715,0.6428571428571429,0.0,0.012690355329949238,0.9873096446700508,-1
"F[1,2](GLUCOSE >= 125.101 | y <= 0.041)
",0.000,-9999999.000,-9999999.000,0.000,1.000,0,5,0,389,389,5,0,394,0.0,1.0,0.0,0.0,0.012690355329949238,0.9873096446700508,-1
"G[1,2](HEMOGLOBIN >= 7.563 -> y >= 0.021)
",0.000,9999999.000,9999999.000,1.000,0.000,0,5,74,315,315,79,74,320,0.0,0.06329113924050633,0.9367088607594937,0.0,0.012690355329949238,0.9873096446700508,1
"G[1,2](hr <= 95.812 & Pulse <= 110.422)
",0.000,9999999.000,9999999.000,1.000,0.000,0,5,380,9,9,385,380,14,0.0,0.012987012987012988,0.987012987012987,0.0,0.012690355329949238,0.9873096446700508,1
"G[1,2](hr >= 83.796 & Pulse >= 79.694)
",0.000,9999999.000,9999999.000,1.000,0.000,0,5,279,110,110,284,279,115,0.0,0.017605633802816902,0.9823943661971831,0.0,0.012690355329949238,0.9873096446700508,1
"((WHITE_BLOOD_CELL_COUNT <= 18.590) U[0,2] (y <= 0.658))
",0.000,-9999999.000,-9999999.000,0.000,1.000,0,5,0,389,389,5,0,394,0.0,1.0,0.0,0.0,0.012690355329949238,0.9873096446700508,-1
"G[0,2](POTASSIUM <= 5.019 & Temp <= 37.176)
",0.000,9999999.000,9999999.000,1.000,0.000,0,5,343,46,46,348,343,51,0.0,0.014367816091954023,0.985632183908046,0.0,0.012690355329949238,0.9873096446700508,1
"((SBP <= 140.269) U[1,1] (y <= 0.030))
",0.397,36.701,22.915,0.000,1.000,0,5,9,380,380,14,9,385,0.0,0.35714285714285715,0.6428571428571429,0.0,0.012690355329949238,0.9873096446700508,-1
"F[1,2](O2_Flow <= 4.506 -> y = 0.664)
",0.000,-9999999.000,-9999999.000,0.000,1.000,0,5,0,389,389,5,0,394,0.0,1.0,0.0,0.0,0.012690355329949238,0.9873096446700508,-1
"((n_edrk <= 0.990) U[0,1] (y <= 0.226))
",0.000,-9999999.000,-9999999.000,0.000,1.000,0,5,9,380,380,14,9,385,0.0,0.35714285714285715,0.6428571428571429,0.0,0.012690355329949238,0.9873096446700508,-1
"((death <= 0.052) U[0,1] (y <= 0.914))
",0.000,-9999999.000,-9999999.000,0.000,1.000,0,5,9,380,380,14,9,385,0.0,0.35714285714285715,0.6428571428571429,0.0,0.012690355329949238,0.9873096446700508,-1
"F[1,2](ICU_Pt_Days >= 6.164 | y <= 0.174)
",0.000,-9999999.000,-9999999.000,0.000,1.000,0,5,0,389,389,5,0,394,0.0,1.0,0.0,0.0,0.012690355329949238,0.9873096446700508,-1
"G[0,2](BLOOD_UREA_NITROGEN <= 33.177 & Glasgow_Coma_Scale_Total >= 14.862)
",0.000,9999999.000,9999999.000,1.000,0.000,0,4,339,51,51,343,339,55,0.0,0.011661807580174927,0.9883381924198251,0.0,0.01015228426395939,0.9898477157360406,1
"F[0,2](death >= 0.010 | SODIUM <= 134.237)
",0.000,-9999999.000,-9999999.000,0.000,1.000,0,4,0,390,390,4,0,394,0.0,1.0,0.0,0.0,0.01015228426395939,0.9898477157360406,-1
"G[0,2](death >= 0.003 -> PLATELET_COUNT >= 240.537)
",0.000,9999999.000,9999999.000,1.000,0.000,0,4,390,0,0,394,390,4,0.0,0.01015228426395939,0.9898477157360406,0.0,0.01015228426395939,0.9898477157360406,1
"G[0,2](Pulse <= 102.354 & s2_edrk >= -0.005)
",0.000,9999999.000,9999999.000,1.000,0.000,0,4,390,0,0,394,390,4,0.0,0.01015228426395939,0.9898477157360406,0.0,0.01015228426395939,0.9898477157360406,1
"G[1,2](hr >= 83.944 -> Mort <= 0.444)
",0.000,9999999.000,9999999.000,1.000,0.000,0,4,390,0,0,394,390,4,0.0,0.01015228426395939,0.9898477157360406,0.0,0.01015228426395939,0.9898477157360406,1
"F[0,2](Glasgow_Coma_Scale_Total <= 14.998 & lds <= 2.329)
",0.000,-9999999.000,-9999999.000,0.000,1.000,0,4,0,390,390,4,0,394,0.0,1.0,0.0,0.0,0.01015228426395939,0.9898477157360406,-1
"F[1,2](lds >= 1.610 | PLATELET_COUNT >= 299.313)
",0.000,-9999999.000,-9999999.000,0.000,1.000,0,4,0,390,390,4,0,394,0.0,1.0,0.0,0.0,0.01015228426395939,0.9898477157360406,-1
"F[1,2](Glasgow_Coma_Scale_Total <= 14.997 | n_evts <= 0.317)
",0.000,-9999999.000,-9999999.000,0.000,1.000,0,4,0,390,390,4,0,394,0.0,1.0,0.0,0.0,0.01015228426395939,0.9898477157360406,-1
"((CHLORIDE >= 91.921) U[0,2] (Glasgow_Coma_Scale_Total <= 14.997))
",0.000,-9999999.000,-9999999.000,0.000,1.000,0,4,0,390,390,4,0,394,0.0,1.0,0.0,0.0,0.01015228426395939,0.9898477157360406,-1
"G[0,2](ICU_Pt_Days >= 1.495 -> tte <= -0.016)
",0.000,9999999.000,9999999.000,1.000,0.000,0,3,11,380,380,14,11,383,0.0,0.21428571428571427,0.7857142857142857,0.0,0.007614213197969543,0.9923857868020305,1
"G[1,2](Pulse <= 96.134 | SBP <= 129.459)
",0.000,9999999.000,9999999.000,1.000,0.000,0,2,386,6,6,388,386,8,0.0,0.005154639175257732,0.9948453608247423,0.0,0.005076142131979695,0.9949238578680203,1
"G[0,2](direct >= 0.007 | hr <= 117.842)
",0.000,9999999.000,9999999.000,1.000,0.000,0,2,392,0,0,394,392,2,0.0,0.005076142131979695,0.9949238578680203,0.0,0.005076142131979695,0.9949238578680203,1
"G[1,2](tte >= -1.141 & WHITE_BLOOD_CELL_COUNT <= 20.602)
",0.000,9999999.000,9999999.000,1.000,0.000,0,2,258,134,134,260,258,136,0.0,0.007692307692307693,0.9923076923076923,0.0,0.005076142131979695,0.9949238578680203,1
"G[0,2](hr >= 72.786 & Pulse >= 70.856)
",0.000,9999999.000,9999999.000,1.000,0.000,0,2,380,12,12,382,380,14,0.0,0.005235602094240838,0.9947643979057592,0.0,0.005076142131979695,0.9949238578680203,1
"G[1,2](cosen >= -2.526 & s24_edrk >= -0.002)
",0.000,9999999.000,9999999.000,1.000,0.000,0,2,371,21,21,373,371,23,0.0,0.005361930294906166,0.9946380697050938,0.0,0.005076142131979695,0.9949238578680203,1
"G[0,2](cosen >= -2.478 & edrk <= 36.510)
",0.000,9999999.000,9999999.000,1.000,0.000,0,2,279,113,113,281,279,115,0.0,0.0071174377224199285,0.9928825622775801,0.0,0.005076142131979695,0.9949238578680203,1
"G[1,2](direct >= 0.002 | s8_edrk >= -0.007)
",0.000,9999999.000,9999999.000,1.000,0.000,0,2,392,0,0,394,392,2,0.0,0.005076142131979695,0.9949238578680203,0.0,0.005076142131979695,0.9949238578680203,1
"G[1,2](s2_hr <= 0.001 | s8_hr <= 0.001)
",0.000,9999999.000,9999999.000,1.000,0.000,0,2,391,1,1,393,391,3,0.0,0.005089058524173028,0.9949109414758269,0.0,0.005076142131979695,0.9949238578680203,1
"G[0,2](MET <= 0.240 & srr >= 0.006)
",0.000,9999999.000,9999999.000,1.000,0.000,0,2,337,55,55,339,337,57,0.0,0.0058997050147492625,0.9941002949852508,0.0,0.005076142131979695,0.9949238578680203,1
"F[0,2](death >= 0.001 & hr <= 100.692)
",0.000,-9999999.000,-9999999.000,0.000,1.000,0,2,0,392,392,2,0,394,0.0,1.0,0.0,0.0,0.005076142131979695,0.9949238578680203,-1
"F[0,0](ICU_Pt_Days <= 7.996 -> MET >= 0.002)
",2.845,0.002,-3.853,0.000,1.000,0,2,12,380,380,14,12,382,0.0,0.14285714285714285,0.8571428571428571,0.0,0.005076142131979695,0.9949238578680203,-1
"G[1,2](edrk >= 12.310 | Pulse <= 87.595)
",0.000,9999999.000,9999999.000,1.000,0.000,0,1,377,16,16,378,377,17,0.0,0.0026455026455026454,0.9973544973544973,0.0,0.0025380710659898475,0.9974619289340102,1
"F[2,2](SBP <= 130.563 & y = 0.587)
",0.596,-0.765,-15.302,0.000,1.000,0,0,0,394,394,0,0,394,0.0,0.0,0.0,0.0,0.0,1.0,-1
"((ICU_Pt_Days >= 5.478) U[2,2] (Mort >= 0.009))
",4.249,2.522,0.420,0.000,1.000,0,0,0,394,394,0,0,394,0.0,0.0,0.0,0.0,0.0,1.0,-1
"((MET >= 0.002) U[2,2] (death = 0.010))
",-0.632,-0.002,0.284,0.000,1.000,0,0,0,394,394,0,0,394,0.0,0.0,0.0,0.0,0.0,1.0,-1
"((af >= 0.000) U[2,2] (y <= 0.447))
",2.449,0.447,0.063,0.000,1.000,0,0,0,394,394,0,0,394,0.0,0.0,0.0,0.0,0.0,1.0,-1
"((s24_hr >= -0.000) U[2,2] (SODIUM >= 130.044))
",-3.083,1.139,6.956,0.000,1.000,0,0,0,394,394,0,0,394,0.0,0.0,0.0,0.0,0.0,1.0,-1
"((PARTIAL_THROMBOPLASTIN_TIME >= 30.140) U[0,2] (PLATELET_COUNT >= 228.593))
",0.000,-9999999.000,-9999999.000,0.000,1.000,0,0,0,394,394,0,0,394,0.0,0.0,0.0,0.0,0.0,1.0,-1
"F[1,2](edrk <= 27.495 & MAGNESIUM <= 1.980)
",0.000,-9999999.000,-9999999.000,0.000,1.000,0,0,0,394,394,0,0,394,0.0,0.0,0.0,0.0,0.0,1.0,-1
"((direct <= 0.077) U[1,1] (n_evts <= 0.678))
",4.190,0.678,-0.151,0.000,1.000,0,0,14,380,380,14,14,380,0.0,0.0,1.0,0.0,0.0,1.0,-1
"((PCO2 <= 39.500) U[0,2] (y = 0.700))
",0.000,-9999999.000,-9999999.000,0.000,1.000,0,0,0,394,394,0,0,394,0.0,0.0,0.0,0.0,0.0,1.0,-1
"F[2,2](PARTIAL_THROMBOPLASTIN_TIME >= 33.068 & POTASSIUM <= 5.271)
",0.433,-0.707,-1.268,0.000,1.000,0,0,0,394,394,0,0,394,0.0,0.0,0.0,0.0,0.0,1.0,-1
"((n_edrk >= 0.680) U[2,2] (n_evts <= 0.676))
",2.772,0.676,0.074,0.000,1.000,0,0,0,394,394,0,0,394,0.0,0.0,0.0,0.0,0.0,1.0,-1
"F[2,2](s24_hr <= 0.001 -> y = 0.592)
",-0.786,-0.001,-0.001,0.000,1.000,0,0,0,394,394,0,0,394,0.0,0.0,0.0,0.0,0.0,1.0,-1
"F[2,2](PROTIME_INR <= 1.082 & Resp >= 16.830)
",0.414,-0.430,-1.667,0.000,1.000,0,0,0,394,394,0,0,394,0.0,0.0,0.0,0.0,0.0,1.0,-1
"((HEMOGLOBIN <= 9.829) U[1,2] (ICU_Pt_Days <= 7.902))
",0.000,-9999999.000,-9999999.000,0.000,1.000,0,0,14,380,380,14,14,380,0.0,0.0,1.0,0.0,0.0,1.0,-1
"((Pulse <= 95.208) U[1,2] (y = 0.551))
",0.000,-9999999.000,-9999999.000,0.000,1.000,0,0,0,394,394,0,0,394,0.0,0.0,0.0,0.0,0.0,1.0,-1
"((GLUCOSE <= 190.906) U[2,2] (PHOSPHORUS <= 4.405))
",-1.320,31.966,71.906,0.000,1.000,0,0,0,394,394,0,0,394,0.0,0.0,0.0,0.0,0.0,1.0,-1
"((Glasgow_Coma_Scale_Total >= 14.397) U[1,2] (PLATELET_COUNT >= 230.368))
",0.000,-9999999.000,-9999999.000,0.000,1.000,0,0,0,394,394,0,0,394,0.0,0.0,0.0,0.0,0.0,1.0,-1
"F[2,2](POTASSIUM >= 3.917 -> s8_hr >= -0.000)
",-1.364,-0.682,-0.083,0.000,1.000,0,0,0,394,394,0,0,394,0.0,0.0,0.0,0.0,0.0,1.0,-1
"((Glasgow_Coma_Scale_Total >= 14.473) U[2,2] (tte >= -2.421))
",2.436,2.421,1.804,0.000,1.000,0,0,0,394,394,0,0,394,0.0,0.0,0.0,0.0,0.0,1.0,-1
"((MET >= 0.000) U[1,2] (death = 0.010))
",0.000,-9999999.000,-9999999.000,0.000,1.000,0,0,0,394,394,0,0,394,0.0,0.0,0.0,0.0,0.0,1.0,-1
"F[0,2](GLUCOSE >= 98.881 & WHITE_BLOOD_CELL_COUNT >= 12.488)
",0.000,-9999999.000,-9999999.000,0.000,1.000,0,0,0,394,394,0,0,394,0.0,0.0,0.0,0.0,0.0,1.0,-1
"((dfa >= -0.186) U[1,2] (y = 0.470))
",0.000,-9999999.000,-9999999.000,0.000,1.000,0,0,0,394,394,0,0,394,0.0,0.0,0.0,0.0,0.0,1.0,-1
"((Mort <= 0.726) U[1,2] (SODIUM <= 131.458))
",0.000,-9999999.000,-9999999.000,0.000,1.000,0,0,0,394,394,0,0,394,0.0,0.0,0.0,0.0,0.0,1.0,-1
"F[2,2](Pulse >= 77.010 | Resp >= 17.034)
",-0.754,9.805,22.847,0.000,1.000,0,0,0,394,394,0,0,394,0.0,0.0,0.0,0.0,0.0,1.0,-1
"F[2,2](Resp >= 14.367 | s24_edrk >= -0.005)
",0.016,3.239,3.166,0.000,1.000,0,0,0,394,394,0,0,394,0.0,0.0,0.0,0.0,0.0,1.0,-1
"((POTASSIUM >= 4.210) U[2,2] (WHITE_BLOOD_CELL_COUNT <= 18.745))
",-2.326,2.518,10.345,0.000,1.000,0,0,0,394,394,0,0,394,0.0,0.0,0.0,0.0,0.0,1.0,-1
"F[1,2](CALCIUM >= 8.559 & n_evts <= 0.614)
",0.000,-9999999.000,-9999999.000,0.000,1.000,0,0,0,394,394,0,0,394,0.0,0.0,0.0,0.0,0.0,1.0,-1
"((direct >= 0.005) U[2,2] (LOS <= 21.545))
",-3.380,-0.005,13.974,0.000,1.000,0,0,0,394,394,0,0,394,0.0,0.0,0.0,0.0,0.0,1.0,-1
"((BLOOD_UREA_NITROGEN <= 32.871) U[2,2] (LOS <= 21.841))
",-2.002,1.446,14.858,0.000,1.000,0,0,0,394,394,0,0,394,0.0,0.0,0.0,0.0,0.0,1.0,-1
"F[1,2](BLOOD_UREA_NITROGEN >= 28.512 & Resp <= 19.005)
",0.000,-9999999.000,-9999999.000,0.000,1.000,0,0,0,394,394,0,0,394,0.0,0.0,0.0,0.0,0.0,1.0,-1
"F[2,2](BLOOD_UREA_NITROGEN <= 32.858 & CREATININE >= 0.902)
",-0.727,-0.097,0.198,0.000,1.000,0,0,0,394,394,0,0,394,0.0,0.0,0.0,0.0,0.0,1.0,-1
"F[0,2](hr >= 76.565 & WHITE_BLOOD_CELL_COUNT >= 8.869)
",0.000,-9999999.000,-9999999.000,0.000,1.000,0,0,0,394,394,0,0,394,0.0,0.0,0.0,0.0,0.0,1.0,-1
"F[0,2](HEMOGLOBIN >= 7.825 & y = 0.125)
",0.000,-9999999.000,-9999999.000,0.000,1.000,0,0,0,394,394,0,0,394,0.0,0.0,0.0,0.0,0.0,1.0,-1
"((CALCIUM <= 8.861) U[1,2] (LOS <= 21.624))
",0.000,-9999999.000,-9999999.000,0.000,1.000,0,0,14,380,380,14,14,380,0.0,0.0,1.0,0.0,0.0,1.0,-1
"((srr >= 0.011) U[0,2] (y = 0.737))
",0.000,-9999999.000,-9999999.000,0.000,1.000,0,0,0,394,394,0,0,394,0.0,0.0,0.0,0.0,0.0,1.0,-1
"F[1,2](GLUCOSE <= 199.155 & POTASSIUM >= 4.087)
",0.000,-9999999.000,-9999999.000,0.000,1.000,0,0,0,394,394,0,0,394,0.0,0.0,0.0,0.0,0.0,1.0,-1
"F[0,2](direct >= 0.001 & ICU_Pt_Days >= 5.943)
",0.000,-9999999.000,-9999999.000,0.000,1.000,0,0,0,394,394,0,0,394,0.0,0.0,0.0,0.0,0.0,1.0,-1
"F[1,2](MAGNESIUM > 1.713 & y = 0.503)
",0.000,-9999999.000,-9999999.000,0.000,1.000,0,0,0,394,394,0,0,394,0.0,0.0,0.0,0.0,0.0,1.0,-1
"((Mort >= 0.010) U[0,2] (WHITE_BLOOD_CELL_COUNT >= 10.825))
",0.000,-9999999.000,-9999999.000,0.000,1.000,0,0,0,394,394,0,0,394,0.0,0.0,0.0,0.0,0.0,1.0,-1
"((cosen <= -1.974) U[0,1] (LOS >= 12.051))
",0.000,-9999999.000,-9999999.000,0.000,1.000,0,0,14,380,380,14,14,380,0.0,0.0,1.0,0.0,0.0,1.0,-1
"F[0,2](cosen >= -2.482 -> n_evts <= 0.736)
",0.000,-9999999.000,-9999999.000,0.000,1.000,0,0,0,394,394,0,0,394,0.0,0.0,0.0,0.0,0.0,1.0,-1
"F[2,2](direct >= 0.013 -> WHITE_BLOOD_CELL_COUNT >= 11.379)
",-1.390,-6.616,-0.558,0.000,1.000,0,0,0,394,394,0,0,394,0.0,0.0,0.0,0.0,0.0,1.0,-1
"F[1,2](PHOSPHORUS >= 3.829 & SODIUM <= 136.933)
",0.000,-9999999.000,-9999999.000,0.000,1.000,0,0,0,394,394,0,0,394,0.0,0.0,0.0,0.0,0.0,1.0,-1
"F[0,2](PARTIAL_THROMBOPLASTIN_TIME >= 32.904 & PROTIME_INR <= 1.158)
",0.000,-9999999.000,-9999999.000,0.000,1.000,0,0,0,394,394,0,0,394,0.0,0.0,0.0,0.0,0.0,1.0,-1
"((SODIUM >= 128.067) U[2,2] (tte >= -2.270))
",-3.156,3.279,8.933,0.000,1.000,0,0,0,394,394,0,0,394,0.0,0.0,0.0,0.0,0.0,1.0,-1
"((hr <= 97.056) U[2,2] (s2_hr <= 0.001))
",0.821,10.933,2.639,0.000,1.000,0,0,0,394,394,0,0,394,0.0,0.0,0.0,0.0,0.0,1.0,-1
"((PLATELET_COUNT >= 316.798) U[2,2] (WHITE_BLOOD_CELL_COUNT >= 12.821))
",2.055,27.120,-4.421,0.000,1.000,0,0,0,394,394,0,0,394,0.0,0.0,0.0,0.0,0.0,1.0,-1
"((MET >= 0.001) U[0,2] (death = 0.010))
",0.000,-9999999.000,-9999999.000,0.000,1.000,0,0,0,394,394,0,0,394,0.0,0.0,0.0,0.0,0.0,1.0,-1
"F[2,2](HEMOGLOBIN <= 9.484 | SpO2 <= 98.111)
",-0.133,2.615,3.396,0.000,1.000,0,0,0,394,394,0,0,394,0.0,0.0,0.0,0.0,0.0,1.0,-1
"F[0,2](SODIUM <= 131.391 & WHITE_BLOOD_CELL_COUNT <= 20.585)
",0.000,-9999999.000,-9999999.000,0.000,1.000,0,0,0,394,394,0,0,394,0.0,0.0,0.0,0.0,0.0,1.0,-1
"F[2,2](cosen >= -2.533 & Mort >= 0.001)
",-0.782,-0.003,0.321,0.000,1.000,0,0,0,394,394,0,0,394,0.0,0.0,0.0,0.0,0.0,1.0,-1
"F[2,2]((af <= 0.416 | AF <= 0.401) & cosen >= -2.483)
",-1.971,0.038,0.349,0.000,1.000,0,0,0,394,394,0,0,394,0.0,0.0,0.0,0.0,0.0,1.0,-1
"F[2,2](direct >= 0.015 & y = 0.203)
",2.449,-0.203,-0.712,0.000,1.000,0,0,0,394,394,0,0,394,0.0,0.0,0.0,0.0,0.0,1.0,-1
"F[2,2](BLOOD_UREA_NITROGEN <= 31.604 & CREATININE >= 0.926)
",-1.251,-0.829,0.174,0.000,1.000,0,0,0,394,394,0,0,394,0.0,0.0,0.0,0.0,0.0,1.0,-1
"((Mort <= 0.323) U[2,2] (y <= 0.380))
",0.738,0.380,0.061,0.000,1.000,0,0,0,394,394,0,0,394,0.0,0.0,0.0,0.0,0.0,1.0,-1
"((CO2 > 26.632) U[1,2] (y = 0.092))
",0.000,-9999999.000,-9999999.000,0.000,1.000,0,0,0,394,394,0,0,394,0.0,0.0,0.0,0.0,0.0,1.0,-1
"((LOS > 6.228) U[2,2] (y = 0.205))
",4.804,15.772,2.470,0.000,1.000,0,0,0,394,394,0,0,394,0.0,0.0,0.0,0.0,0.0,1.0,-1
"F[0,2](HEMOGLOBIN <= 8.875 | PROTIME_INR <= 1.175)
",0.000,-9999999.000,-9999999.000,0.000,1.000,0,0,0,394,394,0,0,394,0.0,0.0,0.0,0.0,0.0,1.0,-1
"F[2,2](n_edrk < 0.974 -> y = 0.746)
",0.729,0.012,-0.246,0.000,1.000,0,0,0,394,394,0,0,394,0.0,0.0,0.0,0.0,0.0,1.0,-1
"((MET >= 0.002) U[2,2] (death = 0.010))
",-0.632,-0.002,0.284,0.000,1.000,0,0,0,394,394,0,0,394,0.0,0.0,0.0,0.0,0.0,1.0,-1
"((AF >= 0.001) U[2,2] (y <= 0.572))
",1.337,0.572,0.224,0.000,1.000,0,0,0,394,394,0,0,394,0.0,0.0,0.0,0.0,0.0,1.0,-1
"F[2,2](MAGNESIUM <= 1.981 | SODIUM <= 136.215)
",2.642,5.655,-0.019,0.000,1.000,0,0,0,394,394,0,0,394,0.0,0.0,0.0,0.0,0.0,1.0,-1
"F[2,2](edrk >= 11.919 & s8_hr <= 4.525400320635229e-05)
",1.082,6.069,1.643,0.000,1.000,0,0,0,394,394,0,0,394,0.0,0.0,0.0,0.0,0.0,1.0,-1
"F[2,2](death <= 0.084 & Mort <= 0.471)
",0.834,0.084,-0.290,0.000,1.000,0,0,0,394,394,0,0,394,0.0,0.0,0.0,0.0,0.0,1.0,-1
"((death >= 0.005) U[2,2] (s24_edrk <= 0.001))
",-0.630,0.001,0.284,0.000,1.000,0,0,0,394,394,0,0,394,0.0,0.0,0.0,0.0,0.0,1.0,-1
"F[2,2](Resp >= 13.599 -> s8_hr >= -0.001)
",-0.053,-3.974,-3.715,0.000,1.000,0,0,0,394,394,0,0,394,0.0,0.0,0.0,0.0,0.0,1.0,-1
"((MET >= 0.000) U[2,2] (death = 0.010))
",-0.632,-0.000,0.286,0.000,1.000,0,0,0,394,394,0,0,394,0.0,0.0,0.0,0.0,0.0,1.0,-1
"F[2,2]((af <= 0.372 | AF <= 0.486) & cosen >= -2.550)
",-1.882,0.105,0.385,0.000,1.000,0,0,0,394,394,0,0,394,0.0,0.0,0.0,0.0,0.0,1.0,-1
"((SpO2 >= 87.860) U[0,2] (y = 0.544))
",0.000,-9999999.000,-9999999.000,0.000,1.000,0,0,0,394,394,0,0,394,0.0,0.0,0.0,0.0,0.0,1.0,-1
"((s2_hr < 0.003) U[1,2] (y = 0.723))
",0.000,-9999999.000,-9999999.000,0.000,1.000,0,0,0,394,394,0,0,394,0.0,0.0,0.0,0.0,0.0,1.0,-1
"F[1,2](O2_Flow <= 4.723 & PARTIAL_THROMBOPLASTIN_TIME >= 33.965)
",0.000,-9999999.000,-9999999.000,0.000,1.000,0,0,0,394,394,0,0,394,0.0,0.0,0.0,0.0,0.0,1.0,-1
"F[1,2](Glasgow_Coma_Scale_Total <= 14.993 & Pulse <= 102.501)
",0.000,-9999999.000,-9999999.000,0.000,1.000,0,0,0,394,394,0,0,394,0.0,0.0,0.0,0.0,0.0,1.0,-1
"((TOTAL_BILIRUBIN <= 0.700) U[1,2] (y = 0.400))
",0.000,-9999999.000,-9999999.000,0.000,1.000,0,0,0,394,394,0,0,394,0.0,0.0,0.0,0.0,0.0,1.0,-1
"F[0,2](AF >= 0.000 -> CHLORIDE <= 98.258)
",0.000,-9999999.000,-9999999.000,0.000,1.000,0,0,0,394,394,0,0,394,0.0,0.0,0.0,0.0,0.0,1.0,-1
"((BLOOD_UREA_NITROGEN <= 33.020) U[2,2] (HEMOGLOBIN >= 7.656))
",-3.332,1.733,12.020,0.000,1.000,0,0,0,394,394,0,0,394,0.0,0.0,0.0,0.0,0.0,1.0,-1
"F[2,2](edrk >= 8.219 | SODIUM >= 128.177)
",-0.293,9.847,12.424,0.000,1.000,0,0,0,394,394,0,0,394,0.0,0.0,0.0,0.0,0.0,1.0,-1
"((TOTAL_PROTEIN >= 6.300) U[0,2] (y = 0.103))
",0.000,-9999999.000,-9999999.000,0.000,1.000,0,0,0,394,394,0,0,394,0.0,0.0,0.0,0.0,0.0,1.0,-1
"((LOS <= 21.946) U[2,2] (Mort <= 0.943))
",-3.248,0.943,14.374,0.000,1.000,0,0,0,394,394,0,0,394,0.0,0.0,0.0,0.0,0.0,1.0,-1
"F[0,2](HEMOGLOBIN >= 7.290 & PHOSPHORUS >= 3.643)
",0.000,-9999999.000,-9999999.000,0.000,1.000,0,0,0,394,394,0,0,394,0.0,0.0,0.0,0.0,0.0,1.0,-1
"G[0,2](BLOOD_UREA_NITROGEN <= 31.584 | PLATELET_COUNT <= 350.682)
",0.000,9999999.000,9999999.000,1.000,0.000,0,0,287,107,107,287,287,107,0.0,0.0,1.0,0.0,0.0,1.0,1
"((CO2 <= 28.507) U[2,2] (PARTIAL_THROMBOPLASTIN_TIME <= 40.823))
",-0.654,7.141,9.023,0.000,1.000,0,0,0,394,394,0,0,394,0.0,0.0,0.0,0.0,0.0,1.0,-1
"G[1,2](cosen >= -2.471 | tte >= -1.012)
",0.000,9999999.000,9999999.000,1.000,0.000,0,0,394,0,0,394,394,0,0.0,0.0,1.0,0.0,0.0,1.0,1
"G[2,2](HEMOGLOBIN <= 9.531 -> PARTIAL_THROMBOPLASTIN_TIME >= 31.588)
",-0.947,-3.509,-0.212,1.000,0.000,0,0,394,0,0,394,394,0,0.0,0.0,1.0,0.0,0.0,1.0,1
"G[2,2](s24_edrk <= 0.002 | s8_edrk <= 0.001)
",-0.398,0.002,0.004,1.000,0.000,0,0,394,0,0,394,394,0,0.0,0.0,1.0,0.0,0.0,1.0,1
"G[1,2](CHLORIDE >= 90.329 | WHITE_BLOOD_CELL_COUNT >= 12.812)
",0.000,9999999.000,9999999.000,1.000,0.000,0,0,374,20,20,374,374,20,0.0,0.0,1.0,0.0,0.0,1.0,1
"G[0,2](hr >= 73.393 -> SODIUM >= 128.684)
",0.000,9999999.000,9999999.000,1.000,0.000,0,0,343,51,51,343,343,51,0.0,0.0,1.0,0.0,0.0,1.0,1
"G[0,2](HEMOGLOBIN <= 9.825 -> tte <= -0.005)
",0.000,9999999.000,9999999.000,1.000,0.000,0,0,48,346,346,48,48,346,0.0,0.0,1.0,0.0,0.0,1.0,1
"G[0,2](BLOOD_UREA_NITROGEN >= 26.300 -> PROTIME_INR <= 1.058)
",0.000,9999999.000,9999999.000,1.000,0.000,0,0,286,108,108,286,286,108,0.0,0.0,1.0,0.0,0.0,1.0,1
"G[1,2](BLOOD_UREA_NITROGEN >= 25.579 -> death >= 0.003)
",0.000,9999999.000,9999999.000,1.000,0.000,0,0,37,357,357,37,37,357,0.0,0.0,1.0,0.0,0.0,1.0,1
"G[2,2](s2_edrk >= -7.563595546899136e-05 -> s2_hr >= -0.001)
",0.404,-0.001,-0.001,1.000,0.000,0,0,394,0,0,394,394,0,0.0,0.0,1.0,0.0,0.0,1.0,1
"G[2,2](edrk <= 26.584 | PHOSPHORUS >= 3.558)
",-0.082,8.636,9.387,1.000,0.000,0,0,394,0,0,394,394,0,0.0,0.0,1.0,0.0,0.0,1.0,1
"G[1,2](CHLORIDE <= 94.137 | PROTIME_INR >= 0.924)
",0.000,9999999.000,9999999.000,1.000,0.000,0,0,394,0,0,394,394,0,0.0,0.0,1.0,0.0,0.0,1.0,1
"G[2,2](af <= 0.495 -> direct <= 0.209)
",20.000,-0.495,-0.495,1.000,0.000,0,0,394,0,0,394,394,0,0.0,0.0,1.0,0.0,0.0,1.0,1
"G[2,2](CHLORIDE >= 91.939 -> PLATELET_COUNT >= 318.395)
",-1.336,-27.022,-10.061,1.000,0.000,0,0,394,0,0,394,394,0,0.0,0.0,1.0,0.0,0.0,1.0,1
"G[2,2](BLOOD_UREA_NITROGEN <= 32.071 & tte <= -0.010)
",-1.236,-0.518,0.607,1.000,0.000,0,0,394,0,0,394,394,0,0.0,0.0,1.0,0.0,0.0,1.0,1
"G[2,2](Mort <= 0.138 & PLATELET_COUNT >= 302.956)
",2.915,-9.451,-90.956,1.000,0.000,0,0,394,0,0,394,394,0,0.0,0.0,1.0,0.0,0.0,1.0,1
"G[2,2](GLUCOSE >= 109.788 -> Resp <= 20.764)
",-1.465,-56.467,-9.212,1.000,0.000,0,0,394,0,0,394,394,0,0.0,0.0,1.0,0.0,0.0,1.0,1
"G[1,2](direct >= 0.004 | HEMOGLOBIN >= 7.241)
",0.000,9999999.000,9999999.000,1.000,0.000,0,0,374,20,20,374,374,20,0.0,0.0,1.0,0.0,0.0,1.0,1
"G[0,2](LACTIC_ACID < 1.300 -> y = 0.914)
",0.000,9999999.000,9999999.000,1.000,0.000,0,0,394,0,0,394,394,0,0.0,0.0,1.0,0.0,0.0,1.0,1
"G[2,2](CREATININE <= 1.290 & MAGNESIUM <= 1.885)
",1.720,0.035,-0.115,1.000,0.000,0,0,394,0,0,394,394,0,0.0,0.0,1.0,0.0,0.0,1.0,1
"G[2,2](death <= 0.831 & tte <= -0.033)
",-0.927,-0.033,0.348,1.000,0.000,0,0,394,0,0,394,394,0,0.0,0.0,1.0,0.0,0.0,1.0,1
"G[2,2](Glasgow_Coma_Scale_Total <= 14.995 -> y >= 0.019)
",2.449,0.005,-0.848,1.000,0.000,0,0,394,0,0,394,394,0,0.0,0.0,1.0,0.0,0.0,1.0,1
"G[1,2](af <= 0.020 | cosen <= -2.367)
",0.000,9999999.000,9999999.000,1.000,0.000,0,0,394,0,0,394,394,0,0.0,0.0,1.0,0.0,0.0,1.0,1
"G[0,2](PHOSPHORUS >= 3.597 -> PLATELET_COUNT <= 337.617)
",0.000,9999999.000,9999999.000,1.000,0.000,0,0,94,300,300,94,94,300,0.0,0.0,1.0,0.0,0.0,1.0,1
"G[2,2](GLUCOSE <= 164.139 | PARTIAL_THROMBOPLASTIN_TIME >= 34.298)
",-1.341,13.133,45.139,1.000,0.000,0,0,394,0,0,394,394,0,0.0,0.0,1.0,0.0,0.0,1.0,1
"G[1,2](HEMOGLOBIN >= 7.847 | POTASSIUM >= 3.834)
",0.000,9999999.000,9999999.000,1.000,0.000,0,0,394,0,0,394,394,0,0.0,0.0,1.0,0.0,0.0,1.0,1
"G[1,2](LOS <= 21.603 | PLATELET_COUNT >= 282.597)
",0.000,9999999.000,9999999.000,1.000,0.000,0,0,360,34,34,360,360,34,0.0,0.0,1.0,0.0,0.0,1.0,1
"G[1,2](HEMOGLOBIN >= 7.660 | n_evts >= 0.011)
",0.000,9999999.000,9999999.000,1.000,0.000,0,0,329,65,65,329,329,65,0.0,0.0,1.0,0.0,0.0,1.0,1
"G[2,2](PLATELET_COUNT <= 354.726 & PROTIME_INR <= 1.164)
",-0.235,-0.800,-0.036,1.000,0.000,0,0,394,0,0,394,394,0,0.0,0.0,1.0,0.0,0.0,1.0,1
"G[2,2](CHLORIDE >= 92.080 -> n_evts <= 0.554)
",3.381,-1.648,-9.920,1.000,0.000,0,0,394,0,0,394,394,0,0.0,0.0,1.0,0.0,0.0,1.0,1
"G[1,2](MAGNESIUM >= 1.764 | SpO2 >= 87.019)
",0.000,9999999.000,9999999.000,1.000,0.000,0,0,394,0,0,394,394,0,0.0,0.0,1.0,0.0,0.0,1.0,1
"G[1,2](CHLORIDE >= 90.906 -> LOS <= 21.626)
",0.000,9999999.000,9999999.000,1.000,0.000,0,0,34,360,360,34,34,360,0.0,0.0,1.0,0.0,0.0,1.0,1
"G[1,2](Mort >= 0.003 | srr >= 0.011)
",0.000,9999999.000,9999999.000,1.000,0.000,0,0,239,155,155,239,239,155,0.0,0.0,1.0,0.0,0.0,1.0,1
"G[1,2](SODIUM >= 129.587 | srr <= 0.049)
",0.000,9999999.000,9999999.000,1.000,0.000,0,0,388,6,6,388,388,6,0.0,0.0,1.0,0.0,0.0,1.0,1
"G[2,2](PLATELET_COUNT <= 331.538 | s24_hr >= -0.001)
",-2.903,13.677,119.538,1.000,0.000,0,0,394,0,0,394,394,0,0.0,0.0,1.0,0.0,0.0,1.0,1
"G[2,2](cosen <= -1.306 | s2_hr <= 0.002)
",1.484,1.139,0.651,1.000,0.000,0,0,394,0,0,394,394,0,0.0,0.0,1.0,0.0,0.0,1.0,1
"G[1,2](GLUCOSE <= 202.732 -> PLATELET_COUNT <= 337.495)
",0.000,9999999.000,9999999.000,1.000,0.000,0,0,139,255,255,139,139,255,0.0,0.0,1.0,0.0,0.0,1.0,1
"G[0,1](GLUCOSE >= 101.246 & LOS <= 21.978)
",0.000,9999999.000,9999999.000,1.000,0.000,0,0,14,380,380,14,14,380,0.0,0.0,1.0,0.0,0.0,1.0,1
"G[2,2](direct <= 0.600 & n_edrk >= 0.420)
",1.881,0.566,-0.177,1.000,0.000,0,0,394,0,0,394,394,0,0.0,0.0,1.0,0.0,0.0,1.0,1
"G[2,2](CHLORIDE <= 94.317 -> HEMOGLOBIN <= 9.841)
",-2.525,-1.966,0.359,1.000,0.000,0,0,394,0,0,394,394,0,0.0,0.0,1.0,0.0,0.0,1.0,1
"((CO2 >= 26.772) U[2,2] (LOS >= 16.810))
",982.626,5.191,-0.772,0.000,1.000,0,0,0,394,394,0,0,394,0.0,0.0,0.0,0.0,0.0,1.0,-1
"F[2,2](POTASSIUM > 3.809 -> y = 0.847)
",-1.216,-0.769,-0.191,0.000,1.000,0,0,0,394,394,0,0,394,0.0,0.0,0.0,0.0,0.0,1.0,-1
"G[1,2](n_evts <= 0.113 -> LOS >= 17.527)
",0.000,9999999.000,9999999.000,1.000,0.000,0,0,394,0,0,394,394,0,0.0,0.0,1.0,0.0,0.0,1.0,1
"G[1,2](MAGNESIUM >= 1.708 -> WHITE_BLOOD_CELL_COUNT <= 21.209)
",0.000,9999999.000,9999999.000,1.000,0.000,0,0,346,48,48,346,346,48,0.0,0.0,1.0,0.0,0.0,1.0,1
"G[1,2](CALCIUM >= 8.273 | hr <= 107.681)
",0.000,9999999.000,9999999.000,1.000,0.000,0,0,394,0,0,394,394,0,0.0,0.0,1.0,0.0,0.0,1.0,1
"G[2,2](Pulse <= 112.212 | s8_edrk >= -0.008)
",0.733,25.633,12.866,1.000,0.000,0,0,394,0,0,394,394,0,0.0,0.0,1.0,0.0,0.0,1.0,1
"G[0,2](cosen <= -1.780 | lds >= 0.924)
",0.000,9999999.000,9999999.000,1.000,0.000,0,0,394,0,0,394,394,0,0.0,0.0,1.0,0.0,0.0,1.0,1
"((ALT_GPT >= 22.000) U[0,2] (y = 0.064))
",0.000,-9999999.000,-9999999.000,0.000,1.000,0,0,0,394,394,0,0,394,0.0,0.0,0.0,0.0,0.0,1.0,-1
"F[0,2](MAGNESIUM >= 1.804 & PHOSPHORUS >= 3.943)
",0.000,-9999999.000,-9999999.000,0.000,1.000,0,0,0,394,394,0,0,394,0.0,0.0,0.0,0.0,0.0,1.0,-1
"F[1,2](CALCIUM <= 8.737 & cosen >= -2.580)
",0.000,-9999999.000,-9999999.000,0.000,1.000,0,0,0,394,394,0,0,394,0.0,0.0,0.0,0.0,0.0,1.0,-1
"G[2,2](n_edrk <= 0.986 -> POTASSIUM <= 4.885)
",1.263,-0.365,-0.885,1.000,0.000,0,0,394,0,0,394,394,0,0.0,0.0,1.0,0.0,0.0,1.0,1
"((CALCIUM <= 8.860) U[2,2] (PROTIME_INR >= 1.004))
",-0.058,0.184,0.196,0.000,1.000,0,0,0,394,394,0,0,394,0.0,0.0,0.0,0.0,0.0,1.0,-1
"F[2,2](Pulse >= 70.941 & Temp <= 36.580)
",-0.046,0.064,0.119,0.000,1.000,0,0,0,394,394,0,0,394,0.0,0.0,0.0,0.0,0.0,1.0,-1
"((GLUCOSE < 200.179) U[1,2] (y = 0.006))
",0.000,-9999999.000,-9999999.000,0.000,1.000,0,0,0,394,394,0,0,394,0.0,0.0,0.0,0.0,0.0,1.0,-1
"((GLUCOSE <= 192.958) U[1,2] (PROTIME_INR <= 1.144))
",0.000,-9999999.000,-9999999.000,0.000,1.000,0,0,0,394,394,0,0,394,0.0,0.0,0.0,0.0,0.0,1.0,-1
"F[2,2](tte >= -3.434 -> y <= 0.364)
",-2.436,-3.434,-2.817,0.000,1.000,0,0,0,394,394,0,0,394,0.0,0.0,0.0,0.0,0.0,1.0,-1
"((PHOSPHORUS >= 3.651) U[0,2] (y = 0.729))
",0.000,-9999999.000,-9999999.000,0.000,1.000,0,0,0,394,394,0,0,394,0.0,0.0,0.0,0.0,0.0,1.0,-1
"F[1,2](BLOOD_UREA_NITROGEN >= 25.518 & y = 0.119)
",0.000,-9999999.000,-9999999.000,0.000,1.000,0,0,0,394,394,0,0,394,0.0,0.0,0.0,0.0,0.0,1.0,-1
"G[0,2](AF >= 0.002 -> tte <= -0.014)
",0.000,9999999.000,9999999.000,1.000,0.000,0,0,394,0,0,394,394,0,0.0,0.0,1.0,0.0,0.0,1.0,1
"G[2,2](PROTIME_INR <= 1.164 | y <= 0.699)
",2.449,0.699,0.069,1.000,0.000,0,0,394,0,0,394,394,0,0.0,0.0,1.0,0.0,0.0,1.0,1
"G[2,2](PHOSPHORUS >= 4.043 | SpO2 <= 97.171)
",-0.180,1.467,2.539,1.000,0.000,0,0,394,0,0,394,394,0,0.0,0.0,1.0,0.0,0.0,1.0,1
"G[0,2](CO2 <= 30.225 | n_evts >= 0.035)
",0.000,9999999.000,9999999.000,1.000,0.000,0,0,382,12,12,382,382,12,0.0,0.0,1.0,0.0,0.0,1.0,1
"G[1,2](death >= 0.009 -> n_edrk >= 0.164)
",0.000,9999999.000,9999999.000,1.000,0.000,0,0,394,0,0,394,394,0,0.0,0.0,1.0,0.0,0.0,1.0,1
"G[1,2](PLATELET_COUNT <= 362.873 | y >= 0.005)
",0.000,9999999.000,9999999.000,1.000,0.000,0,0,374,20,20,374,374,20,0.0,0.0,1.0,0.0,0.0,1.0,1
"G[2,2](BLOOD_UREA_NITROGEN <= 31.754 & GLUCOSE <= 208.103)
",-2.602,-0.749,10.754,1.000,0.000,0,0,394,0,0,394,394,0,0.0,0.0,1.0,0.0,0.0,1.0,1
"G[0,2](ICU_Pt_Days <= 7.911 & SODIUM >= 128.526)
",0.000,9999999.000,9999999.000,1.000,0.000,0,0,14,380,380,14,14,380,0.0,0.0,1.0,0.0,0.0,1.0,1
"G[2,2](death <= 0.473 & WHITE_BLOOD_CELL_COUNT >= 11.676)
",2.872,0.027,-3.276,1.000,0.000,0,0,394,0,0,394,394,0,0.0,0.0,1.0,0.0,0.0,1.0,1
"G[2,2](MET <= 0.988 | s24_edrk <= 0.000)
",0.632,0.988,0.708,1.000,0.000,0,0,394,0,0,394,394,0,0.0,0.0,1.0,0.0,0.0,1.0,1
"G[1,2](MET <= 0.215 | SODIUM >= 130.568)
",0.000,9999999.000,9999999.000,1.000,0.000,0,0,394,0,0,394,394,0,0.0,0.0,1.0,0.0,0.0,1.0,1
"G[0,2](LOS <= 21.628 | PHOSPHORUS >= 3.954)
",0.000,9999999.000,9999999.000,1.000,0.000,0,0,222,172,172,222,222,172,0.0,0.0,1.0,0.0,0.0,1.0,1
"G[2,2](n_evts <= 0.146 -> LOS >= 3.459)
",-3.651,-18.541,-4.285,1.000,0.000,0,0,394,0,0,394,394,0,0.0,0.0,1.0,0.0,0.0,1.0,1
"G[2,2](GLUCOSE >= 90.550 -> s8_hr <= 0.000)
",-1.245,-73.531,-28.450,1.000,0.000,0,0,394,0,0,394,394,0,0.0,0.0,1.0,0.0,0.0,1.0,1
"G[0,2](n_evts <= 0.125 -> LOS >= 20.219)
",0.000,9999999.000,9999999.000,1.000,0.000,0,0,394,0,0,394,394,0,0.0,0.0,1.0,0.0,0.0,1.0,1
"G[2,2](CHLORIDE >= 91.778 | s8_hr <= 0.001)
",-3.330,1.803,10.222,1.000,0.000,0,0,394,0,0,394,394,0,0.0,0.0,1.0,0.0,0.0,1.0,1
"G[1,2](n_evts <= 0.477 -> LOS >= 16.139)
",0.000,9999999.000,9999999.000,1.000,0.000,0,0,394,0,0,394,394,0,0.0,0.0,1.0,0.0,0.0,1.0,1
"G[1,2](direct >= 0.008 | PROTIME_INR >= 0.909)
",0.000,9999999.000,9999999.000,1.000,0.000,0,0,309,85,85,309,309,85,0.0,0.0,1.0,0.0,0.0,1.0,1
"G[0,2](n_evts <= 0.080 -> LOS >= 14.170)
",0.000,9999999.000,9999999.000,1.000,0.000,0,0,394,0,0,394,394,0,0.0,0.0,1.0,0.0,0.0,1.0,1
"G[2,2](direct <= 0.543 & GLUCOSE >= 117.755)
",-0.229,-1.989,-0.029,1.000,0.000,0,0,394,0,0,394,394,0,0.0,0.0,1.0,0.0,0.0,1.0,1
"((Mort <= 0.452) U[1,2] (y = 0.704))
",0.000,-9999999.000,-9999999.000,0.000,1.000,0,0,0,394,394,0,0,394,0.0,0.0,0.0,0.0,0.0,1.0,-1
