Rule,Discrimination Score,Pos Robustness,Neg Robustness,Percent Class +,Percent Class -,TP,TN,FP,FN,Actual Yes,Actual No,Predicted Yes,Predicted No,TPR/Sens,TNR/Spec,FPR,Precision,Accuracy,MCR
"F[0,0](ICU_Pt_Days <= 3.731 -> LOS <= 11.938)
",1.093,-0.731,-4.509,0.000,1.000,347,14,0,0,347,14,347,14,1.0,1.0,0.0,1.0,1.0,0.0
"F[1,1](Mort >= 0.006 | tte <= -0.003)
",-1.015,-0.003,1.161,0.000,1.000,347,14,0,0,347,14,347,14,1.0,1.0,0.0,1.0,1.0,0.0
"F[0,1](n_evts <= 0.701 -> y >= 0.009)
",0.000,-9999999.000,-9999999.000,0.000,1.000,347,14,0,0,347,14,347,14,1.0,1.0,0.0,1.0,1.0,0.0
"((direct >= 0.006) U[0,1] (n_evts >= 0.022))
",0.000,-9999999.000,-9999999.000,0.000,1.000,347,14,0,0,347,14,347,14,1.0,1.0,0.0,1.0,1.0,0.0
"((AF <= 0.021) U[1,1] (n_evts >= 0.003))
",-8526621057247789.000,0.021,0.997,0.000,1.000,347,12,2,0,347,14,349,12,1.0,0.8571428571428571,0.14285714285714285,0.994269340974212,0.9944598337950139,0.005540166204986097
"((LOS >= 5.275) U[0,1] (tte <= -0.021))
",0.000,-9999999.000,-9999999.000,0.000,1.000,347,11,3,0,347,14,350,11,1.0,0.7857142857142857,0.21428571428571427,0.9914285714285714,0.9916897506925207,0.008310249307479256
"((HEMOGLOBIN <= 10.083) U[0,0] (y >= 0.018))
",0.316,0.843,0.554,0.000,1.000,347,9,5,0,347,14,352,9,1.0,0.6428571428571429,0.35714285714285715,0.9857954545454546,0.9861495844875346,0.013850415512465353
"((Glasgow_Coma_Scale_Total <= 14.993) U[0,0] (y >= 0.007))
",-1.155,-0.007,0.564,0.000,1.000,347,9,5,0,347,14,352,9,1.0,0.6428571428571429,0.35714285714285715,0.9857954545454546,0.9861495844875346,0.013850415512465353
"((death >= 0.009) U[0,1] (Mort >= 0.019))
",0.000,-9999999.000,-9999999.000,0.000,1.000,347,7,7,0,347,14,354,7,1.0,0.5,0.5,0.980225988700565,0.9806094182825484,0.01939058171745156
"F[0,1](direct >= 0.009 & TOTAL_BILIRUBIN >= 0.261)
",0.000,-9999999.000,-9999999.000,0.000,1.000,347,7,7,0,347,14,354,7,1.0,0.5,0.5,0.980225988700565,0.9806094182825484,0.01939058171745156
"((AF <= 0.360) U[0,0] (direct >= 0.014))
",-1.155,0.360,0.718,0.000,1.000,347,7,7,0,347,14,354,7,1.0,0.5,0.5,0.980225988700565,0.9806094182825484,0.01939058171745156
"F[1,1](Glasgow_Coma_Scale_Total <= 14.997 & tte <= -0.028)
",-0.471,-0.028,0.095,0.000,1.000,347,4,10,0,347,14,357,4,1.0,0.2857142857142857,0.7142857142857143,0.9719887955182073,0.9722991689750693,0.027700831024930705
"((death >= 0.005) U[0,1] (MET >= 0.001))
",0.000,-9999999.000,-9999999.000,0.000,1.000,347,2,12,0,347,14,359,2,1.0,0.14285714285714285,0.8571428571428571,0.9665738161559888,0.9667590027700831,0.03324099722991691
"((AF <= 0.197) U[1,1] (Glasgow_Coma_Scale_Total <= 14.992))
",-0.408,0.197,0.310,0.000,1.000,347,2,12,0,347,14,359,2,1.0,0.14285714285714285,0.8571428571428571,0.9665738161559888,0.9667590027700831,0.03324099722991691
"F[0,0](Pulse < 110.800 -> y = 0.515)
",0.025,-29.274,-29.657,0.000,1.000,347,2,12,0,347,14,359,2,1.0,0.14285714285714285,0.8571428571428571,0.9665738161559888,0.9667590027700831,0.03324099722991691
"((death >= 0.005) U[1,2] (Glasgow_Coma_Scale_Total >= 14.716))
",0.000,-9999999.000,-9999999.000,0.000,1.000,347,2,8,4,351,10,355,6,0.9886039886039886,0.2,0.8,0.9774647887323944,0.9667590027700831,0.03324099722991691
"((MET >= 0.001) U[1,1] (s2_edrk <= 0.001))
",0.399,0.001,0.001,0.000,1.000,347,2,12,0,347,14,359,2,1.0,0.14285714285714285,0.8571428571428571,0.9665738161559888,0.9667590027700831,0.03324099722991691
"((MET >= 0.005) U[1,2] (s8_edrk <= 0.001))
",0.000,-9999999.000,-9999999.000,0.000,1.000,347,2,8,4,351,10,355,6,0.9886039886039886,0.2,0.8,0.9774647887323944,0.9667590027700831,0.03324099722991691
"F[0,1](LOS > 9.285 & y = 0.498)
",0.000,-9999999.000,-9999999.000,0.000,1.000,347,0,14,0,347,14,361,0,1.0,0.0,1.0,0.961218836565097,0.961218836565097,0.03878116343490301
"((CREATININE >= 0.758) U[0,0] (y = 0.613))
",-2.234,0.016,0.342,0.000,1.000,347,0,14,0,347,14,361,0,1.0,0.0,1.0,0.961218836565097,0.961218836565097,0.03878116343490301
"((SODIUM < 141.849) U[0,1] (y = 0.413))
",0.000,-9999999.000,-9999999.000,0.000,1.000,347,0,14,0,347,14,361,0,1.0,0.0,1.0,0.961218836565097,0.961218836565097,0.03878116343490301
"((BLOOD_UREA_NITROGEN <= 20.131) U[1,1] (direct >= 0.002))
",1.678,9.809,0.570,0.000,1.000,347,0,14,0,347,14,361,0,1.0,0.0,1.0,0.961218836565097,0.961218836565097,0.03878116343490301
"((POTASSIUM < 3.892) U[0,0] (y = 0.492))
",1.584,0.349,-0.108,0.000,1.000,347,0,14,0,347,14,361,0,1.0,0.0,1.0,0.961218836565097,0.961218836565097,0.03878116343490301
"((Resp > 15.646) U[0,0] (y = 0.866))
",-0.450,2.036,3.497,0.000,1.000,347,0,14,0,347,14,361,0,1.0,0.0,1.0,0.961218836565097,0.961218836565097,0.03878116343490301
"((ICU_Pt_Days > 1.300) U[0,0] (y = 0.642))
",-0.429,1.700,2.508,0.000,1.000,347,0,14,0,347,14,361,0,1.0,0.0,1.0,0.961218836565097,0.961218836565097,0.03878116343490301
"((lds >= 0.318) U[0,0] (y = 0.119))
",-0.840,0.719,1.304,0.000,1.000,347,0,14,0,347,14,361,0,1.0,0.0,1.0,0.961218836565097,0.961218836565097,0.03878116343490301
"F[0,1](s24_hr >= -0.000 & y = 0.614)
",0.000,-9999999.000,-9999999.000,0.000,1.000,347,0,14,0,347,14,361,0,1.0,0.0,1.0,0.961218836565097,0.961218836565097,0.03878116343490301
"F[0,1](edrk <= 34.154 & y = 0.371)
",0.000,-9999999.000,-9999999.000,0.000,1.000,347,0,14,0,347,14,361,0,1.0,0.0,1.0,0.961218836565097,0.961218836565097,0.03878116343490301
"((O2_Flow >= 2.072) U[0,1] (y = 0.551))
",0.000,-9999999.000,-9999999.000,0.000,1.000,347,0,14,0,347,14,361,0,1.0,0.0,1.0,0.961218836565097,0.961218836565097,0.03878116343490301
"F[1,1](Temp >= 36.537 & y = 0.798)
",-1.152,-0.798,-0.466,0.000,1.000,347,0,14,0,347,14,361,0,1.0,0.0,1.0,0.961218836565097,0.961218836565097,0.03878116343490301
"F[0,1](Glasgow_Coma_Scale_Total >= 14.228 & y = 0.516)
",0.000,-9999999.000,-9999999.000,0.000,1.000,347,0,14,0,347,14,361,0,1.0,0.0,1.0,0.961218836565097,0.961218836565097,0.03878116343490301
"F[1,1](Sgy <= 0.000 -> y = 0.360)
",0.000,0.000,0.000,0.000,1.000,347,0,14,0,347,14,361,0,1.0,0.0,1.0,0.961218836565097,0.961218836565097,0.03878116343490301
"F[0,1](direct >= 0.002 & y = 0.944)
",0.000,-9999999.000,-9999999.000,0.000,1.000,347,0,14,0,347,14,361,0,1.0,0.0,1.0,0.961218836565097,0.961218836565097,0.03878116343490301
"((MET >= 0.001) U[1,1] (death = 0.011))
",-24.000,-0.001,-0.001,0.000,1.000,347,0,14,0,347,14,361,0,1.0,0.0,1.0,0.961218836565097,0.961218836565097,0.03878116343490301
"F[0,1](BLOOD_UREA_NITROGEN <= 11.755 & CREATININE >= 0.744)
",0.000,-9999999.000,-9999999.000,0.000,1.000,347,0,14,0,347,14,361,0,1.0,0.0,1.0,0.961218836565097,0.961218836565097,0.03878116343490301
"((MET >= 0.003) U[1,1] (death = 0.011))
",3.000,-0.003,-0.003,0.000,1.000,347,0,14,0,347,14,361,0,1.0,0.0,1.0,0.961218836565097,0.961218836565097,0.03878116343490301
"((MET >= 0.003) U[0,1] (death = 0.011))
",0.000,-9999999.000,-9999999.000,0.000,1.000,347,0,14,0,347,14,361,0,1.0,0.0,1.0,0.961218836565097,0.961218836565097,0.03878116343490301
"((MET >= 0.001) U[1,1] (death = 0.011))
",0.000,-0.001,-0.001,0.000,1.000,347,0,14,0,347,14,361,0,1.0,0.0,1.0,0.961218836565097,0.961218836565097,0.03878116343490301
"((MET >= 0.001) U[0,1] (death = 0.011))
",0.000,-9999999.000,-9999999.000,0.000,1.000,347,0,14,0,347,14,361,0,1.0,0.0,1.0,0.961218836565097,0.961218836565097,0.03878116343490301
"F[0,1](BLOOD_UREA_NITROGEN <= 14.812 & CREATININE >= 0.725)
",0.000,-9999999.000,-9999999.000,0.000,1.000,347,0,14,0,347,14,361,0,1.0,0.0,1.0,0.961218836565097,0.961218836565097,0.03878116343490301
"((MET >= 0.002) U[1,1] (death = 0.011))
",8.000,-0.002,-0.002,0.000,1.000,347,0,14,0,347,14,361,0,1.0,0.0,1.0,0.961218836565097,0.961218836565097,0.03878116343490301
"((MET >= 0.003) U[1,1] (death = 0.011))
",-5.000,-0.003,-0.003,0.000,1.000,347,0,14,0,347,14,361,0,1.0,0.0,1.0,0.961218836565097,0.961218836565097,0.03878116343490301
"F[1,1](BLOOD_UREA_NITROGEN <= 17.484 & CREATININE >= 0.743)
",2.275,-0.596,-3.516,0.000,1.000,315,0,14,32,347,14,329,32,0.9077809798270894,0.0,1.0,0.9574468085106383,0.8725761772853186,0.12742382271468145
"F[0,0](PHOSPHORUS > 3.270 -> y = 0.634)
",0.027,-0.221,-0.230,0.000,1.000,315,0,14,32,347,14,329,32,0.9077809798270894,0.0,1.0,0.9574468085106383,0.8725761772853186,0.12742382271468145
"F[0,0](CALCIUM <= 9.424 -> y = 0.583)
",-0.616,-0.766,-0.524,0.000,1.000,315,0,14,32,347,14,329,32,0.9077809798270894,0.0,1.0,0.9574468085106383,0.8725761772853186,0.12742382271468145
"F[0,0](BLOOD_UREA_NITROGEN <= 19.525 & CREATININE >= 0.735)
",2.273,-0.259,-1.475,0.000,1.000,315,0,14,32,347,14,329,32,0.9077809798270894,0.0,1.0,0.9574468085106383,0.8725761772853186,0.12742382271468145
"F[1,1](BLOOD_UREA_NITROGEN <= 15.899 & CREATININE >= 0.740)
",2.275,-0.850,-5.101,0.000,1.000,315,0,14,32,347,14,329,32,0.9077809798270894,0.0,1.0,0.9574468085106383,0.8725761772853186,0.12742382271468145
"F[0,1](BLOOD_UREA_NITROGEN <= 18.125 & CREATININE >= 0.726)
",0.000,-9999999.000,-9999999.000,0.000,1.000,315,0,14,32,347,14,329,32,0.9077809798270894,0.0,1.0,0.9574468085106383,0.8725761772853186,0.12742382271468145
"F[0,1](BLOOD_UREA_NITROGEN <= 17.460 & CREATININE >= 0.737)
",0.000,-9999999.000,-9999999.000,0.000,1.000,315,0,14,32,347,14,329,32,0.9077809798270894,0.0,1.0,0.9574468085106383,0.8725761772853186,0.12742382271468145
"((BLOOD_UREA_NITROGEN <= 18.441) U[0,1] (O2_Flow >= 2.029))
",0.000,-9999999.000,-9999999.000,0.000,1.000,301,7,7,46,347,14,308,53,0.8674351585014409,0.5,0.5,0.9772727272727273,0.853185595567867,0.146814404432133
"((Mort <= 0.345) U[0,0] (O2_Flow >= 2.082))
",-0.314,0.581,1.305,0.000,1.000,302,5,9,45,347,14,311,50,0.8703170028818443,0.35714285714285715,0.6428571428571429,0.9710610932475884,0.850415512465374,0.14958448753462605
"((CHLORIDE <= 112.872) U[1,1] (SpO2 <= 98.542))
",-1.188,3.828,11.635,0.000,1.000,284,12,2,63,347,14,286,75,0.8184438040345822,0.8571428571428571,0.14285714285714285,0.993006993006993,0.8199445983379502,0.1800554016620498
"F[1,1](CREATININE <= 0.936 -> SODIUM <= 141.739)
",2.264,-0.994,-4.739,0.000,1.000,272,14,0,75,347,14,272,89,0.7838616714697406,1.0,0.0,1.0,0.7922437673130194,0.20775623268698062
"((CHLORIDE >= 99.374) U[0,1] (SODIUM <= 141.911))
",0.000,-9999999.000,-9999999.000,0.000,1.000,272,14,0,75,347,14,272,89,0.7838616714697406,1.0,0.0,1.0,0.7922437673130194,0.20775623268698062
"((CHLORIDE <= 115.379) U[1,1] (PARTIAL_THROMBOPLASTIN_TIME <= 40.542))
",-1.237,6.371,13.379,0.000,1.000,262,14,0,85,347,14,262,99,0.7550432276657061,1.0,0.0,1.0,0.7645429362880887,0.23545706371191133
"((CHLORIDE >= 109.268) U[0,0] (CREATININE >= 0.765))
",1.410,4.184,0.335,0.000,1.000,261,14,0,86,347,14,261,100,0.7521613832853026,1.0,0.0,1.0,0.7617728531855956,0.23822714681440438
"F[1,1](CREATININE >= 0.781 & y <= 0.559)
",0.207,-0.007,-0.115,0.000,1.000,261,5,9,86,347,14,270,91,0.7521613832853026,0.35714285714285715,0.6428571428571429,0.9666666666666667,0.7368421052631579,0.26315789473684215
"F[0,1](direct <= 0.671 -> n_edrk <= 0.972)
",0.000,-9999999.000,-9999999.000,0.000,1.000,250,14,0,97,347,14,250,111,0.7204610951008645,1.0,0.0,1.0,0.7313019390581718,0.26869806094182824
"((lds >= 0.368) U[0,0] (TOTAL_BILIRUBIN >= 0.243))
",-0.831,0.691,1.255,0.000,1.000,248,14,0,99,347,14,248,113,0.7146974063400576,1.0,0.0,1.0,0.7257617728531855,0.27423822714681445
"F[0,1](SBP >= 78.099 & TOTAL_BILIRUBIN >= 0.274)
",0.000,-9999999.000,-9999999.000,0.000,1.000,247,14,0,100,347,14,247,114,0.7118155619596542,1.0,0.0,1.0,0.7229916897506925,0.2770083102493075
"((CO2 >= 22.264) U[0,1] (TOTAL_BILIRUBIN >= 0.212))
",0.000,-9999999.000,-9999999.000,0.000,1.000,247,14,0,100,347,14,247,114,0.7118155619596542,1.0,0.0,1.0,0.7229916897506925,0.2770083102493075
"F[0,1](HEMOGLOBIN <= 9.768 -> MAGNESIUM <= 1.974)
",0.000,-9999999.000,-9999999.000,0.000,1.000,239,14,0,108,347,14,239,122,0.6887608069164265,1.0,0.0,1.0,0.7008310249307479,0.2991689750692521
"((hr <= 90.223) U[0,0] (PLATELET_COUNT <= 220.295))
",0.462,16.739,8.735,0.000,1.000,223,14,0,124,347,14,223,138,0.6426512968299711,1.0,0.0,1.0,0.6565096952908587,0.3434903047091413
"F[0,1](n_edrk <= 0.999 & PROTIME_INR <= 2.014)
",0.000,-9999999.000,-9999999.000,0.000,1.000,215,14,0,132,347,14,215,146,0.6195965417867435,1.0,0.0,1.0,0.6343490304709142,0.3656509695290858
"((death <= 0.210) U[0,1] (n_edrk <= 0.994))
",0.000,-9999999.000,-9999999.000,0.000,1.000,206,14,0,141,347,14,206,155,0.5936599423631124,1.0,0.0,1.0,0.6094182825484764,0.3905817174515236
"((BLOOD_UREA_NITROGEN >= 8.142) U[1,2] (y <= 0.149))
",0.000,-9999999.000,-9999999.000,0.000,1.000,209,5,0,147,356,5,209,152,0.5870786516853933,1.0,0.0,1.0,0.592797783933518,0.407202216066482
"F[0,1](ALT_GPT <= 14.423 & PLATELET_COUNT <= 223.115)
",0.000,-9999999.000,-9999999.000,0.000,1.000,212,0,14,135,347,14,226,135,0.6109510086455331,0.0,1.0,0.9380530973451328,0.5872576177285319,0.4127423822714681
"((POTASSIUM >= 3.399) U[0,0] (PROTIME_INR >= 1.211))
",-0.614,0.358,0.601,0.000,1.000,207,0,14,140,347,14,221,140,0.5965417867435159,0.0,1.0,0.9366515837104072,0.5734072022160664,0.42659279778393355
"((ALKALINE_PHOSPHATASE <= 110.915) U[0,1] (PROTIME_INR >= 1.263))
",0.000,-9999999.000,-9999999.000,0.000,1.000,207,0,14,140,347,14,221,140,0.5965417867435159,0.0,1.0,0.9366515837104072,0.5734072022160664,0.42659279778393355
"F[0,0](AST_GOT >= 15.842 & LOS >= 9.921)
",0.479,-0.084,-2.492,0.000,1.000,200,5,9,147,347,14,209,152,0.5763688760806917,0.35714285714285715,0.6428571428571429,0.9569377990430622,0.5678670360110804,0.43213296398891965
"((hr >= 60.080) U[0,0] (WHITE_BLOOD_CELL_COUNT >= 7.776))
",-0.460,20.402,30.189,0.000,1.000,185,14,0,162,347,14,185,176,0.5331412103746398,1.0,0.0,1.0,0.5512465373961218,0.44875346260387816
"F[0,0]((af <= 0.402 | AF <= 0.118) & cosen >= -2.196)
",0.054,0.000,-0.012,0.000,1.000,190,4,10,157,347,14,200,161,0.547550432276657,0.2857142857142857,0.7142857142857143,0.95,0.5373961218836565,0.4626038781163435
"((GLUCOSE >= 96.666) U[1,2] (PARTIAL_THROMBOPLASTIN_TIME <= 45.246))
",0.000,-9999999.000,-9999999.000,0.000,1.000,174,14,0,173,347,14,174,187,0.5014409221902018,1.0,0.0,1.0,0.5207756232686981,0.4792243767313019
"F[1,1](CO2 <= 28.203 & SODIUM <= 142.864)
",-1.298,-0.189,2.203,0.000,1.000,172,14,0,175,347,14,172,189,0.4956772334293948,1.0,0.0,1.0,0.5152354570637119,0.4847645429362881
"F[0,1](CALCIUM <= 9.646 -> HEMOGLOBIN >= 9.193)
",0.000,-9999999.000,-9999999.000,0.000,1.000,169,14,0,178,347,14,169,192,0.48703170028818443,1.0,0.0,1.0,0.5069252077562327,0.49307479224376727
"F[0,1](CHLORIDE >= 100.613 & POTASSIUM >= 3.420)
",0.000,-9999999.000,-9999999.000,0.000,1.000,165,14,0,182,347,14,165,196,0.4755043227665706,1.0,0.0,1.0,0.49584487534626037,0.5041551246537397
"((PROTIME_INR >= 1.344) U[0,0] (Pulse >= 80.280))
",0.161,4.455,2.941,0.000,1.000,169,7,7,178,347,14,176,185,0.48703170028818443,0.5,0.5,0.9602272727272727,0.48753462603878117,0.5124653739612188
"((CO2 >= 21.756) U[1,2] (PROTIME_INR >= 1.132))
",0.000,-9999999.000,-9999999.000,0.000,1.000,161,14,0,186,347,14,161,200,0.46397694524495675,1.0,0.0,1.0,0.48476454293628807,0.5152354570637119
"((n_evts >= 0.034) U[0,0] (POTASSIUM >= 3.401))
",-3.202,0.181,0.966,0.000,1.000,155,14,0,192,347,14,155,206,0.44668587896253603,1.0,0.0,1.0,0.46814404432132967,0.5318559556786704
"((CO2 <= 26.739) U[0,1] (Temp >= 36.698))
",0.000,-9999999.000,-9999999.000,0.000,1.000,154,5,9,193,347,14,163,198,0.4438040345821326,0.35714285714285715,0.6428571428571429,0.9447852760736196,0.4404432132963989,0.5595567867036011
"((ALKALINE_PHOSPHATASE >= 94.696) U[1,1] (BLOOD_UREA_NITROGEN >= 6.140))
",-1.791,5.642,14.860,0.000,1.000,154,0,14,193,347,14,168,193,0.4438040345821326,0.0,1.0,0.9166666666666666,0.4265927977839335,0.5734072022160666
"F[1,1](HEMOGLOBIN <= 9.644 -> PLATELET_COUNT <= 224.645)
",0.183,-9.338,-12.645,0.000,1.000,138,14,0,209,347,14,138,223,0.3976945244956772,1.0,0.0,1.0,0.42105263157894735,0.5789473684210527
"((dfa >= 0.692) U[1,1] (hr <= 95.268))
",0.502,15.376,6.942,0.000,1.000,141,3,11,206,347,14,152,209,0.40634005763688763,0.21428571428571427,0.7857142857142857,0.9276315789473685,0.3988919667590028,0.6011080332409973
"F[0,1](CALCIUM >= 8.535 & Pulse <= 108.823)
",0.000,-9999999.000,-9999999.000,0.000,1.000,131,12,2,216,347,14,133,228,0.37752161383285304,0.8571428571428571,0.14285714285714285,0.9849624060150376,0.3961218836565097,0.6038781163434903
"F[1,1](PARTIAL_THROMBOPLASTIN_TIME <= 54.247 -> Pulse <= 84.913)
",1.017,-16.396,-22.447,0.000,1.000,136,7,7,211,347,14,143,218,0.3919308357348703,0.5,0.5,0.951048951048951,0.3961218836565097,0.6038781163434903
"F[0,1]((af <= 0.017 | AF <= 0.472) & cosen >= -2.185)
",0.000,-9999999.000,-9999999.000,0.000,1.000,133,8,6,214,347,14,139,222,0.38328530259365995,0.5714285714285714,0.42857142857142855,0.9568345323741008,0.39058171745152354,0.6094182825484764
"((CALCIUM <= 9.285) U[1,1] (PARTIAL_THROMBOPLASTIN_TIME <= 52.936))
",-1.044,12.543,21.136,0.000,1.000,126,14,0,221,347,14,126,235,0.3631123919308357,1.0,0.0,1.0,0.3878116343490305,0.6121883656509695
"F[0,1](CALCIUM <= 8.770 -> CHLORIDE <= 115.641)
",0.000,-9999999.000,-9999999.000,0.000,1.000,121,14,0,226,347,14,121,240,0.34870317002881845,1.0,0.0,1.0,0.3739612188365651,0.6260387811634349
"((POTASSIUM <= 3.553) U[0,1] (Temp <= 36.824))
",0.000,-9999999.000,-9999999.000,0.000,1.000,126,9,5,221,347,14,131,230,0.3631123919308357,0.6428571428571429,0.35714285714285715,0.9618320610687023,0.3739612188365651,0.6260387811634349
"F[0,0](HEMOGLOBIN >= 9.218 -> y = 0.420)
",2.080,-0.038,-0.982,0.000,1.000,131,0,14,216,347,14,145,216,0.37752161383285304,0.0,1.0,0.903448275862069,0.3628808864265928,0.6371191135734072
"((CHLORIDE <= 112.948) U[0,1] (CO2 >= 19.675))
",0.000,-9999999.000,-9999999.000,0.000,1.000,113,14,0,234,347,14,113,248,0.3256484149855908,1.0,0.0,1.0,0.3518005540166205,0.6481994459833795
"((AST_GOT >= 14.222) U[1,2] (SODIUM >= 139.814))
",0.000,-9999999.000,-9999999.000,0.000,1.000,126,0,0,235,361,0,126,235,0.3490304709141274,0.0,0.0,1.0,0.3490304709141274,0.6509695290858726
"((CO2 >= 19.799) U[1,2] (s24_hr <= 0.001))
",0.000,-9999999.000,-9999999.000,0.000,1.000,114,12,0,235,349,12,114,247,0.32664756446991405,1.0,0.0,1.0,0.3490304709141274,0.6509695290858726
"F[0,1]((af <= 0.225 | AF <= 0.459) & cosen >= -2.216)
",0.000,-9999999.000,-9999999.000,0.000,1.000,108,9,5,239,347,14,113,248,0.3112391930835735,0.6428571428571429,0.35714285714285715,0.9557522123893806,0.32409972299168976,0.6759002770083102
"((s8_edrk <= 0.000) U[1,2] (Temp >= 36.719))
",0.000,-9999999.000,-9999999.000,0.000,1.000,115,0,5,241,356,5,120,241,0.32303370786516855,0.0,1.0,0.9583333333333334,0.3185595567867036,0.6814404432132963
"((ALKALINE_PHOSPHATASE <= 97.013) U[1,2] (AST_GOT <= 26.616))
",0.000,-9999999.000,-9999999.000,0.000,1.000,112,0,0,249,361,0,112,249,0.31024930747922436,0.0,0.0,1.0,0.31024930747922436,0.6897506925207757
"((BLOOD_UREA_NITROGEN <= 13.241) U[1,1] (hr <= 98.410))
",0.518,18.441,8.339,0.000,1.000,108,0,14,239,347,14,122,239,0.3112391930835735,0.0,1.0,0.8852459016393442,0.29916897506925205,0.7008310249307479
"F[0,0](CALCIUM >= 8.465 | CREATININE >= 0.727)
",-0.547,0.263,0.435,0.000,1.000,93,14,0,254,347,14,93,268,0.2680115273775216,1.0,0.0,1.0,0.296398891966759,0.7036011080332409
"F[0,1](ALT_GPT >= 9.810 & CALCIUM >= 8.184)
",0.000,-9999999.000,-9999999.000,0.000,1.000,92,14,0,255,347,14,92,269,0.26512968299711814,1.0,0.0,1.0,0.29362880886426596,0.706371191135734
"F[0,1](lds >= 0.233 & TOTAL_PROTEIN >= 5.676)
",0.000,-9999999.000,-9999999.000,0.000,1.000,87,14,0,260,347,14,87,274,0.2507204610951009,1.0,0.0,1.0,0.27977839335180055,0.7202216066481995
"F[0,1](BLOOD_UREA_NITROGEN <= 18.921 -> TOTAL_PROTEIN >= 5.754)
",0.000,-9999999.000,-9999999.000,0.000,1.000,87,14,0,260,347,14,87,274,0.2507204610951009,1.0,0.0,1.0,0.27977839335180055,0.7202216066481995
"((SODIUM >= 139.110) U[0,0] (TOTAL_PROTEIN >= 5.647))
",1.791,3.227,0.653,0.000,1.000,87,14,0,260,347,14,87,274,0.2507204610951009,1.0,0.0,1.0,0.27977839335180055,0.7202216066481995
"((CALCIUM >= 8.597) U[1,2] (MAGNESIUM <= 2.071))
",0.000,-9999999.000,-9999999.000,0.000,1.000,86,14,0,261,347,14,86,275,0.2478386167146974,1.0,0.0,1.0,0.2770083102493075,0.7229916897506925
"F[0,1](ALBUMIN >= 3.137 & PLATELET_COUNT <= 230.295)
",0.000,-9999999.000,-9999999.000,0.000,1.000,86,14,0,261,347,14,86,275,0.2478386167146974,1.0,0.0,1.0,0.2770083102493075,0.7229916897506925
"((HEMOGLOBIN >= 9.172) U[0,0] (SpO2 <= 99.276))
",-0.381,1.943,4.527,0.000,1.000,87,12,2,260,347,14,89,272,0.2507204610951009,0.8571428571428571,0.14285714285714285,0.9775280898876404,0.2742382271468144,0.7257617728531855
"((O2_Flow <= 6.565) U[0,0] (TOTAL_BILIRUBIN <= 0.372))
",0.322,4.264,3.437,0.000,1.000,99,0,14,248,347,14,113,248,0.28530259365994237,0.0,1.0,0.8761061946902655,0.2742382271468144,0.7257617728531855
"((O2_Flow <= 3.400) U[0,1] (TOTAL_PROTEIN <= 6.057))
",0.000,-9999999.000,-9999999.000,0.000,1.000,99,0,14,248,347,14,113,248,0.28530259365994237,0.0,1.0,0.8761061946902655,0.2742382271468144,0.7257617728531855
"((PLATELET_COUNT >= 198.403) U[1,1] (srr >= 0.029))
",0.969,22.537,13.597,0.000,1.000,86,12,2,261,347,14,88,273,0.2478386167146974,0.8571428571428571,0.14285714285714285,0.9772727272727273,0.27146814404432135,0.7285318559556786
"F[0,1](SODIUM <= 143.146 & y <= 0.596)
",0.000,-9999999.000,-9999999.000,0.000,1.000,92,5,9,255,347,14,101,260,0.26512968299711814,0.35714285714285715,0.6428571428571429,0.9108910891089109,0.26869806094182824,0.7313019390581718
"((cosen <= -1.247) U[1,1] (srr <= 0.049))
",0.019,0.945,0.940,0.000,1.000,91,5,9,256,347,14,100,261,0.2622478386167147,0.35714285714285715,0.6428571428571429,0.91,0.2659279778393352,0.7340720221606648
"((BLOOD_UREA_NITROGEN <= 14.254) U[1,2] (Resp >= 14.877))
",0.000,-9999999.000,-9999999.000,0.000,1.000,86,0,12,263,349,12,98,263,0.24641833810888253,0.0,1.0,0.8775510204081632,0.23822714681440443,0.7617728531855956
"((BLOOD_UREA_NITROGEN <= 14.486) U[1,2] (TOTAL_BILIRUBIN >= 0.203))
",0.000,-9999999.000,-9999999.000,0.000,1.000,86,0,14,261,347,14,100,261,0.2478386167146974,0.0,1.0,0.86,0.23822714681440443,0.7617728531855956
"((CREATININE <= 0.792) U[1,2] (SBP <= 119.193))
",0.000,-9999999.000,-9999999.000,0.000,1.000,86,0,7,268,354,7,93,268,0.24293785310734464,0.0,1.0,0.9247311827956989,0.23822714681440443,0.7617728531855956
"((ALKALINE_PHOSPHATASE >= 91.926) U[0,0] (PARTIAL_THROMBOPLASTIN_TIME >= 32.082))
",1.236,9.844,-0.282,0.000,1.000,82,0,14,265,347,14,96,265,0.23631123919308358,0.0,1.0,0.8541666666666666,0.22714681440443213,0.7728531855955678
"((Resp <= 18.769) U[1,1] (SpO2 >= 90.159))
",0.478,7.575,4.964,0.000,1.000,73,9,5,274,347,14,78,283,0.21037463976945245,0.6428571428571429,0.35714285714285715,0.9358974358974359,0.22714681440443213,0.7728531855955678
"((CHLORIDE <= 112.648) U[0,1] (GLUCOSE <= 99.878))
",0.000,-9999999.000,-9999999.000,0.000,1.000,78,0,14,269,347,14,92,269,0.22478386167146974,0.0,1.0,0.8478260869565217,0.21606648199445982,0.7839335180055402
"F[1,1](n_edrk <= 0.897 -> n_evts >= 0.001)
",5.581,-0.061,-0.999,0.000,1.000,64,14,0,283,347,14,64,297,0.1844380403458213,1.0,0.0,1.0,0.21606648199445982,0.7839335180055402
"((PLATELET_COUNT >= 185.536) U[1,1] (Pulse >= 66.393))
",0.680,36.609,28.485,0.000,1.000,54,14,0,293,347,14,54,307,0.15561959654178675,1.0,0.0,1.0,0.1883656509695291,0.8116343490304709
"F[1,1](AST_GOT <= 19.349 | TOTAL_BILIRUBIN <= 0.650)
",1.598,3.256,-0.050,0.000,1.000,68,0,14,279,347,14,82,279,0.19596541786743515,0.0,1.0,0.8292682926829268,0.1883656509695291,0.8116343490304709
"F[0,0](direct <= 0.648 -> SODIUM >= 140.292)
",-1.330,-2.235,-0.077,0.000,1.000,60,7,7,287,347,14,67,294,0.1729106628242075,0.5,0.5,0.8955223880597015,0.18559556786703602,0.814404432132964
"F[1,1](CO2 <= 26.235 -> Resp <= 18.335)
",-1.305,-4.638,-0.592,0.000,1.000,54,11,3,293,347,14,57,304,0.15561959654178675,0.7857142857142857,0.21428571428571427,0.9473684210526315,0.18005540166204986,0.8199445983379501
"F[0,0](ALBUMIN <= 3.678 & SpO2 >= 96.998)
",0.344,-0.367,-2.509,0.000,1.000,60,5,9,287,347,14,69,292,0.1729106628242075,0.35714285714285715,0.6428571428571429,0.8695652173913043,0.18005540166204986,0.8199445983379501
"F[1,1]((af <= 0.056 | AF <= 0.291) & cosen >= -2.316)
",0.199,0.112,0.079,0.000,1.000,50,14,0,297,347,14,50,311,0.1440922190201729,1.0,0.0,1.0,0.1772853185595568,0.8227146814404432
"((Temp >= 35.683) U[0,0] (WHITE_BLOOD_CELL_COUNT >= 7.039))
",-0.208,1.311,1.485,0.000,1.000,47,14,0,300,347,14,47,314,0.13544668587896252,1.0,0.0,1.0,0.16897506925207756,0.8310249307479225
"F[0,0](GLUCOSE <= 112.116 -> PHOSPHORUS <= 4.231)
",-1.569,-15.627,-0.731,0.000,1.000,47,14,0,300,347,14,47,314,0.13544668587896252,1.0,0.0,1.0,0.16897506925207756,0.8310249307479225
"((Glasgow_Coma_Scale_Total <= 14.999) U[0,0] (Pulse <= 92.719))
",0.001,11.592,11.577,0.000,1.000,48,12,2,299,347,14,50,311,0.138328530259366,0.8571428571428571,0.14285714285714285,0.96,0.16620498614958448,0.8337950138504155
"((PHOSPHORUS <= 4.088) U[1,2] (WHITE_BLOOD_CELL_COUNT >= 7.098))
",0.000,-9999999.000,-9999999.000,0.000,1.000,46,14,0,301,347,14,46,315,0.13256484149855907,1.0,0.0,1.0,0.16620498614958448,0.8337950138504155
"((MAGNESIUM <= 2.052) U[1,2] (WHITE_BLOOD_CELL_COUNT <= 9.944))
",0.000,-9999999.000,-9999999.000,0.000,1.000,46,14,0,301,347,14,46,315,0.13256484149855907,1.0,0.0,1.0,0.16620498614958448,0.8337950138504155
"((hr <= 98.405) U[0,1] (PARTIAL_THROMBOPLASTIN_TIME <= 54.014))
",0.000,-9999999.000,-9999999.000,0.000,1.000,46,14,0,301,347,14,46,315,0.13256484149855907,1.0,0.0,1.0,0.16620498614958448,0.8337950138504155
"((PARTIAL_THROMBOPLASTIN_TIME <= 51.785) U[0,0] (PROTIME_INR <= 2.204))
",-1.057,11.550,19.985,0.000,1.000,46,14,0,301,347,14,46,315,0.13256484149855907,1.0,0.0,1.0,0.16620498614958448,0.8337950138504155
"((ALT_GPT >= 9.374) U[0,1] (CREATININE <= 0.861))
",0.000,-9999999.000,-9999999.000,0.000,1.000,59,0,14,288,347,14,73,288,0.17002881844380405,0.0,1.0,0.8082191780821918,0.1634349030470914,0.8365650969529086
"((death >= 0.004) U[0,1] (HEMOGLOBIN <= 9.359))
",0.000,-9999999.000,-9999999.000,0.000,1.000,58,0,14,289,347,14,72,289,0.16714697406340057,0.0,1.0,0.8055555555555556,0.16066481994459833,0.8393351800554016
"((ALBUMIN >= 3.149) U[1,2] (SBP >= 69.338))
",0.000,-9999999.000,-9999999.000,0.000,1.000,41,13,0,307,348,13,41,320,0.11781609195402298,1.0,0.0,1.0,0.14958448753462603,0.850415512465374
"((n_evts <= 0.618) U[0,1] (SODIUM >= 137.403))
",0.000,-9999999.000,-9999999.000,0.000,1.000,53,0,14,294,347,14,67,294,0.15273775216138327,0.0,1.0,0.7910447761194029,0.14681440443213298,0.853185595567867
"((SBP >= 98.898) U[0,1] (SODIUM >= 139.674))
",0.000,-9999999.000,-9999999.000,0.000,1.000,53,0,14,294,347,14,67,294,0.15273775216138327,0.0,1.0,0.7910447761194029,0.14681440443213298,0.853185595567867
"((PHOSPHORUS <= 4.029) U[1,2] (Pulse >= 70.828))
",0.000,-9999999.000,-9999999.000,0.000,1.000,41,12,0,308,349,12,41,320,0.1174785100286533,1.0,0.0,1.0,0.14681440443213298,0.853185595567867
"F[0,0](POTASSIUM <= 3.727 | TOTAL_BILIRUBIN >= 0.284)
",-0.523,0.317,0.416,0.000,1.000,39,14,0,308,347,14,39,322,0.11239193083573487,1.0,0.0,1.0,0.14681440443213298,0.853185595567867
"((ALBUMIN <= 3.646) U[0,1] (BLOOD_UREA_NITROGEN <= 15.028))
",0.000,-9999999.000,-9999999.000,0.000,1.000,53,0,14,294,347,14,67,294,0.15273775216138327,0.0,1.0,0.7910447761194029,0.14681440443213298,0.853185595567867
"((CO2 <= 28.711) U[1,2] (TOTAL_PROTEIN <= 6.462))
",0.000,-9999999.000,-9999999.000,0.000,1.000,38,14,0,309,347,14,38,323,0.10951008645533142,1.0,0.0,1.0,0.1440443213296399,0.8559556786703602
"((PROTIME_INR <= 2.044) U[1,2] (SpO2 <= 99.161))
",0.000,-9999999.000,-9999999.000,0.000,1.000,36,12,0,313,349,12,36,325,0.10315186246418338,1.0,0.0,1.0,0.1329639889196676,0.8670360110803323
"((ALBUMIN <= 3.583) U[1,1] (PHOSPHORUS >= 2.736))
",0.006,0.766,0.764,0.000,1.000,31,14,0,316,347,14,31,330,0.0893371757925072,1.0,0.0,1.0,0.12465373961218837,0.8753462603878116
"((GLUCOSE <= 118.517) U[1,2] (Pulse <= 85.169))
",0.000,-9999999.000,-9999999.000,0.000,1.000,45,0,7,309,354,7,52,309,0.1271186440677966,0.0,1.0,0.8653846153846154,0.12465373961218837,0.8753462603878116
"F[1,1](PLATELET_COUNT <= 219.484 -> TOTAL_BILIRUBIN >= 0.237)
",0.063,-6.409,-7.484,0.000,1.000,31,14,0,316,347,14,31,330,0.0893371757925072,1.0,0.0,1.0,0.12465373961218837,0.8753462603878116
"F[0,0](n_evts <= 0.120 & O2_Flow <= 3.400)
",1.152,0.011,-1.372,0.000,1.000,45,0,14,302,347,14,59,302,0.12968299711815562,0.0,1.0,0.7627118644067796,0.12465373961218837,0.8753462603878116
"((ALBUMIN <= 3.352) U[1,2] (Temp >= 36.288))
",0.000,-9999999.000,-9999999.000,0.000,1.000,32,10,0,319,351,10,32,329,0.09116809116809117,1.0,0.0,1.0,0.11634349030470914,0.8836565096952909
"((CO2 <= 31.188) U[1,1] (hr <= 107.746))
",0.476,27.372,18.192,0.000,1.000,31,10,4,316,347,14,35,326,0.0893371757925072,0.7142857142857143,0.2857142857142857,0.8857142857142857,0.11357340720221606,0.8864265927977839
"((GLUCOSE >= 83.651) U[0,0] (PLATELET_COUNT >= 177.372))
",1.420,44.939,35.349,0.000,1.000,25,14,0,322,347,14,25,336,0.07204610951008646,1.0,0.0,1.0,0.10803324099722991,0.8919667590027701
"((ALBUMIN >= 3.151) U[0,0] (POTASSIUM >= 3.194))
",-1.645,0.384,0.806,0.000,1.000,21,14,0,326,347,14,21,340,0.06051873198847262,1.0,0.0,1.0,0.09695290858725762,0.9030470914127424
"((LOS >= 5.261) U[0,0] (SpO2 >= 90.806))
",0.669,7.614,4.986,0.000,1.000,20,12,2,327,347,14,22,339,0.05763688760806916,0.8571428571428571,0.14285714285714285,0.9090909090909091,0.0886426592797784,0.9113573407202216
"((ALKALINE_PHOSPHATASE <= 113.096) U[1,2] (ALT_GPT >= 11.953))
",0.000,-9999999.000,-9999999.000,0.000,1.000,6,14,0,341,347,14,6,355,0.01729106628242075,1.0,0.0,1.0,0.055401662049861494,0.9445983379501385
"F[0,1](SBP >= 74.020 -> TOTAL_PROTEIN <= 6.534)
",0.000,-9999999.000,-9999999.000,0.000,1.000,6,14,0,341,347,14,6,355,0.01729106628242075,1.0,0.0,1.0,0.055401662049861494,0.9445983379501385
"F[0,0](ALBUMIN <= 3.600 | CALCIUM <= 9.142)
",0.659,0.579,0.400,0.000,1.000,6,14,0,341,347,14,6,355,0.01729106628242075,1.0,0.0,1.0,0.055401662049861494,0.9445983379501385
"F[0,0](cosen >= -2.462 | n_evts >= 0.014)
",-2.397,0.275,1.050,0.000,1.000,6,14,0,341,347,14,6,355,0.01729106628242075,1.0,0.0,1.0,0.055401662049861494,0.9445983379501385
"((TOTAL_BILIRUBIN <= 0.487) U[0,1] (TOTAL_PROTEIN <= 6.552))
",0.000,-9999999.000,-9999999.000,0.000,1.000,6,14,0,341,347,14,6,355,0.01729106628242075,1.0,0.0,1.0,0.055401662049861494,0.9445983379501385
"((hr <= 115.961) U[0,1] (Resp <= 20.603))
",0.000,-9999999.000,-9999999.000,0.000,1.000,7,11,3,340,347,14,10,351,0.020172910662824207,0.7857142857142857,0.21428571428571427,0.7,0.04986149584487535,0.9501385041551247
"F[1,1](edrk >= 13.633 | Pulse >= 76.712)
",-0.124,7.727,9.629,0.000,1.000,3,14,0,344,347,14,3,358,0.008645533141210375,1.0,0.0,1.0,0.04709141274238227,0.9529085872576177
"((hr >= 59.552) U[1,2] (Temp <= 37.570))
",0.000,-9999999.000,-9999999.000,0.000,1.000,3,14,0,344,347,14,3,358,0.008645533141210375,1.0,0.0,1.0,0.04709141274238227,0.9529085872576177
"F[0,0]((af <= 0.097 | AF <= 0.268) & cosen >= -2.498)
",0.184,0.231,0.188,0.000,1.000,4,12,2,343,347,14,6,355,0.011527377521613832,0.8571428571428571,0.14285714285714285,0.6666666666666666,0.0443213296398892,0.9556786703601108
"F[0,1](Mort <= 0.525 & Temp <= 37.509)
",0.000,-9999999.000,-9999999.000,0.000,1.000,9,7,7,338,347,14,16,345,0.025936599423631124,0.5,0.5,0.5625,0.0443213296398892,0.9556786703601108
"((ALT_GPT <= 17.874) U[1,2] (PARTIAL_THROMBOPLASTIN_TIME >= 31.847))
",0.000,-9999999.000,-9999999.000,0.000,1.000,15,0,0,346,361,0,15,346,0.04155124653739612,0.0,0.0,1.0,0.04155124653739612,0.9584487534626038
"((GLUCOSE >= 82.544) U[0,1] (hr >= 57.960))
",0.000,-9999999.000,-9999999.000,0.000,1.000,1,14,0,346,347,14,1,360,0.002881844380403458,1.0,0.0,1.0,0.04155124653739612,0.9584487534626038
"F[1,1](hr >= 61.926 | srr <= 0.193)
",-0.452,18.828,28.600,0.000,1.000,1,14,0,346,347,14,1,360,0.002881844380403458,1.0,0.0,1.0,0.04155124653739612,0.9584487534626038
"F[0,2](lds <= 1.282 -> Resp <= 18.783)
",0.000,-9999999.000,-9999999.000,0.000,1.000,0,14,0,347,347,14,0,361,0.0,1.0,0.0,0.0,0.038781163434903045,0.961218836565097
"F[1,2](af <= 0.076 -> cosen >= -2.295)
",0.000,-9999999.000,-9999999.000,0.000,1.000,0,14,0,347,347,14,0,361,0.0,1.0,0.0,0.0,0.038781163434903045,0.961218836565097
"F[0,2]((af <= 0.173 | AF <= 0.328) & cosen >= -2.400)
",0.000,-9999999.000,-9999999.000,0.000,1.000,0,14,0,347,347,14,0,361,0.0,1.0,0.0,0.0,0.038781163434903045,0.961218836565097
"((BLOOD_UREA_NITROGEN >= 8.393) U[0,2] (PARTIAL_THROMBOPLASTIN_TIME <= 51.883))
",0.000,-9999999.000,-9999999.000,0.000,1.000,0,14,0,347,347,14,0,361,0.0,1.0,0.0,0.0,0.038781163434903045,0.961218836565097
"F[0,0](BLOOD_UREA_NITROGEN <= 10.841 | HEMOGLOBIN >= 9.037)
",1.041,2.758,1.163,0.000,1.000,0,14,0,347,347,14,0,361,0.0,1.0,0.0,0.0,0.038781163434903045,0.961218836565097
"F[1,2](ALT_GPT >= 12.180 | tte >= -2.098)
",0.000,-9999999.000,-9999999.000,0.000,1.000,0,14,0,347,347,14,0,361,0.0,1.0,0.0,0.0,0.038781163434903045,0.961218836565097
"F[0,1]((af <= 0.238 | AF <= 0.224) & cosen >= -2.575)
",0.000,-9999999.000,-9999999.000,0.000,1.000,0,14,0,347,347,14,0,361,0.0,1.0,0.0,0.0,0.038781163434903045,0.961218836565097
"F[1,2](PLATELET_COUNT <= 218.847 -> WHITE_BLOOD_CELL_COUNT <= 10.091)
",0.000,-9999999.000,-9999999.000,0.000,1.000,0,14,0,347,347,14,0,361,0.0,1.0,0.0,0.0,0.038781163434903045,0.961218836565097
"F[1,1](dfa <= 1.322 | n_edrk >= 0.066)
",0.518,0.883,0.732,0.000,1.000,0,14,0,347,347,14,0,361,0.0,1.0,0.0,0.0,0.038781163434903045,0.961218836565097
"((hr <= 114.551) U[0,2] (PROTIME_INR <= 1.526))
",0.000,-9999999.000,-9999999.000,0.000,1.000,0,14,0,347,347,14,0,361,0.0,1.0,0.0,0.0,0.038781163434903045,0.961218836565097
"F[0,1](hr >= 66.713 -> O2_Flow <= 5.461)
",0.000,-9999999.000,-9999999.000,0.000,1.000,0,14,0,347,347,14,0,361,0.0,1.0,0.0,0.0,0.038781163434903045,0.961218836565097
"((CO2 >= 19.106) U[0,2] (MAGNESIUM >= 1.942))
",0.000,-9999999.000,-9999999.000,0.000,1.000,0,14,0,347,347,14,0,361,0.0,1.0,0.0,0.0,0.038781163434903045,0.961218836565097
"F[1,2](n_evts <= 0.545 -> PARTIAL_THROMBOPLASTIN_TIME >= 36.786)
",0.000,-9999999.000,-9999999.000,0.000,1.000,0,14,0,347,347,14,0,361,0.0,1.0,0.0,0.0,0.038781163434903045,0.961218836565097
"F[1,2]((af <= 0.261 | AF <= 0.102) & cosen >= -2.372)
",0.000,-9999999.000,-9999999.000,0.000,1.000,0,14,0,347,347,14,0,361,0.0,1.0,0.0,0.0,0.038781163434903045,0.961218836565097
"F[0,0](Glasgow_Coma_Scale_Total >= 14.597 | s2_edrk <= 0.002)
",7.000,0.403,0.403,0.000,1.000,0,14,0,347,347,14,0,361,0.0,1.0,0.0,0.0,0.038781163434903045,0.961218836565097
"F[1,2](ALT_GPT <= 13.522 | n_evts >= 0.022)
",0.000,-9999999.000,-9999999.000,0.000,1.000,0,14,0,347,347,14,0,361,0.0,1.0,0.0,0.0,0.038781163434903045,0.961218836565097
"F[1,2](CO2 <= 26.652 | PLATELET_COUNT >= 179.080)
",0.000,-9999999.000,-9999999.000,0.000,1.000,0,14,0,347,347,14,0,361,0.0,1.0,0.0,0.0,0.038781163434903045,0.961218836565097
"F[0,2](POTASSIUM >= 3.184 | Pulse >= 76.683)
",0.000,-9999999.000,-9999999.000,0.000,1.000,0,14,0,347,347,14,0,361,0.0,1.0,0.0,0.0,0.038781163434903045,0.961218836565097
"F[1,2](HEMOGLOBIN >= 8.831 | SODIUM <= 142.196)
",0.000,-9999999.000,-9999999.000,0.000,1.000,0,14,0,347,347,14,0,361,0.0,1.0,0.0,0.0,0.038781163434903045,0.961218836565097
"F[0,0](hr >= 72.325 | PHOSPHORUS >= 3.165)
",-0.419,9.854,17.943,0.000,1.000,0,14,0,347,347,14,0,361,0.0,1.0,0.0,0.0,0.038781163434903045,0.961218836565097
"((death >= 0.011) U[0,0] (s2_edrk <= 0.004))
",-0.405,0.004,0.144,0.000,1.000,0,14,0,347,347,14,0,361,0.0,1.0,0.0,0.0,0.038781163434903045,0.961218836565097
"F[0,2](GLUCOSE >= 85.136 -> lds <= 2.402)
",0.000,-9999999.000,-9999999.000,0.000,1.000,0,14,0,347,347,14,0,361,0.0,1.0,0.0,0.0,0.038781163434903045,0.961218836565097
"F[1,2](dfa >= 0.719 | lds <= 2.306)
",0.000,-9999999.000,-9999999.000,0.000,1.000,0,14,0,347,347,14,0,361,0.0,1.0,0.0,0.0,0.038781163434903045,0.961218836565097
"F[1,2](ALKALINE_PHOSPHATASE >= 94.062 -> SpO2 >= 95.788)
",0.000,-9999999.000,-9999999.000,0.000,1.000,0,14,0,347,347,14,0,361,0.0,1.0,0.0,0.0,0.038781163434903045,0.961218836565097
"F[0,1](BLOOD_UREA_NITROGEN >= 8.464 | CHLORIDE >= 110.379)
",0.000,-9999999.000,-9999999.000,0.000,1.000,0,14,0,347,347,14,0,361,0.0,1.0,0.0,0.0,0.038781163434903045,0.961218836565097
"F[0,0](PHOSPHORUS >= 2.898 | Resp <= 19.650)
",0.498,2.174,1.350,0.000,1.000,0,14,0,347,347,14,0,361,0.0,1.0,0.0,0.0,0.038781163434903045,0.961218836565097
"F[1,2](TOTAL_BILIRUBIN <= 0.465 -> y <= 0.186)
",0.000,-9999999.000,-9999999.000,0.000,1.000,0,14,0,347,347,14,0,361,0.0,1.0,0.0,0.0,0.038781163434903045,0.961218836565097
"((PHOSPHORUS <= 3.708) U[0,2] (TOTAL_BILIRUBIN >= 0.244))
",0.000,-9999999.000,-9999999.000,0.000,1.000,0,14,0,347,347,14,0,361,0.0,1.0,0.0,0.0,0.038781163434903045,0.961218836565097
"F[1,2](GLUCOSE <= 104.382 -> PROTIME_INR <= 1.815)
",0.000,-9999999.000,-9999999.000,0.000,1.000,0,14,0,347,347,14,0,361,0.0,1.0,0.0,0.0,0.038781163434903045,0.961218836565097
"F[1,2](lds >= 0.215 -> PROTIME_INR <= 2.037)
",0.000,-9999999.000,-9999999.000,0.000,1.000,0,14,0,347,347,14,0,361,0.0,1.0,0.0,0.0,0.038781163434903045,0.961218836565097
"F[1,2](ALT_GPT <= 20.960 | WHITE_BLOOD_CELL_COUNT >= 6.940)
",0.000,-9999999.000,-9999999.000,0.000,1.000,0,14,0,347,347,14,0,361,0.0,1.0,0.0,0.0,0.038781163434903045,0.961218836565097
"F[0,2](CO2 <= 22.914 -> y = 0.655)
",0.000,-9999999.000,-9999999.000,0.000,1.000,0,14,0,347,347,14,0,361,0.0,1.0,0.0,0.0,0.038781163434903045,0.961218836565097
"F[0,2](CALCIUM >= 8.529 | Resp >= 15.106)
",0.000,-9999999.000,-9999999.000,0.000,1.000,0,14,0,347,347,14,0,361,0.0,1.0,0.0,0.0,0.038781163434903045,0.961218836565097
"F[1,1](MET >= 0.002 -> Resp <= 20.022)
",-0.253,-2.397,-1.729,0.000,1.000,0,14,0,347,347,14,0,361,0.0,1.0,0.0,0.0,0.038781163434903045,0.961218836565097
"F[0,2](AST_GOT <= 21.845 -> direct >= 0.013)
",0.000,-9999999.000,-9999999.000,0.000,1.000,0,14,0,347,347,14,0,361,0.0,1.0,0.0,0.0,0.038781163434903045,0.961218836565097
"F[0,1](ALKALINE_PHOSPHATASE >= 91.927 | WHITE_BLOOD_CELL_COUNT <= 10.150)
",0.000,-9999999.000,-9999999.000,0.000,1.000,0,14,0,347,347,14,0,361,0.0,1.0,0.0,0.0,0.038781163434903045,0.961218836565097
"F[0,2](ALKALINE_PHOSPHATASE <= 113.389 -> HEMOGLOBIN >= 9.188)
",0.000,-9999999.000,-9999999.000,0.000,1.000,0,14,0,347,347,14,0,361,0.0,1.0,0.0,0.0,0.038781163434903045,0.961218836565097
"F[0,1](LOS >= 5.949 | srr >= 0.017)
",0.000,-9999999.000,-9999999.000,0.000,1.000,0,14,0,347,347,14,0,361,0.0,1.0,0.0,0.0,0.038781163434903045,0.961218836565097
"F[1,2](CHLORIDE <= 113.916 -> Temp <= 37.593)
",0.000,-9999999.000,-9999999.000,0.000,1.000,0,14,0,347,347,14,0,361,0.0,1.0,0.0,0.0,0.038781163434903045,0.961218836565097
"((SODIUM <= 142.413) U[0,2] (WHITE_BLOOD_CELL_COUNT >= 7.862))
",0.000,-9999999.000,-9999999.000,0.000,1.000,0,14,0,347,347,14,0,361,0.0,1.0,0.0,0.0,0.038781163434903045,0.961218836565097
"F[1,2](ALT_GPT >= 9.081 | TOTAL_BILIRUBIN >= 0.236)
",0.000,-9999999.000,-9999999.000,0.000,1.000,0,14,0,347,347,14,0,361,0.0,1.0,0.0,0.0,0.038781163434903045,0.961218836565097
"F[1,2](MET >= 0.001 -> Temp <= 36.836)
",0.000,-9999999.000,-9999999.000,0.000,1.000,0,14,0,347,347,14,0,361,0.0,1.0,0.0,0.0,0.038781163434903045,0.961218836565097
"((lds >= 0.491) U[0,2] (s24_hr >= -0.001))
",0.000,-9999999.000,-9999999.000,0.000,1.000,0,14,0,347,347,14,0,361,0.0,1.0,0.0,0.0,0.038781163434903045,0.961218836565097
"((BLOOD_UREA_NITROGEN >= 8.044) U[0,2] (PHOSPHORUS <= 4.042))
",0.000,-9999999.000,-9999999.000,0.000,1.000,0,14,0,347,347,14,0,361,0.0,1.0,0.0,0.0,0.038781163434903045,0.961218836565097
"F[0,1](PARTIAL_THROMBOPLASTIN_TIME <= 41.778 | PHOSPHORUS >= 2.852)
",0.000,-9999999.000,-9999999.000,0.000,1.000,0,14,0,347,347,14,0,361,0.0,1.0,0.0,0.0,0.038781163434903045,0.961218836565097
"F[0,2](ALT_GPT >= 11.633 | SODIUM <= 142.670)
",0.000,-9999999.000,-9999999.000,0.000,1.000,0,14,0,347,347,14,0,361,0.0,1.0,0.0,0.0,0.038781163434903045,0.961218836565097
"((hr <= 109.277) U[0,2] (s2_hr >= -0.002))
",0.000,-9999999.000,-9999999.000,0.000,1.000,0,14,0,347,347,14,0,361,0.0,1.0,0.0,0.0,0.038781163434903045,0.961218836565097
"F[1,2](ALT_GPT >= 10.539 & TOTAL_PROTEIN >= 5.605)
",0.000,-9999999.000,-9999999.000,0.000,1.000,0,14,0,347,347,14,0,361,0.0,1.0,0.0,0.0,0.038781163434903045,0.961218836565097
"F[1,1](GLUCOSE <= 113.146 | SODIUM <= 143.651)
",1.250,17.350,6.651,0.000,1.000,0,14,0,347,347,14,0,361,0.0,1.0,0.0,0.0,0.038781163434903045,0.961218836565097
"F[0,0](CO2 <= 32.074 | WHITE_BLOOD_CELL_COUNT >= 6.926)
",0.974,9.584,6.074,0.000,1.000,0,14,0,347,347,14,0,361,0.0,1.0,0.0,0.0,0.038781163434903045,0.961218836565097
"((lds <= 1.383) U[0,2] (PLATELET_COUNT >= 193.919))
",0.000,-9999999.000,-9999999.000,0.000,1.000,0,14,0,347,347,14,0,361,0.0,1.0,0.0,0.0,0.038781163434903045,0.961218836565097
"((lds <= 2.228) U[0,2] (PHOSPHORUS >= 2.910))
",0.000,-9999999.000,-9999999.000,0.000,1.000,0,14,0,347,347,14,0,361,0.0,1.0,0.0,0.0,0.038781163434903045,0.961218836565097
"F[1,2](CALCIUM <= 9.337 | SBP <= 147.616)
",0.000,-9999999.000,-9999999.000,0.000,1.000,0,14,0,347,347,14,0,361,0.0,1.0,0.0,0.0,0.038781163434903045,0.961218836565097
"((ALBUMIN >= 3.210) U[0,2] (GLUCOSE >= 86.442))
",0.000,-9999999.000,-9999999.000,0.000,1.000,0,14,0,347,347,14,0,361,0.0,1.0,0.0,0.0,0.038781163434903045,0.961218836565097
"F[0,0](PHOSPHORUS <= 3.629 | PROTIME_INR >= 1.272)
",0.824,0.421,0.129,0.000,1.000,0,14,0,347,347,14,0,361,0.0,1.0,0.0,0.0,0.038781163434903045,0.961218836565097
"F[0,2](ALT_GPT >= 9.905 | O2_Flow <= 6.457)
",0.000,-9999999.000,-9999999.000,0.000,1.000,0,14,0,347,347,14,0,361,0.0,1.0,0.0,0.0,0.038781163434903045,0.961218836565097
"F[0,1](ALBUMIN <= 3.576 | Pulse >= 79.245)
",0.000,-9999999.000,-9999999.000,0.000,1.000,0,14,0,347,347,14,0,361,0.0,1.0,0.0,0.0,0.038781163434903045,0.961218836565097
"((death >= 0.011) U[0,1] (s24_edrk >= -0.003))
",0.000,-9999999.000,-9999999.000,0.000,1.000,0,14,0,347,347,14,0,361,0.0,1.0,0.0,0.0,0.038781163434903045,0.961218836565097
"F[1,2](CO2 <= 23.764 -> PHOSPHORUS <= 3.904)
",0.000,-9999999.000,-9999999.000,0.000,1.000,0,14,0,347,347,14,0,361,0.0,1.0,0.0,0.0,0.038781163434903045,0.961218836565097
"F[0,0](SBP <= 114.959 | WHITE_BLOOD_CELL_COUNT <= 10.507)
",-0.008,10.000,10.186,0.000,1.000,0,14,0,347,347,14,0,361,0.0,1.0,0.0,0.0,0.038781163434903045,0.961218836565097
"F[1,2](ALBUMIN >= 3.139 | lds <= 1.542)
",0.000,-9999999.000,-9999999.000,0.000,1.000,0,14,0,347,347,14,0,361,0.0,1.0,0.0,0.0,0.038781163434903045,0.961218836565097
"F[0,2](CO2 >= 19.987 -> O2_Flow <= 5.054)
",0.000,-9999999.000,-9999999.000,0.000,1.000,0,14,0,347,347,14,0,361,0.0,1.0,0.0,0.0,0.038781163434903045,0.961218836565097
"F[0,2](PHOSPHORUS >= 3.458 | TOTAL_PROTEIN >= 5.934)
",0.000,-9999999.000,-9999999.000,0.000,1.000,0,14,0,347,347,14,0,361,0.0,1.0,0.0,0.0,0.038781163434903045,0.961218836565097
"((hr >= 77.587) U[0,2] (s8_hr <= 0.001))
",0.000,-9999999.000,-9999999.000,0.000,1.000,0,14,0,347,347,14,0,361,0.0,1.0,0.0,0.0,0.038781163434903045,0.961218836565097
"F[1,2](CALCIUM <= 8.705 -> TOTAL_BILIRUBIN <= 0.683)
",0.000,-9999999.000,-9999999.000,0.000,1.000,0,14,0,347,347,14,0,361,0.0,1.0,0.0,0.0,0.038781163434903045,0.961218836565097
"F[0,0](PHOSPHORUS >= 3.026 | PLATELET_COUNT <= 230.674)
",-0.284,13.196,18.674,0.000,1.000,0,14,0,347,347,14,0,361,0.0,1.0,0.0,0.0,0.038781163434903045,0.961218836565097
"F[0,0](O2_Flow <= 5.224 | PLATELET_COUNT >= 202.963)
",1.165,18.521,9.037,0.000,1.000,0,14,0,347,347,14,0,361,0.0,1.0,0.0,0.0,0.038781163434903045,0.961218836565097
"((CO2 >= 21.053) U[0,1] (SBP <= 146.828))
",0.000,-9999999.000,-9999999.000,0.000,1.000,0,14,0,347,347,14,0,361,0.0,1.0,0.0,0.0,0.038781163434903045,0.961218836565097
"F[0,2](BLOOD_UREA_NITROGEN >= 7.376 -> CALCIUM <= 9.045)
",0.000,-9999999.000,-9999999.000,0.000,1.000,0,14,0,347,347,14,0,361,0.0,1.0,0.0,0.0,0.038781163434903045,0.961218836565097
"((ALKALINE_PHOSPHATASE >= 95.721) U[0,2] (CREATININE >= 0.772))
",0.000,-9999999.000,-9999999.000,0.000,1.000,0,14,0,347,347,14,0,361,0.0,1.0,0.0,0.0,0.038781163434903045,0.961218836565097
"F[1,2]((af <= 0.160 | AF <= 0.165) & cosen >= -2.482)
",0.000,-9999999.000,-9999999.000,0.000,1.000,0,14,0,347,347,14,0,361,0.0,1.0,0.0,0.0,0.038781163434903045,0.961218836565097
"F[1,2](HEMOGLOBIN >= 8.871 | n_evts >= 3.5282154453393264e-05)
",0.000,-9999999.000,-9999999.000,0.000,1.000,0,14,0,347,347,14,0,361,0.0,1.0,0.0,0.0,0.038781163434903045,0.961218836565097
"F[0,1](s24_edrk >= -0.001 & s8_edrk <= 0.001)
",0.000,-9999999.000,-9999999.000,0.000,1.000,1,12,2,346,347,14,3,358,0.002881844380403458,0.8571428571428571,0.14285714285714285,0.3333333333333333,0.036011080332409975,0.96398891966759
"((Glasgow_Coma_Scale_Total >= 14.423) U[0,0] (O2_Flow <= 5.006))
",0.217,2.705,2.312,0.000,1.000,0,13,1,347,347,14,1,360,0.0,0.9285714285714286,0.07142857142857142,0.0,0.036011080332409975,0.96398891966759
"F[0,0](CALCIUM >= 8.287 -> O2_Flow <= 6.424)
",-0.296,-4.124,-3.451,0.000,1.000,0,13,1,347,347,14,1,360,0.0,0.9285714285714286,0.07142857142857142,0.0,0.036011080332409975,0.96398891966759
"F[1,2](lds >= 0.911 -> O2_Flow <= 6.149)
",0.000,-9999999.000,-9999999.000,0.000,1.000,0,13,0,348,348,13,0,361,0.0,1.0,0.0,0.0,0.036011080332409975,0.96398891966759
"((ICU_Pt_Days <= 4.366) U[0,2] (s8_edrk <= 0.002))
",0.000,-9999999.000,-9999999.000,0.000,1.000,0,13,0,348,348,13,0,361,0.0,1.0,0.0,0.0,0.036011080332409975,0.96398891966759
"F[1,2](Mort >= 0.012 -> srr >= 0.036)
",0.000,-9999999.000,-9999999.000,0.000,1.000,0,12,0,349,349,12,0,361,0.0,1.0,0.0,0.0,0.0332409972299169,0.9667590027700831
"F[1,2](ICU_Pt_Days <= 4.449 -> tte >= -1.729)
",0.000,-9999999.000,-9999999.000,0.000,1.000,0,12,0,349,349,12,0,361,0.0,1.0,0.0,0.0,0.0332409972299169,0.9667590027700831
"F[1,2]((af <= 0.148 | AF <= 0.361) & cosen >= -2.281)
",0.000,-9999999.000,-9999999.000,0.000,1.000,0,12,0,349,349,12,0,361,0.0,1.0,0.0,0.0,0.0332409972299169,0.9667590027700831
"((Pulse <= 111.275) U[1,2] (TOTAL_PROTEIN <= 6.328))
",0.000,-9999999.000,-9999999.000,0.000,1.000,0,12,2,347,347,14,2,359,0.0,0.8571428571428571,0.14285714285714285,0.0,0.0332409972299169,0.9667590027700831
"F[0,2](hr >= 59.022 & Pulse >= 77.891)
",0.000,-9999999.000,-9999999.000,0.000,1.000,0,12,0,349,349,12,0,361,0.0,1.0,0.0,0.0,0.0332409972299169,0.9667590027700831
"((death >= 0.006) U[0,0] (tte >= -1.912))
",1.216,1.912,1.452,0.000,1.000,0,12,2,347,347,14,2,359,0.0,0.8571428571428571,0.14285714285714285,0.0,0.0332409972299169,0.9667590027700831
"((s24_edrk >= -0.002) U[0,1] (Temp >= 36.233))
",0.000,-9999999.000,-9999999.000,0.000,1.000,0,12,2,347,347,14,2,359,0.0,0.8571428571428571,0.14285714285714285,0.0,0.0332409972299169,0.9667590027700831
"((SpO2 >= 85.813) U[0,2] (Temp >= 35.749))
",0.000,-9999999.000,-9999999.000,0.000,1.000,0,12,0,349,349,12,0,361,0.0,1.0,0.0,0.0,0.0332409972299169,0.9667590027700831
"F[0,1](cosen >= -2.402 -> Glasgow_Coma_Scale_Total >= 14.703)
",0.000,-9999999.000,-9999999.000,0.000,1.000,0,12,2,347,347,14,2,359,0.0,0.8571428571428571,0.14285714285714285,0.0,0.0332409972299169,0.9667590027700831
"F[0,2](s24_hr >= -0.000 | SpO2 <= 98.428)
",0.000,-9999999.000,-9999999.000,0.000,1.000,0,12,0,349,349,12,0,361,0.0,1.0,0.0,0.0,0.0332409972299169,0.9667590027700831
"F[1,2](ALBUMIN <= 3.692 -> hr <= 115.589)
",0.000,-9999999.000,-9999999.000,0.000,1.000,0,12,0,349,349,12,0,361,0.0,1.0,0.0,0.0,0.0332409972299169,0.9667590027700831
"F[1,2](PHOSPHORUS <= 3.883 & SpO2 <= 98.942)
",0.000,-9999999.000,-9999999.000,0.000,1.000,0,12,0,349,349,12,0,361,0.0,1.0,0.0,0.0,0.0332409972299169,0.9667590027700831
"((CHLORIDE >= 101.523) U[0,1] (LOS >= 3.960))
",0.000,-9999999.000,-9999999.000,0.000,1.000,0,12,2,347,347,14,2,359,0.0,0.8571428571428571,0.14285714285714285,0.0,0.0332409972299169,0.9667590027700831
"F[1,2](HEMOGLOBIN >= 9.221 -> tte >= -3.669)
",0.000,-9999999.000,-9999999.000,0.000,1.000,0,12,0,349,349,12,0,361,0.0,1.0,0.0,0.0,0.0332409972299169,0.9667590027700831
"((s24_hr >= -0.001) U[1,1] (Temp >= 35.651))
",-0.170,1.114,1.230,0.000,1.000,0,12,2,347,347,14,2,359,0.0,0.8571428571428571,0.14285714285714285,0.0,0.0332409972299169,0.9667590027700831
"((hr >= 73.298) U[0,0] (MET <= 0.407))
",-0.411,9.142,16.971,0.000,1.000,0,12,2,347,347,14,2,359,0.0,0.8571428571428571,0.14285714285714285,0.0,0.0332409972299169,0.9667590027700831
"F[0,1](direct <= 0.358 -> tte >= -1.472)
",0.000,-9999999.000,-9999999.000,0.000,1.000,0,12,2,347,347,14,2,359,0.0,0.8571428571428571,0.14285714285714285,0.0,0.0332409972299169,0.9667590027700831
"((AF >= 0.002) U[0,2] (SBP >= 90.736))
",0.000,-9999999.000,-9999999.000,0.000,1.000,0,12,0,349,349,12,0,361,0.0,1.0,0.0,0.0,0.0332409972299169,0.9667590027700831
"F[1,2](lds <= 2.016 | PARTIAL_THROMBOPLASTIN_TIME >= 37.815)
",0.000,-9999999.000,-9999999.000,0.000,1.000,0,12,0,349,349,12,0,361,0.0,1.0,0.0,0.0,0.0332409972299169,0.9667590027700831
"F[0,2](lds >= 0.214 -> Pulse <= 99.484)
",0.000,-9999999.000,-9999999.000,0.000,1.000,0,12,0,349,349,12,0,361,0.0,1.0,0.0,0.0,0.0332409972299169,0.9667590027700831
"((GLUCOSE >= 81.662) U[0,2] (Resp <= 19.545))
",0.000,-9999999.000,-9999999.000,0.000,1.000,0,11,0,350,350,11,0,361,0.0,1.0,0.0,0.0,0.030470914127423823,0.9695290858725761
"((Glasgow_Coma_Scale_Total <= 14.992) U[0,0] (s8_edrk <= 0.002))
",0.536,0.002,0.001,0.000,1.000,0,11,3,347,347,14,3,358,0.0,0.7857142857142857,0.21428571428571427,0.0,0.030470914127423823,0.9695290858725761
"F[0,2](s8_hr <= 0.001 -> srr <= 0.114)
",0.000,-9999999.000,-9999999.000,0.000,1.000,0,11,0,350,350,11,0,361,0.0,1.0,0.0,0.0,0.030470914127423823,0.9695290858725761
"((lds <= 2.385) U[1,2] (Temp >= 36.449))
",0.000,-9999999.000,-9999999.000,0.000,1.000,1,10,0,350,351,10,1,360,0.002849002849002849,1.0,0.0,1.0,0.030470914127423823,0.9695290858725761
"((SODIUM >= 137.584) U[0,2] (tte <= -0.029))
",0.000,-9999999.000,-9999999.000,0.000,1.000,0,11,0,350,350,11,0,361,0.0,1.0,0.0,0.0,0.030470914127423823,0.9695290858725761
"((AST_GOT >= 14.494) U[0,2] (Resp <= 21.560))
",0.000,-9999999.000,-9999999.000,0.000,1.000,0,11,0,350,350,11,0,361,0.0,1.0,0.0,0.0,0.030470914127423823,0.9695290858725761
"((n_edrk >= 0.007) U[1,1] (SBP >= 84.831))
",-0.555,23.048,42.455,0.000,1.000,0,11,3,347,347,14,3,358,0.0,0.7857142857142857,0.21428571428571427,0.0,0.030470914127423823,0.9695290858725761
"((edrk <= 32.851) U[0,2] (LOS <= 11.946))
",0.000,-9999999.000,-9999999.000,0.000,1.000,0,11,0,350,350,11,0,361,0.0,1.0,0.0,0.0,0.030470914127423823,0.9695290858725761
"F[1,2](n_edrk >= 0.451 | PARTIAL_THROMBOPLASTIN_TIME >= 39.677)
",0.000,-9999999.000,-9999999.000,0.000,1.000,0,10,0,351,351,10,0,361,0.0,1.0,0.0,0.0,0.027700831024930747,0.9722991689750693
"F[1,2](CHLORIDE <= 115.849 -> Resp >= 16.821)
",0.000,-9999999.000,-9999999.000,0.000,1.000,0,10,0,351,351,10,0,361,0.0,1.0,0.0,0.0,0.027700831024930747,0.9722991689750693
"((O2_Flow <= 6.351) U[1,2] (SpO2 >= 93.815))
",0.000,-9999999.000,-9999999.000,0.000,1.000,0,10,0,351,351,10,0,361,0.0,1.0,0.0,0.0,0.027700831024930747,0.9722991689750693
"((death <= 0.130) U[1,2] (n_evts >= 0.013))
",0.000,-9999999.000,-9999999.000,0.000,1.000,0,10,4,347,347,14,4,357,0.0,0.7142857142857143,0.2857142857142857,0.0,0.027700831024930747,0.9722991689750693
"F[1,2](Glasgow_Coma_Scale_Total >= 14.892 & Temp >= 36.299)
",0.000,-9999999.000,-9999999.000,0.000,1.000,0,10,0,351,351,10,0,361,0.0,1.0,0.0,0.0,0.027700831024930747,0.9722991689750693
"((cosen <= -1.183) U[0,1] (death <= 0.774))
",0.000,-9999999.000,-9999999.000,0.000,1.000,0,10,4,347,347,14,4,357,0.0,0.7142857142857143,0.2857142857142857,0.0,0.027700831024930747,0.9722991689750693
"F[1,2](CHLORIDE <= 112.857 & Pulse <= 93.103)
",0.000,-9999999.000,-9999999.000,0.000,1.000,0,10,0,351,351,10,0,361,0.0,1.0,0.0,0.0,0.027700831024930747,0.9722991689750693
"F[0,2](MET >= 0.005 | Pulse <= 83.977)
",0.000,-9999999.000,-9999999.000,0.000,1.000,0,9,0,352,352,9,0,361,0.0,1.0,0.0,0.0,0.024930747922437674,0.9750692520775623
"F[0,2](CO2 >= 21.033 & Pulse >= 80.028)
",0.000,-9999999.000,-9999999.000,0.000,1.000,0,9,0,352,352,9,0,361,0.0,1.0,0.0,0.0,0.024930747922437674,0.9750692520775623
"F[0,2](CALCIUM >= 8.239 & SpO2 <= 97.610)
",0.000,-9999999.000,-9999999.000,0.000,1.000,0,9,0,352,352,9,0,361,0.0,1.0,0.0,0.0,0.024930747922437674,0.9750692520775623
"((PHOSPHORUS <= 3.791) U[0,2] (Temp <= 36.943))
",0.000,-9999999.000,-9999999.000,0.000,1.000,0,9,0,352,352,9,0,361,0.0,1.0,0.0,0.0,0.024930747922437674,0.9750692520775623
"((ICU_Pt_Days >= 1.527) U[1,2] (s2_edrk >= -0.005))
",0.000,-9999999.000,-9999999.000,0.000,1.000,0,8,4,349,349,12,4,357,0.0,0.6666666666666666,0.3333333333333333,0.0,0.0221606648199446,0.9778393351800554
"((edrk <= 21.332) U[0,0] (Mort <= 0.402))
",-0.383,4.322,6.237,0.000,1.000,0,7,7,347,347,14,7,354,0.0,0.5,0.5,0.0,0.019390581717451522,0.9806094182825484
"F[1,2](direct <= 0.447 | POTASSIUM <= 3.803)
",0.000,-9999999.000,-9999999.000,0.000,1.000,0,7,0,354,354,7,0,361,0.0,1.0,0.0,0.0,0.019390581717451522,0.9806094182825484
"((LOS <= 11.909) U[0,0] (Mort <= 0.733))
",-1.263,0.733,4.716,0.000,1.000,0,7,7,347,347,14,7,354,0.0,0.5,0.5,0.0,0.019390581717451522,0.9806094182825484
"F[1,2](direct >= 0.017 | GLUCOSE <= 110.164)
",0.000,-9999999.000,-9999999.000,0.000,1.000,0,7,0,354,354,7,0,361,0.0,1.0,0.0,0.0,0.019390581717451522,0.9806094182825484
"((CREATININE <= 1.002) U[0,1] (Mort <= 0.146))
",0.000,-9999999.000,-9999999.000,0.000,1.000,0,7,7,347,347,14,7,354,0.0,0.5,0.5,0.0,0.019390581717451522,0.9806094182825484
"F[1,2](AST_GOT <= 25.569 | O2_Flow >= 2.210)
",0.000,-9999999.000,-9999999.000,0.000,1.000,0,7,0,354,354,7,0,361,0.0,1.0,0.0,0.0,0.019390581717451522,0.9806094182825484
"F[0,2](HEMOGLOBIN >= 8.805 & Mort <= 0.900)
",0.000,-9999999.000,-9999999.000,0.000,1.000,0,7,0,354,354,7,0,361,0.0,1.0,0.0,0.0,0.019390581717451522,0.9806094182825484
"((af <= 0.010) U[0,2] (direct <= 0.736))
",0.000,-9999999.000,-9999999.000,0.000,1.000,0,7,0,354,354,7,0,361,0.0,1.0,0.0,0.0,0.019390581717451522,0.9806094182825484
"F[1,2](MET >= 0.003 | y <= 0.053)
",0.000,-9999999.000,-9999999.000,0.000,1.000,0,7,0,354,354,7,0,361,0.0,1.0,0.0,0.0,0.019390581717451522,0.9806094182825484
"F[1,1](direct <= 0.046 -> LOS >= 11.374)
",-1.155,-0.626,0.074,0.000,1.000,0,7,7,347,347,14,7,354,0.0,0.5,0.5,0.0,0.019390581717451522,0.9806094182825484
"F[1,2](hr <= 95.526 -> TOTAL_BILIRUBIN <= 0.542)
",0.000,-9999999.000,-9999999.000,0.000,1.000,0,6,0,355,355,6,0,361,0.0,1.0,0.0,0.0,0.01662049861495845,0.9833795013850416
"F[0,1](ICU_Pt_Days <= 4.372 & O2_Flow <= 4.979)
",0.000,-9999999.000,-9999999.000,0.000,1.000,0,6,8,347,347,14,8,353,0.0,0.42857142857142855,0.5714285714285714,0.0,0.01662049861495845,0.9833795013850416
"F[1,2](LOS <= 11.862 -> n_edrk >= 0.802)
",0.000,-9999999.000,-9999999.000,0.000,1.000,0,6,0,355,355,6,0,361,0.0,1.0,0.0,0.0,0.01662049861495845,0.9833795013850416
"F[0,2](AF >= 0.000 & y <= 0.571)
",0.000,-9999999.000,-9999999.000,0.000,1.000,0,5,0,356,356,5,0,361,0.0,1.0,0.0,0.0,0.013850415512465374,0.9861495844875346
"((TOTAL_PROTEIN >= 5.688) U[0,2] (y <= 0.986))
",0.000,-9999999.000,-9999999.000,0.000,1.000,0,5,0,356,356,5,0,361,0.0,1.0,0.0,0.0,0.013850415512465374,0.9861495844875346
"F[0,1](LOS >= 9.983 | n_evts <= 0.467)
",0.000,-9999999.000,-9999999.000,0.000,1.000,0,5,9,347,347,14,9,352,0.0,0.35714285714285715,0.6428571428571429,0.0,0.013850415512465374,0.9861495844875346
"((CREATININE <= 0.859) U[0,0] (LOS >= 9.818))
",1.567,2.182,0.512,0.000,1.000,0,5,9,347,347,14,9,352,0.0,0.35714285714285715,0.6428571428571429,0.0,0.013850415512465374,0.9861495844875346
"((CHLORIDE <= 114.984) U[0,2] (hr <= 85.655))
",0.000,-9999999.000,-9999999.000,0.000,1.000,0,5,0,356,356,5,0,361,0.0,1.0,0.0,0.0,0.013850415512465374,0.9861495844875346
"F[0,2](Pulse >= 77.073 -> y <= 0.613)
",0.000,-9999999.000,-9999999.000,0.000,1.000,0,5,0,356,356,5,0,361,0.0,1.0,0.0,0.0,0.013850415512465374,0.9861495844875346
"((Mort <= 0.179) U[1,2] (SpO2 <= 99.078))
",0.000,-9999999.000,-9999999.000,0.000,1.000,0,5,7,349,349,12,7,354,0.0,0.4166666666666667,0.5833333333333334,0.0,0.013850415512465374,0.9861495844875346
"((cosen <= -2.077) U[0,1] (y <= 0.676))
",0.000,-9999999.000,-9999999.000,0.000,1.000,0,5,9,347,347,14,9,352,0.0,0.35714285714285715,0.6428571428571429,0.0,0.013850415512465374,0.9861495844875346
"F[0,1](direct <= 0.267 & ICU_Pt_Days >= 1.489)
",0.000,-9999999.000,-9999999.000,0.000,1.000,0,5,9,347,347,14,9,352,0.0,0.35714285714285715,0.6428571428571429,0.0,0.013850415512465374,0.9861495844875346
"((n_edrk >= 0.110) U[0,2] (y <= 0.483))
",0.000,-9999999.000,-9999999.000,0.000,1.000,0,5,0,356,356,5,0,361,0.0,1.0,0.0,0.0,0.013850415512465374,0.9861495844875346
"F[1,1](ALT_GPT <= 14.579 | y <= 0.347)
",1.437,3.343,-0.225,0.000,1.000,0,5,9,347,347,14,9,352,0.0,0.35714285714285715,0.6428571428571429,0.0,0.013850415512465374,0.9861495844875346
"((Mort <= 0.769) U[1,2] (n_edrk >= 0.330))
",0.000,-9999999.000,-9999999.000,0.000,1.000,0,4,6,351,351,10,6,355,0.0,0.4,0.6,0.0,0.0110803324099723,0.9889196675900277
"((edrk >= 9.722) U[1,2] (Glasgow_Coma_Scale_Total <= 14.992))
",0.000,-9999999.000,-9999999.000,0.000,1.000,0,4,0,357,357,4,0,361,0.0,1.0,0.0,0.0,0.0110803324099723,0.9889196675900277
"F[0,2](LOS >= 10.279 & TOTAL_PROTEIN <= 6.553)
",0.000,-9999999.000,-9999999.000,0.000,1.000,0,3,0,358,358,3,0,361,0.0,1.0,0.0,0.0,0.008310249307479225,0.9916897506925207
"((death <= 0.440) U[0,0] (LOS >= 10.998))
",1.128,1.002,0.458,0.000,1.000,0,3,11,347,347,14,11,350,0.0,0.21428571428571427,0.7857142857142857,0.0,0.008310249307479225,0.9916897506925207
"((LOS <= 11.916) U[0,2] (MET >= 0.004))
",0.000,-9999999.000,-9999999.000,0.000,1.000,0,2,0,359,359,2,0,361,0.0,1.0,0.0,0.0,0.00554016620498615,0.9944598337950139
"((Glasgow_Coma_Scale_Total <= 14.999) U[0,2] (MET >= 0.001))
",0.000,-9999999.000,-9999999.000,0.000,1.000,0,2,0,359,359,2,0,361,0.0,1.0,0.0,0.0,0.00554016620498615,0.9944598337950139
"F[2,2](direct >= 0.012 -> SBP >= 72.681)
",0.555,-35.197,-54.604,0.000,1.000,0,0,0,361,361,0,0,361,0.0,0.0,0.0,0.0,0.0,1.0
"((n_evts <= 0.254) U[1,2] (y = 0.362))
",0.000,-9999999.000,-9999999.000,0.000,1.000,0,0,0,361,361,0,0,361,0.0,0.0,0.0,0.0,0.0,1.0
"F[1,2](TOTAL_BILIRUBIN <= 0.437 & tte >= -0.630)
",0.000,-9999999.000,-9999999.000,0.000,1.000,0,0,0,361,361,0,0,361,0.0,0.0,0.0,0.0,0.0,1.0
"((O2_Flow >= 2.098) U[2,2] (SODIUM <= 142.295))
",-2.151,1.156,5.295,0.000,1.000,0,0,0,361,361,0,0,361,0.0,0.0,0.0,0.0,0.0,1.0
"F[1,2](AST_GOT <= 19.465 | GLUCOSE <= 110.211)
",0.000,-9999999.000,-9999999.000,0.000,1.000,0,0,0,361,361,0,0,361,0.0,0.0,0.0,0.0,0.0,1.0
"F[2,2](Mort >= 0.001 -> TOTAL_BILIRUBIN >= 0.330)
",1.171,-0.095,-0.640,0.000,1.000,0,0,0,361,361,0,0,361,0.0,0.0,0.0,0.0,0.0,1.0
"((Resp >= 16.044) U[2,2] (s24_edrk <= 0.003))
",-0.329,1.720,2.820,0.000,1.000,0,0,0,361,361,0,0,361,0.0,0.0,0.0,0.0,0.0,1.0
"((MET >= 0.002) U[2,2] (death = 0.011))
",-6.250,-0.002,-0.002,0.000,1.000,0,0,0,361,361,0,0,361,0.0,0.0,0.0,0.0,0.0,1.0
"((cosen >= -2.305) U[2,2] (dfa >= 0.279))
",0.268,0.528,0.423,0.000,1.000,0,0,0,361,361,0,0,361,0.0,0.0,0.0,0.0,0.0,1.0
"((CHLORIDE <= 112.229) U[2,2] (SBP <= 153.066))
",0.628,45.187,31.518,0.000,1.000,0,0,0,361,361,0,0,361,0.0,0.0,0.0,0.0,0.0,1.0
"F[0,2](LOS >= 11.523 & y <= 0.243)
",0.000,-9999999.000,-9999999.000,0.000,1.000,0,0,0,361,361,0,0,361,0.0,0.0,0.0,0.0,0.0,1.0
"F[0,2](BLOOD_UREA_NITROGEN <= 20.833 & CREATININE >= 0.780)
",0.000,-9999999.000,-9999999.000,0.000,1.000,0,0,0,361,361,0,0,361,0.0,0.0,0.0,0.0,0.0,1.0
"F[2,2](ALT_GPT >= 9.078 & POTASSIUM >= 3.264)
",-1.580,0.280,0.736,0.000,1.000,0,0,0,361,361,0,0,361,0.0,0.0,0.0,0.0,0.0,1.0
"((ALBUMIN <= 3.695) U[0,2] (PARTIAL_THROMBOPLASTIN_TIME >= 40.046))
",0.000,-9999999.000,-9999999.000,0.000,1.000,0,0,0,361,361,0,0,361,0.0,0.0,0.0,0.0,0.0,1.0
"((MET >= 0.002) U[2,2] (death = 0.011))
",-0.000,-0.002,-0.002,0.000,1.000,0,0,0,361,361,0,0,361,0.0,0.0,0.0,0.0,0.0,1.0
"F[0,2](HEMOGLOBIN <= 10.053 & lds >= 0.296)
",0.000,-9999999.000,-9999999.000,0.000,1.000,0,0,0,361,361,0,0,361,0.0,0.0,0.0,0.0,0.0,1.0
"F[1,2](BLOOD_UREA_NITROGEN <= 15.148 & CREATININE >= 0.732)
",0.000,-9999999.000,-9999999.000,0.000,1.000,0,0,0,361,361,0,0,361,0.0,0.0,0.0,0.0,0.0,1.0
"((death <= 0.264) U[2,2] (ICU_Pt_Days <= 4.174))
",-0.041,1.174,1.238,0.000,1.000,0,0,0,361,361,0,0,361,0.0,0.0,0.0,0.0,0.0,1.0
"((edrk >= 9.624) U[2,2] (Resp <= 17.939))
",0.633,7.486,5.094,0.000,1.000,0,0,0,361,361,0,0,361,0.0,0.0,0.0,0.0,0.0,1.0
"F[0,2](BLOOD_UREA_NITROGEN >= 7.938 & POTASSIUM <= 3.802)
",0.000,-9999999.000,-9999999.000,0.000,1.000,0,0,0,361,361,0,0,361,0.0,0.0,0.0,0.0,0.0,1.0
"F[2,2](BLOOD_UREA_NITROGEN <= 18.866 & CREATININE >= 0.758)
",2.274,-0.384,-2.134,0.000,1.000,0,0,0,361,361,0,0,361,0.0,0.0,0.0,0.0,0.0,1.0
"((ALBUMIN <= 3.464) U[0,2] (CHLORIDE >= 110.593))
",0.000,-9999999.000,-9999999.000,0.000,1.000,0,0,0,361,361,0,0,361,0.0,0.0,0.0,0.0,0.0,1.0
"F[2,2](O2_Flow >= 2.031 | WHITE_BLOOD_CELL_COUNT >= 7.037)
",-0.619,0.970,2.194,0.000,1.000,0,0,0,361,361,0,0,361,0.0,0.0,0.0,0.0,0.0,1.0
"F[1,2](AST_GOT <= 19.327 & SBP <= 127.618)
",0.000,-9999999.000,-9999999.000,0.000,1.000,0,0,0,361,361,0,0,361,0.0,0.0,0.0,0.0,0.0,1.0
"F[2,2](AST_GOT >= 15.628 -> CREATININE <= 1.092)
",1.877,-3.015,-11.372,0.000,1.000,0,0,0,361,361,0,0,361,0.0,0.0,0.0,0.0,0.0,1.0
"F[1,1](n_evts >= 0.027 -> TOTAL_PROTEIN <= 6.144)
",3.432,-0.248,-0.973,0.000,1.000,0,0,14,347,347,14,14,347,0.0,0.0,1.0,0.0,0.0,1.0
"F[2,2](BLOOD_UREA_NITROGEN <= 13.145 & CREATININE >= 0.749)
",2.240,-1.469,-7.855,0.000,1.000,0,0,0,361,361,0,0,361,0.0,0.0,0.0,0.0,0.0,1.0
"((s2_edrk >= -0.003) U[0,2] (y = 0.694))
",0.000,-9999999.000,-9999999.000,0.000,1.000,0,0,0,361,361,0,0,361,0.0,0.0,0.0,0.0,0.0,1.0
"F[2,2](srr >= 0.020 & y = 0.388)
",1.155,-0.388,-0.516,0.000,1.000,0,0,0,361,361,0,0,361,0.0,0.0,0.0,0.0,0.0,1.0
"((PROTIME_INR > 1.001) U[2,2] (y = 0.198))
",0.633,0.465,0.199,0.000,1.000,0,0,0,361,361,0,0,361,0.0,0.0,0.0,0.0,0.0,1.0
"((Glasgow_Coma_Scale_Total >= 14.745) U[2,2] (s24_edrk <= 0.004))
",0.408,0.255,0.219,0.000,1.000,0,0,0,361,361,0,0,361,0.0,0.0,0.0,0.0,0.0,1.0
"F[2,2](O2_Flow <= 2.666 | PHOSPHORUS >= 3.329)
",0.199,0.574,0.454,0.000,1.000,0,0,0,361,361,0,0,361,0.0,0.0,0.0,0.0,0.0,1.0
"F[2,2](lds <= 2.201 | n_edrk >= 0.431)
",0.467,1.192,0.780,0.000,1.000,0,0,0,361,361,0,0,361,0.0,0.0,0.0,0.0,0.0,1.0
"((s8_hr >= -0.001) U[0,2] (y = 0.972))
",0.000,-9999999.000,-9999999.000,0.000,1.000,0,0,0,361,361,0,0,361,0.0,0.0,0.0,0.0,0.0,1.0
"F[0,2](PLATELET_COUNT < 221.711 & y = 0.757)
",0.000,-9999999.000,-9999999.000,0.000,1.000,0,0,0,361,361,0,0,361,0.0,0.0,0.0,0.0,0.0,1.0
"F[1,2](PCO2 <= 39.500 -> y = 0.327)
",0.000,-9999999.000,-9999999.000,0.000,1.000,0,0,0,361,361,0,0,361,0.0,0.0,0.0,0.0,0.0,1.0
"((ALT_GPT >= 12.055) U[2,2] (LOS <= 11.985))
",-1.869,2.331,9.945,0.000,1.000,0,0,0,361,361,0,0,361,0.0,0.0,0.0,0.0,0.0,1.0
"((CALCIUM <= 8.830) U[2,2] (PLATELET_COUNT >= 179.204))
",0.536,40.128,32.796,0.000,1.000,0,0,0,361,361,0,0,361,0.0,0.0,0.0,0.0,0.0,1.0
"((MET >= 0.003) U[1,2] (death = 0.011))
",0.000,-9999999.000,-9999999.000,0.000,1.000,0,0,0,361,361,0,0,361,0.0,0.0,0.0,0.0,0.0,1.0
"((AF > 0.003) U[1,2] (y = 0.729))
",0.000,-9999999.000,-9999999.000,0.000,1.000,0,0,0,361,361,0,0,361,0.0,0.0,0.0,0.0,0.0,1.0
"((AF >= 0.002) U[2,2] (af <= 0.393))
",-0.408,0.393,0.408,0.000,1.000,0,0,0,361,361,0,0,361,0.0,0.0,0.0,0.0,0.0,1.0
"F[2,2](CALCIUM <= 9.532 & lds >= 0.581)
",-0.375,0.295,0.527,0.000,1.000,0,0,0,361,361,0,0,361,0.0,0.0,0.0,0.0,0.0,1.0
"((HEMOGLOBIN <= 10.162) U[2,2] (POTASSIUM <= 3.754))
",2.273,0.923,-0.038,0.000,1.000,0,0,0,361,361,0,0,361,0.0,0.0,0.0,0.0,0.0,1.0
"F[2,2](CREATININE <= 0.935 & WHITE_BLOOD_CELL_COUNT <= 9.885)
",1.010,0.098,-0.165,0.000,1.000,0,0,0,361,361,0,0,361,0.0,0.0,0.0,0.0,0.0,1.0
"((GLUCOSE <= 112.957) U[0,2] (n_evts <= 0.329))
",0.000,-9999999.000,-9999999.000,0.000,1.000,0,0,0,361,361,0,0,361,0.0,0.0,0.0,0.0,0.0,1.0
"F[2,2](hr >= 80.678 -> SpO2 >= 85.113)
",-0.178,-14.038,-11.720,0.000,1.000,0,0,0,361,361,0,0,361,0.0,0.0,0.0,0.0,0.0,1.0
"((ALT_GPT >= 10.830) U[2,2] (HEMOGLOBIN <= 9.938))
",-1.864,3.353,11.170,0.000,1.000,0,0,0,361,361,0,0,361,0.0,0.0,0.0,0.0,0.0,1.0
"((ALKALINE_PHOSPHATASE <= 114.866) U[2,2] (GLUCOSE >= 94.411))
",-1.108,19.722,24.589,0.000,1.000,0,0,0,361,361,0,0,361,0.0,0.0,0.0,0.0,0.0,1.0
"F[0,2](n_evts <= 0.885 & TOTAL_BILIRUBIN >= 0.249)
",0.000,-9999999.000,-9999999.000,0.000,1.000,0,0,0,361,361,0,0,361,0.0,0.0,0.0,0.0,0.0,1.0
"((PLATELET_COUNT <= 229.525) U[2,2] (SBP >= 83.706))
",-0.343,29.967,43.580,0.000,1.000,0,0,0,361,361,0,0,361,0.0,0.0,0.0,0.0,0.0,1.0
"((hr <= 108.380) U[2,2] (TOTAL_PROTEIN <= 6.160))
",0.460,27.748,17.974,0.000,1.000,0,0,0,361,361,0,0,361,0.0,0.0,0.0,0.0,0.0,1.0
"F[2,2](HEMOGLOBIN >= 9.209 & SBP <= 138.895)
",0.335,0.017,-5.452,0.000,1.000,0,0,0,361,361,0,0,361,0.0,0.0,0.0,0.0,0.0,1.0
"((Pulse >= 66.708) U[2,2] (s24_hr >= 1.0285609923815948e-06))
",-0.194,14.766,18.578,0.000,1.000,0,0,0,361,361,0,0,361,0.0,0.0,0.0,0.0,0.0,1.0
"F[2,2](ALBUMIN >= 3.141 -> TOTAL_BILIRUBIN <= 0.626)
",-1.867,-0.340,-0.059,0.000,1.000,0,0,0,361,361,0,0,361,0.0,0.0,0.0,0.0,0.0,1.0
"F[1,2](CREATININE <= 0.788 | POTASSIUM <= 3.923)
",0.000,-9999999.000,-9999999.000,0.000,1.000,0,0,0,361,361,0,0,361,0.0,0.0,0.0,0.0,0.0,1.0
"F[0,2](CO2 >= 19.191 -> CREATININE <= 1.060)
",0.000,-9999999.000,-9999999.000,0.000,1.000,0,0,0,361,361,0,0,361,0.0,0.0,0.0,0.0,0.0,1.0
"((MET <= 0.493) U[0,2] (y = 0.138))
",0.000,-9999999.000,-9999999.000,0.000,1.000,0,0,0,361,361,0,0,361,0.0,0.0,0.0,0.0,0.0,1.0
"F[0,2](af > 0.001 & y = 0.727)
",0.000,-9999999.000,-9999999.000,0.000,1.000,0,0,0,361,361,0,0,361,0.0,0.0,0.0,0.0,0.0,1.0
"F[2,2](AST_GOT <= 24.473 & y = 0.469)
",1.885,-0.921,-2.527,0.000,1.000,0,0,0,361,361,0,0,361,0.0,0.0,0.0,0.0,0.0,1.0
"((MET >= 0.003) U[0,2] (n_evts <= 0.663))
",0.000,-9999999.000,-9999999.000,0.000,1.000,0,0,0,361,361,0,0,361,0.0,0.0,0.0,0.0,0.0,1.0
"F[1,2](LOS >= 6.731 & POTASSIUM <= 3.749)
",0.000,-9999999.000,-9999999.000,0.000,1.000,0,0,0,361,361,0,0,361,0.0,0.0,0.0,0.0,0.0,1.0
"F[2,2](PARTIAL_THROMBOPLASTIN_TIME >= 35.215 -> WHITE_BLOOD_CELL_COUNT <= 10.205)
",-0.787,-7.536,-1.805,0.000,1.000,0,0,0,361,361,0,0,361,0.0,0.0,0.0,0.0,0.0,1.0
"F[0,2](TOTAL_BILIRUBIN <= 0.553 | WHITE_BLOOD_CELL_COUNT <= 8.161)
",0.000,-9999999.000,-9999999.000,0.000,1.000,0,0,0,361,361,0,0,361,0.0,0.0,0.0,0.0,0.0,1.0
"F[0,2](ALT_GPT >= 12.035 & y = 0.748)
",0.000,-9999999.000,-9999999.000,0.000,1.000,0,0,0,361,361,0,0,361,0.0,0.0,0.0,0.0,0.0,1.0
"((af >= 0.000) U[1,1] (n_evts <= 0.409))
",2456212357490566.500,0.409,-0.000,0.000,1.000,0,0,14,347,347,14,14,347,0.0,0.0,1.0,0.0,0.0,1.0
"F[1,2](CREATININE <= 0.863 | HEMOGLOBIN <= 9.517)
",0.000,-9999999.000,-9999999.000,0.000,1.000,0,0,0,361,361,0,0,361,0.0,0.0,0.0,0.0,0.0,1.0
"F[1,2](n_edrk >= 0.833 & y = 0.046)
",0.000,-9999999.000,-9999999.000,0.000,1.000,0,0,0,361,361,0,0,361,0.0,0.0,0.0,0.0,0.0,1.0
"((GLUCOSE >= 85.393) U[2,2] (HEMOGLOBIN >= 8.852))
",-1.678,13.579,33.607,0.000,1.000,0,0,0,361,361,0,0,361,0.0,0.0,0.0,0.0,0.0,1.0
"((GLUCOSE <= 104.792) U[0,2] (y = 0.631))
",0.000,-9999999.000,-9999999.000,0.000,1.000,0,0,0,361,361,0,0,361,0.0,0.0,0.0,0.0,0.0,1.0
"F[2,2](ALBUMIN <= 3.409 -> O2_Flow <= 6.687)
",-0.471,-4.386,-3.258,0.000,1.000,0,0,0,361,361,0,0,361,0.0,0.0,0.0,0.0,0.0,1.0
"F[2,2](O2_Flow >= 2.091 -> Resp >= 16.742)
",0.723,-1.440,-3.251,0.000,1.000,0,0,0,361,361,0,0,361,0.0,0.0,0.0,0.0,0.0,1.0
"F[2,2](CHLORIDE <= 111.186 & y = 0.021)
",-0.900,-2.768,-0.568,0.000,1.000,0,0,0,361,361,0,0,361,0.0,0.0,0.0,0.0,0.0,1.0
"F[1,2](PARTIAL_THROMBOPLASTIN_TIME < 42.145 -> y = 0.174)
",0.000,-9999999.000,-9999999.000,0.000,1.000,0,0,0,361,361,0,0,361,0.0,0.0,0.0,0.0,0.0,1.0
"F[1,2](AST_GOT >= 15.212 -> n_evts <= 0.233)
",0.000,-9999999.000,-9999999.000,0.000,1.000,0,0,0,361,361,0,0,361,0.0,0.0,0.0,0.0,0.0,1.0
"F[2,2](ALT_GPT >= 9.626 & SBP >= 89.449)
",-2.611,2.385,12.374,0.000,1.000,0,0,0,361,361,0,0,361,0.0,0.0,0.0,0.0,0.0,1.0
"F[2,2](ALKALINE_PHOSPHATASE <= 110.310 & TOTAL_BILIRUBIN >= 0.217)
",-0.817,0.084,0.483,0.000,1.000,0,0,0,361,361,0,0,361,0.0,0.0,0.0,0.0,0.0,1.0
"((PARTIAL_THROMBOPLASTIN_TIME <= 44.440) U[0,2] (TOTAL_PROTEIN <= 6.223))
",0.000,-9999999.000,-9999999.000,0.000,1.000,0,0,0,361,361,0,0,361,0.0,0.0,0.0,0.0,0.0,1.0
"F[1,2](CREATININE <= 0.888 | PARTIAL_THROMBOPLASTIN_TIME >= 34.289)
",0.000,-9999999.000,-9999999.000,0.000,1.000,0,0,0,361,361,0,0,361,0.0,0.0,0.0,0.0,0.0,1.0
"((s8_edrk >= -0.004) U[1,2] (y = 0.199))
",0.000,-9999999.000,-9999999.000,0.000,1.000,0,0,0,361,361,0,0,361,0.0,0.0,0.0,0.0,0.0,1.0
