Rule,Discrimination Score,Pos Robustness,Neg Robustness,Percent Class +,Percent Class -,TP,TN,FP,FN,Actual Yes,Actual No,Predicted Yes,Predicted No,TPR/Sens,TNR/Spec,FPR,Precision,Accuracy,MCR,Class
"((lds <= 1.901) U[0,1] (n_evts >= 0.104))
",0.000,-9999999.000,-9999999.000,0.000,1.000,64,14,0,0,64,14,64,14,1.0,1.0,0.0,1.0,1.0,0.0,-1
"((ALT_GPT >= 20.412) U[0,1] (n_evts >= 0.093))
",0.000,-9999999.000,-9999999.000,0.000,1.000,64,14,0,0,64,14,64,14,1.0,1.0,0.0,1.0,1.0,0.0,-1
"((CREATININE <= 1.264) U[0,1] (ICU_Pt_Days >= 0.285))
",0.000,-9999999.000,-9999999.000,0.000,1.000,64,13,1,0,64,14,65,13,1.0,0.9285714285714286,0.07142857142857142,0.9846153846153847,0.9871794871794872,0.012820512820512775,-1
"G[0,1](ICU_Pt_Days <= 1.241 | POTASSIUM <= 3.990)
",0.000,9999999.000,9999999.000,1.000,0.000,64,12,2,0,64,14,66,12,1.0,0.8571428571428571,0.14285714285714285,0.9696969696969697,0.9743589743589743,0.02564102564102566,1
"F[0,1](CREATININE <= 1.208 & y >= 0.088)
",0.000,-9999999.000,-9999999.000,0.000,1.000,64,11,3,0,64,14,67,11,1.0,0.7857142857142857,0.21428571428571427,0.9552238805970149,0.9615384615384616,0.038461538461538436,-1
"G[0,1](ICU_Pt_Days <= 3.306 | SBP >= 131.560)
",0.000,9999999.000,9999999.000,1.000,0.000,64,9,5,0,64,14,69,9,1.0,0.6428571428571429,0.35714285714285715,0.927536231884058,0.9358974358974359,0.0641025641025641,1
"((BLOOD_UREA_NITROGEN >= 14.729) U[0,1] (direct >= 0.066))
",0.000,-9999999.000,-9999999.000,0.000,1.000,64,9,5,0,64,14,69,9,1.0,0.6428571428571429,0.35714285714285715,0.927536231884058,0.9358974358974359,0.0641025641025641,-1
"((HEMOGLOBIN >= 9.250) U[0,1] (O2_Flow >= 2.128))
",0.000,-9999999.000,-9999999.000,0.000,1.000,64,8,6,0,64,14,70,8,1.0,0.5714285714285714,0.42857142857142855,0.9142857142857143,0.9230769230769231,0.07692307692307687,-1
"((ALT_GPT >= 20.066) U[1,1] (s8_hr >= -0.002))
",-2.324,0.304,1.934,0.000,1.000,59,13,1,5,64,14,60,18,0.921875,0.9285714285714286,0.07142857142857142,0.9833333333333333,0.9230769230769231,0.07692307692307687,-1
"G[0,1](direct >= 0.050 -> ICU_Pt_Days <= 1.030)
",0.000,9999999.000,9999999.000,1.000,0.000,64,7,7,0,64,14,71,7,1.0,0.5,0.5,0.9014084507042254,0.9102564102564102,0.08974358974358976,1
"G[0,1](AST_GOT >= 21.180 -> LOS <= 6.375)
",0.000,9999999.000,9999999.000,1.000,0.000,64,7,7,0,64,14,71,7,1.0,0.5,0.5,0.9014084507042254,0.9102564102564102,0.08974358974358976,1
"G[0,1](ICU_Pt_Days <= 2.045 -> Mort <= 0.137)
",0.000,9999999.000,9999999.000,1.000,0.000,64,6,8,0,64,14,72,6,1.0,0.42857142857142855,0.5714285714285714,0.8888888888888888,0.8974358974358975,0.10256410256410253,1
"G[0,1](ALT_GPT <= 20.581 | death <= 0.296)
",0.000,9999999.000,9999999.000,1.000,0.000,64,6,8,0,64,14,72,6,1.0,0.42857142857142855,0.5714285714285714,0.8888888888888888,0.8974358974358975,0.10256410256410253,1
"((ALT_GPT <= 20.734) U[0,0] (O2_Flow >= 2.074))
",-0.489,0.607,1.613,0.000,1.000,64,6,8,0,64,14,72,6,1.0,0.42857142857142855,0.5714285714285714,0.8888888888888888,0.8974358974358975,0.10256410256410253,-1
"F[0,1](HEMOGLOBIN >= 9.329 & SODIUM >= 132.654)
",0.000,-9999999.000,-9999999.000,0.000,1.000,56,14,0,8,64,14,56,22,0.875,1.0,0.0,1.0,0.8974358974358975,0.10256410256410253,-1
"F[0,1](HEMOGLOBIN <= 10.153 -> y >= 0.115)
",0.000,-9999999.000,-9999999.000,0.000,1.000,56,14,0,8,64,14,56,22,0.875,1.0,0.0,1.0,0.8974358974358975,0.10256410256410253,-1
"F[1,1](HEMOGLOBIN < 9.895 -> y = 0.447)
",-2.204,-0.739,0.305,0.000,1.000,56,14,0,8,64,14,56,22,0.875,1.0,0.0,1.0,0.8974358974358975,0.10256410256410253,-1
"F[0,1](ALBUMIN >= 3.201 -> tte <= -0.003)
",0.000,-9999999.000,-9999999.000,0.000,1.000,55,14,0,9,64,14,55,23,0.859375,1.0,0.0,1.0,0.8846153846153846,0.11538461538461542,-1
"((cosen >= -2.321) U[0,1] (Glasgow_Coma_Scale_Total <= 14.967))
",0.000,-9999999.000,-9999999.000,0.000,1.000,64,5,9,0,64,14,73,5,1.0,0.35714285714285715,0.6428571428571429,0.8767123287671232,0.8846153846153846,0.11538461538461542,-1
"G[0,0](HEMOGLOBIN <= 9.427 & s8_hr >= -0.002)
",1.075,-0.095,-0.662,1.000,0.000,56,13,1,8,64,14,57,21,0.875,0.9285714285714286,0.07142857142857142,0.9824561403508771,0.8846153846153846,0.11538461538461542,1
"G[1,1](PLATELET_COUNT <= 209.093 & TOTAL_PROTEIN >= 6.550)
",2.633,-0.076,-2.907,1.000,0.000,55,14,0,9,64,14,55,23,0.859375,1.0,0.0,1.0,0.8846153846153846,0.11538461538461542,1
"G[0,1](GLUCOSE >= 186.727 & y <= 0.470)
",0.000,9999999.000,9999999.000,1.000,0.000,55,14,0,9,64,14,55,23,0.859375,1.0,0.0,1.0,0.8846153846153846,0.11538461538461542,1
"G[1,1](BLOOD_UREA_NITROGEN >= 14.345 -> CHLORIDE <= 101.988)
",2.286,-3.113,-6.655,1.000,0.000,55,14,0,9,64,14,55,23,0.859375,1.0,0.0,1.0,0.8846153846153846,0.11538461538461542,1
"G[0,1](PHOSPHORUS <= 3.300 & PLATELET_COUNT <= 205.683)
",0.000,9999999.000,9999999.000,1.000,0.000,55,14,0,9,64,14,55,23,0.859375,1.0,0.0,1.0,0.8846153846153846,0.11538461538461542,1
"G[1,1](AST_GOT >= 21.905 -> CO2 <= 25.658)
",2.140,-2.789,-5.095,1.000,0.000,55,14,0,9,64,14,55,23,0.859375,1.0,0.0,1.0,0.8846153846153846,0.11538461538461542,1
"F[1,1](AST_GOT <= 25.296 -> direct >= 0.008)
",-1.613,-4.468,-0.563,0.000,1.000,55,14,0,9,64,14,55,23,0.859375,1.0,0.0,1.0,0.8846153846153846,0.11538461538461542,-1
"G[0,1](death <= 0.379 & SODIUM <= 136.268)
",0.000,9999999.000,9999999.000,1.000,0.000,55,14,0,9,64,14,55,23,0.859375,1.0,0.0,1.0,0.8846153846153846,0.11538461538461542,1
"F[0,1](ALBUMIN <= 3.291 & PHOSPHORUS >= 3.024)
",0.000,-9999999.000,-9999999.000,0.000,1.000,55,14,0,9,64,14,55,23,0.859375,1.0,0.0,1.0,0.8846153846153846,0.11538461538461542,-1
"F[1,1](srr <= 0.037 -> y = 0.925)
",-0.887,-0.015,0.034,0.000,1.000,58,11,3,6,64,14,61,17,0.90625,0.7857142857142857,0.21428571428571427,0.9508196721311475,0.8846153846153846,0.11538461538461542,-1
"F[1,1](GLUCOSE <= 245.148 | O2_Flow >= 2.142)
",-2.324,19.591,126.148,0.000,1.000,55,14,0,9,64,14,55,23,0.859375,1.0,0.0,1.0,0.8846153846153846,0.11538461538461542,-1
"G[1,1](MAGNESIUM <= 1.950 & s24_hr >= -0.002)
",2.324,-0.006,-0.050,1.000,0.000,55,14,0,9,64,14,55,23,0.859375,1.0,0.0,1.0,0.8846153846153846,0.11538461538461542,1
"G[0,1](s8_hr >= -0.001 & TOTAL_PROTEIN >= 6.593)
",0.000,9999999.000,9999999.000,1.000,0.000,55,14,0,9,64,14,55,23,0.859375,1.0,0.0,1.0,0.8846153846153846,0.11538461538461542,1
"G[0,1](lds <= 2.190 & n_edrk >= 0.485)
",0.000,9999999.000,9999999.000,1.000,0.000,58,10,4,6,64,14,62,16,0.90625,0.7142857142857143,0.2857142857142857,0.9354838709677419,0.8717948717948718,0.1282051282051282,1
"((CALCIUM >= 9.010) U[0,0] (GLUCOSE <= 251.611))
",-0.985,20.862,113.751,0.000,1.000,55,13,1,9,64,14,56,22,0.859375,0.9285714285714286,0.07142857142857142,0.9821428571428571,0.8717948717948718,0.1282051282051282,-1
"((Mort >= 0.069) U[1,1] (tte <= -0.119))
",-0.990,-0.069,1.066,0.000,1.000,64,4,10,0,64,14,74,4,1.0,0.2857142857142857,0.7142857142857143,0.8648648648648649,0.8717948717948718,0.1282051282051282,-1
"((SBP >= 131.351) U[0,0] (TOTAL_PROTEIN <= 6.773))
",0.353,32.555,20.834,0.000,1.000,55,13,1,9,64,14,56,22,0.859375,0.9285714285714286,0.07142857142857142,0.9821428571428571,0.8717948717948718,0.1282051282051282,-1
"((GLUCOSE <= 261.274) U[1,1] (SODIUM >= 133.110))
",-2.324,21.044,142.274,0.000,1.000,55,13,1,9,64,14,56,22,0.859375,0.9285714285714286,0.07142857142857142,0.9821428571428571,0.8717948717948718,0.1282051282051282,-1
"((death <= 0.291) U[0,0] (GLUCOSE <= 234.643))
",-0.983,18.315,99.164,0.000,1.000,55,13,1,9,64,14,56,22,0.859375,0.9285714285714286,0.07142857142857142,0.9821428571428571,0.8717948717948718,0.1282051282051282,-1
"((death >= 0.039) U[1,2] (SBP >= 102.341))
",0.000,-9999999.000,-9999999.000,0.000,1.000,64,3,8,3,67,11,72,6,0.9552238805970149,0.2727272727272727,0.7272727272727273,0.8888888888888888,0.8589743589743589,0.14102564102564108,-1
"G[0,1](hr >= 81.147 & Pulse >= 87.322)
",0.000,9999999.000,9999999.000,1.000,0.000,57,10,4,7,64,14,61,17,0.890625,0.7142857142857143,0.2857142857142857,0.9344262295081968,0.8589743589743589,0.14102564102564108,1
"F[0,0](PLATELET_COUNT >= 201.138 & SBP <= 170.599)
",-0.247,-2.602,1.501,0.000,1.000,56,11,3,8,64,14,59,19,0.875,0.7857142857142857,0.21428571428571427,0.9491525423728814,0.8589743589743589,0.14102564102564108,-1
"G[0,1](edrk <= 31.775 | y <= 0.962)
",0.000,9999999.000,9999999.000,1.000,0.000,64,2,12,0,64,14,76,2,1.0,0.14285714285714285,0.8571428571428571,0.8421052631578947,0.8461538461538461,0.15384615384615385,1
"G[1,1](ALBUMIN <= 3.291 -> LOS >= 2.215)
",0.793,-1.785,-4.828,1.000,0.000,64,2,12,0,64,14,76,2,1.0,0.14285714285714285,0.8571428571428571,0.8421052631578947,0.8461538461538461,0.15384615384615385,1
"G[0,1](ICU_Pt_Days >= 0.183 -> srr <= 0.130)
",0.000,9999999.000,9999999.000,1.000,0.000,64,2,12,0,64,14,76,2,1.0,0.14285714285714285,0.8571428571428571,0.8421052631578947,0.8461538461538461,0.15384615384615385,1
"((srr >= 0.025) U[1,1] (Temp <= 37.342))
",-0.434,0.238,0.571,0.000,1.000,56,9,5,8,64,14,61,17,0.875,0.6428571428571429,0.35714285714285715,0.9180327868852459,0.8333333333333334,0.16666666666666663,-1
"G[1,1](O2_Flow >= 2.056 | PLATELET_COUNT <= 205.433)
",1.173,7.310,0.801,1.000,0.000,56,9,5,8,64,14,61,17,0.875,0.6428571428571429,0.35714285714285715,0.9180327868852459,0.8333333333333334,0.16666666666666663,1
"G[0,1](Mort <= 0.479 -> PLATELET_COUNT <= 208.662)
",0.000,9999999.000,9999999.000,1.000,0.000,56,9,5,8,64,14,61,17,0.875,0.6428571428571429,0.35714285714285715,0.9180327868852459,0.8333333333333334,0.16666666666666663,1
"((AST_GOT <= 25.032) U[1,1] (tte <= -0.106))
",1.084,4.229,0.879,0.000,1.000,64,1,13,0,64,14,77,1,1.0,0.07142857142857142,0.9285714285714286,0.8311688311688312,0.8333333333333334,0.16666666666666663,-1
"G[0,0](death <= 0.898 -> HEMOGLOBIN <= 9.628)
",-0.384,-0.934,-0.773,1.000,0.000,56,9,5,8,64,14,61,17,0.875,0.6428571428571429,0.35714285714285715,0.9180327868852459,0.8333333333333334,0.16666666666666663,1
"G[1,1](POTASSIUM >= 3.439 -> SBP >= 79.268)
",-2.112,-84.450,-28.279,1.000,0.000,64,1,13,0,64,14,77,1,1.0,0.07142857142857142,0.9285714285714286,0.8311688311688312,0.8333333333333334,0.16666666666666663,1
"G[0,1](O2_Flow >= 2.079 -> Temp <= 37.249)
",0.000,9999999.000,9999999.000,1.000,0.000,64,0,14,0,64,14,78,0,1.0,0.0,1.0,0.8205128205128205,0.8205128205128205,0.17948717948717952,1
"((MET >= 0.012) U[1,1] (death = 0.051))
",-0.408,-0.012,0.130,0.000,1.000,64,0,14,0,64,14,78,0,1.0,0.0,1.0,0.8205128205128205,0.8205128205128205,0.17948717948717952,-1
"((MET >= 0.008) U[0,0] (death = 0.051))
",-0.000,-0.008,-0.008,0.000,1.000,64,0,14,0,64,14,78,0,1.0,0.0,1.0,0.8205128205128205,0.8205128205128205,0.17948717948717952,-1
"((AF >= 0.001) U[1,2] (n_evts <= 0.958))
",0.000,-9999999.000,-9999999.000,0.000,1.000,64,0,0,14,78,0,64,14,0.8205128205128205,0.0,0.0,1.0,0.8205128205128205,0.17948717948717952,-1
"((O2_Flow >= 2.178) U[1,1] (WHITE_BLOOD_CELL_COUNT >= 14.124))
",0.552,3.149,0.679,0.000,1.000,64,0,14,0,64,14,78,0,1.0,0.0,1.0,0.8205128205128205,0.8205128205128205,0.17948717948717952,-1
"F[0,1](ICU_Pt_Days >= 0.045 & n_evts <= 0.398)
",0.000,-9999999.000,-9999999.000,0.000,1.000,64,0,14,0,64,14,78,0,1.0,0.0,1.0,0.8205128205128205,0.8205128205128205,0.17948717948717952,-1
"((MET >= 0.018) U[1,1] (death = 0.051))
",-0.408,-0.018,0.125,0.000,1.000,64,0,14,0,64,14,78,0,1.0,0.0,1.0,0.8205128205128205,0.8205128205128205,0.17948717948717952,-1
"F[1,1](s8_edrk >= -0.006 & y = 0.075)
",1.581,-0.075,-0.682,0.000,1.000,64,0,14,0,64,14,78,0,1.0,0.0,1.0,0.8205128205128205,0.8205128205128205,0.17948717948717952,-1
"((n_evts < 0.392) U[0,1] (y = 0.488))
",0.000,-9999999.000,-9999999.000,0.000,1.000,64,0,14,0,64,14,78,0,1.0,0.0,1.0,0.8205128205128205,0.8205128205128205,0.17948717948717952,-1
"F[0,1](n_evts >= 0.111 & PLATELET_COUNT <= 210.664)
",0.000,-9999999.000,-9999999.000,0.000,1.000,64,0,14,0,64,14,78,0,1.0,0.0,1.0,0.8205128205128205,0.8205128205128205,0.17948717948717952,-1
"F[0,1](direct >= 0.062 & MAGNESIUM <= 1.827)
",0.000,-9999999.000,-9999999.000,0.000,1.000,64,0,14,0,64,14,78,0,1.0,0.0,1.0,0.8205128205128205,0.8205128205128205,0.17948717948717952,-1
"F[0,1](GLUCOSE > 161.515 & y = 0.383)
",0.000,-9999999.000,-9999999.000,0.000,1.000,64,0,14,0,64,14,78,0,1.0,0.0,1.0,0.8205128205128205,0.8205128205128205,0.17948717948717952,-1
"((POTASSIUM <= 3.970) U[0,0] (y = 0.236))
",0.888,0.416,0.055,0.000,1.000,64,0,14,0,64,14,78,0,1.0,0.0,1.0,0.8205128205128205,0.8205128205128205,0.17948717948717952,-1
"F[1,1](ALKALINE_PHOSPHATASE >= 105.617 & death >= 0.040)
",2.324,-2.318,-14.617,0.000,1.000,64,0,14,0,64,14,78,0,1.0,0.0,1.0,0.8205128205128205,0.8205128205128205,0.17948717948717952,-1
"F[0,1](ALKALINE_PHOSPHATASE >= 95.328 & ICU_Pt_Days >= 0.235)
",0.000,-9999999.000,-9999999.000,0.000,1.000,64,0,14,0,64,14,78,0,1.0,0.0,1.0,0.8205128205128205,0.8205128205128205,0.17948717948717952,-1
"((PROTIME_INR < 1.200) U[1,1] (y = 0.875))
",0.000,-0.000,-0.000,0.000,1.000,64,0,14,0,64,14,78,0,1.0,0.0,1.0,0.8205128205128205,0.8205128205128205,0.17948717948717952,-1
"((Resp < 25.265) U[0,1] (y = 0.497))
",0.000,-9999999.000,-9999999.000,0.000,1.000,64,0,14,0,64,14,78,0,1.0,0.0,1.0,0.8205128205128205,0.8205128205128205,0.17948717948717952,-1
"((ALT_GPT >= 20.417) U[1,1] (MAGNESIUM <= 1.956))
",-2.315,0.439,1.583,0.000,1.000,64,0,14,0,64,14,78,0,1.0,0.0,1.0,0.8205128205128205,0.8205128205128205,0.17948717948717952,-1
"((OXYGEN_SATURATION <= 94.700) U[0,1] (y = 0.251))
",0.000,-9999999.000,-9999999.000,0.000,1.000,64,0,14,0,64,14,78,0,1.0,0.0,1.0,0.8205128205128205,0.8205128205128205,0.17948717948717952,-1
"((s2_hr >= -0.003) U[0,0] (y = 0.585))
",-0.480,0.003,0.003,0.000,1.000,64,0,14,0,64,14,78,0,1.0,0.0,1.0,0.8205128205128205,0.8205128205128205,0.17948717948717952,-1
"F[1,1](Pulse > 77.019 & y = 0.018)
",0.769,-0.018,-1.706,0.000,1.000,64,0,14,0,64,14,78,0,1.0,0.0,1.0,0.8205128205128205,0.8205128205128205,0.17948717948717952,-1
"((CHLORIDE < 101.486) U[1,1] (y = 0.826))
",1.085,0.579,-0.271,0.000,1.000,64,0,14,0,64,14,78,0,1.0,0.0,1.0,0.8205128205128205,0.8205128205128205,0.17948717948717952,-1
"((MET > 0.004) U[0,1] (y = 0.282))
",0.000,-9999999.000,-9999999.000,0.000,1.000,64,0,14,0,64,14,78,0,1.0,0.0,1.0,0.8205128205128205,0.8205128205128205,0.17948717948717952,-1
"((CREATININE <= 1.245) U[0,0] (y = 0.524))
",-1.209,0.026,0.145,0.000,1.000,64,0,14,0,64,14,78,0,1.0,0.0,1.0,0.8205128205128205,0.8205128205128205,0.17948717948717952,-1
"((Sgy >= 0.000) U[0,1] (y = 0.938))
",0.000,-9999999.000,-9999999.000,0.000,1.000,64,0,14,0,64,14,78,0,1.0,0.0,1.0,0.8205128205128205,0.8205128205128205,0.17948717948717952,-1
"F[0,1](TOTAL_BILIRUBIN > 0.700 & y = 0.514)
",0.000,-9999999.000,-9999999.000,0.000,1.000,64,0,14,0,64,14,78,0,1.0,0.0,1.0,0.8205128205128205,0.8205128205128205,0.17948717948717952,-1
"((tte > -0.386) U[1,1] (y = 0.042))
",1.630,0.386,-0.103,0.000,1.000,64,0,14,0,64,14,78,0,1.0,0.0,1.0,0.8205128205128205,0.8205128205128205,0.17948717948717952,-1
"G[0,1](ALBUMIN >= 3.269 | PLATELET_COUNT >= 195.021)
",0.000,9999999.000,9999999.000,1.000,0.000,64,0,14,0,64,14,78,0,1.0,0.0,1.0,0.8205128205128205,0.8205128205128205,0.17948717948717952,1
"G[0,1](n_evts <= 0.422 -> LOS >= 2.088)
",0.000,9999999.000,9999999.000,1.000,0.000,64,0,14,0,64,14,78,0,1.0,0.0,1.0,0.8205128205128205,0.8205128205128205,0.17948717948717952,1
"G[1,1](POTASSIUM >= 3.579 | SODIUM <= 133.935)
",1.959,1.948,0.421,1.000,0.000,64,0,14,0,64,14,78,0,1.0,0.0,1.0,0.8205128205128205,0.8205128205128205,0.17948717948717952,1
"G[0,1](n_evts <= 0.399 -> LOS >= 2.231)
",0.000,9999999.000,9999999.000,1.000,0.000,64,0,14,0,64,14,78,0,1.0,0.0,1.0,0.8205128205128205,0.8205128205128205,0.17948717948717952,1
"G[0,0](hr >= 86.685 | MET <= 0.130)
",-0.329,5.044,9.554,1.000,0.000,64,0,14,0,64,14,78,0,1.0,0.0,1.0,0.8205128205128205,0.8205128205128205,0.17948717948717952,1
"G[1,1](n_evts <= 0.249 -> LOS >= 2.999)
",0.789,-1.001,-4.036,1.000,0.000,64,0,14,0,64,14,78,0,1.0,0.0,1.0,0.8205128205128205,0.8205128205128205,0.17948717948717952,1
"G[1,1](death <= 0.220 | PLATELET_COUNT >= 193.538)
",-2.393,5.613,18.462,1.000,0.000,64,0,14,0,64,14,78,0,1.0,0.0,1.0,0.8205128205128205,0.8205128205128205,0.17948717948717952,1
"G[1,1](BLOOD_UREA_NITROGEN <= 18.861 -> MAGNESIUM <= 1.963)
",-1.089,-3.065,0.037,1.000,0.000,64,0,14,0,64,14,78,0,1.0,0.0,1.0,0.8205128205128205,0.8205128205128205,0.17948717948717952,1
"G[0,0](ALT_GPT >= 20.078 | n_edrk >= 0.135)
",-0.990,1.016,1.771,1.000,0.000,64,0,14,0,64,14,78,0,1.0,0.0,1.0,0.8205128205128205,0.8205128205128205,0.17948717948717952,1
"G[0,1](MET >= 0.019 -> n_evts >= 0.143)
",0.000,9999999.000,9999999.000,1.000,0.000,64,0,14,0,64,14,78,0,1.0,0.0,1.0,0.8205128205128205,0.8205128205128205,0.17948717948717952,1
"G[1,1](MAGNESIUM >= 1.764 | SBP >= 127.594)
",3.551,36.125,0.236,1.000,0.000,64,0,14,0,64,14,78,0,1.0,0.0,1.0,0.8205128205128205,0.8205128205128205,0.17948717948717952,1
"G[0,1](ALBUMIN <= 3.283 | HEMOGLOBIN <= 9.796)
",0.000,9999999.000,9999999.000,1.000,0.000,64,0,14,0,64,14,78,0,1.0,0.0,1.0,0.8205128205128205,0.8205128205128205,0.17948717948717952,1
"G[0,1](GLUCOSE <= 234.172 | HEMOGLOBIN <= 9.873)
",0.000,9999999.000,9999999.000,1.000,0.000,64,0,14,0,64,14,78,0,1.0,0.0,1.0,0.8205128205128205,0.8205128205128205,0.17948717948717952,1
"G[0,0](ALBUMIN >= 3.219 -> WHITE_BLOOD_CELL_COUNT >= 9.499)
",-1.263,-7.082,-0.551,1.000,0.000,64,0,14,0,64,14,78,0,1.0,0.0,1.0,0.8205128205128205,0.8205128205128205,0.17948717948717952,1
"G[0,0](ALT_GPT >= 20.428 | CHLORIDE <= 101.256)
",-1.217,0.711,1.527,1.000,0.000,64,0,14,0,64,14,78,0,1.0,0.0,1.0,0.8205128205128205,0.8205128205128205,0.17948717948717952,1
"G[0,1](HEMOGLOBIN <= 9.432 | PHOSPHORUS >= 2.940)
",0.000,9999999.000,9999999.000,1.000,0.000,64,0,14,0,64,14,78,0,1.0,0.0,1.0,0.8205128205128205,0.8205128205128205,0.17948717948717952,1
"G[0,0](n_evts <= 0.924 -> y <= 0.822)
",-1.299,-0.924,-0.323,1.000,0.000,64,0,14,0,64,14,78,0,1.0,0.0,1.0,0.8205128205128205,0.8205128205128205,0.17948717948717952,1
"G[1,1](CO2 >= 23.191 | HEMOGLOBIN <= 9.395)
",-2.224,0.776,2.809,1.000,0.000,64,0,14,0,64,14,78,0,1.0,0.0,1.0,0.8205128205128205,0.8205128205128205,0.17948717948717952,1
"G[0,1](n_evts >= 0.019 -> SODIUM >= 132.195)
",0.000,9999999.000,9999999.000,1.000,0.000,64,0,14,0,64,14,78,0,1.0,0.0,1.0,0.8205128205128205,0.8205128205128205,0.17948717948717952,1
"G[0,1](ICU_Pt_Days >= 0.531 | y <= 0.147)
",0.000,9999999.000,9999999.000,1.000,0.000,64,0,14,0,64,14,78,0,1.0,0.0,1.0,0.8205128205128205,0.8205128205128205,0.17948717948717952,1
"G[0,1](n_evts <= 0.585 -> SBP >= 100.788)
",0.000,9999999.000,9999999.000,1.000,0.000,64,0,14,0,64,14,78,0,1.0,0.0,1.0,0.8205128205128205,0.8205128205128205,0.17948717948717952,1
"F[0,0](PLATELET_COUNT <= 206.945 & SODIUM >= 132.518)
",1.117,-1.179,-4.550,0.000,1.000,63,0,14,1,64,14,77,1,0.984375,0.0,1.0,0.8181818181818182,0.8076923076923077,0.1923076923076923,-1
"G[1,1](CO2 >= 23.617 | n_edrk >= 0.112)
",-2.320,1.114,2.383,1.000,0.000,63,0,14,1,64,14,77,1,0.984375,0.0,1.0,0.8181818181818182,0.8076923076923077,0.1923076923076923,1
"((AST_GOT >= 20.233) U[1,1] (HEMOGLOBIN <= 9.431))
",-2.309,1.421,6.767,0.000,1.000,63,0,14,1,64,14,77,1,0.984375,0.0,1.0,0.8181818181818182,0.8076923076923077,0.1923076923076923,-1
"((ALT_GPT >= 20.560) U[1,2] (LOS <= 5.504))
",0.000,-9999999.000,-9999999.000,0.000,1.000,55,8,1,14,69,9,56,22,0.7971014492753623,0.8888888888888888,0.1111111111111111,0.9821428571428571,0.8076923076923077,0.1923076923076923,-1
"G[0,1](srr <= 0.181 | WHITE_BLOOD_CELL_COUNT <= 19.487)
",0.000,9999999.000,9999999.000,1.000,0.000,63,0,14,1,64,14,77,1,0.984375,0.0,1.0,0.8181818181818182,0.8076923076923077,0.1923076923076923,1
"((direct >= 0.003) U[1,2] (edrk <= 28.855))
",0.000,-9999999.000,-9999999.000,0.000,1.000,55,7,5,11,66,12,60,18,0.8333333333333334,0.5833333333333334,0.4166666666666667,0.9166666666666666,0.7948717948717948,0.20512820512820518,-1
"((ALBUMIN <= 3.293) U[1,1] (Mort <= 0.322))
",0.866,0.322,0.224,0.000,1.000,55,7,7,9,64,14,62,16,0.859375,0.5,0.5,0.8870967741935484,0.7948717948717948,0.20512820512820518,-1
"((ALBUMIN <= 3.286) U[1,2] (direct <= 0.549))
",0.000,-9999999.000,-9999999.000,0.000,1.000,55,6,1,16,71,7,56,22,0.7746478873239436,0.8571428571428571,0.14285714285714285,0.9821428571428571,0.782051282051282,0.21794871794871795,-1
"G[0,0](s2_edrk <= 0.001 & s8_edrk >= -0.008)
",0.097,0.001,0.001,1.000,0.000,58,3,11,6,64,14,69,9,0.90625,0.21428571428571427,0.7857142857142857,0.8405797101449275,0.782051282051282,0.21794871794871795,1
"G[0,0](ALT_GPT >= 20.270 -> edrk <= 25.995)
",1.523,-1.690,-10.939,1.000,0.000,59,2,12,5,64,14,71,7,0.921875,0.14285714285714285,0.8571428571428571,0.8309859154929577,0.782051282051282,0.21794871794871795,1
"G[0,0](CO2 <= 24.137 | direct >= 0.064)
",0.164,0.699,0.536,1.000,0.000,55,6,8,9,64,14,63,15,0.859375,0.42857142857142855,0.5714285714285714,0.873015873015873,0.782051282051282,0.21794871794871795,1
"F[0,0]((af <= 0.458 | AF <= 0.398) & cosen >= -2.265)
",-0.664,-0.066,0.113,0.000,1.000,50,9,5,14,64,14,55,23,0.78125,0.6428571428571429,0.35714285714285715,0.9090909090909091,0.7564102564102564,0.2435897435897436,-1
"G[0,1](tte <= -0.011 | WHITE_BLOOD_CELL_COUNT >= 10.035)
",0.000,9999999.000,9999999.000,1.000,0.000,56,3,11,8,64,14,67,11,0.875,0.21428571428571427,0.7857142857142857,0.835820895522388,0.7564102564102564,0.2435897435897436,1
"G[0,1](Resp <= 30.948 & s8_edrk <= 0.002)
",0.000,9999999.000,9999999.000,1.000,0.000,54,4,10,10,64,14,64,14,0.84375,0.2857142857142857,0.7142857142857143,0.84375,0.7435897435897436,0.2564102564102564,1
"G[1,1](ALBUMIN >= 3.219 | ICU_Pt_Days >= 0.153)
",-1.501,0.065,3.152,1.000,0.000,55,2,12,9,64,14,67,11,0.859375,0.14285714285714285,0.8571428571428571,0.8208955223880597,0.7307692307692307,0.2692307692307693,1
"F[1,1](af >= 0.005 | cosen >= -2.253)
",-0.584,0.028,0.380,0.000,1.000,44,12,2,20,64,14,46,32,0.6875,0.8571428571428571,0.14285714285714285,0.9565217391304348,0.717948717948718,0.28205128205128205,-1
"((Mort >= 0.022) U[1,2] (SODIUM >= 131.849))
",0.000,-9999999.000,-9999999.000,0.000,1.000,50,6,8,14,64,14,58,20,0.78125,0.42857142857142855,0.5714285714285714,0.8620689655172413,0.717948717948718,0.28205128205128205,-1
"G[1,1](lds <= 1.904 | PLATELET_COUNT >= 197.568)
",-2.621,2.665,14.432,1.000,0.000,56,0,14,8,64,14,70,8,0.875,0.0,1.0,0.8,0.717948717948718,0.28205128205128205,1
"G[0,1](s24_edrk >= -0.002 -> Temp <= 37.353)
",0.000,9999999.000,9999999.000,1.000,0.000,52,4,10,12,64,14,62,16,0.8125,0.2857142857142857,0.7142857142857143,0.8387096774193549,0.717948717948718,0.28205128205128205,1
"G[1,1](ALBUMIN >= 3.244 & SODIUM >= 131.013)
",1.652,0.023,-0.044,1.000,0.000,41,14,0,23,64,14,41,37,0.640625,1.0,0.0,1.0,0.7051282051282052,0.2948717948717948,1
"G[0,0](BLOOD_UREA_NITROGEN >= 14.847 & GLUCOSE >= 133.271)
",1.140,-1.913,-12.782,1.000,0.000,41,14,0,23,64,14,41,37,0.640625,1.0,0.0,1.0,0.7051282051282052,0.2948717948717948,1
"((ALBUMIN >= 3.256) U[0,0] (CO2 >= 23.047))
",-1.121,0.726,2.667,0.000,1.000,41,14,0,23,64,14,41,37,0.640625,1.0,0.0,1.0,0.7051282051282052,0.2948717948717948,-1
"((ALBUMIN <= 3.288) U[1,2] (n_evts <= 0.686))
",0.000,-9999999.000,-9999999.000,0.000,1.000,55,0,0,23,78,0,55,23,0.7051282051282052,0.0,0.0,1.0,0.7051282051282052,0.2948717948717948,-1
"((AST_GOT <= 25.243) U[0,1] (MAGNESIUM >= 1.710))
",0.000,-9999999.000,-9999999.000,0.000,1.000,41,14,0,23,64,14,41,37,0.640625,1.0,0.0,1.0,0.7051282051282052,0.2948717948717948,-1
"F[0,0](CHLORIDE >= 100.645 -> TOTAL_PROTEIN <= 6.832)
",0.791,-0.406,-1.152,0.000,1.000,41,14,0,23,64,14,41,37,0.640625,1.0,0.0,1.0,0.7051282051282052,0.2948717948717948,-1
"((MAGNESIUM >= 1.802) U[0,0] (WHITE_BLOOD_CELL_COUNT <= 17.915))
",-1.251,2.388,8.790,0.000,1.000,41,14,0,23,64,14,41,37,0.640625,1.0,0.0,1.0,0.7051282051282052,0.2948717948717948,-1
"((LOS <= 10.831) U[0,0] (MAGNESIUM >= 1.800))
",1.256,6.831,3.079,0.000,1.000,41,14,0,23,64,14,41,37,0.640625,1.0,0.0,1.0,0.7051282051282052,0.2948717948717948,-1
"((ALT_GPT >= 20.177) U[1,2] (GLUCOSE >= 172.498))
",0.000,-9999999.000,-9999999.000,0.000,1.000,55,0,0,23,78,0,55,23,0.7051282051282052,0.0,0.0,1.0,0.7051282051282052,0.2948717948717948,-1
"F[0,1](SBP >= 93.843 & WHITE_BLOOD_CELL_COUNT <= 18.298)
",0.000,-9999999.000,-9999999.000,0.000,1.000,41,13,1,23,64,14,42,36,0.640625,0.9285714285714286,0.07142857142857142,0.9761904761904762,0.6923076923076923,0.3076923076923077,-1
"F[0,0](n_edrk >= 0.437 & WHITE_BLOOD_CELL_COUNT <= 15.991)
",-0.947,-1.908,0.292,0.000,1.000,43,10,4,21,64,14,47,31,0.671875,0.7142857142857143,0.2857142857142857,0.9148936170212766,0.6794871794871795,0.3205128205128205,-1
"((O2_Flow <= 2.618) U[0,1] (SBP <= 163.002))
",0.000,-9999999.000,-9999999.000,0.000,1.000,38,14,0,26,64,14,38,40,0.59375,1.0,0.0,1.0,0.6666666666666666,0.33333333333333337,-1
"((edrk >= 22.452) U[1,1] (GLUCOSE <= 277.970))
",-2.316,30.042,158.970,0.000,1.000,48,3,11,16,64,14,59,19,0.75,0.21428571428571427,0.7857142857142857,0.8135593220338984,0.6538461538461539,0.34615384615384615,-1
"((CO2 <= 25.167) U[1,1] (GLUCOSE <= 273.723))
",-2.321,27.643,154.723,0.000,1.000,50,1,13,14,64,14,63,15,0.78125,0.07142857142857142,0.9285714285714286,0.7936507936507936,0.6538461538461539,0.34615384615384615,-1
"F[1,1](CREATININE <= 1.261 | n_edrk <= 0.906)
",-1.273,0.042,0.564,0.000,1.000,37,14,0,27,64,14,37,41,0.578125,1.0,0.0,1.0,0.6538461538461539,0.34615384615384615,-1
"G[1,1](hr >= 80.898 & Pulse >= 92.222)
",0.369,1.097,-6.079,1.000,0.000,38,12,2,26,64,14,40,38,0.59375,0.8571428571428571,0.14285714285714285,0.95,0.6410256410256411,0.3589743589743589,1
"((PLATELET_COUNT <= 207.317) U[1,1] (WHITE_BLOOD_CELL_COUNT <= 15.297))
",1.030,9.827,6.897,0.000,1.000,49,1,13,15,64,14,62,16,0.765625,0.07142857142857142,0.9285714285714286,0.7903225806451613,0.6410256410256411,0.3589743589743589,-1
"G[1,1](hr >= 88.990 & Pulse >= 77.885)
",-0.068,2.367,3.568,1.000,0.000,42,7,7,22,64,14,49,29,0.65625,0.5,0.5,0.8571428571428571,0.6282051282051282,0.3717948717948718,1
"G[0,0](Resp >= 12.463 & s2_hr <= 0.000)
",0.480,0.001,-0.000,1.000,0.000,40,7,7,24,64,14,47,31,0.625,0.5,0.5,0.851063829787234,0.6025641025641025,0.39743589743589747,1
"((SBP >= 123.514) U[1,1] (Temp <= 37.085))
",3.733,40.205,0.300,0.000,1.000,44,3,11,20,64,14,55,23,0.6875,0.21428571428571427,0.7857142857142857,0.8,0.6025641025641025,0.39743589743589747,-1
"G[0,1](hr >= 90.508 & Pulse >= 73.546)
",0.000,9999999.000,9999999.000,1.000,0.000,35,9,5,29,64,14,40,38,0.546875,0.6428571428571429,0.35714285714285715,0.875,0.5641025641025641,0.4358974358974359,1
"F[0,1]((af <= 0.150 | AF <= 0.401) & cosen >= -2.293)
",0.000,-9999999.000,-9999999.000,0.000,1.000,30,14,0,34,64,14,30,48,0.46875,1.0,0.0,1.0,0.5641025641025641,0.4358974358974359,-1
"G[1,1](MET <= 0.158 & Pulse <= 93.385)
",0.004,-2.764,-2.809,1.000,0.000,42,2,12,22,64,14,54,24,0.65625,0.14285714285714285,0.8571428571428571,0.7777777777777778,0.5641025641025641,0.4358974358974359,1
"((AST_GOT <= 23.047) U[0,1] (lds <= 1.930))
",0.000,-9999999.000,-9999999.000,0.000,1.000,29,13,1,35,64,14,30,48,0.453125,0.9285714285714286,0.07142857142857142,0.9666666666666667,0.5384615384615384,0.46153846153846156,-1
"((AST_GOT >= 21.608) U[1,2] (CREATININE >= 1.118))
",0.000,-9999999.000,-9999999.000,0.000,1.000,41,0,0,37,78,0,41,37,0.5256410256410257,0.0,0.0,1.0,0.5256410256410257,0.47435897435897434,-1
"((CREATININE <= 1.279) U[1,2] (TOTAL_PROTEIN >= 6.647))
",0.000,-9999999.000,-9999999.000,0.000,1.000,41,0,0,37,78,0,41,37,0.5256410256410257,0.0,0.0,1.0,0.5256410256410257,0.47435897435897434,-1
"((HEMOGLOBIN >= 8.720) U[0,1] (lds <= 1.936))
",0.000,-9999999.000,-9999999.000,0.000,1.000,28,13,1,36,64,14,29,49,0.4375,0.9285714285714286,0.07142857142857142,0.9655172413793104,0.5256410256410257,0.47435897435897434,-1
"G[0,0](edrk <= 24.681 & ICU_Pt_Days <= 4.504)
",-0.259,-0.752,0.439,1.000,0.000,27,9,5,37,64,14,32,46,0.421875,0.6428571428571429,0.35714285714285715,0.84375,0.46153846153846156,0.5384615384615384,1
"((cosen >= -2.331) U[1,2] (n_evts <= 0.285))
",0.000,-9999999.000,-9999999.000,0.000,1.000,35,0,0,43,78,0,35,43,0.44871794871794873,0.0,0.0,1.0,0.44871794871794873,0.5512820512820513,-1
"F[0,0]((af <= 0.470 | AF <= 0.060) & cosen >= -2.368)
",-0.664,0.037,0.216,0.000,1.000,21,13,1,43,64,14,22,56,0.328125,0.9285714285714286,0.07142857142857142,0.9545454545454546,0.4358974358974359,0.5641025641025641,-1
"F[1,1]((af <= 0.364 | AF <= 0.400) & cosen >= -2.350)
",-0.354,0.051,0.145,0.000,1.000,21,12,2,43,64,14,23,55,0.328125,0.8571428571428571,0.14285714285714285,0.9130434782608695,0.4230769230769231,0.5769230769230769,-1
"((n_evts <= 0.651) U[1,1] (srr >= 0.017))
",16.768,0.651,0.055,0.000,1.000,30,1,13,34,64,14,43,35,0.46875,0.07142857142857142,0.9285714285714286,0.6976744186046512,0.3974358974358974,0.6025641025641026,-1
"G[1,1](ALKALINE_PHOSPHATASE <= 141.495 | srr >= 0.020)
",-2.324,7.893,50.495,1.000,0.000,31,0,14,33,64,14,45,33,0.484375,0.0,1.0,0.6888888888888889,0.3974358974358974,0.6025641025641026,1
"((direct >= 0.078) U[1,2] (WHITE_BLOOD_CELL_COUNT <= 17.973))
",0.000,-9999999.000,-9999999.000,0.000,1.000,23,7,7,41,64,14,30,48,0.359375,0.5,0.5,0.7666666666666667,0.38461538461538464,0.6153846153846154,-1
"G[0,0](CHLORIDE <= 101.666 & SBP <= 163.394)
",0.206,-4.276,-7.022,1.000,0.000,16,14,0,48,64,14,16,62,0.25,1.0,0.0,1.0,0.38461538461538464,0.6153846153846154,1
"((ICU_Pt_Days <= 0.606) U[0,1] (SpO2 <= 97.310))
",0.000,-9999999.000,-9999999.000,0.000,1.000,19,10,4,45,64,14,23,55,0.296875,0.7142857142857143,0.2857142857142857,0.8260869565217391,0.3717948717948718,0.6282051282051282,-1
"((edrk >= 18.300) U[0,1] (PLATELET_COUNT >= 196.757))
",0.000,-9999999.000,-9999999.000,0.000,1.000,15,14,0,49,64,14,15,63,0.234375,1.0,0.0,1.0,0.3717948717948718,0.6282051282051282,-1
"F[0,1](CALCIUM >= 9.003 -> CREATININE >= 1.197)
",0.000,-9999999.000,-9999999.000,0.000,1.000,14,14,0,50,64,14,14,64,0.21875,1.0,0.0,1.0,0.358974358974359,0.641025641025641,-1
"((O2_Flow >= 2.128) U[0,1] (POTASSIUM >= 3.405))
",0.000,-9999999.000,-9999999.000,0.000,1.000,14,14,0,50,64,14,14,64,0.21875,1.0,0.0,1.0,0.358974358974359,0.641025641025641,-1
"((n_evts <= 0.742) U[0,0] (Resp >= 20.310))
",0.432,3.114,0.863,0.000,1.000,24,4,10,40,64,14,34,44,0.375,0.2857142857142857,0.7142857142857143,0.7058823529411765,0.358974358974359,0.641025641025641,-1
"((ALT_GPT >= 20.156) U[1,2] (WHITE_BLOOD_CELL_COUNT <= 15.523))
",0.000,-9999999.000,-9999999.000,0.000,1.000,15,13,1,49,64,14,16,62,0.234375,0.9285714285714286,0.07142857142857142,0.9375,0.358974358974359,0.641025641025641,-1
"((BLOOD_UREA_NITROGEN >= 16.357) U[0,0] (HEMOGLOBIN >= 8.860))
",-0.876,1.042,3.942,0.000,1.000,15,13,1,49,64,14,16,62,0.234375,0.9285714285714286,0.07142857142857142,0.9375,0.358974358974359,0.641025641025641,-1
"F[1,1](CALCIUM <= 9.387 | TOTAL_PROTEIN <= 6.861)
",-1.207,0.308,0.561,0.000,1.000,14,14,0,50,64,14,14,64,0.21875,1.0,0.0,1.0,0.358974358974359,0.641025641025641,-1
"F[1,1](PHOSPHORUS <= 3.297 -> POTASSIUM >= 3.457)
",0.873,-0.285,-0.543,0.000,1.000,14,14,0,50,64,14,14,64,0.21875,1.0,0.0,1.0,0.358974358974359,0.641025641025641,-1
"G[0,1](CHLORIDE <= 101.444 & CO2 >= 23.733)
",0.000,9999999.000,9999999.000,1.000,0.000,14,14,0,50,64,14,14,64,0.21875,1.0,0.0,1.0,0.358974358974359,0.641025641025641,1
"F[0,0](CO2 >= 23.145 -> PLATELET_COUNT >= 196.490)
",1.009,-3.649,-13.416,0.000,1.000,14,13,1,50,64,14,15,63,0.21875,0.9285714285714286,0.07142857142857142,0.9333333333333333,0.34615384615384615,0.6538461538461539,-1
"G[1,1](Glasgow_Coma_Scale_Total >= 14.524 & Temp <= 37.079)
",-0.094,-0.058,0.002,1.000,0.000,20,7,7,44,64,14,27,51,0.3125,0.5,0.5,0.7407407407407407,0.34615384615384615,0.6538461538461539,1
"((edrk >= 13.905) U[0,0] (SODIUM >= 131.780))
",1.226,11.462,5.865,0.000,1.000,14,13,1,50,64,14,15,63,0.21875,0.9285714285714286,0.07142857142857142,0.9333333333333333,0.34615384615384615,0.6538461538461539,-1
"F[0,0](CHLORIDE >= 100.641 | ICU_Pt_Days >= 0.280)
",-1.295,0.356,3.526,0.000,1.000,14,13,1,50,64,14,15,63,0.21875,0.9285714285714286,0.07142857142857142,0.9333333333333333,0.34615384615384615,0.6538461538461539,-1
"((CALCIUM <= 9.433) U[0,0] (CHLORIDE >= 100.118))
",-0.607,0.788,1.596,0.000,1.000,14,13,1,50,64,14,15,63,0.21875,0.9285714285714286,0.07142857142857142,0.9333333333333333,0.34615384615384615,0.6538461538461539,-1
"F[0,1]((af <= 0.081 | AF <= 0.250) & cosen >= -2.360)
",0.000,-9999999.000,-9999999.000,0.000,1.000,11,14,0,53,64,14,11,67,0.171875,1.0,0.0,1.0,0.32051282051282054,0.6794871794871795,-1
"F[0,0](POTASSIUM >= 3.484 & s8_hr <= 0.001)
",-0.126,-0.020,-0.011,0.000,1.000,14,11,3,50,64,14,17,61,0.21875,0.7857142857142857,0.21428571428571427,0.8235294117647058,0.32051282051282054,0.6794871794871795,-1
"F[1,1](s24_hr <= 0.000 & TOTAL_PROTEIN >= 6.375)
",2.324,-0.011,-0.075,0.000,1.000,25,0,14,39,64,14,39,39,0.390625,0.0,1.0,0.6410256410256411,0.32051282051282054,0.6794871794871795,-1
"G[0,0](GLUCOSE <= 279.154 | n_evts >= 0.072)
",-1.025,28.520,139.297,1.000,0.000,23,0,14,41,64,14,37,41,0.359375,0.0,1.0,0.6216216216216216,0.2948717948717949,0.7051282051282051,1
"F[0,0](BLOOD_UREA_NITROGEN <= 18.257 & CREATININE >= 1.116)
",1.016,-0.323,-2.353,0.000,1.000,23,0,14,41,64,14,37,41,0.359375,0.0,1.0,0.6216216216216216,0.2948717948717949,0.7051282051282051,-1
"F[0,1](BLOOD_UREA_NITROGEN <= 20.601 & CREATININE >= 1.169)
",0.000,-9999999.000,-9999999.000,0.000,1.000,23,0,14,41,64,14,37,41,0.359375,0.0,1.0,0.6216216216216216,0.2948717948717949,0.7051282051282051,-1
"((CO2 <= 24.660) U[0,1] (CREATININE >= 1.164))
",0.000,-9999999.000,-9999999.000,0.000,1.000,23,0,14,41,64,14,37,41,0.359375,0.0,1.0,0.6216216216216216,0.2948717948717949,0.7051282051282051,-1
"((HEMOGLOBIN <= 9.883) U[1,1] (POTASSIUM >= 3.425))
",0.938,0.838,0.575,0.000,1.000,22,1,13,42,64,14,35,43,0.34375,0.07142857142857142,0.9285714285714286,0.6285714285714286,0.2948717948717949,0.7051282051282051,-1
"F[0,1](BLOOD_UREA_NITROGEN <= 20.602 & CREATININE >= 1.157)
",0.000,-9999999.000,-9999999.000,0.000,1.000,23,0,14,41,64,14,37,41,0.359375,0.0,1.0,0.6216216216216216,0.2948717948717949,0.7051282051282051,-1
"F[1,1](BLOOD_UREA_NITROGEN <= 17.604 & CREATININE >= 1.168)
",2.319,-0.469,-3.396,0.000,1.000,23,0,14,41,64,14,37,41,0.359375,0.0,1.0,0.6216216216216216,0.2948717948717949,0.7051282051282051,-1
"G[0,1](CHLORIDE >= 100.255 -> Mort >= 0.071)
",0.000,9999999.000,9999999.000,1.000,0.000,14,9,5,50,64,14,19,59,0.21875,0.6428571428571429,0.35714285714285715,0.7368421052631579,0.2948717948717949,0.7051282051282051,1
"F[0,0](PHOSPHORUS >= 2.813 & SODIUM <= 134.269)
",1.083,-0.191,-2.372,0.000,1.000,23,0,14,41,64,14,37,41,0.359375,0.0,1.0,0.6216216216216216,0.2948717948717949,0.7051282051282051,-1
"G[1,1](GLUCOSE >= 129.400 & n_edrk <= 0.991)
",2.324,-1.626,-10.400,1.000,0.000,7,14,0,57,64,14,7,71,0.109375,1.0,0.0,1.0,0.2692307692307692,0.7307692307692308,1
"F[1,1](n_edrk <= 0.959 | TOTAL_PROTEIN >= 6.616)
",-0.679,0.240,0.569,0.000,1.000,8,13,1,56,64,14,9,69,0.125,0.9285714285714286,0.07142857142857142,0.8888888888888888,0.2692307692307692,0.7307692307692308,-1
"((Glasgow_Coma_Scale_Total >= 14.734) U[1,1] (Resp <= 29.317))
",-0.651,6.902,11.031,0.000,1.000,10,10,4,54,64,14,14,64,0.15625,0.7142857142857143,0.2857142857142857,0.7142857142857143,0.2564102564102564,0.7435897435897436,-1
"((hr <= 92.798) U[0,0] (Pulse >= 91.728))
",-0.058,6.176,6.891,0.000,1.000,15,5,9,49,64,14,24,54,0.234375,0.35714285714285715,0.6428571428571429,0.625,0.2564102564102564,0.7435897435897436,-1
"F[0,1](direct <= 0.806 -> GLUCOSE >= 145.087)
",0.000,-9999999.000,-9999999.000,0.000,1.000,9,10,4,55,64,14,13,65,0.140625,0.7142857142857143,0.2857142857142857,0.6923076923076923,0.24358974358974358,0.7564102564102564,-1
"((ICU_Pt_Days >= 0.304) U[1,2] (PLATELET_COUNT >= 200.772))
",0.000,-9999999.000,-9999999.000,0.000,1.000,8,11,3,56,64,14,11,67,0.125,0.7857142857142857,0.21428571428571427,0.7272727272727273,0.24358974358974358,0.7564102564102564,-1
"((AST_GOT <= 23.740) U[0,1] (SBP <= 177.257))
",0.000,-9999999.000,-9999999.000,0.000,1.000,4,14,0,60,64,14,4,74,0.0625,1.0,0.0,1.0,0.23076923076923078,0.7692307692307692,-1
"F[1,1](Resp <= 25.773 | s2_edrk <= 0.001)
",-0.675,3.871,7.488,0.000,1.000,4,14,0,60,64,14,4,74,0.0625,1.0,0.0,1.0,0.23076923076923078,0.7692307692307692,-1
"G[1,1](ICU_Pt_Days <= 3.487 & SODIUM >= 133.192)
",-0.234,-0.711,0.201,1.000,0.000,9,8,6,55,64,14,15,63,0.140625,0.5714285714285714,0.42857142857142855,0.6,0.21794871794871795,0.782051282051282,1
"((cosen >= -2.417) U[1,2] (MET <= 0.953))
",0.000,-9999999.000,-9999999.000,0.000,1.000,5,12,0,61,66,12,5,73,0.07575757575757576,1.0,0.0,1.0,0.21794871794871795,0.782051282051282,-1
"((Glasgow_Coma_Scale_Total <= 14.991) U[0,1] (Pulse >= 85.034))
",0.000,-9999999.000,-9999999.000,0.000,1.000,7,9,5,57,64,14,12,66,0.109375,0.6428571428571429,0.35714285714285715,0.5833333333333334,0.20512820512820512,0.7948717948717949,-1
"((BLOOD_UREA_NITROGEN <= 17.105) U[0,1] (SBP <= 180.957))
",0.000,-9999999.000,-9999999.000,0.000,1.000,2,14,0,62,64,14,2,76,0.03125,1.0,0.0,1.0,0.20512820512820512,0.7948717948717949,-1
"((GLUCOSE >= 171.513) U[0,0] (SBP <= 186.809))
",0.676,95.694,53.049,0.000,1.000,2,14,0,62,64,14,2,76,0.03125,1.0,0.0,1.0,0.20512820512820512,0.7948717948717949,-1
"F[0,1](death >= 0.015 | TOTAL_PROTEIN >= 6.662)
",0.000,-9999999.000,-9999999.000,0.000,1.000,9,6,8,55,64,14,17,61,0.140625,0.42857142857142855,0.5714285714285714,0.5294117647058824,0.19230769230769232,0.8076923076923077,-1
"F[0,0](CALCIUM <= 9.286 -> HEMOGLOBIN >= 8.992)
",0.755,-0.254,-0.990,0.000,1.000,1,14,0,63,64,14,1,77,0.015625,1.0,0.0,1.0,0.19230769230769232,0.8076923076923077,-1
"((ALBUMIN >= 3.237) U[0,1] (lds <= 2.120))
",0.000,-9999999.000,-9999999.000,0.000,1.000,1,14,0,63,64,14,1,77,0.015625,1.0,0.0,1.0,0.19230769230769232,0.8076923076923077,-1
"F[0,1](death >= 0.015 | POTASSIUM <= 3.647)
",0.000,-9999999.000,-9999999.000,0.000,1.000,9,6,8,55,64,14,17,61,0.140625,0.42857142857142855,0.5714285714285714,0.5294117647058824,0.19230769230769232,0.8076923076923077,-1
"F[0,1](n_edrk <= 0.959 | SBP <= 185.746)
",0.000,-9999999.000,-9999999.000,0.000,1.000,1,14,0,63,64,14,1,77,0.015625,1.0,0.0,1.0,0.19230769230769232,0.8076923076923077,-1
"F[0,1]((af <= 0.187 | AF <= 0.094) & cosen >= -2.429)
",0.000,-9999999.000,-9999999.000,0.000,1.000,1,14,0,63,64,14,1,77,0.015625,1.0,0.0,1.0,0.19230769230769232,0.8076923076923077,-1
"((Temp >= 36.816) U[1,1] (WHITE_BLOOD_CELL_COUNT >= 10.129))
",1.606,6.584,-0.030,0.000,1.000,15,0,14,49,64,14,29,49,0.234375,0.0,1.0,0.5172413793103449,0.19230769230769232,0.8076923076923077,-1
"F[0,0](GLUCOSE <= 277.307 -> WHITE_BLOOD_CELL_COUNT <= 16.010)
",1.029,-25.900,-137.450,0.000,1.000,1,14,0,63,64,14,1,77,0.015625,1.0,0.0,1.0,0.19230769230769232,0.8076923076923077,-1
"G[0,1](ALT_GPT >= 20.566 | lds <= 1.886)
",0.000,9999999.000,9999999.000,1.000,0.000,14,1,13,50,64,14,27,51,0.21875,0.07142857142857142,0.9285714285714286,0.5185185185185185,0.19230769230769232,0.8076923076923077,1
"F[0,1](lds >= 0.929 | WHITE_BLOOD_CELL_COUNT <= 15.701)
",0.000,-9999999.000,-9999999.000,0.000,1.000,0,14,0,64,64,14,0,78,0.0,1.0,0.0,0.0,0.1794871794871795,0.8205128205128205,-1
"F[0,2](CO2 >= 23.785 | y <= 0.433)
",0.000,-9999999.000,-9999999.000,0.000,1.000,0,14,0,64,64,14,0,78,0.0,1.0,0.0,0.0,0.1794871794871795,0.8205128205128205,-1
"F[0,1](MET <= 0.813 | s2_edrk <= 0.003)
",0.000,-9999999.000,-9999999.000,0.000,1.000,0,14,0,64,64,14,0,78,0.0,1.0,0.0,0.0,0.1794871794871795,0.8205128205128205,-1
"((ICU_Pt_Days >= 0.318) U[0,2] (lds <= 2.055))
",0.000,-9999999.000,-9999999.000,0.000,1.000,0,14,0,64,64,14,0,78,0.0,1.0,0.0,0.0,0.1794871794871795,0.8205128205128205,-1
"((Glasgow_Coma_Scale_Total >= 14.206) U[0,0] (s24_edrk <= 0.003))
",0.632,0.794,0.568,0.000,1.000,0,14,0,64,64,14,0,78,0.0,1.0,0.0,0.0,0.1794871794871795,0.8205128205128205,-1
"F[1,1](MET >= 0.025 -> Mort >= 0.052)
",0.866,0.025,-0.396,0.000,1.000,0,14,0,64,64,14,0,78,0.0,1.0,0.0,0.0,0.1794871794871795,0.8205128205128205,-1
"F[0,0](CO2 >= 23.552 | death <= 0.633)
",-0.983,0.917,2.189,0.000,1.000,0,14,0,64,64,14,0,78,0.0,1.0,0.0,0.0,0.1794871794871795,0.8205128205128205,-1
"F[1,2](MAGNESIUM >= 1.735 | n_edrk <= 0.943)
",0.000,-9999999.000,-9999999.000,0.000,1.000,0,14,0,64,64,14,0,78,0.0,1.0,0.0,0.0,0.1794871794871795,0.8205128205128205,-1
"F[0,2](ICU_Pt_Days <= 0.880 | n_edrk <= 0.960)
",0.000,-9999999.000,-9999999.000,0.000,1.000,0,14,0,64,64,14,0,78,0.0,1.0,0.0,0.0,0.1794871794871795,0.8205128205128205,-1
"G[0,1](ICU_Pt_Days >= 0.423 & WHITE_BLOOD_CELL_COUNT >= 13.740)
",0.000,9999999.000,9999999.000,1.000,0.000,0,14,0,64,64,14,0,78,0.0,1.0,0.0,0.0,0.1794871794871795,0.8205128205128205,1
"G[1,2](s2_edrk < 0.002 & y = 0.808)
",0.000,9999999.000,9999999.000,1.000,0.000,0,14,0,64,64,14,0,78,0.0,1.0,0.0,0.0,0.1794871794871795,0.8205128205128205,1
"G[0,1](dfa < 0.785 & y = 0.301)
",0.000,9999999.000,9999999.000,1.000,0.000,0,14,0,64,64,14,0,78,0.0,1.0,0.0,0.0,0.1794871794871795,0.8205128205128205,1
"G[0,0](Mort < 0.521 & y = 0.735)
",-1.155,-0.735,-0.466,1.000,0.000,0,14,0,64,64,14,0,78,0.0,1.0,0.0,0.0,0.1794871794871795,0.8205128205128205,1
"G[0,1](O2_Flow >= 2.168 & srr <= 0.046)
",0.000,9999999.000,9999999.000,1.000,0.000,0,14,0,64,64,14,0,78,0.0,1.0,0.0,0.0,0.1794871794871795,0.8205128205128205,1
"G[1,1](s24_edrk <= 0.004 & y = 0.257)
",1.581,-0.257,-0.604,1.000,0.000,0,14,0,64,64,14,0,78,0.0,1.0,0.0,0.0,0.1794871794871795,0.8205128205128205,1
"G[1,2](O2_Flow > 2.125 & y = 0.151)
",0.000,9999999.000,9999999.000,1.000,0.000,0,14,0,64,64,14,0,78,0.0,1.0,0.0,0.0,0.1794871794871795,0.8205128205128205,1
"G[0,2](AST_GOT <= 26.883 & PHOSPHORUS >= 3.032)
",0.000,9999999.000,9999999.000,1.000,0.000,0,14,41,23,23,55,41,37,0.0,0.2545454545454545,0.7454545454545455,0.0,0.1794871794871795,0.8205128205128205,1
"G[0,2](death <= 0.113 & y = 0.752)
",0.000,9999999.000,9999999.000,1.000,0.000,0,14,0,64,64,14,0,78,0.0,1.0,0.0,0.0,0.1794871794871795,0.8205128205128205,1
"G[1,2](BLOOD_UREA_NITROGEN >= 15.873 & CO2 <= 25.502)
",0.000,9999999.000,9999999.000,1.000,0.000,0,14,41,23,23,55,41,37,0.0,0.2545454545454545,0.7454545454545455,0.0,0.1794871794871795,0.8205128205128205,1
"G[0,0](direct > 0.070 & y = 0.112)
",1.155,-0.112,-0.555,1.000,0.000,0,14,0,64,64,14,0,78,0.0,1.0,0.0,0.0,0.1794871794871795,0.8205128205128205,1
"G[0,1](CREATININE >= 1.188 & n_evts >= 0.144)
",0.000,9999999.000,9999999.000,1.000,0.000,0,14,0,64,64,14,0,78,0.0,1.0,0.0,0.0,0.1794871794871795,0.8205128205128205,1
"F[0,1](ALKALINE_PHOSPHATASE >= 121.910 -> y <= 0.528)
",0.000,-9999999.000,-9999999.000,0.000,1.000,0,14,0,64,64,14,0,78,0.0,1.0,0.0,0.0,0.1794871794871795,0.8205128205128205,-1
"F[1,1](ALT_GPT <= 20.994 -> ICU_Pt_Days <= 4.770)
",-1.602,-4.770,-1.484,0.000,1.000,0,14,0,64,64,14,0,78,0.0,1.0,0.0,0.0,0.1794871794871795,0.8205128205128205,-1
"G[0,2](MAGNESIUM > 1.793 -> y = 0.111)
",0.000,9999999.000,9999999.000,1.000,0.000,0,14,41,23,23,55,41,37,0.0,0.2545454545454545,0.7454545454545455,0.0,0.1794871794871795,0.8205128205128205,1
"F[0,0](GLUCOSE <= 238.157 -> POTASSIUM >= 3.552)
",0.983,-18.550,-102.113,0.000,1.000,0,14,0,64,64,14,0,78,0.0,1.0,0.0,0.0,0.1794871794871795,0.8205128205128205,-1
"F[0,1]((af <= 0.473 | AF <= 0.415) & cosen >= -2.431)
",0.000,-9999999.000,-9999999.000,0.000,1.000,0,14,0,64,64,14,0,78,0.0,1.0,0.0,0.0,0.1794871794871795,0.8205128205128205,-1
"F[1,2](CHLORIDE <= 101.775 | n_evts >= 0.147)
",0.000,-9999999.000,-9999999.000,0.000,1.000,0,14,0,64,64,14,0,78,0.0,1.0,0.0,0.0,0.1794871794871795,0.8205128205128205,-1
"F[1,2](HEMOGLOBIN >= 9.274 | SBP >= 139.070)
",0.000,-9999999.000,-9999999.000,0.000,1.000,0,14,0,64,64,14,0,78,0.0,1.0,0.0,0.0,0.1794871794871795,0.8205128205128205,-1
"((CALCIUM <= 9.489) U[1,2] (PLATELET_COUNT <= 211.680))
",0.000,-9999999.000,-9999999.000,0.000,1.000,14,0,0,64,78,0,14,64,0.1794871794871795,0.0,0.0,1.0,0.1794871794871795,0.8205128205128205,-1
"F[1,2](ALKALINE_PHOSPHATASE <= 145.792 -> SODIUM >= 133.182)
",0.000,-9999999.000,-9999999.000,0.000,1.000,0,14,0,64,64,14,0,78,0.0,1.0,0.0,0.0,0.1794871794871795,0.8205128205128205,-1
"F[0,2](AST_GOT >= 20.026 -> BLOOD_UREA_NITROGEN >= 12.920)
",0.000,-9999999.000,-9999999.000,0.000,1.000,0,14,0,64,64,14,0,78,0.0,1.0,0.0,0.0,0.1794871794871795,0.8205128205128205,-1
"F[1,2](PROTIME_INR <= 1.200 | TOTAL_BILIRUBIN >= 0.700)
",0.000,-9999999.000,-9999999.000,0.000,1.000,0,14,0,64,64,14,0,78,0.0,1.0,0.0,0.0,0.1794871794871795,0.8205128205128205,-1
"F[0,2](HEMOGLOBIN <= 9.640 | MAGNESIUM >= 1.780)
",0.000,-9999999.000,-9999999.000,0.000,1.000,0,14,0,64,64,14,0,78,0.0,1.0,0.0,0.0,0.1794871794871795,0.8205128205128205,-1
"((CHLORIDE >= 100.986) U[0,2] (GLUCOSE <= 266.901))
",0.000,-9999999.000,-9999999.000,0.000,1.000,0,14,0,64,64,14,0,78,0.0,1.0,0.0,0.0,0.1794871794871795,0.8205128205128205,-1
"F[0,2](AST_GOT <= 26.233 -> n_evts <= 0.912)
",0.000,-9999999.000,-9999999.000,0.000,1.000,0,14,0,64,64,14,0,78,0.0,1.0,0.0,0.0,0.1794871794871795,0.8205128205128205,-1
"F[0,2](s2_hr >= -0.001 | s8_hr <= 0.000)
",0.000,-9999999.000,-9999999.000,0.000,1.000,0,14,0,64,64,14,0,78,0.0,1.0,0.0,0.0,0.1794871794871795,0.8205128205128205,-1
"F[0,2](ALBUMIN <= 3.272 -> CHLORIDE >= 100.442)
",0.000,-9999999.000,-9999999.000,0.000,1.000,0,14,0,64,64,14,0,78,0.0,1.0,0.0,0.0,0.1794871794871795,0.8205128205128205,-1
"((ALKALINE_PHOSPHATASE <= 149.008) U[0,2] (CHLORIDE >= 100.031))
",0.000,-9999999.000,-9999999.000,0.000,1.000,0,14,0,64,64,14,0,78,0.0,1.0,0.0,0.0,0.1794871794871795,0.8205128205128205,-1
"F[0,2](BLOOD_UREA_NITROGEN >= 16.886 | POTASSIUM >= 3.401)
",0.000,-9999999.000,-9999999.000,0.000,1.000,0,14,0,64,64,14,0,78,0.0,1.0,0.0,0.0,0.1794871794871795,0.8205128205128205,-1
"F[1,2](AST_GOT >= 21.775 | ICU_Pt_Days <= 2.678)
",0.000,-9999999.000,-9999999.000,0.000,1.000,0,14,0,64,64,14,0,78,0.0,1.0,0.0,0.0,0.1794871794871795,0.8205128205128205,-1
"F[0,2](CALCIUM >= 8.933 | PHOSPHORUS >= 3.200)
",0.000,-9999999.000,-9999999.000,0.000,1.000,0,14,0,64,64,14,0,78,0.0,1.0,0.0,0.0,0.1794871794871795,0.8205128205128205,-1
"((s24_edrk <= 0.003) U[0,1] (s2_edrk >= -0.005))
",0.000,-9999999.000,-9999999.000,0.000,1.000,0,14,0,64,64,14,0,78,0.0,1.0,0.0,0.0,0.1794871794871795,0.8205128205128205,-1
"F[1,1](ALKALINE_PHOSPHATASE <= 150.068 | HEMOGLOBIN <= 10.011)
",-2.324,10.082,59.068,0.000,1.000,0,14,0,64,64,14,0,78,0.0,1.0,0.0,0.0,0.1794871794871795,0.8205128205128205,-1
"F[0,1](GLUCOSE <= 275.474 | TOTAL_PROTEIN >= 6.646)
",0.000,-9999999.000,-9999999.000,0.000,1.000,0,14,0,64,64,14,0,78,0.0,1.0,0.0,0.0,0.1794871794871795,0.8205128205128205,-1
"F[1,1](CO2 <= 25.996 | POTASSIUM >= 3.587)
",2.074,2.342,0.413,0.000,1.000,0,14,0,64,64,14,0,78,0.0,1.0,0.0,0.0,0.1794871794871795,0.8205128205128205,-1
"F[0,2](ALT_GPT <= 21.361 -> TOTAL_PROTEIN <= 6.795)
",0.000,-9999999.000,-9999999.000,0.000,1.000,0,14,0,64,64,14,0,78,0.0,1.0,0.0,0.0,0.1794871794871795,0.8205128205128205,-1
"F[0,2](ICU_Pt_Days >= 0.357 | O2_Flow <= 5.084)
",0.000,-9999999.000,-9999999.000,0.000,1.000,0,14,0,64,64,14,0,78,0.0,1.0,0.0,0.0,0.1794871794871795,0.8205128205128205,-1
"((Glasgow_Coma_Scale_Total <= 14.990) U[0,2] (lds <= 2.179))
",0.000,-9999999.000,-9999999.000,0.000,1.000,0,14,0,64,64,14,0,78,0.0,1.0,0.0,0.0,0.1794871794871795,0.8205128205128205,-1
"F[1,2](n_evts >= 0.130 | WHITE_BLOOD_CELL_COUNT >= 14.477)
",0.000,-9999999.000,-9999999.000,0.000,1.000,0,14,0,64,64,14,0,78,0.0,1.0,0.0,0.0,0.1794871794871795,0.8205128205128205,-1
"F[0,2](ALKALINE_PHOSPHATASE >= 115.664 | SBP <= 165.042)
",0.000,-9999999.000,-9999999.000,0.000,1.000,0,14,0,64,64,14,0,78,0.0,1.0,0.0,0.0,0.1794871794871795,0.8205128205128205,-1
"F[1,2](AST_GOT <= 25.730 -> GLUCOSE <= 274.669)
",0.000,-9999999.000,-9999999.000,0.000,1.000,0,14,0,64,64,14,0,78,0.0,1.0,0.0,0.0,0.1794871794871795,0.8205128205128205,-1
"((CHLORIDE <= 101.378) U[0,2] (PLATELET_COUNT >= 194.217))
",0.000,-9999999.000,-9999999.000,0.000,1.000,0,14,0,64,64,14,0,78,0.0,1.0,0.0,0.0,0.1794871794871795,0.8205128205128205,-1
"F[1,2](CO2 <= 25.047 -> y = 0.056)
",0.000,-9999999.000,-9999999.000,0.000,1.000,0,14,0,64,64,14,0,78,0.0,1.0,0.0,0.0,0.1794871794871795,0.8205128205128205,-1
"F[1,2](BLOOD_UREA_NITROGEN >= 12.572 | Mort <= 0.799)
",0.000,-9999999.000,-9999999.000,0.000,1.000,0,14,0,64,64,14,0,78,0.0,1.0,0.0,0.0,0.1794871794871795,0.8205128205128205,-1
"F[1,2](n_evts >= 0.122 | PHOSPHORUS >= 3.112)
",0.000,-9999999.000,-9999999.000,0.000,1.000,0,14,0,64,64,14,0,78,0.0,1.0,0.0,0.0,0.1794871794871795,0.8205128205128205,-1
"((s8_hr >= -0.000) U[0,2] (SODIUM >= 132.572))
",0.000,-9999999.000,-9999999.000,0.000,1.000,0,14,0,64,64,14,0,78,0.0,1.0,0.0,0.0,0.1794871794871795,0.8205128205128205,-1
"F[0,1](ALKALINE_PHOSPHATASE >= 96.556 | CALCIUM <= 9.485)
",0.000,-9999999.000,-9999999.000,0.000,1.000,0,14,0,64,64,14,0,78,0.0,1.0,0.0,0.0,0.1794871794871795,0.8205128205128205,-1
"((ALBUMIN >= 3.236) U[0,2] (s24_hr >= -0.003))
",0.000,-9999999.000,-9999999.000,0.000,1.000,0,14,0,64,64,14,0,78,0.0,1.0,0.0,0.0,0.1794871794871795,0.8205128205128205,-1
"((MET >= 0.016) U[0,1] (s8_edrk <= 0.003))
",0.000,-9999999.000,-9999999.000,0.000,1.000,0,14,0,64,64,14,0,78,0.0,1.0,0.0,0.0,0.1794871794871795,0.8205128205128205,-1
"F[0,1](CALCIUM <= 9.249 | SODIUM <= 136.479)
",0.000,-9999999.000,-9999999.000,0.000,1.000,0,14,0,64,64,14,0,78,0.0,1.0,0.0,0.0,0.1794871794871795,0.8205128205128205,-1
"F[0,1](Mort >= 0.008 -> SpO2 <= 96.478)
",0.000,-9999999.000,-9999999.000,0.000,1.000,0,14,0,64,64,14,0,78,0.0,1.0,0.0,0.0,0.1794871794871795,0.8205128205128205,-1
"F[0,1](ALKALINE_PHOSPHATASE <= 135.864 -> O2_Flow <= 6.283)
",0.000,-9999999.000,-9999999.000,0.000,1.000,0,14,0,64,64,14,0,78,0.0,1.0,0.0,0.0,0.1794871794871795,0.8205128205128205,-1
"F[0,2](O2_Flow >= 2.185 -> TOTAL_PROTEIN <= 6.852)
",0.000,-9999999.000,-9999999.000,0.000,1.000,0,14,0,64,64,14,0,78,0.0,1.0,0.0,0.0,0.1794871794871795,0.8205128205128205,-1
"F[0,0](AF >= 0.009 | cosen <= -1.350)
",0.664,0.980,0.802,0.000,1.000,0,14,0,64,64,14,0,78,0.0,1.0,0.0,0.0,0.1794871794871795,0.8205128205128205,-1
"F[0,2](POTASSIUM <= 3.975 -> srr <= 0.118)
",0.000,-9999999.000,-9999999.000,0.000,1.000,0,14,0,64,64,14,0,78,0.0,1.0,0.0,0.0,0.1794871794871795,0.8205128205128205,-1
"F[1,2](CO2 <= 25.324 | srr <= 0.176)
",0.000,-9999999.000,-9999999.000,0.000,1.000,0,14,0,64,64,14,0,78,0.0,1.0,0.0,0.0,0.1794871794871795,0.8205128205128205,-1
"F[0,2](edrk >= 22.976 -> HEMOGLOBIN >= 8.928)
",0.000,-9999999.000,-9999999.000,0.000,1.000,0,14,0,64,64,14,0,78,0.0,1.0,0.0,0.0,0.1794871794871795,0.8205128205128205,-1
"F[0,2](POTASSIUM >= 3.409 | tte >= -0.314)
",0.000,-9999999.000,-9999999.000,0.000,1.000,0,14,0,64,64,14,0,78,0.0,1.0,0.0,0.0,0.1794871794871795,0.8205128205128205,-1
"F[0,2](cosen >= -2.363 | SBP <= 183.640)
",0.000,-9999999.000,-9999999.000,0.000,1.000,0,14,0,64,64,14,0,78,0.0,1.0,0.0,0.0,0.1794871794871795,0.8205128205128205,-1
"F[1,1](GLUCOSE >= 167.749 -> tte >= -0.996)
",-2.228,-94.680,-0.011,0.000,1.000,0,14,0,64,64,14,0,78,0.0,1.0,0.0,0.0,0.1794871794871795,0.8205128205128205,-1
"F[0,1](ALBUMIN >= 3.235 -> death <= 0.410)
",0.000,-9999999.000,-9999999.000,0.000,1.000,0,14,0,64,64,14,0,78,0.0,1.0,0.0,0.0,0.1794871794871795,0.8205128205128205,-1
"F[0,1](TOTAL_PROTEIN <= 6.746 | tte >= -1.074)
",0.000,-9999999.000,-9999999.000,0.000,1.000,0,14,0,64,64,14,0,78,0.0,1.0,0.0,0.0,0.1794871794871795,0.8205128205128205,-1
"F[1,2](HEMOGLOBIN >= 8.952 & WHITE_BLOOD_CELL_COUNT <= 17.244)
",0.000,-9999999.000,-9999999.000,0.000,1.000,0,14,0,64,64,14,0,78,0.0,1.0,0.0,0.0,0.1794871794871795,0.8205128205128205,-1
"((lds <= 2.101) U[0,2] (POTASSIUM >= 3.619))
",0.000,-9999999.000,-9999999.000,0.000,1.000,0,14,0,64,64,14,0,78,0.0,1.0,0.0,0.0,0.1794871794871795,0.8205128205128205,-1
"F[1,1](CREATININE <= 1.288 | PLATELET_COUNT <= 201.968)
",1.351,4.308,0.188,0.000,1.000,0,14,0,64,64,14,0,78,0.0,1.0,0.0,0.0,0.1794871794871795,0.8205128205128205,-1
"F[1,2](CO2 >= 23.370 -> lds >= 0.985)
",0.000,-9999999.000,-9999999.000,0.000,1.000,0,14,0,64,64,14,0,78,0.0,1.0,0.0,0.0,0.1794871794871795,0.8205128205128205,-1
"F[0,1](ALKALINE_PHOSPHATASE <= 152.637 -> lds <= 2.166)
",0.000,-9999999.000,-9999999.000,0.000,1.000,0,14,0,64,64,14,0,78,0.0,1.0,0.0,0.0,0.1794871794871795,0.8205128205128205,-1
"F[1,2](Pulse >= 77.715 -> tte >= -3.570)
",0.000,-9999999.000,-9999999.000,0.000,1.000,0,14,0,64,64,14,0,78,0.0,1.0,0.0,0.0,0.1794871794871795,0.8205128205128205,-1
"F[0,2](edrk <= 32.184 | WHITE_BLOOD_CELL_COUNT >= 11.477)
",0.000,-9999999.000,-9999999.000,0.000,1.000,0,14,0,64,64,14,0,78,0.0,1.0,0.0,0.0,0.1794871794871795,0.8205128205128205,-1
"F[0,1](Glasgow_Coma_Scale_Total <= 14.982 -> s2_edrk >= -0.005)
",0.000,-9999999.000,-9999999.000,0.000,1.000,0,14,0,64,64,14,0,78,0.0,1.0,0.0,0.0,0.1794871794871795,0.8205128205128205,-1
"F[0,2](lds >= 1.540 -> SBP <= 178.003)
",0.000,-9999999.000,-9999999.000,0.000,1.000,0,14,0,64,64,14,0,78,0.0,1.0,0.0,0.0,0.1794871794871795,0.8205128205128205,-1
"F[0,1](HEMOGLOBIN <= 10.126 -> Mort <= 0.562)
",0.000,-9999999.000,-9999999.000,0.000,1.000,0,14,0,64,64,14,0,78,0.0,1.0,0.0,0.0,0.1794871794871795,0.8205128205128205,-1
"F[0,1](CHLORIDE <= 101.634 -> s8_hr <= 0.001)
",0.000,-9999999.000,-9999999.000,0.000,1.000,0,14,0,64,64,14,0,78,0.0,1.0,0.0,0.0,0.1794871794871795,0.8205128205128205,-1
"F[0,2](CO2 <= 24.368 -> Mort <= 0.650)
",0.000,-9999999.000,-9999999.000,0.000,1.000,0,14,0,64,64,14,0,78,0.0,1.0,0.0,0.0,0.1794871794871795,0.8205128205128205,-1
"G[0,1](death >= 0.009 & Temp >= 36.603)
",0.000,9999999.000,9999999.000,1.000,0.000,0,14,0,64,64,14,0,78,0.0,1.0,0.0,0.0,0.1794871794871795,0.8205128205128205,1
"F[1,2](GLUCOSE <= 253.973 | ICU_Pt_Days >= 0.538)
",0.000,-9999999.000,-9999999.000,0.000,1.000,0,14,0,64,64,14,0,78,0.0,1.0,0.0,0.0,0.1794871794871795,0.8205128205128205,-1
"G[0,2](MET >= 0.010 & y <= 0.548)
",0.000,9999999.000,9999999.000,1.000,0.000,0,14,0,64,64,14,0,78,0.0,1.0,0.0,0.0,0.1794871794871795,0.8205128205128205,1
"G[1,2](AST_GOT <= 26.915 & WHITE_BLOOD_CELL_COUNT <= 18.843)
",0.000,9999999.000,9999999.000,1.000,0.000,0,14,15,49,49,29,15,63,0.0,0.4827586206896552,0.5172413793103449,0.0,0.1794871794871795,0.8205128205128205,1
"G[0,2](PLATELET_COUNT <= 204.573 & s8_hr >= -0.001)
",0.000,9999999.000,9999999.000,1.000,0.000,0,14,56,8,8,70,56,22,0.0,0.2,0.8,0.0,0.1794871794871795,0.8205128205128205,1
"G[0,2](ALKALINE_PHOSPHATASE >= 112.222 & GLUCOSE >= 209.406)
",0.000,9999999.000,9999999.000,1.000,0.000,0,14,55,9,9,69,55,23,0.0,0.2028985507246377,0.7971014492753623,0.0,0.1794871794871795,0.8205128205128205,1
"G[1,2](CHLORIDE >= 100.798 & POTASSIUM <= 3.710)
",0.000,9999999.000,9999999.000,1.000,0.000,0,14,41,23,23,55,41,37,0.0,0.2545454545454545,0.7454545454545455,0.0,0.1794871794871795,0.8205128205128205,1
"G[0,2](ALKALINE_PHOSPHATASE >= 124.243 & TOTAL_PROTEIN >= 6.595)
",0.000,9999999.000,9999999.000,1.000,0.000,0,14,55,9,9,69,55,23,0.0,0.2028985507246377,0.7971014492753623,0.0,0.1794871794871795,0.8205128205128205,1
"G[1,2](MAGNESIUM <= 1.916 & POTASSIUM <= 3.846)
",0.000,9999999.000,9999999.000,1.000,0.000,0,14,55,9,9,69,55,23,0.0,0.2028985507246377,0.7971014492753623,0.0,0.1794871794871795,0.8205128205128205,1
"G[0,2](GLUCOSE >= 146.456 & MAGNESIUM <= 1.879)
",0.000,9999999.000,9999999.000,1.000,0.000,0,14,55,9,9,69,55,23,0.0,0.2028985507246377,0.7971014492753623,0.0,0.1794871794871795,0.8205128205128205,1
"G[0,2](direct <= 0.461 & PLATELET_COUNT <= 204.333)
",0.000,9999999.000,9999999.000,1.000,0.000,0,14,56,8,8,70,56,22,0.0,0.2,0.8,0.0,0.1794871794871795,0.8205128205128205,1
"G[1,2](PHOSPHORUS >= 3.035 & y = 0.229)
",0.000,9999999.000,9999999.000,1.000,0.000,0,14,0,64,64,14,0,78,0.0,1.0,0.0,0.0,0.1794871794871795,0.8205128205128205,1
"G[0,1](ALBUMIN > 3.201 & y = 0.724)
",0.000,9999999.000,9999999.000,1.000,0.000,0,14,0,64,64,14,0,78,0.0,1.0,0.0,0.0,0.1794871794871795,0.8205128205128205,1
"G[1,2](TOTAL_PROTEIN <= 6.885 & y = 0.314)
",0.000,9999999.000,9999999.000,1.000,0.000,0,14,0,64,64,14,0,78,0.0,1.0,0.0,0.0,0.1794871794871795,0.8205128205128205,1
"G[1,2](ALBUMIN >= 3.248 & edrk <= 26.647)
",0.000,9999999.000,9999999.000,1.000,0.000,0,14,37,27,27,51,37,41,0.0,0.27450980392156865,0.7254901960784313,0.0,0.1794871794871795,0.8205128205128205,1
"G[0,0](ALKALINE_PHOSPHATASE <= 147.535 & y = 0.150)
",-0.910,-4.634,-1.309,1.000,0.000,0,14,0,64,64,14,0,78,0.0,1.0,0.0,0.0,0.1794871794871795,0.8205128205128205,1
"F[0,1](Resp >= 13.099 & s8_hr <= 0.001)
",0.000,-9999999.000,-9999999.000,0.000,1.000,0,13,1,64,64,14,1,77,0.0,0.9285714285714286,0.07142857142857142,0.0,0.16666666666666666,0.8333333333333334,-1
"F[1,2](MAGNESIUM >= 1.761 & O2_Flow <= 6.818)
",0.000,-9999999.000,-9999999.000,0.000,1.000,0,13,0,65,65,13,0,78,0.0,1.0,0.0,0.0,0.16666666666666666,0.8333333333333334,-1
"((Resp >= 15.511) U[0,2] (s24_hr <= 4.637284145916627e-05))
",0.000,-9999999.000,-9999999.000,0.000,1.000,0,13,0,65,65,13,0,78,0.0,1.0,0.0,0.0,0.16666666666666666,0.8333333333333334,-1
"F[0,2](death <= 0.140 | MET <= 0.865)
",0.000,-9999999.000,-9999999.000,0.000,1.000,0,13,0,65,65,13,0,78,0.0,1.0,0.0,0.0,0.16666666666666666,0.8333333333333334,-1
"((death <= 0.078) U[0,1] (Resp >= 15.167))
",0.000,-9999999.000,-9999999.000,0.000,1.000,0,13,1,64,64,14,1,77,0.0,0.9285714285714286,0.07142857142857142,0.0,0.16666666666666666,0.8333333333333334,-1
"((death <= 0.901) U[0,1] (s2_edrk <= 0.002))
",0.000,-9999999.000,-9999999.000,0.000,1.000,0,13,1,64,64,14,1,77,0.0,0.9285714285714286,0.07142857142857142,0.0,0.16666666666666666,0.8333333333333334,-1
"((n_evts >= 0.165) U[0,2] (Temp >= 36.025))
",0.000,-9999999.000,-9999999.000,0.000,1.000,0,13,0,65,65,13,0,78,0.0,1.0,0.0,0.0,0.16666666666666666,0.8333333333333334,-1
"((SBP <= 185.289) U[1,2] (srr >= 0.024))
",0.000,-9999999.000,-9999999.000,0.000,1.000,0,13,0,65,65,13,0,78,0.0,1.0,0.0,0.0,0.16666666666666666,0.8333333333333334,-1
"F[0,2](SpO2 <= 98.293 & srr >= 0.018)
",0.000,-9999999.000,-9999999.000,0.000,1.000,0,13,0,65,65,13,0,78,0.0,1.0,0.0,0.0,0.16666666666666666,0.8333333333333334,-1
"((death >= 0.014) U[0,1] (tte >= -3.406))
",0.000,-9999999.000,-9999999.000,0.000,1.000,0,13,1,64,64,14,1,77,0.0,0.9285714285714286,0.07142857142857142,0.0,0.16666666666666666,0.8333333333333334,-1
"((ICU_Pt_Days >= 0.497) U[0,1] (LOS >= 2.406))
",0.000,-9999999.000,-9999999.000,0.000,1.000,0,13,1,64,64,14,1,77,0.0,0.9285714285714286,0.07142857142857142,0.0,0.16666666666666666,0.8333333333333334,-1
"((ALBUMIN >= 3.255) U[0,2] (s8_hr <= 3.65419905643949e-05))
",0.000,-9999999.000,-9999999.000,0.000,1.000,0,13,0,65,65,13,0,78,0.0,1.0,0.0,0.0,0.16666666666666666,0.8333333333333334,-1
"((BLOOD_UREA_NITROGEN >= 15.055) U[1,2] (SODIUM >= 131.119))
",0.000,-9999999.000,-9999999.000,0.000,1.000,0,13,1,64,64,14,1,77,0.0,0.9285714285714286,0.07142857142857142,0.0,0.16666666666666666,0.8333333333333334,-1
"F[0,1](CO2 >= 23.007 -> tte >= -0.982)
",0.000,-9999999.000,-9999999.000,0.000,1.000,0,13,1,64,64,14,1,77,0.0,0.9285714285714286,0.07142857142857142,0.0,0.16666666666666666,0.8333333333333334,-1
"F[0,1](MET <= 0.531 & SBP >= 103.501)
",0.000,-9999999.000,-9999999.000,0.000,1.000,0,13,1,64,64,14,1,77,0.0,0.9285714285714286,0.07142857142857142,0.0,0.16666666666666666,0.8333333333333334,-1
"F[0,2](AF <= 0.311 -> ICU_Pt_Days >= 0.031)
",0.000,-9999999.000,-9999999.000,0.000,1.000,0,13,0,65,65,13,0,78,0.0,1.0,0.0,0.0,0.16666666666666666,0.8333333333333334,-1
"G[0,1](AF <= 0.256 -> af >= 0.005)
",0.000,9999999.000,9999999.000,1.000,0.000,0,13,1,64,64,14,1,77,0.0,0.9285714285714286,0.07142857142857142,0.0,0.16666666666666666,0.8333333333333334,1
"G[0,1](n_edrk >= 0.728 & tte <= -0.031)
",0.000,9999999.000,9999999.000,1.000,0.000,0,13,1,64,64,14,1,77,0.0,0.9285714285714286,0.07142857142857142,0.0,0.16666666666666666,0.8333333333333334,1
"G[1,1](af < 0.150 -> y = 0.549)
",-0.408,-0.150,-0.079,1.000,0.000,1,12,2,63,64,14,3,75,0.015625,0.8571428571428571,0.14285714285714285,0.3333333333333333,0.16666666666666666,0.8333333333333334,1
"G[0,2](ALKALINE_PHOSPHATASE >= 114.115 | s24_hr >= -0.000)
",0.000,9999999.000,9999999.000,1.000,0.000,0,13,56,9,9,69,56,22,0.0,0.18840579710144928,0.8115942028985508,0.0,0.16666666666666666,0.8333333333333334,1
"G[0,2](Glasgow_Coma_Scale_Total <= 14.997 | MET >= 0.018)
",0.000,9999999.000,9999999.000,1.000,0.000,0,13,1,64,64,14,1,77,0.0,0.9285714285714286,0.07142857142857142,0.0,0.16666666666666666,0.8333333333333334,1
"G[1,2](hr >= 84.785 & Pulse >= 91.541)
",0.000,9999999.000,9999999.000,1.000,0.000,0,12,47,19,19,59,47,31,0.0,0.2033898305084746,0.7966101694915254,0.0,0.15384615384615385,0.8461538461538461,1
"((ALKALINE_PHOSPHATASE >= 122.751) U[0,1] (LOS <= 11.987))
",0.000,-9999999.000,-9999999.000,0.000,1.000,0,12,2,64,64,14,2,76,0.0,0.8571428571428571,0.14285714285714285,0.0,0.15384615384615385,0.8461538461538461,-1
"((ALT_GPT <= 21.768) U[0,0] (s24_hr <= 0.001))
",0.984,1.492,0.253,0.000,1.000,0,12,2,64,64,14,2,76,0.0,0.8571428571428571,0.14285714285714285,0.0,0.15384615384615385,0.8461538461538461,-1
"((AST_GOT <= 26.331) U[0,0] (s24_hr <= 0.001))
",0.983,5.343,0.905,0.000,1.000,0,12,2,64,64,14,2,76,0.0,0.8571428571428571,0.14285714285714285,0.0,0.15384615384615385,0.8461538461538461,-1
"G[0,1](GLUCOSE <= 251.513 & s24_hr <= 0.001)
",0.000,9999999.000,9999999.000,1.000,0.000,9,3,11,55,64,14,20,58,0.140625,0.21428571428571427,0.7857142857142857,0.45,0.15384615384615385,0.8461538461538461,1
"((death <= 0.747) U[0,0] (s24_edrk >= -0.003))
",0.408,0.747,0.641,0.000,1.000,0,12,2,64,64,14,2,76,0.0,0.8571428571428571,0.14285714285714285,0.0,0.15384615384615385,0.8461538461538461,-1
"G[0,0](hr < 117.007 -> y = 0.577)
",-0.251,-25.776,-21.866,1.000,0.000,0,12,2,64,64,14,2,76,0.0,0.8571428571428571,0.14285714285714285,0.0,0.15384615384615385,0.8461538461538461,1
"G[0,2](HEMOGLOBIN >= 9.086 -> n_edrk >= 0.629)
",0.000,9999999.000,9999999.000,1.000,0.000,0,12,63,3,3,75,63,15,0.0,0.16,0.84,0.0,0.15384615384615385,0.8461538461538461,1
"G[0,2](n_edrk <= 0.876 & y <= 0.321)
",0.000,9999999.000,9999999.000,1.000,0.000,0,12,5,61,61,17,5,73,0.0,0.7058823529411765,0.29411764705882354,0.0,0.15384615384615385,0.8461538461538461,1
"G[0,2](death >= 0.041 & Mort >= 0.080)
",0.000,9999999.000,9999999.000,1.000,0.000,0,12,2,64,64,14,2,76,0.0,0.8571428571428571,0.14285714285714285,0.0,0.15384615384615385,0.8461538461538461,1
"G[1,1](direct <= 0.104 & y >= 0.026)
",1.055,-0.026,-0.505,1.000,0.000,0,12,2,64,64,14,2,76,0.0,0.8571428571428571,0.14285714285714285,0.0,0.15384615384615385,0.8461538461538461,1
"G[0,0](Glasgow_Coma_Scale_Total <= 14.985 & hr <= 118.949)
",-0.632,-0.015,0.270,1.000,0.000,0,12,2,64,64,14,2,76,0.0,0.8571428571428571,0.14285714285714285,0.0,0.15384615384615385,0.8461538461538461,1
"G[1,2](edrk >= 22.059 & LOS <= 11.854)
",0.000,9999999.000,9999999.000,1.000,0.000,0,12,54,12,12,66,54,24,0.0,0.18181818181818182,0.8181818181818182,0.0,0.15384615384615385,0.8461538461538461,1
"((ALKALINE_PHOSPHATASE <= 149.723) U[0,2] (n_edrk >= 0.321))
",0.000,-9999999.000,-9999999.000,0.000,1.000,0,12,0,66,66,12,0,78,0.0,1.0,0.0,0.0,0.15384615384615385,0.8461538461538461,-1
"((MAGNESIUM <= 1.827) U[1,1] (srr <= 0.107))
",1.161,0.107,0.036,0.000,1.000,11,1,13,53,64,14,24,54,0.171875,0.07142857142857142,0.9285714285714286,0.4583333333333333,0.15384615384615385,0.8461538461538461,-1
"F[1,2]((af <= 0.381 | AF <= 0.028) & cosen >= -2.358)
",0.000,-9999999.000,-9999999.000,0.000,1.000,0,12,0,66,66,12,0,78,0.0,1.0,0.0,0.0,0.15384615384615385,0.8461538461538461,-1
"((AF <= 0.472) U[0,1] (edrk >= 13.852))
",0.000,-9999999.000,-9999999.000,0.000,1.000,0,12,2,64,64,14,2,76,0.0,0.8571428571428571,0.14285714285714285,0.0,0.15384615384615385,0.8461538461538461,-1
"F[1,2](MET <= 0.491 & Temp >= 35.824)
",0.000,-9999999.000,-9999999.000,0.000,1.000,0,12,0,66,66,12,0,78,0.0,1.0,0.0,0.0,0.15384615384615385,0.8461538461538461,-1
"((lds <= 2.138) U[0,0] (Temp >= 35.619))
",0.096,1.499,1.444,0.000,1.000,0,12,2,64,64,14,2,76,0.0,0.8571428571428571,0.14285714285714285,0.0,0.15384615384615385,0.8461538461538461,-1
"((direct >= 0.068) U[0,0] (LOS >= 2.360))
",-1.219,1.640,5.783,0.000,1.000,0,12,2,64,64,14,2,76,0.0,0.8571428571428571,0.14285714285714285,0.0,0.15384615384615385,0.8461538461538461,-1
"((lds >= 1.370) U[0,1] (Resp >= 18.524))
",0.000,-9999999.000,-9999999.000,0.000,1.000,7,5,9,57,64,14,16,62,0.109375,0.35714285714285715,0.6428571428571429,0.4375,0.15384615384615385,0.8461538461538461,-1
"F[1,2]((af <= 0.404 | AF <= 0.231) & cosen >= -2.328)
",0.000,-9999999.000,-9999999.000,0.000,1.000,0,12,0,66,66,12,0,78,0.0,1.0,0.0,0.0,0.15384615384615385,0.8461538461538461,-1
"((AST_GOT >= 21.851) U[0,2] (srr <= 0.078))
",0.000,-9999999.000,-9999999.000,0.000,1.000,0,12,0,66,66,12,0,78,0.0,1.0,0.0,0.0,0.15384615384615385,0.8461538461538461,-1
"G[0,2](hr >= 91.654 & Pulse >= 86.970)
",0.000,9999999.000,9999999.000,1.000,0.000,0,11,33,34,34,44,33,45,0.0,0.25,0.75,0.0,0.14102564102564102,0.858974358974359,1
"F[0,2](edrk <= 31.657 & tte <= -0.071)
",0.000,-9999999.000,-9999999.000,0.000,1.000,0,11,0,67,67,11,0,78,0.0,1.0,0.0,0.0,0.14102564102564102,0.858974358974359,-1
"((SODIUM <= 135.109) U[1,1] (srr <= 0.170))
",2.171,2.897,0.099,0.000,1.000,10,1,13,54,64,14,23,55,0.15625,0.07142857142857142,0.9285714285714286,0.43478260869565216,0.14102564102564102,0.858974358974359,-1
"F[0,2](cosen <= -1.863 & hr <= 107.062)
",0.000,-9999999.000,-9999999.000,0.000,1.000,0,11,0,67,67,11,0,78,0.0,1.0,0.0,0.0,0.14102564102564102,0.858974358974359,-1
"F[1,1](cosen <= -1.622 & srr <= 0.147)
",0.711,0.125,-0.103,0.000,1.000,1,10,4,63,64,14,5,73,0.015625,0.7142857142857143,0.2857142857142857,0.2,0.14102564102564102,0.858974358974359,-1
"((HEMOGLOBIN >= 8.602) U[1,2] (ICU_Pt_Days >= 0.316))
",0.000,-9999999.000,-9999999.000,0.000,1.000,0,11,1,66,66,12,1,77,0.0,0.9166666666666666,0.08333333333333333,0.0,0.14102564102564102,0.858974358974359,-1
"F[0,2](HEMOGLOBIN >= 8.977 & LOS <= 6.580)
",0.000,-9999999.000,-9999999.000,0.000,1.000,0,11,0,67,67,11,0,78,0.0,1.0,0.0,0.0,0.14102564102564102,0.858974358974359,-1
"((AF >= 0.001) U[0,2] (y >= 0.114))
",0.000,-9999999.000,-9999999.000,0.000,1.000,0,11,0,67,67,11,0,78,0.0,1.0,0.0,0.0,0.14102564102564102,0.858974358974359,-1
"((Mort <= 0.178) U[0,2] (SBP >= 112.817))
",0.000,-9999999.000,-9999999.000,0.000,1.000,0,11,0,67,67,11,0,78,0.0,1.0,0.0,0.0,0.14102564102564102,0.858974358974359,-1
"F[1,2](CO2 >= 23.162 & O2_Flow <= 3.925)
",0.000,-9999999.000,-9999999.000,0.000,1.000,0,11,0,67,67,11,0,78,0.0,1.0,0.0,0.0,0.14102564102564102,0.858974358974359,-1
"F[1,2]((af <= 0.175 | AF <= 0.129) & cosen >= -2.269)
",0.000,-9999999.000,-9999999.000,0.000,1.000,0,11,0,67,67,11,0,78,0.0,1.0,0.0,0.0,0.14102564102564102,0.858974358974359,-1
"G[0,2](BLOOD_UREA_NITROGEN >= 14.976 & y <= 0.309)
",0.000,9999999.000,9999999.000,1.000,0.000,0,11,53,14,14,64,53,25,0.0,0.171875,0.828125,0.0,0.14102564102564102,0.858974358974359,1
"G[0,2](AF >= 0.006 | Glasgow_Coma_Scale_Total <= 14.984)
",0.000,9999999.000,9999999.000,1.000,0.000,0,11,3,64,64,14,3,75,0.0,0.7857142857142857,0.21428571428571427,0.0,0.14102564102564102,0.858974358974359,1
"G[0,2](BLOOD_UREA_NITROGEN >= 11.864 & ICU_Pt_Days <= 4.193)
",0.000,9999999.000,9999999.000,1.000,0.000,0,11,53,14,14,64,53,25,0.0,0.171875,0.828125,0.0,0.14102564102564102,0.858974358974359,1
"G[0,2](hr >= 86.897 & Pulse >= 84.704)
",0.000,9999999.000,9999999.000,1.000,0.000,0,10,45,23,23,55,45,33,0.0,0.18181818181818182,0.8181818181818182,0.0,0.1282051282051282,0.8717948717948718,1
"((LOS <= 10.654) U[0,1] (POTASSIUM <= 3.792))
",0.000,-9999999.000,-9999999.000,0.000,1.000,9,1,13,55,64,14,22,56,0.140625,0.07142857142857142,0.9285714285714286,0.4090909090909091,0.1282051282051282,0.8717948717948718,-1
"((AST_GOT <= 23.399) U[0,1] (Mort <= 0.222))
",0.000,-9999999.000,-9999999.000,0.000,1.000,0,10,4,64,64,14,4,74,0.0,0.7142857142857143,0.2857142857142857,0.0,0.1282051282051282,0.8717948717948718,-1
"G[1,2](cosen <= -1.228 & ICU_Pt_Days <= 2.452)
",0.000,9999999.000,9999999.000,1.000,0.000,0,10,67,1,1,77,67,11,0.0,0.12987012987012986,0.8701298701298701,0.0,0.1282051282051282,0.8717948717948718,1
"G[0,1](AST_GOT <= 24.299 -> death >= 0.001)
",0.000,9999999.000,9999999.000,1.000,0.000,9,1,13,55,64,14,22,56,0.140625,0.07142857142857142,0.9285714285714286,0.4090909090909091,0.1282051282051282,0.8717948717948718,1
"G[1,2](death <= 0.188 -> MAGNESIUM <= 1.878)
",0.000,9999999.000,9999999.000,1.000,0.000,0,10,59,9,9,69,59,19,0.0,0.14492753623188406,0.855072463768116,0.0,0.1282051282051282,0.8717948717948718,1
"((hr <= 105.661) U[1,1] (Temp >= 36.186))
",0.153,14.329,12.153,0.000,1.000,1,9,5,63,64,14,6,72,0.015625,0.6428571428571429,0.35714285714285715,0.16666666666666666,0.1282051282051282,0.8717948717948718,-1
"F[0,1](AST_GOT <= 26.854 & s8_hr <= 0.001)
",0.000,-9999999.000,-9999999.000,0.000,1.000,9,1,13,55,64,14,22,56,0.140625,0.07142857142857142,0.9285714285714286,0.4090909090909091,0.1282051282051282,0.8717948717948718,-1
"((ALKALINE_PHOSPHATASE <= 145.912) U[0,1] (PHOSPHORUS <= 3.301))
",0.000,-9999999.000,-9999999.000,0.000,1.000,9,1,13,55,64,14,22,56,0.140625,0.07142857142857142,0.9285714285714286,0.4090909090909091,0.1282051282051282,0.8717948717948718,-1
"((AST_GOT <= 23.862) U[0,1] (SODIUM <= 134.974))
",0.000,-9999999.000,-9999999.000,0.000,1.000,9,1,13,55,64,14,22,56,0.140625,0.07142857142857142,0.9285714285714286,0.4090909090909091,0.1282051282051282,0.8717948717948718,-1
"F[0,1](ALT_GPT <= 21.194 | BLOOD_UREA_NITROGEN <= 19.281)
",0.000,-9999999.000,-9999999.000,0.000,1.000,9,1,13,55,64,14,22,56,0.140625,0.07142857142857142,0.9285714285714286,0.4090909090909091,0.1282051282051282,0.8717948717948718,-1
"F[0,1](Mort <= 0.383 | WHITE_BLOOD_CELL_COUNT >= 9.716)
",0.000,-9999999.000,-9999999.000,0.000,1.000,0,10,4,64,64,14,4,74,0.0,0.7142857142857143,0.2857142857142857,0.0,0.1282051282051282,0.8717948717948718,-1
"F[0,1](CREATININE <= 1.261 -> SODIUM <= 134.330)
",0.000,-9999999.000,-9999999.000,0.000,1.000,9,1,13,55,64,14,22,56,0.140625,0.07142857142857142,0.9285714285714286,0.4090909090909091,0.1282051282051282,0.8717948717948718,-1
"F[0,1](direct >= 0.067 | n_evts <= 0.831)
",0.000,-9999999.000,-9999999.000,0.000,1.000,0,10,4,64,64,14,4,74,0.0,0.7142857142857143,0.2857142857142857,0.0,0.1282051282051282,0.8717948717948718,-1
"((GLUCOSE <= 255.273) U[0,2] (LOS >= 4.283))
",0.000,-9999999.000,-9999999.000,0.000,1.000,0,10,0,68,68,10,0,78,0.0,1.0,0.0,0.0,0.1282051282051282,0.8717948717948718,-1
"F[0,0](n_evts <= 0.688 | tte <= -0.134)
",-0.232,0.688,0.959,0.000,1.000,0,10,4,64,64,14,4,74,0.0,0.7142857142857143,0.2857142857142857,0.0,0.1282051282051282,0.8717948717948718,-1
"((lds <= 2.038) U[0,0] (MAGNESIUM <= 1.823))
",-0.795,0.113,0.666,0.000,1.000,9,1,13,55,64,14,22,56,0.140625,0.07142857142857142,0.9285714285714286,0.4090909090909091,0.1282051282051282,0.8717948717948718,-1
"F[0,1](ALKALINE_PHOSPHATASE <= 137.283 -> MAGNESIUM <= 1.976)
",0.000,-9999999.000,-9999999.000,0.000,1.000,9,1,13,55,64,14,22,56,0.140625,0.07142857142857142,0.9285714285714286,0.4090909090909091,0.1282051282051282,0.8717948717948718,-1
"F[0,2](hr <= 115.664 -> s8_edrk >= 2.785086456302474e-05)
",0.000,-9999999.000,-9999999.000,0.000,1.000,0,10,0,68,68,10,0,78,0.0,1.0,0.0,0.0,0.1282051282051282,0.8717948717948718,-1
"((CO2 >= 23.168) U[0,1] (TOTAL_PROTEIN >= 6.346))
",0.000,-9999999.000,-9999999.000,0.000,1.000,9,1,13,55,64,14,22,56,0.140625,0.07142857142857142,0.9285714285714286,0.4090909090909091,0.1282051282051282,0.8717948717948718,-1
"((direct <= 0.621) U[0,0] (POTASSIUM <= 3.719))
",1.155,0.621,0.106,0.000,1.000,9,1,13,55,64,14,22,56,0.140625,0.07142857142857142,0.9285714285714286,0.4090909090909091,0.1282051282051282,0.8717948717948718,-1
"F[0,2](n_edrk >= 0.363 -> y = 0.292)
",0.000,-9999999.000,-9999999.000,0.000,1.000,0,10,0,68,68,10,0,78,0.0,1.0,0.0,0.0,0.1282051282051282,0.8717948717948718,-1
"F[0,2](ALBUMIN <= 3.295 & O2_Flow <= 2.999)
",0.000,-9999999.000,-9999999.000,0.000,1.000,0,10,0,68,68,10,0,78,0.0,1.0,0.0,0.0,0.1282051282051282,0.8717948717948718,-1
"F[0,2](AF <= 0.343 -> direct <= 0.445)
",0.000,-9999999.000,-9999999.000,0.000,1.000,0,10,0,68,68,10,0,78,0.0,1.0,0.0,0.0,0.1282051282051282,0.8717948717948718,-1
"F[1,1](death >= 0.018 -> n_evts <= 0.228)
",0.088,-0.228,-0.268,0.000,1.000,0,10,4,64,64,14,4,74,0.0,0.7142857142857143,0.2857142857142857,0.0,0.1282051282051282,0.8717948717948718,-1
"F[0,1](direct <= 0.913 | SODIUM <= 135.641)
",0.000,-9999999.000,-9999999.000,0.000,1.000,0,9,5,64,64,14,5,73,0.0,0.6428571428571429,0.35714285714285715,0.0,0.11538461538461539,0.8846153846153846,-1
"G[1,1](ALKALINE_PHOSPHATASE <= 146.267 | direct >= 0.062)
",-2.324,8.583,55.267,1.000,0.000,9,0,14,55,64,14,23,55,0.140625,0.0,1.0,0.391304347826087,0.11538461538461539,0.8846153846153846,1
"F[0,1](LOS <= 4.873 | n_evts <= 0.779)
",0.000,-9999999.000,-9999999.000,0.000,1.000,0,9,5,64,64,14,5,73,0.0,0.6428571428571429,0.35714285714285715,0.0,0.11538461538461539,0.8846153846153846,-1
"F[1,2](WHITE_BLOOD_CELL_COUNT <= 17.289 -> y >= 0.036)
",0.000,-9999999.000,-9999999.000,0.000,1.000,0,9,0,69,69,9,0,78,0.0,1.0,0.0,0.0,0.11538461538461539,0.8846153846153846,-1
"F[0,2](cosen < -2.210 -> y = 0.828)
",0.000,-9999999.000,-9999999.000,0.000,1.000,0,9,0,69,69,9,0,78,0.0,1.0,0.0,0.0,0.11538461538461539,0.8846153846153846,-1
"F[0,2](LOS <= 4.574 & WHITE_BLOOD_CELL_COUNT <= 16.374)
",0.000,-9999999.000,-9999999.000,0.000,1.000,0,9,0,69,69,9,0,78,0.0,1.0,0.0,0.0,0.11538461538461539,0.8846153846153846,-1
"((cosen >= -2.309) U[0,2] (Mort >= 0.001))
",0.000,-9999999.000,-9999999.000,0.000,1.000,0,9,0,69,69,9,0,78,0.0,1.0,0.0,0.0,0.11538461538461539,0.8846153846153846,-1
"F[1,2](cosen >= -2.326 & y >= 0.107)
",0.000,-9999999.000,-9999999.000,0.000,1.000,0,9,0,69,69,9,0,78,0.0,1.0,0.0,0.0,0.11538461538461539,0.8846153846153846,-1
"((GLUCOSE >= 196.899) U[1,2] (Mort <= 0.539))
",0.000,-9999999.000,-9999999.000,0.000,1.000,9,0,7,62,71,7,16,62,0.1267605633802817,0.0,1.0,0.5625,0.11538461538461539,0.8846153846153846,-1
"F[1,1](CO2 <= 25.343 & s24_hr >= -0.003)
",2.324,-0.100,-0.657,0.000,1.000,9,0,14,55,64,14,23,55,0.140625,0.0,1.0,0.391304347826087,0.11538461538461539,0.8846153846153846,-1
"((BLOOD_UREA_NITROGEN <= 18.367) U[0,1] (PLATELET_COUNT <= 203.018))
",0.000,-9999999.000,-9999999.000,0.000,1.000,8,1,13,56,64,14,21,57,0.125,0.07142857142857142,0.9285714285714286,0.38095238095238093,0.11538461538461539,0.8846153846153846,-1
"G[0,2](LOS >= 2.251 -> y <= 0.351)
",0.000,9999999.000,9999999.000,1.000,0.000,0,9,69,0,0,78,69,9,0.0,0.11538461538461539,0.8846153846153846,0.0,0.11538461538461539,0.8846153846153846,1
"G[1,2](AF <= 0.218 & O2_Flow >= 2.103)
",0.000,9999999.000,9999999.000,1.000,0.000,0,9,5,64,64,14,5,73,0.0,0.6428571428571429,0.35714285714285715,0.0,0.11538461538461539,0.8846153846153846,1
"G[1,1](ALKALINE_PHOSPHATASE >= 131.218 -> CO2 >= 24.033)
",-2.324,-18.686,-1.967,1.000,0.000,9,0,14,55,64,14,23,55,0.140625,0.0,1.0,0.391304347826087,0.11538461538461539,0.8846153846153846,1
"G[0,2](ALKALINE_PHOSPHATASE <= 138.241 -> Mort <= 0.216)
",0.000,9999999.000,9999999.000,1.000,0.000,0,9,69,0,0,78,69,9,0.0,0.11538461538461539,0.8846153846153846,0.0,0.11538461538461539,0.8846153846153846,1
"G[0,2](direct >= 0.004 -> HEMOGLOBIN <= 9.674)
",0.000,9999999.000,9999999.000,1.000,0.000,0,9,69,0,0,78,69,9,0.0,0.11538461538461539,0.8846153846153846,0.0,0.11538461538461539,0.8846153846153846,1
"((SODIUM >= 132.710) U[1,2] (y >= 0.091))
",0.000,-9999999.000,-9999999.000,0.000,1.000,0,8,1,69,69,9,1,77,0.0,0.8888888888888888,0.1111111111111111,0.0,0.10256410256410256,0.8974358974358975,-1
"G[1,2](LOS >= 4.206 -> y = 0.304)
",0.000,9999999.000,9999999.000,1.000,0.000,0,8,70,0,0,78,70,8,0.0,0.10256410256410256,0.8974358974358975,0.0,0.10256410256410256,0.8974358974358975,1
"G[0,2](s24_hr >= -0.001 -> s8_hr <= 3.121091940110429e-05)
",0.000,9999999.000,9999999.000,1.000,0.000,0,8,42,28,28,50,42,36,0.0,0.16,0.84,0.0,0.10256410256410256,0.8974358974358975,1
"((edrk <= 35.027) U[1,1] (n_edrk >= 0.296))
",-0.701,9.507,16.852,0.000,1.000,2,6,8,62,64,14,10,68,0.03125,0.42857142857142855,0.5714285714285714,0.2,0.10256410256410256,0.8974358974358975,-1
"((CHLORIDE <= 101.240) U[0,2] (n_edrk >= 0.691))
",0.000,-9999999.000,-9999999.000,0.000,1.000,0,8,0,70,70,8,0,78,0.0,1.0,0.0,0.0,0.10256410256410256,0.8974358974358975,-1
"((Mort <= 0.887) U[1,1] (O2_Flow <= 6.005))
",0.513,4.005,3.274,0.000,1.000,0,8,6,64,64,14,6,72,0.0,0.5714285714285714,0.42857142857142855,0.0,0.10256410256410256,0.8974358974358975,-1
"((Mort <= 0.494) U[0,2] (n_edrk >= 0.609))
",0.000,-9999999.000,-9999999.000,0.000,1.000,0,8,0,70,70,8,0,78,0.0,1.0,0.0,0.0,0.10256410256410256,0.8974358974358975,-1
"F[0,2](lds >= 1.141 -> O2_Flow >= 2.052)
",0.000,-9999999.000,-9999999.000,0.000,1.000,0,8,0,70,70,8,0,78,0.0,1.0,0.0,0.0,0.10256410256410256,0.8974358974358975,-1
"G[0,2](cosen <= -1.318 & death <= 0.508)
",0.000,9999999.000,9999999.000,1.000,0.000,0,7,70,1,1,77,70,8,0.0,0.09090909090909091,0.9090909090909091,0.0,0.08974358974358974,0.9102564102564102,1
"G[1,2](hr >= 89.215 & Pulse >= 77.242)
",0.000,9999999.000,9999999.000,1.000,0.000,0,7,49,22,22,56,49,29,0.0,0.125,0.875,0.0,0.08974358974358974,0.9102564102564102,1
"G[1,2](Mort <= 0.088 & Resp <= 26.441)
",0.000,9999999.000,9999999.000,1.000,0.000,0,7,61,10,10,68,61,17,0.0,0.10294117647058823,0.8970588235294118,0.0,0.08974358974358974,0.9102564102564102,1
"G[1,2](direct >= 0.088 | TOTAL_PROTEIN >= 6.636)
",0.000,9999999.000,9999999.000,1.000,0.000,0,7,62,9,9,69,62,16,0.0,0.10144927536231885,0.8985507246376812,0.0,0.08974358974358974,0.9102564102564102,1
"G[1,2](hr <= 115.010 -> y <= 0.521)
",0.000,9999999.000,9999999.000,1.000,0.000,0,7,71,0,0,78,71,7,0.0,0.08974358974358974,0.9102564102564102,0.0,0.08974358974358974,0.9102564102564102,1
"F[1,2](direct >= 0.014 & SBP >= 79.191)
",0.000,-9999999.000,-9999999.000,0.000,1.000,0,7,0,71,71,7,0,78,0.0,1.0,0.0,0.0,0.08974358974358974,0.9102564102564102,-1
"((direct <= 0.593) U[1,2] (n_edrk <= 0.980))
",0.000,-9999999.000,-9999999.000,0.000,1.000,0,7,6,65,65,13,6,72,0.0,0.5384615384615384,0.46153846153846156,0.0,0.08974358974358974,0.9102564102564102,-1
"F[1,2](Mort <= 0.514 -> TOTAL_PROTEIN >= 6.697)
",0.000,-9999999.000,-9999999.000,0.000,1.000,0,7,0,71,71,7,0,78,0.0,1.0,0.0,0.0,0.08974358974358974,0.9102564102564102,-1
"((MET >= 0.006) U[0,2] (s24_edrk >= -0.000))
",0.000,-9999999.000,-9999999.000,0.000,1.000,0,7,0,71,71,7,0,78,0.0,1.0,0.0,0.0,0.08974358974358974,0.9102564102564102,-1
"((Mort >= 0.042) U[0,2] (Temp >= 36.874))
",0.000,-9999999.000,-9999999.000,0.000,1.000,0,7,0,71,71,7,0,78,0.0,1.0,0.0,0.0,0.08974358974358974,0.9102564102564102,-1
"F[1,2](Glasgow_Coma_Scale_Total >= 14.113 & y >= 0.108)
",0.000,-9999999.000,-9999999.000,0.000,1.000,0,7,0,71,71,7,0,78,0.0,1.0,0.0,0.0,0.08974358974358974,0.9102564102564102,-1
"F[1,2](ALT_GPT >= 20.460 & srr <= 0.072)
",0.000,-9999999.000,-9999999.000,0.000,1.000,0,7,0,71,71,7,0,78,0.0,1.0,0.0,0.0,0.08974358974358974,0.9102564102564102,-1
"((ALT_GPT >= 20.272) U[1,2] (direct >= 0.020))
",0.000,-9999999.000,-9999999.000,0.000,1.000,0,7,0,71,71,7,0,78,0.0,1.0,0.0,0.0,0.08974358974358974,0.9102564102564102,-1
"G[1,2](lds >= 1.037 & Mort >= 0.030)
",0.000,9999999.000,9999999.000,1.000,0.000,0,7,7,64,64,14,7,71,0.0,0.5,0.5,0.0,0.08974358974358974,0.9102564102564102,1
"G[0,2](AF <= 0.074 & lds <= 2.098)
",0.000,9999999.000,9999999.000,1.000,0.000,0,6,59,13,13,65,59,19,0.0,0.09230769230769231,0.9076923076923077,0.0,0.07692307692307693,0.9230769230769231,1
"G[0,2](hr >= 81.327 & Pulse >= 78.472)
",0.000,9999999.000,9999999.000,1.000,0.000,0,6,72,0,0,78,72,6,0.0,0.07692307692307693,0.9230769230769231,0.0,0.07692307692307693,0.9230769230769231,1
"G[0,2](hr >= 83.939 & Pulse >= 78.039)
",0.000,9999999.000,9999999.000,1.000,0.000,0,6,68,4,4,74,68,10,0.0,0.08108108108108109,0.918918918918919,0.0,0.07692307692307693,0.9230769230769231,1
"((PLATELET_COUNT >= 196.111) U[0,1] (tte >= -0.540))
",0.000,-9999999.000,-9999999.000,0.000,1.000,0,6,8,64,64,14,8,70,0.0,0.42857142857142855,0.5714285714285714,0.0,0.07692307692307693,0.9230769230769231,-1
"((CO2 <= 25.322) U[0,0] (SBP >= 122.889))
",0.450,41.018,24.029,0.000,1.000,0,6,8,64,64,14,8,70,0.0,0.42857142857142855,0.5714285714285714,0.0,0.07692307692307693,0.9230769230769231,-1
"((GLUCOSE <= 261.018) U[0,2] (srr <= 0.037))
",0.000,-9999999.000,-9999999.000,0.000,1.000,0,6,0,72,72,6,0,78,0.0,1.0,0.0,0.0,0.07692307692307693,0.9230769230769231,-1
"G[0,0](n_evts >= 0.039 & O2_Flow <= 4.770)
",-0.067,-0.039,0.022,1.000,0.000,0,5,9,64,64,14,9,69,0.0,0.35714285714285715,0.6428571428571429,0.0,0.0641025641025641,0.9358974358974359,1
"G[1,2](SBP <= 157.478 & y >= 0.035)
",0.000,9999999.000,9999999.000,1.000,0.000,0,5,9,64,64,14,9,69,0.0,0.35714285714285715,0.6428571428571429,0.0,0.0641025641025641,0.9358974358974359,1
"F[1,2](ALBUMIN <= 3.289 & y <= 0.247)
",0.000,-9999999.000,-9999999.000,0.000,1.000,0,5,0,73,73,5,0,78,0.0,1.0,0.0,0.0,0.0641025641025641,0.9358974358974359,-1
"G[1,2](TOTAL_PROTEIN >= 6.560 | y >= 0.029)
",0.000,9999999.000,9999999.000,1.000,0.000,0,5,64,9,9,69,64,14,0.0,0.07246376811594203,0.927536231884058,0.0,0.0641025641025641,0.9358974358974359,1
"F[1,2](ALT_GPT >= 20.061 -> tte >= -0.477)
",0.000,-9999999.000,-9999999.000,0.000,1.000,0,5,0,73,73,5,0,78,0.0,1.0,0.0,0.0,0.0641025641025641,0.9358974358974359,-1
"((ALT_GPT >= 20.122) U[0,0] (y <= 0.620))
",-0.983,0.816,1.698,0.000,1.000,0,5,9,64,64,14,9,69,0.0,0.35714285714285715,0.6428571428571429,0.0,0.0641025641025641,0.9358974358974359,-1
"((death <= 0.729) U[0,2] (Glasgow_Coma_Scale_Total <= 14.970))
",0.000,-9999999.000,-9999999.000,0.000,1.000,0,5,0,73,73,5,0,78,0.0,1.0,0.0,0.0,0.0641025641025641,0.9358974358974359,-1
"F[1,2](CO2 >= 23.328 & edrk >= 16.606)
",0.000,-9999999.000,-9999999.000,0.000,1.000,0,5,0,73,73,5,0,78,0.0,1.0,0.0,0.0,0.0641025641025641,0.9358974358974359,-1
"((MAGNESIUM >= 1.804) U[0,0] (y <= 0.493))
",1.155,0.493,0.323,0.000,1.000,0,5,9,64,64,14,9,69,0.0,0.35714285714285715,0.6428571428571429,0.0,0.0641025641025641,0.9358974358974359,-1
"((Glasgow_Coma_Scale_Total >= 14.284) U[1,1] (Mort <= 0.310))
",0.408,0.716,0.573,0.000,1.000,0,5,9,64,64,14,9,69,0.0,0.35714285714285715,0.6428571428571429,0.0,0.0641025641025641,0.9358974358974359,-1
"F[0,2](Pulse >= 75.296 -> SBP >= 156.308)
",0.000,-9999999.000,-9999999.000,0.000,1.000,0,5,0,73,73,5,0,78,0.0,1.0,0.0,0.0,0.0641025641025641,0.9358974358974359,-1
"G[0,2](MET <= 0.882 & Resp <= 28.154)
",0.000,9999999.000,9999999.000,1.000,0.000,0,3,65,10,10,68,65,13,0.0,0.04411764705882353,0.9558823529411765,0.0,0.038461538461538464,0.9615384615384616,1
"F[0,1](CREATININE >= 1.150 | SBP >= 148.196)
",0.000,-9999999.000,-9999999.000,0.000,1.000,0,3,11,64,64,14,11,67,0.0,0.21428571428571427,0.7857142857142857,0.0,0.038461538461538464,0.9615384615384616,-1
"G[0,2](s2_edrk <= 0.004 & Temp >= 36.228)
",0.000,9999999.000,9999999.000,1.000,0.000,0,3,75,0,0,78,75,3,0.0,0.038461538461538464,0.9615384615384616,0.0,0.038461538461538464,0.9615384615384616,1
"G[0,0](CO2 >= 23.324 & ICU_Pt_Days >= 0.255)
",-1.572,-0.296,1.838,1.000,0.000,0,3,11,64,64,14,11,67,0.0,0.21428571428571427,0.7857142857142857,0.0,0.038461538461538464,0.9615384615384616,1
"((SBP >= 155.573) U[1,2] (tte <= -0.156))
",0.000,-9999999.000,-9999999.000,0.000,1.000,0,3,6,69,69,9,6,72,0.0,0.3333333333333333,0.6666666666666666,0.0,0.038461538461538464,0.9615384615384616,-1
"G[0,2](O2_Flow >= 2.157 | SpO2 <= 98.413)
",0.000,9999999.000,9999999.000,1.000,0.000,0,3,66,9,9,69,66,12,0.0,0.043478260869565216,0.9565217391304348,0.0,0.038461538461538464,0.9615384615384616,1
"G[1,2](lds >= 1.523 | y >= 0.029)
",0.000,9999999.000,9999999.000,1.000,0.000,0,2,74,2,2,76,74,4,0.0,0.02631578947368421,0.9736842105263158,0.0,0.02564102564102564,0.9743589743589743,1
"G[1,2](AF >= 0.005 -> LOS <= 6.933)
",0.000,9999999.000,9999999.000,1.000,0.000,0,2,76,0,0,78,76,2,0.0,0.02564102564102564,0.9743589743589743,0.0,0.02564102564102564,0.9743589743589743,1
"F[1,2](s8_hr <= 0.000 -> y = 0.369)
",0.000,-9999999.000,-9999999.000,0.000,1.000,0,2,0,76,76,2,0,78,0.0,1.0,0.0,0.0,0.02564102564102564,0.9743589743589743,-1
"F[0,2](SBP >= 145.419 & SODIUM >= 132.399)
",0.000,-9999999.000,-9999999.000,0.000,1.000,0,2,0,76,76,2,0,78,0.0,1.0,0.0,0.0,0.02564102564102564,0.9743589743589743,-1
"G[1,2](CREATININE >= 1.166 | Temp >= 36.442)
",0.000,9999999.000,9999999.000,1.000,0.000,0,2,76,0,0,78,76,2,0.0,0.02564102564102564,0.9743589743589743,0.0,0.02564102564102564,0.9743589743589743,1
"G[1,2](lds <= 1.944 & TOTAL_PROTEIN <= 6.834)
",0.000,9999999.000,9999999.000,1.000,0.000,0,2,15,61,61,17,15,63,0.0,0.11764705882352941,0.8823529411764706,0.0,0.02564102564102564,0.9743589743589743,1
"G[1,2](lds >= 0.828 & tte >= -1.869)
",0.000,9999999.000,9999999.000,1.000,0.000,0,2,76,0,0,78,76,2,0.0,0.02564102564102564,0.9743589743589743,0.0,0.02564102564102564,0.9743589743589743,1
"G[0,2](af <= 0.304 & srr >= 0.015)
",0.000,9999999.000,9999999.000,1.000,0.000,0,2,43,33,33,45,43,35,0.0,0.044444444444444446,0.9555555555555556,0.0,0.02564102564102564,0.9743589743589743,1
"((ALT_GPT >= 20.166) U[0,2] (PHOSPHORUS <= 3.446))
",0.000,-9999999.000,-9999999.000,0.000,1.000,0,1,0,77,77,1,0,78,0.0,1.0,0.0,0.0,0.01282051282051282,0.9871794871794872,-1
"F[0,2](ICU_Pt_Days <= 4.686 & MAGNESIUM <= 1.901)
",0.000,-9999999.000,-9999999.000,0.000,1.000,0,1,0,77,77,1,0,78,0.0,1.0,0.0,0.0,0.01282051282051282,0.9871794871794872,-1
"((n_edrk <= 0.942) U[0,2] (n_evts <= 0.560))
",0.000,-9999999.000,-9999999.000,0.000,1.000,0,1,0,77,77,1,0,78,0.0,1.0,0.0,0.0,0.01282051282051282,0.9871794871794872,-1
"((edrk <= 29.959) U[0,1] (n_evts <= 0.330))
",0.000,-9999999.000,-9999999.000,0.000,1.000,0,1,13,64,64,14,13,65,0.0,0.07142857142857142,0.9285714285714286,0.0,0.01282051282051282,0.9871794871794872,-1
"F[0,2](s24_hr <= 0.000 & SODIUM <= 136.385)
",0.000,-9999999.000,-9999999.000,0.000,1.000,0,1,0,77,77,1,0,78,0.0,1.0,0.0,0.0,0.01282051282051282,0.9871794871794872,-1
"((Mort >= 0.012) U[0,0] (n_evts <= 0.822))
",0.913,0.822,0.393,0.000,1.000,0,1,13,64,64,14,13,65,0.0,0.07142857142857142,0.9285714285714286,0.0,0.01282051282051282,0.9871794871794872,-1
"((Glasgow_Coma_Scale_Total <= 14.996) U[0,1] (n_evts <= 0.796))
",0.000,-9999999.000,-9999999.000,0.000,1.000,0,1,13,64,64,14,13,65,0.0,0.07142857142857142,0.9285714285714286,0.0,0.01282051282051282,0.9871794871794872,-1
"((n_evts <= 0.526) U[1,2] (TOTAL_PROTEIN <= 6.803))
",0.000,-9999999.000,-9999999.000,0.000,1.000,0,1,13,64,64,14,13,65,0.0,0.07142857142857142,0.9285714285714286,0.0,0.01282051282051282,0.9871794871794872,-1
"F[0,2](PLATELET_COUNT <= 209.251 | POTASSIUM <= 3.781)
",0.000,-9999999.000,-9999999.000,0.000,1.000,0,1,0,77,77,1,0,78,0.0,1.0,0.0,0.0,0.01282051282051282,0.9871794871794872,-1
"F[0,2](CHLORIDE <= 101.144 & MAGNESIUM <= 1.844)
",0.000,-9999999.000,-9999999.000,0.000,1.000,0,1,0,77,77,1,0,78,0.0,1.0,0.0,0.0,0.01282051282051282,0.9871794871794872,-1
"F[0,1](BLOOD_UREA_NITROGEN <= 19.849 | n_evts <= 0.697)
",0.000,-9999999.000,-9999999.000,0.000,1.000,0,1,13,64,64,14,13,65,0.0,0.07142857142857142,0.9285714285714286,0.0,0.01282051282051282,0.9871794871794872,-1
"((ALT_GPT <= 21.422) U[1,2] (Mort >= 0.048))
",0.000,-9999999.000,-9999999.000,0.000,1.000,0,1,6,71,71,7,6,72,0.0,0.14285714285714285,0.8571428571428571,0.0,0.01282051282051282,0.9871794871794872,-1
"F[0,2](ALKALINE_PHOSPHATASE <= 137.843 -> CREATININE >= 1.128)
",0.000,-9999999.000,-9999999.000,0.000,1.000,0,1,0,77,77,1,0,78,0.0,1.0,0.0,0.0,0.01282051282051282,0.9871794871794872,-1
"((MAGNESIUM <= 1.943) U[0,2] (TOTAL_PROTEIN >= 6.403))
",0.000,-9999999.000,-9999999.000,0.000,1.000,0,1,0,77,77,1,0,78,0.0,1.0,0.0,0.0,0.01282051282051282,0.9871794871794872,-1
"F[0,2](CO2 <= 25.714 | n_evts <= 0.200)
",0.000,-9999999.000,-9999999.000,0.000,1.000,0,1,0,77,77,1,0,78,0.0,1.0,0.0,0.0,0.01282051282051282,0.9871794871794872,-1
"((ALT_GPT <= 21.067) U[0,2] (HEMOGLOBIN <= 9.396))
",0.000,-9999999.000,-9999999.000,0.000,1.000,0,1,0,77,77,1,0,78,0.0,1.0,0.0,0.0,0.01282051282051282,0.9871794871794872,-1
"((AST_GOT >= 20.974) U[0,2] (CHLORIDE <= 101.688))
",0.000,-9999999.000,-9999999.000,0.000,1.000,0,1,0,77,77,1,0,78,0.0,1.0,0.0,0.0,0.01282051282051282,0.9871794871794872,-1
"((ALKALINE_PHOSPHATASE >= 127.814) U[0,2] (ALT_GPT <= 20.917))
",0.000,-9999999.000,-9999999.000,0.000,1.000,0,1,0,77,77,1,0,78,0.0,1.0,0.0,0.0,0.01282051282051282,0.9871794871794872,-1
"G[0,2](PLATELET_COUNT < 207.702 -> y = 0.471)
",0.000,9999999.000,9999999.000,1.000,0.000,0,1,21,56,56,22,21,57,0.0,0.045454545454545456,0.9545454545454546,0.0,0.01282051282051282,0.9871794871794872,1
"G[0,2](n_evts <= 0.446 -> LOS >= 4.123)
",0.000,9999999.000,9999999.000,1.000,0.000,0,1,13,64,64,14,13,65,0.0,0.07142857142857142,0.9285714285714286,0.0,0.01282051282051282,0.9871794871794872,1
"G[0,2](Resp <= 29.290 & s24_edrk <= 0.003)
",0.000,9999999.000,9999999.000,1.000,0.000,0,1,67,10,10,68,67,11,0.0,0.014705882352941176,0.9852941176470589,0.0,0.01282051282051282,0.9871794871794872,1
"G[0,0](n_evts <= 0.369 -> LOS >= 4.073)
",1.132,-0.369,-4.133,1.000,0.000,0,1,13,64,64,14,13,65,0.0,0.07142857142857142,0.9285714285714286,0.0,0.01282051282051282,0.9871794871794872,1
"G[1,2](n_edrk <= 0.925 | POTASSIUM <= 3.844)
",0.000,9999999.000,9999999.000,1.000,0.000,0,1,69,8,8,70,69,9,0.0,0.014285714285714285,0.9857142857142858,0.0,0.01282051282051282,0.9871794871794872,1
"G[0,2](ALKALINE_PHOSPHATASE >= 124.524 -> tte <= -0.042)
",0.000,9999999.000,9999999.000,1.000,0.000,0,1,22,55,55,23,22,56,0.0,0.043478260869565216,0.9565217391304348,0.0,0.01282051282051282,0.9871794871794872,1
"((SpO2 <= 97.754) U[1,2] (y = 0.573))
",0.000,-9999999.000,-9999999.000,0.000,1.000,0,0,0,78,78,0,0,78,0.0,0.0,0.0,0.0,0.0,1.0,-1
"((MET >= 0.022) U[2,2] (death = 0.051))
",-0.408,-0.022,0.121,0.000,1.000,0,0,0,78,78,0,0,78,0.0,0.0,0.0,0.0,0.0,1.0,-1
"F[2,2](Glasgow_Coma_Scale_Total >= 14.571 -> s8_edrk <= 0.001)
",-0.408,-0.429,-0.368,0.000,1.000,0,0,0,78,78,0,0,78,0.0,0.0,0.0,0.0,0.0,1.0,-1
"F[1,2](ALBUMIN >= 3.215 & CREATININE >= 1.185)
",0.000,-9999999.000,-9999999.000,0.000,1.000,0,0,0,78,78,0,0,78,0.0,0.0,0.0,0.0,0.0,1.0,-1
"((cosen >= -2.352) U[2,2] (lds <= 2.068))
",-0.896,0.158,0.664,0.000,1.000,0,0,0,78,78,0,0,78,0.0,0.0,0.0,0.0,0.0,1.0,-1
"F[1,2](ALT_GPT <= 21.545 & CREATININE <= 1.245)
",0.000,-9999999.000,-9999999.000,0.000,1.000,0,0,0,78,78,0,0,78,0.0,0.0,0.0,0.0,0.0,1.0,-1
"((ALT_GPT >= 20.180) U[2,2] (CO2 >= 23.203))
",-2.143,0.529,2.797,0.000,1.000,0,0,0,78,78,0,0,78,0.0,0.0,0.0,0.0,0.0,1.0,-1
"((MET >= 0.007) U[1,2] (death = 0.051))
",0.000,-9999999.000,-9999999.000,0.000,1.000,0,0,0,78,78,0,0,78,0.0,0.0,0.0,0.0,0.0,1.0,-1
"((CREATININE <= 1.267) U[2,2] (POTASSIUM >= 3.619))
",-1.948,0.081,0.381,0.000,1.000,0,0,0,78,78,0,0,78,0.0,0.0,0.0,0.0,0.0,1.0,-1
"F[0,2](BLOOD_UREA_NITROGEN <= 18.062 & CREATININE >= 1.155)
",0.000,-9999999.000,-9999999.000,0.000,1.000,0,0,0,78,78,0,0,78,0.0,0.0,0.0,0.0,0.0,1.0,-1
"((ALT_GPT > 20.180) U[1,2] (y = 0.572))
",0.000,-9999999.000,-9999999.000,0.000,1.000,0,0,0,78,78,0,0,78,0.0,0.0,0.0,0.0,0.0,1.0,-1
"F[0,2](BLOOD_UREA_NITROGEN <= 18.304 & CREATININE >= 1.103)
",0.000,-9999999.000,-9999999.000,0.000,1.000,0,0,0,78,78,0,0,78,0.0,0.0,0.0,0.0,0.0,1.0,-1
"((MET >= 0.022) U[1,2] (death = 0.051))
",0.000,-9999999.000,-9999999.000,0.000,1.000,0,0,0,78,78,0,0,78,0.0,0.0,0.0,0.0,0.0,1.0,-1
"((AST_GOT >= 21.942) U[0,2] (y = 0.773))
",0.000,-9999999.000,-9999999.000,0.000,1.000,0,0,0,78,78,0,0,78,0.0,0.0,0.0,0.0,0.0,1.0,-1
"F[1,2](MAGNESIUM >= 1.735 -> n_evts <= 0.997)
",0.000,-9999999.000,-9999999.000,0.000,1.000,0,0,0,78,78,0,0,78,0.0,0.0,0.0,0.0,0.0,1.0,-1
"((MET >= 0.016) U[1,2] (death = 0.051))
",0.000,-9999999.000,-9999999.000,0.000,1.000,0,0,0,78,78,0,0,78,0.0,0.0,0.0,0.0,0.0,1.0,-1
"F[0,2](BLOOD_UREA_NITROGEN <= 17.419 & CREATININE >= 1.165)
",0.000,-9999999.000,-9999999.000,0.000,1.000,0,0,0,78,78,0,0,78,0.0,0.0,0.0,0.0,0.0,1.0,-1
"F[2,2](Glasgow_Coma_Scale_Total >= 14.295 -> O2_Flow >= 2.135)
",0.426,-0.705,-1.322,0.000,1.000,0,0,0,78,78,0,0,78,0.0,0.0,0.0,0.0,0.0,1.0,-1
"F[1,2](ICU_Pt_Days <= 1.952 & y = 0.957)
",0.000,-9999999.000,-9999999.000,0.000,1.000,0,0,0,78,78,0,0,78,0.0,0.0,0.0,0.0,0.0,1.0,-1
"F[2,2](Mort <= 0.521 -> POTASSIUM <= 3.760)
",-0.866,-0.521,-0.195,0.000,1.000,0,0,0,78,78,0,0,78,0.0,0.0,0.0,0.0,0.0,1.0,-1
"F[0,2](SODIUM > 131.992 & y = 0.376)
",0.000,-9999999.000,-9999999.000,0.000,1.000,0,0,0,78,78,0,0,78,0.0,0.0,0.0,0.0,0.0,1.0,-1
"F[2,2](GLUCOSE >= 200.303 -> PHOSPHORUS <= 3.323)
",-2.223,-67.029,0.177,0.000,1.000,0,0,0,78,78,0,0,78,0.0,0.0,0.0,0.0,0.0,1.0,-1
"((GLUCOSE <= 282.857) U[2,2] (lds <= 2.122))
",-2.305,30.155,163.857,0.000,1.000,0,0,0,78,78,0,0,78,0.0,0.0,0.0,0.0,0.0,1.0,-1
"((TROPONIN_I >= 0.060) U[1,2] (y = 0.735))
",0.000,-9999999.000,-9999999.000,0.000,1.000,0,0,0,78,78,0,0,78,0.0,0.0,0.0,0.0,0.0,1.0,-1
"F[2,2](CO2 <= 24.417 & LOS <= 6.774)
",1.335,0.699,-2.859,0.000,1.000,0,0,0,78,78,0,0,78,0.0,0.0,0.0,0.0,0.0,1.0,-1
"F[1,2](PARTIAL_THROMBOPLASTIN_TIME > 31.800 & y = 0.500)
",0.000,-9999999.000,-9999999.000,0.000,1.000,0,0,0,78,78,0,0,78,0.0,0.0,0.0,0.0,0.0,1.0,-1
"F[2,2](srr >= 0.027 & TOTAL_PROTEIN >= 6.710)
",2.305,-0.067,-0.410,0.000,1.000,0,0,0,78,78,0,0,78,0.0,0.0,0.0,0.0,0.0,1.0,-1
"F[2,2](s24_edrk <= 0.002 -> s8_edrk >= -0.000)
",0.520,-0.002,-0.002,0.000,1.000,0,0,0,78,78,0,0,78,0.0,0.0,0.0,0.0,0.0,1.0,-1
"((LOS <= 11.953) U[2,2] (SODIUM >= 131.545))
",0.584,7.953,7.025,0.000,1.000,0,0,0,78,78,0,0,78,0.0,0.0,0.0,0.0,0.0,1.0,-1
"F[2,2](BLOOD_UREA_NITROGEN <= 20.297 & CREATININE >= 1.129)
",2.236,-0.015,-0.703,0.000,1.000,0,0,0,78,78,0,0,78,0.0,0.0,0.0,0.0,0.0,1.0,-1
"F[1,2](ALBUMIN >= 3.263 & SBP <= 182.619)
",0.000,-9999999.000,-9999999.000,0.000,1.000,0,0,0,78,78,0,0,78,0.0,0.0,0.0,0.0,0.0,1.0,-1
"F[1,2](ALT_GPT <= 21.248 & SBP >= 89.647)
",0.000,-9999999.000,-9999999.000,0.000,1.000,0,0,0,78,78,0,0,78,0.0,0.0,0.0,0.0,0.0,1.0,-1
"F[1,2](BLOOD_UREA_NITROGEN <= 18.394 & CREATININE >= 1.128)
",0.000,-9999999.000,-9999999.000,0.000,1.000,0,0,0,78,78,0,0,78,0.0,0.0,0.0,0.0,0.0,1.0,-1
"((HEMOGLOBIN <= 9.512) U[2,2] (TOTAL_PROTEIN <= 6.811))
",0.004,0.512,0.511,0.000,1.000,0,0,0,78,78,0,0,78,0.0,0.0,0.0,0.0,0.0,1.0,-1
"F[2,2](AST_GOT <= 22.840 | CALCIUM <= 9.224)
",2.324,2.447,0.324,0.000,1.000,0,0,0,78,78,0,0,78,0.0,0.0,0.0,0.0,0.0,1.0,-1
"F[0,2](CHLORIDE >= 100.879 & WHITE_BLOOD_CELL_COUNT >= 10.157)
",0.000,-9999999.000,-9999999.000,0.000,1.000,0,0,0,78,78,0,0,78,0.0,0.0,0.0,0.0,0.0,1.0,-1
"F[2,2](n_edrk <= 0.979 & PLATELET_COUNT >= 199.124)
",-0.771,-1.792,0.588,0.000,1.000,0,0,0,78,78,0,0,78,0.0,0.0,0.0,0.0,0.0,1.0,-1
"((CREATININE <= 1.300) U[1,2] (GLUCOSE >= 142.389))
",0.000,-9999999.000,-9999999.000,0.000,1.000,0,0,0,78,78,0,0,78,0.0,0.0,0.0,0.0,0.0,1.0,-1
"F[2,2](ALKALINE_PHOSPHATASE <= 147.505 -> BLOOD_UREA_NITROGEN >= 16.919)
",2.310,-7.503,-56.505,0.000,1.000,0,0,0,78,78,0,0,78,0.0,0.0,0.0,0.0,0.0,1.0,-1
"F[2,2](edrk >= 14.387 | MAGNESIUM <= 1.973)
",0.605,11.133,4.803,0.000,1.000,0,0,0,78,78,0,0,78,0.0,0.0,0.0,0.0,0.0,1.0,-1
"((AST_GOT >= 21.262) U[2,2] (edrk >= 22.764))
",-0.661,3.320,6.917,0.000,1.000,0,0,0,78,78,0,0,78,0.0,0.0,0.0,0.0,0.0,1.0,-1
"((edrk >= 19.109) U[1,2] (TOTAL_PROTEIN >= 6.415))
",0.000,-9999999.000,-9999999.000,0.000,1.000,0,0,0,78,78,0,0,78,0.0,0.0,0.0,0.0,0.0,1.0,-1
"((ALKALINE_PHOSPHATASE >= 101.100) U[2,2] (edrk <= 31.718))
",1.255,44.662,13.306,0.000,1.000,0,0,0,78,78,0,0,78,0.0,0.0,0.0,0.0,0.0,1.0,-1
"F[1,2](CHLORIDE <= 101.389 & direct >= 0.036)
",0.000,-9999999.000,-9999999.000,0.000,1.000,0,0,0,78,78,0,0,78,0.0,0.0,0.0,0.0,0.0,1.0,-1
"((ALKALINE_PHOSPHATASE >= 120.837) U[2,2] (WHITE_BLOOD_CELL_COUNT <= 15.957))
",2.061,27.970,7.557,0.000,1.000,0,0,0,78,78,0,0,78,0.0,0.0,0.0,0.0,0.0,1.0,-1
"((MET >= 0.007) U[0,2] (death = 0.051))
",0.000,-9999999.000,-9999999.000,0.000,1.000,0,0,0,78,78,0,0,78,0.0,0.0,0.0,0.0,0.0,1.0,-1
"F[2,2](lds <= 1.934 | MET <= 0.621)
",-0.408,0.621,0.648,0.000,1.000,0,0,0,78,78,0,0,78,0.0,0.0,0.0,0.0,0.0,1.0,-1
"F[2,2](SODIUM >= 132.801 & tte >= -3.685)
",-1.012,-0.350,2.699,0.000,1.000,0,0,0,78,78,0,0,78,0.0,0.0,0.0,0.0,0.0,1.0,-1
"F[2,2](CALCIUM <= 9.153 | POTASSIUM <= 3.652)
",-1.212,0.193,0.253,0.000,1.000,0,0,0,78,78,0,0,78,0.0,0.0,0.0,0.0,0.0,1.0,-1
"((Glasgow_Coma_Scale_Total <= 14.978) U[1,2] (y = 0.291))
",0.000,-9999999.000,-9999999.000,0.000,1.000,0,0,0,78,78,0,0,78,0.0,0.0,0.0,0.0,0.0,1.0,-1
"F[0,2](CREATININE >= 1.113 | WHITE_BLOOD_CELL_COUNT >= 14.761)
",0.000,-9999999.000,-9999999.000,0.000,1.000,0,0,0,78,78,0,0,78,0.0,0.0,0.0,0.0,0.0,1.0,-1
"F[2,2](Resp <= 22.934 -> Temp <= 37.106)
",0.664,-1.578,-4.648,0.000,1.000,0,0,0,78,78,0,0,78,0.0,0.0,0.0,0.0,0.0,1.0,-1
"F[2,2](MAGNESIUM <= 1.826 -> SODIUM <= 135.763)
",-2.242,-3.397,0.174,0.000,1.000,0,0,0,78,78,0,0,78,0.0,0.0,0.0,0.0,0.0,1.0,-1
"((MAGNESIUM <= 1.980) U[2,2] (tte <= -0.131))
",-0.504,0.208,0.873,0.000,1.000,0,0,0,78,78,0,0,78,0.0,0.0,0.0,0.0,0.0,1.0,-1
"F[1,2](BLOOD_UREA_NITROGEN <= 17.595 & CALCIUM >= 9.041)
",0.000,-9999999.000,-9999999.000,0.000,1.000,0,0,0,78,78,0,0,78,0.0,0.0,0.0,0.0,0.0,1.0,-1
"((ALBUMIN <= 3.300) U[2,2] (MAGNESIUM <= 1.998))
",1.916,0.242,0.100,0.000,1.000,0,0,0,78,78,0,0,78,0.0,0.0,0.0,0.0,0.0,1.0,-1
"((WHITE_BLOOD_CELL_COUNT < 17.966) U[1,2] (y = 0.695))
",0.000,-9999999.000,-9999999.000,0.000,1.000,0,0,0,78,78,0,0,78,0.0,0.0,0.0,0.0,0.0,1.0,-1
"F[2,2](ALKALINE_PHOSPHATASE >= 132.919 & n_evts >= 0.003)
",2.324,-6.552,-41.919,0.000,1.000,0,0,0,78,78,0,0,78,0.0,0.0,0.0,0.0,0.0,1.0,-1
"F[0,2](ALT_GPT >= 20.192 & CALCIUM >= 9.058)
",0.000,-9999999.000,-9999999.000,0.000,1.000,0,0,0,78,78,0,0,78,0.0,0.0,0.0,0.0,0.0,1.0,-1
"F[2,2](ALBUMIN >= 3.263 | CALCIUM >= 9.012)
",0.888,0.159,-0.063,0.000,1.000,0,0,0,78,78,0,0,78,0.0,0.0,0.0,0.0,0.0,1.0,-1
"F[2,2](death >= 0.036 & lds >= 1.641)
",0.456,-0.040,-0.123,0.000,1.000,0,0,0,78,78,0,0,78,0.0,0.0,0.0,0.0,0.0,1.0,-1
"F[1,2](CALCIUM <= 9.554 & y = 0.179)
",0.000,-9999999.000,-9999999.000,0.000,1.000,0,0,0,78,78,0,0,78,0.0,0.0,0.0,0.0,0.0,1.0,-1
"((PCO2 >= 39.500) U[0,2] (y = 0.359))
",0.000,-9999999.000,-9999999.000,0.000,1.000,0,0,0,78,78,0,0,78,0.0,0.0,0.0,0.0,0.0,1.0,-1
"G[0,2](s24_hr >= -0.002 -> s2_hr >= -0.002)
",0.000,9999999.000,9999999.000,1.000,0.000,0,0,78,0,0,78,78,0,0.0,0.0,1.0,0.0,0.0,1.0,1
"F[0,2](HEMOGLOBIN >= 9.227 & PLATELET_COUNT <= 210.985)
",0.000,-9999999.000,-9999999.000,0.000,1.000,0,0,0,78,78,0,0,78,0.0,0.0,0.0,0.0,0.0,1.0,-1
"((AF < 0.080) U[1,2] (y = 0.026))
",0.000,-9999999.000,-9999999.000,0.000,1.000,0,0,0,78,78,0,0,78,0.0,0.0,0.0,0.0,0.0,1.0,-1
"G[0,2](ALT_GPT >= 20.497 | AST_GOT <= 25.802)
",0.000,9999999.000,9999999.000,1.000,0.000,0,0,78,0,0,78,78,0,0.0,0.0,1.0,0.0,0.0,1.0,1
"G[2,2](HEMOGLOBIN <= 10.001 & n_evts >= 0.067)
",2.646,-0.084,-0.199,1.000,0.000,0,0,78,0,0,78,78,0,0.0,0.0,1.0,0.0,0.0,1.0,1
"G[1,2](n_evts <= 0.409 -> LOS >= 3.398)
",0.000,9999999.000,9999999.000,1.000,0.000,0,0,78,0,0,78,78,0,0.0,0.0,1.0,0.0,0.0,1.0,1
"G[2,2](ALBUMIN >= 3.243 -> GLUCOSE >= 137.286)
",-2.291,-120.221,0.043,1.000,0.000,0,0,78,0,0,78,78,0,0.0,0.0,1.0,0.0,0.0,1.0,1
"G[2,2](AST_GOT >= 21.315 & y >= 0.049)
",-1.956,-1.117,0.666,1.000,0.000,0,0,78,0,0,78,78,0,0.0,0.0,1.0,0.0,0.0,1.0,1
"G[2,2](cosen >= -2.345 | Temp <= 37.380)
",-0.576,0.275,0.734,1.000,0.000,0,0,78,0,0,78,78,0,0.0,0.0,1.0,0.0,0.0,1.0,1
"G[2,2](SODIUM >= 131.028 | TOTAL_PROTEIN >= 6.397)
",-2.311,1.636,5.972,1.000,0.000,0,0,78,0,0,78,78,0,0.0,0.0,1.0,0.0,0.0,1.0,1
"G[1,2](lds <= 2.146 -> srr <= 0.166)
",0.000,9999999.000,9999999.000,1.000,0.000,0,0,77,1,1,77,77,1,0.0,0.0,1.0,0.0,0.0,1.0,1
"G[1,2](POTASSIUM <= 3.688 -> y <= 0.238)
",0.000,9999999.000,9999999.000,1.000,0.000,0,0,78,0,0,78,78,0,0.0,0.0,1.0,0.0,0.0,1.0,1
"G[0,2](n_evts <= 0.688 | POTASSIUM >= 3.533)
",0.000,9999999.000,9999999.000,1.000,0.000,0,0,78,0,0,78,78,0,0.0,0.0,1.0,0.0,0.0,1.0,1
"G[1,2](POTASSIUM <= 3.815 | TOTAL_PROTEIN <= 6.873)
",0.000,9999999.000,9999999.000,1.000,0.000,0,0,78,0,0,78,78,0,0.0,0.0,1.0,0.0,0.0,1.0,1
"G[1,2](PLATELET_COUNT >= 199.463 | y >= 0.062)
",0.000,9999999.000,9999999.000,1.000,0.000,0,0,22,56,56,22,22,56,0.0,0.0,1.0,0.0,0.0,1.0,1
"G[1,2](ALBUMIN <= 3.292 -> BLOOD_UREA_NITROGEN >= 16.208)
",0.000,9999999.000,9999999.000,1.000,0.000,0,0,78,0,0,78,78,0,0.0,0.0,1.0,0.0,0.0,1.0,1
"G[1,2](n_evts <= 0.270 -> LOS >= 2.035)
",0.000,9999999.000,9999999.000,1.000,0.000,0,0,78,0,0,78,78,0,0.0,0.0,1.0,0.0,0.0,1.0,1
"G[0,2](CO2 >= 23.069 & WHITE_BLOOD_CELL_COUNT <= 15.373)
",0.000,9999999.000,9999999.000,1.000,0.000,0,0,36,42,42,36,36,42,0.0,0.0,1.0,0.0,0.0,1.0,1
"G[0,2](CHLORIDE <= 101.511 | HEMOGLOBIN >= 8.920)
",0.000,9999999.000,9999999.000,1.000,0.000,0,0,78,0,0,78,78,0,0.0,0.0,1.0,0.0,0.0,1.0,1
"G[2,2](HEMOGLOBIN <= 9.389 -> tte >= -0.636)
",-1.316,-0.679,-0.000,1.000,0.000,0,0,78,0,0,78,78,0,0.0,0.0,1.0,0.0,0.0,1.0,1
"G[1,2](BLOOD_UREA_NITROGEN >= 13.179 & s8_hr <= 0.001)
",0.000,9999999.000,9999999.000,1.000,0.000,0,0,64,14,14,64,64,14,0.0,0.0,1.0,0.0,0.0,1.0,1
"G[1,2](CHLORIDE <= 101.432 -> tte <= -0.052)
",0.000,9999999.000,9999999.000,1.000,0.000,0,0,23,55,55,23,23,55,0.0,0.0,1.0,0.0,0.0,1.0,1
"G[1,2](n_evts <= 0.455 -> LOS >= 3.884)
",0.000,9999999.000,9999999.000,1.000,0.000,0,0,78,0,0,78,78,0,0.0,0.0,1.0,0.0,0.0,1.0,1
"G[1,2](cosen >= -2.325 | Resp <= 22.550)
",0.000,9999999.000,9999999.000,1.000,0.000,0,0,71,7,7,71,71,7,0.0,0.0,1.0,0.0,0.0,1.0,1
"G[0,2](CO2 <= 24.965 -> SODIUM <= 135.300)
",0.000,9999999.000,9999999.000,1.000,0.000,0,0,78,0,0,78,78,0,0.0,0.0,1.0,0.0,0.0,1.0,1
"G[0,2](n_evts <= 0.295 -> LOS >= 3.043)
",0.000,9999999.000,9999999.000,1.000,0.000,0,0,78,0,0,78,78,0,0.0,0.0,1.0,0.0,0.0,1.0,1
"G[0,2](Resp >= 15.062 -> srr >= 0.015)
",0.000,9999999.000,9999999.000,1.000,0.000,0,0,45,33,33,45,45,33,0.0,0.0,1.0,0.0,0.0,1.0,1
"G[1,2](POTASSIUM >= 3.537 -> s24_hr >= -0.002)
",0.000,9999999.000,9999999.000,1.000,0.000,0,0,74,4,4,74,74,4,0.0,0.0,1.0,0.0,0.0,1.0,1
"G[2,2](n_evts <= 0.207 -> LOS >= 2.094)
",0.771,-1.906,-4.906,1.000,0.000,0,0,78,0,0,78,78,0,0.0,0.0,1.0,0.0,0.0,1.0,1
"G[1,2](LOS <= 4.452 | PLATELET_COUNT >= 200.400)
",0.000,9999999.000,9999999.000,1.000,0.000,0,0,78,0,0,78,78,0,0.0,0.0,1.0,0.0,0.0,1.0,1
"G[2,2](AST_GOT <= 25.283 -> PLATELET_COUNT <= 207.076)
",-2.192,-8.539,1.717,1.000,0.000,0,0,78,0,0,78,78,0,0.0,0.0,1.0,0.0,0.0,1.0,1
"G[2,2](ALBUMIN <= 3.279 & srr >= 0.011)
",-1.949,-0.017,0.052,1.000,0.000,0,0,78,0,0,78,78,0,0.0,0.0,1.0,0.0,0.0,1.0,1
"G[2,2](LACTIC_ACID < 1.300 & y = 0.078)
",1.581,-0.078,-0.681,1.000,0.000,0,0,78,0,0,78,78,0,0.0,0.0,1.0,0.0,0.0,1.0,1
"G[1,2](Mort >= 0.021 | srr >= 0.008)
",0.000,9999999.000,9999999.000,1.000,0.000,0,0,76,2,2,76,76,2,0.0,0.0,1.0,0.0,0.0,1.0,1
"G[1,2](POTASSIUM <= 3.709 -> WHITE_BLOOD_CELL_COUNT >= 12.763)
",0.000,9999999.000,9999999.000,1.000,0.000,0,0,78,0,0,78,78,0,0.0,0.0,1.0,0.0,0.0,1.0,1
"G[2,2](AST_GOT <= 26.071 | POTASSIUM <= 3.755)
",2.324,5.084,-0.245,1.000,0.000,0,0,78,0,0,78,78,0,0.0,0.0,1.0,0.0,0.0,1.0,1
"((CO2 >= 23.551) U[2,2] (MAGNESIUM >= 1.791))
",-2.248,0.441,2.449,0.000,1.000,0,0,0,78,78,0,0,78,0.0,0.0,0.0,0.0,0.0,1.0,-1
"((edrk <= 26.091) U[0,2] (y = 0.055))
",0.000,-9999999.000,-9999999.000,0.000,1.000,0,0,0,78,78,0,0,78,0.0,0.0,0.0,0.0,0.0,1.0,-1
"F[2,2](BLOOD_UREA_NITROGEN < 17.947 -> y = 0.638)
",-0.903,-2.199,0.441,0.000,1.000,0,0,0,78,78,0,0,78,0.0,0.0,0.0,0.0,0.0,1.0,-1
"F[2,2](AST_GOT <= 25.226 -> TOTAL_PROTEIN >= 6.556)
",-2.324,-4.369,0.256,0.000,1.000,0,0,0,78,78,0,0,78,0.0,0.0,0.0,0.0,0.0,1.0,-1
"((MET >= 0.017) U[0,2] (death = 0.051))
",0.000,-9999999.000,-9999999.000,0.000,1.000,0,0,0,78,78,0,0,78,0.0,0.0,0.0,0.0,0.0,1.0,-1
"F[1,2](lds > 1.433 & y = 0.844)
",0.000,-9999999.000,-9999999.000,0.000,1.000,0,0,0,78,78,0,0,78,0.0,0.0,0.0,0.0,0.0,1.0,-1
"((MET >= 0.006) U[2,2] (death = 0.051))
",-0.408,-0.006,0.137,0.000,1.000,0,0,0,78,78,0,0,78,0.0,0.0,0.0,0.0,0.0,1.0,-1
"F[0,2](BLOOD_UREA_NITROGEN <= 17.820 & CREATININE >= 1.140)
",0.000,-9999999.000,-9999999.000,0.000,1.000,0,0,0,78,78,0,0,78,0.0,0.0,0.0,0.0,0.0,1.0,-1
"G[0,2](AST_GOT >= 20.740 | O2_Flow <= 4.027)
",0.000,9999999.000,9999999.000,1.000,0.000,0,0,78,0,0,78,78,0,0.0,0.0,1.0,0.0,0.0,1.0,1
"G[2,2](LOS >= 2.681 -> TOTAL_PROTEIN <= 6.894)
",0.865,-1.319,-4.501,1.000,0.000,0,0,78,0,0,78,78,0,0.0,0.0,1.0,0.0,0.0,1.0,1
"G[1,2](GLUCOSE >= 187.385 -> PLATELET_COUNT <= 209.435)
",0.000,9999999.000,9999999.000,1.000,0.000,0,0,78,0,0,78,78,0,0.0,0.0,1.0,0.0,0.0,1.0,1
"G[1,2](ALKALINE_PHOSPHATASE >= 92.643 | PLATELET_COUNT >= 197.524)
",0.000,9999999.000,9999999.000,1.000,0.000,0,0,78,0,0,78,78,0,0.0,0.0,1.0,0.0,0.0,1.0,1
"G[2,2](Temp <= 37.285 -> y = 0.249)
",0.424,-0.148,-0.499,1.000,0.000,0,0,78,0,0,78,78,0,0.0,0.0,1.0,0.0,0.0,1.0,1
"G[0,2](CHLORIDE <= 101.878 -> PHOSPHORUS <= 3.390)
",0.000,9999999.000,9999999.000,1.000,0.000,0,0,78,0,0,78,78,0,0.0,0.0,1.0,0.0,0.0,1.0,1
"G[0,2](SODIUM <= 134.415 | WHITE_BLOOD_CELL_COUNT <= 18.661)
",0.000,9999999.000,9999999.000,1.000,0.000,0,0,77,1,1,77,77,1,0.0,0.0,1.0,0.0,0.0,1.0,1
"G[1,2](ALKALINE_PHOSPHATASE <= 144.219 -> POTASSIUM >= 3.526)
",0.000,9999999.000,9999999.000,1.000,0.000,0,0,78,0,0,78,78,0,0.0,0.0,1.0,0.0,0.0,1.0,1
"G[2,2](CHLORIDE <= 101.459 -> y >= 0.027)
",0.057,-0.633,-0.688,1.000,0.000,0,0,78,0,0,78,78,0,0.0,0.0,1.0,0.0,0.0,1.0,1
"G[1,2](n_edrk <= 0.918 | SODIUM >= 131.189)
",0.000,9999999.000,9999999.000,1.000,0.000,0,0,66,12,12,66,66,12,0.0,0.0,1.0,0.0,0.0,1.0,1
"G[0,2](AST_GOT >= 20.648 | n_edrk >= 0.782)
",0.000,9999999.000,9999999.000,1.000,0.000,0,0,74,4,4,74,74,4,0.0,0.0,1.0,0.0,0.0,1.0,1
"G[0,2](n_edrk >= 0.601 | srr >= 0.012)
",0.000,9999999.000,9999999.000,1.000,0.000,0,0,78,0,0,78,78,0,0.0,0.0,1.0,0.0,0.0,1.0,1
"G[0,2](BLOOD_UREA_NITROGEN <= 18.086 | PHOSPHORUS >= 2.763)
",0.000,9999999.000,9999999.000,1.000,0.000,0,0,78,0,0,78,78,0,0.0,0.0,1.0,0.0,0.0,1.0,1
"G[1,2](s8_edrk <= 0.000 -> Temp >= 36.574)
",0.000,9999999.000,9999999.000,1.000,0.000,0,0,78,0,0,78,78,0,0.0,0.0,1.0,0.0,0.0,1.0,1
"G[1,2](CREATININE <= 1.269 -> MAGNESIUM >= 1.733)
",0.000,9999999.000,9999999.000,1.000,0.000,0,0,78,0,0,78,78,0,0.0,0.0,1.0,0.0,0.0,1.0,1
"G[2,2](lds <= 2.095 & SODIUM <= 135.992)
",2.228,-0.024,-1.008,1.000,0.000,0,0,78,0,0,78,78,0,0.0,0.0,1.0,0.0,0.0,1.0,1
"G[1,2](death >= 0.020 -> n_edrk <= 0.970)
",0.000,9999999.000,9999999.000,1.000,0.000,0,0,78,0,0,78,78,0,0.0,0.0,1.0,0.0,0.0,1.0,1
"G[2,2](SBP >= 70.417 & y = 0.270)
",0.549,-0.270,-1.763,1.000,0.000,0,0,78,0,0,78,78,0,0.0,0.0,1.0,0.0,0.0,1.0,1
"G[0,2](MAGNESIUM >= 1.714 | Mort <= 0.727)
",0.000,9999999.000,9999999.000,1.000,0.000,0,0,78,0,0,78,78,0,0.0,0.0,1.0,0.0,0.0,1.0,1
"G[2,2](death <= 0.258 | s8_edrk <= 0.002)
",0.632,0.258,0.185,1.000,0.000,0,0,78,0,0,78,78,0,0.0,0.0,1.0,0.0,0.0,1.0,1
"F[0,2](s24_hr > -0.004 & y = 0.918)
",0.000,-9999999.000,-9999999.000,0.000,1.000,0,0,0,78,78,0,0,78,0.0,0.0,0.0,0.0,0.0,1.0,-1
