Rule,Discrimination Score,Pos Robustness,Neg Robustness,Percent Class +,Percent Class -,TP,TN,FP,FN,Actual Yes,Actual No,Predicted Yes,Predicted No,TPR/Sens,TNR/Spec,FPR,Precision,Accuracy,MCR,Class
"G[0,1](Glasgow_Coma_Scale_Total >= 14.077 & n_evts <= 0.975)
",0.000,9999999.000,9999999.000,1.000,0.000,20,14,0,0,20,14,20,14,1.0,1.0,0.0,1.0,1.0,0.0,1
"F[0,1](cosen >= -2.624 & n_evts >= 0.353)
",0.000,-9999999.000,-9999999.000,0.000,1.000,20,14,0,0,20,14,20,14,1.0,1.0,0.0,1.0,1.0,0.0,-1
"((LOS >= 1.146) U[1,2] (s2_edrk >= -0.005))
",0.000,-9999999.000,-9999999.000,0.000,1.000,20,13,1,0,20,14,21,13,1.0,0.9285714285714286,0.07142857142857142,0.9523809523809523,0.9705882352941176,0.02941176470588236,-1
"F[0,1](CREATININE >= 1.100 -> ICU_Pt_Days >= 0.390)
",0.000,-9999999.000,-9999999.000,0.000,1.000,20,13,1,0,20,14,21,13,1.0,0.9285714285714286,0.07142857142857142,0.9523809523809523,0.9705882352941176,0.02941176470588236,-1
"((edrk >= 13.494) U[0,1] (ICU_Pt_Days >= 0.165))
",0.000,-9999999.000,-9999999.000,0.000,1.000,20,13,1,0,20,14,21,13,1.0,0.9285714285714286,0.07142857142857142,0.9523809523809523,0.9705882352941176,0.02941176470588236,-1
"F[0,1](O2_Flow >= 2.120 | Pulse >= 70.277)
",0.000,-9999999.000,-9999999.000,0.000,1.000,20,13,1,0,20,14,21,13,1.0,0.9285714285714286,0.07142857142857142,0.9523809523809523,0.9705882352941176,0.02941176470588236,-1
"((af <= 0.100) U[0,1] (ICU_Pt_Days >= 0.251))
",0.000,-9999999.000,-9999999.000,0.000,1.000,20,13,1,0,20,14,21,13,1.0,0.9285714285714286,0.07142857142857142,0.9523809523809523,0.9705882352941176,0.02941176470588236,-1
"F[0,1](srr <= 0.113 -> tte <= -0.380)
",0.000,-9999999.000,-9999999.000,0.000,1.000,18,13,1,2,20,14,19,15,0.9,0.9285714285714286,0.07142857142857142,0.9473684210526315,0.9117647058823529,0.08823529411764708,-1
"((cosen <= -1.714) U[0,0] (LOS >= 2.168))
",-0.732,0.756,3.499,0.000,1.000,20,11,3,0,20,14,23,11,1.0,0.7857142857142857,0.21428571428571427,0.8695652173913043,0.9117647058823529,0.08823529411764708,-1
"F[0,0](O2_Flow >= 2.080 | tte <= -0.142)
",-1.091,-0.080,1.705,0.000,1.000,20,11,3,0,20,14,23,11,1.0,0.7857142857142857,0.21428571428571427,0.8695652173913043,0.9117647058823529,0.08823529411764708,-1
"G[0,1](direct <= 0.423 & Temp >= 35.989)
",0.000,9999999.000,9999999.000,1.000,0.000,20,11,3,0,20,14,23,11,1.0,0.7857142857142857,0.21428571428571427,0.8695652173913043,0.9117647058823529,0.08823529411764708,1
"G[0,1](LOS <= 3.033 & s8_hr >= -0.006)
",0.000,9999999.000,9999999.000,1.000,0.000,18,12,2,2,20,14,20,14,0.9,0.8571428571428571,0.14285714285714285,0.9,0.8823529411764706,0.11764705882352944,1
"G[0,1](ICU_Pt_Days <= 2.476 & LOS <= 7.161)
",0.000,9999999.000,9999999.000,1.000,0.000,20,10,4,0,20,14,24,10,1.0,0.7142857142857143,0.2857142857142857,0.8333333333333334,0.8823529411764706,0.11764705882352944,1
"F[0,1](Glasgow_Coma_Scale_Total >= 14.732 -> n_edrk <= 0.933)
",0.000,-9999999.000,-9999999.000,0.000,1.000,16,14,0,4,20,14,16,18,0.8,1.0,0.0,1.0,0.8823529411764706,0.11764705882352944,-1
"((LOS >= 0.234) U[1,1] (srr <= 0.109))
",-1.791,0.048,6.480,0.000,1.000,20,10,4,0,20,14,24,10,1.0,0.7142857142857143,0.2857142857142857,0.8333333333333334,0.8823529411764706,0.11764705882352944,-1
"((s8_hr >= -0.001) U[0,1] (tte <= -0.116))
",0.000,-9999999.000,-9999999.000,0.000,1.000,20,10,4,0,20,14,24,10,1.0,0.7142857142857143,0.2857142857142857,0.8333333333333334,0.8823529411764706,0.11764705882352944,-1
"((SBP <= 116.662) U[0,0] (y >= 0.141))
",-0.296,3.421,7.318,0.000,1.000,20,9,5,0,20,14,25,9,1.0,0.6428571428571429,0.35714285714285715,0.8,0.8529411764705882,0.1470588235294118,-1
"G[1,1](ICU_Pt_Days >= 0.419 -> SpO2 <= 95.551)
",1.373,0.128,-3.010,1.000,0.000,20,9,5,0,20,14,25,9,1.0,0.6428571428571429,0.35714285714285715,0.8,0.8529411764705882,0.1470588235294118,1
"((ICU_Pt_Days <= 4.712) U[0,0] (y >= 0.205))
",1.205,4.712,2.462,0.000,1.000,20,9,5,0,20,14,25,9,1.0,0.6428571428571429,0.35714285714285715,0.8,0.8529411764705882,0.1470588235294118,-1
"F[0,0](AF <= 0.180 & ICU_Pt_Days >= 0.820)
",-1.460,-0.820,-0.177,0.000,1.000,20,9,5,0,20,14,25,9,1.0,0.6428571428571429,0.35714285714285715,0.8,0.8529411764705882,0.1470588235294118,-1
"G[0,1](Mort <= 0.261 & s2_edrk >= -0.008)
",0.000,9999999.000,9999999.000,1.000,0.000,20,9,5,0,20,14,25,9,1.0,0.6428571428571429,0.35714285714285715,0.8,0.8529411764705882,0.1470588235294118,1
"G[0,1](n_edrk <= 0.818 -> y = 0.506)
",0.000,9999999.000,9999999.000,1.000,0.000,16,13,1,4,20,14,17,17,0.8,0.9285714285714286,0.07142857142857142,0.9411764705882353,0.8529411764705882,0.1470588235294118,1
"G[0,1](MET >= 0.039 | y <= 0.854)
",0.000,9999999.000,9999999.000,1.000,0.000,20,9,5,0,20,14,25,9,1.0,0.6428571428571429,0.35714285714285715,0.8,0.8529411764705882,0.1470588235294118,1
"G[0,1](Mort <= 0.752 & O2_Flow <= 6.097)
",0.000,9999999.000,9999999.000,1.000,0.000,20,9,5,0,20,14,25,9,1.0,0.6428571428571429,0.35714285714285715,0.8,0.8529411764705882,0.1470588235294118,1
"G[1,1](Glasgow_Coma_Scale_Total >= 14.325 & y <= 0.388)
",2.449,0.388,-0.469,1.000,0.000,20,9,5,0,20,14,25,9,1.0,0.6428571428571429,0.35714285714285715,0.8,0.8529411764705882,0.1470588235294118,1
"G[0,1](direct <= 0.676 | O2_Flow >= 2.065)
",0.000,9999999.000,9999999.000,1.000,0.000,20,8,6,0,20,14,26,8,1.0,0.5714285714285714,0.42857142857142855,0.7692307692307693,0.8235294117647058,0.17647058823529416,1
"F[0,1](n_evts >= 0.189 & O2_Flow >= 2.153)
",0.000,-9999999.000,-9999999.000,0.000,1.000,20,8,6,0,20,14,26,8,1.0,0.5714285714285714,0.42857142857142855,0.7692307692307693,0.8235294117647058,0.17647058823529416,-1
"((MET <= 0.074) U[0,0] (n_edrk <= 0.766))
",0.017,0.213,0.205,0.000,1.000,17,10,4,3,20,14,21,13,0.85,0.7142857142857143,0.2857142857142857,0.8095238095238095,0.7941176470588235,0.20588235294117652,-1
"((O2_Flow >= 2.209) U[1,2] (Temp <= 37.248))
",0.000,-9999999.000,-9999999.000,0.000,1.000,20,6,5,3,23,11,25,9,0.8695652173913043,0.5454545454545454,0.45454545454545453,0.8,0.7647058823529411,0.23529411764705888,-1
"((ALBUMIN >= 3.200) U[0,1] (Glasgow_Coma_Scale_Total <= 14.937))
",0.000,-9999999.000,-9999999.000,0.000,1.000,20,5,9,0,20,14,29,5,1.0,0.35714285714285715,0.6428571428571429,0.6896551724137931,0.7352941176470589,0.2647058823529411,-1
"((hr >= 69.290) U[1,2] (s24_edrk <= 0.001))
",0.000,-9999999.000,-9999999.000,0.000,1.000,15,10,0,9,24,10,15,19,0.625,1.0,0.0,1.0,0.7352941176470589,0.2647058823529411,-1
"G[1,1](af <= 0.293 -> SpO2 <= 97.521)
",-0.322,-1.621,-1.138,1.000,0.000,20,5,9,0,20,14,29,5,1.0,0.35714285714285715,0.6428571428571429,0.6896551724137931,0.7352941176470589,0.2647058823529411,1
"G[0,0](dfa <= 1.230 -> srr >= 0.041)
",0.225,-0.439,-0.541,1.000,0.000,17,7,7,3,20,14,24,10,0.85,0.5,0.5,0.7083333333333334,0.7058823529411765,0.2941176470588235,1
"G[0,1](O2_Flow >= 2.083 -> s24_hr <= -0.000)
",0.000,9999999.000,9999999.000,1.000,0.000,20,4,10,0,20,14,30,4,1.0,0.2857142857142857,0.7142857142857143,0.6666666666666666,0.7058823529411765,0.2941176470588235,1
"F[0,0](n_edrk >= 0.610 & O2_Flow >= 2.264)
",-0.431,-0.304,-0.137,0.000,1.000,20,4,10,0,20,14,30,4,1.0,0.2857142857142857,0.7142857142857143,0.6666666666666666,0.7058823529411765,0.2941176470588235,-1
"F[0,0](AF <= 0.395 & death >= 0.068)
",-0.597,-0.068,0.059,0.000,1.000,20,4,10,0,20,14,30,4,1.0,0.2857142857142857,0.7142857142857143,0.6666666666666666,0.7058823529411765,0.2941176470588235,-1
"((Glasgow_Coma_Scale_Total <= 14.970) U[1,1] (s2_edrk >= -0.000))
",-0.410,0.000,0.140,0.000,1.000,20,4,10,0,20,14,30,4,1.0,0.2857142857142857,0.7142857142857143,0.6666666666666666,0.7058823529411765,0.2941176470588235,-1
"((ICU_Pt_Days <= 3.997) U[1,1] (Mort >= 0.058))
",2.107,3.997,1.251,0.000,1.000,20,4,10,0,20,14,30,4,1.0,0.2857142857142857,0.7142857142857143,0.6666666666666666,0.7058823529411765,0.2941176470588235,-1
"F[0,0](dfa >= 0.506 -> y = 0.818)
",-0.238,-0.297,-0.184,0.000,1.000,20,4,10,0,20,14,30,4,1.0,0.2857142857142857,0.7142857142857143,0.6666666666666666,0.7058823529411765,0.2941176470588235,-1
"G[1,1](af <= 0.102 & Temp >= 36.230)
",0.842,0.102,-0.144,1.000,0.000,20,4,10,0,20,14,30,4,1.0,0.2857142857142857,0.7142857142857143,0.6666666666666666,0.7058823529411765,0.2941176470588235,1
"((CALCIUM >= 8.900) U[0,0] (cosen >= -2.405))
",-0.819,0.063,0.310,0.000,1.000,9,14,0,11,20,14,9,25,0.45,1.0,0.0,1.0,0.6764705882352942,0.32352941176470584,-1
"((death >= 0.026) U[1,2] (Glasgow_Coma_Scale_Total >= 14.290))
",0.000,-9999999.000,-9999999.000,0.000,1.000,20,3,9,2,22,12,29,5,0.9090909090909091,0.25,0.75,0.6896551724137931,0.6764705882352942,0.32352941176470584,-1
"((ICU_Pt_Days <= 4.204) U[1,1] (n_edrk <= 0.788))
",2.032,4.204,1.278,0.000,1.000,17,6,8,3,20,14,25,9,0.85,0.42857142857142855,0.5714285714285714,0.68,0.6764705882352942,0.32352941176470584,-1
"F[0,1](AF >= 0.004 & n_evts >= 0.186)
",0.000,-9999999.000,-9999999.000,0.000,1.000,20,3,11,0,20,14,31,3,1.0,0.21428571428571427,0.7857142857142857,0.6451612903225806,0.6764705882352942,0.32352941176470584,-1
"F[0,1](af <= 0.237 -> AF >= 0.014)
",0.000,-9999999.000,-9999999.000,0.000,1.000,20,3,11,0,20,14,31,3,1.0,0.21428571428571427,0.7857142857142857,0.6451612903225806,0.6764705882352942,0.32352941176470584,-1
"G[0,1](lds <= 2.029 & PARTIAL_THROMBOPLASTIN_TIME >= 31.800)
",0.000,9999999.000,9999999.000,1.000,0.000,20,3,11,0,20,14,31,3,1.0,0.21428571428571427,0.7857142857142857,0.6451612903225806,0.6764705882352942,0.32352941176470584,1
"G[0,1](n_evts >= 0.203 -> Temp >= 35.844)
",0.000,9999999.000,9999999.000,1.000,0.000,20,3,11,0,20,14,31,3,1.0,0.21428571428571427,0.7857142857142857,0.6451612903225806,0.6764705882352942,0.32352941176470584,1
"G[0,1](af <= 0.026 & s24_edrk >= -0.004)
",0.000,9999999.000,9999999.000,1.000,0.000,20,3,11,0,20,14,31,3,1.0,0.21428571428571427,0.7857142857142857,0.6451612903225806,0.6764705882352942,0.32352941176470584,1
"G[0,1](srr >= 0.039 & TOTAL_PROTEIN >= 6.300)
",0.000,9999999.000,9999999.000,1.000,0.000,16,7,7,4,20,14,23,11,0.8,0.5,0.5,0.6956521739130435,0.6764705882352942,0.32352941176470584,1
"G[1,1](Pulse <= 100.620 -> s2_edrk <= 0.002)
",-3.285,-41.420,-15.817,1.000,0.000,20,3,11,0,20,14,31,3,1.0,0.21428571428571427,0.7857142857142857,0.6451612903225806,0.6764705882352942,0.32352941176470584,1
"G[0,1](s8_edrk >= -0.002 | Temp >= 36.681)
",0.000,9999999.000,9999999.000,1.000,0.000,20,2,12,0,20,14,32,2,1.0,0.14285714285714285,0.8571428571428571,0.625,0.6470588235294118,0.3529411764705882,1
"G[0,1](dfa >= 0.522 | s2_edrk <= 0.002)
",0.000,9999999.000,9999999.000,1.000,0.000,20,2,12,0,20,14,32,2,1.0,0.14285714285714285,0.8571428571428571,0.625,0.6470588235294118,0.3529411764705882,1
"G[0,0](Resp <= 17.546 -> SBP >= 104.968)
",0.386,-8.332,-19.105,1.000,0.000,20,2,12,0,20,14,32,2,1.0,0.14285714285714285,0.8571428571428571,0.625,0.6470588235294118,0.3529411764705882,1
"G[0,1](Mort >= 0.151 | s8_edrk <= 0.002)
",0.000,9999999.000,9999999.000,1.000,0.000,20,2,12,0,20,14,32,2,1.0,0.14285714285714285,0.8571428571428571,0.625,0.6470588235294118,0.3529411764705882,1
"G[0,0](edrk >= 13.271 | s8_hr <= 0.000)
",-0.622,0.368,4.091,1.000,0.000,20,2,12,0,20,14,32,2,1.0,0.14285714285714285,0.8571428571428571,0.625,0.6470588235294118,0.3529411764705882,1
"G[0,0](ICU_Pt_Days <= 1.474 | MET <= 0.570)
",1.309,1.474,0.686,1.000,0.000,20,2,12,0,20,14,32,2,1.0,0.14285714285714285,0.8571428571428571,0.625,0.6470588235294118,0.3529411764705882,1
"G[0,1](s8_edrk <= 0.003 -> srr >= 0.042)
",0.000,9999999.000,9999999.000,1.000,0.000,15,7,7,5,20,14,22,12,0.75,0.5,0.5,0.6818181818181818,0.6470588235294118,0.3529411764705882,1
"G[0,0](ICU_Pt_Days >= 0.626 -> lds >= 0.765)
",0.796,-0.556,-2.282,1.000,0.000,20,2,12,0,20,14,32,2,1.0,0.14285714285714285,0.8571428571428571,0.625,0.6470588235294118,0.3529411764705882,1
"G[0,1](direct <= 0.628 | srr <= 0.084)
",0.000,9999999.000,9999999.000,1.000,0.000,20,2,12,0,20,14,32,2,1.0,0.14285714285714285,0.8571428571428571,0.625,0.6470588235294118,0.3529411764705882,1
"G[1,1](edrk >= 14.137 | n_edrk >= 0.268)
",-0.521,1.115,5.481,1.000,0.000,20,2,12,0,20,14,32,2,1.0,0.14285714285714285,0.8571428571428571,0.625,0.6470588235294118,0.3529411764705882,1
"G[0,0](dfa >= 0.553 | tte >= -1.448)
",1.040,1.448,0.906,1.000,0.000,20,2,12,0,20,14,32,2,1.0,0.14285714285714285,0.8571428571428571,0.625,0.6470588235294118,0.3529411764705882,1
"G[0,0](s8_edrk >= -0.001 | y >= 0.167)
",-1.156,0.001,0.477,1.000,0.000,20,2,12,0,20,14,32,2,1.0,0.14285714285714285,0.8571428571428571,0.625,0.6470588235294118,0.3529411764705882,1
"G[0,1](lds <= 1.359 & Resp <= 21.935)
",0.000,9999999.000,9999999.000,1.000,0.000,10,12,2,10,20,14,12,22,0.5,0.8571428571428571,0.14285714285714285,0.8333333333333334,0.6470588235294118,0.3529411764705882,1
"G[1,1](MET >= 0.056 -> Temp >= 35.671)
",0.572,-1.023,-1.250,1.000,0.000,20,2,12,0,20,14,32,2,1.0,0.14285714285714285,0.8571428571428571,0.625,0.6470588235294118,0.3529411764705882,1
"G[0,1](edrk <= 24.942 -> Glasgow_Coma_Scale_Total >= 14.482)
",0.000,9999999.000,9999999.000,1.000,0.000,20,2,12,0,20,14,32,2,1.0,0.14285714285714285,0.8571428571428571,0.625,0.6470588235294118,0.3529411764705882,1
"G[0,0](hr <= 75.884 | Temp >= 35.757)
",1.855,14.086,1.100,1.000,0.000,20,2,12,0,20,14,32,2,1.0,0.14285714285714285,0.8571428571428571,0.625,0.6470588235294118,0.3529411764705882,1
"((AF >= 0.001) U[1,2] (Pulse <= 89.566))
",0.000,-9999999.000,-9999999.000,0.000,1.000,20,2,10,2,22,12,30,4,0.9090909090909091,0.16666666666666666,0.8333333333333334,0.6666666666666666,0.6470588235294118,0.3529411764705882,-1
"((Glasgow_Coma_Scale_Total <= 14.995) U[1,2] (srr <= 0.103))
",0.000,-9999999.000,-9999999.000,0.000,1.000,20,2,7,5,25,9,27,7,0.8,0.2222222222222222,0.7777777777777778,0.7407407407407407,0.6470588235294118,0.3529411764705882,-1
"F[0,1](Glasgow_Coma_Scale_Total <= 14.966 & s2_hr <= -0.000)
",0.000,-9999999.000,-9999999.000,0.000,1.000,20,2,12,0,20,14,32,2,1.0,0.14285714285714285,0.8571428571428571,0.625,0.6470588235294118,0.3529411764705882,-1
"F[0,1](af >= 0.007 & s2_hr <= 0.002)
",0.000,-9999999.000,-9999999.000,0.000,1.000,20,2,12,0,20,14,32,2,1.0,0.14285714285714285,0.8571428571428571,0.625,0.6470588235294118,0.3529411764705882,-1
"G[1,1](cosen <= -2.135 & tte >= -3.858)
",0.755,0.212,-0.437,1.000,0.000,13,8,6,7,20,14,19,15,0.65,0.5714285714285714,0.42857142857142855,0.6842105263157895,0.6176470588235294,0.38235294117647056,1
"F[1,1](s2_edrk < 0.003 -> y = 0.802)
",-0.417,-0.003,-0.002,0.000,1.000,20,1,13,0,20,14,33,1,1.0,0.07142857142857142,0.9285714285714286,0.6060606060606061,0.6176470588235294,0.38235294117647056,-1
"G[1,1](O2_Flow >= 2.180 | s8_edrk <= 0.002)
",-0.484,0.002,0.807,1.000,0.000,20,1,13,0,20,14,33,1,1.0,0.07142857142857142,0.9285714285714286,0.6060606060606061,0.6176470588235294,0.38235294117647056,1
"G[1,1](s24_edrk <= 0.002 -> SpO2 >= 90.037)
",0.532,-5.863,-7.249,1.000,0.000,20,1,13,0,20,14,33,1,1.0,0.07142857142857142,0.9285714285714286,0.6060606060606061,0.6176470588235294,0.38235294117647056,1
"F[0,1]((af <= 0.264 | AF <= 0.139) & cosen >= -2.248)
",0.000,-9999999.000,-9999999.000,0.000,1.000,8,13,1,12,20,14,9,25,0.4,0.9285714285714286,0.07142857142857142,0.8888888888888888,0.6176470588235294,0.38235294117647056,-1
"F[0,1](hr >= 61.364 & O2_Flow <= 5.462)
",0.000,-9999999.000,-9999999.000,0.000,1.000,7,14,0,13,20,14,7,27,0.35,1.0,0.0,1.0,0.6176470588235294,0.38235294117647056,-1
"((death >= 0.081) U[1,2] (edrk >= 11.727))
",0.000,-9999999.000,-9999999.000,0.000,1.000,18,3,10,3,21,13,28,6,0.8571428571428571,0.23076923076923078,0.7692307692307693,0.6428571428571429,0.6176470588235294,0.38235294117647056,-1
"((dfa >= 0.474) U[1,1] (lds >= 1.156))
",0.058,0.434,0.415,0.000,1.000,12,9,5,8,20,14,17,17,0.6,0.6428571428571429,0.35714285714285715,0.7058823529411765,0.6176470588235294,0.38235294117647056,-1
"F[0,1](af > 0.014 & y = 0.377)
",0.000,-9999999.000,-9999999.000,0.000,1.000,20,0,14,0,20,14,34,0,1.0,0.0,1.0,0.5882352941176471,0.5882352941176471,0.4117647058823529,-1
"((s8_hr < 0.001) U[0,0] (y = 0.713))
",0.709,0.001,0.001,0.000,1.000,20,0,14,0,20,14,34,0,1.0,0.0,1.0,0.5882352941176471,0.5882352941176471,0.4117647058823529,-1
"((cosen >= -2.554) U[1,2] (Glasgow_Coma_Scale_Total >= 14.616))
",0.000,-9999999.000,-9999999.000,0.000,1.000,8,12,0,14,22,12,8,26,0.36363636363636365,1.0,0.0,1.0,0.5882352941176471,0.4117647058823529,-1
"((cosen <= -1.299) U[0,0] (y = 0.170))
",0.841,1.171,0.796,0.000,1.000,20,0,14,0,20,14,34,0,1.0,0.0,1.0,0.5882352941176471,0.5882352941176471,0.4117647058823529,-1
"((TOTAL_PROTEIN <= 6.300) U[0,1] (y = 0.564))
",0.000,-9999999.000,-9999999.000,0.000,1.000,20,0,14,0,20,14,34,0,1.0,0.0,1.0,0.5882352941176471,0.5882352941176471,0.4117647058823529,-1
"F[0,0](ICU_Pt_Days <= 3.587 & y = 0.721)
",0.354,-0.721,-0.891,0.000,1.000,20,0,14,0,20,14,34,0,1.0,0.0,1.0,0.5882352941176471,0.5882352941176471,0.4117647058823529,-1
"((Sgy > 0.000) U[0,1] (y = 0.167))
",0.000,-9999999.000,-9999999.000,0.000,1.000,20,0,14,0,20,14,34,0,1.0,0.0,1.0,0.5882352941176471,0.5882352941176471,0.4117647058823529,-1
"((srr > 0.034) U[1,1] (y = 0.265))
",-0.423,0.028,0.049,0.000,1.000,20,0,14,0,20,14,34,0,1.0,0.0,1.0,0.5882352941176471,0.5882352941176471,0.4117647058823529,-1
"((Resp < 18.771) U[0,0] (y = 0.284))
",-0.003,1.971,1.987,0.000,1.000,20,0,14,0,20,14,34,0,1.0,0.0,1.0,0.5882352941176471,0.5882352941176471,0.4117647058823529,-1
"F[1,1](s24_hr <= 0.001 & y = 0.221)
",2.449,-0.221,-0.700,0.000,1.000,20,0,14,0,20,14,34,0,1.0,0.0,1.0,0.5882352941176471,0.5882352941176471,0.4117647058823529,-1
"F[0,1](HEMOGLOBIN <= 10.200 -> y = 0.669)
",0.000,-9999999.000,-9999999.000,0.000,1.000,20,0,14,0,20,14,34,0,1.0,0.0,1.0,0.5882352941176471,0.5882352941176471,0.4117647058823529,-1
"((edrk >= 15.246) U[0,0] (y = 0.443))
",-0.506,-0.329,2.390,0.000,1.000,20,0,14,0,20,14,34,0,1.0,0.0,1.0,0.5882352941176471,0.5882352941176471,0.4117647058823529,-1
"((MET >= 0.051) U[0,1] (death = 0.118))
",0.000,-9999999.000,-9999999.000,0.000,1.000,20,0,14,0,20,14,34,0,1.0,0.0,1.0,0.5882352941176471,0.5882352941176471,0.4117647058823529,-1
"F[0,0](CREATININE > 1.100 & y = 0.951)
",-1.155,-0.951,-0.436,0.000,1.000,20,0,14,0,20,14,34,0,1.0,0.0,1.0,0.5882352941176471,0.5882352941176471,0.4117647058823529,-1
"((direct >= 0.033) U[1,1] (y = 0.735))
",-1.581,-0.033,0.682,0.000,1.000,20,0,14,0,20,14,34,0,1.0,0.0,1.0,0.5882352941176471,0.5882352941176471,0.4117647058823529,-1
"((af >= 0.004) U[1,2] (SBP >= 103.264))
",0.000,-9999999.000,-9999999.000,0.000,1.000,20,0,11,3,23,11,31,3,0.8695652173913043,0.0,1.0,0.6451612903225806,0.5882352941176471,0.4117647058823529,-1
"F[0,1]((af <= 0.195 | AF <= 0.101) & cosen >= -2.345)
",0.000,-9999999.000,-9999999.000,0.000,1.000,6,14,0,14,20,14,6,28,0.3,1.0,0.0,1.0,0.5882352941176471,0.4117647058823529,-1
"((hr <= 119.223) U[0,1] (y = 0.707))
",0.000,-9999999.000,-9999999.000,0.000,1.000,20,0,14,0,20,14,34,0,1.0,0.0,1.0,0.5882352941176471,0.5882352941176471,0.4117647058823529,-1
"F[0,1]((af <= 0.437 | AF <= 0.280) & cosen >= -2.540)
",0.000,-9999999.000,-9999999.000,0.000,1.000,6,14,0,14,20,14,6,28,0.3,1.0,0.0,1.0,0.5882352941176471,0.4117647058823529,-1
"((MET >= 0.049) U[0,1] (death = 0.118))
",0.000,-9999999.000,-9999999.000,0.000,1.000,20,0,14,0,20,14,34,0,1.0,0.0,1.0,0.5882352941176471,0.5882352941176471,0.4117647058823529,-1
"((PLATELET_COUNT < 212.000) U[1,1] (y = 0.357))
",0.000,0.000,0.000,0.000,1.000,20,0,14,0,20,14,34,0,1.0,0.0,1.0,0.5882352941176471,0.5882352941176471,0.4117647058823529,-1
"((ALT_GPT <= 22.000) U[1,1] (y = 0.504))
",0.000,0.000,0.000,0.000,1.000,20,0,14,0,20,14,34,0,1.0,0.0,1.0,0.5882352941176471,0.5882352941176471,0.4117647058823529,-1
"F[0,1]((af <= 0.333 | AF <= 0.407) & cosen >= -2.394)
",0.000,-9999999.000,-9999999.000,0.000,1.000,6,14,0,14,20,14,6,28,0.3,1.0,0.0,1.0,0.5882352941176471,0.4117647058823529,-1
"F[0,0](af >= 0.007 & edrk >= 15.230)
",-0.806,-2.214,-0.564,0.000,1.000,20,0,14,0,20,14,34,0,1.0,0.0,1.0,0.5882352941176471,0.5882352941176471,0.4117647058823529,-1
"F[0,0](BLOOD_UREA_NITROGEN < 21.000 & y = 0.171)
",1.155,-0.171,-0.547,0.000,1.000,20,0,14,0,20,14,34,0,1.0,0.0,1.0,0.5882352941176471,0.5882352941176471,0.4117647058823529,-1
"F[0,1](CHLORIDE >= 102.000 -> y = 0.629)
",0.000,-9999999.000,-9999999.000,0.000,1.000,20,0,14,0,20,14,34,0,1.0,0.0,1.0,0.5882352941176471,0.5882352941176471,0.4117647058823529,-1
"((MET >= 0.021) U[1,1] (death = 0.118))
",-0.408,-0.021,0.122,0.000,1.000,20,0,14,0,20,14,34,0,1.0,0.0,1.0,0.5882352941176471,0.5882352941176471,0.4117647058823529,-1
"F[0,1]((af <= 0.053 | AF <= 0.357) & cosen >= -2.528)
",0.000,-9999999.000,-9999999.000,0.000,1.000,6,14,0,14,20,14,6,28,0.3,1.0,0.0,1.0,0.5882352941176471,0.4117647058823529,-1
"((ICU_Pt_Days <= 2.122) U[0,0] (Temp <= 36.773))
",1.267,2.122,0.930,0.000,1.000,12,8,6,8,20,14,18,16,0.6,0.5714285714285714,0.42857142857142855,0.6666666666666666,0.5882352941176471,0.4117647058823529,-1
"F[0,0](SODIUM >= 137.000 -> y = 0.107)
",0.000,0.000,0.000,0.000,1.000,20,0,14,0,20,14,34,0,1.0,0.0,1.0,0.5882352941176471,0.5882352941176471,0.4117647058823529,-1
"((AST_GOT < 27.000) U[0,1] (y = 0.936))
",0.000,-9999999.000,-9999999.000,0.000,1.000,20,0,14,0,20,14,34,0,1.0,0.0,1.0,0.5882352941176471,0.5882352941176471,0.4117647058823529,-1
"F[0,0](LACTIC_ACID >= 1.300 & y = 0.734)
",-1.155,-0.734,-0.467,0.000,1.000,20,0,14,0,20,14,34,0,1.0,0.0,1.0,0.5882352941176471,0.5882352941176471,0.4117647058823529,-1
"G[1,1](s2_hr >= -0.002 -> s8_hr <= 0.001)
",-0.328,-0.003,-0.002,1.000,0.000,20,0,14,0,20,14,34,0,1.0,0.0,1.0,0.5882352941176471,0.5882352941176471,0.4117647058823529,1
"G[0,0](af <= 0.353 | n_evts <= 0.896)
",2.449,0.896,0.430,1.000,0.000,20,0,14,0,20,14,34,0,1.0,0.0,1.0,0.5882352941176471,0.5882352941176471,0.4117647058823529,1
"G[0,1](af >= 0.014 -> s2_edrk >= -0.004)
",0.000,9999999.000,9999999.000,1.000,0.000,20,0,14,0,20,14,34,0,1.0,0.0,1.0,0.5882352941176471,0.5882352941176471,0.4117647058823529,1
"G[0,0](death >= 0.111 -> s2_hr >= -0.006)
",0.633,-0.006,-0.259,1.000,0.000,20,0,14,0,20,14,34,0,1.0,0.0,1.0,0.5882352941176471,0.5882352941176471,0.4117647058823529,1
"G[0,1](cosen <= -1.531 | SpO2 <= 97.358)
",0.000,9999999.000,9999999.000,1.000,0.000,20,0,14,0,20,14,34,0,1.0,0.0,1.0,0.5882352941176471,0.5882352941176471,0.4117647058823529,1
"G[0,0](Pulse <= 80.339 | tte >= -2.278)
",4.463,21.139,3.974,1.000,0.000,20,0,14,0,20,14,34,0,1.0,0.0,1.0,0.5882352941176471,0.5882352941176471,0.4117647058823529,1
"G[0,1](s24_edrk >= -0.007 | Temp <= 36.890)
",0.000,9999999.000,9999999.000,1.000,0.000,20,0,14,0,20,14,34,0,1.0,0.0,1.0,0.5882352941176471,0.5882352941176471,0.4117647058823529,1
"G[1,1](s2_edrk >= -0.000 | SBP >= 62.778)
",0.351,50.522,42.048,1.000,0.000,20,0,14,0,20,14,34,0,1.0,0.0,1.0,0.5882352941176471,0.5882352941176471,0.4117647058823529,1
"G[0,1](cosen >= -2.760 | Mort <= 0.604)
",0.000,9999999.000,9999999.000,1.000,0.000,20,0,14,0,20,14,34,0,1.0,0.0,1.0,0.5882352941176471,0.5882352941176471,0.4117647058823529,1
"G[0,0](direct <= 0.752 -> s24_edrk <= 0.004)
",-0.866,-0.752,-0.431,1.000,0.000,20,0,14,0,20,14,34,0,1.0,0.0,1.0,0.5882352941176471,0.5882352941176471,0.4117647058823529,1
"G[0,1](s2_edrk <= 0.000 & tte >= -0.589)
",0.000,9999999.000,9999999.000,1.000,0.000,6,14,0,14,20,14,6,28,0.3,1.0,0.0,1.0,0.5882352941176471,0.4117647058823529,1
"G[0,1](Mort >= 0.189 -> Resp <= 18.078)
",0.000,9999999.000,9999999.000,1.000,0.000,20,0,14,0,20,14,34,0,1.0,0.0,1.0,0.5882352941176471,0.5882352941176471,0.4117647058823529,1
"G[1,1](edrk >= 11.977 | s24_edrk <= 0.002)
",-0.510,1.593,6.667,1.000,0.000,20,0,14,0,20,14,34,0,1.0,0.0,1.0,0.5882352941176471,0.5882352941176471,0.4117647058823529,1
"G[1,1](Mort >= 0.090 | s24_hr <= 0.001)
",-0.625,0.002,0.260,1.000,0.000,20,0,14,0,20,14,34,0,1.0,0.0,1.0,0.5882352941176471,0.5882352941176471,0.4117647058823529,1
"G[0,1](MET <= 0.741 | srr >= 0.036)
",0.000,9999999.000,9999999.000,1.000,0.000,20,0,14,0,20,14,34,0,1.0,0.0,1.0,0.5882352941176471,0.5882352941176471,0.4117647058823529,1
"G[0,1](edrk <= 23.057 | s2_hr >= -0.005)
",0.000,9999999.000,9999999.000,1.000,0.000,20,0,14,0,20,14,34,0,1.0,0.0,1.0,0.5882352941176471,0.5882352941176471,0.4117647058823529,1
"G[0,1](af <= 0.089 | Glasgow_Coma_Scale_Total >= 14.766)
",0.000,9999999.000,9999999.000,1.000,0.000,20,0,14,0,20,14,34,0,1.0,0.0,1.0,0.5882352941176471,0.5882352941176471,0.4117647058823529,1
"G[0,1](lds >= 0.904 | s8_hr >= -0.006)
",0.000,9999999.000,9999999.000,1.000,0.000,19,0,14,1,20,14,33,1,0.95,0.0,1.0,0.5757575757575758,0.5588235294117647,0.4411764705882353,1
"F[1,1]((af <= 0.299 | AF <= 0.351) & cosen >= -2.550)
",-0.060,0.165,0.193,0.000,1.000,7,12,2,13,20,14,9,25,0.35,0.8571428571428571,0.14285714285714285,0.7777777777777778,0.5588235294117647,0.4411764705882353,-1
"G[0,0](lds <= 1.492 & SpO2 <= 96.533)
",0.362,0.060,-0.582,1.000,0.000,12,7,7,8,20,14,19,15,0.6,0.5,0.5,0.631578947368421,0.5588235294117647,0.4411764705882353,1
"F[0,1](hr >= 59.675 & PROTIME_INR <= 1.200)
",0.000,-9999999.000,-9999999.000,0.000,1.000,5,14,0,15,20,14,5,29,0.25,1.0,0.0,1.0,0.5588235294117647,0.4411764705882353,-1
"G[0,1](LOS >= 2.525 | n_edrk >= 0.008)
",0.000,9999999.000,9999999.000,1.000,0.000,19,0,14,1,20,14,33,1,0.95,0.0,1.0,0.5757575757575758,0.5588235294117647,0.4411764705882353,1
"((MET >= 0.005) U[1,2] (s2_hr <= 0.001))
",0.000,-9999999.000,-9999999.000,0.000,1.000,17,2,12,3,20,14,29,5,0.85,0.14285714285714285,0.8571428571428571,0.5862068965517241,0.5588235294117647,0.4411764705882353,-1
"F[0,1](dfa <= 1.245 -> Resp <= 17.994)
",0.000,-9999999.000,-9999999.000,0.000,1.000,14,5,9,6,20,14,23,11,0.7,0.35714285714285715,0.6428571428571429,0.6086956521739131,0.5588235294117647,0.4411764705882353,-1
"G[0,1](s2_edrk <= 0.001 | s8_hr >= -0.001)
",0.000,9999999.000,9999999.000,1.000,0.000,18,0,14,2,20,14,32,2,0.9,0.0,1.0,0.5625,0.5294117647058824,0.47058823529411764,1
"F[0,0](dfa <= 1.151 -> edrk >= 12.912)
",0.626,-0.731,-4.476,0.000,1.000,7,11,3,13,20,14,10,24,0.35,0.7857142857142857,0.21428571428571427,0.7,0.5294117647058824,0.47058823529411764,-1
"((cosen >= -2.684) U[1,1] (dfa <= 0.935))
",-0.758,0.402,0.987,0.000,1.000,5,13,1,15,20,14,6,28,0.25,0.9285714285714286,0.07142857142857142,0.8333333333333334,0.5294117647058824,0.47058823529411764,-1
"((HEMOGLOBIN >= 10.200) U[1,1] (Resp <= 17.987))
",0.076,1.197,0.855,0.000,1.000,15,2,12,5,20,14,27,7,0.75,0.14285714285714285,0.8571428571428571,0.5555555555555556,0.5,0.5,-1
"((n_edrk <= 0.733) U[1,1] (n_evts <= 0.644))
",0.791,0.653,0.298,0.000,1.000,17,0,14,3,20,14,31,3,0.85,0.0,1.0,0.5483870967741935,0.5,0.5,-1
"((af >= 0.015) U[1,2] (cosen >= -2.729))
",0.000,-9999999.000,-9999999.000,0.000,1.000,17,0,14,3,20,14,31,3,0.85,0.0,1.0,0.5483870967741935,0.5,0.5,-1
"((s2_edrk <= 0.003) U[0,1] (srr <= 0.081))
",0.000,-9999999.000,-9999999.000,0.000,1.000,5,12,2,15,20,14,7,27,0.25,0.8571428571428571,0.14285714285714285,0.7142857142857143,0.5,0.5,-1
"((O2_Flow >= 2.001) U[0,1] (s8_hr >= -0.002))
",0.000,-9999999.000,-9999999.000,0.000,1.000,2,14,0,18,20,14,2,32,0.1,1.0,0.0,1.0,0.47058823529411764,0.5294117647058824,-1
"((Resp >= 12.653) U[0,0] (Temp >= 36.640))
",-0.038,4.305,4.490,0.000,1.000,8,8,6,12,20,14,14,20,0.4,0.5714285714285714,0.42857142857142855,0.5714285714285714,0.47058823529411764,0.5294117647058824,-1
"((edrk >= 13.675) U[0,1] (lds >= 1.032))
",0.000,-9999999.000,-9999999.000,0.000,1.000,2,14,0,18,20,14,2,32,0.1,1.0,0.0,1.0,0.47058823529411764,0.5294117647058824,-1
"((hr <= 115.574) U[0,1] (lds >= 1.061))
",0.000,-9999999.000,-9999999.000,0.000,1.000,2,14,0,18,20,14,2,32,0.1,1.0,0.0,1.0,0.47058823529411764,0.5294117647058824,-1
"F[0,1](hr >= 68.881 -> n_evts >= 0.232)
",0.000,-9999999.000,-9999999.000,0.000,1.000,2,14,0,18,20,14,2,32,0.1,1.0,0.0,1.0,0.47058823529411764,0.5294117647058824,-1
"G[1,1](direct >= 0.051 | s2_hr >= -0.001)
",-1.573,0.000,0.679,1.000,0.000,16,0,14,4,20,14,30,4,0.8,0.0,1.0,0.5333333333333333,0.47058823529411764,0.5294117647058824,1
"F[0,1](n_evts <= 0.992 -> s24_hr >= -0.002)
",0.000,-9999999.000,-9999999.000,0.000,1.000,2,14,0,18,20,14,2,32,0.1,1.0,0.0,1.0,0.47058823529411764,0.5294117647058824,-1
"G[1,1](hr >= 65.981 | s2_hr >= -0.001)
",-2.313,-0.000,31.610,1.000,0.000,16,0,14,4,20,14,30,4,0.8,0.0,1.0,0.5333333333333333,0.47058823529411764,0.5294117647058824,1
"G[1,1](s2_hr > -0.006 -> y = 0.972)
",0.335,-0.005,-0.006,1.000,0.000,1,14,0,19,20,14,1,33,0.05,1.0,0.0,1.0,0.4411764705882353,0.5588235294117647,1
"((MET >= 0.012) U[0,1] (SpO2 <= 96.943))
",0.000,-9999999.000,-9999999.000,0.000,1.000,5,10,4,15,20,14,9,25,0.25,0.7142857142857143,0.2857142857142857,0.5555555555555556,0.4411764705882353,0.5588235294117647,-1
"((s24_edrk >= -0.005) U[0,0] (s2_hr <= 0.002))
",-0.119,0.004,0.005,0.000,1.000,1,14,0,19,20,14,1,33,0.05,1.0,0.0,1.0,0.4411764705882353,0.5588235294117647,-1
"((Glasgow_Coma_Scale_Total <= 14.925) U[0,1] (hr >= 57.474))
",0.000,-9999999.000,-9999999.000,0.000,1.000,1,14,0,19,20,14,1,33,0.05,1.0,0.0,1.0,0.4411764705882353,0.5588235294117647,-1
"((direct <= 0.379) U[0,1] (s24_hr <= -0.000))
",0.000,-9999999.000,-9999999.000,0.000,1.000,2,13,1,18,20,14,3,31,0.1,0.9285714285714286,0.07142857142857142,0.6666666666666666,0.4411764705882353,0.5588235294117647,-1
"F[0,1](MET <= 0.756 & s24_hr <= -0.001)
",0.000,-9999999.000,-9999999.000,0.000,1.000,15,0,14,5,20,14,29,5,0.75,0.0,1.0,0.5172413793103449,0.4411764705882353,0.5588235294117647,-1
"((SBP >= 87.261) U[1,1] (SpO2 >= 95.009))
",0.268,26.039,21.382,0.000,1.000,8,7,7,12,20,14,15,19,0.4,0.5,0.5,0.5333333333333333,0.4411764705882353,0.5588235294117647,-1
"F[1,2](Glasgow_Coma_Scale_Total <= 14.946 -> s8_edrk <= 0.002)
",0.000,-9999999.000,-9999999.000,0.000,1.000,0,14,0,20,20,14,0,34,0.0,1.0,0.0,0.0,0.4117647058823529,0.5882352941176471,-1
"F[0,1](n_evts >= 0.040 -> Pulse >= 62.526)
",0.000,-9999999.000,-9999999.000,0.000,1.000,0,14,0,20,20,14,0,34,0.0,1.0,0.0,0.0,0.4117647058823529,0.5882352941176471,-1
"F[0,2](n_edrk >= 0.396 -> s24_hr >= -0.003)
",0.000,-9999999.000,-9999999.000,0.000,1.000,0,14,0,20,20,14,0,34,0.0,1.0,0.0,0.0,0.4117647058823529,0.5882352941176471,-1
"F[0,2]((af <= 0.319 | AF <= 0.138) & cosen >= -2.375)
",0.000,-9999999.000,-9999999.000,0.000,1.000,0,14,0,20,20,14,0,34,0.0,1.0,0.0,0.0,0.4117647058823529,0.5882352941176471,-1
"F[1,1](Glasgow_Coma_Scale_Total >= 14.874 | O2_Flow >= 2.387)
",-0.458,0.126,0.837,0.000,1.000,0,14,0,20,20,14,0,34,0.0,1.0,0.0,0.0,0.4117647058823529,0.5882352941176471,-1
"F[0,0](AF >= 0.023 -> cosen >= -2.254)
",0.727,0.014,-0.180,0.000,1.000,0,14,0,20,20,14,0,34,0.0,1.0,0.0,0.0,0.4117647058823529,0.5882352941176471,-1
"F[1,1](BLOOD_UREA_NITROGEN <= 21.000 & CREATININE >= 1.100)
",0.000,0.000,0.000,0.000,1.000,0,14,0,20,20,14,0,34,0.0,1.0,0.0,0.0,0.4117647058823529,0.5882352941176471,-1
"F[0,2](BLOOD_UREA_NITROGEN <= 21.000 & CREATININE >= 1.100)
",0.000,-9999999.000,-9999999.000,0.000,1.000,0,14,0,20,20,14,0,34,0.0,1.0,0.0,0.0,0.4117647058823529,0.5882352941176471,-1
"F[0,2](Glasgow_Coma_Scale_Total >= 14.884 | s24_edrk <= 0.002)
",0.000,-9999999.000,-9999999.000,0.000,1.000,0,14,0,20,20,14,0,34,0.0,1.0,0.0,0.0,0.4117647058823529,0.5882352941176471,-1
"F[1,2](BLOOD_UREA_NITROGEN <= 21.000 & CREATININE >= 1.100)
",0.000,-9999999.000,-9999999.000,0.000,1.000,0,14,0,20,20,14,0,34,0.0,1.0,0.0,0.0,0.4117647058823529,0.5882352941176471,-1
"F[0,1](BLOOD_UREA_NITROGEN <= 21.000 & CREATININE >= 1.100)
",0.000,-9999999.000,-9999999.000,0.000,1.000,0,14,0,20,20,14,0,34,0.0,1.0,0.0,0.0,0.4117647058823529,0.5882352941176471,-1
"F[0,1](BLOOD_UREA_NITROGEN <= 21.000 & CREATININE >= 1.100)
",0.000,-9999999.000,-9999999.000,0.000,1.000,0,14,0,20,20,14,0,34,0.0,1.0,0.0,0.0,0.4117647058823529,0.5882352941176471,-1
"F[0,2](Mort >= 0.177 -> SpO2 <= 98.663)
",0.000,-9999999.000,-9999999.000,0.000,1.000,0,14,0,20,20,14,0,34,0.0,1.0,0.0,0.0,0.4117647058823529,0.5882352941176471,-1
"F[0,1](AF >= 0.018 -> y >= 0.234)
",0.000,-9999999.000,-9999999.000,0.000,1.000,0,14,0,20,20,14,0,34,0.0,1.0,0.0,0.0,0.4117647058823529,0.5882352941176471,-1
"F[1,2](s24_hr >= -0.005 & s8_hr <= 0.001)
",0.000,-9999999.000,-9999999.000,0.000,1.000,0,14,0,20,20,14,0,34,0.0,1.0,0.0,0.0,0.4117647058823529,0.5882352941176471,-1
"F[0,2](s24_edrk >= -0.004 & s8_edrk >= -0.003)
",0.000,-9999999.000,-9999999.000,0.000,1.000,0,14,0,20,20,14,0,34,0.0,1.0,0.0,0.0,0.4117647058823529,0.5882352941176471,-1
"F[0,1](BLOOD_UREA_NITROGEN <= 21.000 & CREATININE >= 1.100)
",0.000,-9999999.000,-9999999.000,0.000,1.000,0,14,0,20,20,14,0,34,0.0,1.0,0.0,0.0,0.4117647058823529,0.5882352941176471,-1
"F[0,2](BLOOD_UREA_NITROGEN <= 21.000 & CREATININE >= 1.100)
",0.000,-9999999.000,-9999999.000,0.000,1.000,0,14,0,20,20,14,0,34,0.0,1.0,0.0,0.0,0.4117647058823529,0.5882352941176471,-1
"F[1,2](death >= 0.067 | Temp >= 36.602)
",0.000,-9999999.000,-9999999.000,0.000,1.000,0,14,0,20,20,14,0,34,0.0,1.0,0.0,0.0,0.4117647058823529,0.5882352941176471,-1
"F[0,1](s24_hr <= 0.000 | s2_hr >= -0.003)
",0.000,-9999999.000,-9999999.000,0.000,1.000,0,14,0,20,20,14,0,34,0.0,1.0,0.0,0.0,0.4117647058823529,0.5882352941176471,-1
"F[1,2](s24_edrk <= 0.002 -> s2_edrk <= 0.003)
",0.000,-9999999.000,-9999999.000,0.000,1.000,0,14,0,20,20,14,0,34,0.0,1.0,0.0,0.0,0.4117647058823529,0.5882352941176471,-1
"((MET >= 0.042) U[0,2] (s24_edrk >= -0.004))
",0.000,-9999999.000,-9999999.000,0.000,1.000,0,14,0,20,20,14,0,34,0.0,1.0,0.0,0.0,0.4117647058823529,0.5882352941176471,-1
"F[0,0](AF >= 0.005 -> hr >= 69.207)
",1.346,-0.822,-23.757,0.000,1.000,0,14,0,20,20,14,0,34,0.0,1.0,0.0,0.0,0.4117647058823529,0.5882352941176471,-1
"F[1,2](O2_Flow <= 2.949 | SpO2 <= 98.894)
",0.000,-9999999.000,-9999999.000,0.000,1.000,0,14,0,20,20,14,0,34,0.0,1.0,0.0,0.0,0.4117647058823529,0.5882352941176471,-1
"F[1,1](SpO2 >= 88.175 | srr >= 0.038)
",-0.532,7.725,9.110,0.000,1.000,0,14,0,20,20,14,0,34,0.0,1.0,0.0,0.0,0.4117647058823529,0.5882352941176471,-1
"F[1,2](cosen >= -2.602 | y >= 0.085)
",0.000,-9999999.000,-9999999.000,0.000,1.000,0,14,0,20,20,14,0,34,0.0,1.0,0.0,0.0,0.4117647058823529,0.5882352941176471,-1
"F[0,0](BLOOD_UREA_NITROGEN <= 21.000 & CREATININE >= 1.100)
",0.000,0.000,0.000,0.000,1.000,0,14,0,20,20,14,0,34,0.0,1.0,0.0,0.0,0.4117647058823529,0.5882352941176471,-1
"F[0,2](AF >= 0.012 -> s2_hr >= -0.002)
",0.000,-9999999.000,-9999999.000,0.000,1.000,0,14,0,20,20,14,0,34,0.0,1.0,0.0,0.0,0.4117647058823529,0.5882352941176471,-1
"F[1,1](death <= 0.882 | tte <= -0.235)
",0.408,0.882,0.823,0.000,1.000,0,14,0,20,20,14,0,34,0.0,1.0,0.0,0.0,0.4117647058823529,0.5882352941176471,-1
"((edrk >= 14.478) U[0,2] (SBP >= 81.455))
",0.000,-9999999.000,-9999999.000,0.000,1.000,0,14,0,20,20,14,0,34,0.0,1.0,0.0,0.0,0.4117647058823529,0.5882352941176471,-1
"F[0,1](BLOOD_UREA_NITROGEN <= 21.000 & CREATININE >= 1.100)
",0.000,-9999999.000,-9999999.000,0.000,1.000,0,14,0,20,20,14,0,34,0.0,1.0,0.0,0.0,0.4117647058823529,0.5882352941176471,-1
"F[0,1](n_evts >= 0.020 | tte >= -0.502)
",0.000,-9999999.000,-9999999.000,0.000,1.000,0,14,0,20,20,14,0,34,0.0,1.0,0.0,0.0,0.4117647058823529,0.5882352941176471,-1
"((dfa <= 1.001) U[0,2] (hr >= 57.081))
",0.000,-9999999.000,-9999999.000,0.000,1.000,0,14,0,20,20,14,0,34,0.0,1.0,0.0,0.0,0.4117647058823529,0.5882352941176471,-1
"F[1,2](LOS >= 1.821 | n_evts >= 0.086)
",0.000,-9999999.000,-9999999.000,0.000,1.000,0,14,0,20,20,14,0,34,0.0,1.0,0.0,0.0,0.4117647058823529,0.5882352941176471,-1
"((n_edrk <= 0.773) U[0,2] (s8_hr <= 0.001))
",0.000,-9999999.000,-9999999.000,0.000,1.000,0,14,0,20,20,14,0,34,0.0,1.0,0.0,0.0,0.4117647058823529,0.5882352941176471,-1
"F[1,1](AF <= 0.241 | s24_hr <= 0.000)
",0.632,0.241,0.172,0.000,1.000,0,14,0,20,20,14,0,34,0.0,1.0,0.0,0.0,0.4117647058823529,0.5882352941176471,-1
"((O2_Flow <= 6.403) U[0,2] (s2_hr >= -0.005))
",0.000,-9999999.000,-9999999.000,0.000,1.000,0,14,0,20,20,14,0,34,0.0,1.0,0.0,0.0,0.4117647058823529,0.5882352941176471,-1
"((Pulse <= 95.272) U[0,2] (s2_hr >= -0.001))
",0.000,-9999999.000,-9999999.000,0.000,1.000,0,14,0,20,20,14,0,34,0.0,1.0,0.0,0.0,0.4117647058823529,0.5882352941176471,-1
"F[1,1](edrk <= 32.350 | s8_edrk <= 0.001)
",0.518,18.882,14.374,0.000,1.000,0,14,0,20,20,14,0,34,0.0,1.0,0.0,0.0,0.4117647058823529,0.5882352941176471,-1
"F[0,1](hr >= 58.002 | TOTAL_BILIRUBIN >= 0.700)
",0.000,-9999999.000,-9999999.000,0.000,1.000,0,14,0,20,20,14,0,34,0.0,1.0,0.0,0.0,0.4117647058823529,0.5882352941176471,-1
"((edrk <= 25.198) U[0,2] (WHITE_BLOOD_CELL_COUNT <= 8.400))
",0.000,-9999999.000,-9999999.000,0.000,1.000,0,14,0,20,20,14,0,34,0.0,1.0,0.0,0.0,0.4117647058823529,0.5882352941176471,-1
"F[0,1](Pulse <= 110.851 | SpO2 <= 97.138)
",0.000,-9999999.000,-9999999.000,0.000,1.000,0,14,0,20,20,14,0,34,0.0,1.0,0.0,0.0,0.4117647058823529,0.5882352941176471,-1
"F[1,2](CALCIUM <= 8.900 | Temp >= 36.196)
",0.000,-9999999.000,-9999999.000,0.000,1.000,0,14,0,20,20,14,0,34,0.0,1.0,0.0,0.0,0.4117647058823529,0.5882352941176471,-1
"F[0,2](af <= 0.060 | dfa >= 0.691)
",0.000,-9999999.000,-9999999.000,0.000,1.000,0,14,0,20,20,14,0,34,0.0,1.0,0.0,0.0,0.4117647058823529,0.5882352941176471,-1
"F[0,1](edrk <= 30.523 | SpO2 >= 86.125)
",0.000,-9999999.000,-9999999.000,0.000,1.000,0,14,0,20,20,14,0,34,0.0,1.0,0.0,0.0,0.4117647058823529,0.5882352941176471,-1
"F[0,2](death >= 0.065 -> s8_hr <= 0.001)
",0.000,-9999999.000,-9999999.000,0.000,1.000,0,14,0,20,20,14,0,34,0.0,1.0,0.0,0.0,0.4117647058823529,0.5882352941176471,-1
"F[0,1](Mort >= 0.163 | SBP <= 145.908)
",0.000,-9999999.000,-9999999.000,0.000,1.000,0,14,0,20,20,14,0,34,0.0,1.0,0.0,0.0,0.4117647058823529,0.5882352941176471,-1
"F[1,2](af <= 0.431 | tte >= -1.725)
",0.000,-9999999.000,-9999999.000,0.000,1.000,0,14,0,20,20,14,0,34,0.0,1.0,0.0,0.0,0.4117647058823529,0.5882352941176471,-1
"F[0,2](AF <= 0.321 | srr >= 0.043)
",0.000,-9999999.000,-9999999.000,0.000,1.000,0,14,0,20,20,14,0,34,0.0,1.0,0.0,0.0,0.4117647058823529,0.5882352941176471,-1
"F[0,1](af >= 0.006 -> s24_hr >= -0.005)
",0.000,-9999999.000,-9999999.000,0.000,1.000,0,14,0,20,20,14,0,34,0.0,1.0,0.0,0.0,0.4117647058823529,0.5882352941176471,-1
"F[0,1](af >= 0.008 -> s8_hr <= 0.001)
",0.000,-9999999.000,-9999999.000,0.000,1.000,0,14,0,20,20,14,0,34,0.0,1.0,0.0,0.0,0.4117647058823529,0.5882352941176471,-1
"F[0,1](af >= 0.006 -> y >= 0.048)
",0.000,-9999999.000,-9999999.000,0.000,1.000,0,14,0,20,20,14,0,34,0.0,1.0,0.0,0.0,0.4117647058823529,0.5882352941176471,-1
"((n_evts >= 0.014) U[0,2] (s2_edrk >= -0.001))
",0.000,-9999999.000,-9999999.000,0.000,1.000,0,14,0,20,20,14,0,34,0.0,1.0,0.0,0.0,0.4117647058823529,0.5882352941176471,-1
"((O2_Flow >= 2.390) U[0,0] (Resp >= 17.011))
",-0.522,0.713,1.915,0.000,1.000,5,9,5,15,20,14,10,24,0.25,0.6428571428571429,0.35714285714285715,0.5,0.4117647058823529,0.5882352941176471,-1
"F[0,1](s24_hr <= 0.001 -> s2_edrk >= -0.006)
",0.000,-9999999.000,-9999999.000,0.000,1.000,0,14,0,20,20,14,0,34,0.0,1.0,0.0,0.0,0.4117647058823529,0.5882352941176471,-1
"F[1,2](s24_edrk >= -0.003 | srr >= 0.059)
",0.000,-9999999.000,-9999999.000,0.000,1.000,0,14,0,20,20,14,0,34,0.0,1.0,0.0,0.0,0.4117647058823529,0.5882352941176471,-1
"F[1,1](death <= 0.687 | lds <= 2.034)
",0.686,0.963,0.718,0.000,1.000,0,14,0,20,20,14,0,34,0.0,1.0,0.0,0.0,0.4117647058823529,0.5882352941176471,-1
"F[1,2](Mort >= 0.061 -> s2_hr <= 0.002)
",0.000,-9999999.000,-9999999.000,0.000,1.000,0,14,0,20,20,14,0,34,0.0,1.0,0.0,0.0,0.4117647058823529,0.5882352941176471,-1
"F[1,1](n_edrk >= 0.511 -> srr >= 0.039)
",-0.486,-0.364,-0.184,0.000,1.000,2,12,2,18,20,14,4,30,0.1,0.8571428571428571,0.14285714285714285,0.5,0.4117647058823529,0.5882352941176471,-1
"F[0,0](s24_hr >= -0.008 | Temp >= 36.340)
",-0.139,0.354,0.418,0.000,1.000,0,14,0,20,20,14,0,34,0.0,1.0,0.0,0.0,0.4117647058823529,0.5882352941176471,-1
"F[0,1](AF >= 0.002 -> tte >= -2.471)
",0.000,-9999999.000,-9999999.000,0.000,1.000,0,14,0,20,20,14,0,34,0.0,1.0,0.0,0.0,0.4117647058823529,0.5882352941176471,-1
"((s8_hr >= -0.008) U[0,0] (SBP >= 64.943))
",-0.234,48.357,55.629,0.000,1.000,0,14,0,20,20,14,0,34,0.0,1.0,0.0,0.0,0.4117647058823529,0.5882352941176471,-1
"((Glasgow_Coma_Scale_Total >= 14.258) U[0,2] (s8_hr >= -0.004))
",0.000,-9999999.000,-9999999.000,0.000,1.000,0,14,0,20,20,14,0,34,0.0,1.0,0.0,0.0,0.4117647058823529,0.5882352941176471,-1
"F[1,1](AF <= 0.436 | edrk >= 12.089)
",-0.511,1.638,6.633,0.000,1.000,0,14,0,20,20,14,0,34,0.0,1.0,0.0,0.0,0.4117647058823529,0.5882352941176471,-1
"((edrk <= 19.647) U[0,2] (s2_edrk >= -0.004))
",0.000,-9999999.000,-9999999.000,0.000,1.000,0,14,0,20,20,14,0,34,0.0,1.0,0.0,0.0,0.4117647058823529,0.5882352941176471,-1
"((ICU_Pt_Days >= 0.413) U[0,0] (SBP >= 62.663))
",-0.234,50.637,57.909,0.000,1.000,0,14,0,20,20,14,0,34,0.0,1.0,0.0,0.0,0.4117647058823529,0.5882352941176471,-1
"F[0,2](direct <= 0.956 | MET <= 0.838)
",0.000,-9999999.000,-9999999.000,0.000,1.000,0,14,0,20,20,14,0,34,0.0,1.0,0.0,0.0,0.4117647058823529,0.5882352941176471,-1
"F[1,2](cosen <= -1.382 -> s8_edrk >= -0.002)
",0.000,-9999999.000,-9999999.000,0.000,1.000,0,14,0,20,20,14,0,34,0.0,1.0,0.0,0.0,0.4117647058823529,0.5882352941176471,-1
"((n_edrk >= 0.450) U[0,1] (s2_edrk >= -0.007))
",0.000,-9999999.000,-9999999.000,0.000,1.000,0,14,0,20,20,14,0,34,0.0,1.0,0.0,0.0,0.4117647058823529,0.5882352941176471,-1
"((n_evts <= 0.992) U[0,1] (s8_edrk >= -0.002))
",0.000,-9999999.000,-9999999.000,0.000,1.000,0,14,0,20,20,14,0,34,0.0,1.0,0.0,0.0,0.4117647058823529,0.5882352941176471,-1
"F[0,1](hr >= 61.791 | SpO2 <= 99.293)
",0.000,-9999999.000,-9999999.000,0.000,1.000,0,14,0,20,20,14,0,34,0.0,1.0,0.0,0.0,0.4117647058823529,0.5882352941176471,-1
"F[0,2](AF >= 0.020 -> lds >= 1.058)
",0.000,-9999999.000,-9999999.000,0.000,1.000,0,14,0,20,20,14,0,34,0.0,1.0,0.0,0.0,0.4117647058823529,0.5882352941176471,-1
"F[1,2](dfa <= 0.744 | O2_Flow >= 2.417)
",0.000,-9999999.000,-9999999.000,0.000,1.000,0,14,0,20,20,14,0,34,0.0,1.0,0.0,0.0,0.4117647058823529,0.5882352941176471,-1
"F[1,2](AF >= 0.013 -> Temp <= 37.333)
",0.000,-9999999.000,-9999999.000,0.000,1.000,0,14,0,20,20,14,0,34,0.0,1.0,0.0,0.0,0.4117647058823529,0.5882352941176471,-1
"F[1,2](AF <= 0.491 | Resp >= 15.603)
",0.000,-9999999.000,-9999999.000,0.000,1.000,0,14,0,20,20,14,0,34,0.0,1.0,0.0,0.0,0.4117647058823529,0.5882352941176471,-1
"F[0,1](n_evts <= 0.941 | s2_hr >= -0.007)
",0.000,-9999999.000,-9999999.000,0.000,1.000,0,14,0,20,20,14,0,34,0.0,1.0,0.0,0.0,0.4117647058823529,0.5882352941176471,-1
"F[1,2](Mort <= 0.762 -> s24_edrk >= -0.006)
",0.000,-9999999.000,-9999999.000,0.000,1.000,0,14,0,20,20,14,0,34,0.0,1.0,0.0,0.0,0.4117647058823529,0.5882352941176471,-1
"((AF <= 0.063) U[0,1] (O2_Flow <= 6.244))
",0.000,-9999999.000,-9999999.000,0.000,1.000,0,14,0,20,20,14,0,34,0.0,1.0,0.0,0.0,0.4117647058823529,0.5882352941176471,-1
"F[0,1](cosen <= -1.367 & CREATININE <= 1.100)
",0.000,-9999999.000,-9999999.000,0.000,1.000,0,14,0,20,20,14,0,34,0.0,1.0,0.0,0.0,0.4117647058823529,0.5882352941176471,-1
"((ALBUMIN <= 3.200) U[0,1] (edrk <= 30.353))
",0.000,-9999999.000,-9999999.000,0.000,1.000,0,14,0,20,20,14,0,34,0.0,1.0,0.0,0.0,0.4117647058823529,0.5882352941176471,-1
"F[1,2](lds <= 1.650 | TOTAL_BILIRUBIN >= 0.700)
",0.000,-9999999.000,-9999999.000,0.000,1.000,0,14,0,20,20,14,0,34,0.0,1.0,0.0,0.0,0.4117647058823529,0.5882352941176471,-1
"F[0,0](Glasgow_Coma_Scale_Total >= 14.320 | PARTIAL_THROMBOPLASTIN_TIME >= 31.800)
",0.632,0.680,0.486,0.000,1.000,0,14,0,20,20,14,0,34,0.0,1.0,0.0,0.0,0.4117647058823529,0.5882352941176471,-1
"((dfa <= 0.733) U[0,1] (s8_edrk >= -0.001))
",0.000,-9999999.000,-9999999.000,0.000,1.000,0,14,0,20,20,14,0,34,0.0,1.0,0.0,0.0,0.4117647058823529,0.5882352941176471,-1
"F[1,2](dfa <= 0.752 | n_edrk <= 0.935)
",0.000,-9999999.000,-9999999.000,0.000,1.000,0,14,0,20,20,14,0,34,0.0,1.0,0.0,0.0,0.4117647058823529,0.5882352941176471,-1
"((LOS >= 1.737) U[0,2] (s24_hr <= 0.001))
",0.000,-9999999.000,-9999999.000,0.000,1.000,0,14,0,20,20,14,0,34,0.0,1.0,0.0,0.0,0.4117647058823529,0.5882352941176471,-1
"F[1,2](O2_Flow <= 5.619 -> s24_edrk >= -0.002)
",0.000,-9999999.000,-9999999.000,0.000,1.000,0,14,0,20,20,14,0,34,0.0,1.0,0.0,0.0,0.4117647058823529,0.5882352941176471,-1
"F[0,0](cosen >= -2.336 | s2_hr <= 0.002)
",-0.775,0.031,0.241,0.000,1.000,0,14,0,20,20,14,0,34,0.0,1.0,0.0,0.0,0.4117647058823529,0.5882352941176471,-1
"((LOS >= 1.649) U[0,2] (O2_Flow <= 5.387))
",0.000,-9999999.000,-9999999.000,0.000,1.000,0,14,0,20,20,14,0,34,0.0,1.0,0.0,0.0,0.4117647058823529,0.5882352941176471,-1
"F[1,2](Pulse <= 86.483 -> s8_hr <= 0.001)
",0.000,-9999999.000,-9999999.000,0.000,1.000,0,14,0,20,20,14,0,34,0.0,1.0,0.0,0.0,0.4117647058823529,0.5882352941176471,-1
"((af <= 0.367) U[1,2] (LOS >= 0.512))
",0.000,-9999999.000,-9999999.000,0.000,1.000,0,14,0,20,20,14,0,34,0.0,1.0,0.0,0.0,0.4117647058823529,0.5882352941176471,-1
"F[0,1](hr <= 85.413 -> PARTIAL_THROMBOPLASTIN_TIME <= 31.800)
",0.000,-9999999.000,-9999999.000,0.000,1.000,0,14,0,20,20,14,0,34,0.0,1.0,0.0,0.0,0.4117647058823529,0.5882352941176471,-1
"F[0,2](direct >= 0.091 | s8_hr >= -0.004)
",0.000,-9999999.000,-9999999.000,0.000,1.000,0,14,0,20,20,14,0,34,0.0,1.0,0.0,0.0,0.4117647058823529,0.5882352941176471,-1
"F[1,2](lds >= 0.763 | OXYGEN_SATURATION >= 94.700)
",0.000,-9999999.000,-9999999.000,0.000,1.000,0,14,0,20,20,14,0,34,0.0,1.0,0.0,0.0,0.4117647058823529,0.5882352941176471,-1
"((Glasgow_Coma_Scale_Total >= 14.044) U[0,1] (LACTIC_ACID >= 1.300))
",0.000,-9999999.000,-9999999.000,0.000,1.000,0,14,0,20,20,14,0,34,0.0,1.0,0.0,0.0,0.4117647058823529,0.5882352941176471,-1
"((hr <= 101.978) U[0,2] (SBP <= 152.968))
",0.000,-9999999.000,-9999999.000,0.000,1.000,0,14,0,20,20,14,0,34,0.0,1.0,0.0,0.0,0.4117647058823529,0.5882352941176471,-1
"((Glasgow_Coma_Scale_Total <= 14.976) U[0,2] (lds >= 1.102))
",0.000,-9999999.000,-9999999.000,0.000,1.000,0,14,0,20,20,14,0,34,0.0,1.0,0.0,0.0,0.4117647058823529,0.5882352941176471,-1
"G[1,2](n_evts < 0.606 & y = 0.406)
",0.000,9999999.000,9999999.000,1.000,0.000,0,14,0,20,20,14,0,34,0.0,1.0,0.0,0.0,0.4117647058823529,0.5882352941176471,1
"G[0,1](ALBUMIN >= 3.200 -> y = 0.937)
",0.000,9999999.000,9999999.000,1.000,0.000,0,14,0,20,20,14,0,34,0.0,1.0,0.0,0.0,0.4117647058823529,0.5882352941176471,1
"G[1,1](OXYGEN_SATURATION >= 94.700 -> y = 0.789)
",0.000,-0.000,-0.000,1.000,0.000,0,14,0,20,20,14,0,34,0.0,1.0,0.0,0.0,0.4117647058823529,0.5882352941176471,1
"G[0,1](death >= 0.024 & Mort <= 0.996)
",0.000,9999999.000,9999999.000,1.000,0.000,0,14,0,20,20,14,0,34,0.0,1.0,0.0,0.0,0.4117647058823529,0.5882352941176471,1
"G[1,2](death >= 0.114 & y = 0.787)
",0.000,9999999.000,9999999.000,1.000,0.000,0,14,0,20,20,14,0,34,0.0,1.0,0.0,0.0,0.4117647058823529,0.5882352941176471,1
"G[1,2](lds <= 1.999 & y = 0.399)
",0.000,9999999.000,9999999.000,1.000,0.000,0,14,0,20,20,14,0,34,0.0,1.0,0.0,0.0,0.4117647058823529,0.5882352941176471,1
"G[1,1](CALCIUM < 8.900 & y = 0.990)
",-2.449,-0.990,-0.150,1.000,0.000,0,14,0,20,20,14,0,34,0.0,1.0,0.0,0.0,0.4117647058823529,0.5882352941176471,1
"G[0,1](PARTIAL_THROMBOPLASTIN_TIME <= 31.800 & y = 0.112)
",0.000,9999999.000,9999999.000,1.000,0.000,0,14,0,20,20,14,0,34,0.0,1.0,0.0,0.0,0.4117647058823529,0.5882352941176471,1
"G[1,2](Mort >= 0.088 & n_evts <= 0.610)
",0.000,9999999.000,9999999.000,1.000,0.000,0,14,0,20,20,14,0,34,0.0,1.0,0.0,0.0,0.4117647058823529,0.5882352941176471,1
"G[0,2](af >= 0.009 & lds >= 0.710)
",0.000,9999999.000,9999999.000,1.000,0.000,0,14,0,20,20,14,0,34,0.0,1.0,0.0,0.0,0.4117647058823529,0.5882352941176471,1
"G[0,2](death <= 0.702 & s8_edrk <= 0.000)
",0.000,9999999.000,9999999.000,1.000,0.000,0,14,14,6,6,28,14,20,0.0,0.5,0.5,0.0,0.4117647058823529,0.5882352941176471,1
"F[0,2](cosen >= -2.387 -> s24_edrk <= 0.002)
",0.000,-9999999.000,-9999999.000,0.000,1.000,0,13,0,21,21,13,0,34,0.0,1.0,0.0,0.0,0.38235294117647056,0.6176470588235294,-1
"F[0,0](n_edrk >= 0.198 & Resp >= 13.005)
",0.030,0.307,0.268,0.000,1.000,5,8,6,15,20,14,11,23,0.25,0.5714285714285714,0.42857142857142855,0.45454545454545453,0.38235294117647056,0.6176470588235294,-1
"((lds <= 2.080) U[1,2] (s2_edrk >= -0.008))
",0.000,-9999999.000,-9999999.000,0.000,1.000,0,13,1,20,20,14,1,33,0.0,0.9285714285714286,0.07142857142857142,0.0,0.38235294117647056,0.6176470588235294,-1
"F[0,2](lds <= 1.709 | s24_edrk <= 2.1051442955473854e-05)
",0.000,-9999999.000,-9999999.000,0.000,1.000,0,13,0,21,21,13,0,34,0.0,1.0,0.0,0.0,0.38235294117647056,0.6176470588235294,-1
"((AF >= 0.020) U[0,1] (SpO2 <= 99.606))
",0.000,-9999999.000,-9999999.000,0.000,1.000,0,13,1,20,20,14,1,33,0.0,0.9285714285714286,0.07142857142857142,0.0,0.38235294117647056,0.6176470588235294,-1
"F[0,2](Glasgow_Coma_Scale_Total <= 14.976 -> Mort <= 0.691)
",0.000,-9999999.000,-9999999.000,0.000,1.000,0,13,0,21,21,13,0,34,0.0,1.0,0.0,0.0,0.38235294117647056,0.6176470588235294,-1
"F[0,2](lds <= 1.697 & s2_hr <= 0.002)
",0.000,-9999999.000,-9999999.000,0.000,1.000,0,13,0,21,21,13,0,34,0.0,1.0,0.0,0.0,0.38235294117647056,0.6176470588235294,-1
"F[0,1](n_edrk >= 0.362 -> Temp <= 37.258)
",0.000,-9999999.000,-9999999.000,0.000,1.000,0,13,1,20,20,14,1,33,0.0,0.9285714285714286,0.07142857142857142,0.0,0.38235294117647056,0.6176470588235294,-1
"F[0,2](cosen >= -2.579 -> SBP >= 86.488)
",0.000,-9999999.000,-9999999.000,0.000,1.000,0,13,0,21,21,13,0,34,0.0,1.0,0.0,0.0,0.38235294117647056,0.6176470588235294,-1
"F[1,1](n_evts >= 0.116 -> SBP >= 80.822)
",-0.302,-32.478,-26.707,0.000,1.000,0,13,1,20,20,14,1,33,0.0,0.9285714285714286,0.07142857142857142,0.0,0.38235294117647056,0.6176470588235294,-1
"F[0,1](lds <= 1.970 -> SBP >= 109.809)
",0.000,-9999999.000,-9999999.000,0.000,1.000,0,13,1,20,20,14,1,33,0.0,0.9285714285714286,0.07142857142857142,0.0,0.38235294117647056,0.6176470588235294,-1
"((lds <= 1.557) U[0,2] (MET <= 0.723))
",0.000,-9999999.000,-9999999.000,0.000,1.000,0,13,0,21,21,13,0,34,0.0,1.0,0.0,0.0,0.38235294117647056,0.6176470588235294,-1
"((edrk <= 33.641) U[1,2] (O2_Flow <= 5.893))
",0.000,-9999999.000,-9999999.000,0.000,1.000,0,13,0,21,21,13,0,34,0.0,1.0,0.0,0.0,0.38235294117647056,0.6176470588235294,-1
"((s24_hr <= -0.000) U[0,2] (s8_edrk <= 0.002))
",0.000,-9999999.000,-9999999.000,0.000,1.000,0,13,0,21,21,13,0,34,0.0,1.0,0.0,0.0,0.38235294117647056,0.6176470588235294,-1
"F[0,1](AF > 0.021 -> y = 0.489)
",0.000,-9999999.000,-9999999.000,0.000,1.000,0,13,1,20,20,14,1,33,0.0,0.9285714285714286,0.07142857142857142,0.0,0.38235294117647056,0.6176470588235294,-1
"F[0,1](death >= 0.094 -> Resp >= 15.712)
",0.000,-9999999.000,-9999999.000,0.000,1.000,0,13,1,20,20,14,1,33,0.0,0.9285714285714286,0.07142857142857142,0.0,0.38235294117647056,0.6176470588235294,-1
"F[0,0](srr >= 0.024 | Temp <= 37.273)
",-0.111,0.579,0.647,0.000,1.000,0,13,1,20,20,14,1,33,0.0,0.9285714285714286,0.07142857142857142,0.0,0.38235294117647056,0.6176470588235294,-1
"((Resp <= 19.730) U[1,1] (s8_hr >= -0.003))
",0.126,2.930,2.341,0.000,1.000,2,11,3,18,20,14,5,29,0.1,0.7857142857142857,0.21428571428571427,0.4,0.38235294117647056,0.6176470588235294,-1
"((AF >= 0.020) U[0,1] (s24_edrk <= 0.002))
",0.000,-9999999.000,-9999999.000,0.000,1.000,0,13,1,20,20,14,1,33,0.0,0.9285714285714286,0.07142857142857142,0.0,0.38235294117647056,0.6176470588235294,-1
"G[0,2](Mort <= 0.518 & tte >= -0.639)
",0.000,9999999.000,9999999.000,1.000,0.000,0,13,21,0,0,34,21,13,0.0,0.38235294117647056,0.6176470588235294,0.0,0.38235294117647056,0.6176470588235294,1
"G[0,2](Glasgow_Coma_Scale_Total >= 14.640 -> y = 0.750)
",0.000,9999999.000,9999999.000,1.000,0.000,0,13,1,20,20,14,1,33,0.0,0.9285714285714286,0.07142857142857142,0.0,0.38235294117647056,0.6176470588235294,1
"G[0,1](cosen >= -2.484 & Resp <= 18.677)
",0.000,9999999.000,9999999.000,1.000,0.000,9,4,10,11,20,14,19,15,0.45,0.2857142857142857,0.7142857142857143,0.47368421052631576,0.38235294117647056,0.6176470588235294,1
"G[0,1](MET >= 0.051 & s2_edrk <= 0.004)
",0.000,9999999.000,9999999.000,1.000,0.000,0,13,1,20,20,14,1,33,0.0,0.9285714285714286,0.07142857142857142,0.0,0.38235294117647056,0.6176470588235294,1
"G[0,1](dfa <= 0.741 & MET >= 0.023)
",0.000,9999999.000,9999999.000,1.000,0.000,0,13,1,20,20,14,1,33,0.0,0.9285714285714286,0.07142857142857142,0.0,0.38235294117647056,0.6176470588235294,1
"F[0,2](MET <= 0.280 | Pulse <= 88.853)
",0.000,-9999999.000,-9999999.000,0.000,1.000,0,13,0,21,21,13,0,34,0.0,1.0,0.0,0.0,0.38235294117647056,0.6176470588235294,-1
"F[0,1](lds <= 1.449 | s24_hr <= -0.000)
",0.000,-9999999.000,-9999999.000,0.000,1.000,0,13,1,20,20,14,1,33,0.0,0.9285714285714286,0.07142857142857142,0.0,0.38235294117647056,0.6176470588235294,-1
"((s24_edrk <= 0.003) U[0,2] (tte >= -2.093))
",0.000,-9999999.000,-9999999.000,0.000,1.000,0,13,0,21,21,13,0,34,0.0,1.0,0.0,0.0,0.38235294117647056,0.6176470588235294,-1
"F[0,1](hr <= 81.732 | y >= 0.209)
",0.000,-9999999.000,-9999999.000,0.000,1.000,0,13,1,20,20,14,1,33,0.0,0.9285714285714286,0.07142857142857142,0.0,0.38235294117647056,0.6176470588235294,-1
"((n_edrk >= 0.305) U[0,1] (SpO2 >= 90.176))
",0.000,-9999999.000,-9999999.000,0.000,1.000,0,13,1,20,20,14,1,33,0.0,0.9285714285714286,0.07142857142857142,0.0,0.38235294117647056,0.6176470588235294,-1
"((dfa <= 0.940) U[0,2] (Pulse <= 89.378))
",0.000,-9999999.000,-9999999.000,0.000,1.000,0,13,0,21,21,13,0,34,0.0,1.0,0.0,0.0,0.38235294117647056,0.6176470588235294,-1
"((hr >= 56.985) U[0,2] (s24_hr <= -0.000))
",0.000,-9999999.000,-9999999.000,0.000,1.000,0,13,0,21,21,13,0,34,0.0,1.0,0.0,0.0,0.38235294117647056,0.6176470588235294,-1
"F[0,2](Glasgow_Coma_Scale_Total >= 14.902 & TOTAL_BILIRUBIN <= 0.700)
",0.000,-9999999.000,-9999999.000,0.000,1.000,0,13,0,21,21,13,0,34,0.0,1.0,0.0,0.0,0.38235294117647056,0.6176470588235294,-1
"((Resp <= 20.958) U[0,2] (SpO2 <= 99.960))
",0.000,-9999999.000,-9999999.000,0.000,1.000,0,13,0,21,21,13,0,34,0.0,1.0,0.0,0.0,0.38235294117647056,0.6176470588235294,-1
"F[1,2](edrk >= 13.196 | Resp <= 21.908)
",0.000,-9999999.000,-9999999.000,0.000,1.000,0,13,0,21,21,13,0,34,0.0,1.0,0.0,0.0,0.38235294117647056,0.6176470588235294,-1
"G[0,2](death >= 0.022 & O2_Flow <= 5.637)
",0.000,9999999.000,9999999.000,1.000,0.000,0,12,2,20,20,14,2,32,0.0,0.8571428571428571,0.14285714285714285,0.0,0.35294117647058826,0.6470588235294117,1
"((LACTIC_ACID >= 1.300) U[1,1] (srr >= 0.035))
",-0.423,0.026,0.047,0.000,1.000,0,12,2,20,20,14,2,32,0.0,0.8571428571428571,0.14285714285714285,0.0,0.35294117647058826,0.6470588235294117,-1
"((death <= 0.833) U[0,0] (s2_edrk >= -0.007))
",0.632,0.833,0.596,0.000,1.000,0,12,2,20,20,14,2,32,0.0,0.8571428571428571,0.14285714285714285,0.0,0.35294117647058826,0.6470588235294117,-1
"F[0,2](s24_edrk <= 0.001 & s24_hr <= 0.001)
",0.000,-9999999.000,-9999999.000,0.000,1.000,0,12,0,22,22,12,0,34,0.0,1.0,0.0,0.0,0.35294117647058826,0.6470588235294117,-1
"F[0,1](PARTIAL_THROMBOPLASTIN_TIME <= 31.800 & srr <= 0.099)
",0.000,-9999999.000,-9999999.000,0.000,1.000,0,12,2,20,20,14,2,32,0.0,0.8571428571428571,0.14285714285714285,0.0,0.35294117647058826,0.6470588235294117,-1
"((hr >= 61.331) U[1,2] (n_edrk <= 0.915))
",0.000,-9999999.000,-9999999.000,0.000,1.000,0,12,0,22,22,12,0,34,0.0,1.0,0.0,0.0,0.35294117647058826,0.6470588235294117,-1
"F[0,1](death <= 0.298 & s24_edrk >= -0.007)
",0.000,-9999999.000,-9999999.000,0.000,1.000,0,12,2,20,20,14,2,32,0.0,0.8571428571428571,0.14285714285714285,0.0,0.35294117647058826,0.6470588235294117,-1
"((s24_edrk <= 0.001) U[1,1] (s8_hr <= 0.001))
",0.463,0.002,0.001,0.000,1.000,1,11,3,19,20,14,4,30,0.05,0.7857142857142857,0.21428571428571427,0.25,0.35294117647058826,0.6470588235294117,-1
"((ICU_Pt_Days <= 3.728) U[0,1] (srr >= 0.044))
",0.000,-9999999.000,-9999999.000,0.000,1.000,1,11,3,19,20,14,4,30,0.05,0.7857142857142857,0.21428571428571427,0.25,0.35294117647058826,0.6470588235294117,-1
"((SBP >= 93.235) U[0,0] (Temp >= 35.703))
",-0.277,20.065,28.357,0.000,1.000,0,12,2,20,20,14,2,32,0.0,0.8571428571428571,0.14285714285714285,0.0,0.35294117647058826,0.6470588235294117,-1
"((Resp >= 13.662) U[0,0] (s24_hr <= 0.001))
",-0.060,3.471,3.719,0.000,1.000,0,12,2,20,20,14,2,32,0.0,0.8571428571428571,0.14285714285714285,0.0,0.35294117647058826,0.6470588235294117,-1
"F[1,2]((af <= 0.061 | AF <= 0.436) & cosen >= -2.715)
",0.000,-9999999.000,-9999999.000,0.000,1.000,0,12,0,22,22,12,0,34,0.0,1.0,0.0,0.0,0.35294117647058826,0.6470588235294117,-1
"F[1,2]((af <= 0.231 | AF <= 0.305) & cosen >= -2.307)
",0.000,-9999999.000,-9999999.000,0.000,1.000,0,12,0,22,22,12,0,34,0.0,1.0,0.0,0.0,0.35294117647058826,0.6470588235294117,-1
"G[1,1](edrk >= 13.532 & s24_hr <= -0.000)
",-0.113,-0.771,-0.599,1.000,0.000,7,5,9,13,20,14,16,18,0.35,0.35714285714285715,0.6428571428571429,0.4375,0.35294117647058826,0.6470588235294117,1
"((s2_hr >= -0.007) U[0,0] (s8_edrk >= -0.003))
",-0.302,0.007,0.008,0.000,1.000,0,12,2,20,20,14,2,32,0.0,0.8571428571428571,0.14285714285714285,0.0,0.35294117647058826,0.6470588235294117,-1
"F[1,2]((af <= 0.466 | AF <= 0.112) & cosen >= -2.713)
",0.000,-9999999.000,-9999999.000,0.000,1.000,0,12,0,22,22,12,0,34,0.0,1.0,0.0,0.0,0.35294117647058826,0.6470588235294117,-1
"F[1,2](LOS <= 6.530 | Temp >= 36.698)
",0.000,-9999999.000,-9999999.000,0.000,1.000,0,12,0,22,22,12,0,34,0.0,1.0,0.0,0.0,0.35294117647058826,0.6470588235294117,-1
"((n_edrk <= 0.779) U[0,0] (tte >= -3.445))
",0.749,3.445,2.669,0.000,1.000,0,12,2,20,20,14,2,32,0.0,0.8571428571428571,0.14285714285714285,0.0,0.35294117647058826,0.6470588235294117,-1
"((cosen <= -1.661) U[0,1] (lds <= 1.519))
",0.000,-9999999.000,-9999999.000,0.000,1.000,2,10,4,18,20,14,6,28,0.1,0.7142857142857143,0.2857142857142857,0.3333333333333333,0.35294117647058826,0.6470588235294117,-1
"((O2_Flow >= 2.205) U[0,1] (srr <= 0.103))
",0.000,-9999999.000,-9999999.000,0.000,1.000,0,12,2,20,20,14,2,32,0.0,0.8571428571428571,0.14285714285714285,0.0,0.35294117647058826,0.6470588235294117,-1
"((cosen >= -2.648) U[0,1] (death <= 0.712))
",0.000,-9999999.000,-9999999.000,0.000,1.000,0,12,2,20,20,14,2,32,0.0,0.8571428571428571,0.14285714285714285,0.0,0.35294117647058826,0.6470588235294117,-1
"F[0,2](direct >= 0.068 | hr <= 81.697)
",0.000,-9999999.000,-9999999.000,0.000,1.000,0,12,0,22,22,12,0,34,0.0,1.0,0.0,0.0,0.35294117647058826,0.6470588235294117,-1
"F[0,2](MET >= 0.044 | s8_edrk <= 0.001)
",0.000,-9999999.000,-9999999.000,0.000,1.000,0,12,0,22,22,12,0,34,0.0,1.0,0.0,0.0,0.35294117647058826,0.6470588235294117,-1
"F[1,2](direct >= 0.043 | edrk <= 23.633)
",0.000,-9999999.000,-9999999.000,0.000,1.000,0,12,0,22,22,12,0,34,0.0,1.0,0.0,0.0,0.35294117647058826,0.6470588235294117,-1
"((af <= 0.126) U[1,2] (MET <= 0.739))
",0.000,-9999999.000,-9999999.000,0.000,1.000,0,12,0,22,22,12,0,34,0.0,1.0,0.0,0.0,0.35294117647058826,0.6470588235294117,-1
"((direct >= 0.083) U[0,0] (s2_edrk >= -0.002))
",-0.862,0.002,0.393,0.000,1.000,0,12,2,20,20,14,2,32,0.0,0.8571428571428571,0.14285714285714285,0.0,0.35294117647058826,0.6470588235294117,-1
"((AF <= 0.224) U[1,2] (s8_hr >= -0.007))
",0.000,-9999999.000,-9999999.000,0.000,1.000,0,12,2,20,20,14,2,32,0.0,0.8571428571428571,0.14285714285714285,0.0,0.35294117647058826,0.6470588235294117,-1
"((direct >= 0.077) U[0,2] (Resp <= 20.297))
",0.000,-9999999.000,-9999999.000,0.000,1.000,0,12,0,22,22,12,0,34,0.0,1.0,0.0,0.0,0.35294117647058826,0.6470588235294117,-1
"F[0,1](hr <= 83.888 -> ICU_Pt_Days <= 3.074)
",0.000,-9999999.000,-9999999.000,0.000,1.000,0,12,2,20,20,14,2,32,0.0,0.8571428571428571,0.14285714285714285,0.0,0.35294117647058826,0.6470588235294117,-1
"G[1,2](AF >= 0.027 & s8_edrk <= 0.001)
",0.000,9999999.000,9999999.000,1.000,0.000,0,12,2,20,20,14,2,32,0.0,0.8571428571428571,0.14285714285714285,0.0,0.35294117647058826,0.6470588235294117,1
"F[1,2](s24_edrk <= 0.001 | y >= 0.214)
",0.000,-9999999.000,-9999999.000,0.000,1.000,0,12,0,22,22,12,0,34,0.0,1.0,0.0,0.0,0.35294117647058826,0.6470588235294117,-1
"((cosen <= -2.166) U[1,2] (s24_hr <= 0.001))
",0.000,-9999999.000,-9999999.000,0.000,1.000,4,7,7,16,20,14,11,23,0.2,0.5,0.5,0.36363636363636365,0.3235294117647059,0.6764705882352942,-1
"((n_evts >= 0.389) U[0,0] (s8_hr <= -0.000))
",-2.440,0.000,0.523,0.000,1.000,4,7,7,16,20,14,11,23,0.2,0.5,0.5,0.36363636363636365,0.3235294117647059,0.6764705882352942,-1
"F[1,2](s24_edrk <= 0.001 | SBP <= 117.234)
",0.000,-9999999.000,-9999999.000,0.000,1.000,0,11,0,23,23,11,0,34,0.0,1.0,0.0,0.0,0.3235294117647059,0.6764705882352942,-1
"F[0,0](ICU_Pt_Days >= 0.030 -> Resp <= 19.394)
",0.335,-2.594,-4.070,0.000,1.000,0,11,3,20,20,14,3,31,0.0,0.7857142857142857,0.21428571428571427,0.0,0.3235294117647059,0.6764705882352942,-1
"F[0,0](af >= 0.003 | Resp <= 18.409)
",-0.038,1.609,1.779,0.000,1.000,0,11,3,20,20,14,3,31,0.0,0.7857142857142857,0.21428571428571427,0.0,0.3235294117647059,0.6764705882352942,-1
"((edrk <= 26.361) U[0,2] (y >= 0.098))
",0.000,-9999999.000,-9999999.000,0.000,1.000,0,11,0,23,23,11,0,34,0.0,1.0,0.0,0.0,0.3235294117647059,0.6764705882352942,-1
"((hr >= 66.611) U[0,1] (Pulse <= 85.146))
",0.000,-9999999.000,-9999999.000,0.000,1.000,0,11,3,20,20,14,3,31,0.0,0.7857142857142857,0.21428571428571427,0.0,0.3235294117647059,0.6764705882352942,-1
"((death <= 0.966) U[0,0] (n_edrk >= 0.179))
",0.617,0.966,0.817,0.000,1.000,1,10,4,19,20,14,5,29,0.05,0.7142857142857143,0.2857142857142857,0.2,0.3235294117647059,0.6764705882352942,-1
"F[0,0](ALBUMIN >= 3.200 -> srr >= 0.046)
",0.059,-0.018,-0.021,0.000,1.000,4,7,7,16,20,14,11,23,0.2,0.5,0.5,0.36363636363636365,0.3235294117647059,0.6764705882352942,-1
"F[1,1](s2_edrk <= 0.001 | s8_edrk <= 0.001)
",0.591,0.002,0.001,0.000,1.000,1,10,4,19,20,14,5,29,0.05,0.7142857142857143,0.2857142857142857,0.2,0.3235294117647059,0.6764705882352942,-1
"F[1,2](edrk <= 18.110 | MET >= 0.008)
",0.000,-9999999.000,-9999999.000,0.000,1.000,0,11,0,23,23,11,0,34,0.0,1.0,0.0,0.0,0.3235294117647059,0.6764705882352942,-1
"F[0,1](dfa >= 0.493 & s24_edrk <= 0.001)
",0.000,-9999999.000,-9999999.000,0.000,1.000,0,11,3,20,20,14,3,31,0.0,0.7857142857142857,0.21428571428571427,0.0,0.3235294117647059,0.6764705882352942,-1
"F[0,1](direct <= 0.473 | SBP <= 118.217)
",0.000,-9999999.000,-9999999.000,0.000,1.000,0,11,3,20,20,14,3,31,0.0,0.7857142857142857,0.21428571428571427,0.0,0.3235294117647059,0.6764705882352942,-1
"F[0,1](lds <= 1.370 & s8_edrk <= 0.000)
",0.000,-9999999.000,-9999999.000,0.000,1.000,7,4,10,13,20,14,17,17,0.35,0.2857142857142857,0.7142857142857143,0.4117647058823529,0.3235294117647059,0.6764705882352942,-1
"((hr >= 68.925) U[0,2] (LOS <= 9.853))
",0.000,-9999999.000,-9999999.000,0.000,1.000,0,11,0,23,23,11,0,34,0.0,1.0,0.0,0.0,0.3235294117647059,0.6764705882352942,-1
"((af >= 0.015) U[0,2] (srr >= 0.040))
",0.000,-9999999.000,-9999999.000,0.000,1.000,0,11,0,23,23,11,0,34,0.0,1.0,0.0,0.0,0.3235294117647059,0.6764705882352942,-1
"((MET >= 0.044) U[0,2] (SBP >= 110.942))
",0.000,-9999999.000,-9999999.000,0.000,1.000,0,11,0,23,23,11,0,34,0.0,1.0,0.0,0.0,0.3235294117647059,0.6764705882352942,-1
"F[0,1](dfa >= 0.571 -> y <= 0.383)
",0.000,-9999999.000,-9999999.000,0.000,1.000,0,11,3,20,20,14,3,31,0.0,0.7857142857142857,0.21428571428571427,0.0,0.3235294117647059,0.6764705882352942,-1
"((af <= 0.428) U[1,1] (s8_edrk <= 0.002))
",0.632,0.428,0.306,0.000,1.000,0,11,3,20,20,14,3,31,0.0,0.7857142857142857,0.21428571428571427,0.0,0.3235294117647059,0.6764705882352942,-1
"((Resp <= 21.716) U[1,2] (s2_hr <= -0.000))
",0.000,-9999999.000,-9999999.000,0.000,1.000,0,11,1,22,22,12,1,33,0.0,0.9166666666666666,0.08333333333333333,0.0,0.3235294117647059,0.6764705882352942,-1
"F[0,1](O2_Flow >= 2.061 -> y = 0.212)
",0.000,-9999999.000,-9999999.000,0.000,1.000,0,11,3,20,20,14,3,31,0.0,0.7857142857142857,0.21428571428571427,0.0,0.3235294117647059,0.6764705882352942,-1
"F[1,1](Glasgow_Coma_Scale_Total >= 14.718 & SpO2 >= 85.039)
",0.408,0.282,0.139,0.000,1.000,0,10,4,20,20,14,4,30,0.0,0.7142857142857143,0.2857142857142857,0.0,0.29411764705882354,0.7058823529411764,-1
"G[1,1](death >= 0.002 & SBP <= 158.602)
",-0.408,-0.002,0.141,1.000,0.000,0,10,4,20,20,14,4,30,0.0,0.7142857142857143,0.2857142857142857,0.0,0.29411764705882354,0.7058823529411764,1
"((s2_hr <= 0.002) U[0,2] (Temp <= 37.188))
",0.000,-9999999.000,-9999999.000,0.000,1.000,0,10,0,24,24,10,0,34,0.0,1.0,0.0,0.0,0.29411764705882354,0.7058823529411764,-1
"F[1,2](SBP >= 94.494 -> tte <= -0.280)
",0.000,-9999999.000,-9999999.000,0.000,1.000,0,10,0,24,24,10,0,34,0.0,1.0,0.0,0.0,0.29411764705882354,0.7058823529411764,-1
"((CREATININE <= 1.100) U[0,2] (edrk >= 15.329))
",0.000,-9999999.000,-9999999.000,0.000,1.000,0,10,0,24,24,10,0,34,0.0,1.0,0.0,0.0,0.29411764705882354,0.7058823529411764,-1
"((SpO2 >= 87.144) U[0,2] (Temp <= 37.200))
",0.000,-9999999.000,-9999999.000,0.000,1.000,0,10,0,24,24,10,0,34,0.0,1.0,0.0,0.0,0.29411764705882354,0.7058823529411764,-1
"((MET >= 0.040) U[0,1] (Mort <= 0.226))
",0.000,-9999999.000,-9999999.000,0.000,1.000,0,10,4,20,20,14,4,30,0.0,0.7142857142857143,0.2857142857142857,0.0,0.29411764705882354,0.7058823529411764,-1
"F[1,2](hr <= 119.693 & s8_hr <= -0.000)
",0.000,-9999999.000,-9999999.000,0.000,1.000,0,10,0,24,24,10,0,34,0.0,1.0,0.0,0.0,0.29411764705882354,0.7058823529411764,-1
"G[0,2](dfa >= 0.557 & Temp <= 36.799)
",0.000,9999999.000,9999999.000,1.000,0.000,0,10,22,2,2,32,22,12,0.0,0.3125,0.6875,0.0,0.29411764705882354,0.7058823529411764,1
"((dfa <= 0.802) U[0,1] (Mort <= 0.503))
",0.000,-9999999.000,-9999999.000,0.000,1.000,0,10,4,20,20,14,4,30,0.0,0.7142857142857143,0.2857142857142857,0.0,0.29411764705882354,0.7058823529411764,-1
"G[1,2](s24_edrk <= 0.001 -> y = 0.760)
",0.000,9999999.000,9999999.000,1.000,0.000,0,10,5,19,19,15,5,29,0.0,0.6666666666666666,0.3333333333333333,0.0,0.29411764705882354,0.7058823529411764,1
"F[1,2](ALBUMIN >= 3.200 -> hr <= 101.108)
",0.000,-9999999.000,-9999999.000,0.000,1.000,0,10,0,24,24,10,0,34,0.0,1.0,0.0,0.0,0.29411764705882354,0.7058823529411764,-1
"((s2_edrk <= 0.002) U[0,2] (SpO2 <= 97.691))
",0.000,-9999999.000,-9999999.000,0.000,1.000,0,10,0,24,24,10,0,34,0.0,1.0,0.0,0.0,0.29411764705882354,0.7058823529411764,-1
"F[1,1](death <= 0.496 -> srr <= 0.098)
",-0.408,-0.496,-0.426,0.000,1.000,1,9,5,19,20,14,6,28,0.05,0.6428571428571429,0.35714285714285715,0.16666666666666666,0.29411764705882354,0.7058823529411764,-1
"((cosen >= -2.704) U[0,0] (hr <= 100.929))
",1.713,39.130,12.148,0.000,1.000,0,10,4,20,20,14,4,30,0.0,0.7142857142857143,0.2857142857142857,0.0,0.29411764705882354,0.7058823529411764,-1
"((Glasgow_Coma_Scale_Total >= 14.405) U[0,2] (Temp <= 37.125))
",0.000,-9999999.000,-9999999.000,0.000,1.000,0,10,0,24,24,10,0,34,0.0,1.0,0.0,0.0,0.29411764705882354,0.7058823529411764,-1
"F[1,1](edrk >= 14.731 | LOS <= 7.817)
",0.472,7.817,4.015,0.000,1.000,0,10,4,20,20,14,4,30,0.0,0.7142857142857143,0.2857142857142857,0.0,0.29411764705882354,0.7058823529411764,-1
"((Mort <= 0.371) U[0,2] (Temp <= 37.126))
",0.000,-9999999.000,-9999999.000,0.000,1.000,0,10,0,24,24,10,0,34,0.0,1.0,0.0,0.0,0.29411764705882354,0.7058823529411764,-1
"((af <= 0.076) U[1,2] (death <= 0.918))
",0.000,-9999999.000,-9999999.000,0.000,1.000,0,10,0,24,24,10,0,34,0.0,1.0,0.0,0.0,0.29411764705882354,0.7058823529411764,-1
"F[0,0](af <= 0.420 & n_edrk >= 0.694)
",0.119,0.073,-0.010,0.000,1.000,3,6,8,17,20,14,11,23,0.15,0.42857142857142855,0.5714285714285714,0.2727272727272727,0.2647058823529412,0.7352941176470589,-1
"F[1,2](SpO2 <= 96.944 | y <= 0.892)
",0.000,-9999999.000,-9999999.000,0.000,1.000,0,9,0,25,25,9,0,34,0.0,1.0,0.0,0.0,0.2647058823529412,0.7352941176470589,-1
"((death <= 0.175) U[1,2] (dfa >= 0.505))
",0.000,-9999999.000,-9999999.000,0.000,1.000,0,9,3,22,22,12,3,31,0.0,0.75,0.25,0.0,0.2647058823529412,0.7352941176470589,-1
"F[0,2](ALBUMIN >= 3.200 -> lds <= 1.386)
",0.000,-9999999.000,-9999999.000,0.000,1.000,0,9,0,25,25,9,0,34,0.0,1.0,0.0,0.0,0.2647058823529412,0.7352941176470589,-1
"F[0,2](edrk >= 14.148 & tte >= -2.039)
",0.000,-9999999.000,-9999999.000,0.000,1.000,0,9,0,25,25,9,0,34,0.0,1.0,0.0,0.0,0.2647058823529412,0.7352941176470589,-1
"((AF <= 0.300) U[1,2] (dfa <= 0.760))
",0.000,-9999999.000,-9999999.000,0.000,1.000,0,9,2,23,23,11,2,32,0.0,0.8181818181818182,0.18181818181818182,0.0,0.2647058823529412,0.7352941176470589,-1
"F[0,2](direct <= 0.743 & SpO2 <= 98.047)
",0.000,-9999999.000,-9999999.000,0.000,1.000,0,9,0,25,25,9,0,34,0.0,1.0,0.0,0.0,0.2647058823529412,0.7352941176470589,-1
"((s2_hr >= -0.003) U[1,2] (y >= 0.018))
",0.000,-9999999.000,-9999999.000,0.000,1.000,0,9,0,25,25,9,0,34,0.0,1.0,0.0,0.0,0.2647058823529412,0.7352941176470589,-1
"F[0,2](hr >= 68.654 -> Mort >= 0.049)
",0.000,-9999999.000,-9999999.000,0.000,1.000,0,9,0,25,25,9,0,34,0.0,1.0,0.0,0.0,0.2647058823529412,0.7352941176470589,-1
"((death >= 0.002) U[0,2] (ICU_Pt_Days <= 3.618))
",0.000,-9999999.000,-9999999.000,0.000,1.000,0,9,0,25,25,9,0,34,0.0,1.0,0.0,0.0,0.2647058823529412,0.7352941176470589,-1
"F[1,2](lds >= 0.878 -> Temp <= 36.775)
",0.000,-9999999.000,-9999999.000,0.000,1.000,0,9,0,25,25,9,0,34,0.0,1.0,0.0,0.0,0.2647058823529412,0.7352941176470589,-1
"((edrk <= 34.622) U[1,2] (srr <= 0.103))
",0.000,-9999999.000,-9999999.000,0.000,1.000,0,9,0,25,25,9,0,34,0.0,1.0,0.0,0.0,0.2647058823529412,0.7352941176470589,-1
"((death >= 0.096) U[0,1] (direct <= 0.735))
",0.000,-9999999.000,-9999999.000,0.000,1.000,0,9,5,20,20,14,5,29,0.0,0.6428571428571429,0.35714285714285715,0.0,0.2647058823529412,0.7352941176470589,-1
"G[0,2](Mort > 0.085 -> y = 0.511)
",0.000,9999999.000,9999999.000,1.000,0.000,0,9,25,0,0,34,25,9,0.0,0.2647058823529412,0.7352941176470589,0.0,0.2647058823529412,0.7352941176470589,1
"G[0,1](lds >= 1.150 & srr >= 0.027)
",0.000,9999999.000,9999999.000,1.000,0.000,3,6,8,17,20,14,11,23,0.15,0.42857142857142855,0.5714285714285714,0.2727272727272727,0.2647058823529412,0.7352941176470589,1
"G[0,2](LOS <= 3.189 | Mort >= 0.005)
",0.000,9999999.000,9999999.000,1.000,0.000,0,9,25,0,0,34,25,9,0.0,0.2647058823529412,0.7352941176470589,0.0,0.2647058823529412,0.7352941176470589,1
"G[0,1](direct >= 0.051 & Pulse >= 63.288)
",0.000,9999999.000,9999999.000,1.000,0.000,0,9,5,20,20,14,5,29,0.0,0.6428571428571429,0.35714285714285715,0.0,0.2647058823529412,0.7352941176470589,1
"G[0,2](AF <= 0.053 & direct <= 0.266)
",0.000,9999999.000,9999999.000,1.000,0.000,0,9,25,0,0,34,25,9,0.0,0.2647058823529412,0.7352941176470589,0.0,0.2647058823529412,0.7352941176470589,1
"F[0,1](ICU_Pt_Days <= 2.774 & s24_hr >= -0.006)
",0.000,-9999999.000,-9999999.000,0.000,1.000,0,9,5,20,20,14,5,29,0.0,0.6428571428571429,0.35714285714285715,0.0,0.2647058823529412,0.7352941176470589,-1
"G[0,1](lds >= 0.737 & y >= 0.196)
",0.000,9999999.000,9999999.000,1.000,0.000,0,8,6,20,20,14,6,28,0.0,0.5714285714285714,0.42857142857142855,0.0,0.23529411764705882,0.7647058823529411,1
"((af >= 0.013) U[0,2] (O2_Flow >= 2.182))
",0.000,-9999999.000,-9999999.000,0.000,1.000,0,8,0,26,26,8,0,34,0.0,1.0,0.0,0.0,0.23529411764705882,0.7647058823529411,-1
"((lds <= 1.661) U[0,2] (O2_Flow >= 2.076))
",0.000,-9999999.000,-9999999.000,0.000,1.000,0,8,0,26,26,8,0,34,0.0,1.0,0.0,0.0,0.23529411764705882,0.7647058823529411,-1
"G[0,0](dfa <= 1.211 -> direct >= 0.193)
",0.398,-0.408,-0.615,1.000,0.000,1,7,7,19,20,14,8,26,0.05,0.5,0.5,0.125,0.23529411764705882,0.7647058823529411,1
"F[0,2](ICU_Pt_Days <= 3.069 & s8_edrk >= -0.007)
",0.000,-9999999.000,-9999999.000,0.000,1.000,0,8,0,26,26,8,0,34,0.0,1.0,0.0,0.0,0.23529411764705882,0.7647058823529411,-1
"F[0,1](AF <= 0.468 & Mort <= 0.770)
",0.000,-9999999.000,-9999999.000,0.000,1.000,0,7,7,20,20,14,7,27,0.0,0.5,0.5,0.0,0.20588235294117646,0.7941176470588236,-1
"G[1,1](Mort >= 0.125 & n_edrk >= 0.022)
",-0.542,-0.125,0.065,1.000,0.000,0,7,7,20,20,14,7,27,0.0,0.5,0.5,0.0,0.20588235294117646,0.7941176470588236,1
"G[1,2](s8_edrk >= -0.006 -> SBP >= 113.252)
",0.000,9999999.000,9999999.000,1.000,0.000,0,7,20,7,7,27,20,14,0.0,0.25925925925925924,0.7407407407407407,0.0,0.20588235294117646,0.7941176470588236,1
"((s8_hr >= -0.009) U[0,1] (y <= 0.477))
",0.000,-9999999.000,-9999999.000,0.000,1.000,0,7,7,20,20,14,7,27,0.0,0.5,0.5,0.0,0.20588235294117646,0.7941176470588236,-1
"F[0,0](s2_edrk >= -0.003 -> y <= 0.526)
",-1.155,-0.526,-0.227,0.000,1.000,0,7,7,20,20,14,7,27,0.0,0.5,0.5,0.0,0.20588235294117646,0.7941176470588236,-1
"F[1,2](death <= 0.970 & y >= 0.046)
",0.000,-9999999.000,-9999999.000,0.000,1.000,0,7,0,27,27,7,0,34,0.0,1.0,0.0,0.0,0.20588235294117646,0.7941176470588236,-1
"((Mort <= 0.969) U[0,2] (srr >= 0.063))
",0.000,-9999999.000,-9999999.000,0.000,1.000,0,7,0,27,27,7,0,34,0.0,1.0,0.0,0.0,0.20588235294117646,0.7941176470588236,-1
"F[0,0](ICU_Pt_Days <= 2.468 & s2_hr <= 0.003)
",0.866,0.003,-1.084,0.000,1.000,0,7,7,20,20,14,7,27,0.0,0.5,0.5,0.0,0.20588235294117646,0.7941176470588236,-1
"((cosen <= -2.208) U[0,0] (ICU_Pt_Days <= 3.435))
",1.283,3.435,1.500,0.000,1.000,0,7,7,20,20,14,7,27,0.0,0.5,0.5,0.0,0.20588235294117646,0.7941176470588236,-1
"((direct <= 0.224) U[1,1] (tte >= -1.296))
",1.326,1.296,0.847,0.000,1.000,0,6,8,20,20,14,8,26,0.0,0.42857142857142855,0.5714285714285714,0.0,0.17647058823529413,0.8235294117647058,-1
"F[1,1](dfa >= 0.465 -> ICU_Pt_Days <= 2.202)
",-3.730,-2.202,-0.505,0.000,1.000,0,6,8,20,20,14,8,26,0.0,0.42857142857142855,0.5714285714285714,0.0,0.17647058823529413,0.8235294117647058,-1
"G[0,2](LOS <= 8.881 -> SpO2 >= 93.900)
",0.000,9999999.000,9999999.000,1.000,0.000,0,6,28,0,0,34,28,6,0.0,0.17647058823529413,0.8235294117647058,0.0,0.17647058823529413,0.8235294117647058,1
"G[1,2](Temp <= 37.292 -> y <= 0.814)
",0.000,9999999.000,9999999.000,1.000,0.000,0,6,28,0,0,34,28,6,0.0,0.17647058823529413,0.8235294117647058,0.0,0.17647058823529413,0.8235294117647058,1
"G[0,2](n_edrk <= 0.805 -> Pulse <= 88.028)
",0.000,9999999.000,9999999.000,1.000,0.000,0,6,28,0,0,34,28,6,0.0,0.17647058823529413,0.8235294117647058,0.0,0.17647058823529413,0.8235294117647058,1
"G[0,2](s8_hr >= -0.005 -> Temp <= 36.783)
",0.000,9999999.000,9999999.000,1.000,0.000,0,6,28,0,0,34,28,6,0.0,0.17647058823529413,0.8235294117647058,0.0,0.17647058823529413,0.8235294117647058,1
"G[0,2](direct >= 0.041 | n_edrk >= 0.367)
",0.000,9999999.000,9999999.000,1.000,0.000,0,6,26,2,2,32,26,8,0.0,0.1875,0.8125,0.0,0.17647058823529413,0.8235294117647058,1
"G[0,2](Resp <= 19.816 & s8_edrk >= -0.004)
",0.000,9999999.000,9999999.000,1.000,0.000,0,6,28,0,0,34,28,6,0.0,0.17647058823529413,0.8235294117647058,0.0,0.17647058823529413,0.8235294117647058,1
"F[1,2](n_edrk >= 0.541 & s8_edrk >= -0.006)
",0.000,-9999999.000,-9999999.000,0.000,1.000,0,6,0,28,28,6,0,34,0.0,1.0,0.0,0.0,0.17647058823529413,0.8235294117647058,-1
"F[0,2](Resp <= 17.310 & s2_edrk <= 0.003)
",0.000,-9999999.000,-9999999.000,0.000,1.000,0,5,0,29,29,5,0,34,0.0,1.0,0.0,0.0,0.14705882352941177,0.8529411764705882,-1
"G[1,2](s8_edrk <= 0.004 -> tte <= -0.323)
",0.000,9999999.000,9999999.000,1.000,0.000,0,5,9,20,20,14,9,25,0.0,0.35714285714285715,0.6428571428571429,0.0,0.14705882352941177,0.8529411764705882,1
"F[0,2](death >= 0.036 & s24_hr <= 0.000)
",0.000,-9999999.000,-9999999.000,0.000,1.000,0,5,0,29,29,5,0,34,0.0,1.0,0.0,0.0,0.14705882352941177,0.8529411764705882,-1
"F[1,2](n_edrk >= 0.402 & SBP >= 84.090)
",0.000,-9999999.000,-9999999.000,0.000,1.000,0,5,0,29,29,5,0,34,0.0,1.0,0.0,0.0,0.14705882352941177,0.8529411764705882,-1
"G[1,1](tte >= -3.768 & y >= 0.077)
",-2.449,-0.077,0.780,1.000,0.000,0,5,9,20,20,14,9,25,0.0,0.35714285714285715,0.6428571428571429,0.0,0.14705882352941177,0.8529411764705882,1
"((srr >= 0.049) U[0,0] (y <= 0.351))
",1.151,0.351,0.150,0.000,1.000,0,5,9,20,20,14,9,25,0.0,0.35714285714285715,0.6428571428571429,0.0,0.14705882352941177,0.8529411764705882,-1
"((direct <= 0.337) U[1,2] (Mort >= 0.125))
",0.000,-9999999.000,-9999999.000,0.000,1.000,0,5,2,27,27,7,2,32,0.0,0.7142857142857143,0.2857142857142857,0.0,0.14705882352941177,0.8529411764705882,-1
"((lds <= 1.342) U[1,2] (tte <= -0.334))
",0.000,-9999999.000,-9999999.000,0.000,1.000,0,5,4,25,25,9,4,30,0.0,0.5555555555555556,0.4444444444444444,0.0,0.14705882352941177,0.8529411764705882,-1
"((direct >= 0.178) U[0,0] (ICU_Pt_Days <= 1.425))
",1.167,1.425,0.708,0.000,1.000,0,5,9,20,20,14,9,25,0.0,0.35714285714285715,0.6428571428571429,0.0,0.14705882352941177,0.8529411764705882,-1
"((Resp <= 19.473) U[1,2] (y <= 0.954))
",0.000,-9999999.000,-9999999.000,0.000,1.000,0,5,0,29,29,5,0,34,0.0,1.0,0.0,0.0,0.14705882352941177,0.8529411764705882,-1
"G[1,2](cosen >= -2.565 -> Temp <= 37.136)
",0.000,9999999.000,9999999.000,1.000,0.000,0,5,29,0,0,34,29,5,0.0,0.14705882352941177,0.8529411764705882,0.0,0.14705882352941177,0.8529411764705882,1
"G[0,2](Glasgow_Coma_Scale_Total >= 14.628 & Pulse <= 100.080)
",0.000,9999999.000,9999999.000,1.000,0.000,0,5,29,0,0,34,29,5,0.0,0.14705882352941177,0.8529411764705882,0.0,0.14705882352941177,0.8529411764705882,1
"G[0,0](LOS <= 8.750 -> y >= 0.041)
",-1.655,-8.750,-4.381,1.000,0.000,0,5,9,20,20,14,9,25,0.0,0.35714285714285715,0.6428571428571429,0.0,0.14705882352941177,0.8529411764705882,1
"G[1,2](dfa <= 0.779 & SBP >= 103.704)
",0.000,9999999.000,9999999.000,1.000,0.000,0,5,23,6,6,28,23,11,0.0,0.17857142857142858,0.8214285714285714,0.0,0.14705882352941177,0.8529411764705882,1
"F[0,2](Glasgow_Coma_Scale_Total <= 14.930 & ICU_Pt_Days >= 0.490)
",0.000,-9999999.000,-9999999.000,0.000,1.000,0,5,0,29,29,5,0,34,0.0,1.0,0.0,0.0,0.14705882352941177,0.8529411764705882,-1
"((death >= 0.000) U[0,1] (hr <= 83.077))
",0.000,-9999999.000,-9999999.000,0.000,1.000,0,4,10,20,20,14,10,24,0.0,0.2857142857142857,0.7142857142857143,0.0,0.11764705882352941,0.8823529411764706,-1
"((lds <= 1.609) U[1,2] (n_edrk >= 0.609))
",0.000,-9999999.000,-9999999.000,0.000,1.000,1,3,1,29,30,4,2,32,0.03333333333333333,0.75,0.25,0.5,0.11764705882352941,0.8823529411764706,-1
"G[1,2](s8_edrk <= 0.001 & s8_hr >= -0.001)
",0.000,9999999.000,9999999.000,1.000,0.000,0,4,26,4,4,30,26,8,0.0,0.13333333333333333,0.8666666666666667,0.0,0.11764705882352941,0.8823529411764706,1
"G[0,1](MET <= 0.327 -> tte <= -0.014)
",0.000,9999999.000,9999999.000,1.000,0.000,0,4,10,20,20,14,10,24,0.0,0.2857142857142857,0.7142857142857143,0.0,0.11764705882352941,0.8823529411764706,1
"G[1,2](s24_hr <= 0.001 -> SpO2 >= 94.990)
",0.000,9999999.000,9999999.000,1.000,0.000,0,4,30,0,0,34,30,4,0.0,0.11764705882352941,0.8823529411764706,0.0,0.11764705882352941,0.8823529411764706,1
"G[0,2](cosen <= -1.633 & Pulse >= 59.206)
",0.000,9999999.000,9999999.000,1.000,0.000,0,4,15,15,15,19,15,19,0.0,0.21052631578947367,0.7894736842105263,0.0,0.11764705882352941,0.8823529411764706,1
"G[1,2](cosen <= -1.315 & s8_hr >= -0.005)
",0.000,9999999.000,9999999.000,1.000,0.000,0,4,29,1,1,33,29,5,0.0,0.12121212121212122,0.8787878787878788,0.0,0.11764705882352941,0.8823529411764706,1
"G[0,1](s2_hr >= -0.003 & tte <= -0.028)
",0.000,9999999.000,9999999.000,1.000,0.000,0,4,10,20,20,14,10,24,0.0,0.2857142857142857,0.7142857142857143,0.0,0.11764705882352941,0.8823529411764706,1
"G[0,2](edrk >= 14.011 -> Temp >= 36.211)
",0.000,9999999.000,9999999.000,1.000,0.000,0,3,31,0,0,34,31,3,0.0,0.08823529411764706,0.9117647058823529,0.0,0.08823529411764706,0.9117647058823529,1
"((dfa >= 0.672) U[1,2] (n_evts >= 0.292))
",0.000,-9999999.000,-9999999.000,0.000,1.000,0,3,11,20,20,14,11,23,0.0,0.21428571428571427,0.7857142857142857,0.0,0.08823529411764706,0.9117647058823529,-1
"G[0,2](MET >= 0.056 -> Resp >= 15.495)
",0.000,9999999.000,9999999.000,1.000,0.000,0,3,31,0,0,34,31,3,0.0,0.08823529411764706,0.9117647058823529,0.0,0.08823529411764706,0.9117647058823529,1
"G[0,2](Glasgow_Coma_Scale_Total <= 14.946 -> LOS >= 2.503)
",0.000,9999999.000,9999999.000,1.000,0.000,0,3,31,0,0,34,31,3,0.0,0.08823529411764706,0.9117647058823529,0.0,0.08823529411764706,0.9117647058823529,1
"G[1,2](AF <= 0.496 -> s2_edrk <= 0.002)
",0.000,9999999.000,9999999.000,1.000,0.000,0,3,31,0,0,34,31,3,0.0,0.08823529411764706,0.9117647058823529,0.0,0.08823529411764706,0.9117647058823529,1
"G[1,2](hr >= 71.053 & Resp <= 21.372)
",0.000,9999999.000,9999999.000,1.000,0.000,0,3,13,18,18,16,13,21,0.0,0.1875,0.8125,0.0,0.08823529411764706,0.9117647058823529,1
"F[1,1](hr <= 84.738 & tte >= -2.413)
",1.170,2.413,-13.150,0.000,1.000,0,3,11,20,20,14,11,23,0.0,0.21428571428571427,0.7857142857142857,0.0,0.08823529411764706,0.9117647058823529,-1
"((death >= 0.114) U[1,2] (LOS >= 2.593))
",0.000,-9999999.000,-9999999.000,0.000,1.000,0,3,9,22,22,12,9,25,0.0,0.25,0.75,0.0,0.08823529411764706,0.9117647058823529,-1
"F[0,2](death >= 0.031 & Pulse <= 98.390)
",0.000,-9999999.000,-9999999.000,0.000,1.000,0,3,0,31,31,3,0,34,0.0,1.0,0.0,0.0,0.08823529411764706,0.9117647058823529,-1
"F[0,2](AF <= 0.315 & MET >= 0.002)
",0.000,-9999999.000,-9999999.000,0.000,1.000,0,3,0,31,31,3,0,34,0.0,1.0,0.0,0.0,0.08823529411764706,0.9117647058823529,-1
"((af <= 0.175) U[1,2] (hr <= 81.041))
",0.000,-9999999.000,-9999999.000,0.000,1.000,0,3,0,31,31,3,0,34,0.0,1.0,0.0,0.0,0.08823529411764706,0.9117647058823529,-1
"G[1,2](s8_edrk <= 0.000 | SpO2 >= 91.526)
",0.000,9999999.000,9999999.000,1.000,0.000,0,2,32,0,0,34,32,2,0.0,0.058823529411764705,0.9411764705882353,0.0,0.058823529411764705,0.9411764705882353,1
"G[0,2](s24_hr >= -0.002 & srr >= 0.024)
",0.000,9999999.000,9999999.000,1.000,0.000,0,2,29,3,3,31,29,5,0.0,0.06451612903225806,0.9354838709677419,0.0,0.058823529411764705,0.9411764705882353,1
"G[1,2](AF <= 0.090 | SBP <= 120.126)
",0.000,9999999.000,9999999.000,1.000,0.000,0,2,32,0,0,34,32,2,0.0,0.058823529411764705,0.9411764705882353,0.0,0.058823529411764705,0.9411764705882353,1
"G[1,2](O2_Flow <= 3.180 -> y >= 0.169)
",0.000,9999999.000,9999999.000,1.000,0.000,0,2,12,20,20,14,12,22,0.0,0.14285714285714285,0.8571428571428571,0.0,0.058823529411764705,0.9411764705882353,1
"G[1,2](s2_hr <= 0.000 -> SpO2 <= 99.892)
",0.000,9999999.000,9999999.000,1.000,0.000,0,2,32,0,0,34,32,2,0.0,0.058823529411764705,0.9411764705882353,0.0,0.058823529411764705,0.9411764705882353,1
"G[0,2](Pulse <= 86.296 -> srr >= 0.034)
",0.000,9999999.000,9999999.000,1.000,0.000,0,2,29,3,3,31,29,5,0.0,0.06451612903225806,0.9354838709677419,0.0,0.058823529411764705,0.9411764705882353,1
"G[1,2](Mort <= 0.586 | Pulse >= 70.370)
",0.000,9999999.000,9999999.000,1.000,0.000,0,2,32,0,0,34,32,2,0.0,0.058823529411764705,0.9411764705882353,0.0,0.058823529411764705,0.9411764705882353,1
"G[1,1](LOS >= 1.898 & Pulse <= 97.409)
",-0.503,-1.898,2.190,1.000,0.000,0,2,12,20,20,14,12,22,0.0,0.14285714285714285,0.8571428571428571,0.0,0.058823529411764705,0.9411764705882353,1
"G[0,2](lds >= 0.731 | Pulse <= 100.405)
",0.000,9999999.000,9999999.000,1.000,0.000,0,2,32,0,0,34,32,2,0.0,0.058823529411764705,0.9411764705882353,0.0,0.058823529411764705,0.9411764705882353,1
"G[1,2](LOS <= 6.772 -> tte >= -3.289)
",0.000,9999999.000,9999999.000,1.000,0.000,0,2,32,0,0,34,32,2,0.0,0.058823529411764705,0.9411764705882353,0.0,0.058823529411764705,0.9411764705882353,1
"((direct <= 0.222) U[1,1] (LOS <= 2.875))
",5.246,2.875,-0.399,0.000,1.000,0,2,12,20,20,14,12,22,0.0,0.14285714285714285,0.8571428571428571,0.0,0.058823529411764705,0.9411764705882353,-1
"G[0,2](lds >= 0.801 | Mort >= 0.172)
",0.000,9999999.000,9999999.000,1.000,0.000,0,2,26,6,6,28,26,8,0.0,0.07142857142857142,0.9285714285714286,0.0,0.058823529411764705,0.9411764705882353,1
"F[0,2](AF >= 0.021 & n_edrk <= 0.920)
",0.000,-9999999.000,-9999999.000,0.000,1.000,0,2,0,32,32,2,0,34,0.0,1.0,0.0,0.0,0.058823529411764705,0.9411764705882353,-1
"F[1,2](Glasgow_Coma_Scale_Total <= 14.980 & s24_hr <= -0.000)
",0.000,-9999999.000,-9999999.000,0.000,1.000,0,2,0,32,32,2,0,34,0.0,1.0,0.0,0.0,0.058823529411764705,0.9411764705882353,-1
"F[0,2](dfa >= 0.716 & SpO2 >= 89.606)
",0.000,-9999999.000,-9999999.000,0.000,1.000,0,2,0,32,32,2,0,34,0.0,1.0,0.0,0.0,0.058823529411764705,0.9411764705882353,-1
"F[0,2](SBP <= 136.239 -> y = 0.573)
",0.000,-9999999.000,-9999999.000,0.000,1.000,0,2,0,32,32,2,0,34,0.0,1.0,0.0,0.0,0.058823529411764705,0.9411764705882353,-1
"G[0,1](n_evts <= 0.445 -> LOS >= 0.704)
",0.000,9999999.000,9999999.000,1.000,0.000,0,1,13,20,20,14,13,21,0.0,0.07142857142857142,0.9285714285714286,0.0,0.029411764705882353,0.9705882352941176,1
"G[1,2](s24_hr <= -0.000 -> SBP >= 79.290)
",0.000,9999999.000,9999999.000,1.000,0.000,0,1,33,0,0,34,33,1,0.0,0.029411764705882353,0.9705882352941176,0.0,0.029411764705882353,0.9705882352941176,1
"((MET <= 0.842) U[0,2] (n_evts <= 0.680))
",0.000,-9999999.000,-9999999.000,0.000,1.000,0,1,0,33,33,1,0,34,0.0,1.0,0.0,0.0,0.029411764705882353,0.9705882352941176,-1
"((death <= 0.203) U[1,2] (MET >= 0.045))
",0.000,-9999999.000,-9999999.000,0.000,1.000,0,1,1,32,32,2,1,33,0.0,0.5,0.5,0.0,0.029411764705882353,0.9705882352941176,-1
"((n_evts <= 0.795) U[1,2] (SpO2 >= 89.439))
",0.000,-9999999.000,-9999999.000,0.000,1.000,0,1,11,22,22,12,11,23,0.0,0.08333333333333333,0.9166666666666666,0.0,0.029411764705882353,0.9705882352941176,-1
"F[0,1](lds <= 1.629 & n_evts <= 0.655)
",0.000,-9999999.000,-9999999.000,0.000,1.000,0,1,13,20,20,14,13,21,0.0,0.07142857142857142,0.9285714285714286,0.0,0.029411764705882353,0.9705882352941176,-1
"((dfa <= 0.732) U[1,2] (Glasgow_Coma_Scale_Total <= 14.982))
",0.000,-9999999.000,-9999999.000,0.000,1.000,0,1,1,32,32,2,1,33,0.0,0.5,0.5,0.0,0.029411764705882353,0.9705882352941176,-1
"((edrk >= 15.275) U[0,1] (n_evts <= 0.618))
",0.000,-9999999.000,-9999999.000,0.000,1.000,0,1,13,20,20,14,13,21,0.0,0.07142857142857142,0.9285714285714286,0.0,0.029411764705882353,0.9705882352941176,-1
"G[0,2](n_evts <= 0.449 -> LOS >= 1.381)
",0.000,9999999.000,9999999.000,1.000,0.000,0,1,13,20,20,14,13,21,0.0,0.07142857142857142,0.9285714285714286,0.0,0.029411764705882353,0.9705882352941176,1
"G[1,1](LOS >= 0.347 & SBP >= 75.017)
",-0.542,-0.347,3.843,1.000,0.000,0,1,13,20,20,14,13,21,0.0,0.07142857142857142,0.9285714285714286,0.0,0.029411764705882353,0.9705882352941176,1
"G[0,0](n_evts <= 0.446 -> y >= 0.023)
",0.383,-0.446,-0.616,1.000,0.000,0,1,13,20,20,14,13,21,0.0,0.07142857142857142,0.9285714285714286,0.0,0.029411764705882353,0.9705882352941176,1
"G[0,0](n_evts <= 0.458 -> LOS >= 2.123)
",0.868,-0.458,-3.532,1.000,0.000,0,1,13,20,20,14,13,21,0.0,0.07142857142857142,0.9285714285714286,0.0,0.029411764705882353,0.9705882352941176,1
"G[0,2](n_evts <= 0.399 -> LOS >= 1.754)
",0.000,9999999.000,9999999.000,1.000,0.000,0,1,13,20,20,14,13,21,0.0,0.07142857142857142,0.9285714285714286,0.0,0.029411764705882353,0.9705882352941176,1
"G[1,2](O2_Flow <= 6.212 & s2_edrk >= -0.001)
",0.000,9999999.000,9999999.000,1.000,0.000,0,1,32,1,1,33,32,2,0.0,0.030303030303030304,0.9696969696969697,0.0,0.029411764705882353,0.9705882352941176,1
"G[0,1](n_evts <= 0.469 -> LOS >= 0.370)
",0.000,9999999.000,9999999.000,1.000,0.000,0,1,13,20,20,14,13,21,0.0,0.07142857142857142,0.9285714285714286,0.0,0.029411764705882353,0.9705882352941176,1
"G[0,1](ICU_Pt_Days >= 0.589 | tte <= -0.068)
",0.000,9999999.000,9999999.000,1.000,0.000,0,1,13,20,20,14,13,21,0.0,0.07142857142857142,0.9285714285714286,0.0,0.029411764705882353,0.9705882352941176,1
"F[1,2](TROPONIN_I < 0.060 & y = 0.632)
",0.000,-9999999.000,-9999999.000,0.000,1.000,0,0,0,34,34,0,0,34,0.0,0.0,0.0,0.0,0.0,1.0,-1
"((LOS <= 5.982) U[0,2] (y = 0.779))
",0.000,-9999999.000,-9999999.000,0.000,1.000,0,0,0,34,34,0,0,34,0.0,0.0,0.0,0.0,0.0,1.0,-1
"F[2,2](Glasgow_Coma_Scale_Total <= 15.000 | Resp >= 15.060)
",-0.312,2.352,3.234,0.000,1.000,0,0,0,34,34,0,0,34,0.0,0.0,0.0,0.0,0.0,1.0,-1
"F[2,2](Pulse <= 111.945 & Temp <= 37.124)
",0.654,0.430,-0.163,0.000,1.000,0,0,0,34,34,0,0,34,0.0,0.0,0.0,0.0,0.0,1.0,-1
"((MET >= 0.050) U[1,2] (death = 0.118))
",0.000,-9999999.000,-9999999.000,0.000,1.000,0,0,0,34,34,0,0,34,0.0,0.0,0.0,0.0,0.0,1.0,-1
"((MET >= 0.018) U[1,2] (death = 0.118))
",0.000,-9999999.000,-9999999.000,0.000,1.000,0,0,0,34,34,0,0,34,0.0,0.0,0.0,0.0,0.0,1.0,-1
"((MET >= 0.004) U[0,2] (death = 0.118))
",0.000,-9999999.000,-9999999.000,0.000,1.000,0,0,0,34,34,0,0,34,0.0,0.0,0.0,0.0,0.0,1.0,-1
"((ICU_Pt_Days >= 1.221) U[2,2] (s8_hr >= -0.006))
",-1.289,0.005,2.272,0.000,1.000,0,0,0,34,34,0,0,34,0.0,0.0,0.0,0.0,0.0,1.0,-1
"((cosen >= -2.713) U[2,2] (edrk >= 15.288))
",-0.609,0.615,5.243,0.000,1.000,0,0,0,34,34,0,0,34,0.0,0.0,0.0,0.0,0.0,1.0,-1
"((Pulse < 90.364) U[2,2] (y = 0.104))
",4.661,31.164,6.898,0.000,1.000,0,0,0,34,34,0,0,34,0.0,0.0,0.0,0.0,0.0,1.0,-1
"F[2,2](dfa >= 0.430 -> LOS >= 2.427)
",1.098,-0.354,-4.344,0.000,1.000,0,0,0,34,34,0,0,34,0.0,0.0,0.0,0.0,0.0,1.0,-1
"F[2,2](AF <= 0.266 | LOS <= 4.525)
",4.608,4.525,0.520,0.000,1.000,0,0,0,34,34,0,0,34,0.0,0.0,0.0,0.0,0.0,1.0,-1
"F[0,2](af >= 0.008 & direct <= 0.287)
",0.000,-9999999.000,-9999999.000,0.000,1.000,0,0,0,34,34,0,0,34,0.0,0.0,0.0,0.0,0.0,1.0,-1
"F[2,2](cosen >= -2.688 | srr >= 0.067)
",-0.757,0.359,0.990,0.000,1.000,0,0,0,34,34,0,0,34,0.0,0.0,0.0,0.0,0.0,1.0,-1
"((AF >= 0.015) U[1,2] (Glasgow_Coma_Scale_Total <= 14.976))
",0.000,-9999999.000,-9999999.000,0.000,1.000,0,0,2,32,32,2,2,32,0.0,0.0,1.0,0.0,0.0,1.0,-1
"((n_edrk <= 0.912) U[2,2] (y >= 0.253))
",-0.991,0.095,0.699,0.000,1.000,0,0,0,34,34,0,0,34,0.0,0.0,0.0,0.0,0.0,1.0,-1
"((MET >= 0.021) U[0,2] (death = 0.118))
",0.000,-9999999.000,-9999999.000,0.000,1.000,0,0,0,34,34,0,0,34,0.0,0.0,0.0,0.0,0.0,1.0,-1
"F[2,2](cosen <= -1.588 | MET >= 0.017)
",0.441,0.759,0.480,0.000,1.000,0,0,0,34,34,0,0,34,0.0,0.0,0.0,0.0,0.0,1.0,-1
"((MET >= 0.028) U[0,2] (death = 0.118))
",0.000,-9999999.000,-9999999.000,0.000,1.000,0,0,0,34,34,0,0,34,0.0,0.0,0.0,0.0,0.0,1.0,-1
"F[2,2](ICU_Pt_Days >= 0.961 -> s24_edrk <= 0.004)
",1.339,-0.004,-2.468,0.000,1.000,0,0,0,34,34,0,0,34,0.0,0.0,0.0,0.0,0.0,1.0,-1
"F[2,2](LOS <= 10.578 -> Resp <= 18.045)
",-1.878,-10.578,-3.864,0.000,1.000,0,0,0,34,34,0,0,34,0.0,0.0,0.0,0.0,0.0,1.0,-1
"((LOS <= 7.361) U[2,2] (s8_edrk >= -0.004))
",2.694,7.361,2.065,0.000,1.000,0,0,0,34,34,0,0,34,0.0,0.0,0.0,0.0,0.0,1.0,-1
"((MET >= 0.031) U[1,2] (death = 0.118))
",0.000,-9999999.000,-9999999.000,0.000,1.000,0,0,0,34,34,0,0,34,0.0,0.0,0.0,0.0,0.0,1.0,-1
"F[2,2](O2_Flow >= 2.069 | SBP >= 106.197)
",-0.154,7.103,8.554,0.000,1.000,0,0,0,34,34,0,0,34,0.0,0.0,0.0,0.0,0.0,1.0,-1
"F[2,2](edrk <= 21.948 & Mort >= 0.117)
",0.375,-0.117,-2.073,0.000,1.000,0,0,0,34,34,0,0,34,0.0,0.0,0.0,0.0,0.0,1.0,-1
"((direct >= 0.131) U[2,2] (s8_edrk >= -0.003))
",-1.586,0.003,0.622,0.000,1.000,0,0,0,34,34,0,0,34,0.0,0.0,0.0,0.0,0.0,1.0,-1
"F[2,2](BLOOD_UREA_NITROGEN <= 21.000 & CREATININE >= 1.100)
",0.000,0.000,0.000,0.000,1.000,0,0,0,34,34,0,0,34,0.0,0.0,0.0,0.0,0.0,1.0,-1
"F[2,2](n_edrk <= 0.799 | s24_edrk <= 0.000)
",-0.495,0.111,0.413,0.000,1.000,0,0,0,34,34,0,0,34,0.0,0.0,0.0,0.0,0.0,1.0,-1
"((Pulse >= 68.280) U[2,2] (s24_edrk <= 0.002))
",-1.574,0.002,18.434,0.000,1.000,0,0,0,34,34,0,0,34,0.0,0.0,0.0,0.0,0.0,1.0,-1
"F[2,2](cosen <= -1.101 | O2_Flow >= 2.375)
",0.031,1.246,1.190,0.000,1.000,0,0,0,34,34,0,0,34,0.0,0.0,0.0,0.0,0.0,1.0,-1
"((hr <= 107.694) U[2,2] (s2_edrk >= -0.003))
",2.447,47.287,11.974,0.000,1.000,0,0,0,34,34,0,0,34,0.0,0.0,0.0,0.0,0.0,1.0,-1
"((edrk <= 21.268) U[2,2] (hr <= 100.746))
",2.242,40.338,8.934,0.000,1.000,0,0,0,34,34,0,0,34,0.0,0.0,0.0,0.0,0.0,1.0,-1
"F[1,2](n_evts <= 0.798 & srr <= 0.122)
",0.000,-9999999.000,-9999999.000,0.000,1.000,0,0,0,34,34,0,0,34,0.0,0.0,0.0,0.0,0.0,1.0,-1
"((MET < 0.634) U[2,2] (y = 0.033))
",0.408,0.634,0.491,0.000,1.000,0,0,0,34,34,0,0,34,0.0,0.0,0.0,0.0,0.0,1.0,-1
"((ALKALINE_PHOSPHATASE > 91.000) U[0,2] (y = 0.120))
",0.000,-9999999.000,-9999999.000,0.000,1.000,0,0,0,34,34,0,0,34,0.0,0.0,0.0,0.0,0.0,1.0,-1
"((edrk <= 22.231) U[2,2] (Pulse >= 67.132))
",-0.791,8.763,19.582,0.000,1.000,0,0,0,34,34,0,0,34,0.0,0.0,0.0,0.0,0.0,1.0,-1
"((SpO2 <= 97.179) U[1,2] (y = 0.948))
",0.000,-9999999.000,-9999999.000,0.000,1.000,0,0,0,34,34,0,0,34,0.0,0.0,0.0,0.0,0.0,1.0,-1
"F[2,2](hr >= 58.550 | srr <= 0.123)
",-2.259,2.512,39.041,0.000,1.000,0,0,0,34,34,0,0,34,0.0,0.0,0.0,0.0,0.0,1.0,-1
"F[2,2](ICU_Pt_Days <= 4.325 -> O2_Flow >= 2.226)
",-1.274,-4.325,-1.867,0.000,1.000,0,0,0,34,34,0,0,34,0.0,0.0,0.0,0.0,0.0,1.0,-1
"((tte > -1.878) U[1,2] (y = 0.975))
",0.000,-9999999.000,-9999999.000,0.000,1.000,0,0,0,34,34,0,0,34,0.0,0.0,0.0,0.0,0.0,1.0,-1
"F[2,2](Pulse <= 75.463 | Resp <= 21.141)
",4.127,16.263,3.426,0.000,1.000,0,0,0,34,34,0,0,34,0.0,0.0,0.0,0.0,0.0,1.0,-1
"F[2,2](s8_hr <= 0.001 -> SpO2 >= 90.605)
",0.532,-5.295,-6.681,0.000,1.000,0,0,0,34,34,0,0,34,0.0,0.0,0.0,0.0,0.0,1.0,-1
"((s8_edrk > -0.007) U[1,2] (y = 0.867))
",0.000,-9999999.000,-9999999.000,0.000,1.000,0,0,0,34,34,0,0,34,0.0,0.0,0.0,0.0,0.0,1.0,-1
"F[0,2](Temp > 35.706 & y = 0.613)
",0.000,-9999999.000,-9999999.000,0.000,1.000,0,0,0,34,34,0,0,34,0.0,0.0,0.0,0.0,0.0,1.0,-1
"((Resp >= 13.347) U[2,2] (tte <= -0.027))
",-0.235,3.717,4.656,0.000,1.000,0,0,0,34,34,0,0,34,0.0,0.0,0.0,0.0,0.0,1.0,-1
"F[0,2](WHITE_BLOOD_CELL_COUNT <= 8.400 -> y = 0.576)
",0.000,-9999999.000,-9999999.000,0.000,1.000,0,0,0,34,34,0,0,34,0.0,0.0,0.0,0.0,0.0,1.0,-1
"((POTASSIUM <= 4.000) U[0,2] (y = 0.531))
",0.000,-9999999.000,-9999999.000,0.000,1.000,0,0,0,34,34,0,0,34,0.0,0.0,0.0,0.0,0.0,1.0,-1
"((PROTIME_INR > 1.200) U[1,2] (y = 0.902))
",0.000,-9999999.000,-9999999.000,0.000,1.000,0,0,0,34,34,0,0,34,0.0,0.0,0.0,0.0,0.0,1.0,-1
"F[1,2](CO2 < 26.000 & y = 0.368)
",0.000,-9999999.000,-9999999.000,0.000,1.000,0,0,0,34,34,0,0,34,0.0,0.0,0.0,0.0,0.0,1.0,-1
"F[2,2](ICU_Pt_Days >= 1.023 | Pulse <= 82.727)
",8.951,23.527,2.513,0.000,1.000,0,0,0,34,34,0,0,34,0.0,0.0,0.0,0.0,0.0,1.0,-1
"F[2,2](SBP <= 165.176 -> srr >= 0.051)
",0.353,-51.876,-60.461,0.000,1.000,0,0,0,34,34,0,0,34,0.0,0.0,0.0,0.0,0.0,1.0,-1
"F[2,2](Mort >= 0.171 & s8_hr <= 0.001)
",-0.632,-0.171,-0.122,0.000,1.000,0,0,0,34,34,0,0,34,0.0,0.0,0.0,0.0,0.0,1.0,-1
"((death <= 0.450) U[2,2] (SpO2 <= 99.320))
",0.491,3.420,2.357,0.000,1.000,0,0,0,34,34,0,0,34,0.0,0.0,0.0,0.0,0.0,1.0,-1
"((GLUCOSE < 119.000) U[0,2] (y = 0.422))
",0.000,-9999999.000,-9999999.000,0.000,1.000,0,0,0,34,34,0,0,34,0.0,0.0,0.0,0.0,0.0,1.0,-1
"((Glasgow_Coma_Scale_Total >= 14.199) U[2,2] (tte >= -1.541))
",1.331,1.541,1.100,0.000,1.000,0,0,0,34,34,0,0,34,0.0,0.0,0.0,0.0,0.0,1.0,-1
"((ICU_Pt_Days >= 0.237) U[2,2] (n_evts <= 0.912))
",-1.239,0.912,3.192,0.000,1.000,0,0,0,34,34,0,0,34,0.0,0.0,0.0,0.0,0.0,1.0,-1
"((Glasgow_Coma_Scale_Total >= 14.323) U[2,2] (MET >= 0.028))
",-0.408,0.677,0.719,0.000,1.000,0,0,0,34,34,0,0,34,0.0,0.0,0.0,0.0,0.0,1.0,-1
"((MET >= 0.038) U[2,2] (s8_hr <= 1.7889697866571921e-06))
",-1.877,0.001,6.714,0.000,1.000,0,0,0,34,34,0,0,34,0.0,0.0,0.0,0.0,0.0,1.0,-1
"((MAGNESIUM >= 2.000) U[0,2] (y = 0.326))
",0.000,-9999999.000,-9999999.000,0.000,1.000,0,0,0,34,34,0,0,34,0.0,0.0,0.0,0.0,0.0,1.0,-1
"((Resp >= 16.648) U[2,2] (srr <= 0.073))
",-0.309,1.080,1.728,0.000,1.000,0,0,0,34,34,0,0,34,0.0,0.0,0.0,0.0,0.0,1.0,-1
"((Pulse >= 61.002) U[2,2] (y <= 0.659))
",-2.140,0.659,25.713,0.000,1.000,0,0,0,34,34,0,0,34,0.0,0.0,0.0,0.0,0.0,1.0,-1
"F[0,2](PCO2 > 39.500 & y = 0.359)
",0.000,-9999999.000,-9999999.000,0.000,1.000,0,0,0,34,34,0,0,34,0.0,0.0,0.0,0.0,0.0,1.0,-1
"F[2,2](PHOSPHORUS >= 3.500 -> y = 0.881)
",0.000,0.000,0.000,0.000,1.000,0,0,0,34,34,0,0,34,0.0,0.0,0.0,0.0,0.0,1.0,-1
"((MET >= 0.051) U[2,2] (death = 0.118))
",-0.408,-0.051,0.091,0.000,1.000,0,0,0,34,34,0,0,34,0.0,0.0,0.0,0.0,0.0,1.0,-1
"G[0,2](srr >= 0.054 -> TOTAL_BILIRUBIN <= 0.700)
",0.000,9999999.000,9999999.000,1.000,0.000,0,0,34,0,0,34,34,0,0.0,0.0,1.0,0.0,0.0,1.0,1
"((dfa <= 0.941) U[2,2] (s24_hr <= 0.000))
",-0.524,0.164,0.306,0.000,1.000,0,0,0,34,34,0,0,34,0.0,0.0,0.0,0.0,0.0,1.0,-1
"G[0,2](Resp >= 14.924 | s24_edrk >= -0.008)
",0.000,9999999.000,9999999.000,1.000,0.000,0,0,34,0,0,34,34,0,0.0,0.0,1.0,0.0,0.0,1.0,1
"G[1,2](n_evts <= 0.482 -> LOS >= 0.565)
",0.000,9999999.000,9999999.000,1.000,0.000,0,0,14,20,20,14,14,20,0.0,0.0,1.0,0.0,0.0,1.0,1
"G[0,2](hr >= 64.009 & Pulse >= 63.394)
",0.000,9999999.000,9999999.000,1.000,0.000,0,0,14,20,20,14,14,20,0.0,0.0,1.0,0.0,0.0,1.0,1
"G[1,2](n_evts <= 0.434 -> LOS >= 2.090)
",0.000,9999999.000,9999999.000,1.000,0.000,0,0,14,20,20,14,14,20,0.0,0.0,1.0,0.0,0.0,1.0,1
"G[0,1](hr >= 66.920 & Pulse >= 66.300)
",0.000,9999999.000,9999999.000,1.000,0.000,0,0,14,20,20,14,14,20,0.0,0.0,1.0,0.0,0.0,1.0,1
"G[1,1](n_evts <= 0.445 -> LOS >= 1.327)
",1.383,-0.445,-5.387,1.000,0.000,0,0,14,20,20,14,14,20,0.0,0.0,1.0,0.0,0.0,1.0,1
"G[2,2](hr >= 72.939 & Pulse >= 60.758)
",-2.124,-12.531,19.788,1.000,0.000,0,0,34,0,0,34,34,0,0.0,0.0,1.0,0.0,0.0,1.0,1
"G[2,2](hr >= 65.454 & Pulse >= 62.908)
",-2.059,-5.788,23.517,1.000,0.000,0,0,34,0,0,34,34,0,0.0,0.0,1.0,0.0,0.0,1.0,1
"G[0,2](hr >= 65.599 & Pulse >= 64.127)
",0.000,9999999.000,9999999.000,1.000,0.000,0,0,14,20,20,14,14,20,0.0,0.0,1.0,0.0,0.0,1.0,1
"G[1,2](death <= 0.381 -> n_evts >= 0.034)
",0.000,9999999.000,9999999.000,1.000,0.000,0,0,14,20,20,14,14,20,0.0,0.0,1.0,0.0,0.0,1.0,1
"G[0,2](lds <= 1.648 | LOS >= 2.042)
",0.000,9999999.000,9999999.000,1.000,0.000,0,0,30,4,4,30,30,4,0.0,0.0,1.0,0.0,0.0,1.0,1
"G[2,2](direct >= 0.173 & lds <= 1.654)
",-1.291,-0.174,-0.047,1.000,0.000,0,0,34,0,0,34,34,0,0.0,0.0,1.0,0.0,0.0,1.0,1
"G[0,2](LOS >= 0.523 -> s2_hr >= -0.007)
",0.000,9999999.000,9999999.000,1.000,0.000,0,0,34,0,0,34,34,0,0.0,0.0,1.0,0.0,0.0,1.0,1
"G[0,2](Glasgow_Coma_Scale_Total >= 14.530 -> SBP <= 172.958)
",0.000,9999999.000,9999999.000,1.000,0.000,0,0,34,0,0,34,34,0,0.0,0.0,1.0,0.0,0.0,1.0,1
"G[2,2](af >= 0.002 | Mort <= 0.772)
",0.632,0.772,0.551,1.000,0.000,0,0,34,0,0,34,34,0,0.0,0.0,1.0,0.0,0.0,1.0,1
"G[2,2](af <= 0.322 -> Pulse <= 94.739)
",-4.120,-35.539,-10.822,1.000,0.000,0,0,34,0,0,34,34,0,0.0,0.0,1.0,0.0,0.0,1.0,1
"G[2,2](direct <= 0.411 & Glasgow_Coma_Scale_Total >= 14.709)
",2.428,0.291,-0.481,1.000,0.000,0,0,34,0,0,34,34,0,0.0,0.0,1.0,0.0,0.0,1.0,1
"G[2,2](s2_hr <= 0.002 & SBP <= 163.093)
",0.335,0.003,0.002,1.000,0.000,0,0,34,0,0,34,34,0,0.0,0.0,1.0,0.0,0.0,1.0,1
"G[0,2](s24_hr >= -0.005 | tte <= -0.127)
",0.000,9999999.000,9999999.000,1.000,0.000,0,0,32,2,2,32,32,2,0.0,0.0,1.0,0.0,0.0,1.0,1
"G[0,2](MET <= 0.163 | O2_Flow >= 2.203)
",0.000,9999999.000,9999999.000,1.000,0.000,0,0,34,0,0,34,34,0,0.0,0.0,1.0,0.0,0.0,1.0,1
"G[0,2](Temp <= 37.013 | tte >= -2.991)
",0.000,9999999.000,9999999.000,1.000,0.000,0,0,34,0,0,34,34,0,0.0,0.0,1.0,0.0,0.0,1.0,1
"G[2,2](hr >= 67.399 -> s8_edrk <= 0.001)
",2.210,-0.002,-30.193,1.000,0.000,0,0,34,0,0,34,34,0,0.0,0.0,1.0,0.0,0.0,1.0,1
"G[1,2](Pulse >= 66.167 & s24_hr <= 0.001)
",0.000,9999999.000,9999999.000,1.000,0.000,0,0,14,20,20,14,14,20,0.0,0.0,1.0,0.0,0.0,1.0,1
"G[1,2](Pulse >= 63.592 -> s8_edrk >= -0.002)
",0.000,9999999.000,9999999.000,1.000,0.000,0,0,34,0,0,34,34,0,0.0,0.0,1.0,0.0,0.0,1.0,1
"G[0,2](cosen <= -1.156 | s2_edrk >= -0.000)
",0.000,9999999.000,9999999.000,1.000,0.000,0,0,34,0,0,34,34,0,0.0,0.0,1.0,0.0,0.0,1.0,1
"G[2,2](n_evts <= 0.604 | Resp >= 13.975)
",-0.172,3.341,3.965,1.000,0.000,0,0,34,0,0,34,34,0,0.0,0.0,1.0,0.0,0.0,1.0,1
"G[0,2](ICU_Pt_Days <= 2.016 -> s2_edrk <= 0.002)
",0.000,9999999.000,9999999.000,1.000,0.000,0,0,34,0,0,34,34,0,0.0,0.0,1.0,0.0,0.0,1.0,1
"G[2,2](LOS >= 1.637 & s24_edrk <= 0.003)
",-1199.110,-1.637,0.003,1.000,0.000,0,0,34,0,0,34,34,0,0.0,0.0,1.0,0.0,0.0,1.0,1
"G[2,2](cosen <= -1.946 | direct >= 0.043)
",-0.471,0.401,0.719,1.000,0.000,0,0,34,0,0,34,34,0,0.0,0.0,1.0,0.0,0.0,1.0,1
"G[1,2](s24_hr >= -0.006 | y >= 0.121)
",0.000,9999999.000,9999999.000,1.000,0.000,0,0,33,1,1,33,33,1,0.0,0.0,1.0,0.0,0.0,1.0,1
"G[0,1](hr >= 57.973 & Pulse >= 69.472)
",0.000,9999999.000,9999999.000,1.000,0.000,0,0,14,20,20,14,14,20,0.0,0.0,1.0,0.0,0.0,1.0,1
"G[1,2](n_evts <= 0.477 -> LOS >= 0.282)
",0.000,9999999.000,9999999.000,1.000,0.000,0,0,14,20,20,14,14,20,0.0,0.0,1.0,0.0,0.0,1.0,1
"G[1,2](hr >= 69.173 & Pulse >= 66.520)
",0.000,9999999.000,9999999.000,1.000,0.000,0,0,14,20,20,14,14,20,0.0,0.0,1.0,0.0,0.0,1.0,1
"G[0,1](CREATININE <= 1.100 & Pulse >= 63.299)
",0.000,9999999.000,9999999.000,1.000,0.000,0,0,14,20,20,14,14,20,0.0,0.0,1.0,0.0,0.0,1.0,1
"G[2,2](dfa <= 0.985 | s2_hr <= 0.002)
",-0.528,0.203,0.350,1.000,0.000,0,0,34,0,0,34,34,0,0.0,0.0,1.0,0.0,0.0,1.0,1
"G[0,2](n_edrk <= 0.988 | s2_hr >= -0.005)
",0.000,9999999.000,9999999.000,1.000,0.000,0,0,33,1,1,33,33,1,0.0,0.0,1.0,0.0,0.0,1.0,1
"G[2,2](LOS <= 2.850 -> MET >= 0.020)
",-7.795,-2.850,-0.123,1.000,0.000,0,0,34,0,0,34,34,0,0.0,0.0,1.0,0.0,0.0,1.0,1
"G[2,2](s8_hr <= 0.001 & srr <= 0.126)
",0.447,0.002,-0.000,1.000,0.000,0,0,34,0,0,34,34,0,0.0,0.0,1.0,0.0,0.0,1.0,1
"G[0,2](ALBUMIN >= 3.200 | cosen >= -2.265)
",0.000,9999999.000,9999999.000,1.000,0.000,0,0,34,0,0,34,34,0,0.0,0.0,1.0,0.0,0.0,1.0,1
"G[2,2](Mort <= 0.796 -> y >= 0.117)
",-0.161,-0.796,-0.740,1.000,0.000,0,0,34,0,0,34,34,0,0.0,0.0,1.0,0.0,0.0,1.0,1
"G[0,2](edrk >= 14.456 -> LACTIC_ACID >= 1.300)
",0.000,9999999.000,9999999.000,1.000,0.000,0,0,34,0,0,34,34,0,0.0,0.0,1.0,0.0,0.0,1.0,1
"G[1,2](Pulse >= 68.587 & SBP <= 160.251)
",0.000,9999999.000,9999999.000,1.000,0.000,0,0,14,20,20,14,14,20,0.0,0.0,1.0,0.0,0.0,1.0,1
"G[2,2](lds >= 0.731 -> PROTIME_INR >= 1.200)
",0.508,-0.504,-0.824,1.000,0.000,0,0,34,0,0,34,34,0,0.0,0.0,1.0,0.0,0.0,1.0,1
"G[1,2](n_evts <= 0.657 -> s24_edrk <= 0.001)
",0.000,9999999.000,9999999.000,1.000,0.000,0,0,33,1,1,33,33,1,0.0,0.0,1.0,0.0,0.0,1.0,1
"G[1,2](hr >= 63.643 | OXYGEN_SATURATION >= 94.700)
",0.000,9999999.000,9999999.000,1.000,0.000,0,0,34,0,0,34,34,0,0.0,0.0,1.0,0.0,0.0,1.0,1
"G[1,2](cosen >= -2.628 | LACTIC_ACID <= 1.300)
",0.000,9999999.000,9999999.000,1.000,0.000,0,0,34,0,0,34,34,0,0.0,0.0,1.0,0.0,0.0,1.0,1
"G[1,2](PROTIME_INR >= 1.200 | Resp <= 17.339)
",0.000,9999999.000,9999999.000,1.000,0.000,0,0,34,0,0,34,34,0,0.0,0.0,1.0,0.0,0.0,1.0,1
"G[1,2](s2_edrk >= -0.004 -> s2_hr >= -0.001)
",0.000,9999999.000,9999999.000,1.000,0.000,0,0,30,4,4,30,30,4,0.0,0.0,1.0,0.0,0.0,1.0,1
"G[0,2](hr >= 63.962 & Pulse >= 65.227)
",0.000,9999999.000,9999999.000,1.000,0.000,0,0,14,20,20,14,14,20,0.0,0.0,1.0,0.0,0.0,1.0,1
"G[1,2](edrk >= 15.388 -> PARTIAL_THROMBOPLASTIN_TIME <= 31.800)
",0.000,9999999.000,9999999.000,1.000,0.000,0,0,34,0,0,34,34,0,0.0,0.0,1.0,0.0,0.0,1.0,1
"G[1,2](n_evts <= 0.615 -> TROPONIN_I <= 0.060)
",0.000,9999999.000,9999999.000,1.000,0.000,0,0,34,0,0,34,34,0,0.0,0.0,1.0,0.0,0.0,1.0,1
"G[1,2](hr >= 60.714 & Pulse >= 59.732)
",0.000,9999999.000,9999999.000,1.000,0.000,0,0,17,17,17,17,17,17,0.0,0.0,1.0,0.0,0.0,1.0,1
"G[2,2](cosen <= -1.459 & n_edrk >= 0.723)
",0.918,0.094,-0.463,1.000,0.000,0,0,34,0,0,34,34,0,0.0,0.0,1.0,0.0,0.0,1.0,1
"G[1,2](s2_hr >= -0.005 | srr <= 0.113)
",0.000,9999999.000,9999999.000,1.000,0.000,0,0,34,0,0,34,34,0,0.0,0.0,1.0,0.0,0.0,1.0,1
"G[0,2](dfa <= 1.296 & s8_hr >= -0.007)
",0.000,9999999.000,9999999.000,1.000,0.000,0,0,32,2,2,32,32,2,0.0,0.0,1.0,0.0,0.0,1.0,1
"G[2,2](s2_edrk >= -0.005 | Temp <= 36.938)
",-0.125,0.243,0.308,1.000,0.000,0,0,34,0,0,34,34,0,0.0,0.0,1.0,0.0,0.0,1.0,1
"G[2,2](hr >= 72.235 & MET >= 0.055)
",-3.284,-11.828,0.088,1.000,0.000,0,0,34,0,0,34,34,0,0.0,0.0,1.0,0.0,0.0,1.0,1
"G[1,1](direct >= 0.033 | n_evts >= 0.109)
",-28.355,-0.033,0.945,1.000,0.000,0,0,14,20,20,14,14,20,0.0,0.0,1.0,0.0,0.0,1.0,1
"G[2,2](direct <= 0.720 & y <= 0.719)
",2.449,0.719,-0.138,1.000,0.000,0,0,34,0,0,34,34,0,0.0,0.0,1.0,0.0,0.0,1.0,1
"G[2,2](TOTAL_BILIRUBIN > 0.700 & y = 0.363)
",2.449,-0.363,-0.598,1.000,0.000,0,0,34,0,0,34,34,0,0.0,0.0,1.0,0.0,0.0,1.0,1
"G[0,1](hr >= 71.505 & Pulse >= 62.297)
",0.000,9999999.000,9999999.000,1.000,0.000,0,0,14,20,20,14,14,20,0.0,0.0,1.0,0.0,0.0,1.0,1
"G[1,1](n_evts <= 0.447 -> LOS >= 1.512)
",1.331,-0.447,-5.203,1.000,0.000,0,0,14,20,20,14,14,20,0.0,0.0,1.0,0.0,0.0,1.0,1
"F[2,2](SpO2 >= 87.933 | tte <= -0.355)
",-0.532,7.967,9.353,0.000,1.000,0,0,0,34,34,0,0,34,0.0,0.0,0.0,0.0,0.0,1.0,-1
